0 0 0 0 0 0 0 0 0 0 0 0 0 0 0 0 0 0 0 0 0 0 0 0 0 0 0 0 0 0 0 0 0 0 0 0 0 0 0 0 0 0 0 0 0 0 0 0 0 0 0 0 0 0 0 0 0 0 0 0 0 0 0 0 0 0 0 0 0 
0 0 0 0 0 0 0 0 0 0 0 0 0 0 0 0 0 0 0 0 0 0 0 0 0 0 0 0.000241208 6.92958e-05 0.000126489 0.000953782 0.000281464 0.000711929 0.000885571 0.000592579 0.00023234 0.000267441 0.00275846 0.00247492 0.000980984 0.000191674 0 0 0 0 0 0 0 0 0 0 0 0 0 0 0 0 0 0 0 0 0 0 0 0 0 0 0 0 
0 0 0 0 0 0 0 0 0 0 0 0 0 0 0 0 0 0 0 0 0 0 7.5414e-05 0.000310941 0.00118424 0.00120835 0.0010583 0.00285653 0.00646322 0.00440983 0.00645645 0.00607935 0.00386619 0.00225009 0.00555055 0.000994836 0.00313063 0.0112535 0.0123455 0.00591513 0.00167767 0 2.49653e-06 0.000704987 0.000533592 0.000466181 0 0 0 0 0 0 0 0 0 0 0 0 0 0 0 0 0 0 0 0 0 0 0 
0 0 0 0 0 0 0 0 0 0 0 0 0 0 0 0 0 0 0 0 0.000212864 0.00133132 0.00297445 0.00565005 0.00710625 0.00781395 0.0145792 0.0196128 0.0235628 0.0176224 0.0131458 0.0120519 0.0100164 0.00938848 0.00953613 0.00486479 0.00829162 0.0126463 0.0201541 0.0129465 0.00713213 0.00243441 9.33961e-05 0.00156291 0.00267264 0.000755079 0.000258296 0.000413835 0.000131871 0.000291809 2.42763e-05 0 0 0 0 0 0 0 0 0 0 0 0 0 0 0 0 0 0 
0 0 0 0 0 0 0 0 0 0 0 0 0 0 0 0 0 0 2.70615e-06 0.000915212 0.00533818 0.00743271 0.00920826 0.00795852 0.0110127 0.0131384 0.036004 0.0594849 0.0276074 0.018276 0.0159008 0.0108428 0.0119088 0.0153245 0.0166192 0.0186606 0.0160129 0.019399 0.0246865 0.0135626 0.00908193 0.0101689 0.00366748 0.000710149 0.00129473 0.000936487 0.00143487 0.00197712 0.00354283 0.00300717 0.000240275 0 0 0 0 0 0 0 0 0 0 0 0 0 0 0 0 0 0 
0 0 0 0 0 0 0 0 0 0 0 0 0 0 0 0 0 0 0.000133963 0.00441464 0.0083415 0.0139273 0.00604091 0.00519456 0.00722494 0.0174319 0.0398752 0.0465009 0.0289498 0.0237951 0.0160445 0.0139463 0.0154401 0.0130674 0.0153116 0.0139171 0.0185273 0.0243489 0.0205699 0.0113192 0.0135708 0.0117312 0.00973718 0.00807534 0.00531257 0.00155716 0.00118083 0.00389192 0.0107033 0.0101751 0.00353614 0.00107714 0.000536841 0 0 0 0 0 0 0 0 0 0 0 0 0 0 0 0 
0 0 0 0 0 0 0 0 0 0 0 0 0 0 0 0 0 0 6.13634e-05 0.00191679 0.00845825 0.0127692 0.00961126 0.0108042 0.00949074 0.013213 0.0255275 0.0241191 0.0243187 0.0260875 0.018878 0.0142704 0.0161274 0.01788 0.0192443 0.0233568 0.0232493 0.0204765 0.0161324 0.0137596 0.0154484 0.0162109 0.0172453 0.0196036 0.0158759 0.00414775 0.00194338 0.00489206 0.00736717 0.0111928 0.00827414 0.0035406 0.00345011 0.000900675 4.81898e-05 0 0 0 0 0 0 0 0 0 0 0 0 0 0 
0 0 0 0 0 0 0 0 0 0 0 0 0 7.537e-05 0.0016389 0.00439293 0.00135933 0 3.70504e-05 0.00115016 0.00370212 0.0112635 0.0137803 0.0161651 0.0206058 0.0201505 0.0213564 0.0219647 0.0161285 0.0228542 0.0260559 0.0215813 0.0146793 0.0176227 0.0162141 0.0168471 0.0165666 0.0126821 0.0152713 0.00946699 0.0144983 0.0163864 0.0237802 0.0230151 0.0206708 0.00481955 0.00223228 0.00168013 0.0101049 0.0185047 0.0152094 0.0107736 0.00534799 0.00439406 0.0013501 0.000578508 0 0 0 0 0 0 0 0 0 0 0 0 0 
0 0 0 0 0 0 0 0 0 0 0 0 0.000231098 0.00233086 0.0103756 0.0137315 0.00510533 0.000541501 0.000612597 0.00524029 0.00396562 0.0139454 0.0196723 0.0242208 0.0309389 0.0262043 0.0290127 0.0177222 0.0189261 0.0234543 0.0264119 0.0193179 0.0179522 0.0190158 0.0182059 0.0154596 0.0155486 0.0197405 0.0174368 0.0146273 0.0226259 0.0181666 0.0163381 0.0175311 0.0167981 0.00994691 0.00629852 0.00313063 0.0144 0.0218263 0.0214301 0.022083 0.00994577 0.00724731 0.00553146 0.00222201 0.000270623 2.49506e-06 0 0 0 0 0 0 0 0 0 0 0 
0 0 0 0 0 0 0 0 0 0 0 0.000589212 0.00624927 0.0107871 0.0119335 0.0160249 0.0138385 0.0040718 0.00231595 0.00508448 0.00856201 0.0173388 0.0206237 0.0276629 0.0284957 0.0271277 0.0252981 0.0196867 0.0151242 0.0167183 0.0165621 0.0164934 0.0176741 0.0166098 0.0150118 0.0170522 0.019363 0.0219457 0.0226188 0.0180397 0.0170243 0.0176729 0.0192378 0.0159169 0.0145354 0.014574 0.0133437 0.00983925 0.0138138 0.0173732 0.0222906 0.0200303 0.0179697 0.0181898 0.00789434 0.00392383 0.00417369 0.000157829 0 0 0 0 0 0 0 0 0 0 0 
0 0 0 0 0 0 0 0 0 0 0.000413352 0.00843596 0.013264 0.0202677 0.0180144 0.0164189 0.0176643 0.0138487 0.00629461 0.00402164 0.00858747 0.0137461 0.0191988 0.0241761 0.0207712 0.0176649 0.018796 0.0153005 0.0175305 0.0167662 0.0115319 0.0164603 0.0162888 0.0212414 0.0161436 0.0175371 0.0221858 0.0256246 0.0229202 0.0187915 0.0139276 0.0155404 0.0201739 0.0281693 0.0250811 0.0219822 0.0183422 0.0152223 0.0179862 0.0141 0.0209901 0.0231846 0.0210356 0.0127871 0.00603832 0.00636253 0.0057116 0.00479644 0.00348853 0.000160294 0 0 0 0 0 0 0 0 0 
0 0 0 0 0 0 0 0 0 6.20008e-06 0.00319478 0.0152129 0.0200443 0.0218905 0.0108372 0.00974407 0.0130198 0.0153164 0.0131173 0.00486283 0.00215327 0.00628489 0.0114478 0.0143039 0.012296 0.0117314 0.0113798 0.0123755 0.0160675 0.0129047 0.015693 0.0190693 0.0172907 0.0267712 0.0302439 0.0224391 0.0251591 0.0237976 0.0232712 0.0203401 0.0169365 0.0207876 0.0269988 0.0371424 0.0266921 0.0244415 0.0198284 0.0196771 0.0168805 0.0147014 0.0233367 0.0217689 0.0194566 0.012106 0.0123346 0.0104776 0.0120719 0.0128111 0.0120191 0.00170563 0 0 0 0 0 0 0 0 0 
0 0 0 0 0 0 0 0 3.5003e-05 0.00312681 0.0096574 0.0217664 0.0299921 0.0308844 0.0200631 0.0140221 0.0108303 0.0160035 0.0170128 0.00938325 0.0038237 0.00461487 0.00413754 0.00696774 0.00898402 0.0100062 0.0126204 0.0185907 0.0166768 0.0182112 0.0272458 0.0276219 0.022945 0.0294865 0.0237358 0.0239929 0.0190986 0.018168 0.0205455 0.012537 0.0155336 0.0151596 0.0269082 0.0296624 0.0270737 0.0245676 0.0176193 0.0218222 0.0174052 0.0203749 0.0238918 0.0211778 0.0126561 0.0103059 0.011188 0.0125297 0.0129722 0.0138422 0.0121593 0.0052828 0.000558501 1.01849e-05 0 0 0 0 0 0 0 
0 0 0 0 0 0 0 0 0.00117172 0.00733389 0.0116554 0.020031 0.0220686 0.0264233 0.0209481 0.0236778 0.0198618 0.01685 0.0130732 0.0162423 0.0138911 0.013752 0.00904876 0.0127812 0.0123557 0.016623 0.0177696 0.0168147 0.0149843 0.015514 0.0259601 0.0309763 0.024428 0.0168886 0.0196073 0.0164725 0.0110559 0.00987253 0.0149846 0.0219567 0.0226869 0.0225251 0.0267124 0.0339139 0.0244559 0.0144064 0.0183247 0.0232211 0.0238349 0.0261324 0.0176353 0.0234013 0.0192289 0.0180393 0.0107226 0.0148625 0.0121774 0.0171387 0.0119651 0.00852355 0.00335632 0.000665897 0 0 0 0 0 0 0 
0 0 0 0 0 0 0 0 0.00444552 0.0133569 0.0151498 0.0181193 0.0171009 0.0200984 0.0132099 0.0163377 0.0128993 0.015595 0.0151323 0.0194003 0.0193592 0.0181315 0.0217427 0.0232118 0.0231576 0.0190063 0.0160002 0.0193015 0.0221965 0.0195903 0.0191817 0.0256145 0.0298795 0.0224598 0.0213589 0.0149639 0.0177314 0.0172535 0.014342 0.0238457 0.0262403 0.0292651 0.0287996 0.030519 0.019431 0.0153594 0.0199419 0.0225375 0.0284996 0.0318323 0.0241496 0.0202601 0.02386 0.0237613 0.0162825 0.0136605 0.0128491 0.0145347 0.0101921 0.00769457 0.00684313 0.0026475 0 0 0 0 0 0 0 
0 0 0 0 0 0 0 0.000321081 0.00339366 0.00479651 0.00638651 0.00802141 0.00701696 0.00373234 0.00417974 0.0116792 0.02026 0.016717 0.0157657 0.0148721 0.0176073 0.0220067 0.0256745 0.0210595 0.021359 0.0232315 0.0231776 0.0192847 0.0242906 0.0240164 0.0216038 0.0223272 0.0244417 0.0252142 0.0222415 0.0223101 0.02035 0.0263149 0.0175425 0.0203601 0.0243741 0.0286741 0.0196398 0.0219344 0.0177176 0.0179626 0.0272192 0.0332426 0.0285702 0.0207686 0.0169543 0.0197719 0.0203472 0.0204534 0.0218484 0.0161585 0.0113773 0.0141679 0.0206403 0.0150026 0.00838028 0.00127403 7.05712e-05 0 0 0 0 0 0 
0 0 0 0 0 0 2.18434e-05 0.000330018 0.00087487 0.000700255 0.00297841 0.0061605 0.00478697 0.00587814 0.00315923 0.0109524 0.0221347 0.0264389 0.0232456 0.0147715 0.0128805 0.0172565 0.0271573 0.0257075 0.0280208 0.0334383 0.0288608 0.0263501 0.0238908 0.0266966 0.0275316 0.0210607 0.0173798 0.0165874 0.0204494 0.0198421 0.0174439 0.0225794 0.0136753 0.0188416 0.0266465 0.0222045 0.0222615 0.0246795 0.0161151 0.0195171 0.0257701 0.0259749 0.0232465 0.0186335 0.0164562 0.0187581 0.015709 0.0181512 0.0187129 0.0148452 0.0172169 0.0230732 0.0294489 0.038979 0.018308 0.00544987 0.000718737 0 0 0 0 0 0 
0 0 0 0 0 0.00144471 0.0030445 0.00676889 0.0101581 0.00846019 0.0101813 0.0171612 0.0148096 0.0122331 0.0101992 0.0109472 0.0181908 0.0236921 0.0266391 0.0200703 0.0209498 0.0223448 0.0285957 0.023915 0.0300868 0.0270997 0.0264318 0.0276942 0.0250786 0.0231459 0.024075 0.0184273 0.0146178 0.014186 0.0180772 0.0179143 0.0180621 0.0200823 0.0148938 0.0193893 0.0211434 0.0197166 0.017279 0.0149728 0.0128013 0.0181312 0.0201648 0.0194806 0.0160545 0.020527 0.0212921 0.0123856 0.0139631 0.0185892 0.0266877 0.0202989 0.0173985 0.021538 0.0210777 0.0290558 0.020879 0.0091043 0.00184855 0 0 0 0 0 0 
0 0 0 0 0.00022186 0.0098174 0.0197896 0.0206408 0.0188883 0.0247719 0.0219104 0.0253752 0.0221179 0.0186522 0.0151874 0.0056702 0.0177733 0.023193 0.0247461 0.0207272 0.0240832 0.0298185 0.0214032 0.0162145 0.0264665 0.0213209 0.0227682 0.0192534 0.0238795 0.0180066 0.0187502 0.0161308 0.0224593 0.0211955 0.019329 0.0154081 0.0227427 0.0208448 0.0133584 0.0163804 0.0175037 0.0195456 0.0202919 0.017359 0.021837 0.0218199 0.018936 0.0158778 0.0157211 0.0180708 0.0137595 0.0122286 0.0136576 0.0156544 0.0167138 0.0172076 0.0121059 0.0161599 0.0123466 0.0182179 0.0135742 0.00724828 0.00232727 0.00045134 0 0 0 0 0 
0 0 0 0 0.00250841 0.00724034 0.0136246 0.0197565 0.0200627 0.0211696 0.0179891 0.0155295 0.023419 0.0256241 0.0179626 0.0129187 0.0165106 0.022836 0.022758 0.0252261 0.0213248 0.0284677 0.0212241 0.0167708 0.021468 0.0229157 0.01993 0.0209999 0.0224978 0.0194075 0.0192153 0.0250107 0.0237044 0.0251293 0.0181139 0.0116322 0.0196691 0.0199625 0.0174698 0.0194067 0.0214837 0.0271501 0.0222358 0.0225979 0.021611 0.0231438 0.0167481 0.0165396 0.0151357 0.0149616 0.0122055 0.0157235 0.015553 0.0165764 0.0110993 0.00817202 0.00777738 0.00903291 0.0115054 0.0173289 0.00937586 0.00405258 0.00447023 0.00615394 0.00224167 0.000312532 0 0 0 
0 0 0 0.00019955 0.00414836 0.00846717 0.0187437 0.0169774 0.0166819 0.0177732 0.0219969 0.0190374 0.0195179 0.0207496 0.0211328 0.0155681 0.0200298 0.0263321 0.0274922 0.0241436 0.0231645 0.0200669 0.0147785 0.0149099 0.0198341 0.018025 0.0209694 0.0227638 0.018835 0.0162358 0.0175179 0.0219325 0.0215013 0.0187067 0.0190401 0.016912 0.0177355 0.0165042 0.0185529 0.0190105 0.0175638 0.0186922 0.0137892 0.0214945 0.0193109 0.0178448 0.0166607 0.0188703 0.0169192 0.0162362 0.0188484 0.0119872 0.0106051 0.0137051 0.0103105 0.00918282 0.00475494 0.0101309 0.0125011 0.0151578 0.00944104 0.00828401 0.00572024 0.00828402 0.00551652 0.00461145 0.00033538 0 0 
0 0 0 0.00071773 0.00815496 0.0133115 0.0160808 0.0166522 0.0146455 0.0192343 0.0210397 0.0252738 0.0208059 0.0215356 0.022636 0.0151494 0.0154281 0.0244766 0.0253663 0.0217529 0.0268483 0.0222957 0.0178017 0.0201151 0.0244992 0.0245801 0.0186849 0.0187019 0.0179255 0.0157282 0.0191293 0.0191121 0.0161825 0.0182008 0.0148884 0.0180864 0.0179438 0.016965 0.0186104 0.0204604 0.0153521 0.0144703 0.0170056 0.017079 0.0130413 0.0150224 0.0147653 0.018652 0.0198761 0.0188087 0.0155233 0.00963792 0.00938606 0.0154314 0.0136591 0.0116946 0.00737846 0.00828466 0.016476 0.0100863 0.0114538 0.00784186 0.00687947 0.00713015 0.00571979 0.00690872 0.0011796 0 0 
0 0 0.000125043 0.00359123 0.0115798 0.00741767 0.00447672 0.0101455 0.00895094 0.01528 0.0214312 0.023092 0.0264013 0.0226573 0.0236146 0.0188702 0.0157951 0.020083 0.0279588 0.0263912 0.0348733 0.0270042 0.0222345 0.0225972 0.0235652 0.0263144 0.0279891 0.0175215 0.0158423 0.0155005 0.0169957 0.0170266 0.0201383 0.0204165 0.0235445 0.0211121 0.0235414 0.016915 0.0157793 0.0144798 0.013054 0.0140043 0.0158394 0.0165022 0.0141898 0.0165121 0.0155268 0.0216577 0.0171419 0.0163786 0.0127804 0.0103855 0.0105096 0.0120684 0.0133414 0.00901275 0.0135651 0.0113196 0.0131951 0.0112143 0.0093152 0.00645156 0.00420537 0.00319539 0.00419276 0.00916434 0.00313713 0 0 
0 0 0.000564545 0.00578903 0.00393255 0.00150472 0.00254716 0.0112405 0.0133029 0.0177658 0.0265067 0.0262518 0.0250295 0.0223857 0.0200388 0.0171716 0.0268119 0.0278032 0.0349943 0.0264046 0.0265727 0.0298543 0.0281633 0.026528 0.0236745 0.0263034 0.0407118 0.0224308 0.0263649 0.0244216 0.0224569 0.0173555 0.01664 0.0262812 0.0241674 0.0253905 0.0222726 0.0163061 0.0175884 0.0135819 0.0118919 0.0142136 0.0130014 0.0114082 0.0120831 0.0129859 0.0175336 0.0135873 0.0171269 0.0163351 0.0122594 0.0109077 0.00733893 0.0102678 0.0118885 0.011949 0.0124985 0.0107874 0.011789 0.0101181 0.0125452 0.00966758 0.00791397 0.00763378 0.00917651 0.0135267 0.00448343 0.000247659 0 
0 0 0.00180741 0.0038903 0.00755021 0.00563965 0.00322334 0.0104282 0.0145891 0.0162694 0.0228335 0.0298832 0.0227289 0.0220648 0.0193397 0.0217167 0.0269955 0.0279927 0.0276634 0.0190902 0.0188466 0.0256921 0.0285992 0.0248489 0.0224668 0.0568009 0.0480613 0.0228605 0.0213286 0.0215358 0.0217288 0.0210609 0.0175057 0.0228798 0.0241496 0.0293875 0.0261257 0.0148411 0.0174858 0.0193499 0.0210977 0.017916 0.0185506 0.0169941 0.0113399 0.0133133 0.0136662 0.0132651 0.0183082 0.018757 0.0193038 0.0152177 0.00968128 0.0143911 0.0113158 0.0156507 0.0108287 0.00813006 0.0155195 0.00900738 0.00889524 0.0108023 0.0131279 0.0149376 0.0161108 0.019642 0.00911017 0.000325966 0 
0 0 0.00142887 0.00527691 0.00969362 0.00886652 0.00267243 0.00382223 0.0137789 0.0158872 0.0202682 0.0283249 0.028243 0.0238242 0.0254627 0.0191853 0.0246183 0.0237436 0.0261618 0.0139235 0.0168215 0.0189377 0.0253404 0.0291291 0.0275206 0.0639397 0.0507521 0.0374143 0.0259731 0.0179304 0.0216336 0.0252644 0.018839 0.0154687 0.0209734 0.0214161 0.0201163 0.0185371 0.0133688 0.0167364 0.0204914 0.0231542 0.0364643 0.030382 0.016759 0.0132836 0.0172719 0.0215563 0.0156931 0.0145566 0.0144772 0.0146311 0.0097613 0.00934258 0.0129792 0.0135102 0.00885903 0.0110552 0.0107317 0.0112676 0.0103756 0.0154515 0.0168206 0.0153955 0.0182455 0.0192573 0.0105924 0.00120771 0 
0 4.56968e-05 0.00068716 0.0030008 0.00730875 0.00408414 0.00176576 0.00726105 0.0179244 0.0176125 0.0210425 0.0234568 0.036033 0.0322613 0.0330319 0.0265813 0.0208624 0.0201743 0.021293 0.0182605 0.0151818 0.017643 0.0214859 0.0211345 0.0341892 0.0575689 0.0564139 0.0655096 0.0391688 0.0177 0.0158851 0.0199176 0.0220173 0.020341 0.0159755 0.0142293 0.0143963 0.0257224 0.0222662 0.0180992 0.0149863 0.0185931 0.0431699 0.0336986 0.0196125 0.0124404 0.0131216 0.0183819 0.0145785 0.0147073 0.0159768 0.0206226 0.0141263 0.0116064 0.0154404 0.0128518 0.0138811 0.0104762 0.00601504 0.0107844 0.0111946 0.0219231 0.0152072 0.021164 0.0247873 0.021967 0.0105238 0.00166363 0 
0 1.04021e-05 0.00188905 0.0034585 0.00833539 0.00619997 0.00522208 0.0146209 0.0247713 0.0260059 0.0199131 0.022839 0.0231321 0.0408757 0.0378149 0.0313974 0.0234514 0.0227074 0.0246371 0.0281345 0.0295332 0.027823 0.0219018 0.0205325 0.0510883 0.0551204 0.0344967 0.0435893 0.038028 0.0179353 0.0119937 0.0141013 0.027917 0.0314883 0.0227108 0.0172833 0.0218272 0.0349266 0.0335127 0.0191651 0.0157108 0.0231082 0.0308375 0.0261392 0.0207977 0.017085 0.0110213 0.0164952 0.0190175 0.0180063 0.0190512 0.0233027 0.0261374 0.0208786 0.0144506 0.0123615 0.0152591 0.0163882 0.00846442 0.00868686 0.0199552 0.02158 0.015594 0.015678 0.0197624 0.0195153 0.0113487 0.00369559 0.00107588 
0 0 0.00103688 0.00381005 0.00343677 0.00738117 0.01232 0.0203405 0.024992 0.0242638 0.0315785 0.0339762 0.0240167 0.0357417 0.0312088 0.0311439 0.0282129 0.0212019 0.0217913 0.0319808 0.0296147 0.0229133 0.0184137 0.0213021 0.0727973 0.0510223 0.0308404 0.0393898 0.0462836 0.0247614 0.018579 0.0156655 0.0170215 0.0250093 0.0255404 0.018173 0.0235296 0.0205546 0.022115 0.0173034 0.0246079 0.0228068 0.0190274 0.015494 0.0168253 0.0170714 0.0181667 0.0188315 0.0145019 0.0118745 0.0142228 0.0225026 0.0257533 0.0243898 0.0118277 0.0146156 0.0146926 0.0174222 0.0189479 0.011353 0.0258987 0.0338993 0.0117976 0.00632365 0.0129701 0.0140928 0.0176823 0.00889088 0.0012626 
0 0 5.05529e-05 0.000780999 0.00495602 0.0160836 0.0191016 0.0275125 0.0229951 0.029321 0.0323416 0.0299131 0.0261024 0.0306153 0.0300575 0.0355856 0.02947 0.0214431 0.0203416 0.037309 0.0305723 0.0198149 0.0196297 0.0217575 0.0618451 0.0487354 0.028303 0.0602303 0.074018 0.0607022 0.0330939 0.0171586 0.015987 0.0214272 0.0223994 0.0224863 0.0218311 0.0221996 0.0204596 0.0235791 0.0232998 0.0179313 0.0196588 0.0173935 0.0218444 0.019304 0.0244327 0.0229705 0.020113 0.0134446 0.0116763 0.0223248 0.0237835 0.0244628 0.0167488 0.0217986 0.0200204 0.014249 0.0167547 0.021916 0.0519199 0.0443213 0.0198885 0.0133958 0.0151113 0.0226001 0.0213156 0.0103264 0.00091867 
0 0.000438519 0.00240924 0.0065316 0.0132806 0.0268654 0.0216682 0.0218397 0.0282347 0.0323622 0.0302466 0.0297517 0.0193867 0.0175959 0.0312384 0.0386366 0.0354261 0.0227382 0.0268644 0.0274358 0.031759 0.0257064 0.0252429 0.0266372 0.0511825 0.0424983 0.030393 0.0601702 0.0865586 0.0586019 0.0373003 0.0263624 0.0213275 0.0171027 0.0216249 0.0286501 0.0266479 0.0201076 0.0152513 0.0152119 0.0151981 0.0148839 0.0208362 0.0190761 0.019711 0.0266649 0.0244966 0.0195168 0.0145275 0.0133704 0.0164851 0.0167744 0.0201274 0.0244245 0.0209704 0.01897 0.020206 0.0285315 0.0237722 0.0199258 0.0277874 0.0267413 0.0175587 0.0176874 0.0146152 0.0196041 0.0152062 0.00484775 8.96567e-05 
0 0.00291334 0.0106551 0.0144457 0.0172104 0.0294631 0.019555 0.0196632 0.026494 0.030842 0.0302808 0.02375 0.0205777 0.0221562 0.0334953 0.0303284 0.0303108 0.0273626 0.0254199 0.0300088 0.0281232 0.0273891 0.037162 0.0386045 0.0504249 0.0389697 0.029237 0.0424609 0.0536376 0.0336464 0.0295704 0.0197917 0.0273483 0.0198841 0.020911 0.0203946 0.0202913 0.0159024 0.0181063 0.0197523 0.0163917 0.015157 0.0161627 0.0186983 0.0130206 0.014542 0.023577 0.0181929 0.0165396 0.018631 0.0178634 0.0174753 0.0215488 0.0185638 0.0172306 0.0137791 0.0199104 0.0505508 0.038248 0.0186558 0.0159071 0.0137003 0.0231759 0.0227554 0.0207565 0.0149629 0.0104355 0.000875032 0 
1.84206e-05 0.00424834 0.0137622 0.0175898 0.0227321 0.0283625 0.025801 0.0244666 0.0192667 0.0240468 0.0256429 0.0223075 0.0184744 0.0180191 0.0256635 0.0287245 0.0264797 0.0329084 0.0307782 0.0245567 0.0229841 0.0456949 0.0429418 0.0493049 0.0322302 0.0216463 0.0290611 0.0219353 0.0249965 0.0366471 0.0323495 0.0190421 0.029121 0.0190031 0.0257664 0.0196228 0.0193712 0.0146157 0.022261 0.0226606 0.0178438 0.015135 0.0177549 0.0178111 0.0129193 0.0145616 0.0217931 0.0161956 0.0163827 0.018123 0.0172049 0.0163853 0.0180074 0.0124471 0.0182618 0.0165416 0.0264322 0.039037 0.0329517 0.0153357 0.0181724 0.0123373 0.0217499 0.0129523 0.0239417 0.0149252 0.00483564 5.46375e-05 0 
3.96599e-05 0.00518351 0.0111972 0.0205391 0.0273044 0.0227323 0.0283018 0.0194657 0.0176738 0.0247321 0.0316866 0.0259595 0.0259453 0.0213793 0.0252404 0.0251145 0.0224463 0.032299 0.0408698 0.0292168 0.0270499 0.0482582 0.0404536 0.0525194 0.0292999 0.0328194 0.0297205 0.0238252 0.0224396 0.0271983 0.0199593 0.0167582 0.0253365 0.0232282 0.0254573 0.0165705 0.0177221 0.0178646 0.0215941 0.0196169 0.0202876 0.0152886 0.0174844 0.0156267 0.0117955 0.0150573 0.0139699 0.0147671 0.0158512 0.0117807 0.0163964 0.0215202 0.0203166 0.016997 0.0163533 0.0182906 0.022778 0.024762 0.0210391 0.0163373 0.0146713 0.0131976 0.0134841 0.0126995 0.0118694 0.0129435 0.00623528 0.000745878 5.08605e-05 
0.000107096 0.00327171 0.0107305 0.0147106 0.0175053 0.0164294 0.026259 0.020874 0.0254577 0.0268858 0.0306979 0.034746 0.0303187 0.0257806 0.0198661 0.0256157 0.0355803 0.0374077 0.0384051 0.0367047 0.036239 0.038421 0.033172 0.0480756 0.0385393 0.0388179 0.0326206 0.0316184 0.0199581 0.0225571 0.0197338 0.0275957 0.0258476 0.0213324 0.0405538 0.037526 0.0213914 0.0211894 0.0175444 0.0194111 0.0167847 0.018204 0.0187776 0.0122074 0.0148608 0.0176182 0.0150272 0.015357 0.0173813 0.0176536 0.0233364 0.0199807 0.0240576 0.025147 0.0181966 0.014087 0.0206016 0.0158303 0.0223073 0.0171667 0.0134917 0.0107852 0.0175315 0.00684439 0.00459398 0.0098695 0.00558913 0.00364663 0.00120258 
5.73015e-06 0.0044969 0.0102791 0.0195845 0.0172022 0.0170547 0.0279263 0.0206999 0.0246596 0.024643 0.0318368 0.034279 0.0289293 0.0331619 0.017284 0.0248305 0.0373898 0.0384577 0.0272611 0.0289714 0.0356514 0.0315644 0.0298826 0.0512369 0.047586 0.0393654 0.0394015 0.0364653 0.0283418 0.0252076 0.0219231 0.0248234 0.0222823 0.0194429 0.0399754 0.0789298 0.0327776 0.0187987 0.0144312 0.0161225 0.0182871 0.0188648 0.012752 0.0151488 0.0161224 0.0219571 0.0186431 0.0224904 0.0189047 0.0178393 0.0167672 0.0200731 0.0199534 0.0186308 0.0151115 0.0114616 0.010671 0.0111084 0.0187572 0.0176872 0.0107953 0.0111749 0.0124467 0.00564657 0.00713689 0.00682785 0.0114585 0.00596911 0.00040244 
0 0.001523 0.0108187 0.0254224 0.0240966 0.0203548 0.0224802 0.0256722 0.027382 0.0259581 0.0241899 0.0335583 0.0308196 0.034304 0.0245928 0.0320951 0.0277783 0.0321855 0.0225867 0.0264341 0.0190166 0.0226139 0.0194834 0.0319848 0.0294273 0.0409529 0.0315537 0.0357883 0.0402823 0.0294302 0.0235197 0.0220297 0.0252131 0.024087 0.0335253 0.0621827 0.0527396 0.0198434 0.011304 0.0151243 0.0231529 0.0255593 0.0146679 0.0141328 0.0144099 0.0190636 0.0215998 0.0211688 0.0174405 0.0182141 0.0181711 0.0229033 0.0211178 0.020962 0.0199088 0.0170694 0.010838 0.0125631 0.0151922 0.0164155 0.0150724 0.0138735 0.0142082 0.0105423 0.0090193 0.0163791 0.0272764 0.00817004 0.000409939 
6.73936e-05 0.00233709 0.016741 0.0236288 0.0219775 0.0276609 0.0369084 0.0238363 0.0212891 0.0213957 0.0186143 0.0299497 0.038269 0.0344689 0.0260359 0.0271929 0.028309 0.0286216 0.0357139 0.0522105 0.0292661 0.0325214 0.0273384 0.0271498 0.0274359 0.0321986 0.0304178 0.0370167 0.0391944 0.0283285 0.0218566 0.0195262 0.0254093 0.0256738 0.0240438 0.0338011 0.0423945 0.0220451 0.0219487 0.0220781 0.0271141 0.0199868 0.0121634 0.0148747 0.0159387 0.0175124 0.0159653 0.0117153 0.0146293 0.0198826 0.0227035 0.0314185 0.0241203 0.0242172 0.0207791 0.016114 0.0125706 0.0107134 0.0122962 0.013076 0.0154697 0.0197508 0.0206341 0.0142954 0.00893688 0.0148384 0.0237665 0.00548488 0.000244412 
0.000267632 0.00635154 0.0212071 0.0221394 0.014771 0.0223896 0.0271701 0.0224528 0.016827 0.0215697 0.0271878 0.0234291 0.0238529 0.0242794 0.0214598 0.0199796 0.0229736 0.0246713 0.0300236 0.0461502 0.0482581 0.0334501 0.0284591 0.0217025 0.0276581 0.0372593 0.0335777 0.0310838 0.0365309 0.0334412 0.0271199 0.0274196 0.0225888 0.0260297 0.0216931 0.0200491 0.0223236 0.0224657 0.0213216 0.0261439 0.0309748 0.0189232 0.0193975 0.0175645 0.016673 0.0171591 0.0130229 0.0169937 0.0203033 0.026961 0.0261632 0.0283947 0.0270061 0.0224482 0.0187386 0.0161774 0.0155835 0.0116163 0.0108569 0.0149487 0.022576 0.0204526 0.0119839 0.011787 0.0146609 0.00857083 0.0069094 0.00595467 0.00143361 
0.000252198 0.0112719 0.0276613 0.0309507 0.026562 0.0205037 0.019746 0.0173814 0.0168553 0.0170854 0.0166556 0.0166836 0.0210533 0.0170371 0.0249258 0.0243778 0.023667 0.025991 0.0282053 0.0319697 0.0424664 0.0277576 0.0336769 0.0271269 0.0266122 0.0280798 0.0372694 0.0316138 0.0247462 0.0248373 0.0307991 0.0270794 0.0277726 0.021711 0.0160487 0.0100724 0.0121889 0.0172172 0.0177696 0.0180945 0.0262252 0.020361 0.0212926 0.0250902 0.0157282 0.0169535 0.0173521 0.0220251 0.0237814 0.0295865 0.0289541 0.025255 0.0265354 0.02474 0.0203698 0.0169565 0.0166031 0.0165809 0.0164309 0.015794 0.0210379 0.0223488 0.0152907 0.0162947 0.0135798 0.0104342 0.00882827 0.00554269 0.00201573 
6.14721e-05 0.0115688 0.0297059 0.0350154 0.0231796 0.0130603 0.0222066 0.0176766 0.0170037 0.0169809 0.0185681 0.0205497 0.0278634 0.0223338 0.0228561 0.0191188 0.0241013 0.0216787 0.0223402 0.0240807 0.0288522 0.0339909 0.043021 0.0290195 0.0282256 0.0234414 0.0249401 0.0278735 0.0235253 0.0198459 0.0222013 0.0264512 0.021307 0.0236418 0.0133869 0.00993314 0.013135 0.0154187 0.0197089 0.0200173 0.0263474 0.0225459 0.0209068 0.0243338 0.013608 0.0145024 0.0129641 0.0198054 0.0300723 0.0331545 0.0246395 0.0216941 0.022039 0.0210747 0.0215102 0.0166531 0.0207979 0.020211 0.0153287 0.0145465 0.0167375 0.017862 0.0188105 0.018678 0.0184987 0.0124152 0.00680285 0.00390799 0.000863009 
0 0.00699408 0.0200152 0.0237539 0.0188893 0.0199872 0.0150386 0.0243655 0.0257414 0.0247604 0.0216341 0.0273624 0.032835 0.0306317 0.0221477 0.0199087 0.0254115 0.0233203 0.0218726 0.0223315 0.0246328 0.0385333 0.0386264 0.0258052 0.0309182 0.0257454 0.0243206 0.021929 0.0224032 0.0208429 0.0217384 0.0241906 0.017047 0.020293 0.0144272 0.0101829 0.0188664 0.0163307 0.0192444 0.0243435 0.0219717 0.0250269 0.0219778 0.0247068 0.0181723 0.0148715 0.0132603 0.0227925 0.0281709 0.0326037 0.0210831 0.0217222 0.0216333 0.0184567 0.0239651 0.0167158 0.0185241 0.0169757 0.0197672 0.0205167 0.0186488 0.0205985 0.0198242 0.0164108 0.0191797 0.0110469 0.00427272 0.0017689 0.00039589 
0 0.00400471 0.0145728 0.023011 0.0162159 0.0145785 0.0161727 0.0269561 0.0320495 0.0258674 0.0237842 0.0268881 0.0271514 0.0292007 0.0290565 0.0294956 0.0320726 0.0257381 0.0252397 0.0208531 0.0272536 0.0339998 0.0282454 0.0250648 0.0274787 0.0279786 0.0204874 0.023733 0.020199 0.0270189 0.0206835 0.0230826 0.0215434 0.019367 0.0172831 0.0188154 0.0177965 0.0189471 0.0177916 0.0176897 0.0203225 0.0220897 0.0262271 0.0182336 0.0211255 0.0234062 0.0230533 0.0230301 0.023323 0.0263866 0.0277932 0.0269515 0.0169452 0.0213334 0.0229452 0.0138742 0.0124721 0.0135468 0.0185762 0.0221432 0.0132938 0.0189432 0.0125921 0.0128473 0.00926093 0.00228802 0.00180362 0.000100371 5.25282e-05 
0 0.00102639 0.00912143 0.0191439 0.0129809 0.00990763 0.0158262 0.0167301 0.0132547 0.0135782 0.0203034 0.0210322 0.0280546 0.0322829 0.0304766 0.0256857 0.0280271 0.0239311 0.0297569 0.0246642 0.0259884 0.0265768 0.0247729 0.0243526 0.0251838 0.0254403 0.0182396 0.0186986 0.01728 0.0186029 0.0250033 0.0276699 0.02336 0.0297414 0.0201066 0.0181997 0.0158812 0.0194664 0.0161317 0.0180865 0.016879 0.0192127 0.0238024 0.0170079 0.0336756 0.0527203 0.0341282 0.0261796 0.0243817 0.0245949 0.0204797 0.0242856 0.0195736 0.0265335 0.0216984 0.0121669 0.015087 0.0157147 0.0156168 0.0223316 0.0169778 0.011843 0.0111843 0.0172613 0.00754097 0.0037616 0.0019833 0.000119744 0 
0 7.02678e-05 0.00184671 0.00590212 0.00535275 0.00854001 0.00668884 0.00910012 0.00668409 0.0121898 0.0179702 0.021125 0.0230326 0.0287556 0.0337752 0.0291843 0.0301028 0.0272399 0.0283044 0.0326399 0.0236643 0.023618 0.0255993 0.0298043 0.0340571 0.0272706 0.0197696 0.0216001 0.019432 0.0183778 0.0256007 0.0274967 0.0334834 0.0306208 0.0216282 0.0156266 0.0155028 0.019007 0.0210296 0.0225086 0.0184816 0.0162051 0.0187319 0.0179086 0.0426836 0.0717864 0.0470961 0.0257808 0.0236422 0.0183294 0.022373 0.0181028 0.0245474 0.0250106 0.0211615 0.0143722 0.0155456 0.016292 0.0194817 0.0197381 0.0107071 0.00731176 0.01255 0.0110758 0.00507384 0.00381765 0.00111793 2.09069e-05 0 
0 0 0 0.00100764 0.00353 0.00973599 0.00700363 0.00313809 0.00473652 0.0154631 0.0167376 0.0161117 0.0165132 0.0298257 0.0326091 0.0278997 0.0267295 0.021938 0.0252431 0.0375386 0.0277054 0.0312144 0.02825 0.0358841 0.030064 0.028541 0.0246461 0.0232482 0.023521 0.0194851 0.0190607 0.0190933 0.0227697 0.0275464 0.0251555 0.0241179 0.0197761 0.0146551 0.0259482 0.0328445 0.023787 0.014048 0.0171119 0.0214991 0.033783 0.0497002 0.0372942 0.0231194 0.0188224 0.0136658 0.0188711 0.018433 0.0203994 0.0272889 0.0333063 0.0228697 0.0150231 0.0175205 0.0223311 0.013374 0.00385134 0.00360851 0.00962524 0.0080232 0.0072498 0.00721278 0.00325122 0.000692355 0 
0 0 0 0.000699116 0.00498967 0.0107293 0.00815884 0.00274062 0.00367256 0.0154369 0.0135496 0.00604238 0.00923272 0.0159821 0.0216926 0.0242816 0.0259237 0.0232286 0.0314885 0.044473 0.0322829 0.0297972 0.0241916 0.032897 0.0330395 0.0255438 0.028827 0.0260143 0.0277733 0.0288302 0.0221841 0.0155184 0.0183204 0.0249108 0.0309234 0.0245076 0.0224681 0.0209248 0.0220941 0.0320493 0.0283177 0.0195359 0.0172926 0.0173828 0.0174915 0.0215022 0.0245809 0.0255308 0.0239742 0.0283094 0.0288985 0.0272236 0.0193478 0.0196324 0.0244439 0.0244084 0.0223141 0.0213859 0.0160338 0.0103247 0.00489424 0.00835792 0.00961721 0.0105009 0.0111931 0.00932406 0.00489736 0.000766698 0 
0 0 0 0.00127067 0.00969822 0.010344 0.00412261 0.000815896 0.000307635 0.00508534 0.0120477 0.0163047 0.0134383 0.00534066 0.00443958 0.00933955 0.0177512 0.0246335 0.0249987 0.0234374 0.0286629 0.0248479 0.024935 0.0314152 0.0310991 0.0254968 0.030787 0.0251781 0.0310274 0.0269888 0.0255814 0.0212803 0.0238392 0.0259653 0.0270464 0.0247274 0.0270229 0.027632 0.0198561 0.0253004 0.0273556 0.0249453 0.0188753 0.0194997 0.0182772 0.0179848 0.020445 0.0186192 0.0244346 0.0298273 0.0302177 0.0248415 0.0280712 0.0189885 0.0136526 0.0209688 0.0193675 0.0226118 0.0138687 0.00708258 0.00881014 0.0188567 0.0218418 0.0228589 0.0216833 0.0141255 0.00270771 0.000123148 0 
0 0 0 0.00164883 0.0110311 0.00831894 0.00449086 0.0115629 0.00697702 0.00516997 0.0242432 0.0282294 0.0132323 0.00916976 0.00344508 0.00158411 0.00671186 0.017808 0.0248717 0.0249921 0.0285979 0.0264171 0.0234734 0.0270545 0.0238243 0.022728 0.0289319 0.0305573 0.0354499 0.0328386 0.0277982 0.028867 0.0256158 0.0248542 0.022471 0.0202378 0.0202863 0.0224675 0.0210644 0.0154205 0.0257811 0.023508 0.0171022 0.0206662 0.0200243 0.016575 0.0192516 0.0207699 0.0243905 0.0260893 0.0282882 0.0275796 0.0258454 0.0211158 0.0089976 0.011629 0.0169084 0.0245886 0.0175088 0.0101353 0.0205912 0.0362091 0.0253005 0.0183693 0.0141312 0.00845321 0.000804813 0 0 
0 0 0 0.000330962 0.00318021 0.00587763 0.00679537 0.0247415 0.0147759 0.00932294 0.00960607 0.00967432 0.00485819 0.00500612 0.00233307 0.00160063 0.00585869 0.0114069 0.0213683 0.0234628 0.0113464 0.016224 0.0201306 0.0211227 0.0171261 0.0219946 0.0300634 0.0395259 0.0347987 0.0342609 0.0213461 0.0184066 0.0142082 0.015928 0.0213003 0.0205636 0.0195629 0.0211178 0.0147949 0.0114211 0.0211581 0.0229434 0.0220449 0.0212325 0.0126608 0.0161653 0.0290575 0.0291731 0.0234615 0.0195132 0.022127 0.0244481 0.0186662 0.0249397 0.012348 0.0108923 0.0112227 0.0131456 0.0141928 0.0158975 0.020925 0.0210279 0.0136729 0.00377183 0.00208207 0.00176439 0.000353091 0 0 
0 0 0 0 0.00107607 0.00652705 0.00648247 0.0103937 0.0128829 0.00872977 0.00636108 0.00507649 0.0075556 0.00729265 0.00415344 0.00924901 0.00921061 0.0166345 0.0216535 0.00816994 0.00397317 0.00335809 0.00549686 0.0102904 0.0113811 0.0208462 0.0264163 0.0256305 0.0331948 0.0369568 0.0331155 0.0269428 0.0156083 0.0088362 0.0149546 0.0267328 0.0264993 0.0276379 0.0174846 0.00885696 0.0167985 0.0248368 0.0368905 0.0271749 0.0152392 0.0190365 0.0318833 0.0394799 0.0265437 0.023651 0.0220761 0.0263977 0.0260271 0.0274342 0.0179087 0.0128206 0.0139946 0.0165396 0.0189347 0.0136694 0.00767869 0.00810341 0.00459318 0.00162266 0.000113582 0 0 0 0 
0 0 0 0 0.000107106 0.00280829 0.00385448 0.00583539 0.00817433 0.00924508 0.00595798 0.00667859 0.0126488 0.0173758 0.015396 0.0189834 0.014886 0.0205098 0.0246167 0.0107783 0.0059628 0.00627809 0.0101913 0.008806 0.00908115 0.0160122 0.0137831 0.0118075 0.0255044 0.0360861 0.0301621 0.0226712 0.0146316 0.00957829 0.0191478 0.0253728 0.0229955 0.0226133 0.0227727 0.00787214 0.0127367 0.0255879 0.0450726 0.0446888 0.0296555 0.0174326 0.0284635 0.0464069 0.0359859 0.0312692 0.023483 0.024625 0.0228645 0.0212669 0.0198726 0.0153823 0.0179882 0.0154505 0.0137992 0.0125492 0.00871783 0.0100984 0.00488088 0.00327526 0.000924089 0 0 0 0 
0 0 0 0 0 0.000143732 0.00242444 0.00493645 0.00487451 0.00402333 0.00201012 0.00823666 0.020341 0.0223736 0.0213935 0.0180213 0.0212303 0.0262298 0.0322684 0.0357009 0.0363837 0.0241423 0.0232152 0.0198415 0.0190215 0.0257399 0.0318227 0.024698 0.0247386 0.020802 0.0147342 0.0151426 0.00999732 0.0118065 0.0226795 0.023536 0.0201274 0.0171698 0.0198498 0.0192389 0.0243347 0.027569 0.0288749 0.0336993 0.0275897 0.0173576 0.0198225 0.0367783 0.0335835 0.0275321 0.0201887 0.0149618 0.0141611 0.0214471 0.0182618 0.0118554 0.0141423 0.0183196 0.0119494 0.0130528 0.0166918 0.0124361 0.00460791 0.00446672 0.00103228 0 0 0 0 
0 0 0 0 0 0 0.000332321 0.00141195 0.00156707 0.000935132 0.00549572 0.0208918 0.0194756 0.0204631 0.0234239 0.0244724 0.0235119 0.0312015 0.0326838 0.0565679 0.111292 0.0412673 0.0298982 0.0214233 0.0197108 0.0248531 0.0272116 0.0283451 0.0231486 0.022141 0.0138336 0.0167894 0.0195493 0.0175597 0.0202329 0.0298782 0.0207433 0.0210929 0.0199468 0.0223839 0.0234963 0.0228497 0.0231165 0.0300949 0.024279 0.0180617 0.0154146 0.0194745 0.0266555 0.0258373 0.0219365 0.0182543 0.0198937 0.0160834 0.0102406 0.00870353 0.0109861 0.0143106 0.0117619 0.0152403 0.0165085 0.016326 0.0115322 0.00253368 0.000104558 0 0 0 0 
0 0 0 0 0 0 0 0 1.47838e-05 0.0019114 0.0173547 0.0208164 0.0202234 0.0169564 0.0285102 0.0281942 0.0302768 0.0296759 0.0346898 0.0402453 0.0532061 0.0265314 0.0238477 0.0173104 0.0209284 0.0299181 0.02808 0.0252352 0.0237018 0.0197464 0.0171604 0.013319 0.0151265 0.0199056 0.020583 0.0252849 0.0203768 0.0212698 0.0191081 0.0239291 0.0220867 0.0246524 0.0311353 0.0285308 0.0208658 0.0193448 0.0164974 0.0226233 0.0241395 0.0195218 0.0168429 0.0153837 0.0172864 0.00857439 0.00355986 0.00183241 0.00339833 0.00805196 0.0101504 0.0119025 0.00991165 0.00706671 0.00638255 0.000400003 0 0 0 0 0 
0 0 0 0 0 0 0 0 8.86002e-05 0.00582923 0.0250157 0.0257453 0.0305202 0.0301821 0.0294402 0.029133 0.029457 0.0295912 0.0311407 0.0268838 0.0184444 0.0167662 0.0275398 0.0266106 0.0255222 0.0269235 0.0282888 0.0325491 0.0281486 0.0221141 0.0188239 0.00952768 0.00957995 0.0156771 0.0194794 0.0184187 0.0216305 0.0276236 0.0222616 0.0266462 0.0278804 0.0311716 0.0310146 0.0274555 0.0239766 0.0149229 0.0204183 0.0304424 0.0214306 0.0224015 0.0105621 0.0120798 0.0125276 0.00497107 0.00166729 0.00423188 0.0123405 0.0197212 0.0118945 0.00948115 0.00738185 0.00254899 0.000577689 0 0 0 0 0 0 
0 0 0 0 0 0 0 0 0.000193099 0.00904999 0.0320008 0.0422731 0.0564741 0.0412369 0.0265959 0.0249194 0.0191283 0.0247606 0.0232327 0.0211494 0.0105804 0.017124 0.0309796 0.0297295 0.0265472 0.0272807 0.0340853 0.0294787 0.0261592 0.0226865 0.0179565 0.00894992 0.0115378 0.0143436 0.0178339 0.0154997 0.0224045 0.0309829 0.0326262 0.0290834 0.0288376 0.0274105 0.0261565 0.0228669 0.01699 0.0175151 0.020168 0.0293837 0.0214315 0.0261837 0.0198561 0.0136324 0.0118708 0.013768 0.0086031 0.013464 0.0210009 0.0269033 0.0238417 0.0119326 0.00475661 0.00173409 0 0 0 0 0 0 0 
0 0 0 0 0 0 0 0 0 0.00530675 0.0239099 0.0312413 0.0229449 0.0181069 0.0240302 0.0212046 0.0204552 0.0251417 0.0233391 0.0165678 0.0166681 0.0170093 0.0273191 0.0224748 0.0278898 0.029346 0.0343349 0.0251873 0.0203231 0.021414 0.0207947 0.0123562 0.0166015 0.0202029 0.0217213 0.0191516 0.0250588 0.0365805 0.0291448 0.0280758 0.0222328 0.021646 0.0295502 0.0235088 0.0221089 0.0180614 0.0282183 0.0341809 0.0313204 0.0353722 0.0286316 0.0152829 0.0174882 0.0155296 0.0139281 0.0229008 0.026902 0.0275702 0.0237474 0.0118917 0.000561343 9.40698e-07 0 0 0 0 0 0 0 
0 0 0 0 0 0 0 0 0 0.000789763 0.00742003 0.0117196 0.00630625 0.0118364 0.0202161 0.0222518 0.0246491 0.0296815 0.0183964 0.0177251 0.0156609 0.0171031 0.0278927 0.0205653 0.0241021 0.026601 0.0276769 0.0265775 0.031325 0.0236359 0.0188362 0.017206 0.018739 0.0198223 0.0195491 0.0214327 0.0355408 0.0418137 0.0329519 0.0396604 0.0258228 0.0226404 0.0247523 0.0232527 0.0263607 0.0185456 0.0237295 0.0203698 0.0206841 0.0284514 0.0278993 0.025238 0.0186803 0.0146058 0.0177526 0.0255153 0.0215256 0.023628 0.0159347 0.00857648 0.000187225 0 0 0 0 0 0 0 0 
0 0 0 0 0 0 0 0 0 0 0.000117275 7.54917e-05 0.000880949 0.00640646 0.018433 0.0259753 0.0288345 0.0316234 0.0229051 0.028176 0.0231033 0.0168306 0.0253046 0.0256166 0.0254925 0.0261339 0.0243808 0.0319479 0.0397069 0.0303789 0.0171205 0.0208751 0.0224884 0.0245026 0.0282501 0.0395179 0.0418044 0.0373508 0.0375658 0.0333112 0.021882 0.0261624 0.0351931 0.0338493 0.0386352 0.0211412 0.0204997 0.0207354 0.0199883 0.0225916 0.0286203 0.0311605 0.0307256 0.0157266 0.0180829 0.01743 0.013375 0.0105258 0.00551909 0.000556437 0 0 0 0 0 0 0 0 0 
0 0 0 0 0 0 0 0 0 0 0 0 1.92317e-05 0.0025497 0.0101033 0.0193732 0.0264092 0.0245413 0.0348029 0.0322629 0.0254007 0.0176469 0.0165215 0.0192219 0.0227907 0.0217941 0.0247073 0.0300427 0.0262158 0.0298721 0.0139827 0.0281981 0.0338198 0.0256259 0.0282543 0.0316873 0.0291024 0.0242789 0.0310062 0.0261622 0.0198659 0.0243731 0.0293815 0.02382 0.0277409 0.0329713 0.0280702 0.0269325 0.0153066 0.0158404 0.0157206 0.0266199 0.0288267 0.030911 0.0181011 0.0127978 0.00728956 0.00146961 7.50179e-05 0 0 0 0 0 0 0 0 0 0 
0 0 0 0 0 0 0 0 0 0 0 0 0 0.000204573 0.00121911 0.0141241 0.0164468 0.0173045 0.0292412 0.0411958 0.0327801 0.0224739 0.0179554 0.0329777 0.0295826 0.0203411 0.0162108 0.0251033 0.0231384 0.02902 0.0258868 0.031698 0.0283122 0.0350421 0.029487 0.0204789 0.0149696 0.021616 0.0187599 0.0176834 0.0193234 0.0183035 0.0151051 0.0221263 0.0192515 0.0196344 0.0198524 0.0132605 0.0107887 0.0113374 0.0106562 0.0142718 0.0294238 0.0318477 0.0171383 0.00699067 0.00168556 0 0 0 0 0 0 0 0 0 0 0 0 
0 0 0 0 0 0 0 0 0 0 0 0 0 0 0.00010575 0.0065373 0.0105701 0.0180364 0.0179018 0.0258704 0.0290351 0.0309154 0.0256575 0.0415763 0.0329752 0.0203854 0.010834 0.0133123 0.0165174 0.0227964 0.0265322 0.02513 0.0187816 0.0181926 0.024191 0.0211372 0.0236542 0.0221214 0.0204676 0.017823 0.0163727 0.0187867 0.0172837 0.0156055 0.0231034 0.023309 0.0194624 0.0267283 0.0256672 0.0114886 0.00701881 0.0130893 0.0143563 0.0142935 0.00531431 0.000881895 8.88885e-05 0 0 0 0 0 0 0 0 0 0 0 0 
0 0 0 0 0 0 0 0 0 0 0 0 0 0 0 0.000203687 0.0025653 0.00704156 0.0101871 0.0163068 0.0296984 0.0353151 0.0402455 0.0302668 0.0233735 0.0220937 0.0109856 0.00973345 0.0123622 0.0182235 0.020325 0.0175438 0.0231254 0.0183701 0.0219944 0.0372909 0.0366224 0.0319753 0.0268317 0.0199833 0.0178247 0.025409 0.0197069 0.0272671 0.0397103 0.0356361 0.043945 0.044991 0.0356381 0.0252311 0.00536248 0.00277101 0.00372054 0.00560193 0.000644061 0 0 0 0 0 0 0 0 0 0 0 0 0 0 
0 0 0 0 0 0 0 0 0 0 0 0 0 0 0 0 3.5782e-05 0.00106486 0.00362288 0.00791854 0.0176822 0.0303649 0.0271317 0.0132576 0.0115763 0.0228165 0.0296467 0.0315397 0.0302769 0.0158689 0.0191408 0.0282946 0.0438577 0.0379132 0.027447 0.0391224 0.0375786 0.0319435 0.0291629 0.0325102 0.0242293 0.0267215 0.0186934 0.0260742 0.0336565 0.0336316 0.0529666 0.0399863 0.0201975 0.00964423 0.000817371 0 5.93338e-06 2.22264e-05 0 0 0 0 0 0 0 0 0 0 0 0 0 0 0 
0 0 0 0 0 0 0 0 0 0 0 0 0 0 0 0 0 0 0.000144052 0.00157152 0.00525678 0.00727938 0.00485157 0.00236428 0.00434042 0.0160195 0.0351049 0.0453565 0.0407066 0.0212101 0.010938 0.0313047 0.0510707 0.0361783 0.0327357 0.0236489 0.0250913 0.01897 0.0267356 0.0363238 0.0454718 0.0432894 0.0254134 0.0227557 0.023948 0.027491 0.039372 0.0225346 0.006364 0.000763477 0 0 0 0 0 0 0 0 0 0 0 0 0 0 0 0 0 0 0 
0 0 0 0 0 0 0 0 0 0 0 0 0 0 0 0 0 0 0 0 0.000159051 0.000484585 0.00060024 3.67442e-05 0.00183738 0.0125203 0.0242376 0.0279097 0.0271383 0.0145197 0.00557657 0.010326 0.0191965 0.0204948 0.0321837 0.0358986 0.0297018 0.018275 0.0202597 0.0359778 0.0577782 0.0491964 0.0213001 0.00875714 0.0115866 0.0194635 0.0081805 0.00410829 0.000669013 0 0 0 0 0 0 0 0 0 0 0 0 0 0 0 0 0 0 0 0 
0 0 0 0 0 0 0 0 0 0 0 0 0 0 0 0 0 0 0 0 0 0 0 0 0.000408515 0.00459874 0.00964578 0.014137 0.00777161 0.0038079 0.00373084 0.0075966 0.00916444 0.0233688 0.0204649 0.0201171 0.0191465 0.0143948 0.0135276 0.0246514 0.0391885 0.0291652 0.010399 0.00172471 0.00292026 0.00282914 0.000437181 0 0 0 0 0 0 0 0 0 0 0 0 0 0 0 0 0 0 0 0 0 0 
0 0 0 0 0 0 0 0 0 0 0 0 0 0 0 0 0 0 0 0 0 0 0 0 0 7.6525e-05 0.00032105 0.0013127 0.000265553 2.17762e-06 7.42228e-05 0.000490469 0.000512479 0.00623958 0.0054955 0.00293575 0.00202271 0.00199397 0.00337826 0.00628436 0.00944069 0.00641579 0.00238011 5.19104e-06 0 0 0 0 0 0 0 0 0 0 0 0 0 0 0 0 0 0 0 0 0 0 0 0 0 

