0 0 0 0 0 0 0 0 0 0 0 0 0 0 0 0 0 0 0 0 0 0 0 0 0 0 0 0 0 8.88372e-05 0.000190517 0.000284174 9.93191e-05 0 0 0 0 0 0 0 0 0 0 0 0 0 0 0 0 0 0 0 0 0 0 0 0 0 0 0 0 0 0 0 0 0 0 0 0 
0 0 0 0 0 0 0 0 0 0 0 0 0 0 0 0 0 0 0 0 0 0 0 0 0 0 0 0.000609098 0.00333737 0.00518609 0.00523838 0.00540756 0.00454933 0.00325865 0.00685835 0.00576168 0.00345014 0.00181112 0.000780569 9.92692e-05 0 0 0 0 0 0 0 0 0 0 0 0 0 0 0 0 0 0 0 0 0 0 0 0 0 0 0 0 0 
0 0 0 0 0 0 0 0 0 0 0 0 0 0 0 0 0 0 0 0 0 0 4.25818e-05 0.000548278 6.39017e-05 0 0 0.00104451 0.00683187 0.00740031 0.00616179 0.00902398 0.00854196 0.00933961 0.0114369 0.0154255 0.0158196 0.0121802 0.00824133 0.00435842 0.00118987 0.000129549 0 0 0 0 0 0 0 0 0 0 0 0 0 0 0 0 0 0 0 0 0 0 0 0 0 0 0 
0 0 0 0 0 0 0 0 0 0 0 0 0 0 0 0 0 0 0 1.15539e-07 8.78165e-05 0.00253021 0.00613876 0.00464212 0.00178702 0.000595704 0.00224154 0.00301663 0.00726802 0.0116917 0.00898876 0.0109518 0.0113438 0.0113777 0.0117388 0.020481 0.0191594 0.0205391 0.0220621 0.0160185 0.00843926 0.00395511 0.000978853 0 0 0 0 0 0 0 0 0 0 0 0 0 0 0 0 0 0 0 0 0 0 0 0 0 0 
0 0 0 0 0 0 0 0 0 0 0 0 0 0 0 0 0 0 0.000235984 0.00126401 0.00345356 0.0125764 0.010189 0.0120489 0.0139948 0.00947363 0.00874897 0.0102264 0.0148337 0.019182 0.0195934 0.0124132 0.014211 0.0117287 0.0112452 0.0174376 0.0242111 0.0246541 0.0234699 0.0207103 0.0181151 0.0196442 0.00628729 0.000387714 0 0 0.000618589 0.00127722 0.00301258 0.00120841 0.000186528 8.29026e-05 0 0 0 0 0 0 0 0 0 0 0 0 0 0 0 0 0 
0 0 0 0 0 0 0 0 0 0 0 0 0 0 0 0 3.66486e-05 0.000578533 0.00291647 0.00905675 0.0116052 0.0165581 0.0111015 0.0133337 0.0174631 0.0132542 0.00947914 0.0114559 0.0201627 0.0199947 0.0219849 0.0196811 0.014956 0.0169061 0.0213183 0.0166125 0.0217563 0.0170458 0.0171435 0.0208184 0.0154749 0.0135264 0.00545249 0.00145768 0.00128516 0.000379503 0.00163302 0.00374494 0.00880266 0.0096059 0.00875681 0.00465363 0.000210198 5.9455e-05 0 0 0 0 0 0 0 0 0 0 0 0 0 0 0 
0 0 0 0 0 0 0 0 0 0 0 0 0 0 1.93104e-05 0.000847044 0.00309785 0.00465304 0.0113219 0.0173639 0.0118119 0.00780681 0.0130134 0.0169958 0.0157692 0.0104745 0.00637395 0.0153936 0.0184532 0.0211548 0.0188172 0.0193048 0.0160282 0.0129921 0.0118324 0.011461 0.0170955 0.0161235 0.0166903 0.0210191 0.0178411 0.0146811 0.0081993 0.00639793 0.00615715 0.00243659 0.00206242 0.00320817 0.00805266 0.0105898 0.0077965 0.00939845 0.00603193 0.00177818 0 0 0 0 0 0 0 0 0 0 0 0 0 0 0 
0 0 0 0 0 0 0 0 0 0 0 0 0 0 0.000608226 0.0050218 0.0111456 0.00808355 0.0106096 0.0104647 0.0092844 0.00660251 0.0105637 0.0179119 0.0172045 0.0122508 0.0108085 0.0146188 0.0166647 0.0228025 0.0209999 0.0243774 0.016149 0.0110623 0.0107939 0.0108028 0.0159783 0.0215255 0.0150345 0.0162933 0.0213936 0.0212896 0.0133921 0.00731324 0.0039511 0.00244448 0.00338591 0.00362896 0.00613988 0.00674852 0.010739 0.0113395 0.0165973 0.00561202 0.000200281 0.00055257 0 0 0 0 0 0 0 0 0 0 0 0 0 
0 0 0 0 0 0 0 0 0 0 0 0 0 6.12033e-05 0.00367875 0.00739238 0.00830783 0.00495373 0.00559322 0.00336832 0.0021057 0.00427318 0.00569114 0.0120507 0.0166572 0.0177262 0.0157283 0.0145853 0.0118162 0.0179057 0.0190257 0.0240512 0.0144547 0.0127135 0.0122792 0.0158361 0.0176921 0.0245047 0.015454 0.0175679 0.0255578 0.0209078 0.0126755 0.0117286 0.00448143 0.00162092 0.00246077 0.00614468 0.00993801 0.0100881 0.00997611 0.00867596 0.0149051 0.0138271 0.00302393 0.00141983 0.00118225 0.000230535 0 0 0 0 0 0 0 0 0 0 0 
0 0 0 0 0 0 0 0 0 0 0 0 0 2.61312e-05 0.00150793 0.00392285 0.00598276 0.00793284 0.00144889 0.00172955 0.00470367 0.00679447 0.00665938 0.00811717 0.0152274 0.0162217 0.0145921 0.0149001 0.019511 0.0226716 0.0173947 0.0181801 0.0132701 0.0134597 0.0159759 0.0201425 0.0181728 0.0150644 0.0157433 0.0188155 0.0214449 0.015676 0.0128924 0.00909805 0.00239869 0.00604317 0.00765328 0.0121951 0.0161746 0.0133532 0.0193461 0.0173752 0.0174501 0.0221148 0.0120254 0.00704042 0.00751793 0.00499269 0.000558641 0 0 0 0 0 0 0 0 0 0 
0 0 0 0 0 0 0 0 0 0 6.87417e-06 8.94641e-05 4.02568e-06 4.855e-05 5.70809e-05 0.000527826 0.00102892 0.00199778 0.0037256 0.0116191 0.0177159 0.0206735 0.0199453 0.0164075 0.0225688 0.0124888 0.0103541 0.0187591 0.0242356 0.0253947 0.0241563 0.0142565 0.0188315 0.0278186 0.0232368 0.0205745 0.0127558 0.00837464 0.0198095 0.0249517 0.0198318 0.0185885 0.013002 0.0082971 0.00337379 0.0119508 0.0200046 0.0231112 0.0188874 0.0135681 0.0197226 0.0174224 0.0148173 0.0214621 0.0246474 0.0177179 0.0143677 0.0110077 0.00276582 0.000218068 0 0 0 0 0 0 0 0 0 
0 0 0 0 0 0 0 0 0 0 0.00128316 0.00459964 0.00257963 0.00146438 0.00182546 0.00441378 0.00384031 0.0039028 0.0124065 0.0182129 0.0222859 0.0277187 0.0322778 0.0261436 0.0260531 0.0192193 0.0140722 0.0168554 0.0225869 0.0174522 0.0187096 0.0141851 0.0194471 0.0256856 0.0210354 0.0149452 0.00826879 0.0079256 0.0159331 0.0210679 0.0165212 0.0146572 0.0147451 0.0151445 0.00735334 0.00925683 0.0154823 0.0203786 0.0218247 0.0185856 0.0139198 0.0143529 0.0122294 0.0113818 0.0236761 0.0213854 0.0150299 0.00853135 0.00867576 0.00252713 6.2331e-05 0 0 0 0 0 0 0 0 
0 0 0 0 0 0 0 0 0 1.29996e-05 0.00215596 0.0140906 0.0144653 0.013649 0.00909664 0.00887352 0.00776596 0.00868149 0.0143806 0.0224325 0.0279401 0.0271784 0.0250119 0.0209908 0.0196257 0.0228078 0.0188878 0.0179705 0.0210608 0.0189798 0.0145729 0.0187281 0.0203402 0.0216002 0.0182946 0.0148843 0.0124573 0.017989 0.0200216 0.0211444 0.0184547 0.0210128 0.0153205 0.0163263 0.0166219 0.0140233 0.0134675 0.0219827 0.0191109 0.0175543 0.0109431 0.0061003 0.00530138 0.00848488 0.0280649 0.0215653 0.0135522 0.0161234 0.0129213 0.00600032 0.000375223 0 0 0 0 0 0 0 0 
0 0 0 0 0 0 0 0 0.000191398 0.000942308 0.00529194 0.0163337 0.0214407 0.0193926 0.0160614 0.0170193 0.0156313 0.0129443 0.021491 0.0220106 0.0210362 0.0231226 0.0218158 0.0193078 0.0218193 0.0259081 0.0248455 0.024244 0.020108 0.0234246 0.0191651 0.0168483 0.0169802 0.0206027 0.0169811 0.0136373 0.0270839 0.0276942 0.0279114 0.0220369 0.0202045 0.0169119 0.0158131 0.014622 0.01883 0.0132663 0.0185085 0.0203442 0.0199014 0.025193 0.0169086 0.00435546 0.00427446 0.00941265 0.0197193 0.0135719 0.0131835 0.0176488 0.0161165 0.00545296 0.00182218 0.000285715 0 0 0 0 0 0 0 
0 0 0 0 0 0 0 0.00176485 0.00316968 0.00350527 0.00350711 0.0112362 0.0231852 0.0230721 0.0227731 0.0153601 0.0188958 0.0156172 0.0166622 0.0218354 0.0175223 0.0205861 0.0211215 0.0204133 0.0176696 0.0189372 0.0219875 0.0261173 0.0221059 0.0260217 0.0261721 0.0166888 0.0129976 0.0142782 0.0193558 0.0199558 0.0278074 0.0268618 0.0306968 0.023682 0.0171065 0.0140941 0.0158001 0.0161345 0.0160934 0.011509 0.0151237 0.0161757 0.0175571 0.0216248 0.0140144 0.00493371 0.00345653 0.00916793 0.0132006 0.0144375 0.0141089 0.0152539 0.0211267 0.010438 0.00594658 0.00355448 0.000405493 0 0 0 0 0 0 
0 0 0 0 0 0 0.000660997 0.00358887 0.0100044 0.00936885 0.00808453 0.0134428 0.0206447 0.0276231 0.0290081 0.020602 0.0248027 0.0192919 0.0160208 0.0178346 0.0219759 0.0208525 0.0195184 0.0178325 0.0208415 0.0224686 0.0157826 0.0168755 0.0177772 0.0222636 0.0265379 0.0147608 0.0116408 0.0132885 0.0185135 0.0205844 0.0266213 0.0234443 0.0295747 0.023016 0.0157834 0.0166198 0.0113806 0.0138392 0.0123345 0.0136168 0.0164358 0.0185956 0.0185389 0.0162139 0.0122352 0.00447686 0.00631547 0.00695253 0.00903679 0.0152896 0.0129008 0.0138988 0.0199408 0.0115416 0.00608389 0.00877831 0.00408644 0.000605152 0 0 0 0 0 
0 0 0 0 0 7.28402e-05 0.00360628 0.00969389 0.0149024 0.0164393 0.0164202 0.0216641 0.0232422 0.0271099 0.0266739 0.0212525 0.0202774 0.01985 0.0206482 0.0238248 0.0247013 0.0237578 0.021074 0.0252762 0.0239579 0.0175583 0.0181537 0.0179922 0.0205251 0.0269492 0.0202002 0.0112489 0.0112529 0.0143132 0.02095 0.0234014 0.0204626 0.0227216 0.0233802 0.0209326 0.018009 0.0154862 0.0143462 0.0186167 0.0228658 0.0139504 0.0197392 0.0157737 0.0260524 0.0238246 0.0133645 0.0106174 0.00587329 0.00936529 0.0136744 0.0123711 0.00500024 0.00657362 0.0180419 0.0176193 0.0112915 0.0136778 0.0109317 0.00476811 9.83208e-05 0 0 0 0 
0 0 0 0 1.46045e-05 0.00107827 0.00965121 0.0151208 0.0113872 0.0179947 0.0208687 0.0234159 0.0194222 0.0195199 0.0204785 0.0191654 0.0231724 0.0215403 0.0194548 0.023931 0.0292959 0.0232794 0.0219473 0.0236737 0.0240844 0.0213192 0.0174415 0.0131195 0.018808 0.02077 0.0196274 0.0141002 0.0210705 0.0273504 0.0254024 0.0345879 0.0222206 0.0168023 0.0171023 0.0182834 0.0183077 0.0184649 0.0141998 0.0152468 0.0224481 0.0177581 0.0254521 0.0157994 0.0186319 0.016045 0.0111645 0.0137079 0.00902947 0.00971033 0.0159922 0.00949771 0.0050785 0.0067902 0.00790385 0.0149056 0.0104774 0.0148123 0.0134711 0.00859177 0.00116402 0 0 0 0 
0 0 0 0 0.000153526 0.00728407 0.0138855 0.016155 0.0165381 0.0186789 0.0164606 0.0188479 0.0202935 0.0184226 0.021335 0.0271106 0.0195693 0.0190247 0.0212553 0.0234523 0.0228183 0.0273711 0.0241816 0.0161642 0.0160597 0.0187479 0.017369 0.0154069 0.0222674 0.0211831 0.0223098 0.0239029 0.0258164 0.0271583 0.02017 0.0197563 0.0204409 0.0209932 0.0223052 0.0179211 0.0209928 0.0184424 0.011408 0.0183524 0.0237973 0.0162561 0.0172104 0.0151612 0.0162162 0.0138163 0.0117924 0.00763797 0.0112262 0.0139625 0.0110958 0.0112372 0.00931329 0.00834455 0.0029628 0.00523966 0.00427054 0.00564464 0.00917847 0.00731576 0.00277877 3.54942e-05 0 0 0 
0 0 0 0 0.00160001 0.0135847 0.0219867 0.0211869 0.0193614 0.0202628 0.0184185 0.0181726 0.0159379 0.0229899 0.0215183 0.0254114 0.0269328 0.0261793 0.029803 0.0264742 0.0231362 0.0197574 0.0220239 0.0172365 0.0177571 0.0181296 0.019935 0.0203935 0.0254621 0.0285386 0.0250753 0.0229823 0.0263137 0.021529 0.0190085 0.0176499 0.0154528 0.0184372 0.0149363 0.0215679 0.0220058 0.0219308 0.0177056 0.0150411 0.0141207 0.0149383 0.0246798 0.0175428 0.0194601 0.0125405 0.0134044 0.00563276 0.00746332 0.0124275 0.0120193 0.0151562 0.0148445 0.0125142 0.00644032 0.00541462 0.00742552 0.0109219 0.0137817 0.0104494 0.00911441 0.000393476 2.94764e-06 0 0 
0 0 0 0.000199527 0.00524655 0.0196592 0.0247425 0.0248637 0.0183008 0.0191876 0.0170221 0.0119189 0.0163244 0.0216714 0.01563 0.0240534 0.0273526 0.0296094 0.0350218 0.0323663 0.0239151 0.0171936 0.0202527 0.0204888 0.025037 0.021052 0.0191886 0.0205767 0.0233109 0.0220339 0.0190569 0.0210477 0.0238787 0.0193203 0.0196372 0.0154118 0.0153114 0.0174295 0.020485 0.0314317 0.0286241 0.0321986 0.0339808 0.0277689 0.0260139 0.0233551 0.0315133 0.0299955 0.016056 0.0129913 0.0139034 0.0118292 0.009536 0.0123581 0.0157815 0.0177507 0.0130684 0.0101389 0.011449 0.0101024 0.0150485 0.0158689 0.0165745 0.00997877 0.00648839 0.0014883 7.67275e-06 0 0 
0 0 0 0.00278259 0.0115807 0.0202185 0.0274624 0.0237093 0.0205708 0.0205882 0.0205992 0.0165066 0.0151084 0.0185819 0.0266277 0.0256952 0.0224494 0.0265388 0.0302628 0.0343776 0.0227097 0.0232376 0.0267149 0.0200405 0.0236207 0.0308848 0.0263671 0.0178071 0.0205351 0.0237303 0.0211886 0.0219984 0.0248491 0.0288996 0.0217214 0.0181016 0.0147717 0.0179487 0.0255033 0.0309423 0.0243419 0.0286148 0.0223038 0.0198174 0.0283528 0.0294528 0.0307877 0.0402761 0.0302807 0.01893 0.0148876 0.0151668 0.0119743 0.0122035 0.0199693 0.0162579 0.0103342 0.0104117 0.0127459 0.0189794 0.0157987 0.0230972 0.0169952 0.0177968 0.00805946 0.00238434 0 0 0 
0 0 0.000170963 0.00673755 0.0184851 0.0175633 0.0223574 0.0194598 0.0250669 0.0376254 0.0528183 0.0281628 0.0196976 0.0229533 0.0238831 0.0247947 0.021067 0.0275267 0.0367133 0.0371739 0.0376164 0.0297219 0.027872 0.0207888 0.0193254 0.0230672 0.0284856 0.022072 0.0206569 0.0243697 0.0255099 0.0168317 0.0263554 0.027606 0.0233733 0.0235369 0.0207507 0.02603 0.017843 0.0215604 0.0258414 0.0265232 0.018431 0.0172634 0.0158347 0.0309121 0.0271236 0.0286604 0.0210088 0.0177163 0.0154263 0.0169495 0.0166615 0.0173805 0.0175739 0.0173175 0.0125327 0.0100315 0.0119718 0.0189607 0.0224806 0.0241672 0.0144448 0.0226486 0.0193197 0.00437637 7.30856e-05 0 0 
0 0 0.00100825 0.00851389 0.0199521 0.0197372 0.0210625 0.0219773 0.0216217 0.0451728 0.107732 0.0379187 0.0169323 0.020361 0.0211988 0.0206386 0.0234223 0.0280012 0.0279625 0.0306504 0.026759 0.0257415 0.0299005 0.0250889 0.0208025 0.0220521 0.0311771 0.0337448 0.0386762 0.0259678 0.0298826 0.0268587 0.0210345 0.0232863 0.0369457 0.0263023 0.0224291 0.0189804 0.0168962 0.0221252 0.0294246 0.0249232 0.0223225 0.0167153 0.0165121 0.0251649 0.020791 0.0201688 0.0175757 0.0161865 0.0152916 0.0168222 0.0135645 0.0134583 0.0197589 0.0175293 0.0147849 0.0104917 0.00870452 0.0129167 0.0169836 0.0128489 0.010503 0.0219179 0.0203955 0.00507338 0.000894165 0 0 
0 0 0.00198331 0.00771004 0.0206492 0.0253314 0.0196902 0.020273 0.0208505 0.0320155 0.057763 0.0394926 0.0194063 0.0148772 0.0160863 0.0179903 0.0203297 0.0284529 0.0339945 0.0282251 0.02488 0.019711 0.0226704 0.0206051 0.0189082 0.0230249 0.0267736 0.0323086 0.0420632 0.0306668 0.0309343 0.0253279 0.0278048 0.0284498 0.0331244 0.0297152 0.0309086 0.0238594 0.0260809 0.029 0.0263708 0.0315158 0.0284875 0.0177792 0.0158416 0.0218294 0.0209992 0.0144884 0.0182323 0.0212349 0.0182626 0.0174349 0.011897 0.0156869 0.0167081 0.0153271 0.0141306 0.0139675 0.0106215 0.0125726 0.014586 0.0116226 0.0081286 0.0131483 0.0128397 0.00786109 0.00138433 0.000171846 0 
0 5.73193e-05 0.00250599 0.00683419 0.00980234 0.0166251 0.0189514 0.0188069 0.022082 0.0263363 0.0277183 0.0204463 0.018129 0.0131587 0.0157868 0.015859 0.0155931 0.0197567 0.0182398 0.0198444 0.0156256 0.0186844 0.0193173 0.0190121 0.0195555 0.0162869 0.0237478 0.0229602 0.0265957 0.0318205 0.0250289 0.0273636 0.0267767 0.0354716 0.0429284 0.0552648 0.057838 0.063988 0.0373186 0.036369 0.0293788 0.030289 0.0235208 0.015947 0.0146102 0.0157882 0.0173409 0.0197655 0.0366714 0.0361645 0.0275422 0.0291218 0.0209216 0.0242164 0.0202831 0.0143173 0.0226112 0.0247954 0.0119856 0.0123007 0.0173946 0.0130293 0.0117861 0.0101319 0.0114853 0.00865788 0.00384416 0.00149987 0 
0 0.000306518 0.00191746 0.00235386 0.00375424 0.0088642 0.0165857 0.0149522 0.0239018 0.017184 0.0154718 0.0196186 0.0171893 0.0209084 0.0200958 0.0221488 0.0218686 0.0182827 0.0168628 0.0134449 0.0152612 0.018 0.0172503 0.0168726 0.0164872 0.0188948 0.0230788 0.0251008 0.0353384 0.0284908 0.0265582 0.0312624 0.0221428 0.0377985 0.0721415 0.0683057 0.061391 0.0601297 0.0525035 0.0419607 0.0344352 0.0282838 0.0170744 0.015311 0.0199833 0.0222147 0.0211896 0.0229865 0.0281865 0.018741 0.0206811 0.0348151 0.0324282 0.0183437 0.0148143 0.0169458 0.013896 0.0199593 0.0156283 0.0167856 0.0220905 0.0183122 0.00894134 0.010415 0.0113022 0.0140134 0.00483007 0.00119935 0 
0 3.66591e-05 8.94299e-05 0.00125889 0.0067814 0.0118061 0.0226372 0.0203886 0.025746 0.0200527 0.0174838 0.0213271 0.0183213 0.0180501 0.0294747 0.0303295 0.0220507 0.0225628 0.0171198 0.0129895 0.00960628 0.0175079 0.0183758 0.017835 0.023101 0.0251578 0.0252277 0.0255655 0.0293717 0.0260063 0.0325472 0.0266333 0.0171161 0.0248357 0.0490555 0.0483004 0.0423259 0.0371149 0.0456463 0.031166 0.0369462 0.0312334 0.0259942 0.0157367 0.016201 0.0198751 0.0196692 0.0225293 0.0190101 0.0161292 0.017137 0.019523 0.0214367 0.0177591 0.0221065 0.0193876 0.0166021 0.01408 0.0221439 0.0195407 0.0135971 0.0106634 0.0108792 0.0100109 0.0166041 0.0156729 0.0103077 0.00459842 0.00052882 
0 0 0 0.00219749 0.0108539 0.0199727 0.0222596 0.0214938 0.0198733 0.0215342 0.021147 0.0173135 0.0180673 0.0172384 0.0293405 0.0291327 0.0248123 0.022017 0.0209036 0.0196133 0.0144221 0.0160023 0.0185996 0.0261463 0.0427059 0.0383546 0.0245967 0.0203245 0.0263687 0.0318555 0.0331882 0.0227073 0.0175776 0.0178623 0.0268321 0.0383439 0.0386621 0.0257897 0.0332887 0.0419767 0.0504832 0.0371589 0.0278421 0.0152379 0.020309 0.0188411 0.0166035 0.0173083 0.0190092 0.0220331 0.0217342 0.0171931 0.027571 0.0401801 0.0208018 0.0123595 0.0107009 0.0198794 0.0312806 0.065925 0.0304529 0.012843 0.016372 0.0192505 0.0222906 0.0214433 0.0221103 0.0148797 0.00174366 
0 0 0 0.00150168 0.0108768 0.0250502 0.0189274 0.0192741 0.0213542 0.0183523 0.0201543 0.0182632 0.023439 0.0192147 0.020548 0.0186286 0.0200902 0.0180636 0.0157515 0.0227887 0.0166184 0.0140882 0.021945 0.0308204 0.049565 0.0473356 0.0288792 0.0225922 0.0312983 0.0334075 0.0261867 0.0209704 0.0194298 0.0165047 0.0285815 0.0386229 0.045389 0.0349077 0.0254754 0.0452056 0.0568323 0.0650051 0.0449556 0.0465355 0.0276011 0.0162839 0.0141959 0.01713 0.021111 0.0216684 0.0198033 0.0173988 0.0321356 0.0422745 0.0194071 0.0109331 0.00887924 0.0169485 0.0295185 0.107845 0.0602923 0.0303727 0.0316201 0.0337825 0.0290025 0.0301609 0.0258914 0.0144728 0.00233977 
0 0 0.000129774 0.00551224 0.0152139 0.0264291 0.0193611 0.0189588 0.017143 0.0115095 0.0130256 0.017087 0.0178693 0.0147439 0.0165362 0.0106336 0.0128519 0.0179308 0.0216535 0.0230129 0.0169698 0.0152573 0.0176756 0.0273192 0.0326472 0.0290526 0.0290899 0.0260073 0.0280745 0.0232992 0.0162581 0.0151059 0.0234208 0.02322 0.0272579 0.0296747 0.0485102 0.0492503 0.033943 0.0428481 0.0486313 0.0764414 0.065127 0.0569982 0.0426022 0.0196848 0.0121312 0.0145649 0.0154555 0.0215313 0.0164873 0.0116661 0.0148312 0.0153806 0.0176613 0.0119627 0.0157598 0.0154357 0.0204776 0.0299897 0.0270937 0.0253121 0.0259423 0.0361663 0.0438818 0.0316041 0.0201819 0.0158304 0.00507649 
0.000120185 0.000307109 0.00238717 0.00518764 0.0227441 0.0470665 0.0396599 0.0202232 0.0199494 0.0137129 0.0160699 0.0139958 0.0138369 0.0143665 0.0118417 0.0117962 0.0153351 0.0124404 0.0178029 0.0161448 0.0149215 0.0222362 0.0142223 0.0174827 0.0227245 0.0212641 0.0192398 0.0267674 0.0226233 0.0176999 0.0139785 0.0131302 0.0171328 0.0231156 0.0215476 0.0329271 0.0373677 0.0399997 0.0408457 0.0427163 0.0363316 0.0524738 0.0432342 0.039473 0.0521718 0.0380151 0.0181956 0.0145717 0.0160611 0.0173542 0.0163467 0.0161371 0.0120581 0.0119726 0.0145831 0.00889272 0.0138329 0.015274 0.0165329 0.0170303 0.014921 0.0225315 0.0258462 0.0361276 0.0361157 0.0198526 0.0122244 0.0145908 0.00583407 
7.83902e-05 0.00241329 0.00835439 0.00442962 0.0290418 0.0487858 0.0454293 0.0198365 0.0102885 0.0131956 0.0173645 0.0141581 0.0101514 0.0111637 0.0163738 0.0181032 0.0150009 0.00958482 0.0119343 0.0183511 0.0188973 0.0168713 0.0106647 0.0172036 0.0186369 0.0169578 0.0187317 0.0207169 0.0137074 0.0171746 0.0165348 0.018355 0.0149345 0.0239706 0.0320365 0.0335038 0.02488 0.0316014 0.0325049 0.0319945 0.0306869 0.0346335 0.038907 0.0318637 0.041223 0.0457879 0.0235396 0.0247667 0.0243083 0.0165046 0.0168933 0.0196023 0.0135608 0.00827601 0.00855819 0.0104 0.0085536 0.0144202 0.0179536 0.0133389 0.0134922 0.0202459 0.0242428 0.0321885 0.0274426 0.01781 0.0162721 0.0121215 0.00444218 
0.000265762 0.00347792 0.0150901 0.00795501 0.0159772 0.0195535 0.0281471 0.0140992 0.0102686 0.0165591 0.0152817 0.0138447 0.0133118 0.0188492 0.0189955 0.0243354 0.0187191 0.0146811 0.0120588 0.0166502 0.0183048 0.0181536 0.0147718 0.0193933 0.0197857 0.0185903 0.0143588 0.0124045 0.0178631 0.0245026 0.0193258 0.0177825 0.0179836 0.017176 0.0250653 0.0321512 0.0253984 0.0265238 0.0421087 0.0442862 0.0290098 0.0233999 0.0298642 0.0270773 0.0282276 0.0443707 0.0324144 0.0218661 0.0230456 0.0182114 0.0133813 0.0196488 0.0190477 0.0120766 0.0081012 0.00969517 0.0132757 0.0181655 0.0173919 0.0196156 0.0186978 0.0169167 0.0211294 0.0129358 0.0144069 0.0172391 0.0152066 0.00714999 0.00532864 
0.000428329 0.00181537 0.0137985 0.0152619 0.00920987 0.0120003 0.0123024 0.00907547 0.00933379 0.0175374 0.0216223 0.0178312 0.0177717 0.0175747 0.0196369 0.0194173 0.0157718 0.0156081 0.019673 0.020884 0.0171913 0.0152659 0.0166096 0.0192165 0.0209849 0.0219873 0.0172741 0.0151637 0.0128409 0.0190565 0.0190523 0.0148416 0.0184829 0.0197701 0.0253111 0.0362022 0.0334937 0.0248557 0.0488834 0.0550009 0.024542 0.0206819 0.0212729 0.0220954 0.0370086 0.0670853 0.0473445 0.0223889 0.0237623 0.022555 0.015412 0.0229533 0.0184022 0.0130725 0.0113933 0.0144399 0.0180848 0.0247223 0.0256412 0.0156903 0.0124426 0.0144085 0.0196814 0.0153361 0.0170351 0.0184042 0.0219146 0.0143657 0.00368128 
0.000198183 0.00504691 0.0105334 0.0148555 0.0167261 0.00697234 0.00798593 0.00926762 0.0112214 0.0163818 0.0178833 0.0278529 0.0276799 0.0273167 0.0184258 0.0169264 0.0160757 0.0184431 0.0183799 0.0208315 0.0201 0.0174684 0.0201977 0.0214178 0.0233041 0.0200833 0.0256179 0.0148809 0.0166703 0.0197158 0.0135255 0.0137208 0.0148177 0.0224609 0.0248139 0.0228008 0.0317324 0.027817 0.0554292 0.0606476 0.0322558 0.0273447 0.0234089 0.0288966 0.0379169 0.0670808 0.0569486 0.0254544 0.0281697 0.0184245 0.0169532 0.0253432 0.0196404 0.0131343 0.0123782 0.019858 0.0206403 0.0216108 0.0213339 0.0163213 0.0120265 0.0128623 0.0199026 0.0202795 0.0291021 0.0270398 0.0255007 0.0148901 0.000236458 
0.000207496 0.00682511 0.0135325 0.0139468 0.015439 0.00608795 0.00624117 0.00540158 0.0148261 0.0202519 0.0129659 0.0217151 0.0216416 0.0235014 0.0198483 0.0115774 0.0205971 0.0183833 0.0152464 0.0184053 0.0197857 0.0162621 0.016079 0.0162786 0.0184066 0.018246 0.0204744 0.0143794 0.0162894 0.0196803 0.0206025 0.0180071 0.0196125 0.0237383 0.0256972 0.0266029 0.0316034 0.0343264 0.0362534 0.0361942 0.0387438 0.0279544 0.0218453 0.0204341 0.03384 0.0519343 0.0632706 0.0346231 0.0269517 0.0171859 0.0129096 0.0228013 0.0229851 0.019536 0.021431 0.026543 0.0182619 0.0180937 0.0173002 0.0140356 0.0106712 0.0162796 0.0232476 0.0195704 0.019777 0.0209359 0.0270749 0.0165799 0.000602742 
0.000220726 0.00464667 0.0133227 0.00823427 0.00472806 0.0123847 0.0113924 0.00915407 0.0177726 0.0142194 0.00608585 0.00771198 0.00898936 0.0160379 0.0174723 0.0178788 0.0125868 0.0115291 0.00947602 0.00825775 0.0202983 0.0220468 0.0162875 0.0157828 0.0226561 0.0172809 0.0165246 0.0201594 0.0165035 0.0164928 0.0233594 0.0279796 0.024834 0.0245799 0.0240507 0.0383041 0.038394 0.0284558 0.0245116 0.0191687 0.0434367 0.0394932 0.036171 0.0218333 0.0200085 0.0325812 0.0461514 0.0394169 0.0231608 0.0164364 0.0162691 0.0151476 0.019888 0.0228362 0.0333165 0.0305929 0.0186052 0.0186161 0.0179574 0.0191116 0.0186801 0.0206456 0.0217162 0.0202539 0.0225073 0.0185539 0.0225325 0.0165234 0.00231927 
0.000177096 0.00204329 0.0037599 0.00608273 0.00527765 0.00795205 0.0075772 0.0140296 0.0184525 0.0140692 0.00757003 0.00867516 0.00800227 0.0105715 0.0132956 0.0107633 0.00848398 0.00674648 0.00444548 0.00537005 0.0142499 0.0202247 0.0202576 0.017576 0.0234413 0.0238199 0.0236193 0.0185003 0.0179605 0.01927 0.0222493 0.025467 0.0214038 0.0210596 0.020147 0.0288925 0.025834 0.0168199 0.0139067 0.018195 0.036619 0.0401322 0.0293081 0.028256 0.0190427 0.0228219 0.0442735 0.0372255 0.0241905 0.0141509 0.0150477 0.0184429 0.0182445 0.0297199 0.0389681 0.0295272 0.0295042 0.0216778 0.018521 0.0251267 0.0282668 0.0268484 0.0418896 0.0301905 0.0169902 0.0166648 0.0191351 0.0116997 0.00128996 
0 0.00024345 0.000379529 0.00261315 0.0064645 0.0112164 0.015252 0.0177549 0.0184611 0.0146544 0.0173798 0.0167413 0.0144439 0.0145321 0.0106414 0.00724132 0.0082143 0.0101616 0.00496026 0.00585577 0.0149662 0.0201132 0.0149564 0.0180294 0.018406 0.0252469 0.023688 0.0202308 0.0162845 0.0182459 0.0235406 0.0263766 0.0247 0.020946 0.0239683 0.0226985 0.0190019 0.0146964 0.0167051 0.0164565 0.0210067 0.0353958 0.0406033 0.0287488 0.0242369 0.0240356 0.0408686 0.0244452 0.019266 0.0145971 0.0171722 0.0177432 0.0234777 0.0256524 0.0326565 0.0287192 0.0255283 0.018711 0.016129 0.0270913 0.0223089 0.0230303 0.040757 0.0270514 0.0181602 0.0157634 0.0179084 0.0158747 0.00236426 
0 0.0010796 0.00978367 0.00342979 0.0018817 0.00556587 0.0077746 0.0108787 0.0187199 0.0211637 0.0192037 0.022244 0.0174841 0.00687504 0.00646879 0.0104979 0.00969045 0.00861178 0.00490273 0.00569379 0.0162149 0.0190703 0.0114366 0.0139851 0.0139186 0.0173721 0.0169449 0.0175883 0.0204053 0.0193925 0.0265755 0.0253055 0.0248904 0.0244496 0.0318134 0.0276055 0.016517 0.0158641 0.0206116 0.0194289 0.0203008 0.0283342 0.038704 0.0262419 0.0299767 0.037082 0.0298842 0.0237376 0.0217809 0.0125246 0.0208004 0.0178939 0.0285616 0.0274935 0.0264974 0.0222805 0.0182348 0.0255796 0.0249923 0.0263479 0.0203719 0.0240988 0.0259648 0.0218216 0.0195489 0.019663 0.0148912 0.0151878 0.00566802 
0 0.00051929 0.00375124 0.00147132 0.000894311 0.00319024 0.00830567 0.0106411 0.0159742 0.0177724 0.0172845 0.0172569 0.0111335 0.00755987 0.00938986 0.0101019 0.00858375 0.00967321 0.00886623 0.0112293 0.0169088 0.0168734 0.0132643 0.012381 0.0116124 0.0181775 0.0274197 0.0264601 0.0207187 0.0187469 0.021376 0.0183109 0.0183071 0.0190613 0.0195537 0.0249162 0.0185302 0.0199844 0.0220102 0.0241185 0.0270695 0.0271563 0.0324919 0.0373029 0.0326774 0.0243353 0.0240907 0.0210479 0.0172674 0.0144687 0.02259 0.0219347 0.0316993 0.0310661 0.0286519 0.0198066 0.0202068 0.0275397 0.030513 0.0273504 0.025725 0.0246242 0.0260483 0.0212938 0.0175832 0.0193494 0.0109226 0.00669476 0.00228252 
0 0 0 0 0.00209269 0.00511831 0.00382466 0.00897609 0.0114277 0.0124143 0.0131266 0.0143528 0.0104474 0.012379 0.00807086 0.01253 0.0176632 0.0199334 0.0199498 0.0169314 0.0216516 0.017346 0.0150683 0.0223896 0.0194739 0.0143075 0.0258097 0.0238272 0.0183568 0.0158254 0.0220916 0.0204704 0.0179713 0.0199086 0.0200815 0.0224327 0.022403 0.02153 0.0177344 0.0246049 0.0228504 0.0252183 0.0321966 0.0301901 0.0321366 0.0250833 0.0277886 0.0267547 0.0226936 0.0239865 0.028448 0.0334686 0.0343554 0.023497 0.0367162 0.0316815 0.0219356 0.0215812 0.0195904 0.0238931 0.0239393 0.0219835 0.0226138 0.0204503 0.0199197 0.0191395 0.0125736 0.00712632 0.00111081 
0 0 0 0 0.00253704 0.00295337 0.00159144 0.00874514 0.0122323 0.0124638 0.0107421 0.0159851 0.020157 0.0166242 0.0108956 0.0117621 0.0198896 0.0232546 0.0244082 0.024853 0.0260831 0.0211674 0.0180065 0.0160028 0.0187606 0.0182231 0.0166786 0.0183088 0.0177718 0.0194763 0.0225601 0.0252909 0.0201333 0.0246292 0.0222147 0.0219885 0.0218505 0.0271167 0.0233528 0.0251015 0.0231937 0.0215229 0.028847 0.0278354 0.0242786 0.0267684 0.0282154 0.0225706 0.0249365 0.0388325 0.0372618 0.0326882 0.0269591 0.0216459 0.0359835 0.029307 0.0229816 0.0246779 0.0171885 0.0205576 0.0227987 0.0193114 0.0154414 0.0122949 0.0173728 0.0202545 0.0191888 0.00390472 0.00020679 
0 0 0 0 0.000180321 9.07381e-05 0.00200052 0.0102827 0.0200514 0.0184304 0.013206 0.0107797 0.0104319 0.0144448 0.00830889 0.00948411 0.0185508 0.0251237 0.0312899 0.0248662 0.0266819 0.0257243 0.0166507 0.0168392 0.018825 0.0195929 0.0208968 0.0144024 0.0142191 0.0151395 0.0195673 0.0212914 0.0249464 0.0291044 0.0221215 0.0146181 0.013409 0.0218653 0.0188284 0.0232421 0.0271534 0.0200043 0.025215 0.0283406 0.0204937 0.0230544 0.0261737 0.0254266 0.027997 0.0673595 0.0548524 0.0300866 0.0220143 0.0237708 0.0275496 0.0194926 0.0253541 0.0296252 0.0248001 0.0163813 0.014399 0.0150766 0.0138547 0.0124298 0.0151521 0.0202189 0.0190326 0.00380917 0 
0 0 0 1.83318e-05 0.00282018 0.00448843 0.00522795 0.0151062 0.0179599 0.0203218 0.014965 0.00827095 0.00649505 0.0107972 0.0091805 0.0086269 0.0183589 0.0232739 0.0269501 0.026556 0.0226149 0.0259297 0.0185501 0.021882 0.022964 0.021834 0.0279485 0.0226229 0.0140436 0.00906767 0.00852372 0.0318218 0.0488385 0.0334884 0.0198153 0.0161115 0.0186695 0.022364 0.0212526 0.0272665 0.0272676 0.0222609 0.023495 0.0260429 0.0224895 0.0201068 0.0289302 0.0303069 0.0311729 0.0622925 0.0530925 0.0354173 0.0324544 0.0300518 0.0294573 0.0238076 0.0272501 0.0297052 0.0215881 0.0118634 0.0101082 0.012695 0.0194524 0.0221486 0.015518 0.0164518 0.0138687 0.00333013 0 
0 0 0 0.000719516 0.00808877 0.0117966 0.00794553 0.0145402 0.0155358 0.0165868 0.00861795 0.00785505 0.0116705 0.0114319 0.0155345 0.0116323 0.0144454 0.0222515 0.0263673 0.0291252 0.0291605 0.0331976 0.0192617 0.0205306 0.0256428 0.0225408 0.020327 0.0263432 0.019758 0.0150023 0.0132698 0.0251014 0.0424311 0.0281146 0.0198499 0.0176529 0.0212179 0.0219932 0.0262762 0.0302597 0.0277246 0.0240728 0.0335373 0.0314422 0.0183642 0.0236248 0.023455 0.0328408 0.039214 0.0394173 0.0363622 0.0346543 0.0269433 0.0237156 0.024921 0.0220977 0.0252909 0.0225091 0.0110865 0.00702449 0.00718514 0.0177374 0.0311898 0.0295195 0.0166264 0.0101734 0.00847377 0.000821624 0 
0 0 0 0.000314319 0.00873509 0.0110477 0.0125456 0.0161244 0.0159961 0.0150461 0.0120918 0.010953 0.0114749 0.00925468 0.0115976 0.0166355 0.0108603 0.0126548 0.0208252 0.0277431 0.0329439 0.029653 0.0257138 0.0221082 0.0226537 0.019046 0.0176722 0.0201388 0.017673 0.0158954 0.0162987 0.0155689 0.0216703 0.0199479 0.0211944 0.0213637 0.0235991 0.0239732 0.0366868 0.0349308 0.0309877 0.0266461 0.025694 0.0306793 0.0205597 0.0208512 0.0264814 0.0298531 0.0370914 0.0317993 0.0396066 0.0270907 0.0240417 0.0213249 0.0237971 0.0275921 0.0198212 0.0129115 0.00788814 0.00780956 0.00874803 0.0134257 0.0236012 0.0226255 0.0154571 0.00780809 0.00283304 8.24316e-05 0 
0 0 0 1.18518e-05 0.00174988 0.00441568 0.0100758 0.0125498 0.0205224 0.0209678 0.0303266 0.0214838 0.0144784 0.00625588 0.0108919 0.0135325 0.0115681 0.00282597 0.00884051 0.0170379 0.0283759 0.0364267 0.0296145 0.0274076 0.022055 0.0188926 0.0198361 0.0177657 0.0185883 0.0212726 0.0216265 0.0204142 0.0188373 0.0198653 0.0240842 0.018996 0.024268 0.0280474 0.0313803 0.0395653 0.0383314 0.0323343 0.0269506 0.020913 0.0277756 0.02416 0.0248839 0.0336652 0.0328752 0.0308142 0.037267 0.0237697 0.0167094 0.0241773 0.027492 0.0242741 0.0166745 0.0141824 0.00998638 0.0121497 0.0122389 0.00880287 0.0123781 0.0132439 0.0109669 0.00294666 0.000402895 0 0 
0 0 0 0 0.000738426 0.00589334 0.0130003 0.0163671 0.0205316 0.0259081 0.0338413 0.0250035 0.0112347 0.00565703 0.00932132 0.0126869 0.012437 0.00492106 0.00140085 0.00658198 0.017167 0.0306893 0.0250009 0.0282284 0.0282223 0.0280478 0.0203773 0.0186977 0.0230333 0.0264336 0.0253102 0.020588 0.023763 0.0274355 0.0381769 0.0336176 0.0234206 0.020016 0.0278864 0.0396913 0.0451261 0.031537 0.024196 0.0135808 0.0201571 0.0246577 0.023214 0.0269247 0.0280454 0.0299817 0.0262943 0.0206877 0.0190662 0.0175227 0.0152879 0.0164909 0.0131323 0.00805132 0.00614218 0.0111391 0.0115098 0.00533922 0.00135931 0.000457615 0.000651285 0.000213667 0 0 0 
0 0 0 0 0.00116675 0.00830408 0.0191847 0.0178518 0.0174375 0.0238176 0.0263566 0.01899 0.0101359 0.00418831 0.0087565 0.0155641 0.0106709 0.00438989 0.00124824 0.000946668 0.00335487 0.0156329 0.016405 0.0218405 0.0260164 0.0256468 0.0232432 0.022492 0.0275327 0.0329589 0.0303672 0.0241506 0.0224289 0.0271604 0.0396489 0.0341707 0.0361202 0.0275334 0.0293715 0.0419379 0.0451917 0.0245227 0.015585 0.0133737 0.013534 0.0264817 0.0204128 0.0276349 0.028942 0.0261148 0.0335054 0.0302667 0.0160671 0.0151377 0.0092856 0.0106825 0.00966581 0.00697447 0.00609148 0.00597726 0.00906451 0.0117882 0.00264137 0.000107786 0 0 0 0 0 
0 0 0 0 0.00021533 0.00419804 0.0149212 0.0147795 0.0173956 0.0117544 0.0113233 0.0180647 0.0177609 0.00939315 0.00720278 0.00953008 0.0081173 0.00619487 0.000741892 0.000163785 0.0028661 0.00615147 0.0147359 0.0217285 0.028977 0.0303605 0.0322297 0.022561 0.0260967 0.0309528 0.0184711 0.0277727 0.0281733 0.0351919 0.0331196 0.0282059 0.0337308 0.0329668 0.0313132 0.0405597 0.0474541 0.0225125 0.0157039 0.0184289 0.00979355 0.0134505 0.0170356 0.015194 0.0151673 0.0185657 0.0378848 0.0347269 0.0163961 0.0137371 0.00808589 0.00609428 0.00707774 0.00413916 0.00320148 0.00950227 0.0193937 0.0150508 0.0104245 0.00603531 9.62764e-05 0 0 0 0 
0 0 0 0 1.17215e-05 0.00105354 0.0123713 0.0173194 0.0149504 0.0100184 0.0130056 0.0306111 0.0310935 0.0175843 0.00971485 0.0110625 0.00818198 0.0107543 0.0117394 0.00261381 0.0017348 0.00800039 0.0136581 0.0179183 0.0222814 0.0315113 0.0355107 0.0247974 0.0256969 0.0181711 0.0132685 0.0247907 0.0315599 0.0417267 0.0274476 0.0277654 0.0304841 0.0320007 0.032504 0.0340063 0.0352861 0.0226593 0.0244944 0.0222398 0.0171193 0.0150446 0.0154379 0.0109216 0.0152543 0.0234937 0.034537 0.0241054 0.0113566 0.0155592 0.0150943 0.00829603 0.00810479 0.00484178 0.00254312 0.00605391 0.0147504 0.0168939 0.0162898 0.00873449 0.00041698 0 0 0 0 
0 0 0 0 0 0.000138083 0.00578525 0.0119305 0.0197184 0.0175075 0.0152224 0.0360144 0.0280081 0.0141728 0.009245 0.0120794 0.0207068 0.0249771 0.0270065 0.0111986 0.00285492 0.000940953 0.00509735 0.00819731 0.0137631 0.0287356 0.028113 0.0375051 0.0355249 0.0253684 0.0251352 0.0280502 0.0322441 0.0391699 0.0278168 0.0226951 0.0278509 0.0338744 0.0247504 0.0313869 0.0252021 0.0202739 0.0305144 0.0239004 0.0212653 0.0174766 0.0134387 0.0149544 0.0193471 0.0223832 0.0317232 0.0305948 0.0161703 0.0153861 0.0181235 0.0147005 0.00905971 0.00700826 0.0072564 0.00826753 0.0162304 0.012467 0.0099842 0.00251753 0 0 0 0 0 
0 0 0 0 0 0 0.000961531 0.00673348 0.0247429 0.0225939 0.00983439 0.0159742 0.0179791 0.0191484 0.0162093 0.0152286 0.0304567 0.025487 0.024247 0.0131621 0.00489888 0.000146205 0.00253152 0.00538157 0.0177682 0.0311527 0.0291112 0.0294818 0.0306593 0.0264833 0.0300913 0.027026 0.0239823 0.0262121 0.0283317 0.0245605 0.0192859 0.0264411 0.0226546 0.0245609 0.0182952 0.017761 0.0188075 0.0224085 0.0191247 0.0178518 0.0165565 0.0179194 0.0184738 0.01774 0.0292313 0.0321789 0.0260892 0.0170521 0.0167197 0.0131156 0.0101918 0.0146679 0.0244584 0.0188531 0.00968357 0.00271394 0.000531418 0.000140967 0 0 0 0 0 
0 0 0 0 0 0 0 0.00114345 0.0179473 0.015552 0.00365557 0.00239657 0.01297 0.0167266 0.0140652 0.00966183 0.0141065 0.0143663 0.0152436 0.0130371 0.00238803 0.00223329 0.00571602 0.00592195 0.0215083 0.0316583 0.0350511 0.037388 0.0254881 0.0274949 0.0339845 0.0324104 0.0249058 0.0244815 0.028503 0.0216727 0.0182393 0.0239155 0.0190923 0.0196676 0.0160495 0.0136999 0.0198255 0.0206805 0.0217563 0.0177785 0.0170104 0.018844 0.0181821 0.019409 0.0366909 0.055971 0.0371252 0.0272336 0.0135373 0.0088821 0.0148684 0.0212939 0.0312935 0.0259878 0.0113971 0.0018251 0 0 0 0 0 0 0 
0 0 0 0 0 0 0 0.000150636 0.00289713 0.00256304 0.000411525 0.00171915 0.00906317 0.0168878 0.0124235 0.00414705 0.0111545 0.0116856 0.0173399 0.0086139 0.00376071 0.0170271 0.0148316 0.00687794 0.0195442 0.0356476 0.0399663 0.0426082 0.0362077 0.035332 0.0284144 0.0245166 0.0216245 0.0221167 0.0255292 0.024703 0.0218057 0.023447 0.0318105 0.023161 0.0172098 0.0178699 0.0162374 0.0189499 0.0258184 0.0245476 0.0314628 0.0268617 0.0218148 0.0222884 0.027818 0.0596098 0.040032 0.0256483 0.0220309 0.0143826 0.0205265 0.0226904 0.0182382 0.0161484 0.00815365 0.000614126 0 0 0 0 0 0 0 
0 0 0 0 0 0 0 0 0 0 0.000126543 0.00277149 0.0126148 0.0179342 0.00770495 0.00543291 0.0123327 0.0102942 0.00683783 0.00436746 0.0092785 0.0225113 0.0156658 0.014208 0.0252055 0.0425329 0.0415583 0.0367843 0.0425108 0.0362396 0.0225483 0.0194262 0.0227987 0.0225102 0.0173401 0.0220456 0.0300197 0.0298054 0.0343902 0.0360582 0.02724 0.0191569 0.0200985 0.0253948 0.0285905 0.0317309 0.0261095 0.0274507 0.0304056 0.0243051 0.0142531 0.0251024 0.0258107 0.0170511 0.0292267 0.0180571 0.029399 0.0346985 0.0227738 0.00920852 0.00202272 0 0 0 0 0 0 0 0 
0 0 0 0 0 0 0 0 0 0 0.000358154 0.00373219 0.00751411 0.0101896 0.0029747 0.00661237 0.0133374 0.0125177 0.00704658 0.00631897 0.0188745 0.0235479 0.0180925 0.0237506 0.025111 0.0347893 0.036395 0.0414583 0.0448472 0.0353773 0.0232014 0.0206778 0.0221903 0.0207922 0.014439 0.0234123 0.0253337 0.0439857 0.0499926 0.0347989 0.0379011 0.0376816 0.0432384 0.0461988 0.036238 0.0383769 0.0281113 0.0181141 0.0304053 0.0278916 0.0206628 0.0246089 0.0256501 0.0269546 0.0343327 0.0315602 0.0395208 0.0381665 0.0236798 0.00260401 0 0 0 0 0 0 0 0 0 
0 0 0 0 0 0 0 0 0 0 5.9776e-05 0.000438506 0.00326521 0.00144557 0.00365171 0.011455 0.012605 0.00644056 0.00103982 0.00472841 0.019225 0.0299512 0.0258429 0.0297935 0.0233213 0.0315764 0.0331404 0.0392067 0.0327717 0.0291014 0.0234121 0.0258655 0.0343644 0.0293354 0.0257187 0.0224691 0.0254073 0.0485691 0.0590424 0.0427538 0.0582323 0.0680473 0.0655098 0.0422586 0.040224 0.0374707 0.025365 0.0155091 0.0218681 0.0220006 0.0299219 0.0337256 0.0295063 0.0366746 0.0350318 0.0269155 0.0210913 0.0137524 0.0040618 8.3088e-05 0 0 0 0 0 0 0 0 0 
0 0 0 0 0 0 0 0 0 0 0 0 6.83259e-05 2.49359e-05 0.00465204 0.00940161 0.00632879 0.00199724 0.0010634 0.00842321 0.0221701 0.0258092 0.0234089 0.0227539 0.0165451 0.0247248 0.0300209 0.0252751 0.0244331 0.0269428 0.0289687 0.0351495 0.0454564 0.0343613 0.0291144 0.0169453 0.0250436 0.0332797 0.0436076 0.0412819 0.0529337 0.0818048 0.0500709 0.0302938 0.0344706 0.0386229 0.0328683 0.0187325 0.017311 0.0202328 0.0249526 0.0307299 0.0292226 0.0366985 0.0425057 0.0256128 0.0133516 0.00308968 0.000159395 0 0 0 0 0 0 0 0 0 0 
0 0 0 0 0 0 0 0 0 0 0 0 0 0 9.24362e-05 0.000658885 0.000376979 0.000193461 0.00541127 0.0131264 0.021241 0.0255182 0.0223513 0.0259467 0.0223128 0.0232175 0.0285421 0.022417 0.0242294 0.0278746 0.0308423 0.0338692 0.0354691 0.0304168 0.0264984 0.0253779 0.0336107 0.0340495 0.0364987 0.0413588 0.0462675 0.0438435 0.0346004 0.0313374 0.0405877 0.0365379 0.0339264 0.0326614 0.0300657 0.0239536 0.0228144 0.0232272 0.0199097 0.0217223 0.019675 0.0111245 0.00360416 0.000381664 0 0 0 0 0 0 0 0 0 0 0 
0 0 0 0 0 0 0 0 0 0 0 0 0 0 0 0 0 0.000100039 0.00910211 0.018053 0.0197804 0.0198919 0.0197339 0.0303281 0.0291138 0.0259445 0.0303099 0.027591 0.0296425 0.0316438 0.028445 0.030774 0.0350881 0.0264259 0.0323124 0.0526301 0.0520505 0.0415812 0.03714 0.0403944 0.0448292 0.0370447 0.0254729 0.0237863 0.0358855 0.0306619 0.0341245 0.0449498 0.0433096 0.0410758 0.0270715 0.0175194 0.0155037 0.0109366 0.00775097 0.00122429 6.31813e-05 0 0 0 0 0 0 0 0 0 0 0 0 
0 0 0 0 0 0 0 0 0 0 0 0 0 0 0 0 0 0 0.000957488 0.00359355 0.00596424 0.0168695 0.0253376 0.0263941 0.0280078 0.033413 0.0264989 0.0262992 0.0277137 0.0238378 0.0305722 0.026464 0.0344472 0.0280656 0.0370589 0.0706531 0.0669553 0.0504584 0.0419933 0.0256704 0.0334672 0.0317917 0.0297335 0.0268843 0.0322388 0.0274452 0.0275317 0.043034 0.0478624 0.0418357 0.016844 0.00581869 0.00409162 0.00131984 0.000546156 2.45935e-05 0 0 0 0 0 0 0 0 0 0 0 0 0 
0 0 0 0 0 0 0 0 0 0 0 0 0 0 0 0 0 0 0 0.00070392 0.00171919 0.00785754 0.0164641 0.0160281 0.0132752 0.0137759 0.0166473 0.0235573 0.0273543 0.0221901 0.0322887 0.0247651 0.0295725 0.0451195 0.0487589 0.05719 0.0585041 0.0478918 0.0378578 0.0341082 0.0254176 0.0334104 0.0342772 0.0395626 0.0355426 0.0374748 0.039913 0.0454607 0.0355995 0.0202428 0.00397844 0.000177776 0.00014398 0 0 0 0 0 0 0 0 0 0 0 0 0 0 0 0 
0 0 0 0 0 0 0 0 0 0 0 0 0 0 0 0 0 0 0 0.000403138 0.000201179 0.00110412 0.00495039 0.00404272 0.00539725 0.00764548 0.0134158 0.0193463 0.0229709 0.0189672 0.0299099 0.0217217 0.0390832 0.0523104 0.056078 0.0489501 0.0434119 0.0381106 0.0299673 0.0392449 0.0367309 0.0410196 0.0367858 0.0493112 0.0303727 0.0247523 0.0353479 0.0198666 0.00619375 0.00142018 0.000174818 0 0 0 0 0 0 0 0 0 0 0 0 0 0 0 0 0 0 
0 0 0 0 0 0 0 0 0 0 0 0 0 0 0 0 0 0 0 0 5.87468e-05 0.000648967 0.00179683 0.00381333 0.00967633 0.00853431 0.0133753 0.0121751 0.0121697 0.0110447 0.0220986 0.0242945 0.0288786 0.0313732 0.0457958 0.048032 0.0325364 0.042734 0.0485318 0.0515529 0.0357657 0.0371773 0.0354313 0.0419467 0.017408 0.00853413 0.0144979 0.00566567 0.000609203 0 0 0 0 0 0 0 0 0 0 0 0 0 0 0 0 0 0 0 0 
0 0 0 0 0 0 0 0 0 0 0 0 0 0 0 0 0 0 0 0 0 0 0 0.000315188 0.00239962 0.0015438 0.00433318 0.0053764 0.00728533 0.00573297 0.00638557 0.00825801 0.00631693 0.0062452 0.0195923 0.0360517 0.0316153 0.0395943 0.0338431 0.0264217 0.0172358 0.0268248 0.0291105 0.0187511 0.00261341 0.0013836 0.00104644 0.000206785 0 0 0 0 0 0 0 0 0 0 0 0 0 0 0 0 0 0 0 0 0 
0 0 0 0 0 0 0 0 0 0 0 0 0 0 0 0 0 0 0 0 0 0 0 0 0 0 0.000259312 0.000320568 0.00036065 0.000863378 0.00156109 0.00236818 0.00167081 0.000271018 0.00215396 0.00894805 0.00870349 0.00826034 0.00294641 0.00213391 0.00215783 0.00526806 0.00507008 0.0013185 5.89068e-05 0 0 0 0 0 0 0 0 0 0 0 0 0 0 0 0 0 0 0 0 0 0 0 0 

