0 0 0 0 0 0 0 0 0 0 0 0 0 0 0 0 0 0 0 0 0 0 0 0 0 0 0 0 0 0 0 3.14259e-06 0.000170236 0.000400436 0.000304697 4.8916e-05 0 0 0 0 0 0 0 0 0 0 0 0 0 0 0 0 0 0 0 0 0 0 0 0 0 0 0 0 0 0 0 0 0 
0 0 0 0 0 0 0 0 0 0 0 0 0 0 0 0 0 0 0 0 0 0 0 0 0 0 0 0 0.000161493 0.0017975 0.00197732 0.00592298 0.0122354 0.00806962 0.00737708 0.00270979 0.002399 0.00239982 0.00131317 0.000298255 0.0014298 6.36081e-05 0 0 0 0 0 0 0 0 0 0 0 0 0 0 0 0 0 0 0 0 0 0 0 0 0 0 0 
0 0 0 0 0 0 0 0 0 0 0 0 0 0 0 0 0 0 0 0 0 0 0.000241662 0.000693084 0.000754063 0.00226723 0.000882891 1.18367e-07 0.000470093 0.00310636 0.0105032 0.0221176 0.0256777 0.0304843 0.029693 0.0204283 0.0119401 0.0120528 0.0127897 0.00748896 0.00440867 0.00139922 0.000653729 0.00155471 0.00392691 0.00162514 0.000124142 2.62137e-06 0 0 0 0 0 0 0 0 0 0 0 0 0 0 0 0 0 0 0 0 0 
0 0 0 0 0 0 0 0 0 0 0 0 0 0 0 0 0 0 0 0 1.69081e-05 0.0003468 0.00408316 0.00466454 0.00608235 0.0126824 0.0105348 0.00275825 0.000619019 0.00196136 0.00627535 0.0170673 0.0247698 0.0438396 0.0418392 0.0285325 0.0235133 0.0205372 0.028017 0.0206606 0.0119015 0.00694602 0.00303177 0.00979266 0.0118803 0.00488798 0.0033411 0.00108077 0.000390661 0 0 0 0 0 0 0 0 0 0 0 0 0 0 0 0 0 0 0 0 
0 0 0 0 0 0 0 0 0 0 0 0 0 0 0 0 0 0 0 4.66485e-06 0.00184907 0.00303216 0.0045703 0.00661953 0.00783401 0.0154696 0.0189019 0.0122749 0.00310281 0.000806221 0.00188795 0.00584352 0.0169759 0.0320564 0.0427614 0.0232396 0.0282438 0.0212049 0.0208068 0.0232101 0.0170202 0.0120776 0.00485021 0.00607653 0.00730117 0.00636148 0.00482264 0.00513309 0.00102943 0.00173948 0.00323558 0.00110552 3.3628e-05 0 0 0 0 0 0 0 0 0 0 0 0 0 0 0 0 
0 0 0 0 0 0 0 0 0 0 0 0 0 0 0 0 0 5.17751e-05 1.75175e-07 0.000374453 0.00611772 0.00714372 0.00999412 0.00844984 0.00850677 0.0151645 0.025182 0.0199055 0.0105406 0.00735052 0.0127267 0.0149436 0.0152145 0.0151435 0.0208159 0.0249044 0.027041 0.0204666 0.0268992 0.0279649 0.023058 0.0174182 0.0109345 0.00377866 0.00790908 0.00421155 0.00707737 0.0116334 0.00781798 0.01334 0.0212192 0.0197726 0.0075454 0.00042024 0 0 0 0 0 0 0 0 0 0 0 0 0 0 0 
0 0 0 0 0 0 0 0 0 0 0 0 0 0 0 0.000164289 0.00060256 0.00123131 0.00063893 0.000726973 0.00834165 0.0106687 0.0132653 0.00871795 0.00967717 0.0107781 0.0198074 0.0199639 0.0181265 0.0172561 0.0206126 0.0277489 0.0261932 0.0212261 0.0238094 0.0274359 0.0295581 0.0245139 0.0286 0.0306748 0.0246306 0.0218269 0.0125791 0.00538837 0.00571307 0.00750139 0.0169009 0.0231787 0.0183409 0.0251018 0.0299416 0.029423 0.0219984 0.0132874 0.00152688 1.758e-06 0 0 0 0 0 0 0 0 0 0 0 0 0 
0 0 0 0 0 0 0 0 0 0 0 0 0 0 0.000820215 0.00240938 0.00459275 0.006819 0.0063775 0.00428019 0.00684743 0.0095328 0.00738964 0.0119866 0.0166428 0.00932234 0.0128095 0.0140812 0.0253321 0.0219884 0.0179054 0.0255746 0.0295345 0.0292993 0.0268112 0.021531 0.0204032 0.0183762 0.02443 0.0262074 0.0263327 0.0231086 0.0164631 0.0158839 0.0116098 0.0167903 0.0263778 0.0267127 0.0280832 0.0264204 0.0251456 0.0216079 0.0260776 0.02628 0.0059841 0.000120093 0 0 0 0 0 0 0 0 0 0 0 0 0 
0 0 0 0 0 0 0 0 0 0 0 0 0 0 0.00353383 0.0123671 0.0139804 0.0157915 0.015045 0.0121972 0.0102077 0.015297 0.0111512 0.0115946 0.0171189 0.0159589 0.010989 0.0206363 0.0329454 0.0311467 0.0169676 0.0214626 0.0297052 0.0216721 0.0191048 0.018393 0.0196039 0.0176134 0.0259552 0.0302699 0.0275029 0.0203016 0.0238529 0.0227169 0.0244765 0.0229323 0.0276915 0.0306548 0.0299504 0.0276994 0.0198145 0.0184258 0.0295799 0.0204021 0.00838237 0.00230015 0.00184267 9.35991e-05 0 0 0 0 0 0 0 0 0 0 0 
0 0 0 0 0 0 0 0 0 0 0 0.000130008 0.00155879 0.000362068 0.00276327 0.0129668 0.0141257 0.0153072 0.0191077 0.020822 0.0200014 0.0207167 0.0149091 0.0140724 0.0160105 0.014373 0.00973708 0.0130123 0.0152069 0.0239151 0.0123985 0.0182447 0.0232248 0.0186603 0.016653 0.0237248 0.0225939 0.0203297 0.0248183 0.0276772 0.021725 0.0207341 0.0230563 0.0267719 0.0353392 0.026934 0.0293943 0.0318117 0.0287005 0.0278425 0.0213269 0.0187815 0.0199207 0.0129943 0.00807753 0.0105536 0.0140787 0.00295155 3.65568e-05 0 0 0 0 0 0 0 0 0 0 
0 0 0 0 0 0 0 0 0 0 0.000747841 0.00489485 0.00912662 0.0102595 0.00459413 0.00872873 0.012733 0.0116248 0.0115046 0.0190536 0.0255934 0.0159626 0.0141163 0.0148279 0.0134021 0.0130512 0.011218 0.0110415 0.00662703 0.0100172 0.0140987 0.0134109 0.0156949 0.015266 0.0185962 0.0238974 0.0252824 0.0221834 0.0272802 0.0297272 0.0220964 0.026904 0.0268644 0.0350832 0.0323696 0.0228618 0.0298662 0.0298196 0.0321657 0.0268755 0.0260954 0.0263589 0.0221708 0.0199586 0.016723 0.0170279 0.0222959 0.0104013 0.00257679 0.00100953 0 0 0 0 0 0 0 0 0 
0 0 0 0 0 0 0 0 0 0.000533004 0.00429515 0.0107401 0.0167458 0.0193287 0.0129131 0.0119992 0.0125591 0.0158727 0.0170068 0.0175231 0.0186786 0.0149724 0.014304 0.0137978 0.0197206 0.0173766 0.0147016 0.0111988 0.0128531 0.00875338 0.0143689 0.0109308 0.0132155 0.0123096 0.0199258 0.0223121 0.0277487 0.0244017 0.0219594 0.0169921 0.0216181 0.0216716 0.0330305 0.0429047 0.0318751 0.0221137 0.031103 0.0300699 0.027906 0.0270157 0.0278063 0.0367688 0.0284093 0.0232367 0.0225508 0.0327543 0.0310911 0.0179182 0.0161121 0.0115246 2.84279e-05 0 0 0 0 0 0 0 0 
0 0 0 0 0 0 0 0 0.000178213 0.0036744 0.0132295 0.0141911 0.0162316 0.0161277 0.0187065 0.0135428 0.0144704 0.0137117 0.0158499 0.0203322 0.0221442 0.0183816 0.0167058 0.0133237 0.0175426 0.0181154 0.0181264 0.0127915 0.0165566 0.0157766 0.0153747 0.013406 0.0143015 0.0156734 0.0184269 0.020679 0.0291487 0.0295091 0.0250247 0.0255563 0.0261216 0.0199819 0.0273134 0.0303039 0.0293472 0.0278624 0.0326344 0.0235047 0.0208177 0.0257435 0.0304581 0.0273049 0.0224771 0.0174764 0.0164133 0.0211933 0.0296132 0.030198 0.0248903 0.0218236 0.001576 0.000158794 0 0 0 0 0 0 0 
0 0 0 0 0 0 0 0 0.00329925 0.0136384 0.020541 0.0168507 0.0162341 0.0173501 0.022932 0.0212754 0.0145811 0.0176618 0.020636 0.019647 0.0236629 0.0204763 0.016531 0.0139635 0.014853 0.0197609 0.0205584 0.0123546 0.0144255 0.0197387 0.0172833 0.0156359 0.0169885 0.0194836 0.0194394 0.0238014 0.0303778 0.0292088 0.0215802 0.0295748 0.0280424 0.0213839 0.028446 0.025596 0.0284851 0.0334724 0.0340016 0.0233897 0.0263022 0.0350976 0.0285059 0.0238648 0.0259063 0.0244657 0.0303726 0.0218264 0.031477 0.0302526 0.0308788 0.0271392 0.00899052 0.00337932 4.89823e-05 0 0 0 0 0 0 
0 0 0 0 0 0 0 0.000973429 0.00787941 0.0192986 0.022724 0.0257177 0.0172354 0.0178665 0.0210617 0.0221888 0.0194313 0.0192713 0.0201948 0.0178799 0.0218241 0.0197318 0.015506 0.0135646 0.0161164 0.0165533 0.017487 0.0145656 0.0149521 0.0161857 0.0123956 0.0138942 0.013848 0.017788 0.0192963 0.0182338 0.0181314 0.0213398 0.0288859 0.0318489 0.0226235 0.02127 0.0258289 0.0285221 0.0320961 0.0287042 0.0315409 0.0223953 0.0299252 0.0368831 0.0389607 0.0257411 0.0265201 0.0259515 0.0299932 0.0235058 0.0256534 0.0269967 0.026901 0.0308565 0.0209665 0.0156308 0.00219962 0 0 0 0 0 0 
0 0 0 0 0 0 9.54982e-05 0.00522697 0.0166178 0.022698 0.0312277 0.0233649 0.0150706 0.0177937 0.0154876 0.0192389 0.016809 0.0209938 0.029938 0.019457 0.0194173 0.0176873 0.0186115 0.0148719 0.0163313 0.0199668 0.015719 0.0120456 0.0121898 0.0135348 0.0139837 0.0112721 0.0116602 0.0132155 0.0223865 0.0180485 0.0225711 0.0266098 0.0271351 0.0263315 0.0259556 0.0197725 0.019152 0.0225284 0.0181294 0.0213777 0.021773 0.0221144 0.0318613 0.0404706 0.0478958 0.0324051 0.0303101 0.0267818 0.0213384 0.0245041 0.0222021 0.0214909 0.0236763 0.0234117 0.0213153 0.0260473 0.00869551 0.000130693 0 0 0 0 0 
0 0 0 0 0 5.64869e-05 0.0034446 0.0141231 0.0216107 0.0267081 0.0273016 0.0202317 0.0204413 0.0194264 0.0188186 0.0212644 0.0187833 0.0213426 0.025857 0.0211226 0.0212163 0.0187133 0.0203246 0.0177433 0.0167077 0.0200237 0.0195325 0.0198984 0.0203624 0.0153026 0.0132644 0.00897192 0.0162863 0.0177413 0.0185501 0.0184417 0.0249115 0.0271828 0.02638 0.0255913 0.0289023 0.0251526 0.0199725 0.0185578 0.019186 0.0226364 0.0284269 0.0267755 0.0232132 0.028408 0.0290822 0.0245957 0.0299927 0.0286099 0.0240909 0.0207576 0.0217931 0.0230872 0.0207233 0.0201071 0.0156812 0.0187549 0.0127016 0.00140222 0 0 0 0 0 
0 0 0 0 0 0.001127 0.0102398 0.0243043 0.0256601 0.0268931 0.022579 0.017206 0.0199888 0.0179461 0.0148752 0.0192476 0.0157844 0.0170868 0.0151962 0.0185725 0.0220422 0.0196326 0.0167932 0.0199313 0.0170108 0.0152255 0.0186146 0.0267424 0.0268159 0.019927 0.0178565 0.0184892 0.0187383 0.0225835 0.0173978 0.0171198 0.0141925 0.0198358 0.019208 0.0183766 0.024309 0.0226597 0.0220032 0.0167357 0.0262539 0.032928 0.03827 0.0261571 0.0229028 0.0204389 0.0207523 0.0190992 0.0244921 0.0234681 0.0235638 0.0252191 0.0204818 0.0262454 0.0197501 0.0195205 0.0151502 0.0247764 0.0216397 0.0016652 0 0 0 0 0 
0 0 0 0 0.000234885 0.00785668 0.0191574 0.0229202 0.0284337 0.0261311 0.0161997 0.0137884 0.0167132 0.021045 0.0185844 0.0165093 0.0137478 0.0162507 0.0186597 0.0227992 0.0233961 0.0246485 0.0175616 0.01805 0.0199927 0.0172471 0.0210522 0.0314639 0.0309678 0.0214547 0.0240999 0.0233779 0.0209098 0.0208056 0.0152259 0.0179405 0.019321 0.0133957 0.0174502 0.0232303 0.0217915 0.0160545 0.0241177 0.024519 0.0241648 0.0368417 0.0405687 0.0280031 0.0225294 0.0242516 0.0242579 0.023537 0.0174325 0.0218748 0.0202378 0.0296961 0.0269951 0.0291027 0.0166315 0.0164815 0.0180701 0.0393908 0.0216147 0.00528307 0.00112761 0 0 0 0 
0 0 0 0 0.00117616 0.0124565 0.0222826 0.0208095 0.0263556 0.0220509 0.0139708 0.0126634 0.0171152 0.0211209 0.0225754 0.022393 0.0232201 0.0234724 0.0222125 0.0224368 0.0207689 0.0191907 0.0169268 0.0188156 0.0215608 0.0220063 0.0289817 0.0265279 0.0244363 0.0228439 0.0314329 0.0238402 0.0179625 0.0213453 0.0221402 0.0229521 0.0265222 0.0142885 0.0163009 0.0208901 0.0224515 0.0244708 0.0245904 0.0293006 0.0235177 0.024585 0.0301593 0.0252225 0.0240434 0.0260509 0.0259718 0.0260538 0.027619 0.0284781 0.028439 0.0314659 0.0279837 0.0242127 0.0226183 0.0177135 0.0280112 0.0313667 0.0209556 0.0218017 0.00919656 0.000699216 0 0 0 
0 0 0 0 0.000607979 0.00728119 0.0123364 0.00898738 0.0193601 0.0225342 0.016629 0.0146452 0.0149317 0.0183573 0.0253996 0.0293602 0.0287851 0.0263516 0.0273275 0.0223209 0.0204034 0.0222429 0.0137361 0.0184899 0.0215497 0.0290006 0.040282 0.0438761 0.0300675 0.0191547 0.0220551 0.0175629 0.0194545 0.0198188 0.0241462 0.0253696 0.022396 0.0138072 0.0148288 0.0224771 0.0268869 0.0249832 0.0243531 0.0269266 0.0221825 0.0244289 0.0278119 0.0264578 0.0206114 0.0208204 0.0252534 0.0277987 0.028431 0.0307694 0.0411306 0.0410509 0.0275886 0.0204963 0.018129 0.0224297 0.039719 0.0421292 0.030193 0.0309075 0.0266779 0.00828333 0.00022333 0 0 
0 0 0 0 0 9.3274e-05 0.00102093 0.00786954 0.0136507 0.0203425 0.0141334 0.0134461 0.0191334 0.0213401 0.0212306 0.020507 0.0256035 0.0225846 0.0233001 0.0182744 0.0155948 0.0181619 0.0143674 0.0152889 0.0238137 0.0375038 0.0341173 0.0379673 0.0300662 0.0199214 0.0235585 0.020158 0.0203372 0.0208606 0.0225059 0.0238017 0.0249832 0.0178158 0.0204698 0.0206423 0.0234767 0.0316219 0.0221344 0.0186574 0.0204508 0.0266192 0.0214602 0.0204392 0.0202411 0.0232506 0.0245634 0.0282973 0.0267529 0.0244206 0.0312688 0.0370854 0.0280835 0.0273971 0.0231894 0.0296701 0.040143 0.0396712 0.0317357 0.0293969 0.0254731 0.0151309 0.0035781 0 0 
0 0 0 0 0.000284677 0.00177961 0.00338136 0.00903446 0.0151526 0.0188451 0.0169797 0.0179643 0.0219763 0.023185 0.0157221 0.014241 0.0236825 0.0186292 0.0218289 0.020028 0.0187691 0.0177613 0.0184123 0.0234127 0.0306762 0.0338503 0.0282728 0.0324007 0.0253296 0.0188894 0.0242462 0.025738 0.0234924 0.0191516 0.0207754 0.0216189 0.0227947 0.0181269 0.0137379 0.0133649 0.0218188 0.030916 0.029252 0.0235659 0.0225617 0.0203059 0.0256598 0.0181727 0.028561 0.032271 0.0268723 0.0203095 0.0268697 0.0253349 0.0217437 0.0275516 0.0214309 0.0195921 0.0276669 0.0189466 0.0262959 0.0302892 0.0283295 0.0216337 0.0199686 0.0182173 0.00808047 2.18709e-05 0 
0 0 0 0 0.000676783 0.00454411 0.00275733 0.0033939 0.00757308 0.0118911 0.0108226 0.0210734 0.0258509 0.0235391 0.016211 0.017451 0.0194754 0.0204457 0.0152579 0.0218687 0.0240757 0.0161329 0.0202128 0.0281759 0.0265265 0.0262752 0.0255114 0.0267034 0.0249023 0.0232837 0.0236353 0.0263005 0.0204346 0.0211938 0.0267217 0.0250173 0.0237606 0.0181971 0.0120753 0.0163801 0.0247465 0.0262174 0.0285736 0.0252443 0.023945 0.0187593 0.0202766 0.016134 0.0179522 0.0267488 0.0339857 0.0213534 0.0182325 0.0297802 0.0303692 0.0209702 0.0244258 0.0224265 0.028288 0.0262574 0.032622 0.0295494 0.0248425 0.0190795 0.0159765 0.0169618 0.00895492 0.00047832 0 
0 0 0 0 4.66728e-05 0.000537438 0.00114761 0.000662161 0.00066544 0.00441589 0.0124993 0.0260434 0.0269493 0.0181783 0.0140719 0.019263 0.0181822 0.0252365 0.0186534 0.0222661 0.0250329 0.0173942 0.0162967 0.0233606 0.0237645 0.0245018 0.0253846 0.0229231 0.0207297 0.0166506 0.0242083 0.027427 0.0268316 0.0257076 0.0343757 0.0351098 0.020199 0.0236606 0.0136664 0.0129281 0.0162182 0.0179091 0.0328201 0.040126 0.0333358 0.0265104 0.0198324 0.0195535 0.0189741 0.0208137 0.028032 0.0227563 0.0177609 0.0201738 0.0265888 0.0217963 0.0206161 0.021491 0.0255675 0.0271184 0.0225762 0.0252207 0.024125 0.0154604 0.0247369 0.025425 0.011217 0.000746095 0 
0 0 0.000407013 0.00297326 0.00325147 0.00130609 0.00212219 0.00275772 0.00267954 0.00160277 0.0068262 0.0247526 0.031675 0.018356 0.0168192 0.0128347 0.0158093 0.0194497 0.0145328 0.0167773 0.0190292 0.022583 0.0148414 0.0209141 0.0261209 0.0221421 0.0171388 0.0206958 0.0191023 0.0193822 0.0280509 0.0288239 0.025269 0.0254704 0.0381276 0.0530482 0.0271149 0.0209485 0.0162601 0.020718 0.0175348 0.0162433 0.0310909 0.036858 0.0360602 0.0239822 0.0243698 0.0228265 0.0183144 0.0237479 0.024696 0.020776 0.0162923 0.0149584 0.017745 0.0172736 0.0222627 0.0270576 0.02712 0.0244464 0.0227372 0.0203285 0.0212141 0.0219644 0.0272897 0.0281477 0.0164801 0.00320861 9.73587e-05 
0 0.000222648 0.00474493 0.00908268 0.0120292 0.00978533 0.0115417 0.00608532 0.00429415 0.00303888 0.00571325 0.017488 0.021944 0.0199624 0.0135546 0.0176565 0.0158021 0.0191758 0.0162154 0.0192044 0.0213673 0.0170604 0.0149173 0.0204907 0.0214217 0.0213301 0.0229498 0.023484 0.0264656 0.0173404 0.0228557 0.0282261 0.0316605 0.0323792 0.0330616 0.0373429 0.0260926 0.0253197 0.0239825 0.0240718 0.0203501 0.0234524 0.0209288 0.029037 0.0280236 0.0299225 0.0305677 0.0222727 0.0201048 0.0211555 0.0234004 0.021603 0.0177044 0.0178824 0.0170988 0.0181919 0.0274126 0.0287273 0.028853 0.0324394 0.02168 0.0247088 0.0195208 0.0275567 0.033534 0.0318652 0.0256851 0.00908895 0.000107775 
0 0.00158977 0.0109493 0.013577 0.0174402 0.0174036 0.0156766 0.0146853 0.0134513 0.00718526 0.00838563 0.0189088 0.0224529 0.0258977 0.0224797 0.0202413 0.0180907 0.0213707 0.0207869 0.0220636 0.0184425 0.0189758 0.0144993 0.0213186 0.0197789 0.025964 0.0215657 0.0220875 0.0257439 0.0169707 0.0210702 0.0238064 0.0289299 0.0261855 0.0219284 0.0416141 0.0324477 0.024878 0.0282088 0.0264013 0.0265636 0.0217329 0.0213079 0.024952 0.0317164 0.0297863 0.0250691 0.0222753 0.0169826 0.0208244 0.025879 0.0222125 0.0213057 0.0227413 0.0217862 0.0239277 0.0265835 0.0230983 0.0268213 0.0340376 0.0253294 0.0257908 0.0303787 0.0273121 0.0237985 0.0232149 0.0221755 0.0169962 0.00257006 
0 0.00250782 0.00988409 0.0126764 0.0194538 0.0184359 0.0236735 0.0241297 0.0205745 0.0134779 0.0123291 0.0129581 0.0251941 0.0259721 0.0263398 0.0236245 0.0246587 0.0227756 0.0188221 0.019191 0.0171736 0.0186759 0.0152765 0.0218649 0.0186839 0.0276023 0.020833 0.0207684 0.015299 0.0176508 0.0230344 0.0298297 0.0267802 0.0278335 0.0268042 0.0323703 0.0296725 0.0281289 0.0276596 0.0285381 0.0280426 0.0234523 0.0262317 0.0271775 0.0223078 0.0241958 0.0279611 0.0283871 0.0243232 0.0233161 0.0241261 0.0242404 0.0231647 0.0227877 0.0306608 0.0227322 0.0294044 0.0198779 0.0254862 0.0379216 0.0424612 0.0347502 0.0324936 0.0300194 0.0210956 0.0170124 0.0213913 0.0122855 0.00187731 
0 0.000189911 0.00120235 0.00645099 0.0171759 0.0233037 0.0231785 0.0237464 0.0172103 0.0235612 0.0166121 0.0141487 0.022389 0.0322166 0.0353368 0.0263962 0.0215414 0.0199704 0.0175288 0.0188942 0.0163663 0.0173289 0.0207665 0.0210627 0.0191658 0.0249324 0.0267095 0.0249887 0.0204554 0.0165294 0.0233394 0.0369761 0.0306535 0.0289744 0.023772 0.0193749 0.0148201 0.0208393 0.0178445 0.0202264 0.0265102 0.0271762 0.0268877 0.031713 0.0220405 0.0198293 0.0222529 0.0265726 0.0291742 0.0246521 0.0242051 0.0261376 0.0273699 0.0286735 0.0274958 0.0262316 0.0264845 0.0277697 0.0328025 0.0443389 0.0540027 0.0519506 0.0319406 0.0263322 0.0301614 0.0185476 0.0176059 0.0063358 0.000228592 
0 0 5.77286e-06 0.000868418 0.00387555 0.00841919 0.00636018 0.012678 0.0139079 0.0191192 0.0205305 0.0152904 0.0228161 0.0281067 0.0266884 0.0202903 0.0163858 0.0248895 0.0198637 0.0221384 0.0183344 0.0185264 0.0239242 0.0212871 0.021604 0.0231339 0.0308183 0.029567 0.017562 0.0169698 0.0237213 0.0381528 0.0346253 0.0474571 0.034245 0.0228691 0.0196091 0.0220974 0.0177916 0.0213682 0.0187966 0.0187091 0.023829 0.0285082 0.0411618 0.0314223 0.0187711 0.0157048 0.018615 0.0171546 0.0190277 0.0207915 0.0309441 0.0417169 0.0302178 0.0312755 0.0386739 0.0344476 0.0418663 0.0336515 0.0360626 0.0444183 0.0298542 0.0269538 0.0327432 0.0307159 0.0305882 0.012123 0.000735039 
0 0 0.000340564 0.00380752 0.00984526 0.0119562 0.00430178 0.00391154 0.0063414 0.0122609 0.0182952 0.0197911 0.0296292 0.0281699 0.021237 0.0167223 0.019103 0.0280507 0.0291378 0.0299907 0.0270693 0.0210837 0.0203057 0.0223849 0.0232173 0.0266927 0.0290088 0.021074 0.0151064 0.0161225 0.026435 0.0383935 0.0339938 0.0338469 0.0290415 0.025835 0.0183926 0.0201476 0.0195462 0.0171214 0.0208788 0.0191806 0.0164265 0.0293537 0.033177 0.0197866 0.0183683 0.0139921 0.0209484 0.021977 0.0208725 0.0193956 0.0263275 0.0407595 0.026831 0.0401574 0.0471874 0.0463322 0.033143 0.023771 0.0284368 0.0300511 0.0337032 0.0252874 0.0344725 0.0424433 0.0414884 0.0154106 0.00211583 
0 0.000121313 0.00111755 0.0118549 0.0195301 0.0142211 0.00692977 0.00693999 0.00750786 0.00930046 0.0125511 0.0165148 0.0177497 0.023285 0.032137 0.0246544 0.0207771 0.0283577 0.0325259 0.0286797 0.0293462 0.0182554 0.0193175 0.0141156 0.0222857 0.0365455 0.0492821 0.0349942 0.0240779 0.0202101 0.0343995 0.0551092 0.0264619 0.0185486 0.0310695 0.0464751 0.0317412 0.0194552 0.0179111 0.0155149 0.0211264 0.0188777 0.023229 0.0188104 0.0151456 0.0146405 0.0152094 0.0204987 0.0268609 0.0227293 0.0240533 0.0249106 0.0265642 0.0290416 0.0241806 0.0305333 0.0383893 0.0420871 0.0309062 0.018543 0.0264201 0.0240909 0.0321346 0.0296389 0.0272566 0.0274029 0.032185 0.0175418 0.00194606 
0 0.00202634 0.00419879 0.00965516 0.0140281 0.00707871 0.00826525 0.0133244 0.0156909 0.0122837 0.0146282 0.0158923 0.0222847 0.0281066 0.0300855 0.0246003 0.0291434 0.0293123 0.028972 0.0252878 0.0245918 0.0195602 0.0167193 0.0108326 0.0209863 0.0291475 0.0461535 0.0460898 0.0272925 0.0206003 0.0394883 0.0744185 0.0508061 0.0250457 0.0348381 0.0354408 0.0315973 0.0194999 0.0185006 0.0198369 0.0266571 0.0243928 0.027641 0.0223054 0.0180623 0.0194988 0.0205282 0.0173901 0.0203167 0.0206958 0.0254681 0.0259531 0.0319193 0.036765 0.0306548 0.0247917 0.0321695 0.0355944 0.0299345 0.0219879 0.0203 0.0225006 0.0237027 0.0248582 0.0283367 0.027189 0.0252301 0.0141468 0.00154409 
0 0.00157782 0.0077743 0.00774452 0.00511157 0.00560883 0.00913457 0.0135323 0.0223069 0.0177426 0.015525 0.0143557 0.0178672 0.0247836 0.0261061 0.0184814 0.0233045 0.0221987 0.0205068 0.0242562 0.0192917 0.0200526 0.0150465 0.0150962 0.0155375 0.0270211 0.0378461 0.0439076 0.0490418 0.047275 0.0735514 0.069237 0.0351659 0.0238992 0.0307189 0.0296107 0.0242363 0.0140605 0.019919 0.0258788 0.0304722 0.0284238 0.024082 0.0197851 0.0241243 0.0231983 0.0212044 0.0172263 0.0230634 0.0268743 0.0278941 0.0300917 0.0362074 0.0290574 0.0348176 0.0256196 0.0228196 0.0272805 0.0248728 0.0239297 0.023967 0.0253461 0.0240602 0.0309323 0.0288831 0.0300539 0.0329539 0.0210275 0.00126184 
0 0.00141974 0.00618902 0.00545563 0.000944636 0.00418515 0.017169 0.0234397 0.0239377 0.018884 0.0195794 0.0165511 0.0243363 0.0270959 0.0200388 0.0184846 0.0233709 0.0165866 0.0233653 0.0194801 0.0221652 0.0281689 0.0201532 0.0140785 0.0155216 0.027488 0.0450919 0.0554126 0.0672789 0.0843811 0.0847554 0.0351732 0.0186019 0.0202793 0.0308546 0.0267484 0.0204282 0.0160581 0.0201855 0.0232134 0.0240403 0.0228514 0.0186003 0.0203351 0.0256138 0.0247807 0.0223544 0.0198458 0.021241 0.0204844 0.026827 0.0230781 0.0225875 0.0284165 0.0359345 0.0240066 0.0206795 0.023627 0.0200931 0.0229881 0.0190699 0.0201924 0.0283508 0.0381942 0.0241687 0.0222366 0.0250035 0.0192889 0.00117154 
0 0 0.000131938 0.000525411 0.000254943 0.00552808 0.0206372 0.0291925 0.0297048 0.0280055 0.0214021 0.0246642 0.0219812 0.0220787 0.0224537 0.0240831 0.0223874 0.0227509 0.0233639 0.0203373 0.0171053 0.0199293 0.0213498 0.0182117 0.0176697 0.0236957 0.0516021 0.0580413 0.0728957 0.0657314 0.0540872 0.018466 0.0177124 0.0171694 0.0261472 0.0178859 0.0168567 0.0200761 0.0239624 0.0140167 0.0161434 0.0129812 0.0103251 0.0152105 0.0159448 0.0252496 0.0276587 0.0226335 0.0196637 0.0229994 0.0315379 0.0234334 0.0242801 0.0384422 0.0372533 0.0251679 0.0213326 0.0193407 0.0261797 0.0365277 0.0354666 0.02482 0.0290477 0.032528 0.0289106 0.0253541 0.0226175 0.02246 0.00354442 
0 0 0 0 0.000462782 0.00582887 0.0203196 0.0303278 0.0253877 0.021837 0.016011 0.0211504 0.0232366 0.0228638 0.0197228 0.0209313 0.0189186 0.0213957 0.0211049 0.0225003 0.0176999 0.0163067 0.0170397 0.0215501 0.0209319 0.0282924 0.0530928 0.0539769 0.0478068 0.0509821 0.0328945 0.0196496 0.0208204 0.019986 0.0223094 0.0149395 0.0176356 0.0197867 0.0174953 0.0124249 0.00854556 0.0117093 0.0155458 0.025155 0.0404858 0.0300787 0.0264798 0.0249774 0.0216885 0.0238496 0.0272995 0.0285619 0.0252851 0.02784 0.0214859 0.0210483 0.0286881 0.0265671 0.0321793 0.0415725 0.0448661 0.0302713 0.0234264 0.0251464 0.027418 0.0196783 0.0293321 0.036166 0.00687484 
0 7.64922e-05 0.000637523 0.000123021 0.00047105 0.0111238 0.0312251 0.0449835 0.0293945 0.0190403 0.0138829 0.0138502 0.0191679 0.0185938 0.0183002 0.0184238 0.0145012 0.0202193 0.0235564 0.0229314 0.022593 0.0199397 0.0179527 0.0250609 0.0204935 0.0336701 0.0449047 0.0423177 0.0557792 0.056605 0.0320177 0.0220078 0.0194863 0.0216263 0.0202164 0.0169091 0.0177816 0.0166849 0.0209987 0.0153529 0.0100737 0.0166055 0.0208404 0.0217577 0.0303108 0.0251814 0.0130172 0.0140097 0.0138712 0.0221357 0.0236384 0.0251159 0.027969 0.0259015 0.0223638 0.0251836 0.0362551 0.0310349 0.0422004 0.0465385 0.033597 0.0275546 0.0220961 0.0238393 0.0323696 0.0332826 0.0351809 0.0282482 0.00545032 
0.000190971 0.00288271 0.00889055 0.00397233 0.00105305 0.0108766 0.0529057 0.116724 0.0540407 0.0255046 0.0163066 0.0132033 0.0175482 0.0178919 0.0211691 0.0217577 0.0174268 0.0186777 0.0234793 0.0249161 0.0216165 0.0203003 0.0226926 0.0275014 0.0241721 0.0292756 0.0339601 0.0384872 0.0584662 0.0415645 0.0310915 0.0245224 0.0210723 0.026743 0.0225446 0.0167035 0.0171035 0.0197721 0.0201606 0.0222765 0.0113824 0.02932 0.078754 0.0289219 0.0119332 0.015285 0.0148528 0.0151094 0.0140421 0.014998 0.0222079 0.0317001 0.027337 0.0233521 0.0199678 0.030101 0.0379821 0.034074 0.0390448 0.0354478 0.0372731 0.0282966 0.0223568 0.0268257 0.0318621 0.0383112 0.0290726 0.0165788 0.00311719 
5.41557e-05 0.00333069 0.0105893 0.0149651 0.00497588 0.0132976 0.0338956 0.0640848 0.0422116 0.0271672 0.0201716 0.0237384 0.0301344 0.0198325 0.0177867 0.0222708 0.0198223 0.020608 0.0222271 0.0227738 0.0151341 0.0191836 0.0231555 0.0235952 0.024381 0.0198898 0.022102 0.0291281 0.0316579 0.0319371 0.0266757 0.0239131 0.0206198 0.0240332 0.0203956 0.0159135 0.01761 0.0279596 0.0186722 0.0186856 0.0126184 0.0206143 0.0489973 0.0313467 0.0193337 0.0146732 0.0161616 0.0195082 0.0179523 0.0107282 0.0170123 0.0294235 0.0243845 0.0241251 0.026044 0.0314401 0.0309948 0.0346079 0.0284937 0.0269932 0.0268125 0.0177426 0.0224143 0.0349602 0.0375993 0.0357476 0.0219662 0.0172638 0.00578727 
0 0.00421814 0.0135165 0.0213364 0.0215521 0.017977 0.0297857 0.0304052 0.0294733 0.0282741 0.0240495 0.025912 0.0235623 0.0162937 0.0171221 0.0185956 0.0168081 0.0194073 0.0201071 0.0208161 0.0185653 0.0159493 0.0185786 0.0187815 0.0167302 0.0134191 0.0166247 0.0199187 0.0158492 0.0266007 0.025393 0.031463 0.0313338 0.0217506 0.0235086 0.0193222 0.014195 0.0203199 0.0207062 0.0243749 0.0243514 0.0157873 0.0128016 0.0175529 0.0145561 0.0151809 0.0149107 0.0190794 0.0140951 0.0141018 0.0189954 0.0311837 0.0288913 0.0202241 0.0264694 0.0369465 0.0311355 0.0286055 0.0239167 0.0203913 0.020288 0.0230843 0.0363775 0.052373 0.0354623 0.0328021 0.0270094 0.0152766 0.00309156 
0 0.00237089 0.00881245 0.0150399 0.026747 0.0176592 0.021688 0.0221351 0.0163554 0.0200501 0.0242458 0.0199036 0.0142619 0.0131682 0.0174094 0.0201318 0.0205562 0.0158793 0.0225533 0.0202932 0.0159752 0.0174089 0.0174015 0.0201018 0.018603 0.0123486 0.00990725 0.0157994 0.0195624 0.0207112 0.0280863 0.0254544 0.0301793 0.0203512 0.0228767 0.0216374 0.0173956 0.0137457 0.0175951 0.0207375 0.0206486 0.014845 0.0109778 0.0179397 0.0157174 0.0161089 0.0178767 0.0222495 0.0193785 0.0233928 0.0250027 0.0294634 0.0219925 0.0196522 0.024789 0.026411 0.0276 0.0226984 0.0251981 0.0236199 0.0291389 0.0274912 0.0309174 0.037847 0.0290584 0.0245978 0.0125723 0.00735509 0.000634571 
0 0.000203492 0.00254747 0.00870865 0.0235598 0.0268488 0.0251227 0.0183849 0.0153904 0.0172784 0.0230418 0.0205928 0.0137758 0.00664896 0.0124514 0.0136352 0.0211848 0.0199207 0.0172442 0.0174071 0.0162715 0.0172734 0.0161066 0.0195462 0.0163524 0.011809 0.0127116 0.0138432 0.0242186 0.0218369 0.0181379 0.0222034 0.0276244 0.0277662 0.0258739 0.0271792 0.0230403 0.0126822 0.0141484 0.0164801 0.0137549 0.0175081 0.0165583 0.0196353 0.0109299 0.0120833 0.0193996 0.02142 0.0216595 0.0218414 0.0280224 0.0260146 0.0335542 0.0305479 0.0222643 0.0268877 0.0293068 0.0289983 0.0212565 0.0146095 0.017935 0.0150879 0.018055 0.0186806 0.0193196 0.0110728 0.00229026 0.00191536 5.29096e-05 
0 0 0.00165125 0.0111815 0.019102 0.0231103 0.0247086 0.0198035 0.0125906 0.0129924 0.0263709 0.052146 0.0246287 0.00306389 0.00149572 0.00839836 0.0198783 0.0236291 0.0248107 0.0220559 0.0234439 0.0240798 0.0198981 0.0157878 0.0188228 0.0164914 0.0162329 0.0178566 0.0230321 0.0229423 0.0203923 0.0223371 0.0252736 0.024497 0.0264311 0.0203939 0.0196272 0.0238057 0.0287776 0.0298295 0.0159979 0.0194461 0.0178641 0.0183144 0.0118311 0.0102821 0.0115225 0.0157099 0.0176376 0.01846 0.0192407 0.0203469 0.027326 0.0273643 0.0299539 0.0210246 0.0219485 0.0156204 0.0121462 0.00655951 0.00482404 0.00210893 0.00623064 0.00513156 0.0104745 0.0119058 0.00486137 0.00151841 0 
0 0 0.000976371 0.00696033 0.0135063 0.0217617 0.0246714 0.018693 0.0184336 0.0150725 0.0307917 0.0780002 0.0306792 0.00379686 0.00328432 0.00278411 0.0089544 0.0165727 0.0235636 0.0220789 0.0220939 0.0221813 0.0238834 0.0179082 0.0165745 0.0164828 0.019933 0.0164528 0.0155157 0.0181546 0.0205241 0.0232082 0.0239622 0.0288782 0.0243126 0.0206424 0.022101 0.0342992 0.0652872 0.0485766 0.0181307 0.018614 0.0222917 0.0248098 0.0174444 0.00737692 0.0060247 0.0187514 0.0231471 0.0204108 0.0180867 0.0205074 0.0263827 0.0226534 0.023413 0.0146515 0.0104282 0.0144179 0.0219192 0.0185469 0.00874049 0.00452427 0.00573219 0.00853884 0.00944814 0.00707739 0.00314168 2.50118e-05 0 
0 0 0.00186515 0.00869733 0.00844688 0.0168668 0.0174359 0.0119216 0.017377 0.0173404 0.0213767 0.0279614 0.00998219 0.000562463 0.00130136 0.000874943 0.00688488 0.0178602 0.0190366 0.0168448 0.017008 0.0225955 0.0263263 0.0211527 0.0155652 0.0142029 0.0161696 0.0176374 0.0232782 0.0176697 0.0238537 0.0260203 0.0241187 0.0236465 0.0229744 0.0217506 0.0307766 0.0271173 0.0348036 0.0214795 0.0163717 0.017361 0.0169026 0.0223198 0.0200001 0.0132311 0.0122693 0.0141813 0.0152717 0.0211005 0.022713 0.028239 0.0375718 0.0314975 0.0280992 0.0109458 0.00856408 0.0145882 0.0200421 0.030145 0.0141358 0.00788973 0.0126033 0.0114619 0.0119191 0.00783325 0.00284747 0.000348223 0 
0 0 0.000226936 0.00192984 0.00343101 0.0113128 0.0114296 0.012109 0.0135534 0.0136621 0.00898013 0.00452143 0.00402664 0.00233067 0.00226603 0.00162178 0.00693741 0.0154858 0.0173271 0.0146171 0.0153735 0.0140151 0.0195516 0.0130157 0.0254159 0.021154 0.0221972 0.0242003 0.0214323 0.0170044 0.0190156 0.0181352 0.0209252 0.018091 0.0170167 0.0165624 0.0268782 0.0287766 0.0218843 0.0147296 0.0200329 0.0194167 0.0197747 0.0201176 0.0188909 0.017092 0.0200996 0.0162318 0.0144391 0.0232204 0.0315721 0.0222687 0.0268831 0.0282977 0.0273599 0.0162872 0.0106167 0.0054287 0.00653568 0.00568226 0.00409812 0.00539159 0.0189596 0.00942918 0.00245007 0.00100499 0.000165757 0 0 
0 0 0 0.000155076 0.00267845 0.0140015 0.016268 0.0173199 0.0133587 0.0106428 0.00772662 0.0070088 0.0137502 0.012531 0.0132884 0.00820898 0.0115848 0.0137335 0.0191731 0.0180664 0.0215706 0.0149393 0.0204346 0.0169802 0.0188485 0.0183614 0.021084 0.0207762 0.0180059 0.0220296 0.0198962 0.0225464 0.0158975 0.0158967 0.0140484 0.0166935 0.0256647 0.0259371 0.016257 0.0181991 0.0180376 0.0183364 0.0210185 0.018046 0.0150017 0.0157865 0.0194024 0.0202981 0.0210015 0.0214206 0.0312899 0.0226515 0.0222803 0.030472 0.0341475 0.0284835 0.0189809 0.00567367 0.00497637 0.0037783 0.00779653 0.0107499 0.0236994 0.0179938 0.00585279 4.04478e-06 0 0 0 
0 0 0 4.58987e-05 0.00270169 0.0155741 0.0154401 0.0185474 0.0160378 0.0118134 0.0135569 0.0216031 0.0179507 0.0207761 0.0133756 0.0127112 0.00906189 0.0153698 0.0191795 0.0210619 0.0210193 0.0178063 0.0229345 0.0282435 0.022746 0.0198454 0.0184908 0.0221865 0.0155122 0.0205295 0.0197071 0.0286121 0.0225776 0.0199665 0.0179393 0.0223704 0.0260277 0.0206553 0.0159293 0.0196996 0.0154336 0.020626 0.0196709 0.0189849 0.0110146 0.015824 0.0211776 0.023294 0.0189905 0.0113178 0.0230305 0.0231749 0.0279014 0.0269671 0.0340235 0.0278096 0.0240012 0.00865735 0.0028096 0.00162767 0.00836451 0.0156034 0.0154298 0.0136823 0.0042051 8.28466e-05 0 0 0 
0 0 0 0 0.00131272 0.00708367 0.010932 0.020624 0.0253196 0.0162219 0.0117826 0.0151946 0.0174164 0.0150613 0.0125172 0.0118414 0.00780364 0.0143973 0.0181234 0.0192713 0.0191517 0.0230183 0.0213952 0.0267711 0.0245274 0.0297601 0.0272388 0.0258085 0.0171684 0.0202268 0.0185173 0.0242337 0.0280962 0.0308014 0.0261365 0.0235029 0.0225919 0.0148427 0.0325288 0.025517 0.017696 0.0216427 0.0259211 0.0253879 0.0177465 0.014495 0.0171975 0.0205786 0.0163514 0.0136604 0.0151133 0.0187583 0.0216076 0.0192725 0.0220489 0.0267704 0.0195972 0.0120556 0.00772174 0.00912027 0.0124781 0.0118249 0.0121878 0.00413706 0.00225652 0.000154136 0 0 0 
0 0 0 0 0.000207342 0.00441415 0.0127483 0.0266808 0.0269484 0.0145177 0.0066107 0.0112809 0.0183002 0.0131792 0.0111885 0.0133265 0.00845282 0.0130039 0.0164069 0.0179088 0.0252504 0.0356952 0.0190351 0.00990001 0.0108127 0.0129415 0.0183797 0.0203688 0.0169806 0.0163737 0.0172981 0.0180507 0.0380372 0.0394524 0.0231294 0.0162759 0.0288106 0.0256764 0.0480277 0.03616 0.0157746 0.0166544 0.0245327 0.0214021 0.0115279 0.00858486 0.0251534 0.0185303 0.0220071 0.019897 0.0168652 0.0194503 0.0238718 0.0166891 0.012244 0.0160721 0.0149416 0.0124897 0.0198435 0.023664 0.0123948 0.00500575 0.00846562 0.00477533 0.000790629 0 0 0 0 
0 0 0 0 7.75517e-06 0.00175968 0.0141608 0.020267 0.0169903 0.00891049 0.00325666 0.00632321 0.0174601 0.0135289 0.0141312 0.0114943 0.0113842 0.0134206 0.0230586 0.0214314 0.029138 0.0461533 0.0241737 0.00710336 0.00624772 0.00311949 0.0113199 0.011272 0.0131453 0.0139631 0.0169859 0.0209443 0.0296165 0.0390084 0.0161965 0.0185986 0.028637 0.0338453 0.0438591 0.0312583 0.024037 0.0162168 0.023594 0.0151704 0.00826615 0.00672027 0.017442 0.0110448 0.0176747 0.0157305 0.0210848 0.0235923 0.016912 0.0136434 0.00641107 0.0112237 0.00971327 0.0037898 0.00692538 0.0103125 0.0104618 0.00576656 0.00729201 0.0053784 0.000128985 0 0 0 0 
0 0 0 0 0 0.0001509 0.00329578 0.00444128 0.00289029 0.00265562 0.000417339 0.00371634 0.0187046 0.0165401 0.0177016 0.0168068 0.0143495 0.014497 0.0197446 0.0169863 0.0174272 0.022469 0.0226214 0.0188483 0.0164594 0.00631778 0.00998005 0.0105551 0.0133608 0.0150003 0.0202135 0.0314723 0.0262184 0.0236897 0.0198453 0.0240406 0.0353562 0.035765 0.0363746 0.0249885 0.0266464 0.0222544 0.019541 0.0150252 0.00890328 0.00537086 0.0116649 0.0163336 0.0140692 0.0148759 0.0163742 0.0129122 0.0126385 0.0128684 0.0100775 0.0115079 0.0128351 0.00609837 0.00454337 0.00882251 0.014261 0.0121592 0.00216594 0.00107681 3.33684e-06 0 0 0 0 
0 0 0 0 0 0 0 0.000145057 5.27372e-05 0 3.50073e-05 0.00503972 0.0181052 0.017324 0.0150173 0.016788 0.0167783 0.0163871 0.0210816 0.0184322 0.0153645 0.0160769 0.0155562 0.0170477 0.0172922 0.0153729 0.0137534 0.0140104 0.0155402 0.0175683 0.0267291 0.0379495 0.0200416 0.0114163 0.0157012 0.0156284 0.0194376 0.0248873 0.0228576 0.0166153 0.0173509 0.0217243 0.0283333 0.0215365 0.00861786 0.00238575 0.00962533 0.0121822 0.0138312 0.0113526 0.0142059 0.016313 0.0181284 0.015981 0.0164146 0.0156756 0.0183252 0.0147654 0.00740804 0.0130129 0.0116745 0.00584751 0.00112882 3.71137e-05 0 0 0 0 0 
0 0 0 0 0 0 0 0 0 0 6.28406e-05 0.00428218 0.0107592 0.0131719 0.0154929 0.017357 0.0190033 0.0207962 0.0202714 0.0216765 0.0131485 0.0213899 0.0265442 0.0202835 0.01981 0.0115346 0.0134792 0.0118034 0.00910104 0.0108154 0.0227102 0.0284152 0.0157724 0.0124241 0.0164754 0.0122802 0.0122512 0.0162931 0.0217344 0.0230609 0.0156463 0.0174675 0.0349641 0.0364148 0.0150372 0.00678606 0.017971 0.014724 0.00912701 0.00789017 0.0121898 0.0144378 0.0196561 0.0102271 0.0071696 0.00944842 0.0174389 0.0171877 0.0191383 0.014725 0.00405632 0.00297129 0.000384857 0 0 0 0 0 0 
0 0 0 0 0 0 0 0 0 0.000417034 0.00131053 0.00566674 0.0194724 0.0175091 0.0311205 0.0275911 0.0214774 0.0168117 0.0160813 0.0246126 0.0234908 0.025221 0.030389 0.019382 0.0139842 0.0113032 0.0189884 0.012634 0.0104499 0.0127623 0.0071236 0.0109432 0.0121469 0.013533 0.0219301 0.0160138 0.0155611 0.017789 0.0132256 0.0158729 0.0201094 0.0192992 0.0197409 0.0312864 0.0222324 0.0121799 0.0225712 0.0216221 0.00879776 0.00986597 0.00877881 0.0136208 0.0196701 0.0128295 0.0142595 0.0243391 0.0223236 0.0219165 0.0160002 0.00699316 0.00348459 0.000134536 0 0 0 0 0 0 0 
0 0 0 0 0 0 0 0 0 0.000384085 0.00503666 0.0132141 0.0211556 0.0261962 0.043057 0.0328174 0.0195867 0.016106 0.0171436 0.0152845 0.015597 0.0143715 0.0140104 0.0158567 0.0196455 0.0181786 0.0174608 0.0157295 0.014461 0.0129406 0.0139177 0.00941543 0.0093105 0.0138859 0.0520192 0.0259061 0.0206451 0.0180058 0.0177171 0.0146479 0.0130488 0.0156602 0.0166751 0.0167483 0.0171283 0.018423 0.0147901 0.0102591 0.00662201 0.0106707 0.0105924 0.015399 0.0156093 0.0176303 0.028281 0.046281 0.0411146 0.0254359 0.01452 0.00757417 0.00154891 9.0026e-05 0 0 0 0 0 0 0 
0 0 0 0 0 0 0 0 0 8.45103e-06 0.00463284 0.0202889 0.0251765 0.0259068 0.025834 0.0258161 0.0182355 0.0160054 0.00928377 0.00720116 0.0109488 0.0192663 0.0171651 0.0133644 0.0145199 0.0173259 0.0152943 0.0195418 0.0187667 0.0167561 0.0179338 0.017759 0.0137645 0.0158917 0.0819346 0.0343804 0.0143718 0.0163876 0.0209197 0.0193964 0.0149953 0.0110973 0.0107429 0.0122757 0.0136373 0.0139611 0.0096596 0.00301739 0.010142 0.0170321 0.0134545 0.0162698 0.0121942 0.0196473 0.0345043 0.0597103 0.0379281 0.0176134 0.00966232 0.00225836 0.00027354 0 0 0 0 0 0 0 0 
0 0 0 0 0 0 0 0 0 0 0.000589189 0.0093202 0.013743 0.0233771 0.02808 0.0338645 0.0319273 0.0196707 0.0132781 0.00347967 0.0179443 0.0265733 0.0122537 0.00967349 0.0222729 0.0241605 0.0180026 0.0194332 0.0178122 0.0171115 0.0203543 0.0218602 0.0220225 0.0155965 0.0193912 0.0155411 0.0128539 0.0144358 0.0220113 0.025608 0.0212684 0.0132154 0.0101196 0.0154385 0.0148127 0.0109667 0.00483632 0.00492563 0.0100994 0.0129827 0.0126641 0.0177421 0.0161494 0.019104 0.030441 0.038998 0.0225101 0.0064788 0.00157635 0.000122605 0 0 0 0 0 0 0 0 0 
0 0 0 0 0 0 0 0 0 0 0 8.15179e-06 0.002072 0.00809987 0.0194963 0.0292535 0.0318685 0.0194176 0.00717622 0.00377206 0.0132014 0.0137754 0.00557882 0.00742779 0.0182038 0.0190106 0.0178952 0.0197265 0.0240675 0.0231695 0.020451 0.0175101 0.0236124 0.0226557 0.0210464 0.0131022 0.0143672 0.0124622 0.0142069 0.019986 0.0260997 0.0186626 0.0143289 0.020939 0.0203132 0.0198824 0.0193679 0.0170977 0.0106925 0.00938146 0.0161905 0.0215959 0.021521 0.0136457 0.0147121 0.0160793 0.0065193 0.00114268 4.47531e-05 0 0 0 0 0 0 0 0 0 0 
0 0 0 0 0 0 0 0 0 0 0 0 0 0.000690821 0.00436683 0.0179273 0.0188819 0.0123445 0.00194639 0.00170618 0.0103908 0.0113332 0.00358047 0.0118866 0.0157423 0.0177002 0.0157806 0.0211019 0.025127 0.0292152 0.0229181 0.023564 0.0185148 0.0272986 0.0235541 0.0153693 0.0162564 0.0160716 0.016118 0.0136417 0.022403 0.0198981 0.0222992 0.0210642 0.0248567 0.02422 0.0284354 0.0258375 0.0212417 0.0155337 0.016756 0.0270973 0.0213147 0.0105798 0.0126115 0.00567736 0.000975458 0 0 0 0 0 0 0 0 0 0 0 0 
0 0 0 0 0 0 0 0 0 0 0 0 0 0 1.35821e-05 0.00365077 0.00806166 0.00231478 0.000353651 0.00186845 0.00648162 0.00962432 0.0056787 0.00834497 0.0170689 0.0232236 0.0192822 0.025481 0.0462287 0.0304848 0.021426 0.0280819 0.0249438 0.0226717 0.0180124 0.0210739 0.0170891 0.020735 0.0202391 0.0165971 0.0176967 0.0188759 0.0167277 0.0160593 0.0253975 0.0227748 0.0184301 0.0139763 0.0210278 0.0173847 0.027577 0.0230067 0.0108767 0.00912874 0.00669331 0.0014184 7.70943e-05 0 0 0 0 0 0 0 0 0 0 0 0 
0 0 0 0 0 0 0 0 0 0 0 0 0 0 0 3.30927e-06 8.21913e-06 0 6.07665e-05 0.00305591 0.00871079 0.00758814 0.00479943 0.00605329 0.014971 0.0201344 0.0235249 0.0224672 0.0457481 0.0305173 0.0287176 0.0279995 0.0222023 0.0188289 0.0195741 0.0267795 0.0238313 0.0268847 0.0187667 0.0233798 0.0165553 0.015283 0.0129101 0.0109973 0.0178549 0.0164176 0.0105915 0.0120518 0.0148344 0.0118915 0.0130341 0.00945079 0.00277214 0.00138913 0.000406494 0 0 0 0 0 0 0 0 0 0 0 0 0 0 
0 0 0 0 0 0 0 0 0 0 0 0 0 0 0 0 0 0 9.73741e-05 0.00342657 0.00596984 0.00832407 0.00365418 0.00191566 0.0102254 0.01118 0.014938 0.0161489 0.0224026 0.0245005 0.0298695 0.0305175 0.0227551 0.0272884 0.0251323 0.0151669 0.0172404 0.0174828 0.015266 0.0150089 0.0146207 0.0156735 0.0155971 0.00866 0.00737741 0.0141912 0.0124094 0.0137547 0.00791464 0.00159508 0.00130187 0.000567168 0 0 0 0 0 0 0 0 0 0 0 0 0 0 0 0 0 
0 0 0 0 0 0 0 0 0 0 0 0 0 0 0 0 0 0 0 0 0.000271654 0.00287078 0.00453802 0.0036178 0.0223882 0.0185445 0.0058433 0.00626228 0.00902272 0.0233105 0.024552 0.0231001 0.0178687 0.0303813 0.0362443 0.0191543 0.0222186 0.0151021 0.0138179 0.00918473 0.0177984 0.0173125 0.0122394 0.00704716 0.00311249 0.00610077 0.00895882 0.0105333 0.00392047 6.40616e-05 0 0 0 0 0 0 0 0 0 0 0 0 0 0 0 0 0 0 0 
0 0 0 0 0 0 0 0 0 0 0 0 0 0 0 0 0 0 0 0 0 0.000384056 0.000441925 0.00144436 0.0127522 0.00754837 0.00187016 0.000711546 0.00260299 0.0128111 0.0144136 0.0100565 0.021555 0.0350288 0.0416626 0.0264538 0.0227317 0.0123207 0.0103092 0.0175063 0.0224682 0.0233899 0.0226616 0.0119946 0.000453632 0.0012104 0.00297991 0.00263306 0.000337474 0 0 0 0 0 0 0 0 0 0 0 0 0 0 0 0 0 0 0 0 
0 0 0 0 0 0 0 0 0 0 0 0 0 0 0 0 0 0 0 0 0 0 0 0 0.000468422 0.00124133 0 0.0017151 0.00339082 0.00601442 0.00352872 0.00458131 0.0165829 0.0294464 0.0278013 0.0135596 0.0133037 0.013011 0.00774372 0.0133792 0.0162077 0.0231729 0.0199802 0.00430948 6.93783e-06 0 8.16307e-06 1.2044e-05 0 0 0 0 0 0 0 0 0 0 0 0 0 0 0 0 0 0 0 0 0 
0 0 0 0 0 0 0 0 0 0 0 0 0 0 0 0 0 0 0 0 0 0 0 0 0 0 0 0.000540672 0.000764688 0.00042823 0.000196433 0.000989062 0.00493219 0.0105012 0.00839634 0.00573329 0.00834607 0.00500355 0.00108479 0.00330043 0.00454073 0.0041173 0.00272428 0.000352376 0 0 0 0 0 0 0 0 0 0 0 0 0 0 0 0 0 0 0 0 0 0 0 0 0 

