0 0 0 0 0 0 0 0 0 0 0 0 0 0 0 0 0 0 0 0 0 0 0 0 0 0 0 0 0 0 0 0 0 7.12406e-06 0.000429796 4.89932e-05 0.00043428 0.000509349 0.000281526 0.000157759 4.19185e-06 0 0 0 0 0 0 0 0 0 0 0 0 0 0 0 0 0 0 0 0 0 0 0 0 0 0 0 0 
0 0 0 0 0 0 0 0 0 0 0 0 0 0 0 0 0 0 0 0 0 0 0 0 0 4.87155e-05 0.000554959 0.000251031 3.87662e-07 0 0 0 0.000243516 0.00475808 0.00376654 0.000704923 0.00220095 0.00600225 0.00717178 0.00437144 0.00413596 0.00325646 0.00192657 0.000301705 0 0 0 0 0 0 0 0 0 0 0 0 0 0 0 0 0 0 0 0 0 0 0 0 0 
0 0 0 0 0 0 0 0 0 0 0 0 0 0 0 0 0 0 0 0 0 0 0 0 0.000311432 0.00366602 0.0112408 0.00595437 0.000681184 0.000354121 0.000266149 5.65373e-05 0.00528832 0.0139818 0.00659558 0.00100467 0.00145916 0.00825699 0.0179622 0.0139503 0.0131768 0.0190321 0.0115789 0.00348052 0.00195029 0.000838652 0 0 0 0 0 0 0 0 0 0 0 0 0 0 0 0 0 0 0 0 0 0 0 
0 0 0 0 0 0 0 0 0 0 0 0 0 0 0 0 0 0 0 0 0 0 0 0 0.00127605 0.00792521 0.0178657 0.0108923 0.00293019 0.00657694 0.00742857 0.000935782 0.00382209 0.00397422 0.00106826 0.00217031 0.00634371 0.0145994 0.0196371 0.0238875 0.0190131 0.0215995 0.0225122 0.0138484 0.0103401 0.00462785 0.000970331 0.000233374 0 0 0 0 0 0 0 0 0 0 0 0 0 0 0 0 0 0 0 0 0 
0 0 0 0 0 0 0 0 0 0 0 0 0 0 0 0 0 0 6.3048e-05 0.00197392 0.00376475 0.00257902 0.00174086 0 0.0012906 0.0117341 0.0181102 0.011403 0.00588964 0.00858814 0.00997535 0.00867225 0.00871453 0.00744199 0.00625492 0.0124454 0.0153215 0.0203695 0.019433 0.0302607 0.0253026 0.0192988 0.0245688 0.0208651 0.0123386 0.00721354 0.00492355 0.00587393 0.0047444 0.00139644 0.000165982 0 0 0 0 0 0 0 0 0 0 0 0 0 0 0 0 0 0 
0 0 0 0 0 0 0 0 0 0 0 0 0 0 0 0 6.88719e-05 0.00263407 0.0122176 0.0163747 0.0134195 0.00976954 0.00316339 0 0.00150471 0.00690771 0.0133726 0.011112 0.00726181 0.0098509 0.0202896 0.0200192 0.0195983 0.0177163 0.0173993 0.0082035 0.00697857 0.0100231 0.0192582 0.0269862 0.0317353 0.0223655 0.0191356 0.0238356 0.0238865 0.019998 0.017935 0.0230599 0.0200413 0.0157434 0.00344572 0.000369005 0.000291806 1.69165e-05 0 0 0 0 0 0 0 0 0 0 0 0 0 0 0 
0 0 0 0 0 0 0 0 0 0 0 0 0 0 0 0.00116555 0.00972222 0.0218562 0.0193787 0.0223242 0.0140739 0.00945101 0.0021055 0.000640537 0.00245585 0.00835176 0.0153919 0.0140357 0.0135595 0.0128469 0.0185254 0.0176019 0.0111792 0.0184324 0.0165276 0.0080839 0.00408736 0.0070527 0.0175062 0.0208521 0.0204285 0.0167243 0.020572 0.0274303 0.0318632 0.0388754 0.0286216 0.0228806 0.0235875 0.0236791 0.0110821 0.00519223 0.00805705 0.00549968 0.000282188 0 0 0 0 0 0 0 0 0 0 0 0 0 0 
0 0 0 0 0 0 0 0 0 0 0 0 0 0 0.00184114 0.0130905 0.0229241 0.0292435 0.0186394 0.0219148 0.0175096 0.00885883 0.00437708 0.00333174 0.00253884 0.00505157 0.0158143 0.0182302 0.0164835 0.0156941 0.0157523 0.0128722 0.0113361 0.0140543 0.0133749 0.0145758 0.00500804 0.00722965 0.0110031 0.0164567 0.0166735 0.0156454 0.0193697 0.0209452 0.0288018 0.0376408 0.0295853 0.0196575 0.028466 0.0221571 0.0152557 0.0119663 0.022737 0.0140572 0.00744314 0.000590503 0 0 0 0 0 0 0 0 0 0 0 0 0 
0 0 0 0 0 0 0 0 0 0 0 0 0 0.000211984 0.00714706 0.026239 0.0387315 0.0297562 0.0241545 0.0202822 0.0244054 0.0166369 0.0163651 0.0128298 0.00693928 0.00805828 0.0198282 0.0282242 0.0167163 0.0129312 0.0157381 0.0152088 0.0121475 0.0121409 0.01903 0.0171912 0.0140433 0.0142923 0.0151615 0.0138565 0.0186518 0.017708 0.0189925 0.0227382 0.0255108 0.0288263 0.0249241 0.0171548 0.019878 0.0254989 0.0206761 0.0179306 0.0269028 0.0227935 0.0168974 0.00425078 5.90192e-06 0 0 0 0 0 0 0 0 0 0 0 0 
0 0 0 0 0 0 0 0 0 0 0 0 0 0.000112139 0.00718022 0.0277348 0.0315672 0.0315032 0.0340186 0.0246138 0.0219916 0.0171499 0.0170141 0.0101342 0.0137288 0.0155443 0.0207032 0.0303622 0.0181229 0.0116111 0.0155385 0.0226769 0.0191946 0.0126295 0.0145897 0.0175521 0.015033 0.0145564 0.0143027 0.0182049 0.0180804 0.0176076 0.0244846 0.0192418 0.0168579 0.0232091 0.0257892 0.0212117 0.0177279 0.0235454 0.0261052 0.0205275 0.0257942 0.0334616 0.0138586 0.00529651 0.000495907 0 0 0 0 0 0 0 0 0 0 0 0 
0 0 0 0 0 0 0 0 0 0 0.000160979 0.000919264 0.000616827 0.000151696 0.00543821 0.0165774 0.0264825 0.0248284 0.0253247 0.0217061 0.0231186 0.0226783 0.0160229 0.0190516 0.0146734 0.0157525 0.0123414 0.0166858 0.0144461 0.0076536 0.0132976 0.0156671 0.021708 0.0185792 0.0172872 0.0138055 0.0151182 0.0134373 0.0146047 0.0187105 0.0211751 0.0176331 0.0181693 0.0182812 0.0162627 0.0189354 0.0247544 0.0235793 0.0166315 0.0192191 0.0161313 0.0179471 0.0245198 0.0325999 0.0192442 0.0121393 0.00210692 0.00126524 0.000361152 0 0 0 0 0 0 0 0 0 0 
0 0 0 0 0 0 0 0 0 6.62579e-05 0.00172349 0.00618167 0.00541171 0.00786088 0.011558 0.0174842 0.0251906 0.0255713 0.027815 0.019836 0.0172589 0.0175674 0.0177694 0.0230955 0.024439 0.0165998 0.0149002 0.0147976 0.0142624 0.00947042 0.00869933 0.0173794 0.0245102 0.0217327 0.0209982 0.0117317 0.0120011 0.0144556 0.0154779 0.0187629 0.0189507 0.0191183 0.0130976 0.0118449 0.0176483 0.0195763 0.0247649 0.0226736 0.0165359 0.00777125 0.0100913 0.0199659 0.0273161 0.0239708 0.016077 0.00954738 0.00833136 0.0070639 0.00292572 0.000641115 0 0 0 0 0 0 0 0 0 
0 0 0 0 0 0 0 0 7.22324e-05 0.00283093 0.00954451 0.0134269 0.0127563 0.0240713 0.0206657 0.021036 0.0161444 0.0231918 0.0256429 0.0170653 0.0240727 0.0161553 0.0176251 0.0173659 0.0312185 0.020398 0.0186379 0.0197729 0.0158453 0.0167599 0.0148775 0.0192222 0.0237465 0.0246029 0.0234187 0.0192348 0.0105209 0.0158845 0.0134977 0.0168299 0.0129455 0.0174664 0.015559 0.0115801 0.013697 0.0180579 0.0188593 0.0224502 0.0157371 0.0140167 0.0154987 0.0180633 0.0285488 0.0142187 0.00940543 0.0127336 0.0143751 0.0106071 0.00839788 0.0021819 0 0 0 0 0 0 0 0 0 
0 0 0 0 0 0 0 0 0.000788911 0.00839345 0.0148906 0.0183722 0.0254529 0.0290226 0.0192661 0.0159018 0.0136263 0.0202956 0.0263144 0.0250868 0.0243492 0.0196585 0.0201462 0.026802 0.0314659 0.0304142 0.0191568 0.018176 0.0213326 0.0201592 0.0207991 0.0168768 0.0204045 0.0200242 0.01743 0.016587 0.0137435 0.0145781 0.01358 0.0133262 0.0128916 0.013417 0.0156069 0.0182384 0.0223009 0.0211045 0.0185466 0.0158051 0.0233628 0.0168882 0.0178041 0.0174164 0.0223364 0.0200866 0.0184726 0.0176805 0.0182944 0.01381 0.0153415 0.00879687 0.00718461 0.00267044 7.2924e-05 0 0 0 0 0 0 
0 0 0 0 0 0 0 0.000498457 0.00253033 0.00818844 0.013948 0.0198849 0.0275687 0.0269016 0.0189029 0.0161788 0.0155988 0.0180063 0.0311502 0.0294963 0.019876 0.0165902 0.0224164 0.0355833 0.0317852 0.0334994 0.0219122 0.018806 0.0185038 0.0210402 0.017564 0.0166854 0.0176289 0.016878 0.0164653 0.0190015 0.0241563 0.0169039 0.0172877 0.0160149 0.0138456 0.0106557 0.014126 0.0201173 0.0215472 0.0210986 0.020837 0.0186591 0.025568 0.0152281 0.0160225 0.0182722 0.0144793 0.0176532 0.0231083 0.0190312 0.0183595 0.013423 0.0138039 0.0179493 0.0208828 0.0157354 0.00209738 2.20691e-06 0 0 0 0 0 
0 0 0 0 0 0 0.000271168 0.00533384 0.00976683 0.00937573 0.0172424 0.0229406 0.0225068 0.0201764 0.014732 0.0174602 0.0179613 0.0252469 0.0336467 0.0256327 0.0234219 0.0222593 0.0247625 0.0258662 0.0256947 0.0309812 0.025027 0.0216177 0.0192947 0.0146176 0.0135475 0.0170369 0.0126575 0.017227 0.0175232 0.0190787 0.0201931 0.0182588 0.0185656 0.0211942 0.0190388 0.0174416 0.0197539 0.0251887 0.0240131 0.0182818 0.0273634 0.0286983 0.0261179 0.014911 0.0158612 0.0201938 0.0172595 0.0198129 0.0267052 0.0269341 0.0183516 0.0146847 0.0157275 0.0294208 0.0325071 0.020618 0.0115178 0.000762726 0 0 0 0 0 
0 0 0 0 0 4.81443e-05 0.00366135 0.0108662 0.0151508 0.0190175 0.0182531 0.0215138 0.0216758 0.0177322 0.0177697 0.0223814 0.0227031 0.0197835 0.0217248 0.0237637 0.0232995 0.0197021 0.0194109 0.0200519 0.0232251 0.0281105 0.0326301 0.0180651 0.0127236 0.0105321 0.0154803 0.0180255 0.0147304 0.0218821 0.0193657 0.0184443 0.0137595 0.015377 0.018862 0.0207626 0.0211088 0.0200838 0.0220962 0.0225334 0.0231073 0.025857 0.0292113 0.0253474 0.0248443 0.0194688 0.011191 0.0149558 0.0227022 0.0204894 0.0249249 0.024572 0.0182474 0.0141364 0.0107771 0.0258822 0.0324271 0.023216 0.0174248 0.00332513 0.000132705 0 0 0 0 
0 0 0 0 0 0.00121869 0.00942239 0.0196586 0.0191928 0.0259345 0.0199142 0.0183004 0.0175774 0.0156863 0.0190198 0.0232204 0.0224166 0.0173998 0.0133147 0.0154784 0.0248717 0.0204741 0.0169847 0.0182503 0.0163128 0.0182819 0.0228392 0.0204777 0.017989 0.0202911 0.0261981 0.036455 0.0239135 0.0229367 0.0179105 0.0158572 0.0172832 0.0177312 0.0183151 0.0189154 0.019848 0.0152927 0.017331 0.0173185 0.0222628 0.0231377 0.0294393 0.0287694 0.022217 0.0222042 0.0109634 0.0130774 0.026755 0.0323707 0.0227819 0.0176156 0.0176177 0.00876667 0.0102254 0.0186955 0.0252155 0.0212515 0.0208732 0.00805214 0.00142303 0 0 0 0 
0 0 0 0 0 0.00353942 0.0175027 0.0280233 0.0245252 0.0267722 0.022425 0.0158887 0.0137633 0.0141638 0.0127898 0.0145352 0.0129522 0.0115017 0.0115313 0.0119328 0.0185026 0.0263991 0.0198999 0.0250944 0.0194303 0.0253352 0.0207623 0.0247878 0.0244327 0.0301417 0.0474237 0.0499866 0.0289881 0.0146941 0.0157635 0.0146771 0.0176273 0.0191085 0.0161884 0.0197005 0.0228539 0.0182026 0.0204404 0.0224947 0.0284478 0.0269978 0.0292598 0.032998 0.0277465 0.0227441 0.0191352 0.0174825 0.019219 0.0260565 0.0215619 0.025497 0.0240086 0.017311 0.0147794 0.0247773 0.0213358 0.0195228 0.0205222 0.0121807 0.0019839 5.91217e-05 0 0 0 
0 0 0 0 0 0.0038092 0.0143422 0.0211342 0.0193156 0.023349 0.0230025 0.0218517 0.0180262 0.0120376 0.0152747 0.0158765 0.0130259 0.0120228 0.0131746 0.0155792 0.0205182 0.0257685 0.0251594 0.021952 0.0197619 0.0221698 0.0224001 0.0193543 0.028135 0.0247118 0.03503 0.0356009 0.0199109 0.0166423 0.0195157 0.0179865 0.0245962 0.0302873 0.0276918 0.0298382 0.0209615 0.0210289 0.0210723 0.0312634 0.0326896 0.0222017 0.0268876 0.0173024 0.0206007 0.0265008 0.025277 0.0229505 0.0210484 0.0203141 0.0275811 0.0260128 0.0292454 0.0297522 0.0228433 0.0253893 0.0278664 0.0257457 0.0240851 0.0140811 0.00447119 0.000105807 0 0 0 
0 0 0 0.000228336 0.00186409 0.00950627 0.0186002 0.0286828 0.0182837 0.0229072 0.0216624 0.0200859 0.0236796 0.0219342 0.0177921 0.015048 0.0146802 0.0171345 0.0181004 0.0121308 0.0205689 0.0236826 0.0290053 0.0369101 0.0253594 0.0158199 0.0198613 0.0151971 0.026304 0.0267255 0.0224072 0.0211695 0.0265466 0.0185585 0.0213652 0.0235162 0.0218146 0.0262756 0.0215539 0.0186883 0.0210254 0.0201911 0.0220846 0.0224792 0.0258158 0.0281848 0.0206026 0.0151107 0.0238965 0.0232798 0.023341 0.0242524 0.0232231 0.0224724 0.0279045 0.0232974 0.0263193 0.0216293 0.0206505 0.0242969 0.0228237 0.0243314 0.0243186 0.0183855 0.0120182 0.00373902 0.000261917 0 0 
0 0 0 0.00257073 0.0114627 0.0188913 0.0225221 0.019535 0.0165765 0.0187306 0.0215273 0.029888 0.0326427 0.0329534 0.0189249 0.00577047 0.0105908 0.0166777 0.0192646 0.0145023 0.0186598 0.0221245 0.0259631 0.0300909 0.033472 0.0209903 0.0182613 0.0241193 0.0262443 0.0246297 0.0201544 0.0217126 0.0178313 0.0260465 0.0182379 0.0162348 0.0153574 0.021002 0.0199518 0.017443 0.0186565 0.0177695 0.0213932 0.028507 0.031738 0.0277909 0.0170256 0.0140511 0.0195492 0.0166658 0.0241497 0.0227252 0.0189877 0.0217712 0.0255129 0.0209645 0.0236026 0.0222546 0.022475 0.0181239 0.0181123 0.0251336 0.030455 0.0333626 0.0283524 0.00949856 0.00088037 0 0 
0 0 7.24337e-06 0.00615851 0.0162588 0.0222148 0.0192914 0.0132225 0.0129885 0.0132269 0.0138882 0.0232117 0.0334949 0.0290353 0.0209999 0.0081748 0.0134861 0.01766 0.0190397 0.0195487 0.0137525 0.0163704 0.0213102 0.0258671 0.0250941 0.0180928 0.0162746 0.0226809 0.0208572 0.0202547 0.0195181 0.0237657 0.0209765 0.0259747 0.0201789 0.0214679 0.0232312 0.0202272 0.0231706 0.0222823 0.0221693 0.0229518 0.017852 0.0237778 0.0284402 0.0182419 0.0141264 0.0166232 0.0218646 0.0215535 0.0283336 0.0303952 0.0285997 0.0319802 0.0284923 0.0210576 0.0298012 0.0277272 0.0227477 0.0170632 0.0164676 0.0273072 0.0327827 0.0321717 0.032418 0.00992492 0.000727447 0 0 
0 0 0.000837582 0.00809931 0.0157519 0.0205954 0.0144955 0.0109605 0.0123373 0.0161311 0.0128245 0.0144121 0.0308244 0.0278198 0.0263611 0.0214986 0.0133863 0.019724 0.0172899 0.0186433 0.0134581 0.0187024 0.0168763 0.0177677 0.0164028 0.0140015 0.0138854 0.0233351 0.0250908 0.0206668 0.0242225 0.0203992 0.0209854 0.0208384 0.0205137 0.0208564 0.0155329 0.0140717 0.0220903 0.0244454 0.0198163 0.0187688 0.019775 0.0211109 0.0182987 0.016639 0.018288 0.0216128 0.0216999 0.0288294 0.0261179 0.0250631 0.0299226 0.0244715 0.0245452 0.0200735 0.0243181 0.024939 0.0250106 0.0165274 0.0120448 0.0247971 0.0277726 0.0302478 0.0334505 0.0118153 0.000491916 0 0 
0 0 0.00183199 0.0131776 0.0204651 0.011901 0.0106747 0.00866317 0.00673435 0.00947186 0.0105788 0.0111428 0.0104134 0.0200066 0.0190966 0.0215292 0.0150765 0.0134258 0.0157842 0.0200522 0.0191337 0.0145477 0.0130267 0.0136751 0.0131292 0.0148609 0.0174886 0.0222799 0.0247605 0.0268381 0.0238549 0.0266392 0.0223371 0.0166959 0.0157341 0.0179999 0.0217499 0.0157286 0.0179443 0.0158024 0.0172245 0.0209125 0.016106 0.0203495 0.0210871 0.0174182 0.0193229 0.0248659 0.02388 0.0232913 0.0223561 0.0181312 0.020057 0.0212118 0.0223127 0.0261093 0.0224124 0.0200177 0.0187116 0.020263 0.010987 0.0129263 0.0184211 0.0269122 0.0319062 0.0101187 0.000476506 0 0 
0 0.000116119 0.0035618 0.0100491 0.0114082 0.00516705 0.00363061 0.003401 0.00253712 0.00295071 0.00441095 0.0100642 0.00873218 0.0142502 0.0236288 0.0227515 0.0183091 0.0176028 0.0200803 0.0233416 0.0203311 0.0151862 0.0118266 0.0126274 0.0179812 0.0203883 0.0152842 0.0224106 0.0241054 0.0265201 0.0289718 0.0192446 0.01904 0.0160473 0.0207996 0.0242022 0.0183074 0.0205924 0.0165183 0.0115698 0.0119776 0.019997 0.0173736 0.016105 0.0219917 0.024937 0.0223434 0.0247129 0.0268361 0.0186573 0.0260233 0.0167988 0.0222954 0.0235663 0.0275266 0.0278466 0.0153123 0.0208477 0.0252418 0.0169079 0.015507 0.0212705 0.0208899 0.0215362 0.0232104 0.00846837 0.000907154 0.000327534 0 
0 9.00523e-05 0.00375189 0.00577334 0.00469007 0.00149182 0.000628388 0.000391922 0.00203761 0.00480526 0.0069861 0.00927441 0.0124447 0.0194368 0.0198464 0.0208861 0.0152765 0.0171567 0.0307902 0.0226684 0.0237965 0.0199227 0.0178111 0.0191039 0.0219698 0.0254355 0.0253784 0.0250481 0.0270171 0.0220042 0.0235252 0.0224259 0.021911 0.0207733 0.019401 0.0253967 0.0246002 0.0291349 0.0214267 0.017163 0.0146881 0.0271409 0.0287611 0.0282994 0.0224497 0.0245278 0.0225633 0.0263071 0.0233671 0.0203367 0.0209013 0.0169102 0.0254282 0.0296469 0.0294711 0.0268108 0.018439 0.0211858 0.0202261 0.0209022 0.0230556 0.0215767 0.0182848 0.0174164 0.0192137 0.0119006 0.0102183 0.00296965 0.000321557 
0 0.000449076 0.00226757 0.00706461 0.00636943 0.00962128 0.00343414 0.00234456 0.0149949 0.0187735 0.0104017 0.00678923 0.00975468 0.01254 0.0110656 0.00942195 0.00815473 0.0131216 0.0204581 0.021604 0.0214918 0.0167139 0.0169993 0.0141335 0.020535 0.0244541 0.0303802 0.0302623 0.0325626 0.0290937 0.0168186 0.0197402 0.0228803 0.0231675 0.0188294 0.0187662 0.0251944 0.0270443 0.0195314 0.0198519 0.0283258 0.0344216 0.0318958 0.0278789 0.0267889 0.0232075 0.0261214 0.0349057 0.0272588 0.0293152 0.022278 0.0192003 0.024304 0.017621 0.0217846 0.0246817 0.0167008 0.0255273 0.0272449 0.0216012 0.0187535 0.0216188 0.0248002 0.0276188 0.0274889 0.0208966 0.0112374 0.00826302 0.00190919 
0 0.00157693 0.00831036 0.0125863 0.0161056 0.0125259 0.00682045 0.00621098 0.0167023 0.0116553 0.00900964 0.00832897 0.00619552 0.0104828 0.0138081 0.0185031 0.0161534 0.0190672 0.0216064 0.0180469 0.0190582 0.0205189 0.0194407 0.0230133 0.0211939 0.0203333 0.02121 0.0333218 0.0340758 0.0285155 0.0210509 0.0186201 0.0212456 0.0319383 0.0481525 0.0368071 0.0263059 0.0249417 0.0190437 0.0201508 0.034671 0.0460481 0.0349275 0.0268183 0.0297843 0.0322294 0.0300256 0.0301433 0.022285 0.0246554 0.0210509 0.0185784 0.0151396 0.0160681 0.01746 0.0197948 0.0192911 0.022043 0.0260673 0.028731 0.0263401 0.0213788 0.023952 0.0327282 0.0390621 0.0196011 0.0096433 0.0110859 0.00327851 
0 0.000657929 0.0057653 0.0110369 0.00867874 0.00609162 0.00455288 0.00495899 0.0111958 0.00876112 0.0107144 0.0143859 0.0159737 0.0169028 0.01852 0.0151967 0.018116 0.0179014 0.0231012 0.023883 0.0245153 0.0227586 0.0520013 0.0612354 0.0312168 0.0213534 0.0318742 0.033055 0.0327671 0.0273264 0.0212899 0.0154288 0.0214447 0.0256028 0.0423332 0.045265 0.023548 0.034072 0.0414799 0.0296554 0.0240828 0.0270967 0.0218961 0.0205538 0.0223916 0.0414549 0.0491214 0.0385183 0.047064 0.0274963 0.0163012 0.0156778 0.010815 0.0169985 0.0167075 0.0188378 0.0197187 0.0218608 0.0205008 0.028815 0.0219063 0.0215228 0.0185859 0.0270948 0.0263635 0.0144425 0.0138974 0.0216533 0.00829752 
0 1.62835e-06 0.000721974 0.00225861 0.0021356 0.000338608 0.00304662 0.00965858 0.01955 0.0142063 0.0125577 0.0149149 0.022211 0.0231974 0.0196234 0.0125643 0.0139206 0.0178637 0.0228431 0.0277128 0.0262271 0.0270222 0.0751493 0.0720268 0.0298828 0.0249186 0.0263884 0.0240084 0.0226453 0.0253019 0.0208534 0.0197439 0.0253658 0.0383071 0.036781 0.0368152 0.0399164 0.0694197 0.0815874 0.0503906 0.0239509 0.0224758 0.0189661 0.0199737 0.0279146 0.0522273 0.0603747 0.0425179 0.0462756 0.0376049 0.0234052 0.0184507 0.0119003 0.01811 0.0197356 0.0197001 0.0197933 0.0235923 0.0178316 0.0232933 0.0212048 0.0251527 0.0174567 0.0140923 0.0109447 0.0123254 0.0197015 0.01946 0.00580055 
1.67338e-06 0 0 0.000217401 0.00124267 0.00531341 0.00977907 0.0174377 0.0170305 0.0119718 0.0137532 0.0135804 0.0197252 0.0194247 0.0120826 0.0113069 0.0216298 0.0235071 0.0219656 0.0273847 0.0267023 0.0295775 0.0389713 0.02796 0.0206457 0.0237929 0.0273604 0.0241586 0.0284952 0.0208916 0.0190723 0.016822 0.0272845 0.0363394 0.0357335 0.033215 0.0409948 0.0563326 0.0843747 0.0559431 0.022943 0.014979 0.0174965 0.0234972 0.0279762 0.0324947 0.0687427 0.0879692 0.061104 0.0620083 0.030697 0.0199321 0.0183129 0.0193914 0.0166897 0.0191984 0.0212443 0.0240698 0.0264211 0.0236204 0.0215416 0.0168172 0.0122066 0.00720654 0.0108819 0.0173887 0.0225493 0.0170754 0.00271031 
1.51422e-05 0 0.000418329 0.00422543 0.0101923 0.014484 0.0136359 0.0218326 0.0174453 0.0124453 0.00910217 0.0141568 0.0190973 0.0212155 0.0136584 0.0123406 0.0239805 0.0327455 0.0274068 0.0228377 0.0196572 0.0190592 0.0213998 0.0218886 0.0191315 0.0184256 0.0218608 0.0240182 0.0248481 0.0264732 0.0244236 0.0233182 0.0309208 0.0182448 0.0207561 0.0261727 0.0413729 0.0507941 0.0741778 0.0547067 0.0276492 0.0221604 0.0179299 0.0236094 0.0236808 0.0165058 0.0329183 0.0591844 0.0345189 0.0460641 0.0324365 0.0161489 0.0180653 0.016618 0.0161556 0.019819 0.0239489 0.0277739 0.0190027 0.0198096 0.0199659 0.0162271 0.0178379 0.0122413 0.0110166 0.0182014 0.0250004 0.0164894 0.00661707 
0 0.000239869 0.00566704 0.0127712 0.0159464 0.0127412 0.0060143 0.00855193 0.00845674 0.00953615 0.0096752 0.0152837 0.0174273 0.0172108 0.0166225 0.0126129 0.0181914 0.0290903 0.0336456 0.0247134 0.0165922 0.0142105 0.0136863 0.0159145 0.0128443 0.0130141 0.0132233 0.019231 0.0262309 0.02646 0.0262963 0.0262199 0.0274993 0.0236467 0.0206479 0.0200186 0.0376081 0.0532921 0.0538297 0.0473408 0.0258013 0.0242043 0.023873 0.023075 0.0202255 0.0257417 0.0294236 0.0186501 0.0169841 0.0319885 0.0281308 0.02379 0.0175575 0.0157562 0.0173754 0.0166695 0.0242545 0.0239561 0.0161362 0.0138123 0.016169 0.0202495 0.0148366 0.00903189 0.008779 0.0185495 0.0236459 0.00767776 0.0022837 
0 0.000129725 0.0075025 0.0137508 0.0098587 0.00265139 0.0039819 0.010976 0.00626006 0.0107907 0.0151997 0.0161819 0.0205728 0.0154838 0.0141559 0.016735 0.0228641 0.0286113 0.0325015 0.0336414 0.0172379 0.0127026 0.0195308 0.0124993 0.00720285 0.0126582 0.0135086 0.016559 0.0201853 0.0279668 0.0315901 0.0283224 0.030443 0.0231161 0.0220014 0.0218699 0.0284722 0.0406785 0.0405143 0.0398908 0.0254923 0.019482 0.0207876 0.0228459 0.0224751 0.0272664 0.0489069 0.0305631 0.0224048 0.0253211 0.0275409 0.019356 0.0213737 0.0251841 0.0225994 0.0215099 0.0201732 0.0207031 0.0149269 0.0201906 0.0209109 0.019038 0.0140215 0.00872775 0.0113972 0.0168647 0.0118386 0.00444601 0.0010864 
0 0 0.00135401 0.00391501 0.000917424 0.00144743 0.00580646 0.0138197 0.0123909 0.0135778 0.019944 0.0237703 0.0232615 0.016263 0.0188064 0.0215695 0.0212951 0.0191698 0.0232261 0.0193679 0.0191206 0.0144223 0.0112371 0.0160947 0.0105024 0.0128261 0.0122862 0.0119401 0.011923 0.0198386 0.0238228 0.0256983 0.027531 0.0402357 0.026906 0.0281206 0.0355037 0.0470262 0.0465659 0.0500746 0.0346368 0.0298072 0.0213966 0.0170675 0.0197979 0.0229202 0.0295172 0.0205586 0.0184336 0.0214059 0.0243804 0.0225055 0.0256074 0.0303638 0.0266366 0.0282995 0.0300082 0.0246469 0.0131686 0.0221648 0.0325396 0.0214664 0.0106702 0.0171288 0.0217142 0.0171443 0.013661 0.00918348 0.000483047 
0 0 0 6.6989e-05 0.000764334 0.00372694 0.0119133 0.0170904 0.0148301 0.0163226 0.0215528 0.0255196 0.0230344 0.0180415 0.0188932 0.0292087 0.0266954 0.0211518 0.0211872 0.0206392 0.0263284 0.0193368 0.0102736 0.0110752 0.0134694 0.0119719 0.0132198 0.0151107 0.0158688 0.017341 0.0243833 0.0297841 0.0302951 0.0357879 0.0266293 0.0286485 0.0404839 0.0527488 0.0442058 0.0558362 0.0530043 0.0345318 0.0381247 0.0292693 0.0210112 0.0177476 0.0188288 0.0168993 0.0164983 0.017248 0.0211224 0.0225397 0.0172612 0.0221915 0.0204245 0.027505 0.0337495 0.0198213 0.0170074 0.0252268 0.0265365 0.0273504 0.0206829 0.0179693 0.020113 0.0136287 0.0130168 0.00667652 0.000631251 
0 1.68879e-05 0.000796104 0.00196212 0.00163461 0.00386565 0.0117338 0.0142754 0.0131444 0.0135104 0.014873 0.0171084 0.014179 0.0173691 0.0182248 0.0233911 0.0217499 0.0230362 0.0195816 0.0214505 0.0193161 0.0174618 0.0123017 0.011748 0.0117614 0.0108238 0.0117797 0.0182605 0.0200258 0.0210786 0.0221821 0.0282771 0.0282611 0.0325158 0.0184757 0.0209803 0.0278597 0.0349035 0.0387743 0.0490239 0.0652724 0.0542788 0.0367416 0.0395103 0.0209181 0.0211626 0.0194456 0.0173835 0.02022 0.0210292 0.028709 0.0222216 0.0156833 0.0138737 0.0190811 0.0240433 0.029807 0.0242906 0.011829 0.0221642 0.0225639 0.0235969 0.0182847 0.0140304 0.0139584 0.00880988 0.00866297 0.00682673 0.000894327 
0 0.000551755 0.00302608 0.00623119 0.00657072 0.00683265 0.0119987 0.0099529 0.0147441 0.0113819 0.00808209 0.0117934 0.0126942 0.0180051 0.0166576 0.0126167 0.0149504 0.0152286 0.0143831 0.0135505 0.011065 0.0137594 0.0148878 0.0136068 0.0124594 0.0108456 0.0117154 0.0199062 0.022878 0.0264013 0.0211242 0.0228986 0.0255972 0.0312495 0.0218158 0.0150233 0.0175501 0.0213237 0.0258192 0.0323277 0.0991489 0.0525499 0.0279109 0.0323991 0.0263358 0.0292935 0.0227637 0.0196876 0.0186807 0.0219712 0.026578 0.0231232 0.0179175 0.0125493 0.0237938 0.0307987 0.0286649 0.0189078 0.0133322 0.014804 0.0155003 0.0205948 0.0182674 0.0148965 0.0161175 0.0130149 0.00785146 0.00753064 0.00349438 
4.3685e-05 0.00184775 0.00261419 0.00335449 0.00669901 0.00680813 0.0103366 0.00887508 0.00850382 0.0101288 0.0100337 0.0153127 0.013359 0.0206166 0.0168253 0.0140472 0.0195635 0.0179759 0.0162081 0.0150941 0.0131437 0.0107037 0.0134241 0.0165252 0.0136966 0.0148537 0.0160803 0.018623 0.0233312 0.02048 0.0209876 0.0184452 0.019896 0.0266305 0.0240886 0.0215036 0.0195815 0.0279963 0.0284045 0.0177625 0.0387097 0.0306708 0.0220111 0.030316 0.028912 0.0308387 0.0256057 0.021805 0.0210431 0.0223609 0.0196081 0.0207733 0.0254471 0.0230686 0.0211355 0.0263934 0.0228376 0.0220717 0.0159024 0.014629 0.0107881 0.0118098 0.0265933 0.027945 0.0124282 0.008884 0.00609794 0.00624711 0.00380207 
3.23301e-05 0.00206693 0.00428995 0.00633644 0.00728614 0.00391996 0.00652955 0.00446075 0.00579743 0.00499536 0.0125535 0.0202578 0.0190083 0.0262537 0.0183307 0.0143737 0.0212606 0.0180097 0.0169556 0.018114 0.0161662 0.00960942 0.0122359 0.0234232 0.0156366 0.0159937 0.0175131 0.0214152 0.0230148 0.0223864 0.0223318 0.0260416 0.0246771 0.0249937 0.0207837 0.0189827 0.0157945 0.0236268 0.0251286 0.0245818 0.0305184 0.0288864 0.0264189 0.0244265 0.0321284 0.0460255 0.0316342 0.0199136 0.018985 0.0168384 0.0193017 0.0247443 0.0245742 0.0226144 0.0175511 0.021486 0.0226842 0.0215931 0.019127 0.0134258 0.0138156 0.0223009 0.0385364 0.0349564 0.0138498 0.0112097 0.00884641 0.012658 0.00336662 
0 0.00153411 0.00503638 0.00550526 0.00792118 0.00891332 0.0101917 0.0105861 0.00700505 0.00484469 0.00675237 0.0131522 0.0167171 0.0196922 0.0188438 0.0173 0.0156309 0.0150374 0.0165529 0.0171828 0.0127894 0.00883689 0.012744 0.0150875 0.0150172 0.0188793 0.0160063 0.0291111 0.0253695 0.0308879 0.0227518 0.0225481 0.0216432 0.0191165 0.018916 0.0236597 0.0232377 0.0228367 0.0260097 0.0238835 0.0278031 0.0254171 0.0237463 0.0290183 0.0327262 0.0383335 0.0302997 0.0213322 0.0255285 0.0209045 0.021495 0.0205482 0.0239565 0.0217724 0.0191542 0.0199896 0.020346 0.0177591 0.0167227 0.0114675 0.0170302 0.0137603 0.017929 0.0289668 0.0159937 0.016985 0.0108068 0.00630157 0.000868801 
0 0.000457994 0.00260551 0.00714468 0.00774164 0.0096379 0.0122979 0.0132964 0.0129652 0.0126009 0.00872062 0.00395463 0.00693371 0.00905784 0.0118947 0.015624 0.0187253 0.018242 0.0178535 0.0152559 0.0158523 0.0112987 0.0107043 0.0158506 0.015954 0.0186658 0.016513 0.0235406 0.0282406 0.0243519 0.0207856 0.0198283 0.0198856 0.0182677 0.0163937 0.0232045 0.0273679 0.0259589 0.0245259 0.0261545 0.0337419 0.0284727 0.023542 0.0172984 0.0232635 0.0302345 0.0297294 0.0244315 0.0289815 0.0234068 0.0263933 0.0246176 0.0206696 0.0242022 0.0304939 0.0286849 0.0205019 0.0158794 0.021191 0.0169333 0.0220057 0.0223554 0.0213339 0.0207939 0.0163542 0.0198892 0.00665908 0.00268907 7.75627e-05 
0 7.69183e-05 0.00304475 0.00737594 0.00793287 0.00873742 0.00860106 0.0101524 0.0180049 0.0201267 0.0118761 0.00540102 0.00519028 0.00682569 0.0123988 0.0143025 0.0156863 0.0163922 0.0128111 0.0137217 0.0142173 0.0121843 0.0143079 0.0156305 0.0146978 0.0128099 0.0159593 0.0112718 0.0191439 0.0148156 0.0201921 0.0254743 0.0210637 0.0268506 0.0286861 0.0260791 0.0268641 0.0267592 0.0234251 0.0275357 0.0286685 0.0262103 0.0205566 0.0207589 0.0216877 0.0196879 0.0190263 0.0222367 0.036468 0.0253706 0.0204334 0.0255129 0.0207816 0.0219186 0.0271059 0.0183854 0.0208124 0.0206341 0.0199621 0.0174637 0.0200638 0.017652 0.0173784 0.0163081 0.0243135 0.0258652 0.00822225 0.00191019 0.000232746 
0 3.08926e-06 0.00274297 0.00936416 0.010702 0.0175273 0.0182716 0.0107914 0.0128599 0.0130374 0.0100383 0.00972733 0.00646584 0.00886652 0.012731 0.0177646 0.0175413 0.0129839 0.014654 0.0160837 0.011522 0.0109188 0.0163339 0.0153895 0.0153738 0.0128629 0.0116846 0.0122671 0.0147903 0.01027 0.0165139 0.0287351 0.0264305 0.0232562 0.0281479 0.0299387 0.026291 0.02531 0.0167852 0.0213196 0.0262073 0.0269083 0.0272089 0.0249263 0.0238967 0.0209116 0.018236 0.025644 0.0222313 0.0221035 0.0235036 0.0222794 0.0183652 0.0242528 0.0223284 0.0246516 0.020761 0.0151023 0.0243337 0.0251956 0.018593 0.0190583 0.0288959 0.0238546 0.0256878 0.0271378 0.0228238 0.00526183 0 
0 0 0.0044448 0.0137487 0.0145741 0.0213971 0.0236919 0.015162 0.0104184 0.0106309 0.0117437 0.00769141 0.012521 0.0110442 0.0166677 0.0168584 0.0100426 0.00917891 0.0107927 0.0171205 0.0179542 0.0135688 0.0154176 0.0118587 0.0110137 0.0142096 0.0197553 0.0167643 0.0186119 0.0147073 0.016007 0.0239194 0.0324858 0.039335 0.0308393 0.0342193 0.029694 0.027742 0.020952 0.0183882 0.0223146 0.0230964 0.0244187 0.0243549 0.0204358 0.019698 0.0166138 0.0245401 0.0219883 0.0188631 0.0226649 0.0322097 0.0317053 0.0197377 0.0146123 0.0194953 0.0154395 0.0154212 0.0265667 0.0283096 0.0173215 0.0232969 0.0257978 0.023708 0.0223141 0.0210587 0.0165609 0.00299203 0 
0 0 0.000709939 0.00611679 0.0150035 0.0221052 0.0235376 0.0168647 0.0149164 0.0158898 0.014225 0.00737261 0.0154884 0.0134481 0.0130415 0.0123571 0.00770089 0.00839957 0.0113029 0.0193415 0.0195034 0.0224347 0.0199636 0.0165639 0.0161458 0.0172924 0.0215904 0.0227996 0.0209558 0.0184827 0.0182566 0.0219115 0.0281698 0.0379815 0.0353256 0.0270349 0.031391 0.0322327 0.0207103 0.0186785 0.0208594 0.020999 0.0216596 0.0202315 0.0302064 0.022183 0.01884 0.0226091 0.0193888 0.02155 0.0259713 0.0303508 0.0239742 0.0206407 0.0153782 0.0121312 0.012143 0.0156908 0.0186577 0.0192467 0.0172494 0.0200261 0.0180887 0.0168829 0.019626 0.0177557 0.0141106 0.00160117 0 
0 0 5.99257e-05 0.00448703 0.0112636 0.0225362 0.0220503 0.0217355 0.013988 0.0175393 0.0125343 0.00338008 0.0095857 0.0117054 0.014224 0.012839 0.00852424 0.00930668 0.0131738 0.0189149 0.0238526 0.0243284 0.0176521 0.0166239 0.019988 0.0200772 0.0150699 0.0249411 0.0223251 0.0220336 0.0194867 0.0191878 0.0217719 0.0268088 0.0330445 0.0282569 0.0224882 0.0268317 0.0183666 0.0208763 0.023122 0.0210939 0.0232346 0.0220661 0.0212226 0.019704 0.0157714 0.0222176 0.0256051 0.0255578 0.0214245 0.0255871 0.020645 0.01643 0.0126481 0.0161321 0.0184568 0.0193213 0.016869 0.0132096 0.0209942 0.0242744 0.0249992 0.0242031 0.0265267 0.0164388 0.0058891 0.000311331 0 
0 0 0 0.000890177 0.0083341 0.01351 0.0157946 0.0221536 0.0207469 0.0125448 0.00457405 0.00154118 0.0026731 0.00294399 0.0058718 0.0113773 0.0108481 0.0139903 0.021783 0.0210393 0.0292629 0.0242076 0.0265035 0.0219871 0.0164534 0.0135894 0.0145062 0.0218455 0.0191038 0.0201207 0.0175676 0.0141865 0.0194248 0.0210791 0.0272187 0.0303761 0.0267685 0.0254227 0.018719 0.0194267 0.0226407 0.0232287 0.0253439 0.0231219 0.0221055 0.0267362 0.0250801 0.022154 0.0207692 0.0194629 0.0184673 0.0243348 0.0192467 0.0180295 0.0184333 0.0252896 0.0215746 0.0124421 0.0162729 0.0226639 0.0255433 0.0217959 0.018531 0.0197581 0.0196345 0.0103239 0.000409462 0 0 
0 0 0 0.000259563 0.00664751 0.00216259 0.00544548 0.00921951 0.0128169 0.00489923 0.00110541 0.00334835 0.00536696 0.00381422 0.00254899 0.00462337 0.0118063 0.0136804 0.0246136 0.0276102 0.0275846 0.0214031 0.0278667 0.0249777 0.0212672 0.0195825 0.0218765 0.0240341 0.0212778 0.0226974 0.0207454 0.0181758 0.0213962 0.0228522 0.0324526 0.0372692 0.0289204 0.0287471 0.0187626 0.0183518 0.0170067 0.0184937 0.0220227 0.0171891 0.0170008 0.0233379 0.0254984 0.0202571 0.0198055 0.0220779 0.020887 0.0237127 0.0155089 0.0127206 0.0154813 0.0209834 0.00962328 0.0136355 0.0247504 0.0319532 0.0260489 0.0172253 0.0109796 0.00937248 0.00799516 0.00409787 0.000170083 0 0 
0 0 0 0 0 0 0.00156766 0.00592323 0.0106269 0.00426585 0.00266125 0.0167637 0.029953 0.00863255 0.00148581 0.00177367 0.00502166 0.00810533 0.0124153 0.0196961 0.0179593 0.0217566 0.0227954 0.0234743 0.0192177 0.0247167 0.0279972 0.023803 0.0202006 0.0190149 0.0199053 0.0151791 0.0207145 0.0299138 0.0264361 0.03227 0.0345104 0.0275853 0.0231462 0.0160856 0.0167825 0.016188 0.0189645 0.0213906 0.0195557 0.0211216 0.0178539 0.0174445 0.0198642 0.0186948 0.02101 0.0170131 0.0183372 0.0148013 0.0239888 0.0307089 0.0217154 0.0157669 0.0189341 0.0170947 0.0207518 0.00984619 0.00335518 0.00169885 0.00284776 0.00112366 0 0 0 
0 0 0 0 0 0 0.000373889 0.00635065 0.00912948 0.00800831 0.00541843 0.0280313 0.0499495 0.0108851 0.000821281 0.000323797 0.000761347 0.000802834 0.00144856 0.00644189 0.0103702 0.0201037 0.0202869 0.0186014 0.0219947 0.0188998 0.0228173 0.0207766 0.0203033 0.0187666 0.0159987 0.018665 0.0204401 0.0269732 0.0216658 0.0242218 0.0272194 0.0219285 0.0249815 0.0222627 0.0196223 0.0225159 0.0261907 0.023291 0.0206714 0.0204137 0.0207081 0.0175154 0.0200002 0.0175397 0.0149121 0.0158271 0.021187 0.0305516 0.0328413 0.0385042 0.0256721 0.0160946 0.0089943 0.00755769 0.0034151 0.00228444 0.000196406 0.000631825 0.00089092 9.38046e-05 0 0 0 
0 0 0 0 0 0 0.00117879 0.00494914 0.00920746 0.00980304 0.00882728 0.00608225 0.00675896 0.00330085 0.00273608 0.00341515 0.000264751 0.000173638 0.000232021 0.0055244 0.0127858 0.0247961 0.0252926 0.0242314 0.0239128 0.0272718 0.0231211 0.0157242 0.0182922 0.0132614 0.0163935 0.0217304 0.0257682 0.0239195 0.0214678 0.0199504 0.0260587 0.0245671 0.0466897 0.0350467 0.0258669 0.024882 0.0254691 0.0253569 0.0202187 0.020725 0.0224723 0.018153 0.0165789 0.0203341 0.0174692 0.0253427 0.022227 0.0471627 0.0358414 0.0286313 0.0162308 0.0142067 0.0112579 0.00656818 0.00289087 0.000738069 8.90505e-06 0 0 0 0 0 0 
0 0 0 0 0 0 5.6183e-05 0.000406691 0.00287412 0.00666849 0.00965478 0.0111122 0.00401699 0.00377473 0.00459088 0.0142966 0.00722158 0.00145902 0 0.000857749 0.00602235 0.016694 0.0217498 0.021047 0.0244134 0.0310052 0.0317581 0.0156453 0.0135328 0.0174579 0.0202113 0.0215398 0.0179102 0.0242239 0.0183613 0.0246634 0.0323689 0.0217934 0.0297697 0.0304349 0.0192795 0.0158373 0.0184444 0.0157327 0.0210633 0.0157689 0.0171461 0.0219384 0.0245173 0.0177975 0.0256094 0.0273307 0.0391104 0.0845811 0.0457805 0.02304 0.0192138 0.015638 0.0182183 0.0186551 0.0175703 0.00443454 0.000464097 0 0 0 0 0 0 
0 0 0 0 0 0 0 0 0 0.00478689 0.0143557 0.0127347 0.00300139 0.00350309 0.0214307 0.0232495 0.0124269 0.00647375 0 0.000780552 0.00660211 0.0126979 0.0212206 0.0273721 0.0272183 0.0290894 0.0267153 0.0199898 0.0204527 0.0205289 0.0182929 0.0215019 0.0157429 0.0182152 0.0191856 0.0306641 0.0246679 0.0224253 0.0162932 0.0198727 0.01316 0.0120025 0.0216194 0.0193475 0.0187551 0.0160267 0.0130573 0.0254443 0.0229285 0.0288987 0.0233637 0.0253825 0.0353718 0.039775 0.0283197 0.025483 0.0229835 0.0257137 0.0288608 0.036314 0.0221426 0.00467864 8.63945e-05 0 0 0 0 0 0 
0 0 0 0 0 0 0 0 0 0.00338324 0.0110686 0.0101372 0.00975914 0.00503278 0.0163038 0.0280547 0.0209179 0.0055262 0.000384214 0.00425932 0.00818101 0.0138145 0.0209927 0.0290143 0.0316452 0.0297791 0.031412 0.0232914 0.020917 0.0253445 0.0190237 0.0217181 0.019698 0.0219932 0.0234868 0.0308935 0.036233 0.0276372 0.0242178 0.0205702 0.0196139 0.0192438 0.0253344 0.0193978 0.0205129 0.0226123 0.0163764 0.0210108 0.0201785 0.0344813 0.0314673 0.016497 0.0205929 0.0197403 0.0165613 0.020519 0.0238802 0.0320649 0.0390697 0.0225824 0.0115715 0.00154856 0 0 0 0 0 0 0 
0 0 0 0 0 0 0 0 0 0.000874773 0.00762539 0.0106908 0.0094003 0.00638146 0.0129309 0.021798 0.0171081 0.00342962 0.00353652 0.013898 0.016493 0.0172011 0.0213181 0.0297951 0.0388734 0.0405854 0.0286824 0.0209828 0.0178987 0.0230988 0.024584 0.0223676 0.0175185 0.0227183 0.0330186 0.0435069 0.0359635 0.0342144 0.0280252 0.0231435 0.0236338 0.0189671 0.0228328 0.0179091 0.023968 0.0196402 0.0220798 0.0208652 0.0200561 0.030663 0.0270098 0.0188866 0.0146083 0.0101029 0.014302 0.0147629 0.0243204 0.0273317 0.0341897 0.0193943 0.00578368 0.000173709 0 0 0 0 0 0 0 
0 0 0 0 0 0 0 0 0 0.000457046 0.0106259 0.012659 0.01222 0.012456 0.0178914 0.0278543 0.0186396 0.00265396 0.00846308 0.0141668 0.0168401 0.0192925 0.0219996 0.0241629 0.0272551 0.0301734 0.0244297 0.0199129 0.0212527 0.0180043 0.025141 0.0384575 0.0328775 0.030308 0.0312989 0.0446917 0.044988 0.0415465 0.0296058 0.0302127 0.0288886 0.0246788 0.0251452 0.0214965 0.027162 0.0241548 0.0248421 0.0165187 0.0160317 0.0184846 0.0178827 0.0156813 0.00832442 0.00902598 0.0121872 0.0209097 0.0267706 0.0295699 0.0264552 0.0162704 0.00457044 0.000117411 0 0 0 0 0 0 0 
0 0 0 0 0 0 0 0 0 5.21869e-05 0.00324044 0.0126731 0.016748 0.0129737 0.0177668 0.0189178 0.0109679 0.00153221 0.00715981 0.013345 0.0189209 0.0218461 0.0276881 0.0231436 0.0183933 0.0181076 0.0192527 0.0208012 0.0256284 0.0169641 0.0280217 0.049327 0.0299174 0.0251214 0.0319954 0.0333944 0.0373338 0.0400378 0.0370168 0.0304983 0.0271661 0.0314402 0.0214154 0.0223679 0.0266548 0.0236511 0.018872 0.0178352 0.0210267 0.0196419 0.0219764 0.0136933 0.0114895 0.0190367 0.0124673 0.0190562 0.0230475 0.0259992 0.0228493 0.0092065 0.000469996 0 0 0 0 0 0 0 0 
0 0 0 0 0 0 0 0 0 0 0.000313728 0.00483643 0.00654875 0.0068396 0.0102518 0.00562989 0.00251524 0.000994389 0.00635949 0.0110185 0.0159642 0.0224279 0.0206642 0.0181314 0.0181446 0.0240791 0.0242295 0.0217778 0.0283078 0.0255959 0.0305806 0.0405444 0.0299415 0.0230419 0.0237633 0.0227546 0.0246472 0.0342885 0.0251446 0.0271305 0.0228756 0.0233949 0.0194133 0.0252222 0.0262753 0.0243721 0.0219799 0.018255 0.0179765 0.0114219 0.0159767 0.0176995 0.0157418 0.0204871 0.0191706 0.011457 0.0110065 0.0122754 0.00700638 0.000283611 0 0 0 0 0 0 0 0 0 
0 0 0 0 0 0 0 0 0 0 0 0 0.000316081 0.000118396 0.000758682 0.00112521 0.00135934 0.000916234 0.0111376 0.0104444 0.010592 0.012293 0.0155195 0.0131949 0.0114972 0.0198551 0.0280327 0.0252342 0.036365 0.0400238 0.0352842 0.0335534 0.0368078 0.0320445 0.0204444 0.0193806 0.0189123 0.0242424 0.0291256 0.0202383 0.0184283 0.0266049 0.0278373 0.0303448 0.0248105 0.0284891 0.0247878 0.017632 0.0192245 0.0155569 0.0131647 0.0131175 0.0156778 0.0175496 0.0135681 0.0101098 0.00665974 0.00381257 0.000376524 0 0 0 0 0 0 0 0 0 0 
0 0 0 0 0 0 0 0 0 0 0 0 0 0 0 0 7.82199e-07 0.000603122 0.0116678 0.0160429 0.00339746 0.00316011 0.00538972 0.00469305 0.00175243 0.00698864 0.0197842 0.0218203 0.0220884 0.0255261 0.0264509 0.0338811 0.0326316 0.026766 0.0218746 0.0246739 0.021815 0.0246201 0.0314927 0.0307328 0.0206481 0.0184798 0.0303442 0.0384059 0.0301922 0.0326857 0.0266156 0.0235663 0.0156973 0.0126038 0.0133091 0.0145931 0.0168803 0.01687 0.00344698 0.00237781 0.0010607 0.000233363 0 0 0 0 0 0 0 0 0 0 0 
0 0 0 0 0 0 0 0 0 0 0 0 0 0 0 0 0.000780407 0.00322576 0.0121331 0.0178201 0.0148918 0.00572172 0.0247552 0.0240699 0.00215864 0.00312388 0.0133455 0.0188942 0.0236999 0.0277745 0.0270971 0.0278885 0.0281244 0.0277111 0.0229376 0.0212671 0.0294152 0.0248916 0.0290431 0.027068 0.0220669 0.0225951 0.0342971 0.0465511 0.0420913 0.0418064 0.02976 0.0217301 0.0165512 0.0103201 0.0216019 0.0205665 0.010189 0.00607277 0.00155541 0.000179447 1.72543e-05 0 0 0 0 0 0 0 0 0 0 0 0 
0 0 0 0 0 0 0 0 0 0 0 0 0 0 0 0 0.000684515 0.00469455 0.0127381 0.0252083 0.0194072 0.0167955 0.0241742 0.0215739 0.00142452 0.00825021 0.0201359 0.0188532 0.0188216 0.0167216 0.0169548 0.0223823 0.023653 0.0264967 0.0240553 0.0209454 0.0645929 0.0708049 0.0285843 0.0286144 0.0284363 0.0345056 0.0330791 0.0431725 0.0491598 0.046649 0.0233119 0.0117466 0.00878246 0.00838869 0.0171937 0.0144866 0.00286994 0.000448549 3.65768e-06 0 0 0 0 0 0 0 0 0 0 0 0 0 0 
0 0 0 0 0 0 0 0 0 0 0 0 0 0 0 0 1.8976e-06 0.0015842 0.00283801 0.0101328 0.021379 0.0218462 0.0153799 0.0094575 0.00273372 0.0182449 0.0257773 0.0166999 0.0180567 0.0153917 0.0194656 0.0207445 0.0273363 0.0252271 0.0214151 0.0225831 0.0487056 0.0539904 0.0229961 0.0245541 0.0299993 0.0313514 0.0418954 0.0455053 0.0513173 0.0485419 0.0241053 0.00495864 0.0013115 0.00284887 0.0042534 0.00454877 0.00026874 0 0 0 0 0 0 0 0 0 0 0 0 0 0 0 0 
0 0 0 0 0 0 0 0 0 0 0 0 0 0 0 0 0 0 2.69455e-05 0.00261601 0.00897473 0.00625764 0.0115535 0.00305384 0.00677038 0.0214132 0.0254212 0.0297834 0.0224827 0.0213633 0.0260883 0.0259824 0.0236711 0.0227111 0.0183153 0.0147709 0.0153212 0.0184078 0.0228642 0.0289304 0.0332735 0.0340591 0.0401582 0.0364122 0.0382126 0.0414748 0.0282215 0.00459193 0.000116051 8.69094e-05 2.62244e-07 1.03248e-05 0 0 0 0 0 0 0 0 0 0 0 0 0 0 0 0 0 
0 0 0 0 0 0 0 0 0 0 0 0 0 0 0 0 0 0 0 0 5.55422e-05 0.000275023 0.000590035 0.000800616 0.00592676 0.0123289 0.0145192 0.0288468 0.0245453 0.0201204 0.0280628 0.0272292 0.0224826 0.0203126 0.0176184 0.0100768 0.00524401 0.0106978 0.0218725 0.0243228 0.0245995 0.0291026 0.0283483 0.0176997 0.0140214 0.0159897 0.00517965 0.000398921 0 0 0 0 0 0 0 0 0 0 0 0 0 0 0 0 0 0 0 0 0 
0 0 0 0 0 0 0 0 0 0 0 0 0 0 0 0 0 0 0 0 0 0 0 0.000335071 0.00257322 0.00274775 0.00453886 0.0206004 0.0242643 0.020762 0.0199354 0.0188768 0.0174453 0.0202647 0.0165884 0.0147817 0.010128 0.0140508 0.020614 0.0159579 0.0171511 0.0162847 0.00757805 0.00367099 0.00488932 0.00362893 0.000492503 0 0 0 0 0 0 0 0 0 0 0 0 0 0 0 0 0 0 0 0 0 0 
0 0 0 0 0 0 0 0 0 0 0 0 0 0 0 0 0 0 0 0 0 0 0 0 0 0 0.000302655 0.00218814 0.00282893 0.00255465 0.00271865 0.00406566 0.00580468 0.00576175 0.00515249 0.00487959 0.00466311 0.00716355 0.00349501 0.00389916 0.00788887 0.00305258 0.000363736 0.000276911 4.98318e-05 2.24736e-06 0 0 0 0 0 0 0 0 0 0 0 0 0 0 0 0 0 0 0 0 0 0 0 

