0 0 0 0 0 0 0 0 0 0 0 0 0 0 0 0 0 0 0 0 0 0 0 0 0 0 0 0 0 0 1.11865e-06 0.000132926 0.000268702 0.000181419 3.28955e-06 0 0 7.2486e-06 0.00018588 1.53522e-05 0 0 0 0 0 0 0 0 0 0 0 0 0 0 0 0 0 0 0 0 0 0 0 0 0 0 0 0 0 
0 0 0 0 0 0 0 0 0 0 0 0 0 0 0 0 0 0 0 0 0 0 0 0 0 0 0 0 0.000990276 0.00341602 0.0046658 0.011074 0.0120667 0.00563408 0.00109688 0.000189754 0.000521802 0.000945016 0.00630842 0.00274153 0.0015998 0.000334202 0 0 0 0 0 0 0 0 0 0 0 0 0 0 0 0 0 0 0 0 0 0 0 0 0 0 0 
0 0 0 0 0 0 0 0 0 0 0 0 0 0 0 0 0 0 0 0 0 0 0 0.000239709 0.00126171 0.00206235 0.000851413 0.00272749 0.00618466 0.00745476 0.00934665 0.0175607 0.0224709 0.0135171 0.00506192 0.00255461 0.0029524 0.00242863 0.00659225 0.00795078 0.00699881 0.00291517 0.000147789 0 8.39141e-05 2.13453e-05 0 0 0 0 0 0 0 0 0 0 0 0 0 0 0 0 0 0 0 0 0 0 0 
0 0 0 0 0 0 0 0 0 0 0 0 0 0 0 0 0 0 0 0 0 6.52368e-05 0.00242634 0.00792421 0.00797138 0.0117119 0.00395793 0.00306794 0.00503011 0.0038797 0.00902967 0.0160987 0.027 0.0163907 0.0125604 0.0123646 0.0110089 0.00954646 0.0136211 0.0155082 0.00754992 0.00384739 0.00078632 0.000480326 0.0042858 0.00447833 0.00071227 3.9126e-06 0 0 0 0 0 0 0 0 0 0 0 0 0 0 0 0 0 0 0 0 0 
0 0 0 0 0 0 0 0 0 0 0 0 0 0 0 0 0 5.03627e-06 7.96197e-05 0 0 0.00115578 0.0126318 0.0167475 0.0138969 0.0117241 0.00781517 0.00642728 0.00483999 0.00608643 0.0080175 0.00830815 0.0179609 0.0235597 0.0206964 0.0223721 0.0162417 0.0175797 0.017149 0.015834 0.0122034 0.0053741 0.00540414 0.00678311 0.00618306 0.00774913 0.0037902 0.00160647 6.41227e-06 0 0 0 0 0 0 0 0 0 0 0 0 0 0 0 0 0 0 0 0 
0 0 0 0 0 0 0 0 0 0 0 0 0 0 0 0 6.12499e-05 0.00137291 0.003827 0.00326241 0.00110931 0.00346313 0.0161425 0.0148631 0.0156417 0.0174902 0.0131179 0.0106741 0.0065303 0.00732841 0.00528596 0.00475035 0.0119789 0.0223288 0.0194101 0.0195141 0.0194833 0.0164496 0.0185915 0.0147678 0.0124785 0.0130029 0.00920365 0.0112329 0.00986442 0.00913287 0.00758353 0.00994196 0.00321687 0.000616982 0.000100797 0.000478463 7.4241e-05 0 0 0 0 0 0 0 0 0 0 0 0 0 0 0 0 
0 0 0 0 0 0 0 0 0 0 0 0 0 0 0 0 0.00115244 0.00459826 0.0126127 0.0126556 0.010632 0.00992573 0.0141204 0.0137332 0.0162189 0.0145567 0.0120942 0.00888491 0.010772 0.0113807 0.006476 0.00375771 0.0108104 0.0240637 0.0249387 0.0276247 0.0130541 0.0165823 0.0136655 0.0126642 0.0130531 0.0138174 0.0123997 0.0146073 0.014953 0.0105796 0.0106179 0.014308 0.0110505 0.00332685 0.00174312 0.00268532 0.00142837 9.47961e-05 0 0 0 0 0 0 0 0 0 0 0 0 0 0 0 
0 0 0 0 0 0 0 0 0 0 0 0 0 2.25946e-06 9.11051e-05 0.000436423 0.00203347 0.00200988 0.00529902 0.0078304 0.015057 0.0161656 0.0145397 0.0147205 0.0190942 0.0175536 0.0152839 0.0158568 0.014586 0.0140572 0.0100754 0.0105704 0.0171655 0.0222875 0.0210773 0.0232168 0.0136229 0.0176786 0.0141441 0.0136628 0.0107162 0.0139522 0.0147027 0.0162942 0.0141362 0.0185899 0.0190951 0.0187757 0.01866 0.0134961 0.00658008 0.00717271 0.00456523 0.0007928 0 0 0 0 0 0 0 0 0 0 0 0 0 0 0 
0 0 0 0 0 0 0 0 0 0 0 0 1.29478e-05 0.00123483 0.00410006 0.00676823 0.00602004 0.0102999 0.0129352 0.0152721 0.0151217 0.0129277 0.0114269 0.0148332 0.0184058 0.0204457 0.0173022 0.0191856 0.0195543 0.0190657 0.0137748 0.0183116 0.0194396 0.0174531 0.0211876 0.0198245 0.0171836 0.0256688 0.0212952 0.0133818 0.0119947 0.0124881 0.0159519 0.0138847 0.0134331 0.0263413 0.0360395 0.0270884 0.0248385 0.0187772 0.0161816 0.00955016 0.00779727 0.00429881 0.000551291 0 2.13457e-06 5.00895e-06 0 0 0 0 0 0 0 0 0 0 0 
0 0 0 0 0 0 0 0 0 0 0 4.26332e-06 0.00227834 0.00561384 0.011991 0.0175692 0.0223711 0.0224813 0.0183739 0.0140577 0.0122753 0.0148001 0.0103685 0.0156292 0.0170868 0.0230643 0.0193443 0.0186273 0.0161175 0.0125075 0.0124547 0.0161645 0.0162535 0.0166037 0.0173918 0.0241439 0.0257621 0.0189689 0.0223931 0.0148421 0.0170291 0.0153454 0.0204308 0.0163118 0.0136972 0.0319401 0.0441858 0.0248981 0.0184706 0.0191228 0.0195464 0.0094397 0.00708717 0.0075575 0.0020619 9.70145e-05 0.00137639 0.00233891 0.000322088 0 0 0 0 0 0 0 0 0 0 
0 0 0 0 0 0 0 0 0 0 4.4933e-05 0.00177529 0.00802693 0.00998455 0.0144058 0.0189329 0.0195319 0.0177408 0.0186912 0.0175085 0.0112488 0.0139452 0.0107352 0.0118345 0.0166733 0.0162666 0.0229169 0.0161652 0.0187921 0.016919 0.0147028 0.0144753 0.0180551 0.0195374 0.0230159 0.0161881 0.0142904 0.0144047 0.015043 0.0280185 0.0357776 0.0259708 0.0259809 0.0187726 0.0155668 0.0247598 0.0306107 0.0175783 0.0186724 0.0121811 0.0154478 0.0109732 0.0111129 0.00516765 0.00427631 0.00119453 0.00137249 0.00470784 0.00250966 0.000336899 0 0 0 0 0 0 0 0 0 
0 0 0 0 0 0 0 0 0 0 0.000685126 0.00476999 0.0101549 0.0141874 0.0114149 0.0100396 0.0106449 0.00740008 0.0118057 0.0141109 0.0131135 0.0110024 0.0106256 0.0137891 0.0173911 0.0151502 0.0215721 0.0173664 0.0119312 0.0123746 0.017132 0.0111938 0.0160653 0.0165133 0.0189257 0.0125584 0.0126298 0.00873234 0.0136182 0.051954 0.0876723 0.0352704 0.0214887 0.0193441 0.0168399 0.0197356 0.0200819 0.01492 0.0134729 0.0137318 0.0110553 0.00702335 0.0122146 0.0077295 0.00825698 0.00397619 0.00333509 0.0042314 0.0069257 0.0035228 0.000463055 0 0 0 0 0 0 0 0 
0 0 0 0 0 0 0 0 0 0 0.000123091 0.00193624 0.0109589 0.016664 0.0170913 0.0107505 0.00451333 0.00251609 0.010286 0.0178943 0.0128464 0.0104162 0.0101224 0.0165208 0.0146784 0.0163592 0.0123866 0.0154164 0.0119877 0.010464 0.0129101 0.0110076 0.0117215 0.0167172 0.0168427 0.0120639 0.0107849 0.012457 0.0164265 0.0301226 0.04319 0.0291148 0.0228496 0.0180406 0.0205201 0.0186739 0.0175454 0.0147371 0.00876888 0.00962057 0.0102901 0.00748421 0.0108426 0.010454 0.0085775 0.00942616 0.00870035 0.0101015 0.00818927 0.00547112 0.00426117 0.0002823 0 0 0 0 0 0 0 
0 0 0 0 0 0 0 0 0.000303714 0.000840497 0.00243543 0.00482139 0.00478201 0.00688944 0.00644455 0.005958 0.00275117 0.0041005 0.0156819 0.0217338 0.0176113 0.01333 0.0157931 0.0174148 0.0155767 0.0155307 0.0152973 0.0140025 0.0228914 0.014878 0.0136337 0.00973828 0.0100263 0.0134282 0.0120361 0.0151307 0.0163764 0.021179 0.0163831 0.0170664 0.0257959 0.02446 0.0181558 0.0200495 0.0257421 0.019355 0.0101854 0.0103708 0.0142324 0.0104125 0.00818795 0.00880322 0.0101986 0.00831972 0.00931102 0.0127622 0.0157722 0.0129388 0.0122959 0.00662263 0.00767665 0.0023778 0 0 0 0 0 0 0 
0 0 0 0 0 0 1.28931e-05 0.00155653 0.0070089 0.0103476 0.015662 0.0137056 0.0170358 0.0177111 0.0105749 0.00688756 0.00693407 0.00903792 0.0149522 0.012777 0.0145437 0.0185703 0.019089 0.0170738 0.0163901 0.0185891 0.0200599 0.0305741 0.0336305 0.0248183 0.0188116 0.018884 0.0118443 0.0145329 0.0163876 0.0165726 0.0203232 0.021292 0.0167636 0.0186974 0.0201303 0.0278295 0.0288663 0.0203215 0.0251215 0.0175776 0.0119291 0.00873597 0.0148656 0.0171904 0.016412 0.0164886 0.0137912 0.013664 0.00907955 0.00786395 0.0155968 0.0131622 0.00933053 0.00533893 0.00972043 0.00559752 0.00114985 0 0 0 0 0 0 
0 0 0 0 0 0 0.000633871 0.0100885 0.0100962 0.0172403 0.0182477 0.0188676 0.0166654 0.0238519 0.0150632 0.00940434 0.0136288 0.0188666 0.0162521 0.018142 0.0214123 0.02152 0.0165808 0.0150679 0.0131466 0.0222542 0.0259812 0.0350886 0.0319726 0.0173129 0.019651 0.0184436 0.0144007 0.0162149 0.0172278 0.0146705 0.0122206 0.0160414 0.017244 0.0153834 0.0148164 0.0229336 0.0256342 0.021203 0.0180296 0.0174765 0.0150133 0.0166752 0.019938 0.0206506 0.0211845 0.0205207 0.0181905 0.0117605 0.00907919 0.0164391 0.0159279 0.00922623 0.0125706 0.0100361 0.0120569 0.0151463 0.00946165 0.000303827 0 0 0 0 0 
0 0 0 0 0 9.34561e-05 0.00469898 0.0135202 0.0103163 0.0149862 0.0246417 0.0229688 0.0159002 0.0166422 0.0118984 0.00605874 0.012892 0.022151 0.0161288 0.0139336 0.0128178 0.0157078 0.0125012 0.00935929 0.0116298 0.0151984 0.0165559 0.0263957 0.0326173 0.0203972 0.0111484 0.0110706 0.0198689 0.0170574 0.0167238 0.0153221 0.013988 0.0128835 0.0164257 0.0199449 0.0200473 0.0246408 0.0260717 0.020571 0.0160794 0.0149977 0.0243168 0.0316597 0.0201277 0.0183409 0.0199004 0.0164284 0.0200115 0.0146092 0.0132941 0.0161722 0.0163637 0.0158497 0.0210525 0.0137213 0.0132731 0.0168507 0.00846879 0.00321615 0.000110084 0 0 0 0 
0 0 0 0 0 0.000580719 0.00589337 0.0138854 0.0185138 0.0246525 0.0310502 0.0298888 0.021432 0.0136639 0.0170027 0.0140102 0.0157714 0.0222988 0.0212197 0.0194136 0.011753 0.0149765 0.0182556 0.0137137 0.00989409 0.0111567 0.0118309 0.0206225 0.028568 0.0191685 0.0108039 0.0107808 0.0201106 0.0203937 0.0220157 0.01952 0.0118372 0.0148511 0.0169364 0.0215785 0.0248665 0.0180336 0.0206866 0.0167509 0.0172103 0.016208 0.0199319 0.0234544 0.0229994 0.0198973 0.0195278 0.0151122 0.0209026 0.0120668 0.0119165 0.0195154 0.0179693 0.0133306 0.0160386 0.0141451 0.0172299 0.010971 0.00957167 0.00393903 0.000638766 0 0 0 0 
0 0 0 0 1.75643e-05 0.00047764 0.00367954 0.0140567 0.0218105 0.0245457 0.0293915 0.0333336 0.0195908 0.0129339 0.00668223 0.0131477 0.0202274 0.0300549 0.022504 0.0259168 0.0176292 0.0154423 0.0170073 0.015768 0.017091 0.0140237 0.0173057 0.0244258 0.0248525 0.0183953 0.0124494 0.0135411 0.0158922 0.0201402 0.0162153 0.0167441 0.0127631 0.0175055 0.0211577 0.021705 0.0247474 0.0151342 0.0195508 0.0170276 0.0182867 0.0155107 0.016702 0.0181322 0.0147735 0.0175223 0.0166019 0.0197214 0.0198714 0.0139846 0.0138086 0.0151842 0.0213366 0.0165995 0.0187222 0.0209946 0.0248475 0.0181489 0.0119881 0.00539514 0.000930824 0 0 0 0 
0 0 0 0 0.000441264 0.00440299 0.0115849 0.0113746 0.0114982 0.0130243 0.0147092 0.0199335 0.0117768 0.00595972 0.00167176 0.00974732 0.0201576 0.023901 0.0212628 0.0212902 0.0167404 0.0160994 0.0211975 0.0143535 0.0152019 0.0211627 0.0202671 0.0145316 0.020825 0.0241797 0.0234825 0.017039 0.0143938 0.0128122 0.0183463 0.0152315 0.0140385 0.019675 0.0192978 0.0214782 0.0248054 0.0187616 0.0191406 0.0203345 0.0203125 0.0168393 0.0142049 0.0159945 0.0139522 0.014548 0.0162808 0.020585 0.0240063 0.0156754 0.01353 0.0113438 0.0162609 0.0225647 0.0195828 0.0221234 0.0219177 0.0181419 0.0118117 0.00726483 0.000787634 0 0 0 0 
0 0 0 5.2386e-06 0.0023144 0.013872 0.0153964 0.00927181 0.00286531 0.0064809 0.0152644 0.0210662 0.0141799 0.00945044 0.00305823 0.00386456 0.0120104 0.0165559 0.0184829 0.0196317 0.0195315 0.0202872 0.0220703 0.0268833 0.0252443 0.0222247 0.0228431 0.0171966 0.0208075 0.0221167 0.0232963 0.013498 0.00941497 0.013218 0.0189597 0.0161862 0.0173808 0.0157338 0.0161763 0.019494 0.0158174 0.0131164 0.0222514 0.024906 0.0204237 0.0172403 0.0151065 0.017491 0.0150566 0.0105231 0.0135053 0.0254931 0.0241433 0.0218731 0.017843 0.0150157 0.0155088 0.0169721 0.0203209 0.0200434 0.0239469 0.0138486 0.0113627 0.00910908 0.000929128 1.30436e-05 0 0 0 
0 0 0 0.000443338 0.00874117 0.0171331 0.0102653 0.0110267 0.00851605 0.0147599 0.0234284 0.0192551 0.010503 0.0110013 0.00308488 0.00148816 0.00633183 0.0128684 0.0141141 0.014276 0.0173028 0.0210732 0.0248986 0.0314169 0.0305504 0.0186783 0.0208376 0.0172564 0.0195494 0.0150695 0.0205127 0.0102903 0.0107579 0.0182926 0.0223153 0.0139622 0.0131796 0.0157277 0.0199147 0.015749 0.0165128 0.0161539 0.0123834 0.0167826 0.0211961 0.0235556 0.016476 0.0114325 0.0123016 0.0157646 0.0184383 0.0222738 0.0199676 0.0199035 0.0188854 0.0162998 0.0145152 0.0210883 0.0217349 0.0189124 0.022232 0.0150371 0.0128527 0.00782643 0.00127014 3.06278e-05 0 0 0 
0 0 0 0.000177139 0.00381817 0.00722802 0.00908315 0.00716108 0.0125804 0.0233825 0.0250466 0.0140008 0.0096071 0.0118673 0.00511036 0.00109407 0.00198048 0.00523181 0.0082512 0.0118654 0.012912 0.0158056 0.0148047 0.0212194 0.0346313 0.0203774 0.0165174 0.0150612 0.0128276 0.0173132 0.0188672 0.0159529 0.0170007 0.0175521 0.0137867 0.0125271 0.0130647 0.0195005 0.0197605 0.018304 0.0171056 0.0197076 0.0154928 0.0188403 0.017458 0.0209094 0.0123677 0.0147516 0.0141052 0.0151767 0.0173671 0.0194978 0.01375 0.0130515 0.0142913 0.0148835 0.0169435 0.0203826 0.0210199 0.0166799 0.0211868 0.0195443 0.0156734 0.00867367 0.00131388 9.97049e-05 0 0 0 
0 0 0 3.67819e-05 0.00100118 0.0022993 0.00369713 0.0115744 0.022589 0.0294256 0.0214339 0.016353 0.017701 0.0155062 0.00899025 0.00500758 0.000571962 0.00327275 0.0072204 0.011855 0.00853814 0.00590373 0.0063146 0.0112546 0.0193794 0.0188117 0.0130897 0.0100455 0.0122164 0.0124455 0.0131795 0.0171888 0.0175185 0.0214659 0.0153596 0.0180504 0.0227458 0.0215942 0.0269386 0.0217083 0.0281449 0.0254394 0.024017 0.0199554 0.0191189 0.0222318 0.0187651 0.0140874 0.0113802 0.0151185 0.0183896 0.0130473 0.0146676 0.0173978 0.0165183 0.0168789 0.0221521 0.0210332 0.0171436 0.0136294 0.0229406 0.0274946 0.0216488 0.0135196 0.00769366 0.00217707 0.000468727 0.000174734 0 
0 0 0.000182197 0.00121878 0.00188241 0.00476067 0.0102634 0.0148258 0.0245198 0.0308168 0.0226756 0.0204203 0.01527 0.0216762 0.0198374 0.0154144 0.00827598 0.00189264 0.00203079 0.00568434 0.00818071 0.0115674 0.00994866 0.0106087 0.012847 0.0166444 0.0104869 0.0132144 0.0156338 0.016136 0.0140067 0.0145563 0.0192481 0.017329 0.0186276 0.0237316 0.0252461 0.0221968 0.0267004 0.0211211 0.0211854 0.0204494 0.0215912 0.0231335 0.0175313 0.0179726 0.0207861 0.0199394 0.0168511 0.0198253 0.0181521 0.0215633 0.0161927 0.0163615 0.022384 0.020276 0.0227782 0.0209821 0.0244478 0.0219375 0.017891 0.0210694 0.0187448 0.015038 0.0100673 0.00983749 0.00194364 0.000135586 0 
0 9.68625e-06 0.00501302 0.0132487 0.0114381 0.0139521 0.0164018 0.0158318 0.0224971 0.0265714 0.0300591 0.0240785 0.018246 0.0187457 0.0196943 0.0199788 0.0196537 0.0110445 0.00413869 0.00631653 0.0109744 0.0146388 0.0142915 0.0134739 0.0183932 0.0209491 0.0138904 0.0122056 0.0140687 0.0122389 0.0136802 0.0135274 0.0154965 0.0131615 0.0205985 0.0255009 0.0227885 0.0189364 0.0246395 0.0179711 0.0133438 0.0182199 0.0179699 0.0224675 0.0179412 0.017786 0.0197211 0.0182753 0.019047 0.0159204 0.0165277 0.0241226 0.0156283 0.0177758 0.0193163 0.0178327 0.018962 0.0176694 0.020131 0.0188456 0.0151172 0.012588 0.017088 0.0146703 0.0146119 0.0133379 0.0078416 0.00163432 0.000103174 
0 0.000330382 0.0115119 0.0183449 0.0200061 0.0257301 0.0244559 0.0244673 0.0198051 0.0180919 0.0223726 0.0244054 0.0154918 0.0117209 0.0129397 0.016563 0.0171347 0.0167284 0.0139682 0.010841 0.00926468 0.0155145 0.0197587 0.020998 0.0250193 0.0220144 0.0183531 0.016348 0.010637 0.0121788 0.0145491 0.0148366 0.0192659 0.0200855 0.0242523 0.0236145 0.0222647 0.0242003 0.0224565 0.0224013 0.0141887 0.0154967 0.0200904 0.0230641 0.0190176 0.0144444 0.0176896 0.0190425 0.0170873 0.0224596 0.0179583 0.0232055 0.0183677 0.0160058 0.0171791 0.0224895 0.0207885 0.0200592 0.0173671 0.0171522 0.0213737 0.021163 0.0250753 0.020053 0.0162248 0.0136995 0.0129992 0.00482237 0.000331279 
0 0.00264172 0.0139815 0.0185735 0.0185084 0.0185587 0.0215351 0.0208748 0.0155421 0.0164012 0.0171478 0.0188411 0.0111772 0.0211565 0.0233136 0.0193952 0.0166017 0.016518 0.0205761 0.016616 0.0113805 0.0195002 0.0198693 0.01994 0.0192189 0.018242 0.0167522 0.0234093 0.0162117 0.015082 0.0140815 0.0137943 0.0190185 0.0193143 0.0204266 0.0202514 0.0245164 0.0266831 0.0347895 0.0455631 0.0250657 0.0193259 0.0226695 0.0208955 0.0150705 0.0149463 0.0194569 0.024545 0.0226339 0.0267225 0.0257016 0.0273745 0.0271984 0.0212001 0.0201372 0.0159954 0.0224501 0.0211732 0.0230362 0.0163681 0.0216845 0.0227637 0.0219828 0.0176157 0.021813 0.0208896 0.0169945 0.0102262 0.000824616 
0 0.00420339 0.0202276 0.023232 0.0199366 0.0245124 0.0204281 0.0233467 0.0197115 0.0201081 0.0176759 0.0198097 0.0169843 0.0254291 0.0332781 0.0213996 0.01755 0.0162173 0.0181765 0.0135392 0.00844176 0.0145997 0.0218854 0.0197428 0.0180476 0.0208674 0.0265154 0.0259325 0.0196336 0.0186613 0.0149856 0.0176447 0.0167216 0.0173411 0.021477 0.026506 0.0275164 0.0335934 0.0375773 0.0482455 0.0298749 0.0200963 0.0233911 0.0167701 0.00817743 0.0144368 0.0252652 0.0245654 0.0319669 0.0257861 0.0328735 0.0203458 0.0210367 0.0238923 0.0204634 0.0176465 0.0250914 0.0205308 0.0211325 0.0221312 0.0159584 0.0153877 0.0181827 0.0185015 0.0208721 0.0190213 0.00916562 0.00367277 0.000171133 
0 0.00501801 0.0151534 0.0200361 0.0191635 0.0223899 0.0226247 0.0283999 0.0202603 0.0236063 0.0171966 0.0171397 0.0205971 0.0234952 0.0275028 0.0303147 0.021408 0.0192196 0.0146098 0.00863613 0.0111832 0.0139258 0.0220872 0.023942 0.0220741 0.0345834 0.0332324 0.0290652 0.0180568 0.0180713 0.0169669 0.0246117 0.0267928 0.0251044 0.0307109 0.0437715 0.0580868 0.046767 0.0364303 0.0415476 0.0239731 0.0204677 0.0198691 0.0215471 0.0168686 0.0159045 0.0223917 0.0250013 0.0244676 0.0212642 0.0189384 0.0219005 0.0270208 0.0189551 0.0119211 0.0129264 0.0213826 0.02541 0.0195857 0.0242477 0.0177293 0.0107137 0.0104248 0.0143047 0.0112063 0.00949693 0.00811515 0.00462698 0.000890015 
3.06111e-05 0.00195836 0.012766 0.0196968 0.0236125 0.0255184 0.0246317 0.0230856 0.0241562 0.0162696 0.0147967 0.0130622 0.0199665 0.0212014 0.035136 0.035139 0.0318204 0.0214058 0.01782 0.014167 0.0135794 0.0184318 0.0239832 0.0171342 0.0228781 0.0320973 0.0298417 0.0284821 0.0158156 0.0198744 0.0264875 0.030195 0.0454142 0.0578561 0.0337108 0.0320236 0.0298771 0.028952 0.0326286 0.0324492 0.0200064 0.0185742 0.0195083 0.0242633 0.0264022 0.0220696 0.0231846 0.0247814 0.0212076 0.0250256 0.0264114 0.0291279 0.023234 0.0155055 0.0123203 0.0183741 0.0181134 0.0207572 0.0194506 0.0213525 0.0163244 0.00819614 0.0129622 0.023753 0.0174756 0.0144836 0.0193752 0.012811 0.00136348 
8.46814e-05 0.00040764 0.00420317 0.0174782 0.0225425 0.0244231 0.0229502 0.0162682 0.0236852 0.0217436 0.0153852 0.00673157 0.0140873 0.0182018 0.0275459 0.0231437 0.0224014 0.0184195 0.0165663 0.0174627 0.0247832 0.0278063 0.0229266 0.0144542 0.0231885 0.0302244 0.0286189 0.0265651 0.0251721 0.0159273 0.037635 0.0692102 0.0904541 0.0936825 0.0434586 0.0170727 0.0232941 0.0303542 0.0252392 0.0378839 0.0257962 0.0226607 0.0188646 0.0216974 0.0248598 0.0238095 0.0220644 0.017603 0.0153918 0.0146623 0.0167262 0.0248091 0.0218842 0.018236 0.0116808 0.0160661 0.0187824 0.014671 0.0118536 0.0154904 0.0162584 0.013916 0.0159886 0.0186079 0.0192718 0.0225739 0.0205336 0.0130821 0.00107239 
0 2.66822e-05 0.00147633 0.00734372 0.0149751 0.0182959 0.0228002 0.0228665 0.0169921 0.0241434 0.021559 0.0142928 0.015463 0.0190937 0.0278161 0.0231381 0.0210246 0.0180577 0.012622 0.020473 0.0260686 0.0253761 0.0225033 0.0175438 0.0236542 0.0231929 0.0194 0.0244534 0.0265902 0.0246847 0.0268535 0.0347071 0.0647734 0.0779974 0.0595403 0.0302845 0.0301881 0.0441086 0.0344831 0.0340551 0.0312022 0.0231599 0.0214502 0.0225496 0.0204642 0.0200728 0.0176321 0.0111788 0.00892198 0.00765377 0.0101055 0.0178758 0.0142808 0.0203985 0.0149695 0.0125968 0.017951 0.0167359 0.0125263 0.0139825 0.0172864 0.0255931 0.0237552 0.0150672 0.0138075 0.0188761 0.0155306 0.0155556 0.00215538 
4.80423e-05 0.000748536 0.00715843 0.0167853 0.0165132 0.0137826 0.0245918 0.025953 0.0212221 0.0229499 0.0245748 0.0331388 0.0241594 0.0201439 0.0216208 0.0236246 0.0234987 0.019417 0.0173545 0.0168471 0.0177112 0.0190477 0.0162057 0.0186665 0.0215845 0.0224332 0.0251414 0.027257 0.0287271 0.024277 0.0262099 0.0271524 0.0407973 0.0554689 0.0765322 0.062922 0.0278308 0.026239 0.0279693 0.0199602 0.023965 0.0229718 0.0257023 0.0194777 0.0206518 0.0181533 0.013866 0.0122651 0.00885705 0.00711215 0.0115019 0.0142237 0.0180437 0.0248366 0.0171919 0.0137127 0.0173387 0.0137343 0.0133388 0.0129262 0.016089 0.0198586 0.0145208 0.017016 0.0156465 0.0113435 0.0170119 0.0130519 0.00193678 
3.52221e-06 0.00337379 0.0121566 0.0175196 0.0203058 0.0208546 0.0230627 0.0234069 0.0201388 0.0208294 0.0253959 0.0285105 0.0231099 0.0208377 0.0245812 0.0246088 0.020657 0.0229207 0.0226989 0.0188326 0.0181409 0.0156585 0.0215944 0.0156965 0.0219457 0.0222515 0.0233007 0.0221563 0.0243429 0.0247901 0.0233375 0.0277747 0.0330139 0.0320309 0.0701869 0.0465231 0.0240658 0.0194313 0.0397503 0.0299177 0.0265103 0.0185043 0.0246539 0.029966 0.0296064 0.0241023 0.0226585 0.0185468 0.0117084 0.00706021 0.0106453 0.0166159 0.0198236 0.0243444 0.0203678 0.0164662 0.0136895 0.0143219 0.014459 0.0189755 0.0161557 0.0177776 0.0153598 0.0166623 0.0147478 0.0110851 0.013558 0.0113514 0.00272418 
4.28942e-06 0.00292299 0.00672719 0.013422 0.0197294 0.0135697 0.0206405 0.0218439 0.0156157 0.0228036 0.0216575 0.0236763 0.0159126 0.0155623 0.0261634 0.0225325 0.0169838 0.0243333 0.0316497 0.0206716 0.017928 0.0230108 0.0286091 0.0236887 0.026812 0.0222508 0.0203289 0.0174324 0.0261555 0.0260284 0.0234823 0.0264027 0.0313905 0.0429386 0.0405413 0.0374676 0.0298069 0.0210114 0.0532653 0.0524743 0.0218166 0.0190507 0.0319032 0.0556205 0.0478457 0.0260229 0.0230995 0.0178685 0.00858304 0.00492813 0.0137129 0.0175952 0.0176657 0.0212929 0.0204168 0.0227918 0.0206794 0.0141821 0.0146806 0.0196533 0.0184655 0.0237267 0.0191952 0.0139107 0.0144496 0.0128048 0.0141162 0.0166157 0.00571991 
2.92707e-06 0.0023261 0.00502055 0.00953202 0.0146463 0.00987747 0.0146441 0.0127682 0.0152984 0.022921 0.0220215 0.0216426 0.0176343 0.0168792 0.0175025 0.0218943 0.017357 0.0146634 0.0155796 0.0181114 0.0186995 0.0192738 0.0312957 0.0246292 0.0255358 0.0200686 0.0207305 0.0171872 0.0212495 0.0227207 0.0218184 0.0222145 0.0262332 0.0239611 0.0362353 0.0609768 0.0410368 0.0383133 0.0351233 0.0518502 0.0215175 0.0255834 0.024819 0.0320947 0.030893 0.0188109 0.0249423 0.0209099 0.00876826 0.00531416 0.0151157 0.0176137 0.0135197 0.016569 0.018633 0.0235462 0.0209789 0.012053 0.0158166 0.0184735 0.0271798 0.0299513 0.0196621 0.0189498 0.0147917 0.0123104 0.0165552 0.0194209 0.0037923 
0 0.000726268 0.00270712 0.00184124 0.00469051 0.0135123 0.0188589 0.0193737 0.0159318 0.0191173 0.0269258 0.01872 0.0199345 0.0218151 0.0217804 0.0242608 0.0163161 0.0145291 0.0159635 0.0160469 0.0193286 0.0204995 0.0258159 0.0138561 0.0223502 0.0178582 0.0166218 0.0211717 0.0227577 0.0169133 0.0228514 0.0370308 0.0428665 0.0374153 0.0331879 0.0452953 0.0517419 0.0457636 0.052828 0.052078 0.0287182 0.0252925 0.0260817 0.0238109 0.0274908 0.0221471 0.0228136 0.0157386 0.00995962 0.0133275 0.0147419 0.0163607 0.0143625 0.0221924 0.0264182 0.021815 0.0219225 0.0205486 0.0171826 0.0201327 0.0244106 0.0239839 0.0204979 0.0194332 0.0217012 0.0170614 0.017763 0.0151105 0.0020666 
0 0 0.000359318 0.00162029 0.00893466 0.0169514 0.0245347 0.0235384 0.0243238 0.0221188 0.0248959 0.020912 0.0203931 0.0243423 0.0287025 0.0273234 0.0175716 0.0216364 0.0257401 0.0238978 0.0126417 0.0163444 0.0205379 0.0176296 0.0193786 0.0135773 0.0195088 0.024767 0.0251342 0.0174758 0.0274905 0.0412115 0.0662244 0.0547868 0.0309508 0.0383746 0.0826793 0.0619077 0.0368176 0.03242 0.0174609 0.0229196 0.0238472 0.0295153 0.0497333 0.0309147 0.0178288 0.0123389 0.0132881 0.0137523 0.0129183 0.0168698 0.0237226 0.0230713 0.0230715 0.0211118 0.0174439 0.0178317 0.0183209 0.0200287 0.0219145 0.0170673 0.0169812 0.0229171 0.0128093 0.0114189 0.00958234 0.00654612 0.00112468 
0 0 0.00138827 0.00662156 0.0144249 0.0212237 0.0264713 0.0233874 0.0226794 0.0239787 0.0211413 0.0232314 0.0279043 0.0276389 0.0279827 0.0264833 0.0170221 0.0234765 0.0262836 0.0226228 0.0190973 0.014788 0.0130047 0.0150799 0.0163355 0.0152357 0.0207688 0.0262526 0.0385442 0.0304799 0.0355509 0.0377203 0.0477245 0.0443485 0.0290459 0.0237977 0.0368155 0.0496287 0.0415875 0.0345375 0.0239752 0.0329519 0.0434385 0.0421875 0.0713788 0.0452626 0.0142709 0.0128744 0.0191879 0.0143881 0.0199101 0.0167794 0.0206585 0.030104 0.0252404 0.0213825 0.0180886 0.0181633 0.016309 0.0252342 0.0192369 0.0183223 0.0128575 0.00951571 0.00707209 0.00819117 0.00450587 0.00368197 0.000303361 
0 0.0014384 0.00775896 0.0129674 0.0151974 0.020691 0.0208852 0.0206275 0.017884 0.0226183 0.0199313 0.022066 0.0235396 0.0295594 0.029606 0.0198423 0.0173068 0.0256582 0.0219078 0.0196302 0.0218922 0.0201794 0.0207255 0.0205232 0.0167579 0.0185128 0.0172082 0.0142261 0.0242328 0.0289971 0.0338953 0.0387544 0.0417924 0.0388341 0.0302321 0.0284301 0.034883 0.0414301 0.0425425 0.0374132 0.0497352 0.0718043 0.0407004 0.0393736 0.0464062 0.0244094 0.0150323 0.0117284 0.0169152 0.0182097 0.0198645 0.0251588 0.0190698 0.0193006 0.0197482 0.0173683 0.0199294 0.0236108 0.0206074 0.0225417 0.0186503 0.0173144 0.0153547 0.00987019 0.0087331 0.00831194 0.00634211 0.00321322 0.000780591 
0 0.00235293 0.00884155 0.0185514 0.0188225 0.0186678 0.0151357 0.0127423 0.0184207 0.0288911 0.0253011 0.0291062 0.0400575 0.0376305 0.0250901 0.0191724 0.0169794 0.0257915 0.0271128 0.0242927 0.0273741 0.0232734 0.0303637 0.0258158 0.0179991 0.0191599 0.0171012 0.0147975 0.0146913 0.0186732 0.0262778 0.032049 0.0332794 0.0271749 0.0201114 0.0301773 0.0410459 0.0656279 0.0440883 0.0280921 0.0331056 0.0445962 0.0321636 0.0320039 0.0187658 0.0224306 0.0199632 0.0161171 0.0191178 0.0228887 0.0148782 0.0195139 0.0222981 0.017113 0.0158837 0.0158907 0.0194506 0.0192659 0.0209754 0.0179979 0.0163824 0.0167612 0.018098 0.0130713 0.00819586 0.0034315 0.00249647 0.003696 0.000292675 
0 0.000512497 0.00900133 0.0240472 0.0198387 0.00762973 0.00789947 0.0105365 0.0147698 0.0240899 0.0237684 0.0276782 0.0400856 0.0417995 0.0335451 0.0253517 0.018559 0.0148947 0.0185719 0.0207773 0.0215132 0.0291187 0.0376034 0.025833 0.0187585 0.018374 0.0180809 0.021256 0.0167585 0.0175282 0.0193116 0.0230018 0.0306273 0.0207481 0.0190418 0.0239399 0.0310831 0.0370393 0.0422685 0.0232489 0.0227652 0.0207268 0.0298148 0.0223397 0.0231733 0.0249732 0.0171695 0.0192089 0.02161 0.0206389 0.0146226 0.0222188 0.0209452 0.0245004 0.0173323 0.0162014 0.015616 0.0187975 0.0107518 0.0104563 0.011509 0.0168154 0.0164863 0.0112863 0.00558603 0.00618535 0.00521296 0.00256042 3.74755e-05 
0 0.000175679 0.0147015 0.0230856 0.0149502 0.00852531 0.00753552 0.00867335 0.0194993 0.0226983 0.0325651 0.0281999 0.030935 0.0277767 0.0298428 0.0254592 0.0303806 0.0287495 0.0198714 0.0196106 0.0213937 0.0255588 0.0296672 0.0269092 0.0211578 0.0175853 0.0193222 0.0226156 0.0170492 0.0168381 0.017999 0.0311661 0.0209142 0.0193092 0.026517 0.0219781 0.0277668 0.0321041 0.0274192 0.0236114 0.024614 0.0211007 0.0203511 0.0143168 0.0219361 0.0204685 0.0219234 0.022567 0.024401 0.0185505 0.0167556 0.0205111 0.0197453 0.0247049 0.0175252 0.0162509 0.00793966 0.00944338 0.00919084 0.0120633 0.0125087 0.0147218 0.014238 0.0140716 0.0159897 0.0137497 0.00479656 0.000696965 3.57233e-05 
0 3.33011e-05 0.0072032 0.0155459 0.0116488 0.00960593 0.0132114 0.0145088 0.017032 0.0190777 0.0251333 0.0311749 0.0450518 0.03564 0.031918 0.0290363 0.024182 0.0274775 0.0349527 0.0254126 0.0243215 0.0207188 0.0226215 0.0283247 0.0269867 0.0123737 0.0142973 0.0227017 0.0203007 0.023368 0.0181612 0.0197436 0.0172898 0.0167024 0.0222323 0.016703 0.0122246 0.0179431 0.0209442 0.0259546 0.0304196 0.0191323 0.0225549 0.0160708 0.0143671 0.01857 0.0184554 0.0172901 0.0259766 0.0256057 0.0227691 0.020885 0.0157793 0.0159587 0.0177178 0.0196244 0.0134228 0.00825767 0.00684107 0.00901447 0.0113718 0.0139732 0.0169193 0.0217649 0.0181261 0.0109662 0.0034019 0.000507799 3.15291e-05 
0 0 0.00357815 0.0103463 0.00976901 0.00882368 0.022483 0.01758 0.0129822 0.0207262 0.0290739 0.0254101 0.0326691 0.0285913 0.0216614 0.0283418 0.0265567 0.0241169 0.0294428 0.0340811 0.031787 0.0179533 0.0236406 0.0339417 0.038225 0.0204567 0.0152664 0.01759 0.0151843 0.0188441 0.0201387 0.0224628 0.0197964 0.0181279 0.0241875 0.0214038 0.0140008 0.0210081 0.0262561 0.0446346 0.0249462 0.0276772 0.0237334 0.0150883 0.0150195 0.0166903 0.0184659 0.0138159 0.0205167 0.0312272 0.0407224 0.0329654 0.0178929 0.0142258 0.0154247 0.0241081 0.0237375 0.0122726 0.0124255 0.0114971 0.0161654 0.0138667 0.019785 0.0271363 0.0288302 0.0168432 0.00355279 0.000245816 0 
0 0 0.000936877 0.00844349 0.0100928 0.0073869 0.00937218 0.0132435 0.00894615 0.019328 0.0207812 0.0183398 0.021075 0.0152041 0.0162433 0.0197149 0.0253323 0.0238164 0.0214588 0.0216053 0.0287055 0.0203494 0.0251013 0.0331421 0.0352346 0.023892 0.0221828 0.0211926 0.0144926 0.0187088 0.0207074 0.0168967 0.0174687 0.0164838 0.0217646 0.0186082 0.021985 0.0240163 0.0366353 0.0403743 0.0223644 0.0285648 0.0209817 0.0130702 0.010234 0.0136486 0.0142066 0.0155395 0.0196463 0.0218745 0.0381134 0.0338894 0.0238823 0.0114722 0.0171248 0.0196286 0.0190196 0.0160146 0.0106809 0.0145432 0.0208115 0.0173097 0.0220573 0.0311472 0.0446555 0.0261752 0.00177216 0 0 
0 0 1.86878e-05 0.00206113 0.00368139 0.00378471 0.00618346 0.00769746 0.0119098 0.0231703 0.0278586 0.0219297 0.0227449 0.0253978 0.0248702 0.023467 0.0200356 0.0216063 0.0190681 0.0191965 0.0244886 0.016597 0.0252269 0.0323973 0.0278189 0.0253512 0.0324963 0.026279 0.0228268 0.0155178 0.0195757 0.0208107 0.0199511 0.0297273 0.0279991 0.0201928 0.0214485 0.0387657 0.069089 0.0309617 0.0251951 0.0262426 0.0239062 0.016402 0.0134955 0.0120403 0.0144374 0.0216774 0.0240159 0.0263071 0.0271382 0.0218817 0.0171182 0.00974412 0.0194519 0.0163498 0.0120791 0.0121059 0.00820389 0.0107849 0.0173466 0.0201599 0.0212458 0.0261785 0.0359122 0.0202051 0.00336217 0 0 
0 0 0 0.000111593 0.000266347 0.000807755 0.00159257 0.00626124 0.0138 0.0293999 0.034576 0.035573 0.0325239 0.0330979 0.0395561 0.026553 0.0272866 0.0289286 0.0289046 0.0228713 0.0214473 0.0187781 0.0293569 0.031149 0.0272929 0.0329647 0.0353093 0.0216843 0.0211649 0.021408 0.0188133 0.0207445 0.0365552 0.0399803 0.0257478 0.0223486 0.0254735 0.0456419 0.0502365 0.0277776 0.0318524 0.0335224 0.0201757 0.0155623 0.0176166 0.0177959 0.0192688 0.0205305 0.0197034 0.017571 0.0197335 0.0217667 0.0136756 0.00951224 0.0140955 0.012439 0.0143091 0.015868 0.0152448 0.0152223 0.0181758 0.0120639 0.0133746 0.0197534 0.0202255 0.0113559 0.00227537 0 0 
0 0 0 0 0 0 0.000166456 0.00331108 0.0211334 0.0336998 0.0333581 0.0328226 0.0397186 0.0388557 0.0318047 0.0249356 0.0282459 0.0370092 0.0273399 0.0187492 0.0203551 0.0265612 0.0340593 0.0337378 0.0207243 0.0270238 0.0333836 0.0169368 0.0275718 0.022052 0.0181646 0.0232807 0.0412735 0.042521 0.031286 0.0346346 0.0286722 0.0424754 0.0508531 0.0286246 0.0271541 0.0291974 0.0223323 0.0188307 0.0224128 0.0205403 0.0256231 0.0222034 0.0198554 0.0156778 0.0257507 0.0158035 0.0173792 0.0153548 0.0197271 0.0216084 0.0207552 0.0150491 0.0106989 0.0103967 0.00972597 0.0136814 0.0161591 0.0143758 0.00890319 0.00384752 0.000172057 0 0 
0 0 0 0 0 0 0 0.00420016 0.0231571 0.0336974 0.0307441 0.0239203 0.0223818 0.0197399 0.0214622 0.0285137 0.0309633 0.0284082 0.0315875 0.0255702 0.0198672 0.0308517 0.039229 0.033643 0.0204556 0.0238075 0.0350984 0.0213463 0.0237443 0.0274247 0.030205 0.0344754 0.0445457 0.0442449 0.0286278 0.0321175 0.0331903 0.0321929 0.0328125 0.020109 0.0206186 0.0199068 0.0158905 0.0218972 0.0252612 0.0203006 0.025478 0.0216551 0.0164523 0.0204329 0.0213402 0.0183394 0.0250453 0.0225694 0.0188631 0.0162037 0.0140947 0.00361715 0.000852263 0.000386646 0.00283818 0.00581494 0.00770068 0.00951157 0.00680315 0.00142461 2.4014e-05 0 0 
0 0 0 0 0 0 0 0.000936854 0.0107202 0.0184933 0.0240163 0.0311273 0.0270109 0.0198593 0.0192719 0.0219916 0.037316 0.0367767 0.0292934 0.0250695 0.0199308 0.0235433 0.0290808 0.0259358 0.0201824 0.0260346 0.0306456 0.0369032 0.0346429 0.0288229 0.0383337 0.0274806 0.0348855 0.0321817 0.0283799 0.0328934 0.0306386 0.032991 0.0373076 0.0297323 0.0242906 0.0211954 0.0182661 0.0200348 0.0203392 0.0207862 0.0190333 0.0240163 0.0180468 0.0169784 0.017388 0.0140849 0.0221417 0.0302186 0.0188956 0.00985293 0.0043418 0.000828501 0.00457766 0.0128962 0.00920731 0.00337495 0.00625712 0.00471344 0.00376185 0.00021762 0 0 0 
0 0 0 0 0 0 0 0 0.00179466 0.0103324 0.0196467 0.0328183 0.0300188 0.0236403 0.0274432 0.0246034 0.0276891 0.0332249 0.0292539 0.0184136 0.022798 0.0228815 0.0234195 0.0195369 0.0208252 0.031859 0.0416287 0.0368579 0.0387779 0.0378793 0.0265394 0.0211528 0.0223205 0.0284044 0.0446826 0.0379572 0.0285183 0.0244865 0.0217172 0.0338188 0.0254963 0.0167293 0.014124 0.0139953 0.0168871 0.0216897 0.024482 0.0252785 0.0161816 0.0121903 0.00891577 0.0101895 0.0119225 0.0142794 0.010674 0.00582113 0.00409435 0.00465272 0.0101202 0.0211794 0.0118687 0.00400013 0.00269364 0.00237067 0.0010563 2.22908e-06 0 0 0 
0 0 0 0 0 0 0 0 0.00058004 0.00805095 0.0164257 0.0186049 0.0218766 0.0208932 0.0385534 0.0365584 0.0322256 0.032063 0.0236487 0.0215105 0.0220646 0.0279354 0.0201362 0.0264721 0.0286884 0.027502 0.0350479 0.0343437 0.0224597 0.0247008 0.0204302 0.0244684 0.024395 0.0308222 0.0427028 0.0378747 0.031974 0.0274826 0.0269683 0.0292785 0.0191228 0.0156714 0.0208807 0.0155827 0.0179824 0.0272559 0.0255705 0.0281325 0.0162058 0.017376 0.0122976 0.0128969 0.015274 0.0161388 0.0171141 0.0100778 0.00554406 0.00427732 0.00707567 0.0120017 0.00583232 0.00602253 0.000949161 0.000373838 0 0 0 0 0 
0 0 0 0 0 0 0 0 2.19149e-05 0.00333439 0.00787597 0.0102864 0.008022 0.0162944 0.0285235 0.0468683 0.0483599 0.0334368 0.0249239 0.0202754 0.0306636 0.0431535 0.0354557 0.0334179 0.0317922 0.0229114 0.0179049 0.0153709 0.0162685 0.0192444 0.0285987 0.0289137 0.0289646 0.0295695 0.0332264 0.0245953 0.0168232 0.0281032 0.0290638 0.0302557 0.0216056 0.0254464 0.0256458 0.0173215 0.0124058 0.0188906 0.0221764 0.0257428 0.0181948 0.0245652 0.0167187 0.0239004 0.0220236 0.0163013 0.0270165 0.0155683 0.00944319 0.00475904 0.00593586 0.00606246 0.00308514 0.00180323 9.79737e-05 0 0 0 0 0 0 
0 0 0 0 0 0 0 0 0 8.21175e-05 0.000950717 0.00199157 0.00312215 0.0120336 0.0177634 0.0260498 0.0332458 0.0329553 0.0276381 0.0182917 0.0336392 0.0778489 0.0722238 0.0345634 0.03353 0.02449 0.0190885 0.0131596 0.00865543 0.0130656 0.0119039 0.0143139 0.0242667 0.0254289 0.0269829 0.0211652 0.0207017 0.0209052 0.0262286 0.0259953 0.0212113 0.0247924 0.0212775 0.0233856 0.0217414 0.0183226 0.0159761 0.0155988 0.0184117 0.0252654 0.0218615 0.0277383 0.0279272 0.0187727 0.0221438 0.0176742 0.0104999 0.00860405 0.0149371 0.0062409 0.000603694 0 0 0 0 0 0 0 0 
0 0 0 0 0 0 0 0 0 0 4.65366e-06 0.000917608 0.00443945 0.0134763 0.0168562 0.0158186 0.0280985 0.0315929 0.0328474 0.0262347 0.0364478 0.0529825 0.041634 0.0304805 0.0368631 0.0379563 0.0242761 0.0112136 0.0104458 0.00945909 0.00826449 0.0145112 0.0266718 0.0228416 0.0219516 0.0187236 0.0260796 0.0241324 0.0258127 0.0168106 0.0183361 0.0232467 0.0309362 0.0244858 0.024548 0.0286925 0.0240867 0.0156188 0.014548 0.018332 0.0177333 0.0176246 0.0238405 0.0202232 0.0135394 0.016424 0.0181341 0.0228404 0.0178864 0.00477937 8.67307e-05 0 0 0 0 0 0 0 0 
0 0 0 0 0 0 0 0 0 0 0.000254448 0.00659982 0.0155359 0.0234296 0.0231829 0.0115449 0.0207175 0.0304095 0.0292251 0.0406015 0.0466681 0.0326358 0.024223 0.0352207 0.0361854 0.0436518 0.0364405 0.0162934 0.0102282 0.0113509 0.0100796 0.020082 0.0234296 0.0258717 0.0283096 0.0256699 0.0270662 0.0244789 0.025662 0.0229977 0.0299482 0.0301951 0.0294981 0.0263427 0.0241365 0.0282274 0.0239418 0.020399 0.0190198 0.0156117 0.0127284 0.0170862 0.0171276 0.021759 0.0216943 0.0210184 0.0175212 0.0162091 0.0177572 0.0106904 0.000351829 0 0 0 0 0 0 0 0 
0 0 0 0 0 0 0 0 0 0 0.000106253 0.00420872 0.0123458 0.022615 0.0249596 0.0219636 0.0190522 0.0289336 0.029193 0.0416413 0.0376439 0.0209968 0.0243954 0.0347608 0.0313831 0.0404793 0.0407171 0.0158399 0.00542477 0.00944162 0.0130199 0.0253772 0.0225849 0.0224375 0.0300199 0.0326948 0.0260856 0.0239981 0.0309113 0.030318 0.0294785 0.0261233 0.0226729 0.0173937 0.0236259 0.0325582 0.0247926 0.0229965 0.0184564 0.0116944 0.00977461 0.0113812 0.01296 0.0131254 0.0160776 0.0121752 0.0071399 0.00394625 0.00899187 0.00435728 0.00013276 0 0 0 0 0 0 0 0 
0 0 0 0 0 0 0 0 0 0 0 0.00028975 0.00420183 0.0153623 0.0184612 0.0228649 0.0248996 0.0229775 0.0297575 0.0347461 0.0368328 0.0252219 0.0291479 0.0474655 0.0346195 0.0311827 0.0318596 0.0173048 0.00796726 0.00949331 0.0155231 0.0237681 0.0270017 0.0299476 0.0260601 0.0262472 0.0318565 0.024939 0.0313447 0.0365547 0.037722 0.0247432 0.0191495 0.0229663 0.0374271 0.0482831 0.0350291 0.0261037 0.0175856 0.00703074 0.0123783 0.0189939 0.0186607 0.019534 0.00686866 0.00374552 0.00451962 0.00432654 0.00172024 0.000252815 0 0 0 0 0 0 0 0 0 
0 0 0 0 0 0 0 0 0 0 0 5.10937e-05 0.00217503 0.0136122 0.0217151 0.0313666 0.02868 0.0228085 0.0249397 0.019166 0.0181699 0.0261955 0.0312056 0.0303952 0.0256975 0.033291 0.031897 0.0335846 0.0201548 0.0137637 0.018679 0.0225684 0.0216957 0.022802 0.0266624 0.0266758 0.033825 0.0326524 0.0292902 0.0292372 0.0281536 0.0255555 0.0262108 0.0503738 0.0527291 0.0467475 0.0360507 0.025624 0.0214841 0.0186532 0.0236747 0.0224268 0.0261242 0.0191755 0.00984719 0.000841085 0.00174356 0.00104771 1.30015e-05 0 0 0 0 0 0 0 0 0 0 
0 0 0 0 0 0 0 0 0 0 0 0 0.000250616 0.00626075 0.0210358 0.0340956 0.0270979 0.0192421 0.0138276 0.00546911 0.00773203 0.0243251 0.0348915 0.02792 0.0202124 0.0303994 0.0350642 0.0411151 0.0316545 0.0227326 0.0122368 0.0194522 0.0206073 0.0188743 0.0247598 0.0366193 0.0327781 0.031517 0.0305204 0.0297688 0.0296447 0.0262066 0.0328327 0.0484462 0.0430038 0.0361469 0.0409404 0.0369168 0.0317775 0.0280661 0.0279161 0.0269627 0.0265985 0.022211 0.00309297 0.00012145 0.000730423 0.000202949 0 0 0 0 0 0 0 0 0 0 0 
0 0 0 0 0 0 0 0 0 0 0 0 0 9.38535e-07 0.00367744 0.00994019 0.00782926 0.00790687 0.00845578 0.00288421 0.0019782 0.0152275 0.0224019 0.0119547 0.0118092 0.0188987 0.0302938 0.0322258 0.0442458 0.0378954 0.0145593 0.0145104 0.0197917 0.021723 0.0213488 0.0288339 0.0278163 0.0275954 0.0305215 0.0345837 0.0316088 0.0318259 0.0432625 0.0471806 0.0381433 0.0299158 0.0281403 0.0372574 0.0311419 0.032976 0.0264898 0.0275697 0.0197011 0.0147678 0.00152244 0 0 0 0 0 0 0 0 0 0 0 0 0 0 
0 0 0 0 0 0 0 0 0 0 0 0 0 0 0 0 1.71277e-06 0.000803344 0.000870931 0.000180688 0.00041784 0.00603198 0.00644343 0.00984271 0.0160656 0.0143181 0.019056 0.0183906 0.0243481 0.020546 0.0147385 0.0158951 0.0197284 0.0216244 0.0191654 0.0240999 0.0271987 0.0242741 0.0352005 0.0412293 0.0316648 0.0347509 0.0352112 0.0334602 0.0361174 0.0280334 0.0293187 0.0382716 0.0280355 0.0164935 0.0132473 0.0108409 0.00837077 0.0043637 0.00018323 0 0 0 0 0 0 0 0 0 0 0 0 0 0 
0 0 0 0 0 0 0 0 0 0 0 0 0 0 0 0 0 0 0 0 8.80395e-05 0.00202836 0.00547209 0.0187576 0.0229807 0.0184088 0.0167387 0.0232004 0.0271341 0.014789 0.0124703 0.0182161 0.0235817 0.0298875 0.0279179 0.0279381 0.0257076 0.0362824 0.0458681 0.0318684 0.0252232 0.0243623 0.0246226 0.0314617 0.0317563 0.028683 0.0262307 0.0289814 0.019464 0.00887754 0.00462248 0.00122589 0.000864732 0.000218737 0 0 0 0 0 0 0 0 0 0 0 0 0 0 0 
0 0 0 0 0 0 0 0 0 0 0 0 0 0 0 0 0 0 0 0 0.000124239 0.00310065 0.0112356 0.0233138 0.0282204 0.0239834 0.025284 0.0294915 0.0339629 0.0201428 0.00591178 0.0073354 0.0142609 0.023451 0.0278003 0.0315735 0.0286712 0.0362259 0.0429306 0.0280669 0.0290196 0.0294836 0.0343474 0.0304628 0.034969 0.0286672 0.0182692 0.0118951 0.00687992 0.00153347 0.000232329 0 0 0 0 0 0 0 0 0 0 0 0 0 0 0 0 0 0 
0 0 0 0 0 0 0 0 0 0 0 0 0 0 0 0 0 0 0 0 2.91462e-05 0.00121185 0.00445292 0.0117219 0.0163727 0.010452 0.0180577 0.0266574 0.029901 0.0205616 0.00317616 0.00113327 0.0029627 0.0102686 0.0243788 0.0257396 0.0180357 0.0208617 0.0274992 0.0275967 0.0310015 0.0240779 0.0140147 0.0106377 0.0135173 0.0131342 0.00772855 0.00590822 0.0016831 0 0 0 0 0 0 0 0 0 0 0 0 0 0 0 0 0 0 0 0 
0 0 0 0 0 0 0 0 0 0 0 0 0 0 0 0 0 0 0 0 0 0 2.08476e-05 0.000766413 0.00126175 0.00166103 0.00524995 0.00935858 0.0168749 0.011833 0.00169426 0.000725759 0.00132099 0.00602514 0.0122272 0.0145068 0.00958928 0.0176167 0.0226255 0.027035 0.0360918 0.0146328 0.00208809 0.000739177 0.000286415 0.00022405 0.000635082 0.00014816 0 0 0 0 0 0 0 0 0 0 0 0 0 0 0 0 0 0 0 0 0 
0 0 0 0 0 0 0 0 0 0 0 0 0 0 0 0 0 0 0 0 0 0 0 0 0 5.86275e-05 0.000406447 0.000365245 0.00171035 0.000709568 4.81472e-05 0 0 0.000454777 0.00203464 0.00149886 0.000658018 0.00362816 0.00908161 0.012558 0.0132686 0.00505808 0.000505532 0 0 0 0 0 0 0 0 0 0 0 0 0 0 0 0 0 0 0 0 0 0 0 0 0 0 

