0 0 0 0 0 0 0 0 0 0 0 0 0 0 0 0 0 0 0 0 0 0 0 0 0 0 0 0 3.11313e-07 4.84351e-05 6.36037e-05 5.98505e-06 3.26865e-05 0 0 0 0 6.40845e-05 0.000180118 0.000225365 2.92403e-05 0 0 0 0 0 0 0 0 0 0 0 0 0 0 0 0 0 0 0 0 0 0 0 0 0 0 0 0 
0 0 0 0 0 0 0 0 0 0 0 0 0 0 0 0 0 0 0 0 0 0 0 0 0 4.77732e-05 0.000278985 0.0012968 0.00217632 0.0087652 0.0117687 0.0065884 0.00255981 0.00037903 0 0 0.000378039 0.0028215 0.00486976 0.00418157 0.00635255 0.00149015 0.000517501 8.96046e-05 0 0 0 0 0 0 0 0 0 0 0 0 0 0 0 0 0 0 0 0 0 0 0 0 0 
0 0 0 0 0 0 0 0 0 0 0 0 0 0 0 0 0 0 0 0 0 0 0 7.07679e-07 4.39696e-06 0.0030285 0.00611994 0.0113878 0.0176896 0.0203607 0.0239521 0.019745 0.0126086 0.0052545 0.00151234 3.13648e-05 0.000435354 0.00796733 0.0121558 0.0113717 0.018476 0.00995211 0.00392527 0.00263482 0.0041163 0.000522647 0 0 0 0 0 0 0 0 0 0 0 0 0 0 0 0 0 0 0 0 0 0 0 
0 0 0 0 0 0 0 0 0 0 0 0 0 0 0 0 0 0 0 0 0 0 0 0.000281366 0.0020309 0.0110296 0.019511 0.0173369 0.0207609 0.0214663 0.0260445 0.0164466 0.014434 0.0149044 0.00804823 0.00230979 0.000986532 0.00832663 0.0121979 0.0144954 0.0135084 0.0137238 0.00948667 0.00837485 0.0102607 0.00339065 0.00342629 0.000835545 0.000217144 5.3337e-05 0 0 0 0 0 0 0 0 0 0 0 0 0 0 0 0 0 0 0 
0 0 0 0 0 0 0 0 0 0 0 0 0 0 0 0 0 0 2.35943e-05 0.000453082 0.000170887 0 0.000104661 0.00232773 0.00674543 0.0233888 0.0206629 0.0164808 0.0178945 0.0143998 0.0199363 0.0170425 0.0158583 0.0221497 0.0212284 0.0108047 0.00829443 0.009596 0.0110412 0.0103509 0.00962746 0.0131192 0.0105871 0.0155515 0.0154674 0.0100696 0.0108679 0.00881801 0.0134693 0.00423215 5.96649e-05 0 0 0 0 0 0 0 0 0 0 0 0 0 0 0 0 0 0 
0 0 0 0 0 0 0 0 0 0 0 0 0 0 0 0 0.000233138 0.0035082 0.0131487 0.014496 0.00671073 0.00022472 0.000365625 0.00332356 0.0108915 0.0233782 0.0210169 0.0192916 0.0211629 0.0128989 0.0145832 0.0186937 0.0163928 0.0158909 0.0230877 0.0151335 0.0166872 0.0176651 0.0131966 0.0119457 0.0138602 0.0154926 0.0199504 0.0153235 0.0135474 0.0131503 0.0133768 0.0139346 0.018366 0.0106345 0.000535713 0 0 0 0 0 0 0 0 0 0 0 0 0 0 0 0 0 0 
0 0 0 0 0 0 0 0 0 0 0 0 0 0 0 0.000207843 0.00740432 0.0210433 0.0251992 0.0261227 0.0174274 0.0058959 0.00263968 0.00418031 0.0097268 0.0239755 0.0223297 0.0225586 0.0253785 0.0202448 0.0163086 0.0201499 0.016563 0.0166238 0.0201364 0.0223569 0.0142937 0.0152021 0.0180162 0.015543 0.0162448 0.018634 0.0174232 0.0136931 0.0120384 0.014857 0.017447 0.0183586 0.0210892 0.0078757 0.00253062 0.000498803 5.17223e-06 0 0 0 0 0 0 0 0 0 0 0 0 0 0 0 0 
0 0 0 0 0 0 0 0 0 0 0 0 0 0 0 0.00288944 0.0156077 0.0258826 0.0205601 0.0220854 0.0230205 0.00972003 0.00647066 0.00662584 0.00847998 0.0181632 0.0209938 0.0230168 0.0240042 0.0206115 0.0170793 0.017443 0.0156574 0.018593 0.0174358 0.0173727 0.0197401 0.0216384 0.0252782 0.0134699 0.0118798 0.0184192 0.0153731 0.014428 0.0210443 0.0260278 0.023975 0.017687 0.0217793 0.0098786 0.00422168 0.0016502 0.0010212 0 0 0 0 0 0 0 0 0 0 0 0 0 0 0 0 
0 0 0 0 0 0 0 0 0 0 0 0 0 0 0.000110734 0.00411775 0.0166306 0.0208383 0.0128264 0.0185977 0.0210936 0.0131599 0.00930262 0.0110859 0.0135753 0.0157511 0.0167548 0.0225306 0.0212955 0.0191237 0.0173859 0.0152385 0.0170818 0.0200559 0.0217322 0.0240166 0.0213641 0.0174699 0.0146241 0.0116948 0.0135258 0.0156649 0.0209744 0.0254074 0.0287303 0.0352955 0.02798 0.0181439 0.0179918 0.0133097 0.0109726 0.00602623 0.00432329 0.00223419 0.00239367 0.00302648 0.00127433 3.1728e-05 0 0 0 0 0 0 0 0 0 0 0 
0 0 0 0 0 0 0 0 0 0 0 6.52703e-05 2.03399e-05 0.000896686 0.00436945 0.0108117 0.0189264 0.0185856 0.0141874 0.0164292 0.0215897 0.0198833 0.0181046 0.0155609 0.0114044 0.0109703 0.0193802 0.0207366 0.0152334 0.0139906 0.0183683 0.0225157 0.0215648 0.020016 0.02108 0.0171139 0.0223496 0.0224964 0.0133185 0.0191941 0.0191692 0.0144526 0.0204567 0.0287192 0.0245436 0.0204528 0.0177433 0.0191141 0.0180721 0.0185045 0.0171816 0.0144129 0.00707164 0.00553347 0.00887277 0.011449 0.01109 0.00251002 3.51912e-07 0 0 0 0 0 0 0 0 0 0 
0 0 0 0 0 0 0 0 0 0 0.000496043 0.0051499 0.00362632 0.00801159 0.0155717 0.017583 0.0217801 0.022604 0.0169538 0.0137368 0.0197554 0.0243843 0.0175497 0.0201694 0.0202756 0.0243236 0.0235991 0.0245155 0.019315 0.0168242 0.0225761 0.0195171 0.0239231 0.0197838 0.0174801 0.0178465 0.0177778 0.0229482 0.0151877 0.017081 0.0154427 0.0126981 0.0127804 0.0266441 0.023652 0.0180486 0.0204435 0.0222203 0.0235518 0.0213402 0.015645 0.0134084 0.00772079 0.00422903 0.00747808 0.0126376 0.0118296 0.00364108 0.000937339 0.000205112 0 0 0 0 0 0 0 0 0 
0 0 0 0 0 0 0 0 0 1.10344e-05 0.00396671 0.0166676 0.0120779 0.0140636 0.020925 0.0181771 0.0191844 0.0200716 0.0231931 0.0153283 0.0134147 0.0169323 0.0194993 0.0211237 0.0217551 0.0181604 0.0246076 0.025343 0.0202653 0.0236425 0.0282719 0.022957 0.0209053 0.0261061 0.0208243 0.0167112 0.0150731 0.0155201 0.0154357 0.0187099 0.0164892 0.0225152 0.0229046 0.0205929 0.0135875 0.0177304 0.0266018 0.0224379 0.0210374 0.01959 0.0204032 0.0170493 0.00920056 0.0077855 0.00750912 0.0128775 0.0119558 0.00637416 0.00626976 0.00385238 1.33304e-05 0 0 0 0 0 0 0 0 
0 0 0 0 0 0 0 0 0 0.000118084 0.00277564 0.0147261 0.0173234 0.018154 0.0214492 0.0222595 0.0155715 0.0174212 0.0158392 0.0167884 0.0140047 0.0137059 0.020029 0.0198697 0.0206802 0.0184793 0.0231601 0.0248315 0.0152631 0.0244659 0.0279903 0.0320126 0.0175403 0.018352 0.0212548 0.017511 0.0183308 0.0139324 0.0178417 0.0227865 0.0205775 0.0225776 0.0240035 0.0175167 0.0186135 0.0178584 0.0220408 0.0230361 0.0260314 0.0207051 0.0173791 0.0174819 0.00753008 0.00542 0.0071006 0.0111202 0.00878851 0.00542828 0.00885446 0.00999496 0.00671872 4.49931e-05 0 0 0 0 0 0 0 
0 0 0 0 0 0 0 0 0 0.000113101 0.0010438 0.00839055 0.0227062 0.0174188 0.0211226 0.0151978 0.0171965 0.0227943 0.0209414 0.0196257 0.0213613 0.0196833 0.0181583 0.0226077 0.0253702 0.0227412 0.0239563 0.0270174 0.0248065 0.0241845 0.0242944 0.0265265 0.0228462 0.0212054 0.0196273 0.0175438 0.0263034 0.0196444 0.0222199 0.0226452 0.0221195 0.0185931 0.0208549 0.0234274 0.0170967 0.018558 0.0185044 0.0237988 0.0208154 0.0256318 0.0202162 0.0163213 0.0109326 0.0110529 0.0102661 0.0119078 0.00737286 0.00567989 0.0134092 0.0110473 0.00781839 0.00158961 0 0 0 0 0 0 0 
0 0 0 0 0 0 0 0 0 0.000971734 0.00139986 0.00667992 0.0148288 0.015865 0.0158113 0.0148047 0.0144895 0.0214461 0.0187417 0.0229316 0.0247152 0.0223668 0.0248603 0.0294003 0.0274228 0.0221046 0.0220374 0.0232826 0.0264411 0.0250178 0.0274099 0.0242602 0.0271905 0.0315893 0.0308674 0.023261 0.0240402 0.0222101 0.0307379 0.0333837 0.0254955 0.0140573 0.0173725 0.0180821 0.0147888 0.0185735 0.0218662 0.0272972 0.0294673 0.0232336 0.0223092 0.0183736 0.0142738 0.00719425 0.0120947 0.0177311 0.0124854 0.0139385 0.0171178 0.0168277 0.0114854 0.0057126 0.000136323 0 0 0 0 0 0 
0 0 0 0 0 0 0 0.000105217 0.000738519 0.00240644 0.00501945 0.0118182 0.0167786 0.0168754 0.0106727 0.0132335 0.0214804 0.0190522 0.0168782 0.0151116 0.0255333 0.0228451 0.0210324 0.0174576 0.0150207 0.0166984 0.0200683 0.019454 0.0258421 0.032286 0.0301092 0.0243209 0.0291557 0.0287079 0.0309584 0.0238662 0.0213539 0.0216512 0.0303537 0.0299321 0.0248103 0.0188782 0.0243406 0.0195457 0.0215333 0.018119 0.0240237 0.030108 0.0258594 0.0211086 0.0179206 0.0136462 0.0147939 0.0168577 0.0119425 0.0188629 0.0226799 0.0206679 0.0192543 0.0243203 0.017318 0.0106452 0.000827097 0 0 0 0 0 0 
0 0 0 0 0 0 0.000664297 0.00309248 0.00686861 0.0108877 0.0187958 0.0151147 0.0142732 0.0116771 0.0112491 0.0163077 0.0198712 0.0199102 0.0236452 0.0235599 0.0296307 0.0191129 0.019262 0.0180365 0.0149693 0.0156445 0.0230427 0.0228512 0.0287112 0.0308124 0.0219495 0.0187308 0.0273596 0.0279131 0.0278654 0.0304593 0.0369519 0.0203048 0.0268952 0.026205 0.0287823 0.0262249 0.0236677 0.0196729 0.0264864 0.0229257 0.0258559 0.0268342 0.026079 0.0236851 0.0138044 0.0106768 0.0180813 0.0260718 0.0142317 0.014228 0.0306613 0.0181613 0.0182557 0.0234312 0.0229936 0.00913821 0.0014497 0 0 0 0 0 0 
0 0 0 0 0 0.00128855 0.00536962 0.0117488 0.0180192 0.0236368 0.0228561 0.0212572 0.0173979 0.0132213 0.0108772 0.017756 0.0203232 0.0248738 0.0278632 0.0289206 0.0284645 0.0241611 0.0156135 0.0186523 0.0157498 0.0153081 0.020159 0.0265529 0.0268529 0.0205813 0.0173606 0.0164182 0.0201687 0.0202285 0.0168953 0.024172 0.0388047 0.0272879 0.0266647 0.0238354 0.0234325 0.0285507 0.0252132 0.0206727 0.0308857 0.0245188 0.020396 0.0261525 0.0282216 0.0200016 0.0123335 0.0132715 0.0162135 0.011201 0.00833451 0.0129251 0.0249942 0.0220784 0.0215323 0.0219126 0.0162485 0.00725489 0.00124605 0 0 0 0 0 0 
0 0 0 0 0.000386863 0.00481006 0.0113871 0.0177464 0.0247124 0.0177545 0.0198192 0.0240311 0.0208827 0.0146595 0.0141706 0.0178735 0.0173508 0.0182629 0.0228689 0.024596 0.020738 0.0212037 0.016552 0.0204181 0.0190016 0.0110308 0.0144502 0.0198803 0.0236579 0.0230083 0.0179663 0.0169296 0.0164941 0.0182274 0.0161795 0.0186742 0.0285852 0.0242393 0.0220477 0.0183913 0.018242 0.023994 0.0236514 0.0238423 0.0277177 0.0209872 0.0185035 0.0169909 0.0189185 0.0173242 0.0123106 0.0120665 0.0109963 0.0112006 0.0109164 0.0127486 0.0175919 0.0189424 0.0221117 0.0245622 0.01886 0.00356207 0.000399893 0 0 0 0 0 0 
0 0 0 0 0.00289751 0.0121645 0.0226804 0.024215 0.0284666 0.0199061 0.0171104 0.0241142 0.0240543 0.0140087 0.0192845 0.0189841 0.017255 0.0186312 0.0216509 0.0257618 0.0208381 0.0176159 0.0191659 0.0207004 0.0165687 0.0191042 0.0203022 0.0185661 0.014766 0.0163643 0.0184525 0.0218465 0.0203042 0.0298766 0.0290671 0.0265562 0.0244539 0.0338018 0.0286444 0.0190883 0.0194969 0.0215806 0.0263125 0.0273184 0.0247017 0.0227686 0.0196826 0.0212553 0.0230229 0.0158209 0.013517 0.0123189 0.0159036 0.0116244 0.0113031 0.0118682 0.0156429 0.0170334 0.0176413 0.0264852 0.0215734 0.00812017 0.00110347 0.000252933 0.00054118 0 0 0 0 
0 0 0 1.18363e-05 0.00917475 0.0198258 0.0195061 0.0181458 0.0208903 0.0226511 0.0203853 0.0237498 0.021308 0.0204166 0.0261072 0.0231916 0.0190001 0.0186801 0.0221328 0.0167248 0.0182778 0.0194765 0.0210458 0.018702 0.0185694 0.0201552 0.0226714 0.0156516 0.0144531 0.0209741 0.0230054 0.029245 0.027116 0.0378074 0.0242375 0.0246117 0.0211337 0.0178898 0.0254317 0.0230719 0.0243001 0.0230748 0.0238825 0.0268826 0.0234141 0.0262982 0.0193389 0.020746 0.0183471 0.0151331 0.0211115 0.0144609 0.0141172 0.0153503 0.0191162 0.01736 0.0132571 0.0170107 0.0241052 0.0306156 0.0252584 0.0088552 0.000971898 2.24831e-06 4.81052e-06 0 0 0 0 
0 0 0 0.00136655 0.0130203 0.0123909 0.0111382 0.0175668 0.01982 0.0142513 0.0202318 0.0217374 0.0258495 0.022263 0.0219576 0.0217482 0.0151815 0.0168911 0.016388 0.0120316 0.021978 0.0178302 0.017405 0.0185864 0.0184574 0.0181004 0.0221706 0.0173602 0.0152211 0.0192443 0.0228884 0.0382539 0.0362498 0.0259454 0.0211382 0.0202259 0.0176333 0.0162549 0.0226992 0.0146012 0.0184645 0.0172753 0.0194717 0.0182639 0.0175405 0.0207153 0.00912858 0.0149148 0.0201953 0.024053 0.027847 0.017049 0.017447 0.0178376 0.0199568 0.0168695 0.0101024 0.0119315 0.0224813 0.0230369 0.0239977 0.0155332 0.00283106 0.000616978 0.00101363 7.84224e-06 0 0 0 
0 0 0 0.00367625 0.0142917 0.0173826 0.018513 0.0178092 0.0217054 0.0164855 0.0225434 0.0231612 0.0214663 0.0224558 0.0177195 0.0118292 0.0117177 0.0144604 0.0160083 0.0134326 0.0178612 0.0231438 0.0262541 0.0217225 0.0174869 0.0240854 0.0244332 0.0240302 0.0299977 0.0256885 0.033139 0.044153 0.0289148 0.020067 0.0191093 0.0212301 0.0246966 0.0219044 0.0201856 0.0152443 0.0192133 0.0202783 0.018682 0.0196471 0.0177942 0.0198307 0.0158898 0.0176348 0.0259327 0.0312877 0.0356082 0.0246438 0.0208355 0.0231313 0.019215 0.0162795 0.0150078 0.0168241 0.0225017 0.0200372 0.016287 0.0165644 0.00957884 0.00508327 0.00351253 0.000899979 4.11744e-05 0 0 
0 0 0.000292617 0.00613116 0.0168921 0.0185096 0.0195408 0.0180244 0.019351 0.0210019 0.0237562 0.0251998 0.0244604 0.0237161 0.0241142 0.0197681 0.0190791 0.0179256 0.0117636 0.0157069 0.0244484 0.030622 0.0341738 0.0355986 0.0270929 0.0288223 0.0266239 0.0330305 0.0377421 0.0338673 0.0211956 0.0325523 0.027669 0.0261247 0.0171825 0.0163576 0.0236835 0.019843 0.0180297 0.0197911 0.0203343 0.0180488 0.0229921 0.0223307 0.0201401 0.019605 0.0247305 0.0232347 0.0168919 0.0244016 0.0374026 0.0453665 0.028933 0.0189321 0.020897 0.0244381 0.0238062 0.0222084 0.0242292 0.0155671 0.0117683 0.0198859 0.0125054 0.00717466 0.00933758 0.00590914 0.000274527 0 0 
0 0 0.00457614 0.0135437 0.0194502 0.0214286 0.0202288 0.017352 0.0200446 0.0177073 0.0208513 0.0207864 0.0192478 0.0202251 0.0212573 0.0222187 0.0281122 0.0201441 0.0108926 0.0114841 0.0272018 0.0326236 0.0311731 0.0360598 0.0301859 0.0303107 0.0265739 0.0239246 0.0223151 0.0212588 0.0177716 0.0237289 0.025105 0.0310777 0.0188706 0.0138965 0.0198735 0.020219 0.0187585 0.017766 0.0149 0.0176583 0.0282138 0.0232115 0.0229344 0.0227119 0.0324465 0.0242029 0.019298 0.0161314 0.0350759 0.0492101 0.032839 0.0166497 0.022224 0.0298775 0.0327896 0.0229847 0.0186194 0.0148405 0.00566177 0.0092591 0.00942862 0.0143186 0.0167422 0.00496769 0.000366532 0 0 
0 0 0.00945536 0.0156914 0.0116511 0.0180541 0.0210734 0.0177116 0.0225206 0.0154784 0.0176443 0.0179712 0.0207936 0.0225375 0.0173365 0.0180678 0.0252369 0.0201767 0.0163684 0.0205599 0.0331255 0.0479765 0.0286424 0.0289535 0.0456588 0.0301638 0.0256242 0.0225324 0.0209952 0.0182016 0.0222197 0.0172742 0.0150062 0.0156567 0.0184938 0.0123485 0.0182273 0.0199615 0.0184616 0.0161345 0.0167604 0.0203547 0.0251718 0.0246392 0.0257807 0.0251948 0.025709 0.0167416 0.0142319 0.0203771 0.0226561 0.0293632 0.0278724 0.0219178 0.0219682 0.0352461 0.0367886 0.0153653 0.0188451 0.0180505 0.00301106 0.0066397 0.0123847 0.0166363 0.0172571 0.0105897 0.0014597 0 0 
0 0 0.0115024 0.0210924 0.0109694 0.0116166 0.0216555 0.0164599 0.0137264 0.0176997 0.0198178 0.0152646 0.0198634 0.0198644 0.0184567 0.02127 0.024472 0.0168451 0.0215141 0.0292632 0.0283752 0.0531573 0.046966 0.040643 0.0566154 0.0329852 0.0232822 0.0181477 0.0183761 0.01634 0.0171378 0.0114394 0.0142896 0.0178498 0.0165317 0.0154073 0.022554 0.02289 0.0167922 0.0165715 0.0156042 0.0208099 0.0281308 0.0248971 0.028949 0.0196877 0.0132102 0.00942682 0.0187536 0.0242631 0.0214098 0.023121 0.0238867 0.0219811 0.0266205 0.0283595 0.0239991 0.0197555 0.0235992 0.0180672 0.00893673 0.0150965 0.0152991 0.0177993 0.0134249 0.00881032 0.00280214 0.00132887 0.000166468 
0 0.000881862 0.00875441 0.0189562 0.018298 0.0167699 0.0194307 0.0160614 0.0116421 0.0148797 0.013837 0.0154445 0.0216452 0.021351 0.0197156 0.0244973 0.0219485 0.0224612 0.0275504 0.02646 0.0271236 0.0412267 0.0449714 0.0585741 0.0599484 0.0249812 0.0150681 0.0115459 0.0127896 0.0101794 0.0098664 0.0104898 0.0120762 0.0151235 0.0192265 0.0166848 0.015632 0.0204942 0.0201105 0.01697 0.0142512 0.0136161 0.014111 0.0133436 0.0189489 0.0203599 0.0156339 0.0131341 0.0184576 0.0254059 0.0207357 0.0188399 0.0244034 0.0259382 0.0287306 0.0215758 0.0187879 0.0140133 0.016059 0.0158742 0.0122914 0.0163429 0.0157995 0.0189749 0.0184525 0.0101381 0.0101069 0.0102037 0.00195772 
0 0.000778726 0.00581046 0.00686015 0.00516922 0.00923568 0.0167022 0.0181427 0.022287 0.020303 0.0181246 0.0195694 0.0167783 0.0193099 0.022183 0.0232857 0.0239736 0.0290752 0.0362839 0.031073 0.0320743 0.0373192 0.0398592 0.0513779 0.0537512 0.0310602 0.0167191 0.0116219 0.0110138 0.0133683 0.0181228 0.022313 0.0171643 0.0159898 0.0135009 0.018539 0.0158626 0.018957 0.0181604 0.0158692 0.0147389 0.015179 0.0187049 0.0192675 0.0162432 0.0147065 0.0133235 0.0139901 0.0157201 0.0268193 0.0278853 0.0277656 0.0174359 0.0210728 0.0231421 0.0203485 0.0204998 0.0207813 0.0180847 0.0157316 0.00747246 0.0141549 0.0198445 0.020982 0.0177806 0.0167686 0.0148468 0.0108265 0.00204729 
0 4.33491e-05 0.000247454 0.000222342 0.000617078 0.00887209 0.0256798 0.0302515 0.0281481 0.027472 0.0201947 0.024417 0.0202133 0.0147891 0.0147131 0.0207351 0.0319716 0.0276515 0.0199553 0.016709 0.0223847 0.0405429 0.0569988 0.054261 0.062171 0.0431568 0.0245989 0.0160237 0.0156602 0.0151421 0.0210427 0.0164371 0.0151153 0.0191773 0.017523 0.0257534 0.0261693 0.0233361 0.0232563 0.0171626 0.0228898 0.0265511 0.0208759 0.0213742 0.0262204 0.0174823 0.0164187 0.0161206 0.020513 0.0319933 0.0331617 0.0355959 0.0236591 0.0200148 0.0213367 0.0197608 0.0165197 0.0214819 0.0211744 0.0119296 0.00839837 0.00860876 0.0213474 0.0215437 0.0213486 0.0291434 0.0168362 0.0119402 0.00584434 
7.53904e-05 0 0 0 0.000796121 0.00746138 0.027356 0.0621831 0.0320375 0.0250885 0.0242142 0.0184156 0.0142881 0.0127877 0.0139672 0.0221841 0.0290309 0.0236032 0.0182146 0.0165171 0.0216346 0.021529 0.039958 0.036111 0.0379997 0.0256624 0.0231259 0.0186482 0.0138012 0.0161859 0.0181855 0.0137504 0.0149379 0.0155411 0.0171332 0.0220412 0.0220659 0.0222207 0.029224 0.0230329 0.024313 0.0227299 0.0229167 0.0202429 0.0217464 0.0158393 0.0203181 0.0197322 0.0209144 0.026825 0.0384911 0.0335804 0.0262476 0.0155319 0.015461 0.0201252 0.018694 0.0258911 0.014313 0.00977079 0.0104896 0.00803948 0.0154502 0.0235339 0.0249343 0.0261846 0.0202436 0.0105394 0.0051134 
0.000133091 0.000386464 0.00152309 0.00243413 0.00121071 0.00726351 0.0279637 0.0373081 0.0205547 0.0134954 0.0135464 0.0148845 0.0193132 0.0148091 0.0176754 0.0237939 0.0310608 0.0293836 0.0240203 0.0195644 0.0169397 0.0173149 0.0287475 0.0407938 0.0278105 0.0203813 0.0250877 0.0223681 0.0169629 0.0183801 0.0298058 0.0186007 0.0126076 0.0138578 0.0193698 0.0225707 0.0218289 0.0190038 0.0194073 0.0213625 0.0184913 0.0242924 0.0217368 0.0164052 0.0179607 0.0206788 0.0140459 0.0171774 0.0175101 0.0138444 0.0339117 0.032068 0.0234548 0.0172632 0.0145865 0.018739 0.0173148 0.0253267 0.0219137 0.0203059 0.0187324 0.0212746 0.0230667 0.030964 0.0232946 0.0219095 0.0191462 0.0108095 0.00487366 
3.39021e-06 0.00235448 0.0109264 0.00848155 0.010072 0.00797235 0.0190142 0.0175537 0.0176533 0.0133225 0.0186965 0.0236664 0.0152136 0.0155981 0.0190565 0.0280146 0.0280586 0.0276953 0.0258036 0.0243127 0.0153441 0.0166376 0.0187599 0.0262459 0.0269038 0.0250402 0.0208415 0.0149621 0.0169103 0.0142725 0.0210908 0.0107472 0.014658 0.0170338 0.0177696 0.0205923 0.021414 0.0218238 0.0216253 0.0244227 0.02429 0.0270381 0.0241411 0.0230613 0.0219942 0.0155493 0.0160174 0.0140703 0.0187971 0.0169157 0.0213209 0.0262067 0.0238403 0.0253365 0.0189678 0.0147108 0.0216681 0.0212817 0.0247983 0.0257513 0.0238106 0.023651 0.0216285 0.0234993 0.0163172 0.014961 0.0144593 0.0119204 0.00664314 
0.000220704 0.00188367 0.0104849 0.0161531 0.0161443 0.0193711 0.0248952 0.0150525 0.0125888 0.0158707 0.0226644 0.0293972 0.0211803 0.0178515 0.0192597 0.0187737 0.0220489 0.0269302 0.0239114 0.0191838 0.0167667 0.0216848 0.0235558 0.0199754 0.017683 0.0226452 0.0179376 0.0170116 0.0172557 0.016848 0.0225071 0.00949382 0.0186567 0.0182489 0.0194733 0.0212092 0.0296433 0.0242389 0.0286835 0.0265356 0.0261392 0.0253855 0.0222125 0.0228445 0.0205018 0.012945 0.0116611 0.0165587 0.0202847 0.0208646 0.0164781 0.0178168 0.0183029 0.0197421 0.0161433 0.013723 0.0189162 0.021121 0.0251434 0.021768 0.0228601 0.0166004 0.0128635 0.0125388 0.0116725 0.0107664 0.0167584 0.0179448 0.0105704 
0.000456639 7.90977e-05 0.00746488 0.0186709 0.0211028 0.0226657 0.0163729 0.0147949 0.0153162 0.0176099 0.0219262 0.0167349 0.0144845 0.021755 0.0255449 0.0253004 0.0164249 0.0183881 0.018852 0.0209497 0.0220125 0.0188154 0.0206067 0.0165724 0.0135732 0.0138285 0.0168883 0.0191198 0.0222415 0.0372703 0.0446187 0.0337772 0.0442338 0.0310385 0.0227268 0.0223187 0.022922 0.022603 0.0233533 0.0255365 0.0255635 0.019962 0.0239073 0.0195145 0.0188521 0.0151648 0.0159733 0.0152009 0.0204816 0.0165047 0.0134754 0.013277 0.0195526 0.0207765 0.0201879 0.0196635 0.0177211 0.0175359 0.0220336 0.0219206 0.0208491 0.0166411 0.0120187 0.00910458 0.00853277 0.0154041 0.021729 0.027024 0.00988453 
7.99587e-05 0.000955078 0.00939701 0.0218835 0.019549 0.0209193 0.0157291 0.0155528 0.0225499 0.022335 0.0194215 0.0170802 0.0131567 0.016501 0.0226624 0.0212949 0.0155236 0.0191109 0.0208891 0.0205941 0.0173813 0.0178557 0.0167275 0.0177746 0.012624 0.0127408 0.0323781 0.0883984 0.0449265 0.0288197 0.0370956 0.0340022 0.0295629 0.0289807 0.0288506 0.0290435 0.0261452 0.0206744 0.0195851 0.0221734 0.0241451 0.0224522 0.0235554 0.0245381 0.0208908 0.0183198 0.0190302 0.0186204 0.0219792 0.0178252 0.0165021 0.0145912 0.0156828 0.0228211 0.0197081 0.0181566 0.0181182 0.0176506 0.0184498 0.0234372 0.0298013 0.0207418 0.0113284 0.00765924 0.015414 0.0242352 0.0184238 0.0203911 0.00303434 
3.28301e-05 0.00280736 0.0118478 0.0179302 0.0174513 0.0199613 0.0156088 0.0236282 0.0196543 0.0179171 0.0178089 0.0207151 0.0151572 0.0186602 0.0193998 0.0184571 0.0229673 0.0258722 0.0189588 0.0185914 0.0199026 0.0154318 0.0153194 0.0126867 0.0132453 0.0157023 0.0507014 0.0854258 0.0408592 0.0354882 0.0338402 0.0269918 0.0177832 0.0378934 0.0192645 0.0175657 0.0210849 0.0209789 0.0209315 0.0168127 0.0197391 0.0249979 0.0226359 0.0232931 0.0215773 0.030571 0.0291809 0.0206385 0.027483 0.0253074 0.0211603 0.0221708 0.0172267 0.0176315 0.0182487 0.0199571 0.0172128 0.0185239 0.020253 0.031723 0.0226287 0.0219029 0.0224788 0.0213939 0.0184312 0.0162331 0.0175134 0.0116208 0.00119562 
0.00019018 0.00666544 0.0127117 0.0156104 0.0204088 0.0191682 0.0140809 0.0220847 0.0187409 0.017947 0.0166966 0.0143472 0.0201274 0.0214801 0.0220736 0.0186237 0.0257122 0.01973 0.0129729 0.0157547 0.0190318 0.0260796 0.0232253 0.0140935 0.0128845 0.020504 0.0369202 0.0412874 0.035738 0.0355136 0.0525196 0.0452694 0.0686085 0.0949966 0.0281436 0.0158729 0.0164647 0.0234021 0.0272375 0.0175094 0.023786 0.0268099 0.0274063 0.0222521 0.0192111 0.0296105 0.0276676 0.0203953 0.0255585 0.0272877 0.0245049 0.0230919 0.0227805 0.0169519 0.0121889 0.011296 0.014467 0.023711 0.0247216 0.0297701 0.019619 0.0198363 0.024788 0.0238165 0.0178074 0.0155988 0.0176343 0.0039018 8.29602e-05 
0.00030062 0.00620445 0.0167756 0.0196709 0.0220527 0.00778644 0.0113828 0.0275505 0.0274736 0.0183867 0.0251111 0.0195413 0.0228591 0.0263021 0.0175878 0.011654 0.0264436 0.0207307 0.0154268 0.0155378 0.0193127 0.0348375 0.0205411 0.0136088 0.0168464 0.0190764 0.0278384 0.0359078 0.0562717 0.0402406 0.0342754 0.0696877 0.064992 0.0420435 0.0453871 0.014305 0.0134108 0.0265321 0.0209024 0.0171415 0.0254344 0.0335233 0.029947 0.024323 0.0194884 0.0171613 0.0202221 0.0146615 0.0183709 0.021889 0.0174586 0.0163878 0.0207908 0.0185227 0.0188326 0.0138859 0.0193865 0.023113 0.0237161 0.0272992 0.0240054 0.02714 0.0238776 0.017457 0.0156113 0.0153532 0.0208254 0.00503203 0.00014068 
0.00038372 0.00651579 0.0185833 0.0203926 0.0170621 0.00501849 0.013929 0.022978 0.0203516 0.0215762 0.0257006 0.0290192 0.0320689 0.0182512 0.0173494 0.0175391 0.0238949 0.0212996 0.0157318 0.0133694 0.0175813 0.0290039 0.0256219 0.0210156 0.0279563 0.0289252 0.0179554 0.0335657 0.0672882 0.0374913 0.0195116 0.0522393 0.0349896 0.0207043 0.0216551 0.0135361 0.0119281 0.0184778 0.0176495 0.0160182 0.0168281 0.0207627 0.0224592 0.0182 0.0238073 0.0140402 0.0127235 0.0145369 0.014603 0.0176956 0.0206802 0.023982 0.0266739 0.0222288 0.0265933 0.0265213 0.0270477 0.0289466 0.012853 0.0199735 0.0232521 0.020752 0.0146543 0.0141122 0.0203923 0.0178315 0.0127888 0.00819705 0.000255147 
5.74635e-05 0.00545635 0.0150432 0.0154031 0.00861407 0.00763862 0.0106147 0.015575 0.0141369 0.0229641 0.0228655 0.0246779 0.0231104 0.0160623 0.0131736 0.0148493 0.0273575 0.0346316 0.0176016 0.0175005 0.0113047 0.0224855 0.0211595 0.0265338 0.0257538 0.0245926 0.0187315 0.0170045 0.018942 0.0192123 0.0219845 0.0338308 0.0214447 0.0128445 0.0138376 0.0129372 0.0135829 0.0155316 0.0221183 0.0212346 0.0213735 0.0146166 0.0163811 0.0177242 0.0195397 0.0146628 0.0204897 0.0265089 0.0219336 0.018681 0.0234762 0.0167028 0.0266311 0.0295889 0.0220302 0.0237999 0.0240206 0.0323366 0.0117966 0.0140597 0.0178204 0.0171648 0.0153847 0.0181501 0.0136551 0.009708 0.00429065 0.00220834 4.69473e-05 
0 0.0061177 0.020583 0.0156596 0.0106376 0.017224 0.0362409 0.0214051 0.0161474 0.0152446 0.0206306 0.0164201 0.0174394 0.0109153 0.00875464 0.0122711 0.016287 0.0266437 0.0198692 0.0155021 0.0157736 0.020979 0.0219081 0.024595 0.0220383 0.0263195 0.0185421 0.0168363 0.0161352 0.0223365 0.0312831 0.022844 0.0173145 0.0166221 0.0167323 0.0184446 0.0184983 0.0145251 0.0266408 0.0237532 0.018431 0.0183078 0.0152785 0.0229407 0.0164633 0.0204227 0.016502 0.0194632 0.0179675 0.0183398 0.0225595 0.0261212 0.0249243 0.0276204 0.0221274 0.0157342 0.0269322 0.0371258 0.0190669 0.0153253 0.0134351 0.0196891 0.01821 0.0161618 0.00805914 0.0123524 0.0217164 0.00783684 0.000301837 
0 0.00264917 0.0108009 0.0128279 0.0121464 0.0325133 0.0394709 0.0205867 0.0143475 0.0131551 0.0096875 0.00837671 0.00889728 0.00761446 0.0111227 0.0209479 0.0182519 0.0215256 0.0209677 0.0142478 0.0165306 0.0209557 0.0231065 0.0231299 0.019157 0.0256738 0.0230031 0.0218704 0.0192379 0.0227789 0.0171101 0.0131069 0.0171399 0.0194358 0.0201866 0.0212472 0.0175801 0.0168002 0.0171769 0.0179609 0.0138431 0.0177389 0.0229894 0.0222408 0.0151479 0.018291 0.0240008 0.0290634 0.0240635 0.019472 0.0207896 0.0236681 0.0219495 0.0208598 0.0190485 0.0159762 0.0281821 0.0268795 0.0186657 0.0119503 0.00632014 0.0108203 0.0179774 0.0110729 0.00375214 0.00497041 0.0155303 0.00823118 0.000994256 
0 0.000294379 0.00324785 0.00594607 0.00684758 0.0203117 0.0215694 0.0101324 0.00889104 0.0081385 0.00712275 0.00835806 0.00792462 0.0114362 0.0127567 0.0230936 0.0176189 0.0189006 0.019349 0.0150892 0.0154207 0.0213216 0.0255011 0.021811 0.0146214 0.0207017 0.0224918 0.0196175 0.0207053 0.0257154 0.0210477 0.0185847 0.0217098 0.0256754 0.0226958 0.0190703 0.0185346 0.0193513 0.0192346 0.0193497 0.0151184 0.017058 0.0228416 0.0186336 0.0206982 0.023065 0.0267851 0.0281335 0.0203069 0.0213151 0.0191068 0.0204005 0.0150679 0.0162709 0.0186983 0.0181063 0.0287482 0.0207461 0.0213678 0.0134662 0.00642375 0.00831586 0.0207991 0.0135143 0.00305048 0.00445167 0.0120671 0.0103548 0.000605107 
0 0 4.07297e-05 0.00278092 0.00275113 0.00402125 0.00818732 0.00796217 0.00966778 0.0139518 0.0189554 0.016708 0.0155548 0.0136439 0.0158207 0.0215351 0.0160122 0.019697 0.020626 0.0161753 0.0139523 0.0227956 0.0293247 0.0263597 0.014912 0.0167094 0.0266318 0.025359 0.0237681 0.0324132 0.0297136 0.0333233 0.0239529 0.0198964 0.0169723 0.0148479 0.0159209 0.0144549 0.0138101 0.0144775 0.0203854 0.0219071 0.0202555 0.0234631 0.0300019 0.0254011 0.0211368 0.0202808 0.018208 0.0159823 0.0212691 0.0242284 0.0251889 0.0181667 0.022445 0.0229649 0.0220236 0.0259737 0.0184582 0.0132983 0.0103508 0.0114133 0.0161041 0.0163877 0.0122905 0.00995193 0.0112371 0.00635714 0 
0 0 0 2.97934e-05 0.000530955 0.00542445 0.00784781 0.0129894 0.0132655 0.0231229 0.0215166 0.0184054 0.0177567 0.0158223 0.0185545 0.0172595 0.0204274 0.0187768 0.0164886 0.0180384 0.0163297 0.0243819 0.0245907 0.0291253 0.0208572 0.0243559 0.0247938 0.0220492 0.02164 0.0303982 0.0300879 0.0321943 0.0300039 0.0202271 0.0171738 0.0149212 0.0162618 0.0172457 0.0229715 0.0255171 0.0234227 0.0239263 0.0250989 0.027447 0.0211447 0.0199653 0.0173549 0.0130351 0.0220724 0.0217897 0.0258903 0.021669 0.0162214 0.0228258 0.0270396 0.0227693 0.0183743 0.0187714 0.0130627 0.0105282 0.0145307 0.018645 0.0214221 0.0179875 0.0243028 0.0132431 0.00619467 0.000303072 0 
0 0 0 0 0.00179271 0.00578088 0.0105619 0.0115384 0.0148871 0.0109793 0.0162056 0.0138629 0.011625 0.0118943 0.0126234 0.0154841 0.0131107 0.01891 0.0178124 0.0175154 0.0196712 0.0220272 0.0239077 0.0236955 0.021247 0.024223 0.0177945 0.0239914 0.0228038 0.0358043 0.0364239 0.0273107 0.0200273 0.0177684 0.0181005 0.0241558 0.0236769 0.0238479 0.0267256 0.0241495 0.028199 0.0307278 0.0258215 0.0228324 0.017641 0.0169041 0.0217541 0.018926 0.0232262 0.025615 0.025074 0.0232954 0.020185 0.0269599 0.0177346 0.0131634 0.0201455 0.0171978 0.010939 0.00707325 0.0150336 0.0255543 0.0262596 0.019685 0.018431 0.0106256 0.00442282 0.000178085 0 
0 0 0 7.05e-05 0.00266778 0.0054899 0.00621935 0.0158137 0.0137036 0.00853498 0.00867803 0.0113486 0.0143106 0.0143215 0.0123137 0.00591287 0.00616842 0.00830549 0.011517 0.021503 0.0157727 0.0162121 0.0175105 0.0140593 0.0164909 0.0255512 0.0236171 0.0322615 0.0298151 0.0304073 0.0239135 0.0205802 0.0196564 0.0179133 0.0169686 0.0235225 0.0231716 0.0236919 0.0299633 0.0253283 0.0279505 0.0259503 0.0239771 0.0181044 0.0145961 0.0149458 0.0186821 0.0238298 0.015526 0.023374 0.0216241 0.0203348 0.0193185 0.0223629 0.021551 0.0199135 0.0215406 0.0260069 0.0273727 0.0109081 0.0155561 0.0254551 0.0241599 0.023287 0.0114922 0.00475432 0.000639173 0 0 
0 0 0 0.000691699 0.0051977 0.0112658 0.0163741 0.023477 0.0187503 0.010109 0.0108553 0.0222065 0.019206 0.0197029 0.0135174 0.0034221 0.00323984 0.00421326 0.015573 0.0169163 0.0136199 0.0126086 0.0141906 0.0101285 0.0100893 0.0181143 0.0252704 0.0281194 0.0261423 0.0300519 0.017824 0.0160243 0.022478 0.0197552 0.0162185 0.0181476 0.0184214 0.0218892 0.0280865 0.0379444 0.0321678 0.0164753 0.0180775 0.0265761 0.0271193 0.017997 0.0188017 0.0228049 0.0220373 0.0245737 0.0214414 0.0186605 0.01579 0.0189526 0.0202965 0.0210791 0.0201108 0.0348409 0.0317123 0.0180836 0.0118807 0.0227341 0.0301412 0.0385643 0.017816 0.000650427 2.24982e-06 0 0 
0 0 0 5.87444e-05 0.00207162 0.0118522 0.0149738 0.0149715 0.00904499 0.00994888 0.0130445 0.0372523 0.0373875 0.0184067 0.0108431 0.00381617 0.00468146 0.00882587 0.0203662 0.0142803 0.00796073 0.0104611 0.0141504 0.0173158 0.0107839 0.0162098 0.019871 0.0238924 0.0278938 0.0214291 0.0101852 0.0121232 0.0184028 0.0222479 0.0192146 0.0196609 0.0166503 0.0290083 0.0283582 0.0312784 0.034178 0.0256 0.0201765 0.0298986 0.0291737 0.0241428 0.0164178 0.0157196 0.0203779 0.0231697 0.0236192 0.0162971 0.0227229 0.0241766 0.0163801 0.0232742 0.0251851 0.0320461 0.0304012 0.0194614 0.0109677 0.0214309 0.0291428 0.0361504 0.0145426 1.09847e-05 0 0 0 
0 0 0 0 0.000191984 0.00345052 0.0132343 0.0113124 0.00629333 0.014043 0.0160501 0.0173662 0.0264928 0.0243957 0.0153518 0.0100529 0.0139769 0.0172868 0.013383 0.00805357 0.0137937 0.0138481 0.0154112 0.0155033 0.0101868 0.00756433 0.0135035 0.0198503 0.022175 0.0140379 0.0137294 0.0158633 0.0236858 0.0198919 0.0183201 0.0244741 0.031632 0.0403495 0.0248356 0.0256304 0.0173884 0.0188056 0.0183281 0.0290755 0.0338523 0.0317165 0.0266474 0.0197732 0.0154629 0.017724 0.0318277 0.0310998 0.0276293 0.0256542 0.0203033 0.0266601 0.0273147 0.0387833 0.0291188 0.029855 0.0183992 0.016649 0.0199165 0.0168944 0.00468621 1.09063e-05 0 0 0 
0 0 0 0 0 0.000123406 0.00185301 0.00142394 0.00241681 0.0119196 0.0135543 0.0138069 0.0166281 0.0202246 0.0186031 0.0147699 0.0227415 0.0261405 0.0146758 0.0106529 0.0170977 0.0181053 0.0164429 0.0132402 0.0127801 0.0071414 0.0146097 0.0167747 0.0201768 0.020356 0.0239843 0.0192922 0.0222476 0.0251035 0.0290137 0.0247181 0.0257199 0.0246293 0.0228696 0.0221098 0.0198259 0.0157881 0.0162268 0.0253401 0.0281028 0.030259 0.0320467 0.0287034 0.0200177 0.0211177 0.0285202 0.0273484 0.0300968 0.0241965 0.0206557 0.0310702 0.0336754 0.0387648 0.0251349 0.0254583 0.0329218 0.0297033 0.0191279 0.00790686 0.00139828 2.21347e-06 0 0 0 
0 0 0 0 0 0 0 0 0.00132487 0.0120149 0.0175629 0.013977 0.0156149 0.0180402 0.0174194 0.013496 0.00964879 0.0073014 0.0101171 0.0140798 0.0159679 0.0204971 0.0201162 0.0175648 0.0134266 0.00824732 0.0147968 0.0209364 0.029821 0.0276836 0.0250864 0.0198937 0.0189807 0.0224916 0.0251905 0.0219098 0.0179581 0.0164425 0.0175988 0.0193773 0.0192328 0.0205705 0.0255421 0.02388 0.0208006 0.0248462 0.0284753 0.0307086 0.0253204 0.0259667 0.0195932 0.021298 0.0247398 0.0258713 0.0207324 0.0236745 0.0291727 0.0319885 0.0319842 0.0282422 0.0213658 0.0132817 0.00701004 0.00226148 0.000300625 0 0 0 0 
0 0 0 0 0 0 0 0 0.00095873 0.0079518 0.0150502 0.0153977 0.0190768 0.0178647 0.0159571 0.0083442 0.0049219 0.00441618 0.0129008 0.0142551 0.010022 0.016791 0.021237 0.0206113 0.017837 0.0113266 0.0176189 0.0266301 0.0335109 0.0214772 0.0170268 0.0156661 0.0210225 0.0241728 0.0245812 0.0243533 0.0169119 0.0136899 0.0187527 0.0194045 0.018163 0.0355776 0.0338048 0.0199467 0.0226827 0.0265791 0.0271418 0.0272817 0.025198 0.0204963 0.0245343 0.026836 0.0194698 0.0183249 0.0210921 0.026597 0.0252388 0.0302455 0.0332729 0.0262503 0.0149776 0.0102695 0.00520375 0.00162737 0 0 0 0 0 
0 0 0 0 0 0 0 9.64998e-05 0.00231533 0.00578198 0.0110955 0.0128832 0.0134244 0.00728088 0.00512152 0.00153356 0.0022982 0.0105258 0.0189563 0.0194262 0.0145114 0.0164505 0.0245236 0.0228311 0.0218292 0.0125521 0.0111276 0.0277074 0.0236019 0.0190648 0.0208026 0.0349581 0.0268967 0.0209031 0.0217197 0.0236933 0.0181348 0.0169588 0.0202645 0.0218427 0.0292349 0.0358608 0.0414523 0.0227522 0.0219115 0.0250597 0.0211163 0.0233928 0.0223619 0.0233013 0.0169257 0.0122007 0.0114695 0.0142981 0.0148571 0.0189047 0.0243893 0.0233483 0.0251769 0.0172257 0.0127134 0.0068377 0.00310224 0.000444006 0 0 0 0 0 
0 0 0 0 0 0 0 3.66162e-05 0.00396224 0.00788008 0.0154052 0.00978617 0.0100465 0.00529167 0.00199217 0.00307697 0.00792057 0.0113699 0.0130339 0.0179138 0.0196603 0.0169015 0.0196158 0.0239902 0.0224224 0.0133836 0.0151875 0.0179488 0.0199583 0.0222069 0.0246031 0.0357601 0.0264142 0.0207886 0.0165548 0.0170681 0.0175171 0.0226485 0.0197268 0.022687 0.0286958 0.0291197 0.0250623 0.024148 0.0216771 0.0261389 0.0251654 0.0250777 0.0241936 0.0235439 0.0126434 0.00939122 0.0158105 0.0130095 0.0163554 0.0152516 0.0168799 0.0202431 0.024002 0.0122585 0.00523396 0.00441137 0.000737589 0 0 0 0 0 0 
0 0 0 0 0 0 0 0 0.000713702 0.00401484 0.0104329 0.0153513 0.0164447 0.00374277 0.00100807 0.00751333 0.00948881 0.0120144 0.0225584 0.0183547 0.0242352 0.0200613 0.0151976 0.0219506 0.0155325 0.0149346 0.0175981 0.0253353 0.0269715 0.023376 0.0258941 0.0283871 0.0216604 0.034669 0.0197433 0.0128389 0.0170864 0.0258586 0.020531 0.025106 0.0241755 0.0245154 0.0221669 0.0281189 0.0306954 0.0248178 0.0272169 0.0212888 0.0209416 0.0276782 0.0155009 0.0176675 0.0163389 0.0135277 0.017471 0.0176096 0.0136871 0.0167022 0.0144025 0.00428162 0.00336023 0.00076356 0 0 0 0 0 0 0 
0 0 0 0 0 0 0 0 0 0.0010865 0.00752964 0.0130233 0.0150867 0.0171395 0.00498793 0.00512727 0.0190301 0.0193557 0.0108033 0.013221 0.0252349 0.0219351 0.0152986 0.0186226 0.0169271 0.0189658 0.0191107 0.0200015 0.023345 0.0186538 0.0239449 0.0280911 0.0305055 0.0380195 0.0263245 0.0215085 0.0147499 0.0194525 0.0179838 0.0246034 0.0251369 0.0268689 0.025294 0.0245125 0.0263043 0.0238797 0.0248453 0.0236115 0.0240655 0.0351078 0.0298647 0.0249398 0.022831 0.0179188 0.0142003 0.00997003 0.00905382 0.0193119 0.0159565 0.0027277 0.00114681 0 0 0 0 0 0 0 0 
0 0 0 0 0 0 0 0 0 7.22565e-05 0.00324453 0.0115121 0.0144624 0.0223565 0.00800276 0.00286064 0.0130324 0.0167264 0.00911671 0.0119603 0.0179603 0.0206026 0.0140029 0.0200167 0.0219713 0.0233495 0.0204998 0.0228593 0.017816 0.0166596 0.0262884 0.0335322 0.0264646 0.0282992 0.0291103 0.0199696 0.0152734 0.0181064 0.0213754 0.0284992 0.0307254 0.0243674 0.0282207 0.032808 0.0282471 0.0227329 0.022176 0.0245119 0.0201897 0.031708 0.0331681 0.0248231 0.0353483 0.0269965 0.0115528 0.0026957 0.00741489 0.0201371 0.00997301 0.0027707 8.40665e-05 0 0 0 0 0 0 0 0 
0 0 0 0 0 0 0 0 0 0 0.000503664 0.00655936 0.00798303 0.0115638 0.00659586 0.000911019 0.00395476 0.00898564 0.0108983 0.0156886 0.0136917 0.0145044 0.0181587 0.0183774 0.0198691 0.0268157 0.0235936 0.0247274 0.0202462 0.0214819 0.0308854 0.0356974 0.0249929 0.02329 0.0173593 0.0148432 0.0219845 0.0246923 0.0271493 0.0263134 0.0313845 0.0322027 0.0312284 0.0282656 0.0250928 0.0209117 0.0200202 0.0200194 0.0202788 0.0313562 0.0293122 0.0343522 0.0413696 0.031541 0.014023 0.0022919 0.00166358 0.0042977 0.00123129 0.000193222 0 0 0 0 0 0 0 0 0 
0 0 0 0 0 0 0 0 0 0 0 0.000167778 0.000388045 0.00110759 0.00114215 0.000280118 0.00393893 0.00985954 0.0165831 0.0217162 0.0113807 0.0187103 0.0168839 0.0172804 0.0169704 0.0216055 0.0234118 0.0242228 0.0185808 0.0213144 0.0233747 0.0296244 0.0195563 0.0189491 0.0236008 0.0142113 0.0275647 0.0298412 0.0242988 0.0221158 0.0320613 0.0304876 0.0224066 0.0149311 0.0222908 0.026286 0.0267664 0.0229058 0.022056 0.0180623 0.0252701 0.0266555 0.0345122 0.0300067 0.0153391 0.00375307 7.58436e-05 0.000201762 0 0 0 0 0 0 0 0 0 0 0 
0 0 0 0 0 0 0 0 0 0 0 0 0 0 0 0.000497814 0.00483821 0.0143556 0.0208496 0.0263157 0.015745 0.0157399 0.0173838 0.0146499 0.0160743 0.0185102 0.0279714 0.0277517 0.0193748 0.0243384 0.0247811 0.0181217 0.00939067 0.00706241 0.0202777 0.0213915 0.0292067 0.0524608 0.0399644 0.0356246 0.0389777 0.0314483 0.0206494 0.0063525 0.0150063 0.0265287 0.0206896 0.0279284 0.0310605 0.0234531 0.0135963 0.0189242 0.0230503 0.0220096 0.0088928 0.00191753 0 0 0 0 0 0 0 0 0 0 0 0 0 
0 0 0 0 0 0 0 0 0 0 0 0 0 0 0 0.00175573 0.0061943 0.0148808 0.028533 0.0231153 0.0151755 0.0198241 0.0175331 0.0216951 0.0228706 0.0242691 0.0305997 0.0232764 0.0175777 0.0252388 0.0182135 0.00611724 0.00704578 0.0109709 0.0132256 0.0186804 0.0213379 0.0308674 0.0251597 0.0295652 0.0302861 0.0223923 0.00944291 0.00292289 0.0049566 0.0140541 0.0225822 0.030559 0.025788 0.0211419 0.0168165 0.0142856 0.0106993 0.0104333 0.0035938 0.000471984 0 0 0 0 0 0 0 0 0 0 0 0 0 
0 0 0 0 0 0 0 0 0 0 0 0 0 0 0 0.000716188 0.00274245 0.00510538 0.015452 0.0125873 0.00883512 0.0178326 0.0221702 0.0259939 0.0300362 0.024279 0.0179642 0.0192278 0.019638 0.0208142 0.0135057 0.0108369 0.013777 0.0230937 0.0223641 0.0185372 0.0205894 0.0171582 0.0193509 0.0234929 0.0198904 0.0128409 0.00492454 0.00314153 0.00214353 0.00948152 0.0131115 0.0156708 0.0282189 0.0305294 0.0195487 0.0157433 0.0042348 0.00232811 0.000346055 0 0 0 0 0 0 0 0 0 0 0 0 0 0 
0 0 0 0 0 0 0 0 0 0 0 0 0 0 0 0 0 0.000351279 0.000986051 0.00178131 0.00479313 0.0127175 0.028394 0.0277781 0.0319222 0.0271377 0.0251167 0.0269548 0.0266317 0.0240464 0.016524 0.0155559 0.0196637 0.0193954 0.0188929 0.0249782 0.021648 0.0275588 0.0196218 0.0187352 0.0223653 0.0150145 0.0183573 0.0121269 0.00800249 0.00666385 0.00776297 0.00989436 0.00955738 0.0157017 0.00932544 0.00288263 0.000236518 0 0 0 0 0 0 0 0 0 0 0 0 0 0 0 0 
0 0 0 0 0 0 0 0 0 0 0 0 0 0 0 0 0 0 0 0.000407269 0.00213519 0.00428694 0.00975667 0.0186622 0.0282821 0.0234954 0.0260354 0.0309255 0.0308674 0.0222108 0.0130405 0.00641062 0.00676905 0.00354573 0.00997776 0.0174505 0.015551 0.0240298 0.0249977 0.0196593 0.017999 0.0208166 0.0236333 0.0135938 0.0127438 0.0124143 0.00460721 0.00256975 0.00228476 0.00254929 0.000519005 0 0 0 0 0 0 0 0 0 0 0 0 0 0 0 0 0 0 
0 0 0 0 0 0 0 0 0 0 0 0 0 0 0 0 0 0 0 0 0 3.86603e-05 0.00397135 0.00888699 0.0118021 0.020265 0.0215112 0.0220546 0.0169024 0.00603665 0.0131755 0.0710375 0.08322 0.00296033 0.00267743 0.00943271 0.00908293 0.0139983 0.0213806 0.0246191 0.0232994 0.0193702 0.0155673 0.0068577 0.00482702 0.00226286 0.000160943 9.27498e-05 7.49428e-05 2.21774e-06 0 0 0 0 0 0 0 0 0 0 0 0 0 0 0 0 0 0 0 
0 0 0 0 0 0 0 0 0 0 0 0 0 0 0 0 0 0 0 0 0 0 9.10319e-05 0.00121007 0.00197155 0.0061643 0.00970964 0.0126188 0.00660965 0.000694078 0.00744163 0.10259 0.0864605 0.00337051 0.000415203 0.00191924 0.00166629 0.00544467 0.0101924 0.0162156 0.0167084 0.0166222 0.00973519 0.00246322 0.00146312 0.00027614 0 0 0 0 0 0 0 0 0 0 0 0 0 0 0 0 0 0 0 0 0 0 0 
0 0 0 0 0 0 0 0 0 0 0 0 0 0 0 0 0 0 0 0 0 0 0 0 0 0.000197549 0.000656206 0.000806575 0.000551295 0 0.000951523 0.00720082 0.0033865 5.64224e-05 0 0 0 0.000223315 0.00230224 0.00351065 0.00365639 0.00249061 0.000454192 0.000211703 0.000213561 0 0 0 0 0 0 0 0 0 0 0 0 0 0 0 0 0 0 0 0 0 0 0 0 

