0 0 0 0 0 0 0 0 0 0 0 0 0 0 0 0 0 0 0 0 0 0 0 0 0 0 0 0 0 3.22258e-05 0.000357313 0.000685311 0.000417545 9.39923e-05 3.18337e-05 2.15793e-05 3.4007e-05 0 0 0 0 0 0 0 0 0 0 0 0 0 0 0 0 0 0 0 0 0 0 0 0 0 0 0 0 0 0 0 0 
0 0 0 0 0 0 0 0 0 0 0 0 0 0 0 0 0 0 0 0 0 0 0 0 0 0.000186453 0.00119828 0.00327589 0.00654286 0.00976698 0.0125024 0.0111394 0.0126654 0.0123841 0.0116415 0.00814257 0.00479137 0.00457231 0.00616537 0.00979776 0.0113566 0.00464735 0.000424197 0 0 0 0 0 0 0 0 0 0 0 0 0 0 0 0 0 0 0 0 0 0 0 0 0 0 
0 0 0 0 0 0 0 0 0 0 0 0 0 0 0 0 0 0 0 0 0 0 0 0 0.00114249 0.00688539 0.0132316 0.0198131 0.0222351 0.024486 0.0221322 0.0218063 0.0207448 0.0265289 0.0280947 0.0251815 0.0209145 0.022945 0.0273497 0.0281593 0.027442 0.0237008 0.0049639 0 6.04737e-05 0.000235553 2.01729e-05 1.03133e-06 0 0 0 0 0 0 0 0 0 0 0 0 0 0 0 0 0 0 0 0 0 
0 0 0 0 0 0 0 0 0 0 0 0 0 0 0 0 0 0 0 0 0 0 0.000217442 0.00328661 0.00988808 0.0177015 0.0156206 0.0145278 0.0191232 0.0236222 0.0275629 0.0299941 0.026078 0.0291117 0.0275026 0.0281912 0.0320221 0.0324767 0.0214431 0.0243976 0.0327704 0.0310446 0.0105638 0.000330611 0.00257173 0.00291584 0.00305251 0.00446337 0.0019142 0.000121825 0 0 0 0 0 0 0 0 0 0 0 0 0 0 0 0 0 0 0 
0 0 0 0 0 0 0 0 0 0 0 0 0 0 0 0 0 0 7.17463e-05 0.000301243 0.000256255 5.14429e-05 0.00129798 0.0106482 0.0186164 0.0130752 0.00784266 0.00768259 0.0117483 0.0180783 0.0273686 0.0347179 0.038191 0.0344687 0.0291521 0.0237309 0.0231119 0.0266129 0.0169522 0.0167444 0.0316402 0.0298735 0.0183274 0.00229074 0.00673416 0.0111062 0.0145734 0.0164052 0.00725981 0.00181417 0.000164523 0 0 0 0 0 0 0 0 0 0 0 0 0 0 0 0 0 0 
0 0 0 0 0 0 0 0 0 0 0 0 0 0 0 0 2.60164e-05 0.00115046 0.00702167 0.00764205 0.00764891 0.00220584 0.00119969 0.00839109 0.0153866 0.00696264 0.0154608 0.0273381 0.0160589 0.0158201 0.022546 0.0309954 0.0349791 0.0276551 0.0208602 0.0215007 0.022964 0.0239114 0.0195689 0.0160376 0.0259114 0.0265068 0.0125825 0.001599 0.00801493 0.0123986 0.0142041 0.0116871 0.00962398 0.00685628 0.000559546 0.000743853 0.00093066 1.42841e-05 0 0 0 0 0 0 0 0 0 0 0 0 0 0 0 
0 0 0 0 0 0 0 0 0 0 0 0 0 0 1.21294e-05 0.000861827 0.00461711 0.0130722 0.0183284 0.0156875 0.0112379 0.00416197 0.00163754 0.00429643 0.007438 0.0119455 0.0239181 0.0294105 0.0225629 0.0272155 0.0402507 0.0361807 0.026953 0.0232233 0.0182277 0.0146147 0.0147435 0.0263065 0.0164451 0.0168321 0.0222038 0.0172366 0.00937155 0.00201053 0.00271796 0.0073103 0.0146515 0.01344 0.0115142 0.0119397 0.00345987 0.00212725 0.00356541 0.00170894 7.95105e-06 0 0 0 0 0 0 0 0 0 0 0 0 0 0 
0 0 0 0 0 0 0 0 0 0 0 0 0 1.18247e-05 0.00217472 0.0092226 0.0170276 0.0241338 0.0223178 0.0174283 0.0140247 0.0144438 0.0138501 0.0138146 0.0149427 0.0212717 0.0242703 0.0225141 0.0245787 0.0257519 0.0301686 0.0275302 0.0193193 0.0161717 0.0169011 0.0182782 0.0153918 0.0173667 0.0180787 0.0234815 0.0162222 0.00903292 0.0099589 0.00509291 0.00272501 0.00755336 0.0157035 0.0122242 0.010579 0.0144571 0.00983842 0.00910237 0.00607762 0.00266287 0.00019334 0 0 0 0 0 0 0 0 0 0 0 0 0 0 
0 0 0 0 0 0 0 0 0 0 0 0 6.65306e-05 0.00584119 0.0110945 0.017477 0.0184518 0.0198374 0.0180459 0.0165636 0.0203667 0.0172475 0.0139862 0.018 0.019568 0.0212111 0.0168178 0.0160894 0.0180706 0.0232843 0.0230508 0.0205417 0.0139264 0.0168491 0.0169712 0.0183778 0.0199151 0.0191815 0.016213 0.0258848 0.0187084 0.00649794 0.00991352 0.0120065 0.006617 0.00428616 0.0143788 0.0102253 0.00832391 0.00825844 0.00695056 0.0122148 0.0132635 0.00336531 1.83649e-05 0.000179493 3.33822e-05 7.51438e-06 0 0 0 0 0 0 0 0 0 0 0 
0 0 0 0 0 0 0 0 0 0 0 0.000285162 0.00370347 0.0200485 0.0221717 0.0180627 0.0191159 0.0264255 0.0228465 0.0223313 0.0287871 0.0207877 0.0197245 0.0183175 0.0114572 0.0172256 0.0217366 0.0167655 0.020593 0.0244753 0.0156932 0.0194439 0.0145473 0.019084 0.015714 0.0221885 0.0182091 0.0154915 0.0144322 0.0245568 0.0221421 0.0144662 0.00640458 0.0103089 0.0114974 0.00709693 0.0182682 0.0166815 0.0140067 0.00692249 0.00837787 0.0106712 0.017838 0.00736646 0.00120925 0.00247094 0.00338282 0.00347573 0.000334878 0 0 0 0 0 0 0 0 0 0 
0 0 0 0 0 0 0 0 0 1.32662e-08 0.00057208 0.00469014 0.014881 0.0246218 0.0220962 0.0189373 0.0204656 0.026822 0.0258046 0.0228761 0.0256409 0.0213756 0.0199371 0.0176465 0.0160717 0.0169099 0.0201295 0.0130922 0.0206751 0.0261719 0.0276804 0.025938 0.0208475 0.02248 0.0175578 0.0172943 0.0137762 0.0114042 0.0092632 0.0171867 0.0191263 0.0185778 0.00476318 0.00393371 0.00763211 0.010037 0.0123865 0.0176864 0.0136494 0.00529821 0.00766472 0.0134615 0.0123614 0.0124441 0.00958487 0.00950085 0.0106242 0.0108479 0.00238597 0.000110652 0 0 0 0 0 0 0 0 0 
0 0 0 0 0 0 0 0 0 0.000739039 0.0127679 0.0163207 0.0173086 0.0244457 0.0206188 0.0205482 0.0201068 0.0178159 0.0179289 0.0181569 0.0254569 0.0248678 0.0180536 0.0154903 0.0130291 0.0195241 0.0244868 0.0181658 0.0189865 0.0228732 0.0398156 0.0308492 0.0238819 0.0195582 0.0138743 0.0152019 0.0171603 0.0186154 0.0119891 0.00837058 0.00944373 0.00621471 0.00455835 0.00815709 0.0155044 0.01404 0.0132626 0.0107637 0.00785958 0.00423701 0.00600312 0.0100003 0.0175649 0.0384414 0.0304827 0.0215815 0.0158639 0.0153197 0.011652 0.00362151 0.000103918 0 0 0 0 0 0 0 0 
0 0 0 0 0 0 0 0 1.96081e-05 0.0046109 0.0171391 0.0155387 0.012665 0.0191693 0.0232072 0.0261654 0.0265226 0.0231964 0.0187431 0.0153495 0.02921 0.0316582 0.0222257 0.0178288 0.0150743 0.0186532 0.0189469 0.0265821 0.0263484 0.027804 0.0354318 0.0332782 0.0271662 0.0220107 0.022445 0.0227245 0.0222399 0.0243262 0.0211391 0.0131793 0.0114386 0.00645044 0.00469477 0.00532862 0.00843184 0.00811223 0.00922165 0.00619383 0.00411953 0.00103849 0.00450336 0.0130792 0.0280199 0.0885462 0.0603599 0.0197494 0.0123283 0.0109436 0.0192008 0.0106756 0.00429882 2.87626e-05 0 0 0 0 0 0 0 
0 0 0 0 0 0 0 6.50829e-05 0.000620259 0.0084869 0.0273601 0.0241369 0.0173842 0.0201499 0.0265444 0.0223103 0.0242892 0.0253813 0.0271847 0.0236969 0.0235148 0.0278662 0.022139 0.0204001 0.0170621 0.0174423 0.0214896 0.0266423 0.0255621 0.0229472 0.0265234 0.0215612 0.0235396 0.0199659 0.0216774 0.02237 0.0158538 0.0173175 0.0222811 0.0175289 0.0134033 0.0151179 0.0123019 0.00677527 0.00617629 0.00648932 0.00869378 0.0156886 0.017785 0.0140625 0.0121007 0.01196 0.0153726 0.0443313 0.0214301 0.0115908 0.00986512 0.00636338 0.0239581 0.0187358 0.00929329 0.000290677 5.19305e-06 0 0 0 0 0 0 
0 0 0 0 0 0 0 0.00179465 0.00603899 0.00355089 0.0137342 0.0265393 0.0295818 0.0292808 0.0232969 0.0190422 0.0203936 0.0189689 0.0247949 0.0208792 0.0207144 0.0260777 0.0188987 0.0203298 0.0206854 0.0148982 0.0191701 0.0291545 0.0236593 0.0217004 0.022037 0.0242793 0.0205001 0.0181012 0.0173718 0.0219492 0.0245788 0.0204986 0.0204236 0.0180818 0.0177472 0.0148312 0.0170466 0.0160131 0.0158085 0.0199016 0.0210476 0.0303542 0.0283215 0.0283113 0.0181602 0.0190746 0.017095 0.0137009 0.00977387 0.0118168 0.0142013 0.00909177 0.0167811 0.0191757 0.0120329 0.00285216 0.00046482 0 0 0 0 0 0 
0 0 0 0 0 0 0 0.00256675 0.00929184 0.00193972 0.0071882 0.0308187 0.0594521 0.050964 0.0208644 0.0200226 0.0233657 0.0255197 0.0248907 0.0199049 0.0213015 0.0312056 0.0231394 0.0247981 0.0198688 0.0163145 0.018855 0.0232642 0.0225001 0.0197771 0.0229657 0.0227924 0.0172001 0.0158531 0.0175942 0.0209074 0.0234051 0.0233272 0.0187801 0.0193969 0.0157647 0.0153818 0.011977 0.0192406 0.0228307 0.0224503 0.0154209 0.0232025 0.0267946 0.0306888 0.0247227 0.021398 0.0203659 0.0165233 0.0132979 0.0141556 0.00888455 0.00513778 0.016376 0.0167973 0.0173606 0.0114193 0.00461072 0.00119181 0 0 0 0 0 
0 0 0 0 0 0 0.000269198 0.00281118 0.00616895 0.0141152 0.00942837 0.0231898 0.058603 0.0564852 0.0227984 0.0170825 0.0191255 0.0205006 0.025631 0.0239694 0.0232644 0.0253996 0.0223389 0.0182673 0.0230995 0.0212367 0.0167611 0.0235878 0.0215939 0.0211394 0.0223593 0.0210004 0.0218523 0.0209576 0.0227472 0.0193816 0.0176412 0.0247235 0.0204212 0.0241164 0.0201041 0.0219837 0.0205654 0.0211588 0.0199931 0.021624 0.0167062 0.0192734 0.0223213 0.0239292 0.0214395 0.0156139 0.019975 0.0220757 0.0151305 0.0150372 0.01049 0.0126287 0.0141573 0.0208873 0.0213204 0.0229069 0.0108706 0.00115117 1.50925e-06 0 0 0 0 
0 0 0 0 0 0 0.00229728 0.0101006 0.0130193 0.0254715 0.0180902 0.0106597 0.0204237 0.0308024 0.0289554 0.0246716 0.0266488 0.0239076 0.02417 0.0284714 0.023607 0.0187755 0.016963 0.0161657 0.0227665 0.0189251 0.018369 0.0207113 0.0176859 0.0184386 0.0168033 0.0211901 0.0225927 0.0202118 0.0268787 0.019186 0.0174991 0.0220756 0.0207732 0.0300687 0.0345786 0.0288286 0.0266684 0.0224378 0.0184439 0.0192104 0.0222568 0.0180796 0.0197301 0.0178868 0.0175793 0.0157571 0.0225498 0.0168153 0.0181837 0.018048 0.0155946 0.0179742 0.015012 0.0193268 0.0184435 0.0209441 0.0116936 0.00286479 1.09057e-05 0 0 0 0 
0 0 0 0 0.000141788 0.00251277 0.0100839 0.0161961 0.0195744 0.0245569 0.0299646 0.0155131 0.0131689 0.0236728 0.0256541 0.0242887 0.0223427 0.0193821 0.0198494 0.0172532 0.0225718 0.019883 0.0247831 0.0218325 0.0274783 0.0175806 0.0163037 0.0135663 0.0175336 0.0221007 0.0207697 0.0188096 0.0249007 0.0185637 0.035222 0.0204943 0.0183248 0.0196092 0.0182035 0.0209175 0.0323918 0.0251322 0.0244342 0.0202551 0.017098 0.0195417 0.0197148 0.0197626 0.0205158 0.0149308 0.0155181 0.017903 0.017044 0.0139257 0.015453 0.0206088 0.0192583 0.0191748 0.0131162 0.0153815 0.010437 0.0113283 0.00881198 0.00295219 0.000219851 0 0 0 0 
0 0 0 2.1363e-05 0.00183654 0.0118372 0.0202729 0.0241275 0.0248514 0.0203141 0.024283 0.0207352 0.0203243 0.0284297 0.0332161 0.0295985 0.0251283 0.0230829 0.0184263 0.0163057 0.0243627 0.0219012 0.0211489 0.021681 0.0271401 0.0156317 0.0162421 0.0135706 0.0124303 0.0210822 0.0257438 0.0266533 0.020868 0.0177794 0.0337727 0.0190327 0.0151279 0.0167957 0.019046 0.0211346 0.0211644 0.0239506 0.0158446 0.0160774 0.0171213 0.0233642 0.0262306 0.0224206 0.0201642 0.0158473 0.0148834 0.0158286 0.0189088 0.0255702 0.0273647 0.0304685 0.0290662 0.0334499 0.0191597 0.0103296 0.00807581 0.00655757 0.00473481 0.0027726 0.000505614 0 0 0 0 
0 0 0 0.000750056 0.0105545 0.021186 0.0163077 0.0118236 0.0131262 0.0166806 0.023184 0.0267375 0.0229591 0.0272976 0.0360866 0.0246064 0.0283489 0.023383 0.019562 0.0143887 0.0203465 0.0233736 0.0216467 0.0216948 0.0196481 0.0141736 0.0162679 0.0181109 0.01658 0.0214792 0.0257975 0.0264207 0.0276981 0.0244605 0.0275665 0.0231737 0.0209962 0.0197606 0.0185244 0.0263007 0.0222333 0.0245541 0.0193991 0.0172213 0.0128345 0.0193469 0.0255828 0.0243692 0.0201349 0.0128609 0.0157293 0.0230225 0.0301133 0.0372966 0.0311818 0.0264441 0.0258767 0.0337687 0.0212421 0.0125355 0.00435898 0.00669652 0.0033061 0.00147264 0.00125004 0.000434819 0 0 0 
0 0 0 0.00258044 0.0111304 0.0103457 0.010411 0.0090288 0.0084811 0.0103926 0.0175677 0.0209369 0.0218732 0.0293444 0.0292594 0.0216938 0.0182618 0.0210511 0.0216445 0.017699 0.0165179 0.0200118 0.0168592 0.0237997 0.0207141 0.0139425 0.0165222 0.0147682 0.0146582 0.0186015 0.0263981 0.0259607 0.0300898 0.0308509 0.0259499 0.0261541 0.0244291 0.0261172 0.0207839 0.0238263 0.0189239 0.0205055 0.0200419 0.0162338 0.0232422 0.0251136 0.0233187 0.0227081 0.0165137 0.0117288 0.015038 0.0240511 0.0275257 0.022125 0.018873 0.0213558 0.0248664 0.0277418 0.0153738 0.011355 0.00290989 0.00345124 0.00502943 0.00533206 0.00557407 0.000802416 0 0 0 
0 0 9.68638e-05 0.00507346 0.00902146 0.00371633 0.00734882 0.00944982 0.0116504 0.00771791 0.0145682 0.0163263 0.0236259 0.0190694 0.018945 0.0177013 0.0163201 0.0210842 0.0196872 0.0172235 0.0164438 0.0201674 0.0198916 0.0178585 0.0130564 0.0143381 0.0120008 0.0141579 0.0149939 0.0140755 0.0139324 0.0238487 0.0320745 0.0290284 0.0304219 0.039315 0.0381518 0.0252494 0.018398 0.0158391 0.0122211 0.0128938 0.0173921 0.0196723 0.0236692 0.0244527 0.0266055 0.0224534 0.0153092 0.0191964 0.0164306 0.0226825 0.0234885 0.0272684 0.0238859 0.0225675 0.0167357 0.0143712 0.0116822 0.0114462 0.00472227 0.00386555 0.00381399 0.00987449 0.00776969 0.00328266 0.000138039 0 0 
0 0 0.00141019 0.00672038 0.00522792 0.00839733 0.00854033 0.00971496 0.0106197 0.00969796 0.0113569 0.00985053 0.015199 0.0132631 0.0145941 0.0194667 0.0226787 0.0200733 0.0189129 0.0172513 0.00937525 0.0121418 0.0144543 0.0134789 0.0127992 0.011126 0.0124451 0.018126 0.0167921 0.0161786 0.0177697 0.019842 0.0275443 0.0232542 0.0242214 0.0304963 0.0310307 0.0264481 0.026079 0.0170846 0.0153641 0.0165759 0.0208672 0.0277208 0.0241152 0.0252801 0.02367 0.025697 0.0173755 0.020629 0.0301819 0.0254322 0.0189744 0.0244309 0.027803 0.0265687 0.0195044 0.0174391 0.0221365 0.0178599 0.00552136 0.00704562 0.0106503 0.0184276 0.0140454 0.00880418 0.00106449 0.0002367 0 
0 0 0.00265706 0.00815338 0.011338 0.0115367 0.00961277 0.0124225 0.0116487 0.0115833 0.0125992 0.0118558 0.0119153 0.0133815 0.0139091 0.0170066 0.0183457 0.0199686 0.0161174 0.0128851 0.00956309 0.0174744 0.0211411 0.021177 0.0120943 0.0136216 0.0155231 0.0161769 0.0200706 0.0238869 0.0223008 0.0190163 0.0218044 0.0245877 0.0226499 0.0305447 0.0336846 0.0265191 0.035098 0.0174454 0.0196832 0.0185376 0.0231823 0.0345183 0.0363458 0.0280526 0.0244528 0.0268952 0.023812 0.0229269 0.0358405 0.0319963 0.0256833 0.0196216 0.0251797 0.0291003 0.0272415 0.0260176 0.0283359 0.0215754 0.0130317 0.0143419 0.0174303 0.0145682 0.00995226 0.00357563 0.00217359 0.00068762 0 
0 0 0.0029391 0.00602127 0.00800379 0.00751386 0.00909063 0.0125977 0.0131931 0.0126131 0.0205247 0.0176579 0.0154526 0.0146542 0.010557 0.0123347 0.0141076 0.0191411 0.019412 0.0127568 0.0148207 0.0239064 0.0270218 0.0262577 0.0177338 0.0170925 0.0227058 0.0192446 0.0179009 0.0215641 0.0272308 0.0254346 0.0203075 0.0235686 0.0260861 0.0329112 0.0253199 0.0283792 0.0307555 0.0198189 0.0177724 0.0130202 0.0215913 0.0351798 0.0371542 0.0212254 0.0264438 0.0266348 0.0290501 0.0303789 0.0274792 0.0308666 0.0232307 0.0165634 0.0187275 0.0235464 0.0274197 0.0184247 0.018433 0.0189282 0.0179212 0.0153134 0.0175397 0.0132984 0.00788723 0.00923286 0.00732987 0.00201482 5.45856e-07 
0 0 0.000729812 0.00452562 0.00548537 0.0107711 0.0166284 0.0179296 0.0193371 0.0181334 0.0154025 0.0181611 0.0175622 0.0147275 0.00831289 0.014815 0.013353 0.016461 0.0152662 0.0214558 0.0192953 0.0207055 0.0224265 0.0273952 0.0226566 0.0210819 0.0259458 0.0220714 0.0173316 0.0232548 0.022448 0.0244916 0.0252741 0.0275923 0.0279913 0.0270178 0.0262523 0.0311051 0.0199301 0.0209537 0.0249093 0.0183626 0.0207855 0.0290936 0.0342089 0.0242802 0.0223345 0.0236529 0.0190998 0.0183741 0.023651 0.0297329 0.0188669 0.0192151 0.0235722 0.0328923 0.0281194 0.020016 0.01644 0.0147936 0.0125473 0.0097524 0.0128917 0.00851888 0.00961353 0.0108128 0.00703156 0.00139705 0.000115186 
0 0 0.000100756 0.00145466 0.00670652 0.0117039 0.0119684 0.0159286 0.0160089 0.0209033 0.0172349 0.0177239 0.0197466 0.0192157 0.015426 0.014558 0.0104155 0.0162907 0.0225138 0.0231191 0.0224126 0.0225358 0.020484 0.0240502 0.0233664 0.0193671 0.0287452 0.0209188 0.0237741 0.0185664 0.0192264 0.0251553 0.0276674 0.0383732 0.0204152 0.0223729 0.0304434 0.0335356 0.0271759 0.0304262 0.0250957 0.0252998 0.0191231 0.0181926 0.0185692 0.0310902 0.0302629 0.0228769 0.0171629 0.0133985 0.0222936 0.0265723 0.0146865 0.0126748 0.0225119 0.0256153 0.0282097 0.016894 0.0159017 0.00955926 0.00802789 0.00627416 0.00528692 0.00916635 0.0100783 0.010658 0.0115013 0.00834219 0.000632441 
0 0 0.0017017 0.00404235 0.011651 0.0124924 0.012762 0.0102005 0.0125031 0.0147186 0.0168212 0.0159146 0.0144322 0.0172042 0.0227595 0.0200267 0.0219202 0.0205188 0.0183723 0.0157475 0.0178207 0.0242396 0.0231141 0.0198708 0.0193864 0.0230501 0.0302606 0.0195797 0.0178934 0.0173597 0.0165127 0.0206318 0.0251215 0.0280247 0.0221309 0.0216849 0.0344012 0.0253132 0.0246332 0.0270777 0.0196735 0.0205541 0.0185526 0.0191783 0.0205875 0.0539322 0.155597 0.0561077 0.0181283 0.0153104 0.0195198 0.0227683 0.0206686 0.0231969 0.0214815 0.0229234 0.0239036 0.0137372 0.013038 0.007926 0.00415209 0.00817933 0.0115217 0.0328103 0.0220239 0.0236929 0.0217551 0.0119596 0.00129865 
0 0 0.000595704 0.00367366 0.0147892 0.0191184 0.0148699 0.0138031 0.0100093 0.013219 0.0128436 0.0179591 0.0145326 0.0144367 0.021325 0.02224 0.0268113 0.0206247 0.0121049 0.0145507 0.0147331 0.0203961 0.0175973 0.0170607 0.0177086 0.0267106 0.0232174 0.0179366 0.0138155 0.0136652 0.0164321 0.0176579 0.0234505 0.0314428 0.0192687 0.0232238 0.025371 0.0343773 0.027092 0.022376 0.0160006 0.0185354 0.0185397 0.0148528 0.0188811 0.0434501 0.145055 0.0595134 0.0135903 0.0181981 0.0218375 0.0161519 0.0239896 0.0225599 0.0154062 0.0137279 0.0146626 0.0137436 0.0181966 0.0131569 0.00461167 0.00905514 0.0163461 0.0617372 0.026905 0.0119992 0.0179881 0.00533177 0.000467731 
0 0 2.53816e-05 0.00229574 0.00798577 0.0169897 0.0130453 0.012292 0.0117724 0.0169756 0.0166742 0.0198518 0.0156421 0.018623 0.0173802 0.0193698 0.0198288 0.019601 0.0172061 0.0132589 0.0170308 0.0218078 0.0216849 0.0236559 0.0306282 0.0242167 0.0209186 0.0137117 0.0119104 0.0120376 0.0145293 0.0159833 0.0169961 0.0270379 0.0262053 0.021398 0.0192809 0.0236889 0.0239377 0.0271699 0.019537 0.0132226 0.00983727 0.0169037 0.0207358 0.0190044 0.0296612 0.0279304 0.0190984 0.018513 0.0204582 0.0160541 0.020206 0.0163885 0.00780384 0.0112475 0.00869748 0.0100254 0.0134683 0.00798525 0.00769187 0.00894403 0.0098268 0.0200826 0.0123496 0.0140782 0.0184107 0.00179592 2.25098e-05 
0 0 0.000492071 0.00186734 0.0103032 0.0241758 0.0133975 0.0117688 0.0159315 0.0233066 0.0177842 0.0147666 0.0197761 0.0187841 0.0194543 0.0148391 0.0162298 0.0146695 0.0156652 0.0154985 0.0168782 0.0134646 0.0282971 0.0533627 0.0305085 0.0164298 0.0183815 0.0150245 0.0112138 0.00921656 0.0152842 0.0148004 0.0160457 0.0243029 0.0363412 0.0271864 0.018051 0.0189584 0.023831 0.0301105 0.0262569 0.0204067 0.017337 0.0176923 0.0126344 0.0105423 0.0169881 0.0217692 0.0161989 0.0176573 0.021902 0.0161919 0.0111187 0.00897327 0.00990187 0.00986007 0.0125059 0.0133011 0.00759573 0.00608505 0.00736094 0.00633285 0.00680155 0.00828349 0.0151724 0.0155929 0.0154766 0.00232105 0 
0 3.83969e-05 0.000511765 0.00196503 0.00811828 0.0147627 0.0155951 0.0110204 0.0120305 0.0174133 0.0119765 0.0153137 0.0227112 0.0177987 0.0176326 0.0184212 0.0189632 0.0180864 0.0193163 0.0169099 0.0146704 0.0129044 0.0324005 0.0708601 0.0336284 0.0190302 0.0199791 0.014707 0.00856898 0.0119788 0.014522 0.0170929 0.0184945 0.01984 0.0219279 0.0220816 0.0200613 0.0167898 0.0197007 0.0260716 0.0248633 0.0272402 0.0164292 0.0223831 0.0150083 0.0185955 0.0209007 0.0197098 0.0256038 0.0196924 0.0181342 0.00993024 0.00531754 0.00909302 0.0118551 0.0147623 0.00867189 0.00880849 0.00752446 0.00647957 0.0107241 0.0170098 0.0188584 0.0148869 0.0201302 0.017822 0.00979032 0.00144364 0 
0 0.000625997 0.00491277 0.00812625 0.00722758 0.0117996 0.0157668 0.0134898 0.0158444 0.0132398 0.00785044 0.00955713 0.0149309 0.0133889 0.0136098 0.0183472 0.0178784 0.0178375 0.0199091 0.0185053 0.0212763 0.0173529 0.0187076 0.0275543 0.0183911 0.0195642 0.0177485 0.0167885 0.0151755 0.0136788 0.0141786 0.0246296 0.0264145 0.0281045 0.0272866 0.0259347 0.0189635 0.0227998 0.0206988 0.0327099 0.0281065 0.02272 0.0185177 0.0163251 0.01979 0.0175284 0.0153205 0.0177525 0.0247922 0.021221 0.0139634 0.00290281 0.00405075 0.0110901 0.0155116 0.0163001 0.0110415 0.00768736 0.010172 0.0183196 0.0287409 0.0302267 0.0245009 0.0128294 0.0210776 0.0170516 0.00413258 0.000783757 2.97395e-07 
0 0.00272027 0.0125908 0.015119 0.0128041 0.0106889 0.0148182 0.0145148 0.0119004 0.00649106 0.0113126 0.00891752 0.00845605 0.011368 0.0152417 0.0169877 0.0179688 0.0152575 0.0150575 0.0166833 0.0168447 0.0218576 0.0167811 0.0205227 0.0228639 0.0202286 0.0168002 0.0181736 0.016975 0.0224223 0.0193978 0.0201136 0.0232092 0.0219608 0.0212888 0.0262713 0.0246555 0.0274862 0.0254368 0.0433395 0.0269581 0.0274019 0.0305278 0.0284722 0.0249997 0.0241846 0.016547 0.016939 0.0185231 0.0151919 0.0107348 0.00229312 0.00323815 0.00347475 0.0128118 0.022917 0.0157249 0.0137276 0.0190948 0.0312059 0.0463592 0.0319244 0.023336 0.0168564 0.0200635 0.00668969 0.0332331 0.0312512 0.00259389 
0 0.00224778 0.0131656 0.0161932 0.0139405 0.00958828 0.0112943 0.0113699 0.00581151 0.00556257 0.0113245 0.00986224 0.0128623 0.0154575 0.0195489 0.0201769 0.0179494 0.0164403 0.0117493 0.020223 0.0204374 0.0202413 0.019775 0.0199009 0.0249045 0.0231306 0.0188169 0.0223372 0.0219931 0.0269085 0.0223718 0.0198923 0.0239121 0.0181976 0.0146061 0.026722 0.0218618 0.0278658 0.0326536 0.045593 0.0327476 0.0342463 0.0361916 0.0360386 0.030858 0.0255738 0.0207504 0.0222412 0.0216219 0.0238075 0.0207199 0.010631 0.00567438 0.00604216 0.0112588 0.0142304 0.0177597 0.0180183 0.0149321 0.0179393 0.0273815 0.0252388 0.0207816 0.0153896 0.00710671 0.00640509 0.0449954 0.0488969 0.00662117 
0.000125678 0.00367797 0.0112271 0.00865543 0.0120388 0.011498 0.0114083 0.0110121 0.00819502 0.00478003 0.0103608 0.0116651 0.0195665 0.0241044 0.0187824 0.0237067 0.0189453 0.0153355 0.013288 0.0141732 0.0189376 0.0190984 0.0198854 0.01885 0.0244583 0.0226215 0.0190455 0.018899 0.0219259 0.021113 0.0198998 0.021065 0.0282072 0.0283644 0.0409409 0.0485649 0.0256742 0.0285316 0.0311812 0.0336203 0.0266769 0.0410087 0.0490049 0.0472347 0.0316898 0.0292455 0.0250334 0.0295638 0.0287891 0.0218913 0.017814 0.0132178 0.00931857 0.0129536 0.0156179 0.0158669 0.0186397 0.0150583 0.0151669 0.0178047 0.0194544 0.0196556 0.0177802 0.0192706 0.00771862 0.00403777 0.0223541 0.0302773 0.00860378 
0.000350785 0.00259427 0.00926003 0.0101007 0.0104187 0.0148068 0.0137285 0.00959824 0.0103322 0.00588544 0.00923482 0.00990598 0.0219932 0.0203491 0.0153254 0.0207763 0.0212863 0.0163831 0.0109186 0.0106731 0.0150503 0.0146669 0.0195901 0.0196195 0.0256013 0.0241855 0.0183211 0.0246604 0.0257855 0.0234129 0.0188561 0.0186421 0.0235109 0.0257798 0.0533124 0.0421966 0.0247634 0.0260291 0.0272247 0.0304926 0.0316459 0.041873 0.0554032 0.0409294 0.0308724 0.0361133 0.0336033 0.0334104 0.029424 0.0188757 0.0211602 0.0188401 0.0153225 0.0205638 0.0189471 0.0146883 0.017347 0.0165708 0.0178659 0.0171651 0.0179547 0.01811 0.016649 0.0192456 0.0173515 0.0120094 0.00692347 0.00580096 0.00282395 
3.53422e-05 0.00226725 0.0091925 0.012128 0.0104427 0.0110167 0.0151443 0.0168574 0.012125 0.00943397 0.0124047 0.0109997 0.0139153 0.00910528 0.0119967 0.0199823 0.0216084 0.0183707 0.0113674 0.0124627 0.0120668 0.0120009 0.0139 0.012195 0.0151398 0.0190219 0.0182743 0.0185435 0.0209278 0.0213687 0.0235525 0.016296 0.0180857 0.0242262 0.0389506 0.0204277 0.0156108 0.0205857 0.0260009 0.0290353 0.0414467 0.0493756 0.0401628 0.0372648 0.0280572 0.0272694 0.0285999 0.0365075 0.0382928 0.031527 0.0249772 0.0290854 0.0264269 0.0248995 0.0211873 0.0204441 0.0241428 0.0165169 0.0146208 0.0151655 0.0122006 0.0168811 0.0169795 0.0167385 0.0180008 0.0182557 0.00728892 0.0051906 0.00183965 
1.67169e-06 0.00162648 0.00984822 0.0140145 0.0115969 0.0117243 0.0132762 0.0205097 0.0104846 0.0113563 0.0132344 0.00954332 0.00137289 0.00554183 0.0151618 0.0230137 0.0198792 0.0209655 0.0191246 0.0209764 0.015786 0.0150862 0.0105543 0.0137124 0.0205371 0.0253135 0.0145687 0.0130689 0.0208226 0.0233157 0.0258016 0.0220923 0.0116297 0.022131 0.0447364 0.056949 0.0460206 0.0226615 0.0252358 0.0323737 0.0432523 0.0406822 0.0207235 0.0254399 0.0259187 0.0250084 0.0223513 0.0291025 0.0459288 0.0421132 0.0256023 0.0303109 0.0216825 0.0220586 0.0217807 0.0235091 0.0226515 0.0137687 0.0131706 0.0139391 0.0140693 0.0155857 0.0177553 0.0238029 0.0213264 0.0134137 0.0109586 0.00914908 0.00155524 
0 0.000200919 0.00423126 0.00867455 0.0124731 0.0125343 0.0110309 0.0128119 0.00928091 0.0119786 0.0135764 0.00820625 0.008892 0.0133708 0.0203042 0.0222215 0.0186855 0.0137168 0.017026 0.0257446 0.0229238 0.0144475 0.0176725 0.0130143 0.0159623 0.0158181 0.0193415 0.0191808 0.0222447 0.0233787 0.0295551 0.0265963 0.0183182 0.0207595 0.0500306 0.097517 0.0702266 0.0432811 0.0237998 0.0238646 0.0246699 0.0277525 0.0336103 0.0309275 0.0321212 0.0319096 0.0292199 0.0280837 0.0470517 0.052195 0.0433688 0.0302089 0.0306912 0.0258857 0.0246353 0.0267083 0.0292981 0.0190876 0.0134768 0.0132441 0.0168824 0.012969 0.0154747 0.0180203 0.0148237 0.0138301 0.0132108 0.00396006 0.000496862 
0 0.00028197 0.00488772 0.00659679 0.0197817 0.0190611 0.0163833 0.0102662 0.00694537 0.00923003 0.00900683 0.00998325 0.0170033 0.0251538 0.0252027 0.025856 0.0287734 0.0247066 0.0221124 0.028249 0.0269899 0.019598 0.0190929 0.0144605 0.0144179 0.00988878 0.0113808 0.0119218 0.0178528 0.0217756 0.0311178 0.0232901 0.0217666 0.0183607 0.025724 0.0452372 0.0366688 0.0454714 0.0488795 0.0324074 0.0213495 0.0303183 0.0329269 0.0278262 0.0240183 0.0260864 0.0282683 0.0337385 0.0328794 0.0344128 0.0390307 0.0294939 0.0404102 0.0343663 0.0198685 0.0366837 0.0427562 0.0212129 0.0130076 0.0142458 0.0187166 0.0202427 0.0161927 0.017453 0.0150359 0.0169521 0.0106134 0.00238451 2.53748e-05 
0 0.00290196 0.0142094 0.00637881 0.0120634 0.0202001 0.0184595 0.00936195 0.00715421 0.00795287 0.015073 0.0176496 0.0225424 0.0208015 0.0248961 0.0244441 0.0248299 0.0224167 0.0205159 0.0227487 0.0218933 0.0280461 0.0268757 0.0190583 0.0178438 0.0128519 0.0162121 0.0150783 0.0145832 0.0199198 0.0221593 0.0226638 0.0172704 0.0152817 0.016972 0.0160219 0.0219832 0.0274076 0.0347361 0.0400529 0.0252155 0.0331548 0.0293624 0.0235331 0.0305488 0.027915 0.0274267 0.0248649 0.02583 0.0258713 0.0238874 0.0253246 0.0303337 0.024207 0.0225515 0.0235912 0.0280176 0.0186573 0.0160578 0.022322 0.0225671 0.0241471 0.0223427 0.0239503 0.0196167 0.0149505 0.00578858 0.0017842 2.6515e-06 
0 0.000519106 0.00239083 0.0011347 0.00604845 0.0155807 0.0119819 0.00678932 0.00384124 0.00941128 0.0194233 0.0219819 0.0228615 0.0233416 0.0232432 0.0226144 0.0290683 0.026166 0.0240843 0.0312597 0.0274936 0.0284522 0.0353537 0.0238 0.0208534 0.0205598 0.0233939 0.0221793 0.0264762 0.0256779 0.0213162 0.0201054 0.0192406 0.019011 0.0142483 0.0198665 0.0228516 0.0211234 0.0241297 0.0402397 0.0282186 0.0316611 0.0277721 0.0259358 0.0331439 0.0310623 0.0222131 0.0232362 0.0292457 0.0268063 0.0218126 0.0272549 0.0303381 0.0331281 0.0266052 0.0239055 0.0265743 0.0172833 0.0216479 0.0221798 0.0216422 0.0267416 0.0230837 0.020363 0.0215542 0.0136291 0.00681439 0.00112359 1.26239e-06 
0 0 0 4.12801e-05 0.00367672 0.00920478 0.00778708 0.0044683 0.00778333 0.0139887 0.0208724 0.0192404 0.0218959 0.0338844 0.0361397 0.0322539 0.0323853 0.0215079 0.0210939 0.0303095 0.0330671 0.0290541 0.0272481 0.0233862 0.0259296 0.0181193 0.0161465 0.019066 0.0287833 0.0214543 0.0195955 0.0182737 0.0192388 0.0145193 0.0178082 0.0198559 0.0163095 0.0191912 0.0207421 0.0278517 0.0177937 0.0248692 0.0361776 0.0354811 0.04279 0.0325763 0.0210914 0.0224484 0.0158819 0.024279 0.021127 0.0162093 0.0294959 0.0290521 0.0248546 0.0197473 0.0194255 0.0177474 0.0162147 0.0180033 0.0145374 0.0193225 0.0218828 0.0195696 0.0263149 0.0142731 0.003654 0.000478948 0 
0 0 0 5.91404e-05 0.00275457 0.00614507 0.0072995 0.00633604 0.00736474 0.0129232 0.0257247 0.0325344 0.0395806 0.0264993 0.0262297 0.0301623 0.0298205 0.0258198 0.0189043 0.0260515 0.0283071 0.0251325 0.0225341 0.0184651 0.0205636 0.0195498 0.0167439 0.0214492 0.0234664 0.0219526 0.0209787 0.0199125 0.021658 0.0169622 0.0195858 0.019823 0.0180826 0.0176637 0.0151096 0.0180874 0.0208307 0.0316015 0.0277112 0.0300482 0.0298973 0.0210637 0.0219978 0.0219736 0.0193286 0.0265851 0.0249006 0.0286996 0.0291968 0.0218358 0.0277491 0.0246619 0.0236148 0.0198291 0.0157952 0.0134342 0.0136085 0.0131505 0.0167816 0.0244258 0.0249832 0.0168067 0.00434866 0.000193934 0 
0 0 0 0.000786756 0.00517423 0.00954062 0.00858464 0.00823331 0.00739655 0.0110778 0.0221346 0.0357853 0.0374898 0.0215117 0.0246413 0.0186475 0.016744 0.0266013 0.0250551 0.0242651 0.0253912 0.0356245 0.0234374 0.0183388 0.0199491 0.0220927 0.0215565 0.0213822 0.0282723 0.0348583 0.0212438 0.0214409 0.024907 0.0289697 0.0326177 0.0346407 0.0305521 0.0283802 0.0289284 0.0252569 0.0335908 0.0341502 0.0417151 0.0289836 0.0197143 0.0158325 0.0194025 0.018396 0.0180746 0.0250206 0.0275826 0.0298393 0.0205129 0.0137575 0.0169839 0.018344 0.0195855 0.0264425 0.0201343 0.0143718 0.0132359 0.0118718 0.0156688 0.018927 0.0199489 0.0144441 0.00480729 2.65008e-05 0 
0 0 0 0.00169409 0.00860848 0.0118839 0.0115469 0.00534266 0.00964535 0.0130407 0.0138829 0.0229209 0.0263222 0.0174916 0.0188798 0.0135491 0.0128702 0.0214062 0.0268765 0.0252721 0.0308596 0.0276141 0.0223676 0.0184607 0.0171152 0.0210921 0.0222727 0.0234037 0.0201599 0.0336812 0.0467099 0.0438898 0.0398409 0.0492757 0.0477124 0.058196 0.0547682 0.0365172 0.0477883 0.0622573 0.0383183 0.0296998 0.0361322 0.025056 0.0136912 0.0146297 0.0169445 0.0230927 0.0217344 0.0267001 0.0363821 0.02216 0.0205922 0.0223774 0.0270968 0.0226611 0.017864 0.0208859 0.0253626 0.023149 0.0158879 0.00923941 0.0121568 0.0140777 0.0154498 0.00958618 0.00131758 2.46491e-05 0 
0 0 0 0.00132613 0.00770928 0.0104525 0.00675056 0.00264964 0.00395276 0.00634532 0.00869989 0.0151179 0.0227437 0.0267482 0.0158525 0.0151766 0.010584 0.0122609 0.0207449 0.0315983 0.0327767 0.0301647 0.0201142 0.0237869 0.0182253 0.0271154 0.0155304 0.019507 0.0182295 0.0296519 0.0435732 0.0473554 0.0499564 0.0559214 0.0515242 0.055296 0.0522439 0.0328034 0.0379449 0.0633913 0.0570694 0.0327491 0.0239412 0.0195856 0.0189623 0.0268301 0.0216974 0.0226898 0.0227407 0.024245 0.0272637 0.0177291 0.0308225 0.0242481 0.0179543 0.0242961 0.0282337 0.026738 0.0307393 0.0263222 0.0160277 0.0104732 0.0152456 0.0125322 0.00969088 0.00428603 0.000286042 0 0 
0 0 0 0.000216518 0.00217231 0.00700528 0.00463012 0.0102196 0.013934 0.00787272 0.00725303 0.0129211 0.0200179 0.0280492 0.0218111 0.0164529 0.0132857 0.0138392 0.0171937 0.0205709 0.0288698 0.0258143 0.0165397 0.0177203 0.0270752 0.0462814 0.0202256 0.018379 0.0202379 0.0241348 0.0195894 0.0264907 0.0243684 0.0198268 0.0286847 0.0410002 0.033919 0.026911 0.0316722 0.0337551 0.0269748 0.0236022 0.0212553 0.0221405 0.0188971 0.0262595 0.0191154 0.0267681 0.0276167 0.022336 0.0272249 0.022715 0.0226869 0.0211269 0.0224942 0.0301522 0.0380389 0.0320344 0.0329455 0.0299112 0.0159285 0.0168963 0.02186 0.0114317 0.00489062 0.00141968 0 0 0 
0 0 0 0 0.000232395 0.00196038 0.00398437 0.0300022 0.0394299 0.0103133 0.00880765 0.0154769 0.0200093 0.0201485 0.0180064 0.0213765 0.0329764 0.0242827 0.0189476 0.020856 0.0233538 0.023577 0.023408 0.0223881 0.0354483 0.0510097 0.0394638 0.0199331 0.0192 0.0230231 0.0259959 0.0220058 0.0224219 0.0217392 0.0276925 0.0299868 0.0261374 0.0222694 0.0208056 0.0233218 0.0216545 0.0251287 0.0230687 0.0262546 0.0222799 0.0246557 0.0234924 0.0253066 0.0212893 0.0183525 0.0194597 0.0227406 0.0211694 0.0202499 0.02208 0.0255774 0.0389299 0.0338047 0.0270769 0.0298814 0.0191173 0.0168678 0.018503 0.0102689 0.00296727 0.00046925 0 0 0 
0 0 0 0 0 1.68889e-05 0.000625411 0.0048841 0.0113274 0.0059657 0.00639501 0.0103165 0.024837 0.0292349 0.023653 0.0215783 0.0233446 0.0214058 0.0151053 0.017388 0.0261261 0.0228315 0.0139232 0.00691196 0.0125671 0.027338 0.0293708 0.0238352 0.0280147 0.0197188 0.0247323 0.0269223 0.0277777 0.0406903 0.0327662 0.0234993 0.018269 0.0217956 0.0265678 0.0353855 0.0329856 0.0243734 0.0321536 0.027757 0.0358988 0.0215201 0.0220187 0.0237701 0.0181329 0.0158632 0.0223573 0.0179338 0.0175773 0.0160248 0.0188793 0.0188466 0.0264775 0.028368 0.0238294 0.0183919 0.0177579 0.0184442 0.0135151 0.00702345 0.001758 0 0 0 0 
0 0 0 0 0 0 4.97955e-05 0.00116213 0.00197003 0.00435106 0.00401664 0.00463361 0.017021 0.0272132 0.0332441 0.024226 0.0146584 0.0137765 0.0172925 0.0223496 0.0226206 0.0166177 0.0151004 0.0104847 0.0042564 0.00902574 0.0121928 0.0162168 0.014778 0.0212491 0.0382495 0.0335394 0.0297317 0.0322128 0.0254776 0.0214161 0.0175749 0.0166559 0.0246167 0.0362701 0.0519771 0.0309713 0.0358254 0.0268445 0.0277947 0.0188743 0.0225201 0.0206523 0.0202468 0.0230625 0.0207656 0.0175301 0.0175417 0.0170487 0.0165665 0.0189692 0.0199752 0.0187879 0.0200231 0.0241262 0.0207948 0.0189374 0.0135485 0.00546654 0.000944747 0 0 0 0 
0 0 0 0 0 0 0 0.000579187 0.00239962 0.00311135 0.00106964 0.00721493 0.0215378 0.0369148 0.0348479 0.0191289 0.0104218 0.0124772 0.0172275 0.0221526 0.0270683 0.0196422 0.0174347 0.0136936 0.00576608 0.00325743 0.00642907 0.0102554 0.0151253 0.0217789 0.0277465 0.0239121 0.02228 0.0164865 0.0137355 0.0160953 0.0164355 0.0184923 0.0228658 0.0315879 0.0754878 0.0420847 0.0361769 0.030438 0.0233764 0.0220439 0.0242499 0.0145393 0.0202212 0.0301186 0.0234332 0.0145524 0.0143235 0.016566 0.0184701 0.0222955 0.0303599 0.0260038 0.0311619 0.0291048 0.0157646 0.00924907 0.00822669 0.00161392 0.00010172 0 0 0 0 
0 0 0 0 0 0 0 0 0.000309007 0.000100351 0.000894394 0.00493577 0.0178703 0.0333522 0.0275325 0.0218707 0.00744764 0.0122188 0.0196549 0.0241438 0.0190384 0.0345767 0.0350213 0.0125044 0.00431464 0.00194483 0.00407595 0.00884923 0.0255902 0.0241938 0.0209365 0.0217524 0.0166882 0.0125639 0.0147218 0.017359 0.0209024 0.0231459 0.0229885 0.0305547 0.0399045 0.0283553 0.0253296 0.0178599 0.0183387 0.0202835 0.0233396 0.0160377 0.0163504 0.018485 0.0266691 0.0228663 0.0113823 0.0162806 0.0153363 0.0194604 0.0299064 0.022786 0.0257403 0.0237542 0.00751357 0.00516277 0.00203373 9.59627e-05 0 0 0 0 0 
0 0 0 0 0 0 0 0 0 0.00036213 0.00367417 0.0110572 0.0121396 0.0186952 0.0246933 0.0178092 0.00687808 0.0163586 0.017941 0.0163532 0.016885 0.0362183 0.0276143 0.00486332 0.00380873 0.00341324 0.00310627 0.00531271 0.0154732 0.0160304 0.0167742 0.0166899 0.0172101 0.0248276 0.0257208 0.022288 0.0191429 0.0219812 0.0248969 0.0366908 0.0296348 0.0250285 0.0235879 0.0207271 0.0208433 0.0202912 0.0243639 0.019776 0.018829 0.0187245 0.030468 0.0250437 0.0170113 0.0167485 0.0113004 0.0178872 0.0243097 0.0203105 0.0144176 0.0148558 0.00265494 0.000979034 0 0 0 0 0 0 0 
0 0 0 0 0 0 0 0 4.53815e-06 0.00238426 0.00824649 0.0167484 0.0182556 0.0170264 0.0169581 0.013535 0.00841561 0.0147874 0.0173485 0.0152579 0.0164772 0.0190252 0.012827 0.00603592 0.00262112 0.00225438 0.0103352 0.0192162 0.0162985 0.0167422 0.0191497 0.0187126 0.024811 0.0295543 0.0311925 0.023686 0.0212113 0.0201 0.0181738 0.0240663 0.023816 0.0220952 0.0237442 0.0236773 0.0335634 0.0163248 0.0217504 0.0221337 0.0213874 0.0208669 0.0147541 0.0173546 0.0169472 0.015087 0.0124944 0.0104035 0.0119986 0.0119433 0.00624215 0.00342111 0.000324415 6.69926e-05 0 0 0 0 0 0 0 
0 0 0 0 0 0 0 0 2.8854e-06 0.00140067 0.00742267 0.022189 0.0209786 0.0153685 0.0127783 0.0109837 0.0112546 0.0167053 0.0135172 0.010735 0.0143815 0.0105929 0.00873893 0.00794417 0.00471724 0.00397979 0.0224466 0.0354165 0.0246566 0.0120514 0.00521703 0.00606064 0.00979983 0.0233993 0.0283057 0.0220525 0.0178983 0.0220595 0.0237482 0.0207514 0.028532 0.0256962 0.0251623 0.0245286 0.0210259 0.0146564 0.0258001 0.0520187 0.0411334 0.0302431 0.0275524 0.0204798 0.0167683 0.00818728 0.0109655 0.00495048 0.0033646 0.00341274 0.00297118 0.000807603 6.19754e-05 0 0 0 0 0 0 0 0 
0 0 0 0 0 0 0 0 0 0.00022789 0.00709407 0.0211754 0.0237366 0.018774 0.0151242 0.00915558 0.0157021 0.0175586 0.00883294 0.00575455 0.00883917 0.0132035 0.0154545 0.0101051 0.00754384 0.00378309 0.0212519 0.0457223 0.0301252 0.0120651 0.00325851 0.00144587 0.00397526 0.0154763 0.0258571 0.0235519 0.0212143 0.0240362 0.0253613 0.0227719 0.0317009 0.0346337 0.0333761 0.0331826 0.0302658 0.0220153 0.0259584 0.0400795 0.0406987 0.0267689 0.0315248 0.0257243 0.0149175 0.0143567 0.0137714 0.00883209 0.00515078 0.00795635 0.00616207 0.000144596 0 0 0 0 0 0 0 0 0 
0 0 0 0 0 0 0 0 0 8.87247e-07 0.0011581 0.00568427 0.0173816 0.0152901 0.0135764 0.00956313 0.0140789 0.0207912 0.0107667 0.00709567 0.0136913 0.0378851 0.0373458 0.0136578 0.00919492 0.00497363 0.0105563 0.0210474 0.0269807 0.0153692 0.00442289 0.000594976 0.00109433 0.00613119 0.0150642 0.0267725 0.0284547 0.0191635 0.0221958 0.024765 0.0354412 0.0571733 0.0425361 0.0264464 0.0204926 0.0240061 0.0229732 0.026565 0.0256563 0.0323228 0.025463 0.022724 0.0138306 0.0195816 0.0244758 0.0133447 0.0101537 0.0136393 0.0110094 1.75403e-06 0 0 0 0 0 0 0 0 0 
0 0 0 0 0 0 0 0 0 0 0 0.000368829 0.00304566 0.00195104 0.00486092 0.00827826 0.0116526 0.0140493 0.0172439 0.012261 0.0133712 0.0330727 0.0337243 0.0138268 0.0106919 0.0110452 0.00713112 0.0139194 0.0212423 0.0142313 0.00101396 4.16253e-06 0 0.00162173 0.0105016 0.0230337 0.0233831 0.0240876 0.0207895 0.0173522 0.0290458 0.0367414 0.0369535 0.0278251 0.0220987 0.0221222 0.0182634 0.0147692 0.019731 0.0217445 0.0219943 0.0259211 0.0174839 0.0156663 0.0114538 0.00903029 0.00576869 0.00402444 0.000532978 0 0 0 0 0 0 0 0 0 0 
0 0 0 0 0 0 0 0 0 0 0 0 1.60195e-05 9.03317e-06 0.00105818 0.00789262 0.00886426 0.0104121 0.0173716 0.0153955 0.020064 0.0285571 0.0284868 0.0127629 0.00911497 0.0125935 0.00668102 0.0193434 0.0228853 0.00639616 0.000497611 0 0.000318997 0.0014351 0.00715656 0.017242 0.0143641 0.0209419 0.023387 0.0189154 0.0217374 0.0256885 0.0312051 0.0236917 0.0258793 0.0278156 0.0312872 0.0210736 0.0196446 0.0284744 0.0278552 0.0298931 0.0227094 0.0146581 0.0131429 0.00482123 0.00189061 0.000132281 0 0 0 0 0 0 0 0 0 0 0 
0 0 0 0 0 0 0 0 0 0 0 0 0 0 0.000208339 0.00332847 0.0116139 0.00685844 0.00464293 0.0072873 0.0168672 0.0213538 0.0170095 0.0107309 0.00745723 0.0119455 0.00776859 0.0122511 0.0239393 0.00553611 0.000220983 7.96799e-05 0.00168241 0.00786807 0.00822657 0.00750921 0.0131989 0.0187591 0.021411 0.0208349 0.0242799 0.0245637 0.0224463 0.0203722 0.0256315 0.0281595 0.0287176 0.0215814 0.027442 0.0250826 0.0258976 0.01665 0.0101997 0.0086176 0.00457728 0.000744544 2.20858e-06 0 0 0 0 0 0 0 0 0 0 0 0 
0 0 0 0 0 0 0 0 0 0 0 0 0 0 0 0.000519454 0.00429933 0.00351108 0.000917118 0.000903399 0.0039847 0.00892023 0.0117801 0.0166647 0.0106821 0.0092472 0.010861 0.012212 0.0156897 0.00480657 0.000472835 0.00120857 0.00776814 0.0144726 0.0167834 0.0154796 0.0194451 0.0218055 0.0229179 0.0273946 0.0285332 0.0239142 0.0120851 0.00688122 0.0117185 0.0128449 0.0185538 0.0273299 0.0242845 0.0189252 0.0113248 0.00323517 0.00390614 0.00087763 0.000371922 0 0 0 0 0 0 0 0 0 0 0 0 0 0 
0 0 0 0 0 0 0 0 0 0 0 0 0 0 0 0 4.44768e-05 0.000143582 0 0 0.00040147 0.00173211 0.00811256 0.0105646 0.0147702 0.0199775 0.0133571 0.0122958 0.0211811 0.0202917 0.00583951 0.00201686 0.0112927 0.0177561 0.0227104 0.0336506 0.0330171 0.0268594 0.0213368 0.0237288 0.0353037 0.0182337 0.00519673 0.00682924 0.0176817 0.0167849 0.0248867 0.0246782 0.0138511 0.00384441 0.000637071 0.00021306 0.000153178 0 0 0 0 0 0 0 0 0 0 0 0 0 0 0 0 
0 0 0 0 0 0 0 0 0 0 0 0 0 0 0 0 0 0 0 0 0 0.000862981 0.00318732 0.00769042 0.0214829 0.027007 0.0191925 0.0137959 0.0217569 0.0334267 0.0176806 0.00329654 0.0101314 0.0194095 0.0238477 0.0359521 0.0330875 0.0212753 0.0233959 0.0271713 0.0297309 0.0103319 0.00527657 0.0110213 0.0310765 0.0271008 0.0158487 0.0065562 0.00272401 0.00031045 5.58522e-05 0 0 0 0 0 0 0 0 0 0 0 0 0 0 0 0 0 0 
0 0 0 0 0 0 0 0 0 0 0 0 0 0 0 0 0 0 0 0 0 0.000270813 0.0013397 0.00301452 0.0110659 0.0309464 0.0236916 0.00574978 0.0179797 0.0363796 0.0192968 0.00478667 0.00411057 0.0125937 0.0245612 0.0262191 0.0235509 0.0163101 0.0189292 0.0144019 0.00656601 0.00126509 0.000469667 0.00306074 0.00732373 0.00689095 0.00355789 0.000368192 0 0 0 0 0 0 0 0 0 0 0 0 0 0 0 0 0 0 0 0 0 
0 0 0 0 0 0 0 0 0 0 0 0 0 0 0 0 0 0 0 0 0 0 7.02329e-05 0.000206401 0.00051885 0.00679149 0.00462702 0.00420327 0.00718444 0.0149525 0.01279 0.0015401 0.00186969 0.00335579 0.0106064 0.00775364 0.00443076 0.013875 0.0173025 0.00461228 0.000656873 2.81497e-05 0 5.73798e-05 0.00122804 0.000789025 7.47159e-05 0 0 0 0 0 0 0 0 0 0 0 0 0 0 0 0 0 0 0 0 0 0 
0 0 0 0 0 0 0 0 0 0 0 0 0 0 0 0 0 0 0 0 0 0 0 0 0 0 0 0.000395572 0.00170719 0.00249115 0.00152177 3.97613e-06 8.45707e-05 0.000196268 0.000257747 9.74662e-05 0.000615394 0.00180459 0.00488436 0.000724744 5.53013e-05 0 0 0 0 0 0 0 0 0 0 0 0 0 0 0 0 0 0 0 0 0 0 0 0 0 0 0 0 

