0 0 0 0 0 0 0 0 0 0 0 0 0 0 0 0 0 0 0 0 0 0 0 0 0 0 0 0 0 0 0 3.2183e-05 3.14008e-05 0.000434426 0.000333667 0.000140046 0 0 0 0 0 0 0 0 0 0 0 0 0 0 0 0 0 0 0 0 0 0 0 0 0 0 0 0 0 0 0 0 0 
0 0 0 0 0 0 0 0 0 0 0 0 0 0 0 0 0 0 0 0 0 0 0 0 0 0 0 0 7.11167e-05 0.000392555 0.00183406 0.00334612 0.00359453 0.0039088 0.00771085 0.0048763 0.00472119 0.00279994 0.00621389 0.0025697 0.0022834 0.00361311 0.000567844 0 0 0 0 0 0 0 0 0 0 0 0 0 0 0 0 0 0 0 0 0 0 0 0 0 0 
0 0 0 0 0 0 0 0 0 0 0 0 0 0 0 0 0 0 0 0 0 0 0 0 7.34773e-05 0.000421961 0.0001362 0.0004705 0.00207586 0.00292247 0.00673352 0.00858126 0.0106957 0.00859203 0.0123916 0.0100792 0.0160636 0.00934442 0.0134849 0.0119142 0.0167788 0.0172211 0.00573581 0.000679029 0.00143791 0.00135381 0.000558432 0 0 0 0 0 0 0 0 0 0 0 0 0 0 0 0 0 0 0 0 0 0 
0 0 0 0 0 0 0 0 0 0 0 0 0 0 0 0 0 0 0 0 0 0 0.000193345 0.00123748 0.00033774 0.000588226 0.00499842 0.0073912 0.00557128 0.00893324 0.0120286 0.0122822 0.0132984 0.0141127 0.0188619 0.0162402 0.0202175 0.0169756 0.0165746 0.0121535 0.0152536 0.0179759 0.0106894 0.00301692 0.0046905 0.013735 0.0118243 0.00557262 0.00144429 0.000314026 0 0 0 0 0 0 0 0 0 0 0 0 0 0 0 0 0 0 0 
0 0 0 0 0 0 0 0 0 0 0 0 0 0 0 0 0 0 7.73554e-06 0.00018491 8.14106e-05 0.00211536 0.00457311 0.00491778 0.00403975 0.00150038 0.0024942 0.00860798 0.0152573 0.0180551 0.0164489 0.015902 0.0179347 0.0196763 0.0190536 0.0176715 0.0118481 0.0123252 0.0174405 0.0143215 0.0143799 0.0187857 0.0230121 0.0127789 0.0105615 0.0137193 0.0177756 0.0143168 0.00772323 0.00174934 0.000126241 0 0 0 0 0 0 0 0 0 0 0 0 0 0 0 0 0 0 
0 0 0 0 0 0 0 0 0 0 0 0 0 0 0 0 0.000220204 0.0024648 0.00436103 0.00326386 0.00453395 0.00963231 0.0163143 0.0128898 0.0101115 0.0121738 0.00891633 0.0086317 0.01265 0.0160261 0.0207536 0.0187746 0.0143258 0.0165727 0.0213976 0.0159789 0.0144197 0.0104539 0.00718916 0.0131389 0.0161952 0.0134347 0.013038 0.010511 0.00799792 0.0107675 0.0164493 0.017672 0.0127916 0.00578946 0.000384298 0 0 0 0 0 0 0 0 0 0 0 0 0 0 0 0 0 0 
0 0 0 0 0 0 0 0 0 0 0 0 0 0 0 0.00267497 0.0205789 0.0206197 0.0108655 0.00841706 0.0106694 0.0142218 0.0160448 0.0228124 0.0167195 0.0131458 0.0179254 0.0200064 0.0180588 0.0191662 0.0256837 0.0155578 0.0153656 0.0155456 0.0204096 0.0154449 0.0152458 0.0117472 0.00803081 0.018899 0.0169793 0.0126581 0.0135443 0.0111516 0.0115025 0.0174538 0.016866 0.0191247 0.0169921 0.00804974 0.00235475 0.000322778 5.13788e-05 0.0018517 0.000583061 3.10674e-07 0 0 0 0 0 0 0 0 0 0 0 0 0 
0 0 0 0 0 0 0 0 0 0 0 0 0 0 6.07782e-05 0.0193016 0.0604695 0.0389528 0.00903994 0.00627717 0.0106038 0.0216917 0.0206825 0.0247019 0.0169753 0.012516 0.0132868 0.0172996 0.0156448 0.0198637 0.0215109 0.0144359 0.014632 0.023157 0.0174826 0.0152348 0.0145587 0.0195434 0.0296655 0.0268921 0.0264626 0.020371 0.0130107 0.0151514 0.0202911 0.0175706 0.0170628 0.0186415 0.022646 0.0123467 0.00585955 0.0040893 0.00177398 0.0110137 0.00703526 0.00055654 8.6581e-05 0 0 0 0 0 0 0 0 0 0 0 0 
0 0 0 0 0 0 0 0 0 0 0 0 0 0 4.07102e-05 0.00803533 0.023408 0.0151706 0.00223583 0.000430675 0.000761 0.00859186 0.00841415 0.00991351 0.0130565 0.0135481 0.0161241 0.0160983 0.021056 0.0236827 0.0220112 0.0195473 0.0212547 0.0219814 0.0132502 0.0217892 0.0219849 0.0249862 0.0366045 0.0323846 0.0253388 0.0238575 0.0130763 0.0141641 0.0135908 0.0114926 0.0142529 0.0210327 0.0222066 0.0152082 0.013373 0.0163393 0.0113595 0.0195288 0.0153133 0.00305356 0.00132593 5.9689e-05 0 0 0 0 0 0 0 0 0 0 0 
0 0 0 0 0 0 0 0 0 0 0 2.61493e-05 0.000326549 0.000557258 6.65983e-05 0.000226042 0.00117327 0.00153665 9.84558e-05 9.14835e-05 0.00104263 0.00681718 0.0104732 0.0111088 0.0148796 0.0107681 0.0158569 0.0145997 0.0190491 0.0241557 0.0144987 0.0168483 0.0226214 0.0210333 0.0230482 0.0234895 0.0227706 0.0298085 0.0301619 0.021433 0.0142071 0.0179969 0.0165061 0.0118228 0.0125753 0.0122526 0.013222 0.0220688 0.0185698 0.0215391 0.0125194 0.0177223 0.0260343 0.0245191 0.0159754 0.0130333 0.00704117 0.00271746 0.000103205 0 0 0 0 0 0 0 0 0 0 
0 0 0 0 0 0 0 0 0 0 0.000712534 0.00503881 0.00507608 0.00298621 0.00269465 0.00293038 0.00264412 0.000176568 0 0.000987175 0.00763854 0.0161581 0.0191759 0.0202388 0.0195243 0.0147921 0.0119608 0.0130174 0.0182044 0.0208384 0.0192045 0.022743 0.0211486 0.0267099 0.0312693 0.0248938 0.0235957 0.02131 0.0225045 0.0173836 0.0157958 0.0133351 0.0115217 0.0122193 0.0124676 0.0184873 0.0127031 0.0157842 0.0280503 0.0255526 0.0178246 0.0217445 0.0273517 0.0279204 0.0194099 0.0174098 0.0105713 0.00677532 0.00355228 0.000196565 0 0 0 0 0 0 0 0 0 
0 0 0 0 0 0 0 0 0 8.30624e-05 0.00487458 0.0171157 0.0163577 0.00690834 0.00825392 0.0127158 0.0130432 0.00415671 0.000490851 0.0024172 0.0147445 0.0197494 0.0241682 0.018535 0.0161902 0.0161342 0.0180555 0.0148994 0.0182879 0.0175415 0.017326 0.0177271 0.0198237 0.0231539 0.0315012 0.0348437 0.030324 0.0277409 0.0216328 0.0154589 0.0146708 0.0172469 0.0124635 0.0179369 0.0123049 0.0184773 0.0126554 0.0140686 0.0180659 0.0192974 0.0211305 0.0240515 0.020373 0.0269611 0.0254901 0.0154478 0.00981304 0.00945874 0.00978028 0.00294073 3.88839e-05 0 0 0 0 0 0 0 0 
0 0 0 0 0 0 0 0 0 0.000163272 0.00712687 0.0187968 0.0153701 0.00982945 0.0141741 0.016865 0.0151925 0.00856607 0.00173865 0.00279162 0.0139868 0.0162036 0.0150072 0.0151973 0.0187451 0.023971 0.0166483 0.0143549 0.0109967 0.0103873 0.00977644 0.0126519 0.0187775 0.0203318 0.0229624 0.0265145 0.0254649 0.0319178 0.026418 0.0232407 0.0218243 0.0253746 0.0170261 0.0126913 0.0137751 0.0130368 0.0120299 0.0107214 0.0184337 0.0157875 0.0214773 0.0182059 0.0210839 0.0235915 0.0221362 0.0132993 0.00987891 0.0166264 0.0186258 0.00862528 0.00322545 1.33515e-05 0 0 0 0 0 0 0 
0 0 0 0 0 0 0 0 0 0.000114459 0.00663264 0.0190627 0.0195331 0.0165123 0.0175317 0.0205106 0.0171403 0.0131675 0.00275908 0.00263504 0.0105011 0.014029 0.0191569 0.0222875 0.0247873 0.024705 0.0171925 0.0123434 0.0100957 0.0189344 0.0171562 0.0190383 0.0154052 0.0198038 0.0212192 0.0210795 0.0272198 0.0398931 0.0296353 0.0205292 0.0200058 0.0204355 0.0152139 0.0163235 0.0206079 0.0199563 0.0176295 0.0189231 0.025682 0.0275272 0.0262367 0.0226199 0.022855 0.0269465 0.0262618 0.0223857 0.0132981 0.01943 0.0281135 0.0257488 0.012862 0.00322913 0.000101658 0 0 0 0 0 0 
0 0 0 0 0 0 0 0 0 0.000603722 0.00722568 0.0162743 0.0192001 0.0267574 0.0220798 0.0161252 0.0226505 0.0171941 0.0061738 0.00264671 0.00733455 0.0148229 0.0225728 0.0213312 0.0202599 0.0193976 0.0155716 0.0156505 0.0192987 0.0179312 0.0125762 0.0235992 0.0206419 0.017318 0.0250418 0.0251512 0.0315279 0.0303338 0.0293636 0.025687 0.0206404 0.0210224 0.0164683 0.0164625 0.0201388 0.0212123 0.022681 0.0253551 0.0322449 0.0375898 0.0230691 0.0225285 0.0242156 0.0192644 0.0288953 0.0260397 0.0186782 0.0215947 0.0194879 0.021401 0.0229956 0.016306 0.00253615 0 0 0 0 0 0 
0 0 0 0 0 0 0 0 2.56092e-06 0.00233923 0.0144881 0.0230892 0.0192127 0.0149584 0.0163647 0.0150407 0.0178644 0.016891 0.0110019 0.0127368 0.0176553 0.0217994 0.022348 0.0219605 0.01941 0.0160981 0.0231558 0.0246087 0.0232606 0.0194236 0.0215804 0.0241926 0.0228515 0.0198572 0.0305508 0.0347077 0.032159 0.0257632 0.0269331 0.0265665 0.0216611 0.0300576 0.0245844 0.0219149 0.0239621 0.0270145 0.0287498 0.0242659 0.0346563 0.0301449 0.0182941 0.0188262 0.0166556 0.0246951 0.0240834 0.021902 0.0259092 0.0241556 0.0166353 0.0164196 0.0314758 0.0232157 0.00791042 0.000135468 0 0 0 0 0 
0 0 0 0 0 0 0 0.00038863 0.00108378 0.00350029 0.012028 0.0149923 0.0137945 0.0103589 0.00989318 0.0161443 0.0168785 0.0176659 0.0177271 0.0183883 0.0160678 0.0164184 0.0192434 0.019294 0.0290947 0.0241586 0.0223476 0.026279 0.0202102 0.0214727 0.0269956 0.0316255 0.0332699 0.0258162 0.0290219 0.0222823 0.0238639 0.0172024 0.0188785 0.0186901 0.018909 0.0248764 0.0255078 0.0218742 0.0181254 0.0197498 0.0304007 0.0240068 0.0247483 0.0176639 0.0196754 0.0243278 0.0178273 0.0238781 0.0185677 0.0191073 0.0191179 0.0183799 0.0114314 0.024093 0.0328851 0.0209796 0.00841968 0.000696296 0 0 0 0 0 
0 0 0 0 0 0.000735284 0.0024359 0.00532488 0.00516562 0.0136486 0.0188406 0.0173024 0.014178 0.00901697 0.00725606 0.0145313 0.0149243 0.0198027 0.0194344 0.0174076 0.0161535 0.0230349 0.0199733 0.0185092 0.0274762 0.0220754 0.0194929 0.0191884 0.0205887 0.0206166 0.0304714 0.0290288 0.0267077 0.0277636 0.022822 0.0234924 0.0193698 0.0168787 0.0203235 0.0176557 0.0156235 0.0164327 0.0165699 0.0216181 0.0229088 0.0219787 0.0168995 0.0187919 0.0231023 0.0208908 0.0231389 0.0212767 0.0228444 0.0182913 0.0145128 0.0188134 0.0178366 0.0104801 0.0164497 0.0204884 0.0278124 0.0253768 0.0136297 0.00181504 2.38719e-05 0 0 0 0 
0 0 0 0 0.000199746 0.00741875 0.0184366 0.0155385 0.012879 0.0153344 0.0198247 0.0245387 0.0166948 0.0175138 0.0175977 0.0167568 0.0145128 0.0197385 0.0201136 0.0221181 0.015004 0.0188985 0.0213161 0.020218 0.0148934 0.0190273 0.0182736 0.0190711 0.0221994 0.0219841 0.0294792 0.0286723 0.0249225 0.0233343 0.0197548 0.0244526 0.0231202 0.0241637 0.0236424 0.0320285 0.0216424 0.0203543 0.0227063 0.0228967 0.019866 0.0334176 0.0188235 0.0221855 0.0321547 0.0220494 0.0192905 0.0197402 0.0199331 0.0161653 0.0111626 0.0124323 0.0129669 0.0129166 0.021082 0.0225606 0.0213432 0.0233539 0.0202432 0.0188141 0.00393207 0 0 0 0 
0 0 0 0 0.00101989 0.012552 0.0199437 0.0198738 0.0163234 0.0171388 0.0166207 0.0194798 0.0139473 0.023805 0.0295625 0.0239141 0.0226392 0.0211844 0.0225196 0.0213013 0.0182559 0.0190653 0.0238579 0.0176824 0.0141063 0.0122296 0.0131588 0.0152054 0.0166284 0.0200769 0.0280946 0.0260279 0.0276366 0.0181711 0.0156545 0.0204921 0.0217324 0.033024 0.0303123 0.0256854 0.0253604 0.027609 0.0271649 0.0246704 0.0187117 0.0229973 0.0204676 0.022844 0.0381569 0.0294537 0.0201967 0.0168229 0.0158446 0.0125911 0.0156177 0.0162213 0.0107243 0.00866493 0.0103911 0.0144379 0.0141534 0.0136626 0.0122464 0.013884 0.00260474 0 0 0 0 
0 0 0 8.41068e-05 0.00439055 0.013929 0.0208608 0.0236001 0.0173716 0.0149917 0.0155747 0.0192801 0.0183292 0.0208256 0.0227048 0.0229489 0.0323806 0.0307067 0.025675 0.019853 0.0304774 0.0317261 0.0230264 0.0174449 0.0169788 0.0145365 0.0173838 0.0171762 0.0146412 0.0201783 0.0303362 0.029618 0.0296176 0.0240771 0.018315 0.0219318 0.0290815 0.0323482 0.0286628 0.0236724 0.0219463 0.0238869 0.0258618 0.0205321 0.0171538 0.0183958 0.0178981 0.0197566 0.0259818 0.0247659 0.0168227 0.0136941 0.0151586 0.0125087 0.0172462 0.0161765 0.0123481 0.0119482 0.0156106 0.0186431 0.0166703 0.0138251 0.00753946 0.0036758 0.00125577 0.000223341 0 0 0 
0 0 0 7.26898e-05 0.00458196 0.012952 0.0222429 0.0256759 0.0222375 0.020352 0.0202541 0.02467 0.0229572 0.0194202 0.0218432 0.0287485 0.0466274 0.0438898 0.0226338 0.0135961 0.0171303 0.027813 0.0224391 0.0214929 0.0167793 0.0160986 0.0157347 0.0240963 0.0212637 0.017519 0.0242701 0.0289563 0.0269277 0.0234396 0.0192776 0.0220273 0.0220452 0.0324601 0.0371433 0.0239389 0.0208761 0.0196805 0.016849 0.0147214 0.0198991 0.0171385 0.0180398 0.0233319 0.0268482 0.0233172 0.020553 0.0192051 0.014344 0.0215917 0.0205126 0.0196392 0.0126067 0.0197445 0.0230107 0.0189104 0.0183761 0.0142324 0.0139922 0.0122755 0.0112787 0.00460632 0.000223839 0 0 
0 0 5.61625e-05 0.000194048 0.00113226 0.00747203 0.0170781 0.0249322 0.029354 0.0258409 0.0180091 0.02518 0.0281049 0.0169521 0.0174304 0.0284371 0.0544597 0.0540857 0.036188 0.017298 0.0157576 0.0245204 0.0215577 0.0237937 0.0246445 0.0206593 0.0237159 0.0250684 0.0176143 0.0181151 0.0213333 0.0289288 0.0268598 0.0210414 0.022546 0.0260155 0.0341316 0.0336343 0.0311516 0.0278881 0.0240942 0.0184128 0.019421 0.0166903 0.0229255 0.0228258 0.018051 0.0225979 0.0279757 0.0260598 0.024419 0.0257589 0.0215335 0.0163753 0.0213017 0.0187636 0.0165868 0.0610409 0.0730198 0.0286839 0.0159177 0.0140306 0.0167039 0.0148838 0.0160814 0.0098225 0.00127568 0 0 
0 0 0.000371042 0.00199875 0.00496982 0.00900322 0.0167072 0.0193583 0.0228955 0.0249306 0.0181458 0.0239495 0.0306129 0.0270541 0.0212364 0.0185122 0.0273042 0.0278932 0.0399598 0.0210694 0.0184575 0.0184261 0.0193498 0.0235063 0.0239018 0.0222484 0.0222897 0.0198959 0.0152802 0.0190211 0.0204618 0.0232055 0.0184575 0.0229578 0.0289199 0.0426272 0.0445952 0.0306693 0.0258435 0.0277877 0.0257981 0.0224686 0.0248222 0.0173701 0.0170962 0.0244728 0.0270382 0.0291964 0.0258916 0.0175797 0.0177686 0.0219958 0.023467 0.0177981 0.0275166 0.018002 0.0170118 0.059372 0.0928593 0.0369233 0.0187335 0.0116598 0.00919479 0.00996003 0.00932141 0.00777683 0.00239282 0.000142851 0 
0 0 0.000904189 0.00265379 0.00904145 0.0181252 0.0231472 0.0208125 0.0217036 0.0247343 0.0259139 0.0199063 0.0237077 0.0209974 0.0282955 0.0202801 0.0158704 0.0181094 0.0280734 0.0274082 0.0260473 0.0189394 0.0184494 0.0154782 0.0211355 0.0221266 0.0188537 0.0302078 0.030536 0.0226157 0.0200998 0.0226406 0.0184453 0.0277666 0.0329857 0.0300766 0.0303449 0.0193975 0.021379 0.0222358 0.0206471 0.01964 0.0198008 0.0235908 0.0198119 0.0195729 0.0297952 0.0293236 0.0243022 0.0215008 0.0257697 0.029319 0.0195178 0.0220157 0.0211002 0.0188421 0.0177737 0.0262572 0.0274356 0.0208003 0.0205495 0.0178096 0.0100544 0.00881793 0.00491842 0.0035362 0.000673182 8.90739e-05 0 
0 0 0.00174604 0.00721729 0.00880142 0.0141311 0.0166935 0.0212889 0.0222622 0.0282806 0.0272949 0.0175569 0.019385 0.0200695 0.0181718 0.0170285 0.0192116 0.0239354 0.024657 0.0236239 0.023525 0.0226351 0.0205912 0.0183991 0.0204879 0.0260404 0.0227788 0.0285863 0.0258139 0.0283113 0.0177999 0.0177577 0.0238226 0.0291647 0.0309115 0.0272911 0.023974 0.0210832 0.0161145 0.0160963 0.0217415 0.0149789 0.0237182 0.0277892 0.0273642 0.0304345 0.0311827 0.0252082 0.0145144 0.0181296 0.0316053 0.0243459 0.0236353 0.0227267 0.0135392 0.0163479 0.0211621 0.021445 0.0182639 0.0179528 0.0160923 0.0173848 0.0133155 0.00979442 0.00584075 0.0105457 0.00699876 0.00205568 1.20939e-05 
0 0 0.000564795 0.00393258 0.00824512 0.0171688 0.0155429 0.0184436 0.0201277 0.0266077 0.0243586 0.0190843 0.0197313 0.0198912 0.0196819 0.0177854 0.0192303 0.0209671 0.0196968 0.0203502 0.0245327 0.0197035 0.0167816 0.0175673 0.0209076 0.0308703 0.0266671 0.0203659 0.0276476 0.036697 0.019111 0.0154801 0.0223557 0.0346831 0.0268523 0.0327162 0.0271798 0.0285831 0.0212977 0.0203908 0.0273422 0.0247016 0.025428 0.0263139 0.0243745 0.0213674 0.0240932 0.0175248 0.0172774 0.0185103 0.0184505 0.0227253 0.0268397 0.0214518 0.00958776 0.0172417 0.0223455 0.0317994 0.0211899 0.0214865 0.0131311 0.0130118 0.0128824 0.0145936 0.00780264 0.0245632 0.0213139 0.0127212 0.00135941 
0 0.000152684 0.00074978 0.00248707 0.00322788 0.00802162 0.012534 0.0169853 0.0234363 0.0230012 0.023464 0.017743 0.0202689 0.0233476 0.0253084 0.0241111 0.0229702 0.0196161 0.0188635 0.0200417 0.0150267 0.0126504 0.0144884 0.0208497 0.0141754 0.024228 0.0291722 0.0235625 0.0227738 0.0289164 0.0189423 0.0161754 0.0254552 0.0286474 0.0310499 0.0272578 0.0263637 0.0215929 0.0128984 0.0145914 0.0311212 0.0339775 0.0276997 0.0299303 0.0280984 0.0154622 0.0189612 0.0184928 0.0169075 0.023248 0.0211136 0.021226 0.0218811 0.0200144 0.0132768 0.020375 0.0266686 0.0238036 0.0210034 0.0312049 0.0260871 0.0164441 0.0144803 0.0187389 0.0163026 0.0258643 0.0296727 0.0217128 0.00452484 
0 0.00160043 0.00357134 0.00435442 0.00406845 0.00445684 0.00557774 0.0126464 0.0201948 0.0166387 0.019451 0.0157509 0.0131219 0.020301 0.0292803 0.0241913 0.0238404 0.0177035 0.0151214 0.0161529 0.0186889 0.0145565 0.0158736 0.0163182 0.0177601 0.0206453 0.0233619 0.0280837 0.0208115 0.0245065 0.0230542 0.0176543 0.0274545 0.0301887 0.0283018 0.0327824 0.0340894 0.0237847 0.0163971 0.0179006 0.0299686 0.0399825 0.0319846 0.0292861 0.021319 0.0109976 0.0207205 0.019575 0.0299515 0.0308819 0.0309956 0.0222162 0.0237965 0.0199953 0.0228039 0.0236414 0.0224645 0.0187459 0.0215542 0.0326895 0.0269049 0.0145205 0.0163027 0.0136123 0.019506 0.0277062 0.0252456 0.0216783 0.00671204 
0 0.000963585 0.00489789 0.00754766 0.00482881 0.00278377 0.00328114 0.0146026 0.0176413 0.0151562 0.0166289 0.0160299 0.0165276 0.015527 0.0250857 0.0276447 0.021383 0.0237042 0.0150952 0.0179549 0.0215004 0.0204106 0.0187936 0.0203695 0.0200555 0.0177531 0.0242485 0.0281191 0.0260843 0.024665 0.0209302 0.0230281 0.0322726 0.0290223 0.0279272 0.030111 0.043309 0.0311657 0.0204474 0.0183128 0.0308796 0.0265158 0.022502 0.0206032 0.0220558 0.013915 0.0175733 0.0317508 0.0601597 0.0965783 0.0478112 0.0311177 0.0177774 0.0203957 0.0218498 0.018341 0.0177653 0.0222302 0.0177992 0.0199576 0.0219474 0.0151359 0.00909618 0.0156499 0.0195933 0.0176454 0.0184513 0.022262 0.00663569 
0 8.80493e-05 0.00107956 0.00299559 0.00359363 0.00156572 0.00377244 0.0148089 0.0163747 0.017251 0.0180756 0.0192474 0.0167007 0.0173755 0.0298451 0.022632 0.0181637 0.0221532 0.0166192 0.0160779 0.0204888 0.0205931 0.0237824 0.0212772 0.0226615 0.0229315 0.0257084 0.0176308 0.0188226 0.0270546 0.0242479 0.0310987 0.0363776 0.0246523 0.0250588 0.0308317 0.0377443 0.0231364 0.0134072 0.0108929 0.0182435 0.018613 0.0147789 0.0195458 0.0289353 0.0194384 0.00934977 0.0280339 0.0518345 0.0913412 0.0447109 0.0227816 0.0142746 0.0177845 0.0228154 0.0253624 0.0140673 0.015854 0.0211064 0.0212453 0.0153075 0.0119894 0.0120161 0.0245426 0.0240075 0.0164866 0.0137518 0.0187619 0.00834195 
8.09304e-05 0 1.19818e-06 0.000849464 0.00229156 0.00358437 0.0094931 0.0141105 0.0153846 0.0212977 0.0159681 0.0120158 0.0136827 0.0144685 0.016843 0.0136667 0.0142518 0.0225983 0.0160676 0.0201977 0.0202743 0.0196688 0.0290831 0.0281378 0.0325564 0.027075 0.0229356 0.0251484 0.0253492 0.0268173 0.0311407 0.0245462 0.0258358 0.0195737 0.0235283 0.0245702 0.0218644 0.0206017 0.0228302 0.0179785 0.018389 0.019947 0.0154749 0.0169566 0.0220801 0.0139764 0.0128986 0.0234816 0.0320702 0.0355807 0.0406763 0.020549 0.0151982 0.0115511 0.0184941 0.0219591 0.0164675 0.023341 0.0175479 0.016638 0.0185912 0.0156508 0.0144348 0.0146143 0.0166365 0.0154771 0.0206898 0.0199962 0.00910204 
0.000271627 3.808e-05 0.00199857 0.00647379 0.00762063 0.0061435 0.0104673 0.0155043 0.017734 0.0151654 0.016105 0.017388 0.0208961 0.0141377 0.00892054 0.012404 0.0185114 0.0234621 0.0227814 0.022827 0.0182368 0.0232018 0.0281488 0.0290363 0.0332975 0.0275118 0.0236834 0.0284469 0.0329015 0.0225295 0.0264674 0.0291301 0.0272599 0.0443523 0.0445503 0.0214943 0.0164099 0.0355002 0.0416467 0.0204365 0.0207325 0.0243112 0.0169209 0.0163556 0.0167385 0.0199854 0.0259159 0.0326175 0.0286761 0.0244353 0.0261233 0.0150262 0.0162839 0.0137709 0.027465 0.0251837 0.0194553 0.0243782 0.0242123 0.022369 0.0216578 0.0236952 0.0169613 0.0156964 0.0185424 0.0171438 0.0222141 0.0270539 0.0107989 
0.000470794 0.00224509 0.0104971 0.0165953 0.0115174 0.00827369 0.00850794 0.0134783 0.0171476 0.0164118 0.0161265 0.0233817 0.0266255 0.0203134 0.0216383 0.0187539 0.016838 0.0188532 0.0203959 0.021646 0.0181652 0.0254459 0.0337067 0.0298737 0.0232932 0.0165376 0.0149333 0.0171381 0.0245732 0.0206663 0.0211885 0.0493714 0.0807556 0.0821828 0.033685 0.0229569 0.0285175 0.0415003 0.0325766 0.0250424 0.0271398 0.0269596 0.0198443 0.02227 0.0207926 0.0204644 0.0175218 0.0264065 0.0355218 0.0282569 0.0149227 0.0151498 0.0257207 0.019357 0.0224603 0.0253509 0.0244289 0.0268804 0.025698 0.025868 0.0189971 0.0259281 0.0227782 0.0183428 0.0180636 0.0176203 0.0166003 0.0197286 0.00763318 
0.000357256 0.00244614 0.0100278 0.0184856 0.0170356 0.0109332 0.00742044 0.012515 0.0178735 0.0212352 0.0234381 0.0214951 0.0275456 0.0458019 0.0359732 0.0191642 0.0177111 0.0134878 0.0153925 0.0145294 0.0156161 0.0192069 0.0211424 0.0228477 0.0217086 0.0167044 0.0168285 0.0167323 0.0206635 0.0238125 0.0369981 0.0418989 0.0454625 0.0687335 0.0698739 0.0332696 0.0252193 0.0367302 0.0345172 0.024631 0.0234565 0.0193677 0.0178145 0.0183009 0.0308753 0.0316005 0.0156984 0.0115371 0.0136907 0.00948795 0.0116598 0.0175476 0.0271273 0.0202906 0.0241547 0.0262039 0.023778 0.0189424 0.0171772 0.015695 0.0192224 0.0320478 0.037738 0.02224 0.0142414 0.0168108 0.0209858 0.0160147 0.00431474 
1.8887e-05 0.00250987 0.00928365 0.0135024 0.0163767 0.0125762 0.00907727 0.0156039 0.0231979 0.0200162 0.0174172 0.020903 0.0279608 0.0354495 0.0328458 0.015807 0.0159528 0.0205217 0.0169831 0.0189989 0.0202225 0.0202334 0.0182602 0.015918 0.0210635 0.0231599 0.0230742 0.0213787 0.0237889 0.0222462 0.038562 0.0345922 0.0395966 0.0390076 0.069084 0.0718811 0.0294101 0.0305503 0.0499426 0.0306137 0.0253414 0.0178731 0.0154637 0.0189271 0.0347573 0.0382453 0.0270101 0.0177453 0.0104844 0.0128605 0.0256151 0.0249781 0.018772 0.0140409 0.0166301 0.0173808 0.0177781 0.018419 0.0131659 0.0153463 0.0264449 0.0337988 0.0310783 0.021807 0.0149282 0.0214538 0.026739 0.0148576 0.00289591 
0 0.000475343 0.00609521 0.0138812 0.0120862 0.00893666 0.00683231 0.0169343 0.0250575 0.0247326 0.0143728 0.0134022 0.018937 0.0184831 0.0214934 0.0185919 0.0212626 0.0269092 0.0270923 0.0254343 0.0161139 0.0209821 0.0143119 0.0226388 0.0183077 0.0262267 0.0294719 0.0191284 0.0194409 0.0205674 0.0296345 0.0268379 0.0354748 0.0314541 0.029493 0.0882469 0.0462804 0.0339371 0.029076 0.0179229 0.0229757 0.0193753 0.017534 0.0245806 0.0315926 0.0357614 0.0342731 0.026597 0.0163721 0.013841 0.0234246 0.029713 0.0220293 0.0142594 0.0127047 0.0172349 0.0149538 0.0153591 0.0155858 0.0159781 0.0275058 0.028895 0.0162134 0.0197495 0.0193105 0.02214 0.0226794 0.0126749 0.0011089 
0 0.000454092 0.00513779 0.00571221 0.00714508 0.00769678 0.0129069 0.0161653 0.0194776 0.0178972 0.0127844 0.011823 0.0134242 0.0131971 0.0183271 0.0183607 0.0226085 0.0200033 0.0227779 0.0215036 0.0194539 0.0187451 0.016099 0.0172459 0.0210538 0.0241423 0.0293238 0.0206898 0.0204326 0.0164049 0.0189906 0.0272041 0.0293105 0.0269989 0.0237343 0.0676381 0.0545563 0.0326689 0.0321529 0.0343076 0.0307225 0.0190337 0.0176357 0.025493 0.0197396 0.0227457 0.040653 0.0291223 0.0176514 0.01462 0.0229553 0.0320571 0.0139534 0.016093 0.0156768 0.0178454 0.0164786 0.0163625 0.0159294 0.0155879 0.0140388 0.0139552 0.0171132 0.0198117 0.0173973 0.0168339 0.0148326 0.0150715 0.00149169 
0 0.0014351 0.00552739 0.0049857 0.0106524 0.0154408 0.0200794 0.0218821 0.0182854 0.0155432 0.00854004 0.0115303 0.0165706 0.0170906 0.017035 0.0184166 0.0264559 0.0238774 0.021728 0.0176424 0.0255656 0.028361 0.0221371 0.0154254 0.0178557 0.0218013 0.0260004 0.0196663 0.0199758 0.0145071 0.0189 0.0192047 0.026589 0.0262703 0.0266642 0.0576332 0.0462047 0.0233336 0.0305135 0.0375658 0.0425612 0.0281252 0.0169255 0.0158707 0.0188126 0.0276085 0.0274732 0.0269783 0.02795 0.0239615 0.0131529 0.0178499 0.0112009 0.0143433 0.023751 0.0185817 0.0143773 0.0156094 0.0182034 0.0221416 0.0157505 0.0148504 0.0130671 0.0124107 0.0162732 0.0168834 0.0158212 0.00935719 0.00105887 
8.6132e-05 0.00219788 0.00350912 0.00912314 0.0164036 0.0248238 0.022412 0.0210287 0.0202069 0.0152586 0.0125151 0.0146641 0.0163011 0.0179008 0.0214599 0.0169889 0.0221905 0.0221741 0.0128958 0.0151181 0.0222954 0.0236976 0.0203582 0.0221002 0.0218848 0.0238489 0.0207911 0.0237198 0.0221918 0.0219423 0.0215568 0.0250377 0.0231768 0.021063 0.04158 0.0985827 0.0406493 0.0285888 0.0374907 0.0390445 0.0345561 0.0415281 0.023201 0.0151038 0.0176549 0.0280491 0.0335082 0.0231234 0.023951 0.0162252 0.00872608 0.00607599 0.0101506 0.020748 0.0221758 0.0242417 0.0304738 0.0241418 0.0239468 0.0200154 0.0174692 0.0181456 0.0082285 0.00656177 0.0104446 0.0210744 0.0164891 0.00812016 0.00090355 
2.22883e-05 0.00509977 0.0144566 0.0155027 0.0203804 0.0240331 0.0266025 0.0190777 0.0207601 0.0178111 0.0172815 0.0163186 0.0187299 0.0171376 0.0165525 0.0169603 0.0201644 0.0206132 0.0124428 0.0189925 0.0265163 0.0262562 0.0194286 0.0208753 0.0158928 0.0252408 0.0245673 0.0204949 0.0253792 0.0257349 0.0226775 0.0210357 0.0199051 0.0296772 0.112761 0.0887769 0.0326346 0.0327767 0.0341715 0.0301989 0.0286345 0.0389148 0.0366137 0.0197794 0.0173818 0.0195158 0.0200341 0.0207561 0.0244557 0.0212198 0.00847196 0.00928849 0.0108147 0.0151424 0.0222843 0.0287378 0.0320875 0.0302253 0.023353 0.0191563 0.0115203 0.00952947 0.0035019 0.00844746 0.0102142 0.0129024 0.0119798 0.00716993 0.0011316 
0 0.0051366 0.021615 0.0165937 0.0210459 0.0214634 0.0187929 0.0182691 0.0230116 0.0251986 0.0254616 0.0219755 0.0240458 0.0190234 0.0181125 0.017935 0.0162545 0.0199466 0.0138953 0.019093 0.0194276 0.0187526 0.0204741 0.0200028 0.0247172 0.0233466 0.0214212 0.0206836 0.0244669 0.0285649 0.023624 0.0169301 0.0145352 0.0591067 0.0856154 0.0434504 0.0370075 0.0337918 0.0312397 0.0247621 0.0218409 0.0244958 0.0283737 0.0345732 0.0241383 0.0154237 0.0161299 0.0183281 0.0188871 0.0165673 0.0130875 0.010775 0.00446452 0.0134915 0.0195853 0.0261039 0.0238429 0.0216814 0.022771 0.0170103 0.0165085 0.0106234 0.00389292 0.00542597 0.00760376 0.00525932 0.0025593 0.00452446 0.000536127 
0 0.000633791 0.0041538 0.00802997 0.0148196 0.0164056 0.0151636 0.0203682 0.0326046 0.0350733 0.0245674 0.0199912 0.0268893 0.0179327 0.0205997 0.0194045 0.0233538 0.0169715 0.0153041 0.0158292 0.0218863 0.0240189 0.0196824 0.0232359 0.0271348 0.0246076 0.0206747 0.0176735 0.0202163 0.0220455 0.0216606 0.025468 0.0180492 0.0257173 0.023511 0.0240848 0.0266049 0.0371343 0.0282721 0.0207964 0.0280726 0.0264822 0.0222212 0.025751 0.0331162 0.0191282 0.0209753 0.0277413 0.0300491 0.0144706 0.00992736 0.0121606 0.0100379 0.0213352 0.0271371 0.0224125 0.0221247 0.0214507 0.0269843 0.0154119 0.0175147 0.012985 0.0118291 0.0134504 0.0152308 0.0120095 0.00480335 0.00106829 1.3301e-05 
0 0 0.000857571 0.0044471 0.0103094 0.0125729 0.0130757 0.0133283 0.0307228 0.0329742 0.0274978 0.0197392 0.0214873 0.0189721 0.0204167 0.0238102 0.0277992 0.0195602 0.0260309 0.0230078 0.0219214 0.0200851 0.0160928 0.0168949 0.0237118 0.0213731 0.0195048 0.0145297 0.00984278 0.0147879 0.0162813 0.0230034 0.0249795 0.0194588 0.0248615 0.0295003 0.0447095 0.0389547 0.0266959 0.0261374 0.0376758 0.0351656 0.0228954 0.0222297 0.0244637 0.0234355 0.0260004 0.0315846 0.0192375 0.0142883 0.0131155 0.0116241 0.0148145 0.0264226 0.0258748 0.021102 0.023185 0.0173418 0.0234394 0.0161943 0.0180979 0.0216382 0.0227174 0.0162649 0.0132946 0.0144342 0.00425277 0.000161674 0 
0 0 0 0.00226174 0.00964257 0.0149068 0.0144844 0.0128083 0.0285794 0.0347247 0.0290808 0.0229111 0.0162359 0.0190951 0.0219022 0.0295305 0.0305846 0.0265193 0.0285531 0.0245462 0.0220419 0.0164441 0.0140407 0.0176913 0.0203093 0.0189636 0.0173462 0.0162484 0.0157764 0.0199674 0.0242424 0.0222532 0.0251244 0.0214796 0.0216985 0.0155285 0.0271117 0.0643562 0.0308746 0.0231114 0.0345882 0.0303738 0.0222732 0.0222898 0.018535 0.0250877 0.0313239 0.0270632 0.0171056 0.0159283 0.0209997 0.0234456 0.0230434 0.0290305 0.0317416 0.0218205 0.0197966 0.0212372 0.0254325 0.0157697 0.0204549 0.021689 0.0151545 0.0187808 0.012975 0.0067889 0.00191373 1.8853e-05 0 
0 0 0 0.000833364 0.00699503 0.00997249 0.0109967 0.019158 0.022702 0.0264235 0.0184364 0.0144551 0.013425 0.017734 0.0218066 0.0255773 0.0232124 0.0190402 0.0211604 0.0224188 0.0232201 0.0231077 0.0218998 0.020682 0.0194675 0.0193398 0.0212262 0.0220341 0.017991 0.0214918 0.0287147 0.0285276 0.0217604 0.021233 0.0200065 0.0173576 0.0202255 0.0394384 0.0274897 0.0381131 0.038154 0.0270945 0.0241001 0.0196352 0.0184169 0.0293033 0.0394341 0.0253075 0.0245533 0.02196 0.0200782 0.0247298 0.0226947 0.0313687 0.0371635 0.026446 0.0182196 0.0261419 0.0230581 0.0152648 0.0148479 0.0211401 0.0115099 0.0181064 0.0128718 0.00759677 0.00247519 2.75766e-05 0 
0 0 0 0.000954441 0.0076127 0.0107214 0.0125409 0.0200964 0.0177595 0.0124314 0.0158887 0.0107557 0.020053 0.0234781 0.0203824 0.0238017 0.0242494 0.0182686 0.0174001 0.022052 0.0227298 0.0212738 0.0269808 0.0236245 0.0220123 0.0269657 0.0260862 0.0266524 0.0182667 0.0189343 0.0163579 0.0195784 0.0140994 0.0199156 0.0214941 0.0228358 0.0208487 0.0362922 0.043538 0.0347091 0.0241872 0.0225016 0.0270112 0.019287 0.0201436 0.0284913 0.0460891 0.0285904 0.0309149 0.0363751 0.0296085 0.0224007 0.021465 0.0282651 0.0351667 0.0281127 0.0228327 0.0248785 0.0168953 0.0192882 0.0139526 0.0203646 0.0140989 0.0084197 0.00893587 0.005514 0.00132944 0 0 
0 0 0 0.00172982 0.00732416 0.00879846 0.0128684 0.0236631 0.0199304 0.0120161 0.0106464 0.00733493 0.0191133 0.0178856 0.0238828 0.0258679 0.0205189 0.0154162 0.0185034 0.0219822 0.0226495 0.0196369 0.0230117 0.0238881 0.0232898 0.0271352 0.0241286 0.0224275 0.0172453 0.0137972 0.0134323 0.0165139 0.0174283 0.0202098 0.016607 0.020978 0.0190395 0.0237034 0.0214526 0.0229407 0.0182475 0.0247348 0.0258072 0.0339034 0.0634293 0.0731325 0.0511066 0.0267219 0.0297674 0.048852 0.0570541 0.0237661 0.0234693 0.026954 0.0294743 0.0265929 0.0193649 0.0221131 0.0155187 0.0141246 0.0161966 0.0187564 0.0201013 0.00972039 0.00891454 0.00749229 0.00104317 0 0 
0 0 0 0.000361572 0.00639907 0.0109478 0.0152544 0.0235116 0.0231168 0.0100767 0.00551365 0.00977462 0.0242465 0.0182697 0.0144148 0.0139076 0.00665785 0.00657851 0.0109216 0.0175375 0.0215929 0.0198485 0.0234657 0.0194773 0.0213563 0.0250486 0.0282869 0.0345112 0.0232093 0.0149859 0.0105058 0.0122488 0.0137916 0.0138206 0.0196215 0.0292218 0.0258151 0.0303091 0.0245105 0.020618 0.0232997 0.0319617 0.0223822 0.0397577 0.103266 0.0529562 0.0348242 0.0253483 0.0374575 0.0677516 0.0473464 0.0212947 0.022323 0.0320622 0.0337987 0.0291021 0.0293146 0.0289484 0.0131784 0.0100945 0.012129 0.0131322 0.0151436 0.0130214 0.00925806 0.00447379 0.000198087 0 0 
0 0 0 0 0.0104672 0.0225967 0.0212616 0.0231544 0.0171572 0.010009 0.00994185 0.014765 0.0227345 0.0211849 0.0241874 0.00730196 0.00160516 0.00423787 0.00834184 0.012942 0.0191134 0.0198926 0.0166013 0.0189387 0.0237551 0.0249589 0.0243391 0.0333301 0.0318159 0.037558 0.0105403 0.00753956 0.0060601 0.0122453 0.0237809 0.0297761 0.0334261 0.0281678 0.0240047 0.02105 0.0168785 0.0211234 0.020159 0.0200455 0.0418564 0.0418778 0.0498605 0.0373858 0.0420157 0.0310013 0.023555 0.0184456 0.0179783 0.0252675 0.0245193 0.0362454 0.0391745 0.0251249 0.015102 0.014887 0.0116572 0.00951702 0.0131704 0.00811852 0.00442889 0.000642377 2.55861e-05 0 0 
0 0 0 0 0.00435242 0.0175839 0.0232986 0.0259784 0.0197993 0.0191995 0.0204371 0.0207888 0.0212106 0.0232018 0.0268693 0.00614163 0.00325139 0.010669 0.0147939 0.0176931 0.0159143 0.0111023 0.015281 0.0207492 0.022654 0.0132316 0.0164426 0.0227517 0.0274941 0.0407986 0.0216906 0.0107689 0.00294472 0.00814162 0.0169595 0.0261181 0.0287267 0.0208581 0.0191789 0.0188355 0.021162 0.0291541 0.0264835 0.0295379 0.0334702 0.0300682 0.0214241 0.0274769 0.0268501 0.0262195 0.0216595 0.0281882 0.0339644 0.0254174 0.0192718 0.0329209 0.0406199 0.0257574 0.015608 0.014567 0.0121323 0.0144011 0.0117137 0.00806608 0.00203856 0.000136161 0 0 0 
0 0 0 0 7.992e-05 0.00284562 0.0109346 0.020874 0.0241619 0.0314113 0.0301828 0.0223706 0.0270287 0.0335925 0.0312733 0.0107555 0.00800711 0.0178494 0.0176654 0.0159463 0.0134556 0.0122271 0.0192794 0.0221279 0.0198136 0.0175568 0.017101 0.0197739 0.0203909 0.0228203 0.0205413 0.0115313 0.00556897 0.00651211 0.0120206 0.0222127 0.0259366 0.0234413 0.0187026 0.0180412 0.0211461 0.0226157 0.0186768 0.0266294 0.0251469 0.0318085 0.0283746 0.0222569 0.0249354 0.0345588 0.033407 0.0316951 0.0308346 0.0240783 0.0214016 0.0279653 0.0314052 0.0263886 0.0182808 0.0143965 0.0144867 0.013143 0.0115815 0.00609086 0.00159362 0 0 0 0 
0 0 0 0 0 6.25352e-05 0.00489624 0.0168843 0.0213378 0.0196525 0.0215866 0.0238917 0.0273625 0.0276583 0.0241049 0.00732041 0.01017 0.0160292 0.0213183 0.0239606 0.0168044 0.0141966 0.0217902 0.0269152 0.0230553 0.020552 0.0144382 0.0143334 0.0200408 0.0160535 0.0228415 0.0116206 0.0174348 0.0167143 0.0184294 0.0173805 0.0217661 0.0203131 0.0186186 0.0163774 0.00915873 0.00759177 0.0116951 0.0223297 0.0256057 0.0209059 0.0268971 0.0250496 0.0186568 0.0403567 0.051545 0.046867 0.0417495 0.0317876 0.0225773 0.0196651 0.0243723 0.0202246 0.0206315 0.0228097 0.0262353 0.015242 0.010705 0.00784451 0.00066275 0 0 0 0 
0 0 0 0 0 7.3623e-06 0.00106334 0.00906334 0.0163153 0.0143472 0.00686698 0.0190228 0.0277182 0.019493 0.0082969 0.00523961 0.0127199 0.0164615 0.0228925 0.0251893 0.0172418 0.0141502 0.0175573 0.0246409 0.0296796 0.0191552 0.0135572 0.0143948 0.0178737 0.0125363 0.0189436 0.0194564 0.0205311 0.0195984 0.0142691 0.0163444 0.0178358 0.0224222 0.0166639 0.00774713 0.002652 0.00302718 0.00927996 0.0168073 0.0219394 0.0178537 0.0242816 0.0245589 0.0237998 0.0288514 0.0894857 0.0643046 0.0493689 0.0446928 0.0311293 0.0259218 0.0191543 0.0242896 0.0182785 0.0301996 0.0306399 0.0259389 0.0113879 0.00575906 5.84224e-05 0 0 0 0 
0 0 0 0 0 0 0.000395748 0.00629751 0.0140684 0.00946391 0.00170384 0.00998305 0.0219562 0.0181891 0.00333181 0.00634903 0.0101445 0.0147999 0.0181712 0.013702 0.0227722 0.0256429 0.0229456 0.0280905 0.0249569 0.0119282 0.0137475 0.0137009 0.0177826 0.0215755 0.0197844 0.0150385 0.0265983 0.0206621 0.0111848 0.0123694 0.0127057 0.0162899 0.0118434 0.00140715 0.00124209 0.00128555 0.00320077 0.011793 0.0147745 0.0155456 0.0199103 0.0233442 0.0208216 0.0250742 0.0368161 0.0408877 0.042075 0.0383919 0.0247352 0.0239356 0.0231941 0.0255521 0.0202527 0.0231002 0.0253049 0.0223145 0.00816794 0.000293092 0 0 0 0 0 
0 0 0 0 0 0 7.60603e-06 0.00131769 0.00252931 0.00192372 0.000506756 0.00731962 0.0142138 0.0225791 0.0100627 0.0073887 0.0229697 0.0190062 0.0164395 0.0168057 0.0188 0.0237332 0.0219063 0.0205141 0.0214181 0.0250666 0.0249999 0.0141198 0.0189695 0.0131032 0.0139486 0.0108409 0.0173912 0.0143889 0.00795251 0.0115671 0.0129234 0.0101621 0.00574141 0.000113825 0.000207419 0.000357165 0.00320177 0.0063713 0.0112094 0.014278 0.0196752 0.0199428 0.0183548 0.0191919 0.0189346 0.0218481 0.0246093 0.0216831 0.0210676 0.0234855 0.0237304 0.024575 0.023553 0.0207563 0.0228966 0.0152235 0.00269082 1.42784e-05 0 0 0 0 0 
0 0 0 0 0 0 0 0 7.2411e-06 3.14632e-05 0.000455656 0.00479308 0.00923448 0.01956 0.0164198 0.0101322 0.0260555 0.0217702 0.0132514 0.0108713 0.0139799 0.0224936 0.0163269 0.0188246 0.0207139 0.0262773 0.0292141 0.0173957 0.0164932 0.0084834 0.0120578 0.017297 0.0125312 0.0126138 0.00656383 0.00879097 0.00719801 0.00230505 0.00260204 0.000799976 0 0.000462794 0.00202671 0.00480478 0.00714606 0.0157564 0.0194064 0.0177259 0.0200148 0.0196582 0.0199176 0.0164092 0.0149848 0.0154335 0.0186464 0.0217442 0.0306495 0.0248704 0.0190011 0.0193724 0.0154832 0.00339504 0.000102748 0 0 0 0 0 0 
0 0 0 0 0 0 0 0 0 0 0.000268163 0.00399533 0.00511439 0.00610515 0.0119965 0.0177636 0.0151003 0.0113528 0.0130018 0.0159754 0.0167694 0.019195 0.019106 0.0181615 0.0233102 0.0245213 0.0254198 0.0195253 0.00961529 0.0052542 0.015935 0.0213978 0.0139636 0.0125468 0.0166668 0.00953432 0.00300832 0.00395836 0.00648098 0.00442067 0.00188117 0.00180171 0.00935593 0.0163525 0.0115273 0.00992175 0.0163434 0.0207148 0.0232301 0.0146918 0.0198421 0.0214617 0.0179289 0.0199717 0.0238187 0.0218347 0.0363468 0.0300578 0.024902 0.0147832 0.0049145 0.000164823 0 0 0 0 0 0 0 
0 0 0 0 0 0 0 0 0 0 0 0.000311258 0.00141648 0.00895862 0.0183171 0.0194133 0.0146291 0.00717964 0.00972467 0.0125286 0.013599 0.0183814 0.0167721 0.0216709 0.0247637 0.0223047 0.0264298 0.0166965 0.00280858 0.00778163 0.0126885 0.0170038 0.0221987 0.0176379 0.0106911 0.00860291 0.00621501 0.00608611 0.0081679 0.00947201 0.00523743 0.00312539 0.0110835 0.0172134 0.0183396 0.0175613 0.0193984 0.0237648 0.025291 0.0245435 0.0268033 0.0271087 0.0348433 0.0275305 0.0244564 0.0201901 0.0259028 0.0256754 0.0213209 0.00572639 0.000501494 0 0 0 0 0 0 0 0 
0 0 0 0 0 0 0 0 0 0 0 0.000137655 0.00152789 0.0116639 0.0153764 0.0125423 0.0135871 0.0073641 0.0207834 0.0249077 0.0148738 0.0186699 0.0233489 0.0265642 0.0264921 0.0170487 0.0144593 0.0100522 0.00269882 0.00383314 0.00528455 0.00954398 0.0218963 0.0112604 0.00572768 0.00674548 0.00544677 0.00758213 0.018446 0.0153516 0.00877578 0.00311151 0.0103664 0.0160566 0.012909 0.0208662 0.0241974 0.0217484 0.027475 0.0350783 0.0276239 0.0186417 0.0261361 0.0253094 0.0230882 0.011815 0.0153185 0.0131912 0.00585352 0.000372259 0 0 0 0 0 0 0 0 0 
0 0 0 0 0 0 0 0 0 0 0 0 3.988e-05 0.0042438 0.00569169 0.00299881 0.00542511 0.00666557 0.0195704 0.0228263 0.0138447 0.0303746 0.0617349 0.0296662 0.0163949 0.0177191 0.0125835 0.00503247 0.00200456 0.00258764 0.0102956 0.0123317 0.0168126 0.00861357 0.00394461 0.00595531 0.00948874 0.0156919 0.0239299 0.0190001 0.015764 0.00527931 0.00785684 0.0147319 0.0147156 0.0156554 0.0171039 0.0185543 0.0226676 0.0243503 0.0302765 0.0256987 0.0260479 0.0268957 0.0224323 0.0114108 0.0076278 0.00414529 0.000318623 0 0 0 0 0 0 0 0 0 0 
0 0 0 0 0 0 0 0 0 0 0 0 0 0 0 9.09017e-05 0.000837671 0.00585169 0.0197687 0.0267337 0.0208857 0.0298781 0.0473899 0.0277603 0.0192503 0.0123612 0.00960307 0.00484063 0.00142527 0.00273182 0.0108628 0.0101043 0.0129877 0.0138139 0.0192647 0.0242684 0.0208282 0.0191999 0.0177159 0.0203134 0.0118675 0.00506 0.00848667 0.0216317 0.0227368 0.0162694 0.0141872 0.0161932 0.0184507 0.022794 0.0305063 0.0284059 0.0228971 0.0230511 0.014036 0.00327855 0.00158559 7.25759e-05 0 0 0 0 0 0 0 0 0 0 0 
0 0 0 0 0 0 0 0 0 0 0 0 0 0 0 0 0.000593779 0.0057524 0.0143968 0.0213836 0.0224609 0.0226192 0.021936 0.0273242 0.0292227 0.0195348 0.0203581 0.00850062 0.00399114 0.0145994 0.00803767 0.00912917 0.0094673 0.0138253 0.0230205 0.0260018 0.0230175 0.0195815 0.0157362 0.0136007 0.00640534 0.00264364 0.0107094 0.0187848 0.0249364 0.0152319 0.0135431 0.0178996 0.0188544 0.0193854 0.0300596 0.0236231 0.0184699 0.0139271 0.00487872 1.83718e-05 0 0 0 0 0 0 0 0 0 0 0 0 0 
0 0 0 0 0 0 0 0 0 0 0 0 0 0 0 0 0.000303229 0.00324353 0.00947347 0.0179133 0.0238979 0.0214882 0.0246437 0.04683 0.03515 0.0167067 0.0160973 0.00896977 0.0104391 0.0274374 0.0214647 0.0133989 0.0160527 0.0154443 0.0115387 0.00796007 0.00460211 0.01078 0.0154547 0.018087 0.00855621 0.00422466 0.00741373 0.0115174 0.0198829 0.0187146 0.0148297 0.0162889 0.0139263 0.0102497 0.00708705 0.0137216 0.0118236 0.00304102 0.000278177 0 0 0 0 0 0 0 0 0 0 0 0 0 0 
0 0 0 0 0 0 0 0 0 0 0 0 0 0 0 0 0 0.000359033 0.000938144 0.00357168 0.00752858 0.0133215 0.0195357 0.0483083 0.0435111 0.0174214 0.0158338 0.0125303 0.0086036 0.0109639 0.0110082 0.0158008 0.021321 0.0182366 0.0134495 0.00681608 0.00188082 0.00557862 0.00971091 0.0134403 0.00602451 0.00338649 0.0074494 0.0128331 0.0208283 0.0186462 0.0226345 0.0190527 0.0129826 0.00387725 0.00166542 0.00459081 0.00248089 0.000177033 0 0 0 0 0 0 0 0 0 0 0 0 0 0 0 
0 0 0 0 0 0 0 0 0 0 0 0 0 0 0 0 0 0 1.24782e-06 2.8089e-05 0.00246138 0.00739108 0.011253 0.0220255 0.0246486 0.0143761 0.0155376 0.0167088 0.0109645 0.0112822 0.0063869 0.0149308 0.0282534 0.023225 0.0189632 0.011482 0.00455833 0.00219798 0.00594845 0.0114182 0.00289096 0.00149676 0.00210244 0.00534729 0.00753937 0.0125617 0.0118886 0.0101209 0.00467501 0.000889748 0.000297403 8.83236e-05 0 0 0 0 0 0 0 0 0 0 0 0 0 0 0 0 0 
0 0 0 0 0 0 0 0 0 0 0 0 0 0 0 0 0 0 0 0 0.000181432 0.00140516 0.00202124 0.00798429 0.0141183 0.00798898 0.00859194 0.0153195 0.0165704 0.0121554 0.0106008 0.0203099 0.0292416 0.0290287 0.0121733 0.00756594 0.00836783 0.00190374 0.00454367 0.00444425 0.0013376 0.00496808 0.00208601 4.53047e-05 0.000274623 0.00316695 0.0032756 0.0012955 5.34971e-05 0 0 0 0 0 0 0 0 0 0 0 0 0 0 0 0 0 0 0 0 
0 0 0 0 0 0 0 0 0 0 0 0 0 0 0 0 0 0 0 0 0 0 1.01181e-05 0.000801084 0.00191592 0.000855774 0.0045065 0.00757127 0.00783109 0.009059 0.0147346 0.0201203 0.0246279 0.0275682 0.00834106 0.00958412 0.00668772 0.00273547 0.0107443 0.00149878 0.000158812 0.00651819 0.00579061 0 0 3.96123e-06 5.38685e-06 0 0 0 0 0 0 0 0 0 0 0 0 0 0 0 0 0 0 0 0 0 0 
0 0 0 0 0 0 0 0 0 0 0 0 0 0 0 0 0 0 0 0 0 0 0 0 0 1.61006e-05 0.000708763 0.00158311 0.00150725 0.00251028 0.00307186 0.00365708 0.00464479 0.00556708 0.00116843 0.000498412 0.00395522 0.00291119 0.00175101 0.00038757 0 0.00112795 0.00117895 0 0 0 0 0 0 0 0 0 0 0 0 0 0 0 0 0 0 0 0 0 0 0 0 0 0 

