0 0 0 0 0 0 0 0 0 0 0 0 0 0 0 0 0 0 0 0 0 0 0 0 0 0 0 0 0 0 0 0 0 0 0.000185593 0.000185683 0 0 0 0 0 0 0 0 0 0 0 0 0 0 0 0 0 0 0 0 0 0 0 0 0 0 0 0 0 0 0 0 0 
0 0 0 0 0 0 0 0 0 0 0 0 0 0 0 0 0 0 0 0 0 0 0 0 0 0 0 0 0 3.47697e-05 6.24556e-07 0 0.000272522 0.00227971 0.00424611 0.00358845 0.00082738 0.00128501 0.00344755 0.00465969 0.00310753 0.000280099 0 0.000258578 0.000242796 0 0 0 0 0 0 0 0 0 0 0 0 0 0 0 0 0 0 0 0 0 0 0 0 
0 0 0 0 0 0 0 0 0 0 0 0 0 0 0 0 0 0 0 0 0 0 0 0.000149997 0.000301827 7.97526e-06 0.000157881 0.000111005 0 0.000752265 1.66932e-05 1.13143e-05 0.00109505 0.00974736 0.0123261 0.00897166 0.00673275 0.00686588 0.010666 0.00893485 0.00737381 0.00286212 0.00107468 0.00773626 0.0107931 0.00460093 0.000146125 0 0 0 0 0 0 0 0 0 0 0 0 0 0 0 0 0 0 0 0 0 0 
0 0 0 0 0 0 0 0 0 0 0 0 0 0 0 0 0 0 0 0 0 0 0.00038743 0.000648578 0.00231464 0.00091668 0.000504015 0.000479871 0.000745695 4.25497e-05 0.00308968 0.00313779 0.0013427 0.00420526 0.0106273 0.00801977 0.0140754 0.0161081 0.0166451 0.0132623 0.0118942 0.0096875 0.00280812 0.00989402 0.0191591 0.0158224 0.00316924 0.000288787 0 0 0 0 0 0 0 0 0 0 0 0 0 0 0 0 0 0 0 0 0 
0 0 0 0 0 0 0 0 0 0 0 0 0 0 0 0 0 0 0 0 0.00019083 0.00169056 0.00144085 0.00241655 0.00569677 0.00682802 0.00414551 0.00311272 0.00304286 0.00461477 0.0171401 0.0139853 0.00670328 0.00209901 0.00434324 0.00912593 0.0184219 0.0185427 0.0152356 0.0166605 0.0166369 0.0131686 0.00500917 0.0111401 0.0134274 0.00800897 0.00380768 0.0025939 0.000123527 0.000633209 8.48154e-05 0 0 0 0 0 0 0 0 0 0 0 0 0 0 0 0 0 0 
0 0 0 0 0 0 0 0 0 0 0 0 0 0 0 0 0.000111354 0.000164605 0.000274252 0.0001059 0.000500417 0.00456797 0.00308474 0.00820905 0.0122729 0.0134404 0.0124824 0.0119082 0.00852272 0.0165298 0.0287756 0.0334704 0.020262 0.00603441 0.00209989 0.0100628 0.0185965 0.0185541 0.0206204 0.0159505 0.0213867 0.0179915 0.0136568 0.0106511 0.0130007 0.00718479 0.00622138 0.00468348 0.00234163 0.00505781 0.00266636 0.00108758 0 0 0 0 0 0 0 0 0 0 0 0 0 0 0 0 0 
0 0 0 0 0 0 0 0 0 0 0 0 0 0 2.22082e-05 0.00125396 0.00820892 0.011293 0.0076214 0.00307931 0.000440633 0.002125 0.00362176 0.0130062 0.0184216 0.0222389 0.0208961 0.0178927 0.0175071 0.0317502 0.0249347 0.0322703 0.021103 0.012706 0.00885863 0.0205487 0.0244995 0.0217744 0.0225248 0.0176364 0.0201225 0.0185435 0.0248263 0.0148019 0.0183802 0.0159493 0.0103226 0.0108417 0.0159654 0.0147098 0.00733085 0.0102146 0.00575934 0.0044486 0.00192158 0 0 0 0 0 0 0 0 0 0 0 0 0 0 
0 0 0 0 0 0 0 0 0 0 0 0 0 0 0.000517257 0.010084 0.0202609 0.0202357 0.015951 0.014487 0.00547398 0.00241956 0.0109892 0.0272918 0.0283125 0.0268117 0.024665 0.024312 0.0213151 0.0189768 0.0203286 0.0292655 0.0183794 0.0220018 0.0187217 0.0178519 0.027576 0.0264886 0.0276982 0.0164892 0.0190702 0.0178576 0.0193855 0.0145684 0.0225647 0.0151597 0.0180068 0.0201557 0.0190851 0.0150165 0.0138455 0.0183223 0.0200598 0.0156921 0.00720748 0.000857283 3.62201e-05 0 0 0 0 0 0 0 0 0 0 0 0 
0 0 0 0 0 0 0 0 0 0 0 0 0 6.63281e-06 0.00044765 0.00911502 0.0164306 0.0122927 0.0147375 0.0238707 0.0152308 0.003801 0.0171687 0.036486 0.0278907 0.0312352 0.0204134 0.0188316 0.0223745 0.0178065 0.0236553 0.0258068 0.0205146 0.0287646 0.0296428 0.0201051 0.0250768 0.0249445 0.0210237 0.0231198 0.0177116 0.0115463 0.0162633 0.0170637 0.0161706 0.0145586 0.0146053 0.0179987 0.0183783 0.01399 0.0173772 0.0237911 0.0312046 0.0316843 0.0111603 0.00515113 0.000449568 2.24248e-06 0 0 0 0 0 0 0 0 0 0 0 
0 0 0 0 0 0 0 0 0 0 1.00323e-07 0.000110704 0.00137773 0.00425425 0.00250416 0.00190589 0.0051092 0.00880586 0.0111009 0.021114 0.0150672 0.00858172 0.0251533 0.0457262 0.0387737 0.0317409 0.02127 0.0145247 0.0152843 0.0229698 0.0253327 0.0177919 0.0226894 0.0280204 0.0307872 0.0269311 0.0295596 0.021419 0.0181744 0.0204502 0.0124935 0.0137998 0.019208 0.0156955 0.00934229 0.0110914 0.0126533 0.0156238 0.0186846 0.0220918 0.0203252 0.024592 0.0249945 0.0311204 0.0216841 0.0131752 0.00943027 0.00364345 0.000705555 0 0 0 0 0 0 0 0 0 0 
0 0 0 0 0 0 0 0 0 0 0.000196331 0.00495541 0.00723418 0.00780548 0.0100903 0.00521811 0.00597393 0.00854904 0.00903832 0.0133813 0.016514 0.0146449 0.0230471 0.0319606 0.0308497 0.0280561 0.0230641 0.0172707 0.0147414 0.0253184 0.019235 0.0168518 0.0283715 0.0279473 0.023902 0.0273604 0.0307235 0.0246228 0.0165597 0.0230835 0.0246628 0.0239118 0.0275758 0.0209045 0.0152124 0.0137287 0.0134571 0.0174964 0.0320492 0.0307441 0.0233345 0.0188149 0.0176732 0.0180581 0.0147537 0.012816 0.0161472 0.0109503 0.00792369 0.00118075 0 0 0 0 0 0 0 0 0 
0 0 0 0 0 0 0 0 0 1.16311e-05 0.00197819 0.00472038 0.010192 0.0104998 0.0111853 0.00844107 0.0101118 0.00803695 0.012895 0.00992768 0.0109607 0.0178989 0.0208801 0.0239515 0.0291912 0.0239978 0.025191 0.0163831 0.0214133 0.0196949 0.014739 0.0245743 0.0345463 0.0318311 0.0385968 0.0268777 0.0295452 0.0277453 0.0181803 0.017953 0.0194332 0.0226742 0.0230155 0.0198262 0.0174457 0.0194641 0.0175282 0.0211264 0.0243692 0.030625 0.0193831 0.0232671 0.0132159 0.00977799 0.0127908 0.0163521 0.01683 0.0163271 0.0165883 0.00584548 0 0 0 0 0 0 0 0 0 
0 0 0 0 0 0 0 0 6.42539e-05 0.00258399 0.00760703 0.00998229 0.0131092 0.016097 0.012872 0.0113051 0.0105497 0.0108336 0.0135855 0.0112329 0.0101613 0.00992931 0.0166453 0.0260829 0.0251094 0.0265013 0.0300072 0.0183356 0.0147118 0.0130127 0.0167428 0.0239135 0.0260962 0.0271742 0.0416465 0.0305395 0.0377639 0.0314496 0.0232391 0.0180729 0.0187284 0.0197791 0.0194479 0.0206947 0.020371 0.0186348 0.0235335 0.0404755 0.0346665 0.0346784 0.0172246 0.0172166 0.0130465 0.00923328 0.0122489 0.0143675 0.0169256 0.0162355 0.0192619 0.0105263 0.00350915 0.00019057 0 0 0 0 0 0 0 
0 0 0 0 0 0 0 0 0.00114935 0.00781553 0.0177601 0.0164977 0.0193612 0.0199421 0.017545 0.0151185 0.0155197 0.0140388 0.01295 0.0100355 0.00877455 0.00885547 0.0129921 0.0271025 0.0343478 0.0288933 0.0305477 0.0332162 0.0212359 0.0156536 0.0238863 0.0211277 0.0162655 0.0147875 0.0259342 0.0275139 0.0327082 0.0215193 0.0183244 0.014894 0.0155295 0.0145462 0.021938 0.0242317 0.020135 0.0184224 0.042537 0.0785574 0.0314616 0.0191106 0.0156818 0.0161937 0.0134539 0.0181221 0.0207083 0.021472 0.0250604 0.0155843 0.0197748 0.0196478 0.0160743 0.00235964 5.7019e-05 0 0 0 0 0 0 
0 0 0 0 0 0 0 0.00102291 0.00394596 0.0145494 0.0228784 0.0218153 0.017166 0.0174509 0.0155641 0.0185684 0.0188259 0.0142491 0.0184576 0.0157506 0.0103269 0.0103967 0.0135688 0.0252787 0.0314371 0.0343076 0.0271591 0.0324665 0.0239725 0.0203456 0.0207844 0.0213694 0.0223625 0.0202273 0.0265668 0.0285504 0.0346819 0.0251653 0.0221028 0.0197021 0.0193878 0.0216806 0.0258602 0.0326127 0.0255482 0.0220625 0.0296256 0.0488841 0.0260042 0.0209676 0.0191859 0.025688 0.025729 0.0278895 0.0247504 0.0201336 0.0181695 0.0127807 0.0187443 0.0219625 0.0177007 0.00376661 0.000371692 0 0 0 0 0 0 
0 0 0 0 0 0 0.000877439 0.00725757 0.0115346 0.021815 0.0217817 0.0236952 0.0232176 0.0239891 0.0145937 0.0167385 0.0174579 0.0187536 0.0139927 0.0108419 0.0120342 0.0170355 0.0155079 0.0203264 0.0213458 0.0208399 0.0316158 0.029021 0.0235649 0.0233955 0.0168108 0.0164822 0.0170311 0.0202657 0.0231594 0.0250128 0.0295049 0.0273889 0.0269758 0.0257983 0.0204146 0.0258438 0.0298531 0.0298471 0.0272292 0.0263169 0.0200747 0.0272718 0.0182873 0.0212041 0.0206787 0.030201 0.0327949 0.0247146 0.0196515 0.0163222 0.0157091 0.0116281 0.0236227 0.0215111 0.0135417 0.00784092 0.00101633 0 0 0 0 0 0 
0 0 0 0 0 0.000198112 0.00390639 0.00932878 0.00800066 0.0108499 0.018534 0.0190834 0.0247603 0.0215256 0.020072 0.0116305 0.0166589 0.0150579 0.0119587 0.0142843 0.0135259 0.0145961 0.0222134 0.0179576 0.0238906 0.0239658 0.0363687 0.033924 0.0244709 0.0149735 0.0227726 0.0227772 0.0217122 0.0176034 0.0214747 0.0210708 0.0348108 0.028338 0.0231557 0.0215902 0.0182877 0.024108 0.0300118 0.0222799 0.0181398 0.0195833 0.0163952 0.0153231 0.0109312 0.0257012 0.0248321 0.0403564 0.0254498 0.0203791 0.0141031 0.0131869 0.0123921 0.0100828 0.0163943 0.0218602 0.0183939 0.0129177 0.00250497 0.000273908 0 0 0 0 0 
0 0 0 0 0 0.000565688 0.00353265 0.0077335 0.00654678 0.00621601 0.00930857 0.0125524 0.0206017 0.0196025 0.0108468 0.00929553 0.0156769 0.0174965 0.017522 0.0110794 0.0125451 0.0165772 0.0203577 0.0172231 0.0185611 0.0261006 0.0307204 0.0400404 0.0318954 0.0236888 0.0275265 0.0193723 0.0306856 0.0329726 0.0309906 0.0306843 0.0244416 0.0148581 0.014837 0.0203058 0.0163242 0.0202083 0.0207365 0.0239548 0.0178329 0.014362 0.0250353 0.0177781 0.023806 0.0305484 0.0233014 0.0270848 0.0220115 0.0156143 0.0129271 0.0111742 0.0143795 0.0148432 0.0151754 0.0156145 0.0185198 0.0181525 0.0142847 0.00704171 0.00118718 0 0 0 0 
0 0 0 0 1.15007e-05 0.000416909 0.000983972 0.0036139 0.00546257 0.00580097 0.00494941 0.0032741 0.00597126 0.008686 0.00884973 0.0124762 0.0164526 0.0162257 0.0210782 0.0158348 0.0161906 0.0132158 0.0176446 0.0200155 0.0145154 0.0222893 0.0210338 0.0374721 0.049835 0.0447048 0.0317785 0.0270558 0.0436831 0.0457041 0.0274917 0.0307366 0.0172933 0.0142301 0.0144743 0.0126179 0.0193277 0.0185976 0.0179832 0.0215939 0.019733 0.0166987 0.032349 0.0201392 0.0221908 0.0180749 0.0242411 0.0324625 0.0254905 0.0166645 0.0154189 0.0175393 0.0167965 0.0187463 0.0169479 0.0118064 0.0154205 0.0200141 0.0177148 0.0164537 0.00432639 0.000101376 0 0 0 
0 0 0 0 0.000245631 0.00068167 0.0011366 0.00152015 0.00509415 0.00627049 0.00415773 0.0079214 0.0127669 0.014943 0.0152003 0.011333 0.0185065 0.0137054 0.0164546 0.0127423 0.0116792 0.0112318 0.0150139 0.0220497 0.0184861 0.016189 0.0182239 0.03075 0.0341153 0.0364096 0.0350833 0.0478267 0.0388575 0.0276551 0.0230663 0.026744 0.0190705 0.01228 0.0142807 0.0141184 0.0120754 0.0188488 0.0242594 0.0264076 0.0171089 0.0270467 0.0282086 0.015614 0.018515 0.0179457 0.0176369 0.02777 0.0183434 0.0168614 0.0213923 0.0218257 0.0163822 0.0157795 0.0181181 0.0154288 0.0158306 0.015893 0.0171314 0.0194733 0.00779581 0.000436454 0 0 0 
0 0 0 0 0 2.34281e-05 0.00107461 0.0045647 0.00410825 0.00402859 0.00732145 0.0166045 0.0184594 0.0113393 0.0148174 0.0132433 0.012225 0.012373 0.020699 0.0155206 0.0163323 0.0120803 0.0229847 0.0204353 0.0220215 0.0183301 0.0182539 0.02464 0.027464 0.0324625 0.0454791 0.0508167 0.0413029 0.0289302 0.0314602 0.023004 0.0191088 0.0198721 0.0230503 0.0268661 0.0178027 0.0158112 0.0179235 0.0188474 0.0221627 0.03318 0.03119 0.0235878 0.0254189 0.0134848 0.0107913 0.0132516 0.0127986 0.0149225 0.0199135 0.0202828 0.0131473 0.0144335 0.0165788 0.0150984 0.0189375 0.0168943 0.0188181 0.0215333 0.0107572 0.00290381 0.000171122 0 0 
0 0 0 0.000666081 0.000700026 0.00127647 0.00329167 0.00409175 0.0031217 0.00622879 0.0156719 0.0217435 0.0139095 0.0152589 0.0165488 0.0145006 0.0118124 0.0186957 0.0187823 0.0141695 0.0111455 0.0108541 0.0145631 0.0142188 0.0153575 0.0220891 0.0195431 0.0227401 0.0249266 0.0279396 0.029339 0.0466735 0.0336355 0.0326018 0.0295335 0.0247837 0.0194372 0.0210294 0.0187896 0.0235029 0.0260084 0.0199224 0.0149228 0.014923 0.0253998 0.0307172 0.0269002 0.0294392 0.0344919 0.0167497 0.0101694 0.00671965 0.00900909 0.0109086 0.0151574 0.0140444 0.0195631 0.0159609 0.0154526 0.0129417 0.0213225 0.0227504 0.0211802 0.0189353 0.017336 0.00737759 0.000393686 0 0 
0 0 0 0.00289001 0.00263498 0.00181425 0.00314015 0.00104998 0.00401714 0.012686 0.0207852 0.0255186 0.01801 0.0193731 0.0171062 0.0170238 0.0115094 0.0153185 0.0192794 0.0155535 0.00954823 0.0139461 0.0146069 0.0118499 0.015941 0.0199242 0.0226221 0.0224441 0.0231538 0.0273352 0.0282888 0.0301277 0.0255234 0.0257583 0.0264407 0.0246808 0.0207435 0.0168423 0.0168018 0.0192038 0.0228667 0.0180816 0.0134492 0.0131094 0.0152191 0.022625 0.022186 0.0229031 0.0370442 0.0288827 0.0138202 0.0060413 0.00815401 0.0111068 0.0106426 0.0165953 0.0172675 0.0143118 0.0160217 0.0209233 0.0244752 0.0269809 0.0244548 0.0195849 0.0223897 0.0119619 0.00158215 0 0 
0 0 0 0.00046994 0.000235579 0.00177844 0.00269044 0.00357978 0.00495072 0.0127357 0.0122297 0.0176986 0.0143202 0.0163497 0.0201064 0.020816 0.0220139 0.0255936 0.0212331 0.0198939 0.0126944 0.0140533 0.017871 0.0182254 0.0108421 0.0140298 0.0203089 0.0250032 0.0251621 0.0350793 0.025725 0.0347109 0.0245528 0.0257951 0.0353325 0.0310236 0.0233628 0.0163308 0.0220507 0.0202751 0.0175857 0.0169096 0.0156943 0.0164892 0.0130143 0.0104116 0.0163613 0.0326797 0.0373616 0.0360095 0.0209876 0.00947906 0.0118448 0.0170249 0.0139704 0.0200372 0.0152936 0.0149967 0.021136 0.0212736 0.0328214 0.0339807 0.0224257 0.0159394 0.0177811 0.018529 0.00454257 3.25659e-06 0 
0 0 0 1.4216e-05 0.00178251 0.00878909 0.0103272 0.0134708 0.0037536 0.00478743 0.00649735 0.0129365 0.0112308 0.0165839 0.0225448 0.0181708 0.0211839 0.0254157 0.0236622 0.0193499 0.0157431 0.0173123 0.0183076 0.0196184 0.0151691 0.0183827 0.0183994 0.0299682 0.0308371 0.0337225 0.0323408 0.0397516 0.0290075 0.0242499 0.0175178 0.0230632 0.0240956 0.0230227 0.0221254 0.0161841 0.020309 0.0143719 0.0148651 0.0123539 0.0124653 0.0157096 0.00994697 0.0143774 0.0195547 0.0286452 0.0435139 0.0317701 0.0156324 0.0139757 0.0199283 0.015319 0.0158054 0.0157771 0.0183141 0.0199176 0.0230705 0.0191967 0.0166959 0.0101066 0.0109912 0.00934645 0.0050336 0.00050892 0 
0 0 0.000338395 0.00364996 0.00858634 0.00668812 0.0076811 0.0147368 0.00747974 0.00590257 0.00788018 0.0113119 0.0164409 0.0162445 0.0217017 0.0164332 0.0287273 0.0280871 0.0162955 0.0178059 0.0181723 0.0187368 0.016233 0.0158908 0.0175869 0.0218019 0.0211422 0.0276631 0.0232384 0.0257784 0.0332959 0.02807 0.0198998 0.020595 0.0177505 0.024291 0.0211573 0.0255207 0.0245033 0.01732 0.0199624 0.0186839 0.0145167 0.0121469 0.0143181 0.0191387 0.0229163 0.0144429 0.0107433 0.0171862 0.0320602 0.0473812 0.0268111 0.0167206 0.0163209 0.019101 0.0116621 0.0144796 0.0131406 0.0137737 0.0176541 0.0178874 0.0143691 0.00827268 0.00371058 0.00834467 0.00417336 0.000866977 0 
0 0 0.00153116 0.00384232 0.0113597 0.0109254 0.0157803 0.0214413 0.0124239 0.0059761 0.0067119 0.0137717 0.0149882 0.0127782 0.0243339 0.0240462 0.0302672 0.0240277 0.0240292 0.0243325 0.020166 0.0180824 0.0191164 0.0232118 0.0201516 0.0246955 0.0277989 0.0357171 0.0229544 0.0294606 0.0314572 0.0251251 0.0221591 0.0195476 0.0208697 0.0293231 0.0210324 0.028373 0.0217509 0.0211011 0.0222464 0.0158142 0.0143898 0.0167495 0.0170767 0.0210863 0.019402 0.0128591 0.010077 0.0147534 0.0173234 0.034884 0.0281621 0.010066 0.00768826 0.010848 0.00923136 0.0150334 0.0143091 0.0137856 0.0177507 0.0169991 0.0137693 0.0165315 0.0116687 0.00348538 0.00116017 0.000607275 0.000167602 
0 0 0.00253834 0.0051862 0.0111713 0.00944848 0.014574 0.0152493 0.00662189 0.00445777 0.0141538 0.0165879 0.0166436 0.0124314 0.0135716 0.0197456 0.0191587 0.0200262 0.024286 0.0246989 0.0193356 0.0176721 0.0182992 0.0198379 0.0223227 0.0196554 0.0260558 0.0416948 0.0362605 0.0293388 0.0293491 0.0315855 0.0374944 0.0370823 0.0321847 0.0264489 0.0205255 0.0270165 0.021089 0.0202274 0.0218343 0.019459 0.0215777 0.0203485 0.0209536 0.0135219 0.00879652 0.00944661 0.009258 0.0148521 0.0325401 0.0329355 0.0218588 0.0101961 0.00934786 0.00824098 0.0147872 0.0220755 0.0238449 0.0114609 0.0115236 0.0192785 0.0215414 0.0233136 0.0153394 0.00701309 0.00400025 0.0119318 0.00308282 
0 0 0.000582748 0.00433515 0.00890601 0.0109071 0.0119331 0.0119243 0.00517146 0.00733769 0.0206687 0.0199725 0.0254735 0.0237792 0.0189614 0.0174928 0.0245647 0.0249092 0.0258532 0.024782 0.021808 0.0201796 0.0165833 0.018772 0.0286096 0.0270173 0.0276753 0.0391743 0.0459612 0.0279318 0.0232243 0.0283038 0.0392371 0.0456849 0.0299954 0.0225932 0.0271534 0.0269865 0.0253034 0.0170417 0.0173536 0.028115 0.03504 0.0308871 0.0167574 0.0112324 0.00931303 0.0103772 0.00879829 0.0144325 0.0210944 0.0182324 0.0234185 0.0196212 0.0117445 0.00980985 0.0172342 0.0215761 0.020759 0.0186357 0.0192622 0.0264171 0.0206348 0.028201 0.0175315 0.0104554 0.00894324 0.0151777 0.00457502 
0 0 0.0011741 0.00380144 0.00627335 0.00702423 0.00549329 0.00528261 0.0116748 0.0160706 0.0184192 0.0197621 0.0225716 0.0253908 0.0208704 0.0189175 0.0207451 0.023069 0.02239 0.0240419 0.0201441 0.018944 0.0157328 0.0181733 0.0241293 0.0253908 0.0252705 0.034145 0.0343585 0.0229625 0.0218384 0.0234591 0.029998 0.0316724 0.0407625 0.0384374 0.0288846 0.0198931 0.0218518 0.0162743 0.0203397 0.0249161 0.0294671 0.0207633 0.0149827 0.0193353 0.0216957 0.0198372 0.0211871 0.0220433 0.0206893 0.0223538 0.023262 0.0256637 0.0191019 0.0172921 0.0118402 0.0139661 0.0211981 0.0189789 0.0207416 0.0238894 0.0173626 0.0206827 0.0195056 0.0162017 0.0182905 0.0172234 0.00587371 
1.32431e-05 0 0.000343888 0.000558067 0.00126041 0.00487834 0.0112054 0.0123555 0.0155861 0.0161563 0.0175177 0.0179943 0.0193465 0.0202764 0.0198569 0.0141357 0.014525 0.0168578 0.0171496 0.0228136 0.0205881 0.0162043 0.0148295 0.0166557 0.0253633 0.0209944 0.021322 0.0204618 0.0240128 0.0298883 0.0258951 0.0261171 0.0250167 0.030281 0.0474489 0.0506823 0.0294633 0.0301603 0.0217751 0.0141004 0.0196318 0.0234886 0.0280003 0.0143836 0.0168668 0.0217807 0.0208089 0.0221163 0.0230532 0.0242491 0.0269534 0.0227024 0.0256401 0.0250308 0.0172971 0.0148626 0.012981 0.0139084 0.0191073 0.0186035 0.0149419 0.0181551 0.0173351 0.0183191 0.0206049 0.0184905 0.0241202 0.0217573 0.00708097 
3.30591e-05 0 0 0.000389243 0.00245561 0.0111139 0.0166493 0.0125387 0.00799634 0.00906053 0.0127443 0.0201944 0.0226281 0.0211701 0.0163301 0.0158028 0.0171596 0.0170829 0.0163521 0.0153265 0.016731 0.0159629 0.0149324 0.0168199 0.0240192 0.0230688 0.0190631 0.0190703 0.0168229 0.0276899 0.0232857 0.0274315 0.0259518 0.027351 0.0619492 0.0949376 0.0348505 0.0247354 0.0209778 0.0189744 0.0161795 0.0233142 0.0190676 0.0141137 0.0171519 0.0177452 0.0199495 0.0208265 0.0162964 0.0142845 0.0168707 0.0233108 0.0217509 0.0229116 0.0222378 0.0228452 0.0283376 0.0217146 0.0150732 0.020323 0.0166979 0.0195224 0.0184276 0.0203677 0.0246702 0.0254126 0.0317878 0.0263935 0.00748307 
0.000142972 0 0 0.000204182 0.00775343 0.0191802 0.0195729 0.00954452 0.00342649 0.002915 0.011158 0.0197931 0.0126969 0.0170007 0.0167518 0.0178582 0.0187522 0.0170203 0.0159699 0.0158329 0.0185573 0.0186497 0.0124555 0.0160545 0.0175919 0.0179595 0.025349 0.0237985 0.0148355 0.0194607 0.0189501 0.0175202 0.0262375 0.0277081 0.0822526 0.134929 0.055609 0.0275962 0.0235538 0.0168967 0.014186 0.0188915 0.0213451 0.0162785 0.0162891 0.0139955 0.015554 0.0214114 0.0177862 0.0190652 0.0162886 0.0142359 0.0204547 0.0201263 0.0178042 0.0186409 0.0192533 0.0150642 0.0154758 0.0128178 0.0189565 0.0220564 0.028053 0.0290619 0.0296694 0.0212752 0.024908 0.0223749 0.00770875 
0.00011867 0.000600056 0.000296624 0.00146792 0.0137888 0.0330864 0.025335 0.014298 0.00701792 0.00407505 0.00547163 0.00797759 0.0119388 0.0176261 0.0131488 0.0127738 0.0172711 0.0189672 0.0197672 0.021941 0.0215692 0.024147 0.0213335 0.0149562 0.0173502 0.0196319 0.0238401 0.0228766 0.0170598 0.0137728 0.0191558 0.02346 0.0296509 0.0255473 0.0780068 0.15063 0.0481147 0.0206033 0.0174251 0.0145458 0.0168454 0.0212604 0.0205908 0.0229138 0.021752 0.0137559 0.0129045 0.0220469 0.0279309 0.0183594 0.0135579 0.015373 0.0201083 0.0214626 0.0157135 0.0213901 0.0197454 0.0218445 0.0193215 0.0115898 0.0184941 0.0191965 0.0198761 0.0301192 0.0227304 0.0175295 0.0181666 0.0144092 0.00811883 
0.000213102 0.00261385 0.00457953 0.00278608 0.010578 0.0255656 0.0231519 0.0259983 0.0231527 0.0120203 0.0117406 0.00944751 0.00999326 0.0143349 0.0134034 0.00972934 0.0145472 0.0219668 0.0217778 0.028407 0.024518 0.0268139 0.021297 0.0166356 0.0177886 0.0226675 0.0198185 0.0219232 0.017505 0.0180244 0.0232391 0.0231552 0.0235107 0.0206343 0.0351805 0.097359 0.0304983 0.0191212 0.0192378 0.0167716 0.0169595 0.0241364 0.0198843 0.0200273 0.0233014 0.0170011 0.0153242 0.0246745 0.0206543 0.0221304 0.0200778 0.0167086 0.0106591 0.0147951 0.0165662 0.0186908 0.0175828 0.0225546 0.0227089 0.0236273 0.0199264 0.019907 0.0179498 0.0171936 0.0171042 0.0206721 0.0197788 0.019145 0.00586921 
0.000290483 0.00369241 0.0118194 0.00635895 0.0065786 0.0118944 0.0138607 0.0187832 0.0118314 0.00985499 0.0130585 0.0146943 0.0163874 0.0136895 0.0128413 0.0115296 0.0181592 0.0197354 0.01715 0.0231956 0.0249582 0.0288024 0.030466 0.018803 0.0148932 0.0195648 0.0249811 0.0223841 0.0207283 0.0213291 0.0221791 0.0261766 0.0170514 0.0255254 0.026455 0.0328763 0.0178631 0.015931 0.022465 0.0220312 0.015061 0.0215653 0.0264759 0.0218385 0.0221555 0.0238619 0.0217188 0.0239409 0.0162092 0.0158985 0.0153645 0.0196472 0.00893571 0.0106321 0.0181189 0.0132501 0.017097 0.0244667 0.0172449 0.0178051 0.0214533 0.0274831 0.0221264 0.0151882 0.0171102 0.0211048 0.0202247 0.0141614 0.00492794 
0.000488429 0.00540633 0.0112678 0.00970363 0.00583412 0.00597245 0.00723622 0.0070177 0.00655764 0.00411799 0.00348371 0.0115232 0.0155323 0.0168562 0.0154615 0.014511 0.0186531 0.0210857 0.0167213 0.0181087 0.0261166 0.0306961 0.0265134 0.0192473 0.0184342 0.0198302 0.0262456 0.0281139 0.0303187 0.0219882 0.0241936 0.0255247 0.0174983 0.0240853 0.0318052 0.0257197 0.0173873 0.0214946 0.0258301 0.03072 0.0195663 0.0156087 0.0241834 0.0324388 0.0290711 0.02748 0.0233766 0.0210946 0.0116512 0.00928011 0.00857207 0.015006 0.0131409 0.0205815 0.023563 0.0172726 0.015685 0.0172314 0.0155253 0.0196791 0.0218698 0.0257051 0.0227892 0.0182612 0.0171105 0.0179633 0.0191608 0.0125038 0.00399027 
0.000379204 0.00473665 0.00887863 0.0065083 0.00599489 0.00348879 0.00245605 0.00434707 0.00569348 0.00618068 0.00262211 0.00967801 0.0189119 0.0152355 0.0152142 0.0209226 0.0202048 0.0223455 0.0183887 0.0213089 0.0286582 0.0267783 0.024521 0.0215054 0.0183093 0.0208622 0.0192283 0.0250279 0.0277374 0.0224234 0.0281689 0.0289452 0.0177084 0.0139335 0.0166134 0.0234438 0.0191067 0.0175814 0.0208185 0.0246445 0.0172259 0.017904 0.0200478 0.0409289 0.0353154 0.0208869 0.0163061 0.0222371 0.0114519 0.0108186 0.00946498 0.0129025 0.0177425 0.0147815 0.0114973 0.0123409 0.0093301 0.0135797 0.0162597 0.0173245 0.0237202 0.0183501 0.0207894 0.0195551 0.0143833 0.0191015 0.0153367 0.00649833 0.00136888 
0.000316702 0.00624945 0.00870665 0.00441978 0.00341047 0.00242546 0.00109449 0.0061133 0.0146903 0.0102067 0.00458518 0.00444915 0.0150482 0.0157739 0.0180188 0.0270149 0.0226007 0.01715 0.0164281 0.017236 0.0279649 0.0272094 0.0201033 0.0198614 0.0177228 0.0176086 0.0223499 0.0243102 0.0249913 0.0189406 0.0207802 0.0211265 0.01967 0.0190541 0.0159523 0.0222626 0.0258647 0.0238945 0.0159216 0.0155193 0.0185985 0.0258026 0.0207342 0.020614 0.0206147 0.0226872 0.0191847 0.0230777 0.0204642 0.0173012 0.0124514 0.017888 0.0168047 0.013052 0.0109771 0.0126547 0.0153115 0.0176 0.0189175 0.0169968 0.018647 0.0153421 0.0135479 0.0138571 0.00886649 0.0178091 0.0129257 0.00223511 0.000294171 
5.09046e-05 0.00268291 0.00564774 0.00143248 0.00130357 0.0018096 0.00265508 0.0161965 0.0194616 0.0137644 0.00493577 0.00509911 0.00908027 0.0166801 0.0210928 0.0294832 0.0274856 0.0162055 0.0149772 0.0168727 0.0242096 0.0184187 0.022019 0.0219902 0.0181583 0.020104 0.0214732 0.0232064 0.0238616 0.0273626 0.0149995 0.0205188 0.0202293 0.0150989 0.018771 0.0203992 0.0189526 0.0211086 0.0195092 0.0133119 0.0164089 0.0230728 0.0233779 0.0208765 0.0151596 0.0152452 0.0138416 0.0264493 0.0346158 0.0280015 0.0167327 0.0170585 0.0143745 0.0143146 0.0129325 0.0134794 0.0137388 0.0144624 0.0209579 0.0193566 0.0217439 0.0190833 0.0181948 0.0167716 0.0152665 0.00931021 0.00595144 0.00328282 0.000245232 
0 0.00017283 0.000159338 4.13042e-05 0.00125878 0.00301469 0.00434098 0.010214 0.0169605 0.00895161 0.00363663 0.00860427 0.0147127 0.0151669 0.0216773 0.0300275 0.0260675 0.0198738 0.0214871 0.0240643 0.0243632 0.021858 0.0242153 0.0223739 0.0157526 0.0171407 0.0246148 0.0211057 0.0155195 0.0176367 0.0171012 0.0176855 0.0224783 0.0193996 0.0199681 0.0181403 0.0189337 0.0177206 0.0149549 0.0225828 0.0219031 0.0272472 0.0222112 0.0244582 0.0154536 0.0144283 0.0166419 0.025379 0.0411584 0.0322439 0.0169345 0.0135384 0.014144 0.0134296 0.0154553 0.0181234 0.014303 0.0123365 0.0179986 0.0175899 0.0218038 0.0209471 0.0204913 0.0171136 0.0118506 0.00673842 0.0116253 0.00918801 0.00156323 
0 0 0 0.000863575 0.00607152 0.00924462 0.00520812 0.007132 0.0109371 0.0049336 0.00592834 0.00788224 0.0139748 0.0159141 0.0186269 0.0262714 0.0253695 0.0225491 0.0205844 0.0215262 0.0233194 0.0239605 0.0243876 0.0216047 0.0155481 0.0194824 0.0264448 0.0209745 0.0198625 0.0162147 0.0183242 0.0187127 0.0220297 0.0217845 0.0195629 0.012649 0.0196761 0.018587 0.0198374 0.0182937 0.0187649 0.0182576 0.018547 0.0257601 0.0195521 0.0141163 0.0172245 0.0265791 0.0313706 0.0289839 0.0195855 0.0133903 0.0121409 0.0131539 0.0132784 0.0129579 0.0116972 0.0178049 0.016492 0.0108225 0.0141405 0.0188814 0.00686609 0.00596285 0.0018139 0.00487802 0.00959851 0.0111461 0.000671611 
0 0 0 0.000215849 0.00386204 0.00573962 0.0062463 0.00357235 0.0045946 0.00596803 0.0141116 0.0111978 0.00947671 0.0238093 0.0193066 0.0188929 0.0251643 0.0182487 0.0197202 0.0222091 0.0188543 0.0169053 0.0179074 0.0160236 0.0164717 0.0202293 0.0187434 0.0193791 0.0256368 0.0273823 0.022872 0.0198763 0.0200766 0.0263464 0.0149704 0.0169379 0.02433 0.0212033 0.0236979 0.0196461 0.022112 0.0155599 0.0155506 0.0144035 0.015759 0.0183646 0.0176379 0.022906 0.0173563 0.0172304 0.0149288 0.0169328 0.01711 0.0124751 0.0134169 0.0165992 0.0146205 0.0134201 0.00928727 0.0075807 0.00481015 0.00305771 0.00231342 0.00165469 0.00145049 0.00312069 0.00185892 0.000475607 4.45398e-05 
0 0 0 0 0.000100234 0.00108671 0.00308858 0.00710453 0.0122167 0.0147669 0.0151101 0.0191909 0.0219516 0.0256195 0.0186853 0.020313 0.0330765 0.0256437 0.0208481 0.0128971 0.0104547 0.0117328 0.0131884 0.0158139 0.0158467 0.0186794 0.0200208 0.0220675 0.0206694 0.0205595 0.0165054 0.0154261 0.0157067 0.0156081 0.017844 0.0163395 0.022803 0.0233419 0.0252703 0.026418 0.0214133 0.0200492 0.0183256 0.0162984 0.0137834 0.0218543 0.0192018 0.0189554 0.0193419 0.0198583 0.016758 0.0150215 0.0155065 0.0147438 0.0158807 0.0176254 0.0131036 0.0101579 0.0144366 0.0134365 0.0100619 0.0103908 0.0147169 0.0119541 0.011317 0.0106455 0.00732694 0.000732317 0 
0 0 0 0.000292171 0.00196241 0.00249966 0.00658108 0.0159063 0.020109 0.0190239 0.0164741 0.019144 0.0262572 0.0242883 0.0188887 0.0199501 0.030674 0.0281191 0.0160914 0.0143612 0.0120158 0.0140235 0.0138695 0.018658 0.0172647 0.016314 0.022077 0.0251655 0.0208295 0.0260306 0.0192877 0.0144059 0.0170019 0.0218829 0.0237008 0.019588 0.0215467 0.0207861 0.0263551 0.0228511 0.0195888 0.0189254 0.0202813 0.0212259 0.0153527 0.0259792 0.0222917 0.0200462 0.0157621 0.00993192 0.0092589 0.0155847 0.016614 0.0132293 0.0191681 0.0198747 0.0153819 0.0216273 0.01976 0.0210533 0.0255561 0.0183641 0.0210405 0.0173968 0.0173698 0.0168585 0.0141224 0.00309177 0 
0 0 8.23328e-05 0.0040885 0.00897609 0.00930205 0.014485 0.0157826 0.016371 0.0199878 0.0196023 0.0240122 0.0278498 0.0211337 0.0189355 0.0158848 0.0205074 0.0223202 0.0202712 0.0200152 0.0174057 0.0193517 0.0204963 0.0198975 0.0228358 0.0221629 0.0178207 0.0187839 0.0205738 0.0241007 0.0197656 0.0213142 0.0199699 0.0255003 0.0245539 0.0213784 0.0149988 0.0172129 0.0201265 0.0202551 0.0167774 0.0184358 0.0232293 0.0220341 0.0220343 0.0239394 0.0260292 0.0249233 0.0133165 0.00991679 0.0131987 0.0178891 0.0119512 0.015814 0.0217942 0.0288002 0.0381803 0.0347489 0.0169637 0.0186794 0.0255233 0.0203598 0.0188588 0.0141283 0.0136624 0.0104726 0.00867247 0.00239827 0 
0 0 0.000375768 0.0062078 0.0243642 0.0235069 0.00659475 0.00582871 0.0107833 0.0176064 0.0147361 0.0212895 0.0282313 0.0246108 0.0259353 0.0145833 0.0154715 0.0142812 0.0198591 0.0172855 0.0212665 0.0184276 0.0166056 0.0145598 0.0179759 0.0307698 0.0202139 0.0179592 0.0188375 0.0231584 0.0237623 0.022053 0.0237048 0.0213407 0.0244617 0.020657 0.0238784 0.0203934 0.0164592 0.0238013 0.0187271 0.0228134 0.0317314 0.0275567 0.0235833 0.0216482 0.0185004 0.0131125 0.0134217 0.0116391 0.0134908 0.017721 0.0165249 0.019645 0.0253786 0.0565593 0.0682053 0.0335718 0.020154 0.0219343 0.0207955 0.0111012 0.011716 0.0163761 0.0171516 0.00805666 0.00442621 0.000587087 0 
0 0 2.18087e-05 0.00483565 0.0280774 0.0204284 0.0024599 0.00470016 0.0139297 0.0195607 0.0209231 0.019247 0.0247769 0.0239734 0.020522 0.0141774 0.0150295 0.0213273 0.0217588 0.0234708 0.0257355 0.0208761 0.0184148 0.0116139 0.0152526 0.0205823 0.021034 0.0250967 0.0261071 0.0210848 0.0286525 0.0280972 0.0267178 0.0233413 0.0303232 0.0324504 0.0266482 0.0204808 0.0175939 0.0308308 0.0230776 0.0198386 0.0255202 0.0242017 0.018661 0.0142894 0.0101595 0.0111838 0.0119156 0.0115455 0.0171459 0.0165473 0.0207132 0.0155993 0.021804 0.0416037 0.0684424 0.0307787 0.0142638 0.0129097 0.0113212 0.0091938 0.0181641 0.0133921 0.0123333 0.00428252 0.00123296 5.6217e-07 0 
0 0 0 0.001456 0.0096515 0.00405266 0.00086211 0.00519608 0.0158249 0.0179378 0.0249117 0.030477 0.0256648 0.01666 0.0197264 0.0163874 0.0128769 0.015782 0.0217665 0.0260131 0.0184997 0.0171159 0.0174029 0.018517 0.0218687 0.0207707 0.0242613 0.0255009 0.0169318 0.0144388 0.0205589 0.0246596 0.0262816 0.0243691 0.020127 0.0256172 0.0225236 0.0306713 0.0245444 0.0260718 0.0254034 0.02154 0.0206937 0.0221626 0.0220751 0.0194697 0.0118639 0.0104492 0.0141837 0.0139143 0.0163154 0.0156994 0.0229365 0.0236731 0.0210236 0.0210481 0.0205474 0.0179697 0.00992938 0.00727797 0.00564265 0.0087462 0.0252141 0.0125043 0.00338627 0.00265921 0.000387678 0 0 
0 0 0 4.85181e-07 7.10381e-05 0.000122801 0.00314547 0.0104498 0.0134656 0.0166835 0.0286455 0.0311091 0.0234405 0.0193963 0.0204366 0.0266028 0.0229617 0.0175368 0.0215938 0.0209636 0.0190057 0.0165551 0.0192298 0.0225874 0.0224288 0.020938 0.0187313 0.0179108 0.0113088 0.0173595 0.0176498 0.0199518 0.0213408 0.0258343 0.0215819 0.02737 0.0327137 0.0313742 0.0248939 0.0226485 0.0245769 0.0228865 0.0161445 0.0258825 0.0210053 0.0173029 0.0145851 0.00951991 0.0133029 0.0206111 0.0194228 0.0138887 0.018567 0.0190729 0.0166078 0.0157303 0.0122072 0.0146406 0.0121915 0.00839107 0.0106742 0.0115315 0.0276534 0.0167983 0.00113355 0.000222882 2.11975e-05 0 0 
0 0 0 0 0 0.000288691 0.0046656 0.0157961 0.0184355 0.0268057 0.0280328 0.0250778 0.018054 0.0163702 0.0248419 0.0259392 0.0350893 0.0266869 0.0184337 0.0239354 0.0215943 0.0277233 0.0272361 0.0261867 0.021539 0.0150762 0.0146653 0.0123906 0.0145588 0.0190571 0.0164333 0.0148462 0.017383 0.0188398 0.0190831 0.0307069 0.033217 0.0369277 0.0246273 0.025841 0.0212645 0.0200517 0.0176102 0.0277384 0.0338937 0.027995 0.018472 0.0112262 0.0187712 0.0193418 0.0211968 0.0176229 0.0152992 0.0198353 0.0166821 0.0271165 0.0188898 0.0157815 0.0158525 0.0148263 0.0141596 0.0095068 0.0100775 0.00484775 0.000373768 0 0 0 0 
0 0 0 0 0 0.000557815 0.00363858 0.0161494 0.0206213 0.0271521 0.0245856 0.0251187 0.015387 0.0168681 0.0230671 0.0246897 0.0298078 0.0308836 0.0261378 0.0244799 0.0264018 0.0255723 0.022124 0.0231958 0.0228316 0.0158441 0.0147721 0.0132334 0.020698 0.0222002 0.0236318 0.0208693 0.015023 0.0170251 0.0156105 0.0230074 0.0262604 0.03014 0.0269646 0.0223908 0.0155276 0.0190651 0.0187678 0.0277343 0.0273369 0.0240032 0.0192828 0.0147487 0.0266589 0.0253256 0.0218066 0.0215947 0.0127467 0.0157687 0.0192587 0.0277378 0.0272207 0.0169298 0.0295332 0.0536877 0.0219072 0.00795602 0.00471246 0.00303874 0.000434326 0 0 0 0 
0 0 0 0 0 0.000230771 0.00362867 0.0157015 0.0262324 0.026049 0.0230995 0.0215869 0.0212918 0.0229866 0.027359 0.0275318 0.0213251 0.0288505 0.0335583 0.0279667 0.0242573 0.0203549 0.01577 0.0250798 0.0285825 0.0188939 0.0198225 0.0201125 0.0203971 0.0204241 0.0211975 0.017214 0.0161644 0.0149846 0.0118525 0.0174739 0.019404 0.0226764 0.0265874 0.0227858 0.0174423 0.0186753 0.015666 0.0202096 0.017421 0.016758 0.0219048 0.0232999 0.0248119 0.0361485 0.039298 0.0301263 0.0197949 0.00956693 0.0159984 0.0165369 0.0172721 0.0204942 0.0710225 0.215405 0.0701293 0.00851388 0.00283348 0.000705091 2.88239e-05 0 0 0 0 
0 0 0 0 0 0 0.00367455 0.0148789 0.0175468 0.0235594 0.0221327 0.0235617 0.0207651 0.019304 0.0211481 0.0280785 0.0316354 0.0294932 0.0324947 0.0336895 0.0262012 0.0200942 0.0192057 0.0423319 0.0394722 0.0281794 0.0299564 0.0266752 0.0199427 0.0208164 0.0215043 0.0185481 0.0269919 0.0269174 0.0189918 0.0158351 0.0235829 0.0253178 0.0248671 0.0244075 0.022185 0.0153268 0.0130994 0.0133901 0.0102005 0.0168194 0.0182016 0.0248648 0.0234513 0.0311505 0.0347426 0.0335684 0.0253107 0.0163415 0.0172817 0.012483 0.0152435 0.0136998 0.039715 0.100108 0.0370239 0.00733171 0.00161611 9.1177e-07 0 0 0 0 0 
0 0 0 0 0 0 0.000835561 0.00735038 0.0162249 0.0212552 0.0230912 0.0212828 0.0222879 0.0193536 0.0192003 0.031855 0.0561902 0.0366566 0.0301221 0.0359619 0.0368205 0.0233818 0.0148607 0.0306146 0.0432512 0.0337162 0.0351261 0.0303383 0.0295405 0.0161796 0.0190224 0.0227515 0.0299986 0.025126 0.0230603 0.0174738 0.0175908 0.0259706 0.0233446 0.0207962 0.0180496 0.0191933 0.0172272 0.0226171 0.0177167 0.0214389 0.0203641 0.0227258 0.0231599 0.0289577 0.0302878 0.0194392 0.0217806 0.0167897 0.0153099 0.013166 0.0209923 0.0182595 0.0206782 0.0215492 0.0125787 0.00567683 0.000542743 0 0 0 0 0 0 
0 0 0 0 0 0 0 0.000534075 0.00943748 0.0141194 0.0171172 0.0228221 0.0219741 0.0299072 0.0272044 0.0290659 0.0369062 0.0332845 0.0242281 0.0244236 0.027408 0.0297982 0.0172967 0.0136102 0.0167436 0.0259237 0.0373099 0.0364065 0.0274974 0.016308 0.016132 0.0174806 0.0194023 0.0180739 0.0318165 0.0240202 0.0238255 0.0220033 0.0233664 0.0180349 0.0150682 0.0156537 0.020419 0.0229578 0.0161275 0.0145825 0.0183309 0.0184673 0.0251959 0.0207185 0.0233191 0.0208586 0.0223422 0.0162946 0.0148284 0.0168756 0.019945 0.0223371 0.0168385 0.0148136 0.00711224 0.00244781 0.000124378 0 0 0 0 0 0 
0 0 0 0 0 0 0 1.51699e-06 0.00421258 0.00899839 0.0165435 0.0246111 0.0312973 0.0407389 0.033482 0.0257739 0.0234987 0.0231604 0.0254377 0.0249025 0.0248787 0.0307278 0.0241165 0.0164632 0.0123717 0.0204726 0.0377854 0.0302123 0.0270849 0.0230691 0.0202844 0.0152464 0.0188412 0.026473 0.0275798 0.0243914 0.0244333 0.0246541 0.0182878 0.0159028 0.0190221 0.017798 0.0213404 0.0209314 0.013965 0.0216333 0.0296768 0.0207613 0.013759 0.0200071 0.0251221 0.0204142 0.0232899 0.0193412 0.0197756 0.0128901 0.0169791 0.0162269 0.0203313 0.01539 0.00689021 0.00140725 5.23158e-05 0 0 0 0 0 0 
0 0 0 0 0 0 0 0 0.000358318 0.0039523 0.0128078 0.0208422 0.0344625 0.0417781 0.0335485 0.0139576 0.00988603 0.0160685 0.0201147 0.018872 0.0245766 0.0275798 0.0256643 0.0206112 0.0206389 0.0267226 0.0269975 0.0293285 0.0275754 0.0208913 0.0166736 0.0165404 0.0238447 0.028439 0.021493 0.017487 0.0141777 0.0184007 0.0202984 0.0166992 0.0207109 0.025007 0.0214109 0.020966 0.0183144 0.0231827 0.0420725 0.027914 0.0108488 0.020098 0.0236246 0.0221336 0.0303268 0.0227375 0.0183416 0.0159516 0.0167189 0.0123885 0.0141693 0.0118989 0.00257634 4.02265e-05 0 0 0 0 0 0 0 
0 0 0 0 0 0 0 0 0 0.000379776 0.00612297 0.0240613 0.0268313 0.026857 0.0314754 0.0118962 0.00368501 0.00921969 0.0110253 0.0147951 0.0187018 0.0215717 0.018222 0.0175712 0.0265966 0.0426671 0.0336225 0.0252296 0.025665 0.0207092 0.0194809 0.0211651 0.0254292 0.0211989 0.00975432 0.0107768 0.0158328 0.0182602 0.0172493 0.0180939 0.0230586 0.0275077 0.0196138 0.0248885 0.0292226 0.023563 0.0279723 0.0182025 0.0128254 0.0215232 0.0211442 0.0185396 0.0332234 0.0302776 0.0288389 0.0224211 0.0101797 0.00983676 0.00649798 0.0027053 0.000195146 0 0 0 0 0 0 0 0 
0 0 0 0 0 0 0 0 0 0 0.000349819 0.00632096 0.00918273 0.0137525 0.0196537 0.00909592 0.000764954 0.000260461 0.00200997 0.00968936 0.0131385 0.0135371 0.0149055 0.0204113 0.0339443 0.0466452 0.0392693 0.0270972 0.0263778 0.0246298 0.0187866 0.0254995 0.0145405 0.00808585 0.00681762 0.00871246 0.0195301 0.0196944 0.0194974 0.0170196 0.0210683 0.0228562 0.0173388 0.0224145 0.0245141 0.0171368 0.0199023 0.0186281 0.0179046 0.0133722 0.0140639 0.0178648 0.0288377 0.028878 0.0291004 0.013046 0.00511031 0.00233765 0.00113854 0.000151407 0 0 0 0 0 0 0 0 0 
0 0 0 0 0 0 0 0 0 0 0 0.000674036 0.00150189 0.00311572 0.00698296 0.00257463 0.00020616 0.00131754 0.00104103 0.00719011 0.0168018 0.0244546 0.0256977 0.0223681 0.0275426 0.0360897 0.0316691 0.0229529 0.0242553 0.0260865 0.0144418 0.0157219 0.0092795 0.00510281 0.00742384 0.00707845 0.0203969 0.022478 0.0206678 0.0140071 0.0205404 0.0214842 0.0201758 0.0415579 0.0289665 0.0176541 0.0232945 0.0217959 0.0212329 0.0154716 0.00710011 0.0137435 0.0178263 0.0170246 0.0179095 0.00975111 0.00195107 0.000812749 5.57317e-05 0 0 0 0 0 0 0 0 0 0 
0 0 0 0 0 0 0 0 0 0 0 0 2.42542e-05 0.000270484 0.000669894 0.00120442 0.00925387 0.0241489 0.00757281 0.00155719 0.0117102 0.0243284 0.0256763 0.0179251 0.0186443 0.027448 0.0275915 0.0236262 0.0257765 0.0243091 0.0219474 0.0206217 0.0101641 0.00404225 0.00260005 0.0031251 0.0123197 0.0214971 0.0243251 0.0259924 0.0211263 0.0197535 0.0203558 0.0398303 0.04463 0.0257708 0.0262987 0.0262046 0.0355402 0.0247458 0.0129597 0.00954382 0.0195058 0.0149955 0.0120391 0.00683946 0.000997304 0 0 0 0 0 0 0 0 0 0 0 0 
0 0 0 0 0 0 0 0 0 0 0 0 0 0 0 0.00327352 0.0214183 0.0714247 0.0241663 0.00109218 0.0104936 0.0213644 0.0204232 0.0144109 0.0162355 0.0220958 0.0268081 0.0236869 0.0326826 0.026309 0.0245048 0.0242953 0.0179106 0.00756373 0.00993671 0.00791617 0.00410409 0.00804653 0.0101475 0.0190651 0.023777 0.0203847 0.021287 0.0296371 0.0392176 0.0311442 0.0257059 0.0276132 0.0438358 0.0297263 0.0137286 0.00676139 0.011453 0.00932458 0.00406666 0.00129903 5.53389e-05 0 0 0 0 0 0 0 0 0 0 0 0 
0 0 0 0 0 0 0 0 0 0 0 0 0 0 0 0.000262727 0.00661376 0.0226805 0.00496125 0.000459651 0.00990995 0.0193302 0.0117358 0.0110313 0.0173661 0.021763 0.0292314 0.0319882 0.0331931 0.0272365 0.0293852 0.0233479 0.0236208 0.0148715 0.0176237 0.0115754 0.00777944 0.00707577 0.00805512 0.00570677 0.0146465 0.021702 0.0290405 0.0355193 0.0308675 0.0241814 0.0226128 0.0335815 0.0345754 0.0207456 0.00884672 0.00645882 0.00571591 0.00384074 0.000337937 0 0 0 0 0 0 0 0 0 0 0 0 0 0 
0 0 0 0 0 0 0 0 0 0 0 0 0 0 0 0 0.000185579 0.000708935 4.80658e-06 0.000917506 0.00889721 0.0149053 0.0093864 0.0140771 0.0200115 0.0227027 0.0270974 0.0274468 0.028389 0.0248067 0.0268963 0.0242917 0.0208657 0.0120335 0.010797 0.0157784 0.0162511 0.0107505 0.00777589 0.00292366 0.0121208 0.0198109 0.0331984 0.0277005 0.0232674 0.0311168 0.028398 0.0231746 0.014906 0.00708414 0.00347345 0.00146583 0.00129775 0 0 0 0 0 0 0 0 0 0 0 0 0 0 0 0 
0 0 0 0 0 0 0 0 0 0 0 0 0 0 0 0 0 0 0 0.000778417 0.00431923 0.0086377 0.013131 0.0147572 0.0162364 0.014205 0.0202017 0.0274241 0.0270008 0.0204175 0.0189782 0.0143651 0.0195606 0.014224 0.0159311 0.0185843 0.0179091 0.00964864 0.00937007 0.00110289 0.0091061 0.0202956 0.0293975 0.0217532 0.024099 0.0210283 0.0193819 0.00809519 0.00249268 0.000880694 0.000254615 0 0 0 0 0 0 0 0 0 0 0 0 0 0 0 0 0 0 
0 0 0 0 0 0 0 0 0 0 0 0 0 0 0 0 0 0 0 1.99722e-05 0.000143123 0.00136986 0.00679225 0.0147245 0.0110022 0.00514801 0.0085223 0.0176401 0.0168153 0.0176931 0.0180563 0.0148693 0.015902 0.0260116 0.0400549 0.0277654 0.00900588 0.0053081 0.00659096 0.00142941 0.00444523 0.00768123 0.013475 0.00982838 0.0117091 0.0123194 0.00739502 0.0018936 0.000178976 0 0 0 0 0 0 0 0 0 0 0 0 0 0 0 0 0 0 0 0 
0 0 0 0 0 0 0 0 0 0 0 0 0 0 0 0 0 0 0 0 0 0 0.000255592 0.00186147 0.00213647 0.000735037 0.00625757 0.0147583 0.00947919 0.00647877 0.00924266 0.0109251 0.0125416 0.0261095 0.0370661 0.0180927 0.00453061 0.00130094 0.000228971 8.34415e-05 0.00105037 0.00103023 0.00334017 0.00265337 0.0014618 0.00117902 0.000119544 3.43402e-05 0 0 0 0 0 0 0 0 0 0 0 0 0 0 0 0 0 0 0 0 0 
0 0 0 0 0 0 0 0 0 0 0 0 0 0 0 0 0 0 0 0 0 0 0 0 0 3.43519e-05 0.000547962 0.00367645 0.00181302 0.000209525 0.00135507 0.00356918 0.00384273 0.00904812 0.00678482 0.00263066 0.000313673 4.44284e-05 0 0 0 0 0.000263119 0.000148536 5.0567e-06 0 0 0 0 0 0 0 0 0 0 0 0 0 0 0 0 0 0 0 0 0 0 0 0 

