0 0 0 0 0 0 0 0 0 0 0 0 0 0 0 0 0 0 0 0 0 0 0 0 0 0 0 0 0 8.05544e-05 0.000115867 0.000364567 0.000812332 0.000592217 0.000184782 8.85641e-06 0 0 0 0 0 0 0 0 0 0 0 0 0 0 0 0 0 0 0 0 0 0 0 0 0 0 0 0 0 0 0 0 0 
0 0 0 0 0 0 0 0 0 0 0 0 0 0 0 0 0 0 0 0 0 0 0 0 0 0 0 0.00157913 0.00564877 0.0116981 0.011723 0.00871561 0.0148075 0.0129342 0.00543352 0.00364353 0.0024958 0.00125911 0 0.000298996 0.00208465 0.00210699 0.00211972 0.000749336 0.000419368 0 0 0 0 0 0 0 0 0 0 0 0 0 0 0 0 0 0 0 0 0 0 0 0 
0 0 0 0 0 0 0 0 0 0 0 0 0 0 0 0 0 0 0 0 0 0 0.000118131 0.000911962 0.00114174 0.00168246 0.00246906 0.00746298 0.01911 0.0221368 0.0218244 0.0174212 0.017675 0.0195492 0.0166471 0.011296 0.0117887 0.00744478 0.000506599 0.000187412 0.00436425 0.00781745 0.0165077 0.013814 0.00674894 0.00187101 0.000807831 6.11672e-05 0 0 0 0 0 0 0 0 0 0 0 0 0 0 0 0 0 0 0 0 0 
0 0 0 0 0 0 0 0 0 0 0 0 0 0 0 0 0 0 0 0 6.15834e-05 0.000734377 0.00275697 0.00422163 0.00576469 0.00934125 0.0121996 0.0189372 0.0224094 0.0126806 0.0224888 0.0227829 0.0175518 0.0206135 0.021947 0.0168764 0.0227882 0.0125886 0.00306934 0.000855642 0.00040449 0.0039057 0.0160565 0.0200162 0.0155018 0.00885988 0.00440165 0.0015932 0.00113687 0.00016008 0 0 0 0 0 0 0 0 0 0 0 0 0 0 0 0 0 0 0 
0 0 0 0 0 0 0 0 0 0 0 0 0 0 0 0 0 0 0 0 0.000857544 0.0054434 0.00311031 0.00186188 0.00545383 0.0163397 0.0110339 0.0124722 0.00885743 0.0107724 0.0242362 0.0201828 0.0176646 0.0208249 0.0191447 0.022282 0.0251652 0.0163367 0.00724351 0.00152147 0.000890784 0.00116634 0.00881504 0.0208825 0.0209249 0.0168945 0.0102961 0.00391567 0.00803818 0.00446329 0 0 0 0 0 0 0 0 0 0 0 0 0 0 0 0 0 0 0 
0 0 0 0 0 0 0 0 0 0 0 0 0 0 0 0 4.46999e-05 0.000260269 0.000145865 0 0.00116531 0.00661389 0.00291744 0.00114189 0.00367727 0.0127578 0.0133574 0.00765023 0.0108616 0.0173264 0.0261947 0.0235924 0.0219971 0.0244727 0.0211604 0.0253566 0.0260436 0.0187707 0.00837233 0.00457547 0.00331115 0.00544021 0.00715704 0.0161273 0.0223889 0.0185892 0.0165272 0.0101065 0.0146595 0.00927988 0.000528473 7.21086e-05 0.000150611 5.53632e-05 0 0 0 0 0 0 0 0 0 0 0 0 0 0 0 
0 0 0 0 0 0 0 0 0 0 0 0 0 0 1.76725e-05 0.00187138 0.00770732 0.00832015 0.00405105 0.000955718 0.00072728 0.00233919 0.00209491 0.00375563 0.00719913 0.0128866 0.0143353 0.01642 0.0151273 0.0169945 0.0182548 0.0176342 0.0210748 0.021687 0.0186842 0.020259 0.0211869 0.0181999 0.017373 0.0141429 0.00990997 0.00718079 0.0136123 0.0204425 0.0234313 0.0236115 0.0188146 0.0182595 0.0168535 0.0212795 0.0120685 0.0061119 0.00386586 0.00523449 0.000839759 0 0 0 0 0 0 0 0 0 0 0 0 0 0 
0 0 0 0 0 0 0 0 0 0 0 0 0 1.60545e-05 0.00200793 0.0138292 0.0208459 0.0199527 0.0120197 0.00592832 0.00160694 0.00100461 0.00239232 0.00570313 0.0123341 0.0184191 0.0160486 0.0101478 0.0153047 0.0137424 0.0133361 0.0162422 0.0176919 0.0197055 0.0276972 0.018528 0.0206119 0.0206173 0.0230799 0.0204711 0.0201654 0.0167407 0.019075 0.0237519 0.022225 0.019708 0.0190719 0.0174532 0.0149869 0.021374 0.0206069 0.0180184 0.0135678 0.0124604 0.00931634 0.00132383 0 0 0 0 0 0 0 0 0 0 0 0 0 
0 0 0 0 0 0 0 0 0 0 0 0 0 0.0035991 0.0111603 0.0210589 0.0275794 0.0206679 0.020406 0.0121278 0.00859859 0.0053114 0.00525545 0.00669459 0.0150293 0.0153143 0.0242137 0.0158496 0.0201703 0.0181301 0.0228608 0.0225388 0.0222141 0.0267417 0.029325 0.020538 0.015595 0.0124308 0.0176611 0.0182576 0.0180396 0.0136534 0.0154062 0.0235667 0.023288 0.0150958 0.0193099 0.0199399 0.0205701 0.0203046 0.0182198 0.0241467 0.0209621 0.014815 0.0135641 0.0090495 0.00112341 0.000168634 0 0 0 0 0 0 0 0 0 0 0 
0 0 0 0 0 0 0 0 0 0 0 0.000171905 0.00278219 0.00815173 0.0151156 0.0214789 0.0197742 0.01994 0.0215874 0.01681 0.0189604 0.0190006 0.0184711 0.0155137 0.0187378 0.0212399 0.0203227 0.0233227 0.0266881 0.0200256 0.0237372 0.0308831 0.0269628 0.0250993 0.0201947 0.024267 0.0221144 0.0165377 0.0206697 0.0195487 0.0181099 0.0152542 0.0184644 0.0185831 0.0155082 0.015077 0.0162091 0.0121895 0.0156941 0.0169223 0.014556 0.0179434 0.0203831 0.0202852 0.0207455 0.0166617 0.0136351 0.00723617 0.000716666 0 0 0 0 0 0 0 0 0 0 
0 0 0 0 0 0 0 0 0 0 0.00064723 0.00569454 0.0134499 0.0195357 0.0194601 0.0224306 0.0185824 0.0200573 0.0206182 0.0207668 0.0151754 0.0206236 0.0159364 0.0174451 0.0177251 0.0182778 0.0241162 0.0295449 0.0216214 0.0194906 0.0282168 0.0302563 0.0245146 0.024694 0.0177893 0.0280995 0.0247617 0.0193121 0.021053 0.029269 0.0207099 0.0246395 0.0242035 0.0254357 0.0158976 0.0133807 0.0178502 0.0179797 0.0134012 0.0208725 0.0252696 0.0209037 0.0248812 0.0265752 0.0301589 0.0299283 0.0259332 0.0182159 0.0129014 0.00106753 0 0 0 0 0 0 0 0 0 
0 0 0 0 0 0 0 0 0 1.43044e-06 0.00577944 0.018025 0.0229254 0.0244926 0.0224036 0.0265812 0.0243804 0.0228799 0.0210309 0.0186429 0.017384 0.0179459 0.0137331 0.0144077 0.0158221 0.0147959 0.0227563 0.029044 0.0185294 0.0225946 0.0271661 0.0291069 0.0191885 0.0191153 0.0212938 0.0279713 0.0226751 0.0253979 0.0239436 0.0251621 0.0189127 0.0232843 0.0195053 0.0202476 0.0211228 0.0204324 0.019705 0.0200466 0.0171673 0.0150573 0.015586 0.0172492 0.0280644 0.0337164 0.0350347 0.0320138 0.0307502 0.0211442 0.0207944 0.00463094 0.000108577 0 0 0 0 0 0 0 0 
0 0 0 0 0 0 0 0 2.43729e-06 0.00144233 0.0071105 0.0191882 0.0240255 0.026124 0.0241336 0.0187072 0.018559 0.0227404 0.018538 0.0182969 0.0248758 0.0190255 0.0127297 0.013132 0.0171535 0.0147339 0.0253697 0.0290676 0.0211641 0.019328 0.0150235 0.0171874 0.0169105 0.023829 0.0261521 0.0228738 0.0217621 0.0334128 0.0342293 0.0298266 0.0271465 0.0304803 0.0209688 0.0224085 0.0250387 0.0202841 0.0184419 0.018095 0.0214712 0.0231544 0.0200606 0.0181703 0.027319 0.0331819 0.0327647 0.0309391 0.0282468 0.0280469 0.0147106 0.00367924 0.000151374 0 0 0 0 0 0 0 0 
0 0 0 0 0 0 0 0 0.0012822 0.00792371 0.0184433 0.0216464 0.0230804 0.0315016 0.0261541 0.0163212 0.0157403 0.0218623 0.0182802 0.0238987 0.0244589 0.0160289 0.0133257 0.0163486 0.0193636 0.0145283 0.0149274 0.0255177 0.0216622 0.0149387 0.0163505 0.0184036 0.0144179 0.0235775 0.0225107 0.020269 0.0245784 0.0309172 0.0265284 0.0222711 0.0358213 0.0471881 0.0199239 0.0215875 0.023379 0.026124 0.0193972 0.0218465 0.0231916 0.0209272 0.0213359 0.020812 0.0261419 0.0302276 0.024247 0.0265699 0.0239402 0.0241343 0.0119251 0.00189508 0.000441787 0.000967941 3.69008e-05 0 0 0 0 0 0 
0 0 0 0 0 0 7.04459e-06 0.00198331 0.0113063 0.0122005 0.0214458 0.0232133 0.0243117 0.0393429 0.0243638 0.015217 0.0107321 0.018455 0.0244615 0.0255428 0.0293594 0.0217498 0.0183596 0.0210148 0.0179343 0.0192657 0.0185084 0.0293319 0.0199956 0.0201257 0.0199364 0.0222741 0.0240752 0.0247303 0.017465 0.0193795 0.0180829 0.02428 0.0212294 0.0236359 0.0357649 0.0289029 0.0209852 0.0244273 0.0251356 0.0263687 0.0270638 0.0217972 0.021008 0.0253348 0.0292217 0.0241985 0.013682 0.0183171 0.0209153 0.0243339 0.0198248 0.0209846 0.0153089 0.00297799 0.00137345 0.00244637 0.000759701 0 0 0 0 0 0 
0 0 0 0 0 0 0.000216222 0.00619613 0.0159471 0.0148928 0.0243506 0.0157755 0.0228719 0.0247151 0.0172133 0.0152153 0.016787 0.0126892 0.0242995 0.027013 0.0298744 0.0310603 0.0227462 0.0209691 0.0216075 0.0183061 0.0236557 0.025825 0.0239297 0.0259814 0.0246074 0.0198998 0.0272892 0.0189497 0.0182391 0.020763 0.0245587 0.0299252 0.0240342 0.0295324 0.0204582 0.0267372 0.0260308 0.0320835 0.0305116 0.03505 0.0371504 0.0316471 0.0304154 0.0427835 0.0542701 0.0364805 0.0113729 0.0207558 0.0249077 0.0183826 0.0135835 0.0229436 0.0202732 0.00775513 0.00674445 0.00837974 0.002312 0.000466679 0 0 0 0 0 
0 0 0 0 0 0 0.00018585 0.00422578 0.0178553 0.0163491 0.0134275 0.0150737 0.0136895 0.0129862 0.0156502 0.0143236 0.016718 0.0145363 0.0156517 0.0212359 0.0276391 0.0315142 0.031101 0.0207019 0.0209767 0.0208336 0.0186415 0.0182657 0.0171924 0.0174883 0.020827 0.0208027 0.0230433 0.0206326 0.0221445 0.0239608 0.0381427 0.0299906 0.0306351 0.0205982 0.0204124 0.0234799 0.0225527 0.0294442 0.0276557 0.0417999 0.0409878 0.0348622 0.0389597 0.0456788 0.0355359 0.0187439 0.0115433 0.0199203 0.0179701 0.0166704 0.0169895 0.0198429 0.025774 0.0217792 0.0240612 0.0157287 0.00391682 0.000634147 0 0 0 0 0 
0 0 0 0 6.04675e-06 0.000873518 0.00626223 0.0087461 0.0149399 0.0190117 0.0173811 0.0141066 0.0144834 0.0117576 0.0120707 0.0135112 0.0179186 0.0210839 0.01898 0.0260426 0.0253782 0.0340232 0.0290352 0.0229947 0.0121674 0.0218585 0.0216301 0.0194872 0.0156246 0.0263738 0.0251672 0.0261542 0.0260811 0.0230737 0.0267867 0.029853 0.0324325 0.0341445 0.0322122 0.0224244 0.0214434 0.0217097 0.0294883 0.0264707 0.0297045 0.0304933 0.0290529 0.0273954 0.0368674 0.0403145 0.0355832 0.0187456 0.0129907 0.0124686 0.0205041 0.0235865 0.0239672 0.0248861 0.0303539 0.0258969 0.0234612 0.0145815 0.0102766 0.00200969 8.30851e-06 0 0 0 0 
0 0 0 0 0.000617981 0.00510776 0.00589085 0.00802338 0.0116197 0.0153566 0.0147044 0.0154001 0.0143287 0.0106954 0.0104359 0.0118437 0.0163476 0.0173708 0.0191727 0.0206415 0.0228796 0.0225884 0.0242786 0.0191979 0.013651 0.019334 0.0228075 0.0181159 0.0166743 0.022989 0.0286446 0.0297188 0.0226414 0.0219279 0.0293384 0.0274944 0.0229417 0.0257027 0.031767 0.0227707 0.0209366 0.0190763 0.0348258 0.0369943 0.0273543 0.0217089 0.0269771 0.0251859 0.0233957 0.0254484 0.0347211 0.0221758 0.0127098 0.0113896 0.0141577 0.013883 0.0186188 0.0289367 0.0284862 0.0262127 0.0206208 0.011928 0.0126273 0.011368 0.00144129 0 0 0 0 
0 0 0 0 0.00432269 0.0135097 0.0087852 0.00923892 0.0155354 0.0125684 0.0133763 0.0152672 0.0138372 0.011378 0.01289 0.0108109 0.0143554 0.0196901 0.0169512 0.019495 0.021628 0.0169892 0.0173096 0.0160895 0.0151373 0.0145297 0.0186468 0.0167363 0.0205242 0.022444 0.0334636 0.0353413 0.0229346 0.0232357 0.0217661 0.0192827 0.0205278 0.0194846 0.0277902 0.0228212 0.0178296 0.0299013 0.031265 0.0336897 0.034365 0.028538 0.0264665 0.0191684 0.0203089 0.0248346 0.0328665 0.0146151 0.00992735 0.0118311 0.0167901 0.0174711 0.0162373 0.0168631 0.0150601 0.0127082 0.0134638 0.00962293 0.00825317 0.0165974 0.0063666 0.000218996 0 0 0 
0 0 0 0.000574863 0.0101565 0.0212704 0.0174976 0.0122952 0.00983694 0.0143417 0.0108712 0.0129338 0.0139456 0.0112892 0.0144056 0.0153987 0.0126154 0.0124704 0.0161496 0.0207336 0.0205309 0.0202338 0.0200827 0.0164907 0.0182388 0.0162053 0.0184475 0.015469 0.0140957 0.0230373 0.0356653 0.0355528 0.0229304 0.0315994 0.0212843 0.0150702 0.01933 0.0239904 0.0237613 0.0261406 0.0243244 0.0275701 0.0253499 0.0247397 0.0323163 0.0400633 0.0458433 0.0239947 0.0217973 0.0166006 0.0276301 0.0145952 0.0055409 0.00943849 0.019351 0.0159485 0.0148379 0.0126031 0.00847054 0.0133393 0.0134262 0.0127491 0.0104444 0.0129389 0.010753 0.00151032 7.75905e-05 0 0 
0 0 0 0.00245279 0.0156594 0.0226138 0.0119483 0.0090473 0.00769854 0.0189526 0.0163746 0.0225023 0.0229069 0.0161071 0.0194461 0.0142942 0.012793 0.0128543 0.0185113 0.0193952 0.0171115 0.0250403 0.020919 0.023269 0.016699 0.0124044 0.0157727 0.0129714 0.0107367 0.0176986 0.0252564 0.0308182 0.0250362 0.029064 0.0266977 0.0254774 0.0233002 0.0224424 0.0204727 0.0264194 0.0209178 0.0214181 0.0230666 0.0195495 0.0255018 0.0425703 0.0513757 0.0243497 0.0174692 0.0212673 0.0263338 0.0139625 0.00502592 0.00575502 0.0129002 0.0144166 0.0148177 0.0132023 0.0115021 0.0175022 0.0179616 0.016944 0.0144338 0.0110159 0.00984204 0.00490748 0.000742535 0 0 
0 0 0 0.000493923 0.00776423 0.0118336 0.0110601 0.00944037 0.00994307 0.0170634 0.0208258 0.0179319 0.0238651 0.0200684 0.0153183 0.0124754 0.00989365 0.00818487 0.0128085 0.0144215 0.0171373 0.0215383 0.0208309 0.0245761 0.0209301 0.0178482 0.0212482 0.0169007 0.0151336 0.017292 0.0188104 0.0332135 0.0210415 0.0212137 0.0241217 0.0212012 0.0178823 0.0230579 0.0290807 0.0220919 0.0187218 0.0252726 0.0247108 0.0238098 0.0224041 0.0234213 0.0247569 0.0217557 0.0124224 0.0130555 0.0122527 0.0119735 0.0106795 0.00520944 0.00837415 0.011714 0.014967 0.0119414 0.0112417 0.0158186 0.015882 0.0183427 0.0179441 0.0164634 0.0197031 0.0141603 0.00509964 4.23518e-05 0 
0 0 0.00031873 0.00155858 0.00251882 0.00525819 0.00626638 0.00184822 0.00350866 0.0120272 0.0159544 0.0217135 0.0229072 0.0158598 0.00827249 0.00764586 0.00743108 0.0087247 0.0148061 0.0131165 0.0164328 0.0230956 0.0224701 0.0225673 0.0221371 0.0177774 0.0159607 0.015342 0.013155 0.0140256 0.0138389 0.0222223 0.0195154 0.0212225 0.0179089 0.0183165 0.0206219 0.0281431 0.0298933 0.0166902 0.0234696 0.0281397 0.0228704 0.0194283 0.023725 0.0182494 0.0173217 0.0207554 0.0076375 0.00998823 0.0119701 0.0132803 0.00971027 0.0105128 0.0148698 0.013621 0.0195619 0.0165693 0.0125359 0.0130973 0.0180426 0.0298643 0.0188443 0.0144953 0.0240779 0.0203818 0.00558519 0.000140505 0 
0 0 0.000371148 0.00151605 0.001871 0.00091081 0.00108014 0.00135306 0.00146246 0.00699457 0.0154838 0.0160508 0.0172407 0.0147555 0.00798414 0.00690855 0.00779834 0.011355 0.0170362 0.0109878 0.0142315 0.0189743 0.0220829 0.017836 0.0178547 0.0146629 0.0129099 0.0136198 0.0115416 0.00804833 0.0104387 0.0230621 0.0245512 0.0247687 0.0193258 0.0156251 0.0230234 0.029351 0.0322506 0.0215981 0.026261 0.0303567 0.031685 0.0267164 0.0236523 0.0144036 0.0185181 0.0182422 0.0121934 0.0156365 0.0174917 0.013571 0.0200897 0.0161001 0.0127773 0.0181587 0.0173886 0.0169317 0.0169038 0.0169941 0.0158984 0.0266287 0.032465 0.0175267 0.0158985 0.00899231 0.00336161 0.000201092 0 
0 0 4.52509e-05 0.00035772 0.00308895 0.00138903 0.000723573 0.00426885 0.00202879 0.00238494 0.00800677 0.0121678 0.0184342 0.0172596 0.0150686 0.00962603 0.00736811 0.010375 0.0141552 0.0149067 0.0164577 0.0175294 0.0175893 0.0165928 0.0215341 0.0230415 0.015292 0.0114146 0.00992584 0.0156127 0.0140833 0.0235937 0.0358603 0.0303418 0.0306661 0.0346905 0.0215785 0.0264171 0.0280118 0.0344626 0.0363142 0.0384703 0.0458545 0.0408886 0.0274926 0.0179663 0.0176517 0.0163304 0.0191994 0.0224126 0.0140805 0.0151341 0.0164279 0.0185889 0.0121029 0.013773 0.0105921 0.0122741 0.0140839 0.0148725 0.0161589 0.025422 0.02795 0.0186154 0.0135216 0.00445381 0.00104417 2.58357e-06 0 
0 0 0.000175144 0.00115238 0.00118004 0.00029045 0.000350993 0.00522939 0.00398419 0.00659081 0.00788665 0.0122663 0.0195175 0.0225976 0.0194736 0.0157793 0.0109202 0.0102372 0.0158324 0.0168116 0.0204442 0.0141048 0.0122864 0.0175517 0.0192571 0.0195001 0.0228742 0.0179749 0.0172142 0.0231762 0.0259742 0.0179268 0.0286615 0.0320812 0.0330547 0.0379778 0.0401604 0.0361176 0.0324998 0.0424078 0.044546 0.048438 0.0274338 0.0219278 0.022577 0.0289331 0.0186031 0.0140399 0.0111677 0.011104 0.00801128 0.0106664 0.0150898 0.0174677 0.0129074 0.0144045 0.0114244 0.0140617 0.0178284 0.0161953 0.0164493 0.0139817 0.0167287 0.0175932 0.010951 0.0062014 0.00217488 7.76989e-05 0 
0 0 0 0 9.54238e-05 0.000347291 0.00107491 0.00279255 0.00355042 0.00862452 0.00936161 0.0107114 0.0107769 0.00507318 0.00481726 0.00751259 0.013019 0.0127937 0.0122217 0.0174908 0.0191178 0.0163008 0.0162126 0.0180946 0.0210124 0.023212 0.0217001 0.0195777 0.0225504 0.0185285 0.0228943 0.0205043 0.0219266 0.0263032 0.029187 0.0308486 0.0335823 0.0332311 0.0286947 0.0256534 0.0474824 0.0305852 0.0139518 0.0230316 0.0263107 0.034536 0.0261245 0.0155611 0.00376389 0.00896983 0.0125938 0.0101883 0.0139663 0.0193734 0.0163714 0.0197418 0.0206291 0.019051 0.0225235 0.0226449 0.0176157 0.0159009 0.0147259 0.0149648 0.00774097 0.00464091 0.00456735 0.0051511 0.000465848 
0 0 0.000159457 0.000501452 0.0012736 0.00233538 0.00292459 0.00361557 0.00357824 0.00543797 0.00350339 0.00427845 0.00320305 0.00102781 0.00654694 0.012433 0.0137129 0.0133424 0.0126555 0.0174179 0.018058 0.0162021 0.0178852 0.0213618 0.0192574 0.0247447 0.0248506 0.0242169 0.0217218 0.0183086 0.0159504 0.0160648 0.0191037 0.0308727 0.0342022 0.0324682 0.0209107 0.0242159 0.0306938 0.0222725 0.0300364 0.0235077 0.0146692 0.0269736 0.0232194 0.0245706 0.0287824 0.0221777 0.0106825 0.0200041 0.0167349 0.00860254 0.00864163 0.0119172 0.0230462 0.0191296 0.0201023 0.0158485 0.0178115 0.0235409 0.0276972 0.0255338 0.0194785 0.0115406 0.0113945 0.0127881 0.0118226 0.01503 0.00234047 
0 0.00118141 0.00510869 0.00748759 0.00414728 0.00217073 0.0022007 0.00217207 0.00602055 0.0108022 0.00864685 0.00563111 0.00379266 0.00175986 0.00610056 0.0113231 0.00909157 0.00825918 0.0066185 0.00823775 0.0163532 0.0217316 0.0193089 0.0293262 0.0305201 0.0152018 0.0169375 0.0210439 0.0199042 0.017924 0.0215301 0.0175075 0.0166051 0.0206217 0.025193 0.0290274 0.0262883 0.0256143 0.0310197 0.0392587 0.0466722 0.0251686 0.0257924 0.0285914 0.0231212 0.0250432 0.0286136 0.0299222 0.0285128 0.0398978 0.0423651 0.0206443 0.01343 0.0153536 0.0314542 0.0369265 0.0230721 0.0147974 0.0117651 0.0178464 0.0311109 0.0246221 0.0140109 0.00803311 0.0193842 0.0218919 0.018354 0.0166679 0.00232457 
0 0.00113776 0.00555877 0.00978543 0.0029891 0.00034431 0.00293145 0.00752568 0.01092 0.0136527 0.0130528 0.0161892 0.0137964 0.00630271 0.0037783 0.00728469 0.00779916 0.00739257 0.0095312 0.0142036 0.0141725 0.016506 0.0192454 0.0267128 0.0241986 0.0144859 0.0161522 0.0171645 0.0181524 0.0186037 0.0251599 0.022077 0.0139578 0.018663 0.0197829 0.0216314 0.0240922 0.0230303 0.0283546 0.022946 0.0278079 0.0155452 0.0199605 0.0307237 0.0315109 0.0297496 0.0222136 0.0433148 0.0480126 0.0473868 0.0361292 0.0482462 0.0280768 0.0189577 0.0343825 0.0364485 0.0251046 0.012534 0.00666328 0.00939908 0.0229985 0.0248385 0.0143173 0.00813475 0.00867938 0.0117712 0.0143115 0.0123831 0.00120713 
0 0.000276602 0.00178622 0.00545465 0.000914068 4.23517e-06 0.0036985 0.013654 0.0216561 0.0219896 0.0136526 0.0100451 0.0114076 0.0114589 0.00837851 0.00493937 0.00520662 0.00508845 0.010454 0.0140908 0.0142849 0.0140458 0.0225954 0.0174112 0.0126204 0.0163542 0.0233441 0.0219992 0.0203402 0.0182944 0.0218048 0.0226369 0.0226955 0.0242298 0.0267639 0.0221651 0.0350634 0.0297491 0.0222406 0.025038 0.02712 0.0244897 0.0212032 0.0246392 0.040146 0.0305856 0.0215597 0.0277228 0.0405975 0.0334968 0.0224273 0.0598426 0.0498189 0.0407764 0.0330673 0.0276507 0.0218628 0.0219753 0.00965003 0.00479322 0.0077793 0.0158838 0.013456 0.00777903 0.0047794 0.00660518 0.0147045 0.00812702 0.000232362 
0 0 0.000223661 0.000827982 0 0 0.00618295 0.0189925 0.0237794 0.0247414 0.0192268 0.0167188 0.0174392 0.0144256 0.0133499 0.0118632 0.0133434 0.00647354 0.00678048 0.0110826 0.0113065 0.0192952 0.0213786 0.0197339 0.0135384 0.0175295 0.0226979 0.0241474 0.0217052 0.0171317 0.0180581 0.0193516 0.0195374 0.0242666 0.0203409 0.0282989 0.0409271 0.0444578 0.0292676 0.0301724 0.0237887 0.0264052 0.0173531 0.0243072 0.0286801 0.0227823 0.0221734 0.0260805 0.0206878 0.0162367 0.0209811 0.0402812 0.0825372 0.0734105 0.0527519 0.0435784 0.0222368 0.0238748 0.0158815 0.0118594 0.00713442 0.0055653 0.00193746 0.00388819 0.0107349 0.0135089 0.0158276 0.00492524 0.00013048 
0 0 0 0 0 0.000306484 0.00879793 0.0187016 0.0209326 0.016773 0.013849 0.0105941 0.0151646 0.0102966 0.00824105 0.0102836 0.0107108 0.00964714 0.0125829 0.0147935 0.0150489 0.019041 0.0176227 0.0222288 0.0158172 0.0148068 0.0247512 0.0280931 0.0252464 0.021867 0.0170893 0.0163714 0.0172616 0.0182399 0.0172785 0.0261508 0.0307885 0.0450799 0.0517731 0.0388107 0.0318483 0.0280355 0.0230913 0.0213459 0.0249241 0.0208954 0.0227551 0.0361561 0.0254946 0.0271305 0.0240056 0.0249405 0.0394982 0.0391008 0.048356 0.0512548 0.0221457 0.0177075 0.0119214 0.00965735 0.00949226 0.0134409 0.00750819 0.0123215 0.0163782 0.0147278 0.0155843 0.0030706 0.000172455 
0 1.62588e-05 0.00155769 0.00154956 0.000661411 0.00125122 0.00714727 0.01416 0.0205324 0.016766 0.0123006 0.0121027 0.0109332 0.0102742 0.0107516 0.00825104 0.0144725 0.0132494 0.0179266 0.0204204 0.0199717 0.02412 0.0190469 0.0224405 0.0167814 0.0155153 0.0208227 0.023911 0.0266753 0.0214611 0.0177227 0.020914 0.0213198 0.0232202 0.0201052 0.0218827 0.0201166 0.0295461 0.041457 0.0525132 0.0514198 0.029337 0.0262742 0.023431 0.0174293 0.0163943 0.0379413 0.0454639 0.0301374 0.0307827 0.0222143 0.0199802 0.0223656 0.0247612 0.0287475 0.0399314 0.0197939 0.0197706 0.0131988 0.0150575 0.0132519 0.0147499 0.0172785 0.0145081 0.00823977 0.0097607 0.00999373 0.00565297 0.00035168 
0 0.000342617 0.00446654 0.00804718 0.00551263 0.00500166 0.0105583 0.0116803 0.0202752 0.0175716 0.0128482 0.0103612 0.0101153 0.0127077 0.0124515 0.0196237 0.0204401 0.0207179 0.0227853 0.017915 0.0203232 0.0207769 0.0247611 0.02143 0.0170853 0.0185556 0.0251056 0.031009 0.0261633 0.0263438 0.0227397 0.0235209 0.0244193 0.0229828 0.0201266 0.0212229 0.0235913 0.0288436 0.0371653 0.0371633 0.0473575 0.0376598 0.0325802 0.0249736 0.0208372 0.0382148 0.0613562 0.048314 0.0321182 0.0261316 0.0217612 0.0194593 0.022516 0.0231438 0.0252253 0.0277531 0.0163725 0.0170042 0.0130903 0.0156296 0.0152521 0.00884481 0.0110512 0.00875703 0.0101594 0.00550478 0.00668485 0.00393738 0.000170481 
4.25719e-05 0.00514113 0.0126297 0.0149801 0.0134829 0.00796982 0.0109376 0.014041 0.0165792 0.0136599 0.00956422 0.00793625 0.00941676 0.0160774 0.0199872 0.0286131 0.0210878 0.0203151 0.0210008 0.0184497 0.0201934 0.0261217 0.028571 0.0266591 0.0226244 0.0239688 0.0235467 0.0219298 0.0205784 0.0323537 0.0254003 0.0198418 0.0214893 0.0192309 0.0181724 0.0182153 0.020876 0.0261777 0.0272772 0.0210163 0.0197082 0.0257513 0.0329373 0.0291232 0.0301704 0.0558223 0.0742768 0.0420764 0.0220172 0.0179516 0.0196735 0.0222806 0.0226889 0.0221687 0.0175478 0.0217213 0.0116615 0.00914352 0.00881859 0.0110811 0.0120188 0.0133775 0.0114343 0.00806631 0.0147723 0.0084865 0.00585806 0.00605356 0.000495739 
0.000497933 0.00854632 0.014086 0.0163783 0.0138265 0.0147722 0.016901 0.0135544 0.0184033 0.0196178 0.0180113 0.0151249 0.0132707 0.0167201 0.0229168 0.0204189 0.0177703 0.0170639 0.0168596 0.019632 0.0282628 0.0267006 0.0316539 0.0231961 0.0187981 0.0247304 0.0204397 0.0218211 0.0197145 0.0288721 0.0210743 0.0225733 0.0229875 0.0215392 0.0124385 0.0166945 0.0129578 0.022161 0.0241633 0.0208097 0.0193822 0.0183344 0.0352465 0.0414522 0.0550811 0.0661673 0.0314617 0.0253501 0.0246658 0.0213943 0.0158176 0.0221987 0.0176918 0.0186737 0.0196144 0.0179193 0.0154185 0.0179886 0.0106734 0.0118457 0.0131882 0.0158708 0.0117388 0.00638426 0.0152416 0.0129488 0.00610298 0.00282028 3.06987e-05 
0.000150141 0.00814162 0.0165041 0.0170506 0.0130343 0.0155786 0.0182894 0.0171448 0.0230955 0.0238816 0.0229657 0.0213104 0.0184619 0.0159101 0.0151839 0.0135892 0.0156265 0.0187848 0.016812 0.0140242 0.0221752 0.0254317 0.0282831 0.0187608 0.0197512 0.0237418 0.0236682 0.0205292 0.0229245 0.0219593 0.0260275 0.0260828 0.022319 0.0186119 0.0132705 0.0161408 0.0158648 0.0189517 0.0246067 0.0202202 0.0212332 0.0252266 0.0250555 0.0241142 0.0327882 0.0348775 0.0217621 0.0230223 0.0283144 0.03088 0.0221002 0.0262578 0.0251562 0.029376 0.0214517 0.0230974 0.0237806 0.0177265 0.0124163 0.0106181 0.0125937 0.0158726 0.0207453 0.0176712 0.00801446 0.00550297 0.0045786 0.00133286 1.20143e-06 
8.92973e-06 0.00938145 0.019115 0.0175515 0.013778 0.0175199 0.0236623 0.0280735 0.0233052 0.0231063 0.0250886 0.0192741 0.0212631 0.0149755 0.0130984 0.0147406 0.01938 0.0157463 0.0160929 0.0163411 0.0250662 0.0209208 0.0259488 0.0220915 0.0237493 0.0281269 0.0233661 0.0175221 0.021456 0.0238174 0.0304598 0.0253382 0.0223801 0.016572 0.0182809 0.0237944 0.0268539 0.0279435 0.0218211 0.0209754 0.0252128 0.0260726 0.0239345 0.0170024 0.0244296 0.0276077 0.0183603 0.0232059 0.0386358 0.0370145 0.0281901 0.0212164 0.0337844 0.047839 0.0320015 0.0225427 0.0291282 0.0220429 0.0115328 0.012316 0.0120974 0.0159329 0.0226149 0.0206562 0.0137048 0.00916686 0.00527973 0.00123747 0 
1.00551e-05 0.00787002 0.01367 0.0131628 0.0124794 0.0202895 0.0303671 0.0180016 0.0170311 0.0193974 0.0205048 0.0196586 0.0192075 0.0212746 0.0138062 0.020182 0.023717 0.022209 0.0168572 0.0181859 0.0255979 0.0237641 0.0288961 0.022505 0.0292869 0.024162 0.0145415 0.0141542 0.0238246 0.0270645 0.0291363 0.0217638 0.0212873 0.024854 0.020807 0.024593 0.0240167 0.0197246 0.0233752 0.0220253 0.0205633 0.0174434 0.0182116 0.0190639 0.0210015 0.0234994 0.0192829 0.0225965 0.0274668 0.0231677 0.0214949 0.0205308 0.0223877 0.0412706 0.0284488 0.0252198 0.0245153 0.0248116 0.0159945 0.0138987 0.0268003 0.0252963 0.017672 0.013021 0.0132428 0.0111978 0.00323042 3.59689e-05 0 
0 0.003603 0.0129927 0.0157952 0.0194255 0.0205685 0.0230811 0.0144855 0.0116652 0.0151853 0.0137745 0.0190997 0.0212681 0.0185289 0.0138011 0.0157303 0.0224787 0.0194669 0.023406 0.0225652 0.027506 0.023175 0.0227556 0.0238679 0.0310499 0.0304962 0.015854 0.0195394 0.0216278 0.0226171 0.0208862 0.0244495 0.0260979 0.0342747 0.0260892 0.0191022 0.0238285 0.0209307 0.0203588 0.018169 0.0144947 0.0137195 0.0093217 0.019076 0.0213537 0.0240851 0.0157787 0.0190034 0.0178288 0.0163838 0.0232535 0.0188971 0.0171494 0.0280404 0.0303798 0.0235636 0.0326561 0.0214301 0.0191286 0.0183269 0.021318 0.0196536 0.0150411 0.00749719 0.010003 0.010415 0.000880052 0.000169283 0.000100481 
0 0.00281998 0.0182559 0.0244756 0.0222192 0.0231427 0.0221892 0.0183335 0.0200719 0.0151763 0.0160394 0.0178835 0.0165283 0.0167764 0.0163021 0.0168093 0.0242883 0.0186244 0.0198703 0.0196906 0.0261089 0.0201034 0.020686 0.0225957 0.0234264 0.0268288 0.019202 0.0235011 0.0275147 0.0216949 0.0231136 0.0242673 0.0262597 0.0346666 0.0250195 0.0194567 0.0211978 0.0206141 0.0218193 0.0210803 0.0200409 0.0203876 0.0160481 0.0180636 0.0205256 0.0248286 0.0212945 0.0230548 0.0176468 0.018392 0.0205256 0.0182915 0.0217954 0.0208128 0.0333777 0.0308392 0.0398506 0.0347712 0.0325993 0.0287087 0.0165221 0.0190784 0.0176028 0.00876051 0.00573557 0.00565937 0.00500873 0.0024693 0.000651559 
0 0.000687349 0.0119701 0.0254317 0.0246333 0.0222136 0.027488 0.0247225 0.0271073 0.0215149 0.0169164 0.0206545 0.0189632 0.0188879 0.0192511 0.0270676 0.0280053 0.0231273 0.0208835 0.0198705 0.0236608 0.0199345 0.0198768 0.0250878 0.0235096 0.0208922 0.020002 0.0269822 0.0286516 0.0240181 0.0226159 0.0185971 0.0239129 0.030085 0.0262944 0.0230259 0.0145146 0.0204106 0.0221489 0.023705 0.0259699 0.024655 0.0189059 0.0177089 0.0161287 0.0165114 0.0180929 0.0184102 0.0163677 0.0196037 0.027887 0.0226882 0.0226234 0.0236025 0.0420101 0.0485748 0.0357081 0.0397829 0.043205 0.0312413 0.0162818 0.0180017 0.0204945 0.0108523 0.0045492 0.00604928 0.0042523 0.00276463 0.000203168 
0 2.55989e-05 0.00456881 0.0162162 0.0207896 0.0224392 0.0397746 0.0339974 0.0203857 0.023293 0.0207187 0.0231581 0.0183019 0.0239313 0.0379626 0.0231176 0.019963 0.0188014 0.0222407 0.0255774 0.0286479 0.0255366 0.0215431 0.0178441 0.0198375 0.0214546 0.0195867 0.0169194 0.0179378 0.0225759 0.0225561 0.0218434 0.0220048 0.0257812 0.0247674 0.0216395 0.021082 0.0232672 0.0213193 0.0224004 0.0224356 0.0250197 0.023759 0.0363517 0.0320147 0.0211979 0.0207201 0.019864 0.0177033 0.0205558 0.0238538 0.0277819 0.0224047 0.0223349 0.0312451 0.0460258 0.0446155 0.0480526 0.052327 0.0306994 0.0195923 0.0244404 0.022564 0.0169543 0.00457065 0.00677247 0.00341107 0.0010942 4.71806e-05 
0 1.96995e-07 0.00148937 0.0124836 0.0210158 0.0264347 0.108608 0.0954156 0.0226758 0.0173934 0.0233878 0.0266519 0.0230699 0.0377668 0.040066 0.0189103 0.0203217 0.0148594 0.0150995 0.0177668 0.0219796 0.0210264 0.0177704 0.0153328 0.013813 0.0181351 0.0133297 0.0183834 0.0190509 0.0183014 0.0199064 0.0204171 0.0170546 0.0212592 0.0224325 0.0236645 0.0215176 0.0238601 0.0282078 0.0318924 0.0309274 0.0322644 0.0401285 0.0493492 0.0523055 0.0434273 0.0501792 0.0527899 0.0368406 0.0331225 0.0186714 0.0202212 0.0224674 0.0146039 0.0213176 0.0250447 0.0329897 0.0296818 0.0239444 0.0204887 0.026741 0.0233293 0.015257 0.00872987 0.00603094 0.0116047 0.0109069 0.00106444 0 
0 0 0.000215399 0.0081375 0.0194795 0.0224108 0.0405383 0.0419762 0.0275888 0.020523 0.0202374 0.0215969 0.0218332 0.0260055 0.0264613 0.0212922 0.0183095 0.0168861 0.0171426 0.0178203 0.0166663 0.0175133 0.0182766 0.0189412 0.0209233 0.0190618 0.0155394 0.01308 0.020449 0.0191171 0.0250503 0.0251913 0.0193141 0.0225982 0.0195232 0.0176606 0.0220544 0.0259928 0.0247766 0.0351132 0.0275553 0.0254571 0.0332676 0.0352345 0.0429853 0.041406 0.0369199 0.0323709 0.0194561 0.0193893 0.0217009 0.0203144 0.0117578 0.011391 0.0177107 0.0230186 0.0213633 0.0181009 0.0192824 0.0115597 0.02073 0.0157309 0.00629801 0.00393085 0.00627827 0.0186657 0.0180134 0.00143438 0 
0 0 0 0.00308933 0.0176919 0.0190996 0.0199763 0.0215667 0.021682 0.026734 0.0226523 0.0232302 0.0207609 0.0182991 0.019098 0.0155165 0.0239512 0.0164572 0.0150521 0.0204054 0.0165111 0.0242607 0.0285062 0.0216066 0.0192424 0.0141838 0.0149076 0.0140917 0.0157581 0.0189556 0.0193307 0.0163987 0.0139667 0.0179001 0.0185562 0.0199485 0.0282351 0.0291187 0.0189651 0.0230101 0.020015 0.0284417 0.0208589 0.015827 0.0224675 0.0360851 0.0374393 0.035024 0.0318584 0.0216553 0.0238154 0.0248156 0.0156315 0.0155402 0.0200785 0.0260056 0.0202288 0.0084628 0.0099876 0.0118048 0.0171567 0.0105692 0.00629331 0.00454339 0.00597541 0.0104674 0.00817306 0.000323878 0 
0 0 0 0.000264372 0.006462 0.0101581 0.0147409 0.0137404 0.0138515 0.0181881 0.0193614 0.0226444 0.0267916 0.0220153 0.0240762 0.0227749 0.0185124 0.0183006 0.0182725 0.020135 0.0163237 0.027573 0.0342362 0.0204678 0.0160405 0.0146272 0.0135729 0.012611 0.0153653 0.0177404 0.0186327 0.0212237 0.0176929 0.0128286 0.0196974 0.0271146 0.0343778 0.0374961 0.0204069 0.0197021 0.0219577 0.0234841 0.0208 0.0267267 0.0478628 0.0377881 0.032021 0.038945 0.0305703 0.0321021 0.0360824 0.0248272 0.0230729 0.0173653 0.0188366 0.0172729 0.0116749 0.00590844 0.00618947 0.0082677 0.0139341 0.00821163 0.00654684 0.00469205 0.00846579 0.00749969 0.00168924 0 0 
0 0 0 2.97201e-05 0.000573909 0.000889486 0.00342422 0.00978125 0.019419 0.0170886 0.0150252 0.0185557 0.0212214 0.0222571 0.0202832 0.019488 0.0164226 0.0141028 0.0162553 0.0197195 0.0208679 0.0223191 0.0190993 0.0180965 0.0184747 0.014293 0.0136857 0.0170324 0.0220346 0.0212014 0.0183521 0.0188812 0.0135005 0.0120431 0.0160838 0.0218674 0.0252797 0.0240619 0.0230189 0.0186362 0.0175301 0.0169012 0.0243106 0.0301462 0.0393196 0.0385882 0.0356909 0.0251289 0.0227565 0.0409314 0.0362532 0.0195547 0.0195956 0.0144137 0.0144948 0.00900387 0.00995603 0.0130451 0.0139055 0.00910315 0.00628831 0.00539231 0.00967042 0.00648349 0.0106509 0.0066952 0.000165207 0 0 
0 0 0 0 0 0 0.00117043 0.00853473 0.0152967 0.0118635 0.0222089 0.0285218 0.0239855 0.0207619 0.0238458 0.0229817 0.0224645 0.0203076 0.0262182 0.0214024 0.0205092 0.0187363 0.014754 0.014842 0.0141542 0.0161687 0.0174889 0.0252488 0.0209227 0.0225536 0.0180035 0.0155579 0.0164411 0.0133155 0.018711 0.0221967 0.0254746 0.020708 0.0177302 0.0145255 0.0147634 0.0202362 0.0286616 0.0230306 0.0203533 0.0201172 0.0144019 0.0130678 0.0158412 0.0254901 0.0187492 0.0184167 0.0180965 0.00889763 0.00977983 0.0139041 0.022984 0.0643024 0.0341854 0.0152937 0.0184156 0.0222529 0.0111199 0.00882705 0.00763315 0.00252564 4.59756e-08 0 0 
0 0 0 0 0 0 0.00116715 0.0054222 0.00472065 0.00494288 0.0241104 0.0296183 0.0247502 0.0210201 0.0229068 0.0273367 0.0188784 0.0234107 0.0213949 0.0164606 0.0112694 0.0180802 0.0180262 0.0190744 0.0124822 0.0203251 0.0222668 0.0190395 0.0165971 0.0133555 0.0159608 0.0197947 0.0277813 0.0217284 0.0213492 0.0245942 0.0258869 0.0177321 0.0136291 0.0152287 0.0148777 0.0263834 0.0260851 0.0279064 0.029663 0.0261998 0.0309571 0.0246874 0.0254875 0.0342039 0.02384 0.0197646 0.0201152 0.0143413 0.0123373 0.0195125 0.0360322 0.0925961 0.0365999 0.0190739 0.0267523 0.0258145 0.010536 0.00350766 0.00267254 0.000874037 0 0 0 
0 0 0 0 0 0 5.95415e-06 0.000887782 0.00404553 0.0096449 0.0141791 0.0160692 0.0201614 0.019292 0.0197769 0.0196521 0.0183121 0.0259963 0.0303114 0.017248 0.0100328 0.0147502 0.0146875 0.0160356 0.0111336 0.0186001 0.0201322 0.023973 0.0232586 0.0151993 0.0120427 0.019388 0.0252616 0.0217536 0.0149136 0.0198566 0.0220203 0.0186392 0.0149936 0.0195885 0.0239387 0.0201433 0.0230097 0.0229339 0.0252143 0.0186502 0.0238998 0.0331197 0.0375036 0.0325971 0.0187581 0.0182448 0.0240905 0.0223467 0.0246134 0.0199405 0.0208373 0.0212034 0.0176487 0.0190151 0.0336456 0.0264026 0.00913399 0.00131051 0.000110789 1.05019e-05 0 0 0 
0 0 0 0 0 0 0 0.00288688 0.0115763 0.0152911 0.0140247 0.0161625 0.0153978 0.0187201 0.0134552 0.0157004 0.0146155 0.0195153 0.0195799 0.016276 0.0137669 0.0132618 0.0129127 0.0126358 0.0128613 0.0179598 0.0199538 0.0203853 0.0202371 0.018176 0.0151252 0.017134 0.016382 0.0139363 0.0122878 0.0150597 0.0190526 0.0196755 0.0233198 0.0279765 0.0303458 0.0221586 0.0172833 0.0213499 0.0216987 0.0166716 0.0122907 0.0140898 0.0200658 0.0239685 0.0168445 0.0237963 0.0156154 0.0128744 0.0195621 0.0167332 0.0151621 0.0168982 0.0212673 0.01874 0.0264554 0.0222013 0.00431641 0.000647411 0 0 0 0 0 
0 0 0 0 0 0 0 0.00166309 0.0102238 0.0142288 0.0156108 0.0219815 0.0189773 0.0281876 0.0257916 0.0146154 0.0173803 0.0193515 0.0224546 0.0236726 0.0153388 0.0118156 0.0135511 0.0129938 0.0162035 0.0170294 0.0160604 0.0100787 0.0132342 0.0148272 0.0184198 0.0173756 0.0112797 0.0105714 0.00894242 0.0147992 0.0177103 0.0160664 0.0242142 0.0214542 0.0237923 0.0202223 0.0162438 0.0217816 0.0215392 0.0177272 0.0102335 0.00298202 0.00708539 0.0122292 0.0153234 0.0136965 0.0146537 0.012527 0.0162911 0.0124842 0.017417 0.0206429 0.0203192 0.0166142 0.0197993 0.0162003 0.0021613 0 0 0 0 0 0 
0 0 0 0 0 0 0 0.000268342 0.00679822 0.0119094 0.0197621 0.0279188 0.0222042 0.0313365 0.0263169 0.012888 0.0164789 0.0239121 0.0268256 0.0228111 0.0207641 0.0177417 0.0152724 0.014527 0.0173255 0.00868877 0.00516446 0.00322089 0.00785844 0.0107108 0.0102388 0.010606 0.0119788 0.0105228 0.0106513 0.00948239 0.0138597 0.0134767 0.0129642 0.012577 0.017871 0.0249642 0.0248136 0.0232545 0.0218717 0.0218639 0.0173989 0.0092412 0.00801959 0.0261818 0.0149891 0.00756791 0.0071629 0.0113746 0.0180404 0.0235955 0.0194829 0.0182281 0.0230853 0.0208197 0.0154064 0.00603101 0.00131391 0 0 0 0 0 0 
0 0 0 0 0 0 0 8.06731e-06 0.00198366 0.00875049 0.0192826 0.0204748 0.0228343 0.0193546 0.0132766 0.00852054 0.0100281 0.0165874 0.0190888 0.0202719 0.0209144 0.0207635 0.0146069 0.0191776 0.0173389 0.00722134 0.00504555 0.000646912 0.00559484 0.0101873 0.00671488 0.00886448 0.0117386 0.00899928 0.00938176 0.00864336 0.0109313 0.0161033 0.0147624 0.0114914 0.0156717 0.0181985 0.0190759 0.0189434 0.0192929 0.0208298 0.0223775 0.021785 0.0242751 0.0649062 0.0510881 0.011112 0.00333974 0.00593885 0.0093633 0.013401 0.0176965 0.0232108 0.023476 0.0249074 0.013632 0.000853053 1.33231e-05 0 0 0 0 0 0 
0 0 0 0 0 0 0 0 8.3397e-05 0.00364125 0.0118451 0.0179009 0.0193776 0.0190398 0.00804048 0.00697063 0.00949988 0.0107583 0.0147037 0.0213305 0.0185716 0.0228902 0.0154673 0.0147216 0.016907 0.0209351 0.0106813 0.00346217 0.00328313 0.0194786 0.0365777 0.013539 0.00915428 0.00905517 0.0200721 0.0101818 0.00348831 0.00622718 0.0134666 0.0150827 0.0165135 0.0132803 0.0133531 0.0142697 0.0156965 0.0194509 0.0222349 0.0187671 0.0206557 0.0363505 0.0319566 0.0120878 0.00156157 0.00558176 0.00996376 0.0163385 0.0179792 0.0279313 0.0285023 0.0181162 0.00470556 1.27e-05 0 0 0 0 0 0 0 
0 0 0 0 0 0 0 0 0 0.000365632 0.00599814 0.0146561 0.0157018 0.0123578 0.00899708 0.0114993 0.0068774 0.00521006 0.00969153 0.0205653 0.019343 0.0254673 0.02469 0.021252 0.0257636 0.0273869 0.0223461 0.0106433 0.0028779 0.0274239 0.0667843 0.0223999 0.00541869 0.00619466 0.0199134 0.0158442 0.0060839 0.00145798 0.00367318 0.0130352 0.0201336 0.016514 0.0129677 0.0157304 0.0172243 0.0177766 0.0258438 0.0265496 0.0184283 0.0211179 0.0210296 0.0122455 0.00259545 0.00463253 0.00759466 0.0141109 0.016583 0.0165918 0.0171118 0.00501867 0.000326977 0 0 0 0 0 0 0 0 
0 0 0 0 0 0 0 0 0 0 0.000371292 0.00477661 0.00864388 0.0126942 0.0213525 0.024228 0.0112364 0.00205439 0.00715858 0.0160806 0.0217017 0.0223226 0.0205864 0.0222171 0.0261314 0.0234912 0.01548 0.0116103 0.00367368 0.00710882 0.0266834 0.0139393 0.0149685 0.0129594 0.0176364 0.0214965 0.0114349 0.00457704 0.0144918 0.0214348 0.0176186 0.0169564 0.0210406 0.0222958 0.0177404 0.0171048 0.0243059 0.0299379 0.024071 0.0173603 0.0192373 0.0159983 0.00427893 0.00198584 0.00382557 0.0112715 0.00714678 0.00716532 0.00465125 0.000129156 0 0 0 0 0 0 0 0 0 
0 0 0 0 0 0 0 0 0 0 0 3.84627e-05 0.00205611 0.0104302 0.0283626 0.0282366 0.00928211 0.00119509 0.010119 0.014967 0.017469 0.0166565 0.0167624 0.0156962 0.0242101 0.0247198 0.0192724 0.0133705 0.00384906 0.00167739 0.00924077 0.0240931 0.0318468 0.0197684 0.0112506 0.0144915 0.00871629 0.0110809 0.0177446 0.0190931 0.0155246 0.018811 0.0183835 0.0195026 0.0156136 0.0161476 0.0201866 0.0238435 0.0252362 0.0151351 0.0120393 0.0168026 0.00909295 0.00557978 0.00320478 0.00404428 0.00199109 0.000895155 0 0 0 0 0 0 0 0 0 0 0 
0 0 0 0 0 0 0 0 0 0 0 0 3.12868e-06 0.0013289 0.0111826 0.0107079 0.00225858 0.00137186 0.0103792 0.0169429 0.0121114 0.0110657 0.012237 0.0105607 0.0200524 0.0182692 0.0179864 0.0121255 0.0042472 0.00635662 0.0210999 0.0253645 0.0235899 0.0178768 0.013466 0.0164203 0.0128633 0.00987818 0.0138085 0.016821 0.0174819 0.0155307 0.0145917 0.0204606 0.0168167 0.0165021 0.0192097 0.0245191 0.0200532 0.01931 0.0138522 0.0148502 0.0143561 0.00685577 0.00192012 0 0 0 0 0 0 0 0 0 0 0 0 0 0 
0 0 0 0 0 0 0 0 0 0 0 0 0 0 0.000303237 0.000624979 0 0.00323359 0.01056 0.00969773 0.00926292 0.00969878 0.0103738 0.0110054 0.0213989 0.0194657 0.0154993 0.0122637 0.00818856 0.015734 0.0245074 0.0169755 0.0244672 0.0177583 0.0194468 0.0170889 0.0129653 0.0106101 0.0145028 0.0208756 0.0201475 0.0164536 0.0173516 0.0233903 0.019807 0.0259273 0.0280211 0.0227425 0.0159914 0.0136832 0.0114389 0.0175946 0.0138242 0.00596233 0.00178085 0 0 0 0 0 0 0 0 0 0 0 0 0 0 
0 0 0 0 0 0 0 0 0 0 0 0 0 0 0 0 0.000123079 0.00391474 0.00762684 0.00774551 0.0141312 0.0164707 0.0161127 0.0130735 0.0165116 0.0144305 0.015199 0.0243219 0.0190313 0.0177061 0.0178357 0.0166802 0.0118589 0.0171534 0.0192576 0.0223876 0.0131323 0.0163222 0.0174597 0.0191877 0.021709 0.0195587 0.0310745 0.0314377 0.0277589 0.025819 0.024613 0.0202642 0.0143761 0.0100534 0.00717998 0.0114202 0.00352613 0.000978056 2.53154e-05 0 0 0 0 0 0 0 0 0 0 0 0 0 0 
0 0 0 0 0 0 0 0 0 0 0 0 0 0 0 0 9.7855e-07 0.000212527 0.00205158 0.00379128 0.0128303 0.0176096 0.0148454 0.0066622 0.0104882 0.0210267 0.026706 0.0293738 0.0211864 0.0177066 0.0112904 0.0135985 0.00656449 0.0142526 0.0171289 0.0177551 0.0185712 0.0201173 0.0225187 0.0287984 0.0190343 0.0162891 0.0268639 0.0323779 0.0364485 0.0299846 0.0186361 0.0133977 0.00612677 0.00187262 0.00253572 0.00101174 5.38636e-05 0 0 0 0 0 0 0 0 0 0 0 0 0 0 0 0 
0 0 0 0 0 0 0 0 0 0 0 0 0 0 0 0 0 0 8.28217e-05 0.000783854 0.00196581 0.00781078 0.00860239 0.00252179 0.00964415 0.0173837 0.0281336 0.0187157 0.00969806 0.00956239 0.0145576 0.010044 0.00486109 0.0192914 0.018688 0.0213807 0.024625 0.0218477 0.037093 0.0362463 0.0159087 0.00447324 0.0071227 0.0128511 0.0204081 0.0212441 0.0125398 0.00325324 0.000394516 0 0 0 0 0 0 0 0 0 0 0 0 0 0 0 0 0 0 0 0 
0 0 0 0 0 0 0 0 0 0 0 0 0 0 0 0 0 0 0 0 0 0.000777073 0.000407287 0.000490386 0.00583424 0.0114897 0.0151955 0.00693072 0.00418014 0.0120026 0.0133561 0.0093866 0.00606359 0.014433 0.00840436 0.0103987 0.012714 0.0169043 0.0252698 0.0329517 0.0119785 0.00439121 0.0093462 0.00696958 0.00966375 0.011316 0.00466739 0.000461161 0 0 0 0 0 0 0 0 0 0 0 0 0 0 0 0 0 0 0 0 0 
0 0 0 0 0 0 0 0 0 0 0 0 0 0 0 0 0 0 0 0 0 0 0 1.66884e-06 0.000598684 0.00345514 0.00951376 0.00266375 0.00347508 0.00704725 0.00687839 0.00667075 0.007201 0.00849574 0.00417727 0.00499238 0.00167326 0.00536665 0.0147156 0.0152913 0.00746066 0.00448533 0.0099292 0.00416288 0.00180264 0.00356499 0.000464683 0 0 0 0 0 0 0 0 0 0 0 0 0 0 0 0 0 0 0 0 0 0 
0 0 0 0 0 0 0 0 0 0 0 0 0 0 0 0 0 0 0 0 0 0 0 0 0 2.00538e-05 0.000241986 7.43049e-05 0.000201103 0.00104957 0.00112888 0.00151965 0.0042895 0.00452591 0.000550501 1.80022e-05 0 0.000354172 0.00164788 0.00127414 0.000472516 0.000647016 0.000539063 0.000112441 0 0 0 0 0 0 0 0 0 0 0 0 0 0 0 0 0 0 0 0 0 0 0 0 0 

