0 0 0 0 0 0 0 0 0 0 0 0 0 0 0 0 0 0 0 0 0 0 0 0 0 0 0 0 0 0 0 0 0 0 0 0 0 0 1.02347e-05 4.00664e-05 9.25794e-06 0 0 0 0 0 0 0 0 0 0 0 0 0 0 0 0 0 0 0 0 0 0 0 0 0 0 0 0 
0 0 0 0 0 0 0 0 0 0 0 0 0 0 0 0 0 0 0 0 0 0 0 0 4.0716e-06 0.000391273 0.00184982 0.00171534 0.00230109 0.00149105 2.20498e-06 5.423e-05 0.00159697 0.00157877 0.000431341 0.00012326 4.56825e-05 4.66268e-05 0.00589179 0.0123855 0.00638703 0.00291118 0.00420554 0.00143894 0.000117901 0 0 0 0 0 0 0 0 0 0 0 0 0 0 0 0 0 0 0 0 0 0 0 0 
0 0 0 0 0 0 0 0 0 0 0 0 0 0 0 0 0 0 0 0 0 0 0 1.42092e-05 0.00131721 0.0064872 0.0120928 0.0147207 0.0154308 0.00679714 0.00265801 0.000876607 0.00904219 0.00580778 0.00310443 0.00158943 0.00218903 0.00202721 0.0122013 0.0226415 0.0174934 0.00964279 0.0147395 0.0135138 0.00499674 0.00326787 0.000467784 6.02211e-07 0 0 0 0 0 0 0 0 0 0 0 0 0 0 0 0 0 0 0 0 0 
0 0 0 0 0 0 0 0 0 0 0 0 0 0 0 0 0 0 0 0 0 0 0.000487814 0.0016015 0.000981927 0.00228678 0.0104933 0.0163383 0.0215982 0.0120795 0.00717563 0.00204099 0.00933461 0.0104577 0.0136191 0.0130217 0.00641792 0.00828342 0.0139264 0.0103357 0.00827808 0.00822184 0.0190271 0.0215296 0.0204076 0.011119 0.00534078 0.00477527 0.00156682 1.82144e-05 0 0 0 0 0 0 0 0 0 0 0 0 0 0 0 0 0 0 0 
0 0 0 0 0 0 0 0 0 0 0 0 0 0 0 0 0 4.70857e-06 0.000224279 0.00215755 0.00073593 2.72542e-05 0.000737726 0.000907665 0.00010532 0.000175715 0.00255139 0.00717328 0.0153755 0.0161293 0.0110034 0.00708015 0.0117214 0.0119638 0.0229469 0.0312777 0.0176052 0.0156276 0.0121297 0.00596249 0.00816792 0.0110822 0.016884 0.0230986 0.0273312 0.0173184 0.016125 0.0107232 0.00635426 0.000548955 0.000261248 4.56199e-05 0 0 0 0 0 0 0 0 0 0 0 0 0 0 0 0 0 
0 0 0 0 0 0 0 0 0 0 0 0 0 0 0 0 0.000249545 0.00412457 0.0123365 0.0159745 0.011433 0.00215779 0.000695737 0.000113637 0 1.39863e-05 0.000762119 0.00442371 0.0174117 0.0214777 0.016795 0.015821 0.0108157 0.00980181 0.0176158 0.0281078 0.0167387 0.0216641 0.0168889 0.014106 0.0124542 0.0108486 0.0178428 0.0271665 0.0233701 0.018479 0.0172455 0.0117619 0.00832355 0.00135751 0.00146162 0.0016524 0.0015228 0.000161849 0 0 0 0 0 0 0 0 0 0 0 0 0 0 0 
0 0 0 0 0 0 0 0 0 0 0 0 0 0 0 0.00111394 0.00608232 0.0151425 0.0208638 0.023333 0.017318 0.0109662 0.00699391 0.00199001 7.76316e-05 0.000282292 0.00178461 0.0081165 0.0207961 0.0213945 0.0239588 0.0194516 0.01726 0.0138091 0.0130338 0.0154305 0.0180678 0.0265099 0.0274727 0.0202105 0.0170058 0.0226109 0.018724 0.0232008 0.0131306 0.0135529 0.0161044 0.0154245 0.00874026 0.00205803 0.000905275 0.00173135 0.00610018 0.00226876 0.000130896 0 0 0 0 0 0 0 0 0 0 0 0 0 0 
0 0 0 0 0 0 0 0 0 0 0 0 0 0 0.000435094 0.00825461 0.015454 0.0219218 0.0222408 0.0257717 0.0188363 0.0179068 0.0169105 0.00627805 0.0035172 0.00440369 0.00395127 0.0152038 0.0243141 0.0246597 0.0204722 0.0188752 0.0253085 0.0184315 0.0153432 0.0201369 0.0249416 0.0255642 0.0258045 0.017959 0.0152322 0.0217784 0.017692 0.0178742 0.0166703 0.0142021 0.0168427 0.0165787 0.0136472 0.00534454 0.00242528 0.00369173 0.00661387 0.00524857 0.000947314 4.46086e-05 0 0 0 0 0 0 0 0 0 0 0 0 0 
0 0 0 0 0 0 0 0 0 0 0 0 8.72952e-05 0.00178841 0.00788711 0.014362 0.0207647 0.0262415 0.0271669 0.0223519 0.0190704 0.021132 0.0195168 0.0204164 0.0189075 0.0139608 0.0164103 0.0175375 0.0201253 0.0197053 0.0222574 0.0255283 0.0213139 0.0208861 0.0214883 0.020598 0.025029 0.0212625 0.0178577 0.0188487 0.0172955 0.0186423 0.0253478 0.016239 0.012699 0.0157105 0.0164573 0.0176672 0.0141725 0.0109078 0.00742394 0.010172 0.00987424 0.00751624 0.00320671 0.00203384 0.00105021 9.38065e-06 0 0 0 0 0 0 0 0 0 0 0 
0 0 0 0 0 0 0 0 0 0 0 0 0.000918279 0.00930162 0.0223852 0.0223938 0.0220845 0.0211299 0.0276666 0.0167033 0.0186098 0.0245011 0.022674 0.0231729 0.0217385 0.0224291 0.0234724 0.014784 0.0197957 0.0201538 0.0241849 0.0233355 0.0213192 0.0200678 0.0186585 0.0205765 0.0132974 0.0151177 0.0205123 0.0204474 0.0209125 0.0224486 0.0246706 0.0163486 0.0167459 0.0201839 0.0197907 0.0129302 0.0149091 0.0108885 0.0115513 0.0141029 0.0107421 0.0110409 0.00970073 0.00788683 0.00263331 0.00103744 6.31594e-05 0 0 0 0 0 0 0 0 0 0 
0 0 0 0 0 0 0 0 0 0 1.39776e-05 1.16472e-05 0.00536731 0.0237707 0.0297818 0.0243327 0.0227321 0.0211339 0.0228836 0.0207065 0.0171354 0.0246316 0.027511 0.0231017 0.0152874 0.0180565 0.0202657 0.0184085 0.0169774 0.0224925 0.0262596 0.0243819 0.0188306 0.0148116 0.0120597 0.0192686 0.0140424 0.0169472 0.018812 0.0157783 0.0236651 0.0169749 0.0201217 0.0178147 0.0136542 0.0147233 0.0130902 0.0120495 0.00805795 0.0123859 0.0167651 0.0138993 0.0131476 0.0136441 0.0117223 0.0105726 0.00939051 0.0085343 0.00607833 0.000858686 0 0 0 0 0 0 0 0 0 
0 0 0 0 0 0 0 0 0 0.000437213 0.00596586 0.00428784 0.00918412 0.0161324 0.0256042 0.0287428 0.0220373 0.0252617 0.0244583 0.0198272 0.0219018 0.0211981 0.0219365 0.0211189 0.0146381 0.0180066 0.0168552 0.019696 0.0191704 0.0255125 0.0224967 0.0215218 0.0140148 0.0118477 0.0134427 0.0165731 0.0201916 0.021179 0.0199602 0.0223287 0.0243174 0.0161449 0.0121554 0.0182241 0.020264 0.0170662 0.0157658 0.0113025 0.0148982 0.0238284 0.0223504 0.0176118 0.013422 0.0130414 0.00969519 0.0100733 0.0121478 0.0153799 0.010393 0.00267322 0 0 0 0 0 0 0 0 0 
0 0 0 0 0 0 0 0 5.55651e-05 0.00341774 0.0153929 0.0195651 0.0253812 0.0231954 0.0210012 0.0219139 0.0244258 0.0282441 0.0212776 0.0229575 0.0226539 0.0232564 0.019278 0.0172837 0.0129362 0.0155091 0.0160505 0.0154159 0.0183848 0.0226322 0.0201921 0.0158281 0.0186511 0.0183136 0.0199071 0.0248426 0.0237018 0.0247729 0.024537 0.0293837 0.0247669 0.0224125 0.0130394 0.0138601 0.0158206 0.0180577 0.0189223 0.0162782 0.0275508 0.0487308 0.027926 0.0176544 0.011534 0.015652 0.0159819 0.0133731 0.0109991 0.0122444 0.0121093 0.00850667 0.00131277 7.63506e-06 0 0 0 0 0 0 0 
0 0 0 0 0 0 0 0 0.0010858 0.0108671 0.0181595 0.0194756 0.0209277 0.0221056 0.024455 0.0244111 0.0274583 0.0264594 0.0250887 0.0200874 0.0192017 0.0232717 0.0216181 0.017631 0.0175902 0.0196269 0.0192583 0.0151159 0.0252389 0.0236283 0.0227124 0.0204631 0.0127023 0.0147201 0.0214269 0.0219987 0.0261302 0.0278669 0.0269618 0.0213191 0.0301232 0.0269829 0.0189476 0.0179425 0.0190425 0.0178961 0.0158674 0.0148652 0.0254674 0.041283 0.0356296 0.0171887 0.0124764 0.0147572 0.0146002 0.0142351 0.0144463 0.013929 0.013718 0.014146 0.00847646 0.000490982 0 0 0 0 0 0 0 
0 0 0 0 0 0 0 0 0.00153721 0.00982124 0.0195209 0.0195187 0.0210392 0.0205501 0.0233172 0.0213328 0.0192878 0.0232092 0.0179615 0.0190649 0.0184929 0.0296158 0.0280085 0.0185318 0.0234296 0.0229576 0.0197652 0.0161282 0.0218592 0.0230609 0.0236304 0.0213959 0.0157199 0.0188141 0.0235462 0.01987 0.0176446 0.0199893 0.0206326 0.0225355 0.0308778 0.0253777 0.0210391 0.0204269 0.0193365 0.0201044 0.01751 0.0133987 0.0201302 0.0249264 0.0231885 0.0181187 0.0118159 0.0138129 0.00951707 0.0139869 0.0122296 0.0188659 0.0195714 0.0170047 0.00947776 0.000971386 0.000114491 0 0 0 0 0 0 
0 0 0 0 0 0 0 0 0.000281518 0.00634622 0.0236945 0.0193538 0.020948 0.0255354 0.0294584 0.0226365 0.0179189 0.013952 0.0102265 0.015333 0.0214613 0.0240104 0.0216931 0.0202781 0.021193 0.0222141 0.0236143 0.0237992 0.0255692 0.0220551 0.0263894 0.0279381 0.0226568 0.0237913 0.0224564 0.0212884 0.0165618 0.017151 0.0165566 0.0229515 0.02005 0.0260579 0.0239005 0.0201259 0.0187214 0.0193027 0.0284378 0.0247578 0.0222891 0.0201973 0.0193482 0.0229079 0.0173101 0.00980203 0.00602859 0.00648602 0.0114806 0.0189787 0.0141683 0.0180502 0.0126829 0.00325782 0.000461558 0 0 0 0 0 0 
0 0 0 0 0 0 0.000449447 0.000544598 0.000137108 0.00183251 0.0117596 0.0132367 0.0173404 0.0253044 0.0267887 0.0206833 0.014115 0.0078003 0.00761023 0.0116387 0.013757 0.0153166 0.0171592 0.0223104 0.0207124 0.0157022 0.0190007 0.018148 0.023639 0.0247204 0.0238817 0.0246119 0.0309427 0.0272446 0.0182027 0.0209532 0.0135079 0.0144841 0.0181804 0.0168139 0.0175605 0.0193577 0.0187956 0.0171609 0.0177926 0.0244881 0.0292341 0.0202438 0.0123439 0.0129245 0.0164735 0.0185763 0.0186142 0.0102312 0.00616877 0.0127777 0.0176083 0.0168546 0.0177653 0.0254225 0.014509 0.00829775 0.00304762 0.000245123 0 0 0 0 0 
0 0 0 0 0 0.000891128 0.00387017 0.00558167 0.00566313 0.00302197 0.00470515 0.0149967 0.0184972 0.0210925 0.0227967 0.0220199 0.0199429 0.0187754 0.016533 0.01196 0.00813258 0.0116979 0.0207127 0.0267017 0.0222146 0.0189914 0.0196424 0.0279499 0.0248154 0.0202962 0.0193063 0.0237749 0.0308599 0.0257735 0.0178336 0.0128793 0.0112245 0.0117369 0.0141959 0.0139022 0.0167292 0.0184735 0.0305858 0.0335142 0.0198195 0.0183411 0.0238023 0.0200567 0.0106807 0.00854182 0.00992122 0.010454 0.00925065 0.0140391 0.0193872 0.0264393 0.0238815 0.0290945 0.0189358 0.024626 0.0161682 0.0201684 0.0114352 0.00287572 0.000154059 0 0 0 0 
0 0 0 0 0.00055793 0.00875892 0.0141714 0.0174946 0.0146292 0.0126255 0.0178353 0.0238806 0.0265925 0.0220131 0.0239753 0.0248423 0.0320136 0.0335682 0.0282527 0.019484 0.00949753 0.0108811 0.0164847 0.0240665 0.0274847 0.0220229 0.0235807 0.0209188 0.0168124 0.0246691 0.0261946 0.0214789 0.0191274 0.0217979 0.0194598 0.0149528 0.0127422 0.0178176 0.0103485 0.0138185 0.018862 0.0207272 0.0398781 0.0332353 0.0162744 0.0207666 0.0191443 0.0146514 0.0133769 0.00832951 0.00741753 0.00912783 0.0158634 0.0232624 0.0241159 0.0271822 0.0268183 0.0207158 0.0225525 0.0195537 0.0157896 0.0156326 0.0186421 0.00717246 0.00082418 0 0 0 0 
0 0 0 0 0.00263952 0.0179066 0.0258962 0.0241077 0.0226186 0.0228433 0.0265831 0.0229366 0.0243293 0.0267445 0.0260628 0.0280574 0.0225858 0.0285364 0.022352 0.0179798 0.018004 0.0188232 0.017313 0.0159871 0.0239902 0.0258932 0.0311682 0.0207146 0.014629 0.0256361 0.0238903 0.0159906 0.016202 0.0186018 0.0174063 0.0190511 0.014802 0.0173138 0.0186529 0.0172143 0.0226718 0.0225464 0.0250913 0.0219128 0.0160888 0.0163956 0.021037 0.0196454 0.017413 0.0128606 0.0164312 0.0152574 0.0190132 0.0266616 0.024118 0.0228865 0.0212498 0.0171971 0.0200933 0.023297 0.0157741 0.010302 0.0237873 0.014156 0.0011845 0 0 0 0 
0 0 0 0.000567496 0.0111557 0.0216048 0.0203938 0.020005 0.0220758 0.0377986 0.0364432 0.0247045 0.024471 0.0305113 0.0240211 0.0235428 0.0212787 0.0296297 0.0262833 0.0216868 0.0237702 0.0244946 0.0211148 0.0161697 0.0217893 0.0241197 0.0222509 0.0255256 0.0214316 0.020082 0.0210181 0.0165605 0.0174127 0.0231362 0.0193742 0.0153231 0.0147476 0.0180152 0.0179598 0.020906 0.018388 0.0213827 0.0235206 0.0184051 0.0240917 0.0192762 0.0167053 0.0249777 0.0214428 0.0131398 0.0185914 0.0219207 0.0271451 0.0235799 0.0217607 0.0265663 0.0213811 0.0212412 0.0252616 0.0318999 0.0215122 0.0119662 0.0173287 0.0193183 0.00168297 0 0 0 0 
0 0 0 0.00249372 0.0171675 0.0232477 0.0227394 0.0233646 0.0278315 0.0299804 0.0258272 0.0253641 0.0240041 0.0305968 0.0249207 0.0197709 0.0144876 0.0168094 0.025034 0.0257396 0.0279165 0.0237544 0.0222638 0.0115202 0.0140718 0.0231322 0.0228524 0.0221455 0.0193884 0.01799 0.0179238 0.019136 0.0230717 0.0202223 0.0205475 0.0192415 0.0167866 0.0169026 0.0219746 0.0219191 0.0169735 0.0163036 0.0176213 0.0172029 0.0258027 0.0186283 0.0111671 0.0206281 0.0153641 0.0168503 0.0177914 0.0198266 0.0276308 0.0294997 0.0347671 0.0327946 0.031048 0.0207043 0.0190482 0.0296314 0.0285207 0.0173164 0.0181838 0.0159502 0.00308933 0.00031291 0 0 0 
0 0 0.000167407 0.00852585 0.0175349 0.0315775 0.032199 0.0289849 0.0263338 0.0241265 0.0309827 0.026493 0.0227854 0.0297778 0.0361989 0.0308758 0.0227922 0.0243351 0.0245512 0.0226334 0.0177575 0.0149133 0.0132203 0.00782235 0.0153459 0.0258994 0.0244189 0.0215348 0.0158248 0.0179034 0.0162526 0.0214727 0.0190469 0.0236203 0.0183457 0.0139572 0.0158243 0.020415 0.0266976 0.0168595 0.0162288 0.0229781 0.0237528 0.0210734 0.020639 0.0183451 0.0162248 0.014142 0.015518 0.0226308 0.0255033 0.0272257 0.0291747 0.0291185 0.0363847 0.0301305 0.02856 0.0234497 0.0196026 0.0267209 0.0354318 0.0258825 0.0142254 0.00879969 0.00597763 0.00126221 0.000806893 0 0 
0 0 0.001993 0.0181007 0.0287381 0.0350098 0.0314036 0.0323187 0.0221945 0.0194642 0.023275 0.0224611 0.0199563 0.0180711 0.027038 0.0373759 0.0277789 0.0254039 0.0278727 0.0211731 0.0148739 0.0112857 0.00793823 0.00888605 0.0194399 0.022668 0.0206372 0.0186222 0.0176739 0.0133634 0.0154627 0.0245175 0.02719 0.0293605 0.0159148 0.0181736 0.0286941 0.0256199 0.023838 0.021773 0.022699 0.0268369 0.0296922 0.0257688 0.0201521 0.0194819 0.0223255 0.0188701 0.0178086 0.0167488 0.0223015 0.0275111 0.0303906 0.0338605 0.031672 0.0279821 0.0324585 0.0232839 0.0181066 0.0247045 0.0271802 0.0160386 0.00888625 0.0143091 0.015666 0.00727413 0.00173503 0.000326137 0 
0 0 0.00683713 0.0244247 0.030306 0.0279636 0.0272344 0.0287071 0.0249748 0.0275672 0.0259204 0.022781 0.0213692 0.0240768 0.0210462 0.0253079 0.0296476 0.0349941 0.0318118 0.0269597 0.0140035 0.0135458 0.0105698 0.012596 0.0129295 0.0132208 0.0196687 0.0232456 0.0187878 0.0178835 0.0178249 0.0182485 0.0255828 0.0369886 0.0192741 0.0208338 0.0256453 0.022681 0.0161901 0.0179063 0.0220879 0.0339954 0.0323408 0.0238694 0.0260017 0.0299156 0.0312889 0.0230455 0.0214032 0.0196174 0.0220003 0.0281201 0.0353199 0.0303672 0.0309111 0.032565 0.0270461 0.0224451 0.0216628 0.0232519 0.0252971 0.0104436 0.00767229 0.0214319 0.0122877 0.0115527 0.00659511 0.000606909 0 
0 0.000120016 0.0120089 0.0203253 0.0156102 0.0219805 0.0187997 0.0204123 0.0203752 0.0216576 0.0209021 0.0225571 0.0221383 0.0204218 0.0196526 0.0193552 0.0214586 0.0265622 0.0275266 0.0225672 0.0189534 0.02059 0.017405 0.0169368 0.0148781 0.0137576 0.0188952 0.0188474 0.0154338 0.0208607 0.0254008 0.0258843 0.0211711 0.0308241 0.0219644 0.0144537 0.01764 0.0205149 0.0136012 0.0170878 0.0278282 0.0343564 0.0454174 0.0497322 0.0518407 0.0433591 0.0422311 0.0327227 0.0252592 0.0234186 0.0215667 0.0247081 0.0363482 0.040276 0.0355389 0.0294113 0.0269211 0.0243572 0.0230274 0.0174459 0.027171 0.0223362 0.0124301 0.0197016 0.0143417 0.0145525 0.013178 0.0054446 4.71624e-05 
0 5.91868e-06 0.00159863 0.00275599 0.00537085 0.00866388 0.0120686 0.0143604 0.011492 0.0113754 0.016561 0.0190434 0.0247219 0.0222456 0.0177447 0.0189893 0.0166647 0.0245814 0.018551 0.0203855 0.0263398 0.025647 0.0295218 0.033995 0.028085 0.0254819 0.0287816 0.0261401 0.0276334 0.0309982 0.0285225 0.0275463 0.0242848 0.0317259 0.0216581 0.0126458 0.0107047 0.0100341 0.0141946 0.0210868 0.0424228 0.0619086 0.0680204 0.0696189 0.0668509 0.0440579 0.0432704 0.0435423 0.0324169 0.0309307 0.0287165 0.0300336 0.029944 0.0302103 0.0299586 0.0297233 0.0270454 0.0242832 0.0248835 0.0212487 0.0277832 0.0250972 0.0236846 0.0175223 0.0139086 0.0207021 0.0195148 0.00782187 0.00107357 
0 0 0 0 0.000471495 0.00338405 0.00910978 0.00892633 0.00496674 0.0103452 0.0221573 0.0204505 0.0217237 0.0200634 0.0176819 0.0198249 0.0196653 0.0202347 0.0137213 0.0213323 0.0232274 0.0312218 0.0360092 0.0316534 0.0367947 0.0263187 0.0287698 0.0326681 0.0225674 0.0203511 0.0229005 0.0260624 0.0266214 0.0219079 0.0163016 0.0162151 0.0122271 0.0130113 0.0256036 0.0436017 0.0567467 0.0556078 0.0627441 0.0513664 0.0423637 0.0403255 0.0372437 0.0336149 0.02986 0.0250281 0.0349128 0.0381963 0.0267282 0.0271109 0.0323465 0.0211834 0.0197752 0.0247017 0.0237321 0.022868 0.0260266 0.0210988 0.0214219 0.0209887 0.0138682 0.0121577 0.0119828 0.00877143 0.00194235 
0 0.000141833 0.000161571 0.000488949 0.00111206 0.00773588 0.0128073 0.00857308 0.0108476 0.0111029 0.0196508 0.0193702 0.0156259 0.0224521 0.0219775 0.0242036 0.0231969 0.0208926 0.0183903 0.0146081 0.0196579 0.0279606 0.0334694 0.027178 0.0311716 0.0376355 0.0308612 0.0375275 0.0319145 0.0263967 0.0247015 0.0187216 0.0364555 0.0228272 0.020133 0.0216878 0.0268436 0.0285646 0.0348601 0.0384218 0.0441496 0.0448301 0.0486223 0.0333739 0.0323814 0.0394045 0.0450363 0.0463253 0.0315059 0.0220279 0.0284671 0.0426589 0.0342018 0.0287997 0.0313735 0.0271899 0.0255082 0.0251398 0.0285938 0.0204794 0.02483 0.0216548 0.0157314 0.0169966 0.0135543 0.015203 0.0107199 0.0109501 0.0017842 
0 0.00196444 0.00975528 0.0117236 0.00953509 0.0128774 0.0111405 0.00745338 0.0147415 0.0137866 0.0242257 0.0201791 0.0194707 0.0217854 0.0187062 0.0253846 0.0220734 0.0219351 0.0231307 0.015851 0.0173214 0.0272043 0.0282023 0.0276226 0.025093 0.0323204 0.0350231 0.0349084 0.0442981 0.0325495 0.0325676 0.0227557 0.0269921 0.0207297 0.0182173 0.0310451 0.052081 0.0316325 0.0328669 0.0384179 0.0424155 0.0362446 0.0259847 0.0373745 0.0282364 0.0313581 0.0434433 0.0390388 0.0333302 0.0283988 0.0186459 0.029047 0.0319833 0.0254721 0.0230299 0.0188282 0.0226184 0.0238911 0.0265261 0.0181058 0.0152521 0.0237376 0.0178739 0.0200671 0.0187184 0.013549 0.0159417 0.0125589 0.00152413 
1.6529e-05 0.00673248 0.0179094 0.0208126 0.0140337 0.00937845 0.00536791 0.0149997 0.0218361 0.0127454 0.0225135 0.0225601 0.0194118 0.0215711 0.0202703 0.0208646 0.0230793 0.0217157 0.0236635 0.0212695 0.0180207 0.022779 0.0296555 0.0323083 0.0257502 0.0342906 0.0207863 0.0416872 0.054359 0.0240595 0.026432 0.0280658 0.0328576 0.0325806 0.0279314 0.0484007 0.0504294 0.0272642 0.0347786 0.036204 0.0323877 0.0223219 0.0260307 0.0293875 0.0296037 0.0447089 0.04582 0.0517878 0.0307475 0.0305208 0.0277935 0.0254587 0.0198277 0.0213621 0.0214143 0.0201645 0.0228645 0.0191947 0.016663 0.0176524 0.0146015 0.0212932 0.019431 0.018894 0.0219701 0.0154673 0.0130449 0.00645454 0.00136521 
0.000203275 0.00638303 0.0167584 0.0175579 0.015556 0.00944141 0.0115266 0.0194531 0.0269968 0.0167306 0.0201417 0.0181768 0.0183858 0.0204763 0.0214742 0.022618 0.0232546 0.0235326 0.0248551 0.0201809 0.0177143 0.0178631 0.0262079 0.0264335 0.0270912 0.0305723 0.0218802 0.0281754 0.0305899 0.0232159 0.0212751 0.0200283 0.0205066 0.0266611 0.0364901 0.0311097 0.0351571 0.028861 0.0401401 0.0419698 0.0283074 0.0247287 0.0225523 0.0202034 0.0371208 0.0517614 0.0334966 0.0423867 0.0335995 0.0377405 0.0357872 0.033917 0.0236032 0.0252291 0.0242594 0.0180458 0.0177428 0.0213742 0.0180897 0.0197182 0.0173963 0.015854 0.0172943 0.0196414 0.0229326 0.0173193 0.00886054 0.00361048 0.000521659 
0.000532973 0.00592636 0.016487 0.0169557 0.0139617 0.0120597 0.0141268 0.0197288 0.0187007 0.0197691 0.0174369 0.0198494 0.0147686 0.0168616 0.0158656 0.0186886 0.0210574 0.0162714 0.0187789 0.0190084 0.0223591 0.0162993 0.0210901 0.0222812 0.0268634 0.0249969 0.0235236 0.0207352 0.0218452 0.0169887 0.0269684 0.0208127 0.0209177 0.0283003 0.0272066 0.0292629 0.0268388 0.0232213 0.0316009 0.0390628 0.0331553 0.0286902 0.0248727 0.0218999 0.0286388 0.0331985 0.0266624 0.0373341 0.0371525 0.0507662 0.048477 0.0343821 0.0279498 0.021938 0.0170626 0.0250351 0.0210412 0.0234056 0.0191112 0.0193619 0.0191922 0.0207019 0.0216717 0.0170684 0.0184886 0.00940242 0.00438914 0.0031082 0.000317647 
0.000628023 0.009548 0.0162927 0.0216103 0.0112727 0.00997659 0.013127 0.0265883 0.0244433 0.0186349 0.0172011 0.017065 0.0207235 0.0223253 0.0201167 0.0186489 0.0211542 0.0200683 0.0229782 0.0217306 0.0246952 0.0201717 0.0229624 0.029023 0.030378 0.0210867 0.0230793 0.0194565 0.018665 0.0247432 0.0326136 0.0238762 0.0209822 0.0257939 0.0310073 0.0322912 0.031809 0.0308932 0.0237209 0.0315491 0.0354221 0.0428066 0.0339791 0.0234068 0.0199882 0.0245048 0.0300906 0.0566969 0.0422268 0.027815 0.0332231 0.0295917 0.0241716 0.0264595 0.019001 0.0162536 0.0168845 0.0209534 0.0173146 0.0210143 0.0238177 0.0169357 0.0133654 0.0196339 0.0157882 0.00795898 0.00599115 0.00323365 0.000287742 
0.000329376 0.00694296 0.0244357 0.0478141 0.028664 0.0159878 0.0129899 0.0174383 0.0257193 0.018209 0.0168247 0.011852 0.0163608 0.0272462 0.0247341 0.0183424 0.0202726 0.0178674 0.0240986 0.0248454 0.0266003 0.0257951 0.0263013 0.0282066 0.0303351 0.0301906 0.0287908 0.0278463 0.0246588 0.0204037 0.0243775 0.0254084 0.0201088 0.0225773 0.0373996 0.043089 0.0636141 0.084014 0.0465053 0.027993 0.0303985 0.0367655 0.0330277 0.02451 0.0201934 0.0222476 0.0353292 0.0523845 0.0414206 0.0324019 0.0271086 0.0234235 0.0275039 0.0261725 0.0207565 0.016743 0.0161762 0.0169485 0.0146863 0.0166873 0.0179127 0.0162 0.0198056 0.0264906 0.0182895 0.00962746 0.0054475 0.00381689 0.00113694 
0.00028484 0.00551235 0.0234562 0.0457167 0.0375548 0.0129863 0.00686312 0.0102293 0.0235038 0.0215622 0.0199191 0.0153046 0.0210413 0.0292467 0.0305649 0.0209542 0.016159 0.0152401 0.0190532 0.0253203 0.0279805 0.02652 0.0245224 0.0198165 0.0248684 0.0243176 0.030266 0.027489 0.0298798 0.020901 0.0245078 0.0219971 0.0286514 0.0234062 0.0360968 0.0357572 0.0597892 0.078497 0.0295771 0.0278852 0.0347518 0.0346177 0.0255073 0.0256756 0.0229259 0.0253383 0.036781 0.0316255 0.0286642 0.028112 0.0285093 0.027292 0.0334537 0.0257829 0.0202239 0.0162677 0.0124959 0.0151364 0.0144888 0.00878801 0.0111988 0.0140037 0.0348125 0.0317807 0.015842 0.0114591 0.00359873 0.00299233 0.00111945 
4.60407e-05 0.00330527 0.0110343 0.0189693 0.0219161 0.0119929 0.00907298 0.00937687 0.0118999 0.016199 0.0252979 0.0186691 0.0148457 0.0209753 0.0201183 0.0193229 0.0163573 0.0147473 0.0103047 0.0135435 0.0179569 0.0181763 0.0199184 0.0226046 0.0157488 0.0149613 0.0216326 0.0275786 0.0252113 0.0218172 0.0227233 0.0238388 0.0250992 0.0269563 0.0293453 0.0302534 0.0357587 0.0475305 0.0530206 0.0284169 0.030556 0.0251872 0.0239965 0.025148 0.0284576 0.0187105 0.0296755 0.029715 0.024314 0.0382302 0.0195439 0.0247746 0.020239 0.0238211 0.0238799 0.0220799 0.0165836 0.0194149 0.0181151 0.0119825 0.00904191 0.0120424 0.0149094 0.0199574 0.0171538 0.0151521 0.00597996 0.0044553 0.000681895 
0 0.00299816 0.0153877 0.02425 0.01578 0.0158738 0.0133009 0.0162748 0.0137044 0.0140802 0.0217901 0.0157531 0.0147553 0.0195512 0.0169715 0.0174319 0.0197893 0.0197532 0.00799381 0.0140191 0.0148975 0.0236033 0.0246142 0.0229687 0.0172982 0.0152629 0.0210046 0.0283625 0.0288494 0.0296029 0.0304872 0.0266069 0.0226148 0.0265883 0.0320668 0.0273235 0.0257842 0.027375 0.039905 0.0251625 0.026253 0.0185848 0.0248031 0.0237068 0.0292498 0.0166357 0.0321107 0.0403431 0.0311685 0.0279427 0.0215126 0.0203196 0.0203469 0.0158164 0.0227405 0.0243203 0.0190368 0.0186559 0.0168555 0.012812 0.0156655 0.0154154 0.0209403 0.0179639 0.0191944 0.0158618 0.0123962 0.00696585 0.000885175 
0 0.00298512 0.0171312 0.0229546 0.0117708 0.0163176 0.0177621 0.020587 0.0260769 0.0202757 0.0178402 0.0210478 0.0244597 0.019915 0.0165053 0.019392 0.0181442 0.0180691 0.0139987 0.0223051 0.0206511 0.0280791 0.0282131 0.0199092 0.0174544 0.0184043 0.0211942 0.0247657 0.0300004 0.0315216 0.0228286 0.0198052 0.0204238 0.0239265 0.0269707 0.0216714 0.0257212 0.0263264 0.0250552 0.0179691 0.0279716 0.024883 0.0266288 0.0408058 0.0364496 0.0263984 0.0264391 0.0321882 0.0221114 0.0198892 0.0185966 0.0196835 0.0160029 0.0184347 0.0254264 0.0313608 0.0237197 0.0216036 0.0184006 0.0171871 0.021617 0.0208724 0.0217473 0.0216515 0.0217237 0.0153093 0.0110627 0.00698897 0.00172358 
0 0.00209875 0.0187545 0.0215157 0.0163489 0.0159453 0.0177574 0.0215899 0.0208904 0.0116738 0.0106306 0.0131589 0.0164857 0.0218759 0.0242727 0.0252491 0.0201573 0.0149515 0.0134688 0.016687 0.0216946 0.0287971 0.0323967 0.0223442 0.0179255 0.0155856 0.0224147 0.0243697 0.0371624 0.0385645 0.0291604 0.0212063 0.0174074 0.0234762 0.0242322 0.0181401 0.0229698 0.0267635 0.025649 0.0197373 0.0215323 0.0233058 0.0343325 0.0505968 0.0405924 0.0418815 0.0285182 0.0206349 0.0157226 0.0205431 0.0217967 0.0174567 0.0188176 0.0305589 0.0452285 0.0367823 0.02574 0.025672 0.0240726 0.0256123 0.02682 0.0236877 0.0204076 0.0231201 0.0196813 0.0197301 0.00914602 0.00350283 0.000721041 
0 0.000678709 0.0102004 0.0114887 0.0146326 0.0145917 0.0150073 0.0133836 0.00536155 0.00344888 0.00805251 0.0101136 0.00992306 0.0164514 0.0220514 0.0257487 0.0195089 0.016296 0.0126249 0.0138866 0.0195119 0.0262994 0.0344232 0.0305498 0.0202978 0.0177058 0.0200545 0.0229716 0.031716 0.0352801 0.0305797 0.021245 0.0223949 0.0207915 0.0223425 0.0183894 0.0203985 0.0221646 0.0201657 0.0160494 0.0173757 0.0213078 0.0225837 0.0207783 0.0229698 0.031986 0.0232885 0.0143396 0.0115162 0.0219878 0.0284516 0.0231552 0.0249993 0.02988 0.0281799 0.0285079 0.0304553 0.0271942 0.0361347 0.0289604 0.0304908 0.0243328 0.0157473 0.0188386 0.0208361 0.0161316 0.0106899 0.00692564 0.00285037 
0 4.68946e-06 0.0021764 0.00435328 0.00922742 0.016565 0.0109605 0.00601383 0.00280832 0.00797627 0.013901 0.012474 0.0118052 0.0174067 0.0202136 0.0236175 0.0179128 0.0174307 0.0116065 0.0148721 0.0171774 0.0275045 0.0314795 0.0312468 0.0228355 0.0230013 0.0194744 0.0273226 0.0295176 0.0214936 0.0216945 0.0206982 0.0197854 0.0229809 0.0243346 0.0219836 0.0206429 0.0210423 0.0215486 0.0184579 0.0217541 0.0227999 0.0215744 0.0219869 0.0219125 0.0227198 0.0193235 0.0132579 0.0102705 0.0120705 0.0223303 0.0235525 0.0251328 0.025621 0.0213921 0.0261725 0.0329794 0.0348525 0.0744174 0.0393541 0.0262351 0.0226968 0.0184427 0.0165519 0.0163414 0.0138979 0.0102522 0.00954148 0.00132793 
0 0 0.000102734 0.00408961 0.00689098 0.00986961 0.0129467 0.0135906 0.0110135 0.00839708 0.0126104 0.0178464 0.0174749 0.0226437 0.0283793 0.0266715 0.0232639 0.0181519 0.0111727 0.0112327 0.0162367 0.0269728 0.0275164 0.0187686 0.0307883 0.0279981 0.0206201 0.0218843 0.0215805 0.0220182 0.0221533 0.0208713 0.0234721 0.0227874 0.0240386 0.0182532 0.018274 0.0208728 0.01729 0.0223321 0.0209364 0.0254909 0.0252616 0.0168793 0.0186966 0.0224956 0.0190018 0.0111017 0.00838172 0.00936519 0.017649 0.0224285 0.018373 0.0235606 0.0230873 0.0228012 0.0295405 0.0282826 0.0390628 0.0285192 0.0218411 0.0138006 0.0164372 0.0181762 0.0166331 0.0168752 0.01426 0.00383681 0.000650213 
0 0 6.36971e-05 0.00134793 0.00462582 0.0064543 0.0114152 0.0167758 0.0154794 0.00956384 0.0112926 0.0188131 0.0285632 0.0318285 0.0261219 0.0175601 0.0249204 0.0274571 0.0182842 0.0153601 0.0231046 0.0271842 0.0233428 0.0259717 0.0285872 0.0199107 0.023533 0.0165772 0.0246085 0.0298374 0.0267682 0.0239872 0.0182238 0.0184613 0.0202393 0.0153421 0.0173533 0.0210505 0.0204079 0.0186917 0.0200583 0.0157083 0.0205132 0.0161083 0.0163323 0.0165217 0.017504 0.0152814 0.0136492 0.0114996 0.0149835 0.0164926 0.0220267 0.0232694 0.0227433 0.0259973 0.0275933 0.0247281 0.0266875 0.0244598 0.0242525 0.0194645 0.0214448 0.0205942 0.0149892 0.0134514 0.0138289 0.00590621 0.000338227 
0 0 0 0.000195661 0.00186898 0.00532723 0.00897168 0.0109135 0.0166799 0.00971844 0.0115283 0.0215105 0.0289586 0.0412406 0.0346084 0.0212309 0.0209725 0.0295618 0.0214192 0.0164042 0.0143362 0.0173277 0.0214123 0.0294386 0.0275251 0.0138686 0.0130139 0.0194368 0.0382118 0.0329881 0.0240186 0.0178128 0.0120273 0.0149744 0.0199621 0.0251627 0.0229471 0.0222994 0.0202644 0.0273196 0.0220672 0.0186058 0.018795 0.0160481 0.0154199 0.0135003 0.013904 0.0162332 0.01182 0.0120984 0.0143727 0.0184892 0.0186329 0.0258656 0.0214247 0.0223546 0.0282336 0.0217475 0.0251157 0.0208659 0.0209316 0.0219405 0.0278443 0.0229687 0.0110234 0.0083348 0.00986942 0.00257137 8.64406e-06 
0 0 0 0.000442807 0.00246797 0.00606005 0.00593818 0.0105884 0.0108305 0.00676179 0.0111318 0.0208291 0.0254277 0.0342684 0.031567 0.0215552 0.0276234 0.0283822 0.020369 0.0161652 0.0171316 0.0208644 0.0238804 0.0244237 0.0179533 0.0109665 0.018491 0.026417 0.0308226 0.0253708 0.0326835 0.0181957 0.0161258 0.0249225 0.0300796 0.029405 0.024926 0.023009 0.0240884 0.0238533 0.0239945 0.0212363 0.0211948 0.00890635 0.00778547 0.00690897 0.012879 0.0178953 0.0147684 0.0143587 0.0170528 0.0197131 0.0207975 0.0230089 0.016759 0.0207742 0.0183528 0.021713 0.0227268 0.00920082 0.0136529 0.0247354 0.0314849 0.029226 0.0123818 0.00575457 0.0069033 0.00216943 0 
0 0 0 0.0012707 0.00729944 0.00847543 0.00751086 0.0128861 0.00996914 0.0108849 0.0154767 0.0188799 0.0238901 0.0205809 0.0193041 0.0245925 0.0298797 0.0226065 0.0218414 0.0234908 0.0199734 0.0222764 0.0212002 0.0136787 0.0069819 0.0142449 0.0273225 0.0271676 0.0281278 0.0232861 0.0256261 0.0226591 0.020295 0.025029 0.0332647 0.0522706 0.0380546 0.0232036 0.0202068 0.0208135 0.0191803 0.0230703 0.0173764 0.00764418 0.00926201 0.0103654 0.0184988 0.0207014 0.0178546 0.0128321 0.0184335 0.0173913 0.0204993 0.0226719 0.0195647 0.0238969 0.0226614 0.0238657 0.0193116 0.0120741 0.0112515 0.0172365 0.0284697 0.019223 0.017948 0.00689224 0.00372468 0.000683798 0 
0 0 0 0.00163604 0.0111588 0.00729087 0.00970087 0.0100005 0.00813776 0.0102802 0.0221841 0.0235618 0.0226852 0.0185693 0.0133442 0.0190643 0.0336423 0.0240571 0.0210103 0.019232 0.0143293 0.0213013 0.0169251 0.0154671 0.00795784 0.0118536 0.0309077 0.0281927 0.0242461 0.019037 0.0176149 0.0238377 0.0267769 0.0229854 0.0293408 0.0436996 0.0420294 0.0247984 0.0220732 0.0212858 0.0182479 0.0174813 0.018668 0.0182909 0.0159566 0.010428 0.0118241 0.0196734 0.0126648 0.0110878 0.0190504 0.020717 0.0202218 0.0314821 0.0274627 0.0191178 0.0190566 0.0152368 0.00866348 0.0104938 0.0115849 0.0155137 0.0216443 0.0196494 0.0187798 0.010041 0.00110829 0 0 
0 0 0 0.000567354 0.00340654 0.00405285 0.00595954 0.00791955 0.0135945 0.0131916 0.0214166 0.0254627 0.0221248 0.0248396 0.0213172 0.0241211 0.030584 0.0234466 0.0201726 0.0188474 0.0218434 0.0156182 0.018692 0.0290575 0.0159673 0.0086292 0.0143979 0.0309567 0.0243454 0.0145936 0.0191639 0.0221148 0.0298848 0.0350709 0.0372981 0.026187 0.0206471 0.0231898 0.0138553 0.0120883 0.0168419 0.0217654 0.0233898 0.0205529 0.0187654 0.00928536 0.0112919 0.0170395 0.0227329 0.0156259 0.0181502 0.0141053 0.0171015 0.0242691 0.0239345 0.0151621 0.00975892 0.00546302 0.00294779 0.00771295 0.015651 0.0170003 0.0168235 0.0147061 0.0120594 0.00489942 0.000304054 0 0 
0 0 0 0 3.35037e-05 0.000361525 0.00678535 0.00847283 0.00927897 0.00653794 0.0162354 0.0256716 0.0275651 0.021691 0.0181411 0.024977 0.0267209 0.0233025 0.0152949 0.0151702 0.0203567 0.0217898 0.0266321 0.0297489 0.0187124 0.0108891 0.0079756 0.0127131 0.021235 0.0143434 0.0214644 0.0188443 0.0259355 0.0318454 0.0283016 0.0254984 0.0227659 0.0191549 0.00844421 0.0059101 0.0116836 0.0160711 0.0254028 0.0217918 0.0118589 0.00839647 0.00997311 0.0163584 0.0223124 0.0162574 0.0180141 0.0153623 0.0218689 0.0160732 0.0134932 0.0120709 0.0109324 0.00386579 0.0017426 0.00331726 0.00708178 0.00958411 0.0076232 0.0128546 0.00856212 0.00223791 4.26897e-05 0 0 
0 0 0 0 0 0.0011864 0.00713242 0.00848097 0.00280117 0.000963625 0.00600407 0.0157599 0.0242044 0.0290753 0.0297463 0.0265342 0.0239389 0.0167382 0.0137987 0.0148204 0.0144012 0.0208167 0.0256067 0.0228096 0.0177964 0.00890969 0.00661745 0.0128448 0.0123367 0.0163622 0.0164631 0.0195837 0.0208791 0.0206117 0.0222274 0.0260575 0.0215921 0.0206624 0.013283 0.0140031 0.00660094 0.0111828 0.0172943 0.0155152 0.00903877 0.00952969 0.0147017 0.0232528 0.0269733 0.0160585 0.0165674 0.0166589 0.0159853 0.0165826 0.00860826 0.0127092 0.018224 0.0134799 0.00364279 0.00333702 0.0115289 0.0121626 0.00886618 0.00204605 0.000964149 7.78853e-05 5.80443e-07 0 0 
0 0 0 0 0 0.000267149 0.00380947 0.00953472 0.0085731 0.00179095 0.00303708 0.00824398 0.0211136 0.0263408 0.0278062 0.0287671 0.0284076 0.0204062 0.0183168 0.0194187 0.0224319 0.0251492 0.0316887 0.0204266 0.00939513 0.00682667 0.00567342 0.00720654 0.00706042 0.0066224 0.00955509 0.015957 0.0219548 0.0192666 0.0194076 0.0212917 0.0268128 0.0297499 0.0207504 0.0285317 0.0151974 0.0126054 0.0106606 0.0117034 0.0121698 0.0149671 0.0208794 0.0227523 0.0227149 0.0182635 0.0182595 0.0168542 0.0153308 0.0132272 0.00683677 0.0120731 0.0193835 0.0162252 0.00499396 0.00400335 0.0123045 0.0156437 0.016517 0.00366369 0.000163081 1.78433e-05 0 0 0 
0 0 0 0 0 0 0.000895087 0.00366266 0.00992166 0.00864381 0.00430804 0.00683622 0.00913189 0.0163248 0.0217285 0.027127 0.0233755 0.0169888 0.022699 0.0199769 0.0213238 0.0249939 0.0240208 0.0148671 0.00713911 0.00782796 0.0149804 0.0114463 0.00837629 0.00919393 0.0106621 0.0194728 0.0184796 0.016623 0.0155954 0.0215353 0.0228724 0.0259578 0.0173124 0.0200756 0.0173902 0.012983 0.0135305 0.0139781 0.0106846 0.0113306 0.0127733 0.0170627 0.0201956 0.0177554 0.0149779 0.0134431 0.0121412 0.0110574 0.0114049 0.0128579 0.0123018 0.0124547 0.0109871 0.00430831 0.00324552 0.00882937 0.0127415 0.00474996 0.000112808 0 0 0 0 
0 0 0 0 0 0 5.88649e-05 0.00403951 0.00969466 0.00829151 0.00305176 0.00697692 0.00605406 0.00876784 0.0179287 0.0279802 0.0254726 0.0154498 0.0143841 0.0192454 0.0162349 0.0149968 0.00550808 0.00397319 0.00544434 0.0133069 0.0144458 0.0102761 0.0106325 0.00930702 0.0126734 0.0191137 0.0173186 0.0180977 0.0144074 0.0182064 0.0200712 0.018786 0.0122327 0.0121867 0.0112891 0.0133457 0.0141607 0.0163752 0.0149244 0.00955542 0.0115992 0.0162814 0.0172519 0.0225262 0.0101814 0.0142979 0.0103426 0.00362119 0.00382303 0.00471228 0.012017 0.00939957 0.0118473 0.00966873 0.00396354 0.00852705 0.00668476 0.00246248 0 0 0 0 0 
0 0 0 0 0 0 0 0.0015071 0.00571024 0.00408807 0.00489917 0.0112827 0.0133959 0.00978452 0.0179997 0.0235264 0.0206064 0.0170083 0.0158105 0.0276693 0.0284141 0.0204443 0.00644273 0.00354937 0.00529121 0.0143152 0.0227086 0.020369 0.0138601 0.0104444 0.012015 0.0147094 0.0175718 0.0258817 0.0118624 0.0094247 0.0117927 0.0131968 0.0096901 0.010319 0.00618501 0.00824781 0.00885059 0.0105186 0.0184826 0.0125295 0.00728296 0.0114105 0.0150574 0.0166013 0.017457 0.0135794 0.0103533 0.00456422 0.00222555 0.00158288 0.00499871 0.00763673 0.00963483 0.0094428 0.00818616 0.00799866 0.00324761 0.000349783 0 0 0 0 0 
0 0 0 0 0 0 0 0.000207326 0.000817712 0.00104422 0.00432429 0.0131577 0.012884 0.0108668 0.0152034 0.0149333 0.0171404 0.0249672 0.0242981 0.024985 0.0241066 0.0179431 0.00761642 0.00452174 0.00641839 0.0134302 0.0398149 0.0372468 0.0189263 0.00907549 0.0112745 0.0161405 0.0215155 0.0213941 0.00994244 0.0115173 0.0100096 0.0101175 0.00724428 0.0077549 0.00589533 0.00697581 0.00635152 0.0107093 0.122227 0.138288 0.00596799 0.00293293 0.00835256 0.0140114 0.0152962 0.0123248 0.0124084 0.00913662 0.000379527 0.00192741 0.00314339 0.00429724 0.00475711 0.010445 0.00823841 0.00378903 0.000601359 0 0 0 0 0 0 
0 0 0 0 0 0 0 0 0 0.000291481 0.00431156 0.00768124 0.00708267 0.00800593 0.0129877 0.013085 0.0175763 0.0244752 0.0236869 0.0178161 0.0150209 0.0120176 0.0074596 0.00579552 0.00933414 0.0175866 0.0325781 0.0287606 0.0216076 0.0140507 0.0100621 0.0153776 0.0203377 0.0150364 0.00830833 0.0145971 0.00779589 0.00725396 0.00997797 0.00803986 0.00972529 0.00986332 0.0106883 0.00912047 0.0960329 0.0760968 0.0048708 0.00550493 0.00885349 0.0145995 0.0166001 0.013389 0.00849646 0.00927337 0.00560952 0.0116855 0.0123882 0.00692075 0.00404665 0.00791123 0.00463317 0.000457702 1.77685e-08 0 0 0 0 0 0 
0 0 0 0 0 0 0 0 0 8.2811e-05 0.0024211 0.00554594 0.00133561 0.00439979 0.0129357 0.0118448 0.0152351 0.0178552 0.0156229 0.0154096 0.0149286 0.0132513 0.00885578 0.00812811 0.0154338 0.0158774 0.0164778 0.0159868 0.0121499 0.0117217 0.0132894 0.018448 0.0260861 0.0185469 0.0153021 0.0143473 0.00826915 0.0122614 0.0130207 0.014303 0.0127435 0.0124175 0.0122195 0.00763453 0.00187025 0.00387564 0.00552572 0.0125145 0.0152156 0.0147967 0.0183239 0.0150598 0.0120271 0.0111807 0.0146096 0.0177581 0.0232193 0.0097995 0.00282212 0.0031956 0.00112734 0 0 0 0 0 0 0 0 
0 0 0 0 0 0 0 0 0 1.9047e-05 0.000686211 0.002258 0.000327359 0.00157812 0.00952333 0.0228097 0.0220683 0.011953 0.0130799 0.0183786 0.0157822 0.0148018 0.0103284 0.0124359 0.0163182 0.0166553 0.0119734 0.0147596 0.00900465 0.0151312 0.0107306 0.0197345 0.0217139 0.0223693 0.0146517 0.0158689 0.0141596 0.0117364 0.0131947 0.0147839 0.0126076 0.0113893 0.016389 0.0133045 0.00823576 0.00874143 0.0115979 0.00923427 0.0132477 0.0147909 0.0170052 0.0209205 0.01811 0.00916059 0.0109921 0.0203708 0.0235825 0.0106904 0.00246566 1.20084e-05 0 0 0 0 0 0 0 0 0 
0 0 0 0 0 0 0 0 0 0 0 0 0 0.00135798 0.0097802 0.0227549 0.0201669 0.01273 0.0164811 0.0152857 0.0141834 0.014791 0.00956605 0.00853321 0.0152846 0.0125995 0.0101986 0.00662311 0.0104503 0.0152732 0.0138634 0.0199086 0.0239581 0.018903 0.02023 0.0218504 0.0200049 0.0103612 0.0115058 0.0127171 0.010123 0.0164173 0.0197667 0.0209963 0.0165133 0.0152771 0.0171158 0.0147759 0.0114682 0.0192587 0.0212607 0.02232 0.0195455 0.010506 0.00786542 0.00950814 0.0047873 0.00209393 0.000939771 5.12672e-07 0 0 0 0 0 0 0 0 0 
0 0 0 0 0 0 0 0 0 0 0 0 0 0.000508139 0.00935488 0.0135698 0.00642968 0.00788529 0.0183773 0.0152901 0.0210351 0.018119 0.0148939 0.0107941 0.0163364 0.0140328 0.0100792 0.012645 0.0162579 0.0135849 0.0204613 0.020633 0.0211645 0.0233271 0.016451 0.0138659 0.0192743 0.0112943 0.0174111 0.0163808 0.0202831 0.0214206 0.0248192 0.0198127 0.0173746 0.0171868 0.0167228 0.014265 0.0143403 0.0237578 0.0243302 0.0220993 0.0203293 0.0198129 0.00911762 0.00561644 0.00116861 0.0013926 5.15601e-05 0 0 0 0 0 0 0 0 0 0 
0 0 0 0 0 0 0 0 0 0 0 0 0 0 0.000764292 0.00181943 0.00529535 0.00831748 0.0168184 0.0210557 0.018298 0.0109228 0.00984326 0.00925296 0.0124372 0.00800981 0.0264677 0.0185835 0.0207394 0.0161544 0.0142902 0.0144896 0.015833 0.0156734 0.0146642 0.011243 0.0188897 0.0166165 0.0201779 0.0107115 0.0138202 0.0156842 0.0192178 0.0146492 0.0117855 0.0141863 0.0165737 0.0166071 0.0158378 0.0162696 0.0122999 0.0118071 0.00988051 0.0122601 0.0110391 0.00362676 0.000327695 1.2219e-05 0 0 0 0 0 0 0 0 0 0 0 
0 0 0 0 0 0 0 0 0 0 0 0 0 0 0 0.000298005 0.00342274 0.00819421 0.0152926 0.0249404 0.0182283 0.00861477 0.00652503 0.00848619 0.0140817 0.00998502 0.0173964 0.0250626 0.0250447 0.0195511 0.0147721 0.0100651 0.00887112 0.0066933 0.0117784 0.0166143 0.012442 0.0132487 0.0104595 0.00501813 0.00193146 0.0107346 0.0161264 0.0138403 0.0127755 0.0109937 0.00749796 0.0136605 0.0158461 0.00822318 0.00368014 0.00492712 0.00392692 0.00246166 0.00429631 0.0006072 0 0 0 0 0 0 0 0 0 0 0 0 0 
0 0 0 0 0 0 0 0 0 0 0 0 0 0 0 0 0.000530502 0.00495378 0.00945881 0.01406 0.0157816 0.0096232 0.00882977 0.00637123 0.0128252 0.0307582 0.0193864 0.0182982 0.0331343 0.0326079 0.0240671 0.0113565 0.00630123 0.00778695 0.00877899 0.0162093 0.0111551 0.00877721 0.00476756 0.00734544 0.00842637 0.00640685 0.00845476 0.00670904 0.010267 0.0135355 0.0161485 0.021344 0.0164622 0.00181616 4.08175e-05 0.000263775 0.000541274 5.23068e-06 0 0 0 0 0 0 0 0 0 0 0 0 0 0 0 
0 0 0 0 0 0 0 0 0 0 0 0 0 0 0 0 0 0.00148925 0.005173 0.00867468 0.0115019 0.013742 0.0122243 0.0055272 0.00641613 0.015856 0.0164299 0.0223453 0.0378498 0.0340509 0.0351703 0.0315532 0.0135369 0.00507376 0.00506856 0.0127086 0.0123237 0.00655313 0.00490514 0.0427815 0.0407527 0.00976459 0.00278457 0.00447747 0.00793851 0.00930963 0.0130926 0.0145804 0.0143271 0.00183313 0.000440408 0 0 0 0 0 0 0 0 0 0 0 0 0 0 0 0 0 0 
0 0 0 0 0 0 0 0 0 0 0 0 0 0 0 0 0 0 0.000197711 0.00164087 0.0050415 0.00722505 0.0133616 0.00823633 0.00544569 0.00685838 0.0141822 0.0245479 0.0282288 0.0248884 0.0272466 0.0320004 0.0225751 0.00716722 0.00164607 0.00653147 0.00840685 0.00724956 0.00987697 0.064356 0.0691318 0.013806 0.00110872 0.00157089 0.00539579 0.00476091 0.00555927 0.0119147 0.005709 0.0010186 0.000112177 0 0 0 0 0 0 0 0 0 0 0 0 0 0 0 0 0 0 
0 0 0 0 0 0 0 0 0 0 0 0 0 0 0 0 0 0 0 3.49057e-06 0.000124417 0.000871235 0.00374303 0.00412189 0.00940421 0.0103984 0.0129203 0.016443 0.0208346 0.0194554 0.0244923 0.0229974 0.0168712 0.00407966 0.00438238 0.00346317 0.00545701 0.0045149 0.00638572 0.0268179 0.0261972 0.00450412 7.31584e-05 5.0115e-05 0.00165635 0.00195071 0.001319 0.00139715 0.000536224 0 0 0 0 0 0 0 0 0 0 0 0 0 0 0 0 0 0 0 0 
0 0 0 0 0 0 0 0 0 0 0 0 0 0 0 0 0 0 0 0 0 0 9.8863e-05 0.00013566 0.00267119 0.00401226 0.00627199 0.0059751 0.00867731 0.0111324 0.0134258 0.00636869 0.00518385 0.000808115 0.00177244 0.00361705 0.00310252 0.00173602 0.00152886 0.00415879 0.00126511 0.000164683 0 0 8.48336e-05 0.000631127 0.000259396 0.00010821 3.30856e-06 0 0 0 0 0 0 0 0 0 0 0 0 0 0 0 0 0 0 0 0 
0 0 0 0 0 0 0 0 0 0 0 0 0 0 0 0 0 0 0 0 0 0 0 0 0 0.000127486 0.000204382 0.000398541 0.000688064 0.000713502 0.00115053 0.00131214 2.3409e-05 0 4.29604e-05 0.000184333 0.000726516 0.000376075 0.000204541 0.00019172 7.88933e-07 0 0 0 0 0 0 0 0 0 0 0 0 0 0 0 0 0 0 0 0 0 0 0 0 0 0 0 0 

