0 0 0 0 0 0 0 0 0 0 0 0 0 0 0 0 0 0 0 0 0 0 0 0 0 0 0 0 2.3159e-06 5.073e-05 1.95006e-05 0 0 0 0 0 0 3.44309e-05 0.000293133 0.000154203 7.59746e-05 0 0 0 0 0 0 0 0 0 0 0 0 0 0 0 0 0 0 0 0 0 0 0 0 0 0 0 0 
0 0 0 0 0 0 0 0 0 0 0 0 0 0 0 0 0 0 0 0 0 0 0 0 0 0 0.000516662 0.0012495 0.00128272 0.005275 0.00889854 0.003114 0.000934745 0 7.97866e-05 0.000645369 0.00450738 0.0110761 0.0100865 0.00917055 0.00776835 0.00438002 0.00106228 0.000135266 0 0 0 0 0 0 0 0 0 0 0 0 0 0 0 0 0 0 0 0 0 0 0 0 0 
0 0 0 0 0 0 0 0 0 0 0 0 0 0 0 0 0 0 0 0 0 0 0 0 0 0.00150112 0.00490522 0.00621733 0.0121426 0.0105287 0.0161537 0.0148177 0.00544791 0.00165232 0.0017617 0.0094981 0.0123297 0.0187203 0.0272671 0.0259859 0.0208266 0.0165798 0.0140164 0.00658088 0.000412908 0 0 0 0 0 0 0 0 0 0 0 0 0 0 0 0 0 0 0 0 0 0 0 0 
0 0 0 0 0 0 0 0 0 0 0 0 0 0 0 0 0 0 0 0 0.000365645 0.00241274 0.0030127 0.00165503 8.22154e-06 0.00511787 0.0170804 0.0125023 0.0225328 0.0141089 0.0171594 0.0214026 0.0136296 0.0155107 0.0151619 0.01612 0.00955651 0.0119607 0.0310082 0.0383572 0.0279458 0.0273684 0.0275503 0.0208759 0.00630672 0.00119769 0.000569696 0.000175764 7.15517e-05 0.000208139 1.22095e-05 0 0 0 0 0 0 0 0 0 0 0 0 0 0 0 0 0 0 
0 0 0 0 0 0 0 0 0 0 0 0 0 0 0 0 0 0 0 0.000503272 0.00621951 0.0155356 0.0140973 0.0105389 0.00186609 0.0023009 0.00881513 0.0182042 0.0221514 0.0157533 0.0142581 0.0296425 0.0358754 0.0450618 0.0359288 0.0371628 0.0341023 0.0329625 0.0311063 0.0359101 0.0293497 0.0295656 0.0343722 0.0386962 0.0189713 0.00484216 0.00132338 0.000965131 0.00203663 0.00674545 0.0037106 0.000334391 0 0 0 0 0 0 0 0 0 0 0 0 0 0 0 0 0 
0 0 0 0 0 0 0 0 0 0 0 0 0 0 0 0 0 4.47718e-05 0.000565341 0.000651329 0.0099537 0.0313732 0.0280979 0.0206909 0.00749025 0.00165273 0.00636651 0.0264273 0.0255616 0.0192799 0.0153111 0.0226313 0.0416028 0.0496525 0.0448096 0.0383826 0.0377389 0.0358789 0.0362865 0.0372523 0.0332534 0.0348182 0.0387192 0.0456928 0.0358134 0.0154474 0.00590573 0.000588081 0.00295011 0.0124635 0.0165133 0.0133206 0.00394023 0.000138348 0 0 0 0 0 0 0 0 0 0 0 0 0 0 0 
0 0 0 0 0 0 0 0 0 0 0 0 0 0 0 8.56125e-05 0.00129515 0.00424929 0.0103482 0.0101377 0.0126764 0.0323808 0.0389807 0.026749 0.019499 0.010785 0.0172279 0.0319478 0.0266624 0.0236776 0.0242473 0.0253845 0.031879 0.0324538 0.0350578 0.0272367 0.0329249 0.0264819 0.0373816 0.0367929 0.0386696 0.0371259 0.0350593 0.0403945 0.0399264 0.0242441 0.0123793 0.00431149 0.00281753 0.00868353 0.0231673 0.0224413 0.0106121 0.00272003 0.000322136 0 0 0 0 0 0 0 0 0 0 0 0 0 0 
0 0 0 0 0 0 0 0 0 0 0 0 0 0 0.000347432 0.00265648 0.00922835 0.0234496 0.0252022 0.0189092 0.0155369 0.023206 0.0385609 0.039201 0.0303665 0.0185537 0.0241375 0.0426297 0.0378119 0.0329215 0.0293298 0.0324459 0.0290707 0.026977 0.0322545 0.0295925 0.029986 0.0335749 0.0332898 0.036133 0.0414479 0.0358119 0.0345302 0.0292595 0.0326801 0.0311081 0.0154123 0.00844116 0.0143069 0.017029 0.0313355 0.0313063 0.0183668 0.00760977 0.00245678 0.000406952 8.36943e-06 0 0 0 0 0 0 0 0 0 0 0 0 
0 0 0 0 0 0 0 0 0 0 0 0 0 0.000325575 0.00161923 0.00390628 0.0113753 0.0264511 0.0303394 0.0262366 0.0265903 0.0184301 0.0315799 0.0368941 0.0311928 0.0270011 0.0365614 0.0470902 0.0502251 0.0430695 0.0368152 0.0291982 0.0243175 0.0259507 0.0269078 0.0339829 0.0348565 0.0368536 0.0274035 0.0302939 0.0315786 0.0246277 0.0278618 0.0264859 0.0226341 0.0380846 0.0336329 0.0276291 0.0318677 0.0294255 0.024377 0.0278143 0.0215978 0.00959804 0.0129764 0.0121526 0.00630092 0.000389185 0 0 0 0 0 0 0 0 0 0 0 
0 0 0 0 0 0 0 0 0 0 0 0 0 0.000464915 0.00498359 0.00356244 0.00701672 0.0284783 0.0299983 0.0332101 0.0262583 0.0289238 0.0310095 0.0359666 0.0316456 0.0312125 0.0382149 0.0409959 0.0394356 0.0318668 0.0310661 0.0250334 0.0178435 0.0253709 0.0212798 0.0216477 0.0238102 0.0300234 0.0175083 0.0196466 0.026086 0.0264574 0.0341763 0.0294651 0.0272066 0.0331637 0.0384405 0.0409559 0.0401794 0.0297592 0.0264427 0.0274407 0.0211097 0.0130575 0.0155242 0.0194253 0.0183877 0.00691418 0.000685565 0 0 0 0 0 0 0 0 0 0 
0 0 0 0 0 0 0 0 0 0 0.000518463 0.0023454 0.00465547 0.000539248 0.00334406 0.00498294 0.0099683 0.0289933 0.0338518 0.0317389 0.0303273 0.0320192 0.0310542 0.0359187 0.0336785 0.0354751 0.0298684 0.031299 0.0299711 0.0189377 0.0226548 0.0253643 0.0218578 0.0242442 0.025591 0.0152773 0.0125712 0.0181565 0.0182059 0.020835 0.0289513 0.0342823 0.0367402 0.0266966 0.0246331 0.030385 0.0361856 0.0323805 0.0342264 0.026932 0.0276726 0.0279149 0.019687 0.0133684 0.0183762 0.0165538 0.0189803 0.0215126 0.0092904 0.000367269 0 0 0 0 0 0 0 0 0 
0 0 0 0 0 0 0 0 0 0.000241713 0.00553029 0.0127705 0.0155996 0.00754293 0.00291455 0.00288233 0.00914584 0.0326059 0.0367469 0.0209151 0.020039 0.0292379 0.0289695 0.0256679 0.0279067 0.0269058 0.0218049 0.0211408 0.0218594 0.0184528 0.018227 0.0298886 0.0306496 0.018624 0.0187391 0.017113 0.0243699 0.0316261 0.0182799 0.021237 0.0260353 0.0279484 0.0275336 0.0292256 0.0282533 0.0297558 0.0434609 0.0284077 0.0284731 0.0340763 0.0335515 0.0305628 0.026734 0.0160637 0.0171195 0.0227934 0.0236026 0.0211561 0.0147772 0.00261166 6.08324e-05 0 0 0 0 0 0 0 0 
0 0 0 0 0 0 0 0 0.000166834 0.0044789 0.0175129 0.0182674 0.0198164 0.0190058 0.0101635 0.00568291 0.0125639 0.0248359 0.0286369 0.0209865 0.0190867 0.0252983 0.0240643 0.0225107 0.0276789 0.0204943 0.0213713 0.0229528 0.0265956 0.0256556 0.0302938 0.0356451 0.0389809 0.028881 0.0247388 0.0257212 0.0301963 0.0423058 0.025652 0.0164815 0.01436 0.0270446 0.0250808 0.0335171 0.0362592 0.0302971 0.0411185 0.0330177 0.0242377 0.0313728 0.0371131 0.0359294 0.0341666 0.0275844 0.0250101 0.0253743 0.0245765 0.0231081 0.0138992 0.00458348 0.000729611 5.15197e-05 0 0 0 0 0 0 0 
0 0 0 0 0 0 0 0 0.00344607 0.0146604 0.0190963 0.0165458 0.0209935 0.0179684 0.0152007 0.0118361 0.0237052 0.0283909 0.0304202 0.0291933 0.0256075 0.0216985 0.020498 0.0249892 0.0304326 0.0254906 0.0254084 0.024351 0.0303005 0.031913 0.0360116 0.0385487 0.0328181 0.0283967 0.0407755 0.0305011 0.0296909 0.0431187 0.0310265 0.0200886 0.0165325 0.0270075 0.0433182 0.0657116 0.0784061 0.043261 0.026677 0.0367925 0.033412 0.0328745 0.0323985 0.027549 0.0274272 0.0287141 0.02472 0.0224563 0.0234165 0.0291366 0.022801 0.0128278 0.00530505 0.000424073 1.91177e-06 0 0 0 0 0 0 
0 0 0 0 0 0 0 7.5578e-05 0.0046278 0.0164922 0.0193735 0.0201728 0.0216613 0.0150002 0.00960634 0.0136964 0.0335646 0.0433791 0.0287763 0.0306488 0.0285624 0.0268267 0.0191034 0.0255759 0.0285384 0.0259257 0.0235885 0.025993 0.0348362 0.0360086 0.0325207 0.0329473 0.033927 0.0276701 0.0339015 0.0274162 0.0265356 0.0431935 0.0358151 0.0257094 0.0191024 0.0290798 0.0381404 0.0424872 0.0571201 0.0429188 0.0322684 0.0338097 0.0315266 0.0308895 0.0243505 0.0274131 0.024704 0.0276959 0.0222921 0.0282314 0.0260705 0.0311829 0.0381185 0.0296034 0.0199738 0.00734522 0.000979411 0 0 0 0 0 0 
0 0 0 0 0 0 0.000476443 0.00284445 0.00940049 0.0176561 0.01803 0.0272492 0.0191956 0.00708589 0.005521 0.0191842 0.0352741 0.0379508 0.0334159 0.0392723 0.0301926 0.0250694 0.0233718 0.0285607 0.0311468 0.0326287 0.0277569 0.0323518 0.0403752 0.0358641 0.0369015 0.0297475 0.0289205 0.0265949 0.0284289 0.0238001 0.0269483 0.0299138 0.0399613 0.0321692 0.0274502 0.0263779 0.0230765 0.022406 0.0307857 0.0364458 0.0415994 0.036879 0.0258625 0.0199592 0.0165532 0.0280399 0.0342328 0.0319873 0.0350096 0.0289813 0.024526 0.0304912 0.0447441 0.0417487 0.0347031 0.024737 0.0105414 0.00101361 0 0 0 0 0 
0 0 0 0 0 0 0.000945347 0.00375705 0.0113187 0.0102552 0.0102177 0.0228751 0.0309496 0.0141802 0.0109342 0.021075 0.0218622 0.0216288 0.0246689 0.0284398 0.0315883 0.0321295 0.027414 0.0326678 0.0302362 0.0311581 0.0277425 0.0295769 0.0297207 0.0342458 0.0346404 0.0328741 0.0269792 0.0203445 0.0241442 0.0179587 0.0165404 0.0197302 0.0249278 0.0308503 0.0256305 0.0258496 0.030861 0.0247973 0.0286181 0.0591076 0.0489403 0.0551101 0.0312664 0.0194343 0.0298773 0.0414994 0.0389929 0.0328308 0.0359464 0.0356844 0.0317491 0.0265977 0.0384433 0.044799 0.0488293 0.0292509 0.0168666 0.00624625 9.27954e-05 0 0 0 0 
0 0 0 0 0 0 3.06577e-05 0.00234909 0.00974386 0.0130312 0.016989 0.0240566 0.0289974 0.026188 0.0163383 0.0150843 0.018241 0.0225046 0.0258264 0.0271751 0.0232411 0.023477 0.0228699 0.0307241 0.0285831 0.0242297 0.0198604 0.0336874 0.0276707 0.0271873 0.0306818 0.029379 0.0266081 0.0227946 0.0296114 0.0302599 0.0212114 0.0253179 0.0230687 0.0231818 0.0247564 0.0204012 0.0210647 0.0354531 0.0313414 0.0437173 0.028898 0.0451647 0.0311409 0.0300414 0.0359617 0.0345829 0.0423665 0.0300322 0.0293997 0.0297616 0.0345688 0.0370465 0.0292566 0.0313789 0.0394969 0.0306042 0.0294101 0.0157947 0.00114194 0 0 0 0 
0 0 0 0 0 0.000151325 9.43856e-05 0.000552102 0.00693655 0.0115177 0.019368 0.0260272 0.0311136 0.029541 0.0240065 0.0243362 0.0217374 0.0157428 0.0146054 0.0228356 0.0238685 0.0187325 0.0200599 0.0201752 0.0224872 0.0214756 0.016496 0.020313 0.0187837 0.0233263 0.0291605 0.0275587 0.0308344 0.0392355 0.0349125 0.0339316 0.0303483 0.0311899 0.0270572 0.0275955 0.0269711 0.0206775 0.0234366 0.0247302 0.0275654 0.0232362 0.0213309 0.0330456 0.0330999 0.0332588 0.0303151 0.0294427 0.0275618 0.0277185 0.0260517 0.0339961 0.0332828 0.0261109 0.0184361 0.0260858 0.035563 0.0317446 0.036466 0.0259591 0.00467246 0.000109472 0 0 0 
0 0 0 0 0.000404968 0.00445542 0.00590005 0.00217777 0.00412176 0.00766995 0.0174509 0.0243538 0.0310996 0.0335717 0.0327401 0.0293651 0.0262428 0.0188266 0.0151229 0.0188259 0.0179135 0.0197775 0.015008 0.014474 0.0261606 0.0279052 0.0227152 0.021546 0.022013 0.0273741 0.0274451 0.0258259 0.0240856 0.0278133 0.0275047 0.0330222 0.0311377 0.035387 0.027183 0.0248571 0.024338 0.0254897 0.0280834 0.0198084 0.0202646 0.0189133 0.0299028 0.0389019 0.0400559 0.0329734 0.0308546 0.0314975 0.0304814 0.0352019 0.0331155 0.0317369 0.032989 0.0290508 0.030684 0.0296135 0.0245497 0.0253822 0.0292069 0.0287318 0.00852872 0.000381908 0 0 0 
0 0 0 0 0.00145184 0.00626346 0.00899767 0.00772146 0.00773839 0.00969204 0.0168495 0.0226015 0.0218283 0.0304651 0.0305302 0.0305162 0.0280839 0.0245982 0.0172272 0.0194049 0.0171186 0.0165408 0.0138231 0.0175001 0.030939 0.0294825 0.0229568 0.0267258 0.0261275 0.0275198 0.0343962 0.0256718 0.0254966 0.0316216 0.0306662 0.0226385 0.0306307 0.035193 0.0259609 0.0170772 0.0196818 0.0212536 0.0145711 0.0124287 0.0182963 0.0192878 0.033888 0.031947 0.0363945 0.0314687 0.0286028 0.0315611 0.0298838 0.0357014 0.0396962 0.0349612 0.0326807 0.026507 0.0271193 0.0305478 0.0256066 0.025064 0.0213617 0.0260482 0.00962931 0.00246643 0 0 0 
0 0 0 0 0.000889166 0.00233308 0.00429751 0.0120079 0.00843227 0.00830999 0.0149126 0.0151429 0.0198129 0.0280454 0.0277729 0.0310781 0.0240212 0.0236998 0.0204963 0.0193247 0.0195103 0.0203833 0.0172436 0.0213307 0.0349413 0.0348536 0.0326929 0.0319615 0.0407752 0.0316415 0.0288294 0.0265284 0.0276323 0.0324486 0.0277546 0.0270043 0.0304032 0.026093 0.0241224 0.0226245 0.0237285 0.0246424 0.0202972 0.0176494 0.0239344 0.0287388 0.0310108 0.0357428 0.0485062 0.0357958 0.033882 0.0380071 0.0301226 0.031455 0.0305013 0.0271929 0.0261178 0.0266798 0.0206567 0.0302658 0.0241541 0.0202591 0.0247138 0.0268703 0.0174429 0.0062442 0 0 0 
0 0 0 0 0 0.000507835 0.00891163 0.0154178 0.0150054 0.0108429 0.0117637 0.0145 0.0241349 0.0278725 0.0220743 0.0239939 0.0174819 0.020778 0.0179396 0.0190991 0.0178929 0.0198191 0.021987 0.0205317 0.0275814 0.0396793 0.0441826 0.0335302 0.0262596 0.0233213 0.0217442 0.0232395 0.0270686 0.033441 0.0294306 0.0263187 0.0247697 0.0255533 0.0226334 0.0254055 0.0220313 0.0219858 0.0236939 0.0243769 0.0268901 0.0296319 0.0345686 0.0367521 0.0365491 0.0381734 0.0395739 0.0394131 0.0283352 0.0284037 0.0223549 0.0179225 0.0219573 0.0224473 0.0159013 0.0202685 0.017951 0.0190705 0.0199987 0.0268387 0.0173351 0.00733621 0 0 0 
0 0 0 0 0 0.00247943 0.010698 0.0149727 0.0161672 0.0135249 0.0102954 0.0117552 0.0191635 0.0194462 0.0159289 0.0147005 0.0164792 0.0203574 0.0166033 0.0208226 0.0182241 0.0198592 0.0183321 0.0267714 0.031798 0.0425468 0.0403445 0.0356674 0.0244107 0.0237457 0.0181515 0.0221023 0.0303763 0.0268819 0.0210217 0.0241341 0.0225775 0.0266432 0.0215666 0.0182881 0.0241461 0.0256703 0.0246085 0.0287681 0.0395553 0.0340229 0.0384027 0.044751 0.041555 0.0409525 0.031798 0.0347427 0.0369603 0.0317508 0.0184317 0.0204461 0.0201982 0.0256784 0.0244517 0.0246871 0.0248439 0.0212748 0.0190305 0.0199687 0.0144223 0.00876626 0.00041178 1.01403e-05 0 
0 0 0 0 0.000330816 0.00318212 0.0100546 0.0147197 0.0181128 0.0145924 0.0117699 0.00611035 0.0082942 0.00982508 0.00870734 0.0170082 0.0184434 0.0141678 0.0161359 0.0218773 0.0204624 0.0208075 0.0259955 0.0271794 0.0294999 0.0236702 0.0242788 0.0251265 0.0196542 0.0245393 0.0228414 0.0216875 0.0252538 0.034347 0.0275126 0.0186183 0.0177798 0.022925 0.020615 0.0240867 0.0250211 0.0289736 0.0234252 0.0263345 0.0316222 0.0254699 0.0288783 0.0371176 0.0353402 0.035278 0.0327766 0.0284172 0.029963 0.0271224 0.0239785 0.0217552 0.0193242 0.0226862 0.0247228 0.0228889 0.022736 0.0250504 0.0206015 0.0222803 0.0220185 0.0165993 0.0115312 0.00171631 0 
0 3.19271e-05 0.000133058 0.000584716 0.00374759 0.00657009 0.0117807 0.0150871 0.0158327 0.0150694 0.0133755 0.00905481 0.0113231 0.0138059 0.0128856 0.0154169 0.0155223 0.0147171 0.0186956 0.0217582 0.0172329 0.0159385 0.0175444 0.021244 0.0234563 0.0198579 0.023806 0.0239818 0.0247667 0.0298332 0.0199447 0.0207826 0.0237151 0.0243018 0.0293938 0.0250327 0.0146003 0.0209804 0.0228786 0.0219713 0.0245533 0.0231587 0.0263192 0.0301364 0.035741 0.026391 0.0217629 0.0292635 0.0387741 0.0364302 0.0424516 0.0350724 0.0350321 0.0271408 0.0295318 0.0259428 0.0263368 0.0199761 0.0237765 0.0248843 0.0253143 0.0387396 0.0397327 0.0343147 0.0214579 0.026048 0.0272113 0.00566463 0 
0 0.000871653 0.00372531 0.00453651 0.0104476 0.0150563 0.0142438 0.0178332 0.0120114 0.0138589 0.0127873 0.0176183 0.0167785 0.0219813 0.0240811 0.0193238 0.0171551 0.0182644 0.0239882 0.0254642 0.0196375 0.0209757 0.0161643 0.0203704 0.0195313 0.0194117 0.022494 0.0265584 0.0222189 0.0272596 0.025339 0.0256653 0.0263614 0.0258882 0.0274062 0.023745 0.0209476 0.0298066 0.0325406 0.0282738 0.0252369 0.0277814 0.0320528 0.0308264 0.0204152 0.0237136 0.0256383 0.0249098 0.0234117 0.0328113 0.0409237 0.0334282 0.0407894 0.0390672 0.0330115 0.0267251 0.0238887 0.0231277 0.0220797 0.019852 0.0287 0.0449689 0.0487827 0.0381135 0.0275332 0.029219 0.0375877 0.0107446 8.45668e-07 
0 0.00114949 0.00755499 0.0132362 0.014972 0.0155672 0.0186742 0.0206644 0.0112085 0.0118575 0.0160041 0.0209002 0.0246135 0.0244316 0.0297887 0.0271088 0.0262574 0.0176217 0.0228309 0.0235106 0.0202572 0.0233849 0.0199451 0.0221043 0.0219385 0.0201132 0.0206461 0.0246306 0.0202164 0.0204123 0.0200156 0.0200405 0.0226714 0.0209033 0.0169757 0.0199916 0.021299 0.0249132 0.0353849 0.0333866 0.0434345 0.0367382 0.0258442 0.0250705 0.0229512 0.0254218 0.029877 0.0287454 0.0267513 0.0443175 0.056102 0.0441085 0.0375305 0.0424291 0.0383034 0.0414964 0.028383 0.020757 0.0202244 0.0193992 0.0269025 0.0467779 0.0433968 0.028185 0.0237799 0.0209204 0.0212734 0.00805898 8.41184e-05 
0 0.00274431 0.0107855 0.0119192 0.0148786 0.0193888 0.0161927 0.0154516 0.0143847 0.015161 0.0133292 0.0149532 0.0205958 0.0217836 0.0270912 0.023011 0.0199578 0.0122508 0.0185128 0.0229603 0.0188489 0.0208011 0.021072 0.027288 0.0210916 0.0203668 0.0137103 0.0161659 0.0219834 0.0248522 0.0244797 0.0272738 0.0230883 0.020032 0.0198156 0.0174324 0.0247808 0.0238917 0.0291474 0.0301344 0.0382957 0.0353298 0.0286031 0.0208102 0.0225825 0.0267417 0.0319833 0.0311715 0.0281051 0.0426764 0.0480393 0.0524093 0.0503824 0.0460016 0.0360906 0.0355362 0.0375802 0.0271473 0.0268169 0.0334488 0.0349205 0.0370704 0.0302894 0.0197432 0.0189006 0.0177872 0.0192579 0.00958862 0.000395267 
3.83243e-05 0.00478947 0.0122707 0.0132978 0.0128851 0.0156504 0.0148141 0.0175629 0.0114989 0.0168904 0.013551 0.00715704 0.00978283 0.0230264 0.0263328 0.0199123 0.0212492 0.0195637 0.0186136 0.0194491 0.0182956 0.0228444 0.0211478 0.0301905 0.0248779 0.0183965 0.0158368 0.0155772 0.0189649 0.0229224 0.0334941 0.0307527 0.024401 0.0234945 0.0223112 0.0160318 0.0223148 0.0204599 0.0248254 0.0319103 0.0333 0.031783 0.0307332 0.0248813 0.0243013 0.032656 0.0354518 0.0391622 0.0340688 0.0372961 0.0388516 0.0412501 0.0435634 0.0547659 0.0356073 0.0288588 0.0313353 0.0378019 0.0336674 0.0314052 0.0321902 0.0356251 0.0254282 0.0174019 0.0206816 0.0263658 0.0242169 0.0114806 0.00145851 
2.18047e-05 0.00485413 0.0121649 0.0128867 0.0126968 0.0127998 0.013692 0.0129782 0.0131358 0.0152024 0.0192625 0.00544407 0.00911758 0.019426 0.0253273 0.0270062 0.0292994 0.0275968 0.0196372 0.0224221 0.0309745 0.040238 0.0315063 0.0295852 0.0261439 0.0225809 0.0189442 0.0185931 0.0184518 0.0244919 0.0341708 0.0333129 0.0226634 0.0179179 0.0155574 0.0165374 0.0165654 0.021269 0.0264647 0.0316221 0.0360667 0.0279372 0.0275928 0.0252959 0.0243892 0.0355486 0.0338426 0.0396056 0.0390302 0.028473 0.0290526 0.0346027 0.0315839 0.0437956 0.0385986 0.0367437 0.0254062 0.0283468 0.0344081 0.0360581 0.0280511 0.0309403 0.0230096 0.0253609 0.0318173 0.0461312 0.0354937 0.0119042 0.00197895 
0.000138057 0.00596384 0.0136985 0.0136945 0.0139303 0.0112405 0.0139197 0.0122886 0.0130055 0.0157725 0.0171755 0.00632696 0.00525269 0.0149409 0.0205202 0.0243066 0.0261528 0.0299211 0.0282691 0.0361392 0.0322988 0.028437 0.0239681 0.0199787 0.01623 0.0167354 0.0172717 0.0195589 0.0252293 0.0306985 0.0231089 0.0228263 0.020439 0.023732 0.0338845 0.0268234 0.0158898 0.0195896 0.0258674 0.0306376 0.0294181 0.0238311 0.0240491 0.0276535 0.0293837 0.0340944 0.0314527 0.0318107 0.0311802 0.0302846 0.03403 0.0324952 0.0285059 0.0393265 0.0465313 0.042438 0.0336063 0.0301851 0.0311022 0.0286775 0.0274649 0.0240915 0.025353 0.04191 0.036625 0.0373842 0.0307274 0.0186575 0.00583108 
0.000285937 0.00423517 0.00963101 0.0101248 0.0143259 0.0102118 0.013305 0.0120709 0.0214592 0.0188961 0.0196595 0.0117091 0.00669284 0.0135211 0.0219167 0.0347961 0.025382 0.0327045 0.0265522 0.0297262 0.0342844 0.0221957 0.023165 0.0176327 0.0190002 0.021261 0.021951 0.0292678 0.0366282 0.0231138 0.0236435 0.0268236 0.027499 0.0339005 0.0624943 0.0296136 0.019275 0.0234356 0.0207618 0.0305099 0.0230813 0.0232267 0.0185885 0.0258308 0.0319549 0.0360276 0.0258355 0.0197468 0.0257094 0.0288736 0.0290941 0.0319606 0.0305632 0.0403456 0.0472828 0.0442987 0.0418205 0.0398371 0.049225 0.0428863 0.0329252 0.0308065 0.0346198 0.0416791 0.033585 0.0372278 0.0386302 0.0268962 0.0070541 
8.62917e-07 0.00178183 0.0061183 0.00602083 0.00737286 0.00669298 0.0124544 0.014766 0.0237641 0.0231997 0.020205 0.0165672 0.010341 0.00888463 0.0168423 0.0279467 0.0288506 0.0273479 0.0239284 0.028011 0.0275771 0.0235888 0.022105 0.0235435 0.0289513 0.0357946 0.0260181 0.0358344 0.0249469 0.0227051 0.0225672 0.0214281 0.0263753 0.0319938 0.0589496 0.0333026 0.0258852 0.0272164 0.0249626 0.026525 0.0337953 0.020096 0.0187683 0.0252148 0.0294695 0.0351474 0.0281967 0.0219161 0.0247974 0.0293863 0.029782 0.0342035 0.0347719 0.0379722 0.0457774 0.047111 0.0589148 0.0510173 0.0470548 0.0373964 0.0286592 0.0344306 0.0350149 0.0373939 0.0240247 0.0216992 0.0264448 0.011956 0.00360698 
0.000175221 0.000134969 0.000928958 0.000575835 0.00227796 0.00658402 0.0110633 0.0183905 0.0175785 0.0182391 0.0188539 0.0226066 0.0126198 0.0151622 0.0251051 0.0283125 0.0278286 0.0273953 0.0303658 0.0347235 0.0304778 0.0343042 0.0276133 0.0289769 0.0352824 0.0312207 0.0273247 0.0315 0.0205972 0.0177019 0.0180701 0.017433 0.025305 0.0286466 0.0606572 0.0887938 0.031338 0.0281783 0.0284399 0.0228805 0.0326208 0.0250134 0.0237202 0.02527 0.0287274 0.0286467 0.030738 0.0288253 0.0254739 0.0294122 0.0389848 0.040288 0.0406328 0.0343564 0.0340438 0.0463788 0.0537619 0.0518229 0.0533851 0.0378289 0.029607 0.0340151 0.0329081 0.0278718 0.014942 0.0121093 0.0116491 0.00582105 0.000220573 
0.000134353 0 0.000186178 0.00186931 0.00892634 0.0138459 0.015957 0.0127536 0.0153309 0.0136378 0.0138827 0.0185922 0.018047 0.0272417 0.0315309 0.0318656 0.0328753 0.0305 0.025145 0.028958 0.0295466 0.0327055 0.0260529 0.028401 0.0320811 0.0357852 0.0370253 0.0342075 0.0211489 0.0195189 0.019135 0.0196634 0.0218986 0.0287366 0.0707693 0.109397 0.0318105 0.0310646 0.0312066 0.0265973 0.0308942 0.0323336 0.0363588 0.0366155 0.027324 0.0271461 0.0300076 0.0306761 0.0361468 0.0403617 0.0406118 0.0387369 0.0425758 0.029286 0.0378015 0.0441035 0.0384254 0.0390975 0.0440604 0.0377825 0.040544 0.0284739 0.0168531 0.0188785 0.0178279 0.00841598 0.00903998 0.00752335 0.000272328 
0 0 0.0014337 0.00626313 0.0118126 0.0158433 0.0187935 0.0187196 0.014221 0.00813779 0.00512264 0.0128368 0.0208678 0.0349368 0.0331784 0.0304578 0.032566 0.0320553 0.0304477 0.0286833 0.0225574 0.0244693 0.0264752 0.0312956 0.0328019 0.0275748 0.0305857 0.0302057 0.0220846 0.0383665 0.0442547 0.0340896 0.0426178 0.0662706 0.0618042 0.0426559 0.0224245 0.0313836 0.0275457 0.0237535 0.0364956 0.0437763 0.0515829 0.0493089 0.0283652 0.0315836 0.0335328 0.0286231 0.0329062 0.044065 0.0437538 0.0402957 0.0350468 0.0265912 0.0352661 0.0404988 0.0307948 0.0364388 0.0403173 0.0406289 0.0281016 0.0202896 0.0189295 0.0240957 0.0265285 0.0150876 0.00987043 0.00760047 0.000273142 
0 0 0.0018219 0.00707216 0.0093205 0.0147239 0.0140201 0.0122983 0.0105053 0.0101253 0.00411244 0.012773 0.0191373 0.0275933 0.0371055 0.0443991 0.0358702 0.0347198 0.031975 0.0272815 0.0203716 0.0225819 0.0315457 0.0362489 0.0327081 0.0229946 0.0301992 0.0324057 0.0329263 0.0658239 0.0607515 0.0421119 0.0386685 0.0338964 0.0277491 0.0145362 0.018297 0.0325325 0.0314051 0.0269425 0.0268649 0.0349509 0.0407037 0.0381985 0.0275369 0.0382145 0.0387633 0.0336424 0.0376489 0.0394099 0.0430094 0.0365508 0.0265357 0.033366 0.0347334 0.0364205 0.0298787 0.0391084 0.0297569 0.0217307 0.0179838 0.0150578 0.0252276 0.0289781 0.0313876 0.0268678 0.0277485 0.0107364 0.000719888 
0 0.000140166 0.000777957 0.00331726 0.00858619 0.0106201 0.0148676 0.0159283 0.0141988 0.0101206 0.00726178 0.017725 0.023809 0.0256 0.0315143 0.0379717 0.0279747 0.0269543 0.0353411 0.0347971 0.0266059 0.023349 0.0307457 0.0325175 0.0316084 0.0295153 0.0292677 0.0337022 0.0341173 0.0585887 0.0702711 0.0671505 0.0505987 0.0432038 0.0300152 0.0156651 0.0268803 0.0321582 0.0332886 0.0263452 0.0256294 0.0338508 0.0364809 0.0260414 0.0233226 0.0375091 0.0349033 0.0313771 0.0254463 0.0322199 0.0281439 0.0325871 0.0269061 0.0297305 0.0353252 0.0432519 0.0396956 0.0376354 0.0273658 0.0160219 0.013279 0.016543 0.0301498 0.0371366 0.0248181 0.0205515 0.0218002 0.015772 0.00144055 
0 0.00225994 0.00364234 0.00537899 0.0115484 0.0137046 0.0122622 0.0200796 0.0238708 0.0122244 0.00884044 0.0184996 0.0264688 0.0259172 0.0250698 0.0345324 0.0273519 0.0297253 0.0352199 0.0360092 0.0287445 0.0312631 0.0294648 0.0314959 0.0351892 0.027549 0.0226797 0.0371246 0.0374679 0.0528124 0.0923051 0.0928397 0.0706917 0.0526354 0.0329744 0.0196596 0.028582 0.0349388 0.0361626 0.0333554 0.0268849 0.0320494 0.0333992 0.0232304 0.0195688 0.0251216 0.0219401 0.0207967 0.0230481 0.0286631 0.0253073 0.0297976 0.0275407 0.0277792 0.0270459 0.0346845 0.0421353 0.0364908 0.0341004 0.0169044 0.014457 0.0171734 0.0306817 0.0307432 0.0129902 0.00780032 0.012126 0.012285 0.0019446 
0 0.00300906 0.00485903 0.00597857 0.00863126 0.00926693 0.00849212 0.0151056 0.0165866 0.011142 0.00967846 0.0280819 0.0297639 0.0263701 0.022143 0.0302466 0.0234917 0.0378794 0.0314979 0.0331983 0.0269942 0.0313829 0.03065 0.030701 0.0328894 0.0280412 0.0245043 0.0312975 0.031183 0.0397021 0.0649665 0.0447921 0.0434807 0.0715286 0.0511267 0.0285857 0.0305302 0.042315 0.0312818 0.0315234 0.0340342 0.0364511 0.0372576 0.024439 0.0247236 0.035182 0.0288439 0.0245687 0.0236047 0.0328153 0.0247608 0.0303684 0.035197 0.0330243 0.0232909 0.027564 0.0359975 0.0392473 0.0363316 0.0189197 0.0169327 0.0279603 0.0338909 0.0357403 0.0167037 0.0110625 0.00871276 0.0100859 0.000703556 
0 7.39292e-05 0.00242234 0.00465841 0.0103738 0.00830255 0.00707887 0.0104918 0.0116381 0.0154975 0.0227358 0.0326037 0.0279577 0.028643 0.0222689 0.0282882 0.0332405 0.0344784 0.0296247 0.0298174 0.0262028 0.0268763 0.028209 0.0214519 0.0267215 0.0347309 0.0310862 0.0320506 0.033803 0.0292834 0.0260674 0.0265586 0.0285352 0.0228517 0.0276249 0.0269181 0.0309103 0.0327754 0.0339306 0.0405176 0.0363674 0.0297356 0.0332727 0.0315246 0.0298457 0.038093 0.0293053 0.0235115 0.0231021 0.0233791 0.0226885 0.021058 0.0362101 0.0376605 0.02659 0.0271869 0.033255 0.0334481 0.0342256 0.0267845 0.0342903 0.0470746 0.0479199 0.0353182 0.0309913 0.0127655 0.0056434 0.00427848 0.000382106 
0 0.000194429 0.00354621 0.0110148 0.0155649 0.00749014 0.00447117 0.01033 0.0158333 0.0166258 0.0239523 0.0286304 0.0270729 0.0369998 0.0370188 0.0396824 0.0365849 0.0277117 0.027448 0.0258257 0.0231182 0.0285532 0.0281935 0.0231583 0.0277523 0.0310479 0.0273824 0.0275654 0.0357602 0.0302786 0.0320622 0.0336314 0.0369292 0.0380942 0.0278744 0.0214785 0.0238167 0.0240898 0.0265671 0.0411527 0.0426751 0.0349153 0.0372956 0.0289452 0.0269511 0.0375904 0.0307704 0.0253688 0.0220797 0.0272556 0.0333429 0.0252056 0.0283209 0.0235148 0.0206526 0.0236713 0.0323083 0.0342881 0.0308846 0.0369853 0.0521111 0.0549605 0.049463 0.0337455 0.0446431 0.0300202 0.0112778 0.00553525 0.00039852 
0 0.000361152 0.00554986 0.0164228 0.0155807 0.00864215 0.00361391 0.0140112 0.0214668 0.0258067 0.025851 0.0272855 0.0296272 0.0277093 0.0388803 0.0397206 0.0383773 0.0327403 0.0331941 0.0340799 0.03222 0.0294517 0.0302424 0.0233722 0.0262953 0.0283117 0.034488 0.0265605 0.0533627 0.042618 0.0346979 0.0245086 0.0257843 0.0448643 0.0244965 0.0244095 0.0297435 0.0325097 0.0277224 0.0328967 0.0369992 0.0384667 0.0328181 0.0230455 0.017641 0.0305834 0.0311695 0.0234942 0.0189076 0.0213928 0.0283883 0.0278299 0.0310063 0.0203434 0.029165 0.033613 0.0305857 0.0279246 0.0238585 0.0394259 0.0445715 0.0425166 0.0374266 0.040333 0.0410998 0.0322131 0.016801 0.00507904 0.000131589 
0 3.34516e-05 0.000392847 0.00518867 0.00548274 0.00339395 0.00561306 0.019128 0.0250676 0.0209473 0.0216248 0.0160664 0.0264065 0.0280774 0.0336636 0.0273422 0.027888 0.038318 0.0286756 0.0349181 0.0361966 0.027694 0.0196926 0.0245278 0.032711 0.0333353 0.0338655 0.0342639 0.0455246 0.0351572 0.0327733 0.0280922 0.0277907 0.0378012 0.0336499 0.0285559 0.0356248 0.0431823 0.0374138 0.0307613 0.0285974 0.0328391 0.0313932 0.0263666 0.019442 0.0254007 0.0332256 0.034308 0.0194304 0.0200661 0.0258251 0.0337177 0.036713 0.042027 0.0498753 0.041305 0.033473 0.0241527 0.0301873 0.0295732 0.034663 0.0380308 0.0295584 0.0384437 0.0549418 0.0354642 0.0134688 0.0054913 9.23673e-05 
0 0 9.80351e-07 0.000342611 4.32534e-05 0.00203936 0.0186257 0.0264006 0.0282772 0.0206394 0.0146062 0.0096786 0.0139108 0.0215566 0.0206508 0.026784 0.0314087 0.0367562 0.0247265 0.0266277 0.034899 0.0267132 0.0259969 0.0279792 0.0307963 0.0313568 0.0292307 0.031053 0.0417477 0.0250294 0.0290655 0.0354829 0.0356812 0.0364371 0.0374381 0.0408627 0.0375904 0.0388071 0.0305527 0.0239136 0.0203986 0.0237651 0.0317307 0.0300806 0.0255811 0.0203666 0.0271848 0.0299902 0.0197935 0.0223218 0.0299104 0.0475303 0.0517796 0.0532856 0.0443852 0.0400376 0.0294668 0.0316232 0.0380973 0.040776 0.0339992 0.0484192 0.0443154 0.0263306 0.0432974 0.0252542 0.0102564 0.00308237 0 
0 0 0 0 0.00040078 0.00523833 0.0144797 0.0172146 0.0179167 0.0237832 0.0328986 0.0132918 0.00946269 0.0143245 0.0142004 0.0207497 0.0269955 0.0254679 0.0241998 0.0259505 0.0285856 0.0270727 0.0252195 0.0242106 0.0272175 0.0323575 0.0289626 0.0268217 0.0314503 0.0314233 0.0314745 0.0351976 0.0418722 0.0332597 0.0350115 0.0352753 0.0370569 0.0347716 0.0276204 0.0319216 0.0241032 0.0203833 0.0291521 0.0306459 0.0194808 0.0228413 0.029619 0.0264083 0.0312964 0.0407189 0.0365057 0.042101 0.0453214 0.0381111 0.0273073 0.0270363 0.0204366 0.0344455 0.0387287 0.0363841 0.0329581 0.0423758 0.0401658 0.0256294 0.0260964 0.0195939 0.00921245 0.000707922 0 
0 0 0 0 0.000798672 0.00831391 0.0206339 0.0106601 0.0112334 0.0258583 0.0335555 0.0161816 0.0176249 0.0211582 0.0164041 0.0192063 0.0201723 0.0223112 0.0244568 0.0238037 0.0173775 0.0171863 0.0225085 0.0211977 0.0258154 0.0339452 0.0345347 0.0315225 0.0291432 0.0247445 0.0296442 0.0289546 0.0380138 0.0291044 0.0332202 0.0347901 0.0329247 0.0367408 0.0335598 0.0332418 0.0217741 0.019618 0.0285533 0.0299545 0.0266253 0.021811 0.0231592 0.0240016 0.0350623 0.0433225 0.0433006 0.0363348 0.0330234 0.0285007 0.0218699 0.0179486 0.0196728 0.0303073 0.0319791 0.0212063 0.0227972 0.0287979 0.0312064 0.0261631 0.0232322 0.0200089 0.00945979 0.000172641 0 
0 0 0 2.09746e-06 0.00304205 0.016442 0.0298508 0.022702 0.0185606 0.0299686 0.027488 0.0181832 0.0329547 0.0306509 0.0224762 0.0226087 0.0258826 0.0229851 0.0205847 0.0187666 0.0154439 0.0162802 0.0262055 0.0356811 0.0321623 0.0304986 0.0342409 0.0363488 0.028948 0.0276859 0.0311758 0.0404958 0.0350312 0.025309 0.0390949 0.0379914 0.0408334 0.043818 0.0317639 0.0346989 0.0329276 0.0273822 0.0286083 0.0303093 0.0302487 0.0214956 0.0202248 0.019644 0.0292113 0.0397735 0.0396835 0.027083 0.0191544 0.0302621 0.0250331 0.0193351 0.0176071 0.0213272 0.0332719 0.023895 0.0221341 0.0221105 0.0221954 0.0356983 0.0293304 0.0158408 0.00594896 0 0 
0 0 0 7.64184e-06 0.00400642 0.0174216 0.0319277 0.0284233 0.0284011 0.0273999 0.0131482 0.0182916 0.0311562 0.0317782 0.0220112 0.0232748 0.0320047 0.0280311 0.0258371 0.0320485 0.0261852 0.0197388 0.0256144 0.037152 0.0360011 0.0321497 0.0347643 0.0302881 0.026582 0.0344226 0.0396357 0.0369817 0.0302429 0.0275651 0.0363475 0.045049 0.0422961 0.0397393 0.0305157 0.0360753 0.0392074 0.0367845 0.0367934 0.0358897 0.0392065 0.0285145 0.033526 0.0301889 0.0259348 0.0434017 0.0510392 0.028142 0.0137089 0.0302613 0.0225322 0.011938 0.020273 0.0215058 0.0265474 0.0312675 0.0366272 0.0286022 0.0188202 0.0187624 0.0213896 0.00876264 0.00071969 0 0 
0 0 0 0 0.00087869 0.00960212 0.0157815 0.0208203 0.0248584 0.0149706 0.0162537 0.0235839 0.0248388 0.0279785 0.0276706 0.0245277 0.0307892 0.0313272 0.0380038 0.0413411 0.0347526 0.0238846 0.0228045 0.0373003 0.0328755 0.0300226 0.0383516 0.0330774 0.032265 0.0459121 0.0430323 0.0393371 0.0343024 0.0297821 0.0414955 0.0448476 0.039495 0.0293642 0.0307673 0.041706 0.0438971 0.0424524 0.0449212 0.0384399 0.0354194 0.0222966 0.0191583 0.0223386 0.0278341 0.0430042 0.0514777 0.0341778 0.0106192 0.0102801 0.0119075 0.0140263 0.0196552 0.0211206 0.0224295 0.0255539 0.0230678 0.0191626 0.0164994 0.0139588 0.00801751 0.00274889 2.35851e-05 0 0 
0 0 0 0 1.75783e-05 0.00047244 0.00333797 0.00820931 0.0113842 0.0104563 0.0239786 0.0273029 0.0279957 0.0288018 0.0296651 0.0283388 0.0312553 0.047103 0.0499209 0.0359924 0.0369722 0.0237422 0.0258252 0.0348797 0.0395849 0.040911 0.042668 0.0397937 0.0372994 0.0391425 0.0338574 0.0405688 0.0363924 0.025063 0.0325682 0.0404028 0.0429233 0.0382405 0.040277 0.0393238 0.0403394 0.0426494 0.0341063 0.0297445 0.0254803 0.0221563 0.0181051 0.0145894 0.0189747 0.0268302 0.0384385 0.0363661 0.0207156 0.00573221 0.0109545 0.0208901 0.0320145 0.0203975 0.0131667 0.00967406 0.00643982 0.0103336 0.00886675 0.00575383 0.00176342 0.000152202 0 0 0 
0 0 0 0 0 0 0 0.000804107 0.00455401 0.0262413 0.037289 0.0303034 0.0328406 0.0331119 0.0315513 0.0275585 0.0312645 0.046891 0.0396747 0.0324909 0.0307595 0.027204 0.0359601 0.0434191 0.0417213 0.0389897 0.0266079 0.0278253 0.036187 0.0277875 0.032053 0.041374 0.0236528 0.0194372 0.0255273 0.0331375 0.0427693 0.0413724 0.0458166 0.0419997 0.0347107 0.0292874 0.0254919 0.0304885 0.0249197 0.0291413 0.0220972 0.0231671 0.019693 0.0247668 0.0326638 0.0399238 0.035007 0.0243136 0.0230588 0.0273364 0.0364781 0.0206452 0.00974793 0.00644263 0.00731616 0.00540875 0.00110981 0.000152539 0.000334681 0 0 0 0 
0 0 0 0 0 0 0 0 0.00324224 0.0244979 0.036926 0.0217816 0.0224952 0.0272475 0.0306045 0.0376796 0.0253853 0.0271848 0.0238987 0.0375651 0.0336687 0.0410186 0.038128 0.0346491 0.0402858 0.0347773 0.0293407 0.0286951 0.0323169 0.0341388 0.0290269 0.0287392 0.0260788 0.0228151 0.022517 0.0294617 0.0346271 0.0433488 0.0518555 0.0448194 0.0325943 0.0346736 0.0322853 0.0280126 0.0232886 0.0281585 0.0201909 0.0224092 0.0229735 0.0362718 0.0409343 0.0322079 0.0398639 0.0454865 0.0331001 0.0247223 0.0282729 0.0323957 0.0223542 0.0195153 0.0187626 0.0118601 0.00302475 5.54733e-05 0 0 0 0 0 
0 0 0 0 0 0 0 0 0.00369347 0.0165625 0.0262921 0.0231923 0.0159381 0.0107403 0.0136636 0.025013 0.0283679 0.0217419 0.0243372 0.0367223 0.0459578 0.034743 0.0249186 0.0176599 0.0198735 0.0288545 0.0267553 0.0266335 0.0348688 0.0273498 0.0247175 0.0271124 0.0351366 0.0325335 0.0387502 0.0360459 0.0290749 0.0403237 0.0513301 0.0509919 0.0324817 0.029588 0.0301489 0.0190789 0.02567 0.0329344 0.0307365 0.0251671 0.0292739 0.0439486 0.0533088 0.0358929 0.0387982 0.0378436 0.0272719 0.0305063 0.0301081 0.028491 0.017283 0.0144116 0.0123303 0.0121376 0.00171108 0 0 0 0 0 0 
0 0 0 0 0 0 0 0 0.00183432 0.00958464 0.0184791 0.0237912 0.0114746 0.00721152 0.0078332 0.0179571 0.0259264 0.0284915 0.0382576 0.044555 0.0417864 0.0282676 0.0207835 0.00997295 0.0203113 0.027078 0.0309364 0.0353313 0.0355868 0.0352053 0.0302063 0.0264545 0.0364924 0.0307991 0.0326158 0.0360891 0.0363455 0.0331028 0.0389138 0.0469475 0.0333684 0.0339375 0.0226545 0.0197308 0.0352337 0.0387044 0.0416377 0.0380906 0.0355076 0.0348077 0.0361776 0.0417803 0.0460294 0.0323986 0.0197298 0.0276963 0.0369284 0.0413309 0.0239526 0.00367506 0.00356576 0.00246364 2.38485e-05 0 0 0 0 0 0 
0 0 0 0 0 0 0 0 0.00110691 0.00844149 0.0137139 0.0204577 0.0206115 0.00920243 0.0102837 0.0206967 0.0226924 0.0268101 0.0380246 0.0358967 0.0341454 0.0250761 0.0192568 0.0113922 0.0219405 0.0319278 0.0391935 0.0400307 0.0320792 0.0360918 0.0358052 0.0281091 0.0260641 0.028143 0.0315205 0.0412146 0.0420012 0.0335473 0.027398 0.0362832 0.0323286 0.0281945 0.021922 0.0235112 0.0415038 0.0477046 0.0543954 0.0511701 0.0430299 0.0264861 0.0246956 0.0283647 0.0473538 0.0343705 0.0223547 0.0272512 0.0444299 0.0627894 0.0300506 0.00358558 1.02482e-05 4.1202e-05 0 0 0 0 0 0 0 
0 0 0 0 0 0 0 0 0 0.00415288 0.0133571 0.026595 0.0198085 0.00574798 0.0126705 0.0210486 0.0243291 0.031488 0.038525 0.0425739 0.0297694 0.0268471 0.0232452 0.0166106 0.0261815 0.0363412 0.0501987 0.0539938 0.0305463 0.0292718 0.0316155 0.0307291 0.0324943 0.0360118 0.0365414 0.0367639 0.0273649 0.0230398 0.0264651 0.0411926 0.0364691 0.0339894 0.0331872 0.0261585 0.0371978 0.0403028 0.0396666 0.0421017 0.0369816 0.0270745 0.0223569 0.0321463 0.0401737 0.023239 0.0268013 0.0223765 0.0378763 0.050289 0.0273033 0.00883284 0.000155325 0 0 0 0 0 0 0 0 
0 0 0 0 0 0 0 0 0 0.000464835 0.00654301 0.0217903 0.00954071 0.000895347 0.0114351 0.0326446 0.0395339 0.0575244 0.045279 0.0399318 0.0358079 0.0260703 0.0195456 0.020078 0.0332805 0.0326261 0.0365017 0.0311213 0.0354538 0.025292 0.022122 0.0259107 0.041809 0.0213368 0.0267463 0.028899 0.0277773 0.0303282 0.037643 0.038767 0.0354358 0.031212 0.0341182 0.0373556 0.0423572 0.0450007 0.0334181 0.0318074 0.0380827 0.0298723 0.0278642 0.0304345 0.0259026 0.0243604 0.0203117 0.0158784 0.0183792 0.0173464 0.0189208 0.00572583 3.97866e-05 0 0 0 0 0 0 0 0 
0 0 0 0 0 0 0 0 0 0 0.000652615 0.00403466 0.000467302 7.92893e-05 0.00256102 0.0207607 0.0384716 0.0379006 0.0438767 0.0301411 0.0147128 0.00766841 0.0163901 0.0296916 0.0313797 0.0310056 0.0257282 0.0256411 0.0266131 0.0174081 0.0217134 0.0247232 0.0382582 0.0245945 0.0252023 0.0341909 0.0308398 0.0264552 0.0392356 0.0347309 0.0271335 0.0295335 0.0334275 0.038814 0.049698 0.0442778 0.0337427 0.0244981 0.0296932 0.0316776 0.0267391 0.0287567 0.033619 0.0284947 0.0154107 0.0068491 0.00493336 0.00852067 0.00374176 0.000304345 0 0 0 0 0 0 0 0 0 
0 0 0 0 0 0 0 0 0 0 0 0 0 0.000123716 0.00153611 0.00957332 0.0300003 0.0368653 0.0305944 0.0171069 0.00810517 0.00543935 0.0203038 0.0380098 0.0297285 0.0202125 0.0246444 0.0245411 0.022595 0.0204206 0.0372846 0.0227728 0.0201102 0.023404 0.0293667 0.0486349 0.0439421 0.0209061 0.0257189 0.0428472 0.0247792 0.029808 0.0318571 0.0412171 0.0374563 0.0336847 0.0301329 0.0228636 0.0178373 0.0351328 0.0311704 0.0239339 0.0238339 0.021816 0.0148433 0.00377636 8.65744e-06 0.00118185 0.000269904 0 0 0 0 0 0 0 0 0 0 
0 0 0 0 0 0 0 0 0 0 0 0 0 8.91529e-05 0.0014376 0.0142418 0.0286559 0.0376136 0.0245367 0.00978783 0.00239743 0.0060404 0.0275484 0.0370207 0.0304762 0.0197533 0.0175548 0.0173273 0.0144843 0.0140153 0.020029 0.0241114 0.0244322 0.0290056 0.0364614 0.0388642 0.0415281 0.0284307 0.0305031 0.0369352 0.0342618 0.0431406 0.0481291 0.0508497 0.0367647 0.0282606 0.0197846 0.0175743 0.0181241 0.0247094 0.0322166 0.0279602 0.0288397 0.0232133 0.0113707 0.00114287 0 0 0 0 0 0 0 0 0 0 0 0 0 
0 0 0 0 0 0 0 0 0 0 0 0 0 0 0.00128226 0.00874978 0.0140644 0.0164996 0.0260561 0.0143684 0.00159919 0.00460881 0.0253976 0.0432099 0.0319695 0.0266761 0.0228663 0.0188199 0.0184191 0.0193816 0.0211045 0.0287365 0.0273286 0.0276627 0.0286693 0.021337 0.0215358 0.0308248 0.0338411 0.0333103 0.0315688 0.0491844 0.0394245 0.0390435 0.0388575 0.0340377 0.0253688 0.0226101 0.0199101 0.0180582 0.0202589 0.0204914 0.0255247 0.0190842 0.00696485 0.00018459 0 0 0 0 0 0 0 0 0 0 0 0 0 
0 0 0 0 0 0 0 0 0 0 0 0 0 0 2.64099e-06 0.000576402 0.00116147 0.00442288 0.0131575 0.0150387 0.00388282 0.00457599 0.0180432 0.0433918 0.0287693 0.0234588 0.0199789 0.0130945 0.0250929 0.0313588 0.0253796 0.01936 0.0264059 0.027964 0.0247208 0.0235386 0.0283155 0.0405511 0.0421495 0.0353106 0.0313186 0.0341036 0.0258407 0.0262796 0.0272636 0.0375373 0.042042 0.0364827 0.0285413 0.0249331 0.0183886 0.00995733 0.00538136 0.00321742 0.000450758 0 0 0 0 0 0 0 0 0 0 0 0 0 0 
0 0 0 0 0 0 0 0 0 0 0 0 0 0 0 0 0 0 0.00143239 0.00761582 0.00225632 0.0038577 0.0110516 0.0344854 0.0362744 0.0220192 0.00827827 0.0083419 0.0283023 0.032594 0.0231825 0.019343 0.0272619 0.0371436 0.0334476 0.0261338 0.0316196 0.0386054 0.0351903 0.0232657 0.0128096 0.00913146 0.0202439 0.0231166 0.0262074 0.0310769 0.0288569 0.020926 0.0218162 0.0130368 0.00838252 0.00102395 0.000285335 0 0 0 0 0 0 0 0 0 0 0 0 0 0 0 0 
0 0 0 0 0 0 0 0 0 0 0 0 0 0 0 0 0 0 0 0.000440705 0.00131962 0.00239456 0.00472916 0.02319 0.0294791 0.0182621 0.0109516 0.013174 0.0727764 0.0560552 0.016871 0.0264474 0.0286102 0.0400655 0.04135 0.0288126 0.0308332 0.0426946 0.0188912 0.01203 0.00843872 0.0140547 0.00463879 0.00962237 0.0176278 0.0129074 0.00896958 0.00870791 0.00610383 0.00408263 0.00162703 0 0 0 0 0 0 0 0 0 0 0 0 0 0 0 0 0 0 
0 0 0 0 0 0 0 0 0 0 0 0 0 0 0 0 0 0 0 0 0.000248233 0.000432478 0.00227809 0.00790705 0.0243587 0.0214897 0.0154379 0.0190518 0.0504662 0.0316352 0.0129424 0.0165231 0.0258533 0.0536464 0.0469422 0.0427759 0.0871879 0.112398 0.0316623 0.00276666 0.00414232 0.00944087 0.00438419 0.00300316 0.00568593 0.00150666 0.000759914 0.00232101 0.00150703 0.000383102 0 0 0 0 0 0 0 0 0 0 0 0 0 0 0 0 0 0 0 
0 0 0 0 0 0 0 0 0 0 0 0 0 0 0 0 0 0 0 0 0 0 7.88694e-05 0.000444861 0.00539937 0.010108 0.0114641 0.0119806 0.0142299 0.00781785 0.00952786 0.0119006 0.0265651 0.0382591 0.0366935 0.0397369 0.0650549 0.0850898 0.0113039 6.68681e-05 0.00113138 0.0030313 0.00113421 0.000544796 0.000862605 0 0 0 0 0 0 0 0 0 0 0 0 0 0 0 0 0 0 0 0 0 0 0 0 
0 0 0 0 0 0 0 0 0 0 0 0 0 0 0 0 0 0 0 0 0 0 0 0 2.86649e-08 0.000273523 0.00101805 0.000679534 0.00106058 0.0006974 0.00102058 0.0014793 0.00519042 0.00700708 0.00994008 0.0141086 0.0157603 0.0104866 0.00130194 9.27377e-07 0 0.000261324 9.49983e-05 0 0 0 0 0 0 0 0 0 0 0 0 0 0 0 0 0 0 0 0 0 0 0 0 0 0 

