0 0 0 0 0 0 0 0 0 0 0 0 0 0 0 0 0 0 0 0 0 0 0 0 0 0 0 0 0 0 0 0 0 0 0 0 0 5.59986e-05 0.000192698 7.68998e-05 3.64404e-05 0 0 0 0 0 0 0 0 0 0 0 0 0 0 0 0 0 0 0 0 0 0 0 0 0 0 0 0 
0 0 0 0 0 0 0 0 0 0 0 0 0 0 0 0 0 0 0 0 0 0 0 0 0 0 0 0.000305839 0.000422842 0 0.000330205 0.00048346 0.000441097 1.59851e-05 0 0.000193068 0.000137468 0.000980615 0.0033901 0.00232419 0.0031904 0.00106295 0.00029602 8.11007e-05 9.00631e-06 0 0 0 0 0 0 0 0 0 0 0 0 0 0 0 0 0 0 0 0 0 0 0 0 
0 0 0 0 0 0 0 0 0 0 0 0 0 0 0 0 0 0 0 0 0 0 0 0.000135257 0.000571371 0 0.000452384 0.00183176 0.00129292 0.0026435 0.00167045 0.00318746 0.0029383 0.000686988 0.000608903 0.00406568 0.00319472 0.00780945 0.0171088 0.00678031 0.00504351 0.00747327 0.00639277 0.00136623 0.00083854 0.0013811 0.000939028 3.11116e-05 0 0 0 0 0 0 0 0 0 0 0 0 0 0 0 0 0 0 0 0 0 
0 0 0 0 0 0 0 0 0 0 0 0 0 0 0 0 0 0 0 0 0 0 0.000133799 0.00179014 0.00323761 0.00108164 0.00269099 0.0041374 0.00326296 0.00423819 0.0031072 0.00355721 0.00332239 0.00721023 0.00241487 0.00763504 0.0109141 0.0107957 0.0185628 0.00791721 0.00990208 0.0104773 0.0108235 0.00758287 0.00835838 0.00790657 0.00493784 0.00404374 0.00259303 0.000377512 0 0 0 0 0 0 0 0 0 0 0 0 0 0 0 0 0 0 0 
0 0 0 0 0 0 0 0 0 0 0 0 0 0 0 0 0 0 0 0 0 1.46476e-05 0.000948177 0.00242891 0.00227918 0.00367894 0.00798435 0.0131034 0.0115025 0.00928326 0.00944213 0.00380287 0.00862245 0.00714758 0.00525908 0.00906223 0.00608217 0.00833069 0.010191 0.00979914 0.00852378 0.015364 0.0174232 0.0184491 0.0155393 0.0107845 0.00977783 0.0100209 0.0112917 0.00626031 0.00175965 0.000388039 0 0 0 0 0 0 0 0 0 0 0 0 0 0 0 0 0 
0 0 0 0 0 0 0 0 0 0 0 0 0 0 0 0 1.93391e-05 0.00198555 0.00239168 0.00195555 0.000371605 0.000719414 0.0021366 0.00401891 0.00240176 0.00385462 0.00500897 0.0167871 0.0183424 0.00888881 0.0163563 0.00694375 0.0103409 0.00725218 0.00754964 0.0101596 0.00707812 0.0079295 0.0101952 0.00981613 0.0117581 0.0146501 0.0210539 0.0145028 0.0109054 0.0135584 0.0159845 0.00928246 0.0138247 0.012051 0.00487332 0.00212558 0.000461243 0 0 0 0 0 0 0 0 0 0 0 0 0 0 0 0 
0 0 0 0 0 0 0 0 0 0 0 0 0 0 0 0 0.00243188 0.00990299 0.0113733 0.00798376 0.00476191 0.00468695 0.00262542 0.0066339 0.00473525 0.00902629 0.0103713 0.020266 0.0153954 0.0112723 0.0120701 0.00598368 0.00937793 0.010003 0.0100041 0.0104965 0.00988777 0.0121742 0.0111544 0.0146046 0.00902793 0.00980318 0.00886362 0.00440733 0.00930213 0.012111 0.0133622 0.0130393 0.0129917 0.010005 0.0118496 0.0110172 0.00496072 0.00067092 0 0 0 0 0 0 0 0 0 0 0 0 0 0 0 
0 0 0 0 0 0 0 0 0 0 0 0 0 0 0 0 0.000796095 0.00486657 0.00915211 0.00905609 0.00737365 0.0117365 0.0126578 0.0134679 0.0068349 0.00850753 0.00999398 0.0133602 0.0166375 0.0129436 0.00976104 0.010821 0.0107018 0.00866415 0.00896385 0.00912944 0.011253 0.0142051 0.00985082 0.0110607 0.0101392 0.00962684 0.00837837 0.00882786 0.0109229 0.0132991 0.0123476 0.0202392 0.0140827 0.00978772 0.0158598 0.0166719 0.0161631 0.00578698 0.000466808 0 0 0 0 0 0 0 0 0 0 0 0 0 0 
0 0 0 0 0 0 0 0 0 0 0 0 8.043e-05 0.000784138 0.000367222 0.000462452 3.48843e-05 0.000561877 0.00184014 0.00242337 0.00247975 0.00489849 0.00894056 0.00536954 0.0012519 0.00214517 0.00713735 0.00871848 0.0161784 0.0164649 0.00661717 0.0130397 0.00814017 0.0071312 0.0056566 0.00596028 0.0110088 0.012513 0.00987095 0.00894727 0.00694421 0.0144809 0.0154121 0.0147482 0.0138749 0.0176512 0.0162031 0.0166944 0.0144788 0.0118788 0.01304 0.0181905 0.0145231 0.0104993 0.00407913 0.00155043 0.000335587 0 0 0 0 0 0 0 0 0 0 0 0 
0 0 0 0 0 0 0 0 0 0 0 0.000661009 0.00537598 0.00910425 0.00878745 0.00661437 0.00393523 0.00121453 0.00024919 0.000479953 0.0012112 0.00331007 0.0075187 0.00666949 0.00557645 0.00978674 0.0135495 0.0130589 0.0117204 0.0149671 0.00884092 0.0124451 0.00679037 0.00731005 0.00866181 0.0067279 0.00911628 0.0145347 0.0154265 0.00604173 0.00658733 0.0167419 0.0268853 0.0191553 0.0124405 0.0191147 0.0156004 0.0161802 0.0134493 0.0133718 0.0127177 0.0144034 0.0175649 0.0138863 0.012447 0.011191 0.00335639 0.000137192 0 0 0 0 0 0 0 0 0 0 0 
0 0 0 0 0 0 0 0 0 0 0.00051627 0.00545057 0.013266 0.0145327 0.013595 0.0123435 0.0136482 0.00735277 0.00478189 0.00385044 0.0067739 0.00730716 0.00987024 0.011946 0.0111956 0.0170835 0.0151666 0.0101652 0.0101056 0.0197884 0.0145014 0.0135316 0.0157089 0.017219 0.0134972 0.00706583 0.0116554 0.0176576 0.0115231 0.0061743 0.0075016 0.0167415 0.0235773 0.0331781 0.0251643 0.0197757 0.0202792 0.0126619 0.013517 0.0108574 0.0122494 0.0130884 0.0218532 0.0208249 0.0180331 0.0200678 0.00895473 0.00236637 0 0 0 0 0 0 0 0 0 0 0 
0 0 0 0 0 0 0 0 0 0.000135399 0.00364773 0.00738302 0.00933527 0.0156824 0.0185325 0.0166498 0.0141261 0.0106942 0.010069 0.00962289 0.0117344 0.0101461 0.0107227 0.015628 0.0160724 0.0164325 0.0150403 0.0132045 0.0152322 0.0193109 0.0132059 0.0158389 0.0189722 0.0190753 0.0128856 0.0162068 0.0215267 0.0233841 0.0133872 0.00973742 0.00989871 0.0140667 0.0232789 0.041436 0.0207255 0.0183676 0.0139369 0.00996722 0.0140069 0.0124742 0.00996243 0.0143606 0.0203618 0.0206912 0.0142073 0.0127066 0.01153 0.00477443 0.00022388 0 0 0 0 0 0 0 0 0 0 
0 0 0 0 0 0 0 0 0 0.00125369 0.00609313 0.00988983 0.0113355 0.0120308 0.0204511 0.0176055 0.0123007 0.0132886 0.0138352 0.0146908 0.01878 0.0136985 0.0148987 0.0137312 0.0126689 0.0159422 0.0134014 0.0157066 0.0126109 0.0162622 0.0135432 0.0122325 0.0145871 0.0127689 0.0114908 0.0182536 0.0187954 0.0209942 0.0188713 0.0118944 0.0152964 0.0123307 0.0136757 0.0239216 0.0170513 0.0202064 0.0171553 0.00871919 0.0140367 0.0120372 0.00733866 0.0106581 0.0163152 0.00983076 0.0108297 0.0125013 0.0160116 0.00853953 0.00265706 0.00110524 0.000176777 0 0 0 0 0 0 0 0 
0 0 0 0 0 0 0 1.90211e-05 0.000229034 0.00432757 0.00874055 0.00989403 0.0104596 0.0094318 0.0138802 0.0151232 0.0145186 0.020046 0.0203399 0.0191399 0.0177367 0.0157564 0.0148096 0.014565 0.0085812 0.0164052 0.0157827 0.0127321 0.0118813 0.0223058 0.019471 0.0147781 0.0157609 0.0096418 0.0107344 0.0165844 0.0170677 0.0192397 0.0252095 0.0173498 0.0137321 0.0156689 0.0148749 0.0206841 0.0245085 0.0243215 0.0290361 0.0123445 0.0153268 0.0127725 0.0113314 0.00838278 0.00838137 0.00624442 0.0097676 0.0129735 0.0145119 0.00843085 0.00882058 0.0151779 0.0103899 0.000795202 1.40603e-05 0 0 0 0 0 0 
0 0 0 0 0 0 1.74935e-06 0.000718234 0.00540222 0.0061384 0.00891654 0.0118547 0.0148991 0.0161622 0.0170367 0.0183457 0.02057 0.015236 0.0177144 0.024989 0.0203184 0.0190642 0.0188002 0.0137395 0.00766952 0.0124734 0.0169391 0.0139634 0.0174512 0.0171291 0.0145406 0.0134399 0.0176332 0.0108094 0.00836922 0.0111965 0.0193207 0.019589 0.0210555 0.0192264 0.015254 0.0145516 0.0107957 0.0158503 0.0198488 0.0182904 0.0261253 0.0194736 0.0169205 0.0152963 0.008104 0.0112702 0.0113249 0.00868573 0.00723047 0.00614245 0.0101789 0.00839802 0.0110909 0.0279978 0.0265775 0.0122697 0.00134331 1.36285e-05 0 0 0 0 0 
0 0 0 0 0 0 0.000633227 0.00279476 0.00595648 0.00735724 0.0107808 0.0111214 0.0150399 0.0141194 0.0143411 0.0166148 0.0184078 0.0151094 0.0109282 0.0151442 0.0193806 0.0213366 0.0171009 0.0146167 0.0108094 0.01472 0.0161317 0.0177933 0.0163279 0.0181974 0.0174543 0.0163218 0.0129402 0.0135367 0.0108842 0.0106364 0.014202 0.0235457 0.0168979 0.0146928 0.0157766 0.0167548 0.0139984 0.0217792 0.0196016 0.0200841 0.0254959 0.0214545 0.0149592 0.00876445 0.00601427 0.00846185 0.0105887 0.0103953 0.00853396 0.0102082 0.0129 0.0193896 0.0203573 0.0218639 0.0221344 0.0192543 0.0078551 0.00138122 0 0 0 0 0 
0 0 0 0 0 0 0.00139226 0.00506947 0.00707244 0.0125513 0.0093025 0.0100682 0.012501 0.0130695 0.0123312 0.0128872 0.0170212 0.019492 0.0148336 0.0123037 0.01736 0.0198291 0.0168468 0.0164191 0.0149909 0.0125306 0.0150285 0.0145852 0.0107566 0.0160721 0.0118244 0.0164451 0.0120357 0.014639 0.0162098 0.0106766 0.0102937 0.0147916 0.0148784 0.0161649 0.0105663 0.0188939 0.0203215 0.0237951 0.0197514 0.0173379 0.0166237 0.0120953 0.0085208 0.00542936 0.00164475 0.00364119 0.00938056 0.0175482 0.0153635 0.0118277 0.0139763 0.0193648 0.0181147 0.0278126 0.0267426 0.0155158 0.0163377 0.00613647 0.000165913 0 0 0 0 
0 0 0 0 0 0.000113854 0.00152423 0.00644753 0.00891855 0.0133626 0.0102691 0.0113967 0.00961363 0.0100945 0.0124971 0.0154103 0.0208106 0.0198006 0.0126697 0.0108223 0.0132996 0.0159338 0.0163847 0.0156703 0.0173332 0.0134558 0.0170293 0.0195332 0.0191628 0.0179763 0.0107112 0.0079401 0.0103508 0.0152896 0.0132668 0.0129857 0.0185536 0.0168186 0.012048 0.0176262 0.0182356 0.0160086 0.0188373 0.0174778 0.0143339 0.0165162 0.016459 0.0141369 0.0118391 0.0111138 0.00406701 0.00394359 0.016913 0.0240887 0.0176086 0.0173376 0.0209418 0.0143539 0.0171788 0.0271968 0.0257888 0.0102901 0.013213 0.00940617 0.000658835 0 0 0 0 
0 0 0 0 8.46556e-05 0.00259199 0.00671906 0.00892256 0.0108134 0.0142226 0.0106517 0.0112462 0.0104324 0.014204 0.0137637 0.012856 0.0112475 0.0174062 0.0186761 0.0132825 0.00959951 0.0176544 0.0205988 0.019315 0.0185156 0.017872 0.0152981 0.0144764 0.0179838 0.0176412 0.0148097 0.0125943 0.00830769 0.0105538 0.0090715 0.0142825 0.0267274 0.0387877 0.0223497 0.0108682 0.0183844 0.0236397 0.0210332 0.0188838 0.0189988 0.0168819 0.0194688 0.0193419 0.0179665 0.0142593 0.00999997 0.0104447 0.0122284 0.0148786 0.022681 0.0184152 0.0227443 0.0130078 0.00980422 0.0192704 0.0237612 0.0149026 0.0109664 0.00863711 0.00104969 0 0 0 0 
0 0 0 0 0.000954869 0.00353997 0.0113544 0.0152773 0.0168651 0.014638 0.0102836 0.0109251 0.0100721 0.0141897 0.0127664 0.00806098 0.0076763 0.0114036 0.0191102 0.0178726 0.0173715 0.0238935 0.0254513 0.0202387 0.0174185 0.0226028 0.0188563 0.0198206 0.0187426 0.020294 0.0181047 0.0131816 0.00717804 0.00842298 0.00762943 0.0127514 0.0260902 0.0479952 0.0254705 0.0144614 0.0167255 0.0142838 0.0116707 0.0143184 0.0132349 0.0143833 0.0232493 0.0184547 0.0149268 0.0149877 0.0128339 0.015242 0.0144768 0.0140023 0.0234934 0.0227953 0.0214846 0.0143535 0.012518 0.0205306 0.0179518 0.00635972 0.00985995 0.00776695 0.000435347 0 0 0 0 
0 0 0 0 0.00145435 0.00377313 0.00602945 0.00878475 0.0117935 0.0144014 0.00748157 0.00823128 0.0078663 0.0078498 0.0100182 0.012424 0.011396 0.0138102 0.0174328 0.0212185 0.0268045 0.0251008 0.0185928 0.0144723 0.0178983 0.0169556 0.0239501 0.0224256 0.0203574 0.0226712 0.0184023 0.0154353 0.0172554 0.0113447 0.00996275 0.0155044 0.0150677 0.0186217 0.016099 0.0145016 0.0132337 0.0177946 0.0111887 0.0122496 0.0157579 0.0178899 0.0252339 0.0178316 0.0135829 0.0174506 0.0214004 0.0189962 0.0153467 0.0214035 0.0267753 0.0237085 0.0182394 0.0185708 0.0160608 0.0167495 0.0137956 0.00895466 0.0116156 0.0115662 0.00137099 0.000266719 0 0 0 
0 0 0 0 0.000110966 0.00131932 0.00125307 0.00404964 0.0105635 0.0146663 0.0138369 0.00702712 0.00253549 0.00371291 0.00659223 0.0108944 0.00583945 0.0100784 0.0102058 0.0219542 0.0359886 0.0223884 0.0183367 0.0138975 0.0178933 0.0157984 0.0206382 0.0229118 0.0241346 0.0168244 0.0194288 0.0203557 0.0127702 0.0111231 0.0100425 0.0134675 0.0138395 0.010587 0.0108453 0.0133559 0.014421 0.017707 0.0154375 0.0149328 0.0208239 0.0201189 0.0247268 0.0213113 0.0210398 0.0189194 0.0194648 0.0196827 0.0210924 0.0158434 0.0175613 0.0190178 0.0128552 0.0174219 0.0199908 0.0151607 0.0168153 0.0139047 0.0169849 0.0139382 0.00516668 0.00332345 0 0 0 
0 0 0 0 0.00155068 0.00658671 0.0093042 0.00962696 0.0136092 0.0122194 0.0131329 0.00953728 0.0085882 0.00661766 0.00458506 0.00506138 0.00783974 0.00803903 0.0111185 0.0154529 0.0166203 0.0172618 0.0109911 0.0135593 0.0164932 0.0152375 0.0179158 0.0254983 0.0265116 0.0182901 0.0205323 0.01885 0.0142589 0.0165056 0.0109222 0.0116638 0.0151489 0.0182875 0.0118807 0.0179889 0.0253113 0.0170057 0.0180719 0.0173991 0.0159839 0.0260883 0.0241583 0.0293371 0.0243284 0.0198964 0.0198401 0.0291588 0.0306338 0.0204891 0.017353 0.0242579 0.0120984 0.0201256 0.0223569 0.0164203 0.0219711 0.0123713 0.0112998 0.0137166 0.00980262 0.00529906 0.00065223 0 0 
0 0 0 0.000862008 0.00579187 0.0104113 0.00570093 0.0068737 0.0135223 0.0156748 0.0143986 0.00805949 0.0133236 0.0129776 0.00866086 0.00761529 0.00878583 0.00685225 0.0115249 0.0102915 0.00868232 0.0093189 0.00948155 0.0139275 0.0202881 0.0158506 0.019462 0.022376 0.0194169 0.0166625 0.0181553 0.0116424 0.0156418 0.0187222 0.0159817 0.0127557 0.0135458 0.0181953 0.0169439 0.0233856 0.0307628 0.0218245 0.0178143 0.0141444 0.0232833 0.0205632 0.0272871 0.028752 0.0223804 0.0321488 0.0337761 0.0354314 0.0332307 0.0284363 0.0247714 0.026532 0.0164886 0.0202786 0.0150227 0.0166696 0.022902 0.0172833 0.0150241 0.0130741 0.0111743 0.00781127 0.00327107 6.3007e-06 0 
0 0 0.000147214 0.00598127 0.00865828 0.00258812 0.000875057 0.00170946 0.0054752 0.00761178 0.0113908 0.0103806 0.013623 0.0159742 0.0107066 0.00961604 0.0104 0.00873583 0.0108612 0.00699743 0.00919943 0.00783089 0.0104945 0.0169307 0.0203687 0.0227016 0.018597 0.0181588 0.0157278 0.018848 0.0179794 0.0117182 0.0164717 0.0196012 0.0137294 0.0166077 0.0122932 0.0166783 0.0270107 0.0288263 0.0342855 0.0267576 0.0225588 0.0302832 0.0277364 0.0219929 0.0248312 0.0314153 0.0224819 0.0321905 0.0455148 0.0392606 0.03658 0.0314901 0.0233131 0.0244868 0.0210315 0.0262977 0.0195151 0.020668 0.0274361 0.0237504 0.0223647 0.0200872 0.013593 0.0138082 0.00745544 0.000701304 0 
0 0 4.59809e-05 0.00160619 0.00186 0.00102548 0.00171259 0.00547232 0.00986581 0.00809414 0.00974315 0.0116372 0.00769722 0.00895474 0.0105913 0.0161567 0.013861 0.0136431 0.0112752 0.00672088 0.00618646 0.00587782 0.00887756 0.0138886 0.0187239 0.0264272 0.0218368 0.0203693 0.0211104 0.017138 0.0183195 0.0110113 0.0158172 0.0196535 0.0146275 0.0149009 0.0150218 0.0225218 0.0308902 0.0309129 0.0282398 0.0234125 0.0310709 0.0322909 0.0272592 0.0292808 0.0236141 0.0220281 0.0254909 0.0326003 0.0347316 0.042356 0.038156 0.0221359 0.0187965 0.0175554 0.0193068 0.0247404 0.0232603 0.0238026 0.025845 0.0293382 0.0227656 0.0201739 0.0152223 0.0218287 0.017165 0.00332525 5.95867e-07 
0 0 0 0 0.00029808 0.00149078 0.00366163 0.0146204 0.0146532 0.0154669 0.0108047 0.0151696 0.00933471 0.0089054 0.0151564 0.0187857 0.0193966 0.0150124 0.0130154 0.00936246 0.00597781 0.0103869 0.0151311 0.0192713 0.0191625 0.0245885 0.0202858 0.0208425 0.0206726 0.017334 0.0195227 0.0143281 0.0167684 0.0214633 0.0181435 0.0182605 0.0221037 0.0203184 0.0258015 0.0266944 0.0261284 0.0230825 0.0339299 0.0303994 0.0309082 0.02523 0.0307616 0.031679 0.029261 0.031226 0.030304 0.0329303 0.0322025 0.0212414 0.0174869 0.0223761 0.0252359 0.0253281 0.0296339 0.0312004 0.0328226 0.0304898 0.0251016 0.0213479 0.0181044 0.0213762 0.0162529 0.00920154 0.000657854 
0 0 0.000190387 0.000418527 0.00109748 0.00267986 0.00741393 0.0138098 0.0174166 0.0234681 0.0192667 0.0218225 0.0171202 0.0183239 0.0193445 0.0178556 0.0158644 0.0156033 0.0138296 0.0077155 0.0120728 0.0172742 0.0229 0.0197997 0.0173172 0.0221112 0.0246147 0.0168951 0.0217191 0.0155214 0.0163873 0.0133322 0.0125295 0.0140426 0.017923 0.0183133 0.0240674 0.0258226 0.0274247 0.0215191 0.0283913 0.0378612 0.0346831 0.0307018 0.0317281 0.0292258 0.0308072 0.0319176 0.0302417 0.0325281 0.0317578 0.0304796 0.0212144 0.0164759 0.0188905 0.0149949 0.0178028 0.0231211 0.0292966 0.0290014 0.0292387 0.0184641 0.0171072 0.0185775 0.0142057 0.0134701 0.0124668 0.00962326 0.000787688 
0 0 0.000388148 0.0012146 0.00374143 0.00788938 0.0148265 0.0157345 0.0171504 0.0198939 0.0269067 0.0259103 0.0236345 0.0138243 0.0125671 0.016204 0.0137021 0.0155631 0.0158097 0.00739768 0.0112314 0.0184713 0.017643 0.0158887 0.015145 0.0160252 0.0222985 0.0162955 0.0184784 0.0248487 0.0221389 0.0222044 0.0173783 0.0158198 0.0265181 0.0288068 0.0294965 0.0246824 0.0296738 0.0289227 0.0246708 0.0334131 0.0290757 0.0301133 0.0294794 0.0268595 0.027109 0.031029 0.0332458 0.0280655 0.0292054 0.0235421 0.020843 0.0278984 0.022654 0.0190504 0.015044 0.0244829 0.0238131 0.0246887 0.020537 0.0130506 0.0109592 0.0168312 0.0156478 0.0141399 0.0146899 0.00929177 0.00241449 
0 0 0.000540849 0.00278211 0.00971316 0.0141407 0.0144515 0.0180473 0.0231333 0.0220336 0.0215467 0.0227089 0.0203219 0.0092142 0.0124924 0.0170181 0.0166118 0.0189403 0.0118651 0.00651336 0.00932712 0.016954 0.0207974 0.0261505 0.0342072 0.0170279 0.0189897 0.0232035 0.0212921 0.0287615 0.0300109 0.0268585 0.0188641 0.013603 0.0234259 0.0335141 0.0340889 0.0223216 0.0239326 0.0278156 0.0238204 0.0246325 0.0277637 0.0279434 0.0274091 0.0311191 0.0384933 0.0382522 0.0321718 0.025242 0.0288479 0.0221738 0.019642 0.021164 0.0225842 0.0276461 0.0203886 0.0193738 0.02279 0.0232899 0.0305927 0.0269993 0.0251679 0.0200323 0.0178085 0.00896028 0.0112082 0.0100922 0.00372613 
0 0.00043321 0.00127236 0.00999701 0.0188424 0.0159603 0.0143925 0.0173216 0.0193318 0.017607 0.0232256 0.0188858 0.0158836 0.0124649 0.0134234 0.0161543 0.0143055 0.0183261 0.0103124 0.0132873 0.0134685 0.0240215 0.0215338 0.0246531 0.0323091 0.0217011 0.0169325 0.0285997 0.0246301 0.0187467 0.016982 0.0180107 0.0182885 0.0161042 0.0254851 0.0284657 0.0210939 0.0245826 0.0186055 0.0282616 0.0273261 0.0265871 0.0223681 0.0271832 0.0258441 0.0287146 0.034322 0.0306189 0.0314936 0.0288537 0.0261237 0.0240992 0.0141497 0.0164296 0.0252289 0.0321838 0.0213189 0.0213696 0.0243462 0.0206515 0.0218403 0.0294568 0.0237468 0.0131773 0.018508 0.0161354 0.0116792 0.0135297 0.00304795 
2.65594e-05 0.00381558 0.0100388 0.0192267 0.0240524 0.0204104 0.0153423 0.0137147 0.0171728 0.0194977 0.0236142 0.0173339 0.0170452 0.015583 0.0139889 0.013911 0.0142486 0.0182821 0.0192994 0.0192531 0.0220414 0.0184167 0.0130705 0.0142592 0.0251674 0.0221619 0.0204537 0.0193667 0.0172561 0.0190908 0.0209386 0.0200618 0.0196067 0.0196077 0.0216777 0.0184973 0.0211821 0.0236436 0.0351403 0.0312241 0.0296263 0.0234315 0.0234991 0.0275243 0.0287313 0.0238164 0.0211782 0.0247257 0.0341465 0.0292629 0.0307539 0.0193437 0.0156417 0.0211771 0.0278542 0.0248192 0.0180619 0.0166547 0.0226836 0.0254092 0.0200754 0.0169886 0.0168233 0.0116814 0.0133861 0.0171357 0.0130578 0.00592265 0.000218555 
0.000215929 0.00839473 0.0171909 0.0285579 0.030412 0.0246841 0.0224648 0.0199145 0.0161351 0.0177211 0.0194118 0.0109383 0.0151549 0.0191617 0.0157021 0.0136863 0.0150752 0.0276403 0.0308646 0.0223137 0.0208065 0.0203286 0.0155918 0.0141557 0.0207833 0.0281946 0.0208356 0.0170436 0.0195158 0.015992 0.019418 0.0176955 0.015159 0.0159724 0.0190136 0.0187749 0.0237942 0.0335546 0.0638542 0.0423524 0.0278235 0.0225446 0.0224283 0.0294531 0.0239254 0.0146418 0.0173323 0.0292613 0.0320203 0.0255223 0.0299744 0.0180064 0.0274902 0.0300356 0.0303285 0.0293655 0.0223238 0.0224113 0.0249899 0.0206934 0.0191897 0.0154631 0.0144444 0.0120844 0.0147898 0.0270103 0.0196517 0.00353813 0 
8.99945e-05 0.00799181 0.0215115 0.0279696 0.0276789 0.0266678 0.0241874 0.0225234 0.023309 0.0177314 0.0146082 0.0146493 0.0199605 0.0226993 0.0210635 0.0160547 0.0133587 0.0206205 0.0188962 0.0210767 0.019797 0.0177465 0.0209765 0.0191189 0.0157212 0.0183061 0.0215799 0.0191022 0.0199769 0.0190993 0.0197281 0.0141229 0.0143524 0.0171891 0.0260011 0.0148784 0.0139435 0.0174885 0.0316381 0.0308522 0.0207338 0.020872 0.016353 0.0310063 0.0292117 0.0230985 0.0221948 0.0283745 0.0335846 0.0259888 0.0232605 0.0204223 0.0274765 0.0316554 0.0330267 0.0378196 0.0292033 0.0273571 0.0213572 0.027079 0.0258186 0.0147001 0.00998928 0.0076072 0.02315 0.0274037 0.00813929 0.0015019 0.000932834 
3.27179e-05 0.00372615 0.0149821 0.0204553 0.0232309 0.0304028 0.0280736 0.0224312 0.0168939 0.0179551 0.0236251 0.0183955 0.0220811 0.0206968 0.0229819 0.0214764 0.0183109 0.0172849 0.0253567 0.0230601 0.0190635 0.0156093 0.0207325 0.0148427 0.0161123 0.0161449 0.0197428 0.0169668 0.0130345 0.019334 0.0178298 0.0154065 0.0165426 0.0179409 0.0256961 0.0236343 0.017638 0.0213366 0.0248351 0.0212422 0.0284962 0.0290334 0.0223348 0.0255836 0.0318164 0.0250408 0.0257954 0.0318117 0.0327536 0.0259614 0.0263654 0.0282758 0.0271799 0.037168 0.0456635 0.0455399 0.0346564 0.0293187 0.0244277 0.0250592 0.0238382 0.0179983 0.0156983 0.0071647 0.0130752 0.0237093 0.0141974 0.00664539 0.00323669 
1.76002e-05 0.00203939 0.0126157 0.0206843 0.0173187 0.0350018 0.0353983 0.0169115 0.0112105 0.0165567 0.0183353 0.0220919 0.0249405 0.0212149 0.046954 0.0295736 0.0192241 0.0217778 0.0269739 0.024586 0.0229671 0.0214966 0.0172284 0.0148132 0.0242097 0.0198213 0.0205543 0.016135 0.0159244 0.0185089 0.019048 0.0167837 0.0171694 0.0234312 0.022374 0.022092 0.02374 0.0257998 0.025192 0.0188542 0.0167189 0.0229021 0.0246021 0.0239466 0.027333 0.0226573 0.0254901 0.0218286 0.0216689 0.0223035 0.0316603 0.0450785 0.0443431 0.0459048 0.0483796 0.0455172 0.0357587 0.0299065 0.0226854 0.0184818 0.0200551 0.0165822 0.0155997 0.0171219 0.0171638 0.023318 0.0154142 0.0121179 0.00558771 
2.5149e-05 0.00180887 0.0130851 0.0195103 0.0199202 0.0272771 0.0315528 0.0186625 0.0199958 0.0205046 0.0223653 0.0253561 0.0257202 0.0252094 0.0412731 0.026042 0.022211 0.0257963 0.0341782 0.0393364 0.0652719 0.0369246 0.0221108 0.0198147 0.0235782 0.0228693 0.0196879 0.0195998 0.0175855 0.02131 0.0258715 0.0250354 0.0344961 0.0379555 0.0415813 0.045734 0.0373041 0.0289958 0.0263569 0.0275939 0.0239114 0.0212466 0.022993 0.0231014 0.0281286 0.020429 0.0210928 0.0198801 0.0282224 0.0348494 0.0322474 0.0363621 0.0480623 0.0498645 0.0403799 0.0377321 0.0362583 0.030832 0.0199826 0.00863916 0.0153061 0.0173789 0.0273281 0.0240712 0.0200734 0.0173919 0.0156419 0.0110947 0.00525829 
0.000190756 0.00184984 0.0121193 0.0180951 0.0229527 0.0245349 0.0226203 0.0179525 0.0185027 0.0183252 0.0217801 0.0216015 0.0190188 0.0305162 0.0318661 0.0229449 0.0292425 0.0349524 0.0285995 0.0569607 0.0462572 0.0187523 0.017149 0.0180209 0.0270515 0.0289437 0.0187629 0.0178144 0.0189955 0.0252051 0.0444321 0.053069 0.0550775 0.051868 0.033506 0.0444181 0.0339215 0.0282685 0.0214504 0.0235324 0.0264203 0.0257398 0.0254826 0.0210751 0.0181446 0.0221014 0.0218135 0.0212658 0.0220743 0.0306866 0.026935 0.024625 0.0407961 0.0460024 0.0355932 0.0284511 0.0280388 0.0317458 0.0229173 0.0137221 0.0147307 0.022153 0.0312037 0.0285461 0.0150838 0.0170721 0.0191787 0.0135558 0.00566286 
7.99842e-05 0.00149739 0.0105941 0.021852 0.0189292 0.0198409 0.0200059 0.0226086 0.0151539 0.0172398 0.0196923 0.015026 0.0134058 0.0242276 0.0255531 0.0289992 0.0377737 0.0389326 0.0161061 0.0293789 0.0373771 0.0370262 0.0243476 0.0156549 0.0226197 0.0256683 0.0205885 0.0222898 0.0173451 0.027997 0.0680505 0.0794232 0.0705371 0.0405129 0.0256046 0.0199622 0.0276468 0.0293842 0.01829 0.0206853 0.0193364 0.0186342 0.0222337 0.0292855 0.0305026 0.0234733 0.0278141 0.0240005 0.0229502 0.0255277 0.0249882 0.0228282 0.0315878 0.0287918 0.0244042 0.0190563 0.0171755 0.0241061 0.0167588 0.0189869 0.0232874 0.0271243 0.0239739 0.0179941 0.0175153 0.025479 0.0212971 0.0167516 0.00257465 
1.80722e-05 0.00642115 0.0183633 0.0280049 0.0243341 0.0204289 0.0309426 0.0381624 0.0178043 0.0167048 0.0191247 0.015208 0.0136555 0.0245233 0.0251294 0.0227288 0.0256943 0.0288738 0.0225873 0.025629 0.0259867 0.0280878 0.0222121 0.0226128 0.0263438 0.0226751 0.0228801 0.0274577 0.0238561 0.0226247 0.0297358 0.042169 0.0357365 0.0277777 0.021833 0.0237426 0.0237973 0.0263394 0.0200871 0.0164164 0.015878 0.0160731 0.0218018 0.0242895 0.0198203 0.014529 0.0215903 0.0207617 0.0243518 0.0200167 0.0219136 0.0227265 0.0215416 0.0190829 0.0189273 0.0260223 0.0265537 0.0273258 0.018849 0.0236825 0.0325869 0.0344327 0.0269704 0.017679 0.0190858 0.0203262 0.0129008 0.0147116 0.00296714 
1.46907e-05 0.00714438 0.0213285 0.0185652 0.0183454 0.0154614 0.0248951 0.0261108 0.0216979 0.0222906 0.0190446 0.0168088 0.0156335 0.0229427 0.029974 0.0259715 0.0196463 0.0240446 0.0255465 0.0338729 0.0374873 0.0313819 0.0198179 0.0178166 0.0309697 0.0253625 0.0229281 0.0223135 0.0210979 0.0158847 0.026128 0.0275191 0.0229285 0.0177828 0.0189563 0.0237887 0.020406 0.0271206 0.0247548 0.0220251 0.0209356 0.0256906 0.0343374 0.0310479 0.0226521 0.0179466 0.0262143 0.0246355 0.0242344 0.0214176 0.024527 0.0311762 0.0295503 0.020582 0.0213318 0.0277956 0.0301559 0.0255997 0.0249636 0.0285594 0.0377205 0.045026 0.0329113 0.0341811 0.0379585 0.0175047 0.00872784 0.00538904 0.000881918 
0 0.00497015 0.0210224 0.0208928 0.0197588 0.0152336 0.0127269 0.0169225 0.0247082 0.0263984 0.0235474 0.0196532 0.0149858 0.0149049 0.0184004 0.0346591 0.0270146 0.0187869 0.0287536 0.0270345 0.0241651 0.0242424 0.0185795 0.0193486 0.0224019 0.0268632 0.021549 0.0362229 0.0286869 0.0174119 0.020249 0.0222151 0.0215042 0.0209016 0.0329517 0.0381488 0.0226245 0.0298694 0.0354479 0.0246397 0.0223312 0.0211637 0.0246173 0.0298832 0.030316 0.0261252 0.0246154 0.0200698 0.0253002 0.0233043 0.0274323 0.0343542 0.0422496 0.0477894 0.0357726 0.0238114 0.0311642 0.0242419 0.0248302 0.0251329 0.0262844 0.0323157 0.0366437 0.042924 0.0357818 0.02089 0.0100058 0.00422127 0 
0 0.00227787 0.0135382 0.0175106 0.0194306 0.0203692 0.0163523 0.0154972 0.019772 0.0213091 0.0251454 0.0225628 0.0183843 0.0176349 0.0166768 0.0279946 0.03458 0.0290719 0.0248352 0.0161162 0.0152683 0.0124721 0.0189237 0.0225333 0.0239896 0.0293101 0.0256256 0.0358857 0.0341722 0.0244285 0.0262297 0.0224266 0.0316619 0.0336063 0.0358939 0.0511192 0.0383234 0.0344866 0.0347992 0.0246334 0.0337937 0.0347164 0.0288938 0.0278389 0.0273143 0.0184574 0.0194816 0.0231891 0.0275463 0.0245605 0.0301699 0.0287531 0.0516567 0.075515 0.0428484 0.0234091 0.0280277 0.0225788 0.0189471 0.0168739 0.0257608 0.0292429 0.028912 0.0294342 0.0298908 0.0257928 0.00924009 0.00345717 0.000126525 
0 9.39684e-05 0.00385791 0.0105106 0.0126713 0.0130822 0.0159978 0.0182491 0.0180365 0.0199635 0.018801 0.0144798 0.0191026 0.018525 0.0160645 0.0286376 0.0355168 0.0296827 0.0196748 0.0315538 0.0418959 0.0332335 0.0255117 0.0196909 0.0255903 0.033927 0.0361051 0.0340214 0.0304403 0.0288181 0.0299793 0.0322138 0.0429926 0.0533403 0.0364228 0.0390956 0.0257864 0.025085 0.0287647 0.0286704 0.0385183 0.0410805 0.0354475 0.0260783 0.0240588 0.0201162 0.0259077 0.0230101 0.0262904 0.0352463 0.0333017 0.0414323 0.0507995 0.0576689 0.037242 0.0211192 0.0230825 0.0249434 0.0191386 0.0233953 0.023069 0.0286135 0.0250257 0.0334451 0.0229633 0.0120983 0.00681882 0.00408182 0.000178638 
0 0 0.000149466 0.00448367 0.00520054 0.00994866 0.0156706 0.0230005 0.024403 0.0201822 0.0160786 0.0183034 0.0211366 0.0227709 0.0191409 0.0218349 0.0340703 0.0267048 0.0204887 0.0344063 0.0358857 0.0286616 0.0252246 0.0202535 0.0230696 0.0374271 0.0360915 0.0349515 0.0310457 0.0233207 0.0363679 0.0362389 0.0450729 0.0420867 0.0368086 0.0267505 0.0274152 0.0225709 0.0288405 0.032468 0.0514795 0.0784569 0.0311044 0.0212171 0.0198939 0.0200712 0.0192703 0.0230397 0.0257905 0.0353297 0.0311208 0.0334892 0.0398674 0.0343962 0.0274988 0.0224186 0.0181361 0.0252269 0.0251252 0.0210366 0.0200882 0.0222623 0.0225349 0.0321594 0.0175895 0.00614592 0.00285967 0.00189261 0.00011359 
0 0 0 0.0013588 0.0091335 0.0155332 0.019249 0.0249454 0.0225193 0.0250976 0.0266429 0.02301 0.0227714 0.0230373 0.0208822 0.0332312 0.0377871 0.0207991 0.0207336 0.023321 0.0461543 0.0357674 0.0268613 0.0192632 0.0131431 0.0188238 0.0335745 0.0274999 0.0314926 0.0301049 0.047619 0.0318926 0.027909 0.0272284 0.0311358 0.0322698 0.038657 0.0309535 0.0406516 0.038287 0.0387355 0.0495093 0.031625 0.0218247 0.0265009 0.0301965 0.0255127 0.0241615 0.0242253 0.0278659 0.0268954 0.0305426 0.0315027 0.0312446 0.0266648 0.0274953 0.0239745 0.0263488 0.027002 0.0259346 0.024936 0.0282092 0.0205161 0.0181678 0.00563052 0.00234203 2.33328e-05 0 0 
0 0 0 0.00284394 0.0165796 0.0174558 0.0207053 0.0202792 0.0260159 0.0248003 0.0149226 0.0188769 0.0231081 0.0151101 0.0175547 0.0281378 0.0251215 0.0271829 0.0200959 0.0241773 0.0377029 0.0281175 0.0238655 0.0213574 0.018513 0.0117923 0.0119312 0.0136259 0.020419 0.0329174 0.0344814 0.0290698 0.0258449 0.0216828 0.0246588 0.0404104 0.0606138 0.0414948 0.0391289 0.0377701 0.0335706 0.0326116 0.0349136 0.0330268 0.0304363 0.0257637 0.0195597 0.0149939 0.0172742 0.0127781 0.0119252 0.0194883 0.0221917 0.0231437 0.0203082 0.0276074 0.0284641 0.0270782 0.0212602 0.0193609 0.0234519 0.021075 0.0139639 0.0125892 0.00242961 0.000598777 0.000677282 0 0 
0 0 0 0.0002933 0.00646728 0.0165326 0.0167559 0.0213733 0.0241947 0.0203091 0.0178641 0.0193438 0.0205224 0.0161397 0.0154488 0.0180007 0.0268997 0.0275339 0.0279106 0.0215188 0.0218742 0.0252529 0.0270164 0.0214417 0.0291409 0.024129 0.0136056 0.0109328 0.0147686 0.0155861 0.020929 0.0264191 0.0215234 0.0311365 0.0259185 0.0306656 0.0313709 0.0392482 0.0378185 0.0316431 0.0227727 0.0174755 0.0260015 0.0324933 0.0267403 0.0148616 0.0185923 0.0121504 0.0113958 0.00909292 0.00777629 0.0136438 0.0161496 0.0134732 0.00994459 0.014548 0.0166272 0.0197222 0.0186422 0.018014 0.0235775 0.0190744 0.0189382 0.00948194 0.00451127 0.000646518 0.00135145 0 0 
0 0 0 2.79231e-05 0.00405504 0.0132301 0.0128004 0.0180689 0.0249216 0.0228085 0.0176048 0.0232687 0.0254097 0.0186583 0.0143307 0.0144405 0.023251 0.0189209 0.0176194 0.0174088 0.0201403 0.023933 0.0248377 0.0266532 0.031585 0.0295137 0.0145973 0.0140573 0.0139274 0.0148802 0.0262463 0.0305556 0.0334988 0.0254425 0.0281705 0.0303282 0.0264542 0.0360955 0.0326511 0.0283155 0.0226978 0.0189837 0.0318311 0.0353288 0.0211169 0.0204877 0.0150831 0.00884944 0.0131318 0.0167151 0.0149945 0.0157086 0.0188665 0.00993278 0.0130227 0.0138238 0.0127826 0.0139328 0.0177537 0.0188002 0.0200188 0.013349 0.0141224 0.0150898 0.0109455 0.00468996 0.000642989 0 0 
0 0 0 5.67033e-05 0.00657941 0.014748 0.0174952 0.0198012 0.0206006 0.0199437 0.0195811 0.0281899 0.0263919 0.0227962 0.0209109 0.0152005 0.015562 0.0170577 0.0198096 0.0174712 0.0125964 0.0150931 0.020896 0.0238918 0.0192075 0.0213987 0.01563 0.0148371 0.0160836 0.0175169 0.0289665 0.0263263 0.0318718 0.0272241 0.0331355 0.0248871 0.0234727 0.0237432 0.0225052 0.019856 0.0165005 0.0250241 0.0300163 0.0221622 0.0222101 0.0189813 0.011059 0.00566135 0.0102808 0.0138236 0.0193122 0.0218677 0.0218562 0.0159764 0.0160039 0.0150415 0.0115005 0.0135946 0.0156172 0.0215943 0.021663 0.0155087 0.0158316 0.0135861 0.0075834 0.00640588 0.000481827 0 0 
0 0 0 5.30723e-06 0.0029662 0.0188061 0.0247464 0.0144961 0.0199091 0.0179903 0.0195559 0.0251932 0.0204152 0.0183099 0.0139912 0.0155952 0.0227135 0.0146236 0.0115369 0.0069658 0.00545682 0.0101536 0.00965003 0.0118833 0.0136932 0.0103315 0.00984203 0.0142809 0.0179588 0.021335 0.0237414 0.0219656 0.0234027 0.0258209 0.0266376 0.0303006 0.0248195 0.0220859 0.0253948 0.0237857 0.0192927 0.025699 0.0323398 0.0323125 0.0347578 0.0253939 0.0133239 0.00814635 0.00591299 0.00903067 0.0179091 0.0322081 0.0262331 0.0154715 0.0204352 0.0376816 0.0188364 0.0102343 0.00669836 0.00571699 0.0147139 0.0173614 0.0191656 0.0152357 0.00590191 0.00127881 2.29782e-05 0 0 
0 0 0 0 0.000437731 0.00818255 0.0160606 0.0154137 0.0208438 0.023466 0.0186202 0.0218364 0.0190153 0.0171035 0.0151884 0.0150568 0.0257123 0.0158748 0.00223344 0.00219958 0.00863237 0.0100684 0.0120053 0.00720453 0.00785316 0.0120536 0.00898364 0.00979359 0.0229175 0.0279473 0.0233141 0.0214003 0.0193708 0.0259686 0.0318015 0.032097 0.0341934 0.0259974 0.0163139 0.0233196 0.0261465 0.0293782 0.0317441 0.0304331 0.0356074 0.0306564 0.018298 0.0178151 0.013937 0.0129802 0.0154063 0.0223973 0.0223402 0.0159219 0.028306 0.0424345 0.0251366 0.00902241 0.0072377 0.012832 0.0250668 0.018879 0.016112 0.0115756 0.00334817 0.000188886 0 0 0 
0 0 0 0 0 0.000451989 0.00306368 0.00543509 0.0183251 0.0248825 0.0134543 0.0170003 0.0186641 0.0159782 0.0106708 0.00527549 0.00709966 0.00290295 0.00108896 0.00751751 0.0169032 0.014543 0.015441 0.0105541 0.0182878 0.0254927 0.0226286 0.0186552 0.0210333 0.0195207 0.0217181 0.0246862 0.0280904 0.0330314 0.0274436 0.0356614 0.0343703 0.019992 0.0176429 0.0192756 0.0247669 0.0364157 0.0287692 0.0169808 0.0297862 0.0253569 0.0228553 0.0240596 0.0186433 0.0189131 0.0155392 0.0122973 0.0181699 0.0108352 0.0168102 0.0222693 0.0186486 0.0155436 0.00737765 0.012618 0.0190016 0.0133406 0.0179839 0.0123488 0.00142621 0 0 0 0 
0 0 0 0 0 0 0.000558497 0.00363575 0.0161121 0.0216073 0.0172104 0.0136881 0.0109906 0.011585 0.00159862 0.000122466 0.000259875 0.000350484 0.00212062 0.0133916 0.0196397 0.0193845 0.0152791 0.0167986 0.0192618 0.0246707 0.0194495 0.0189487 0.0209692 0.0198709 0.0293354 0.0323657 0.035102 0.0315515 0.0285264 0.0341125 0.0263896 0.0264995 0.0200869 0.0227103 0.0321782 0.0290281 0.028758 0.0229024 0.0351313 0.0245511 0.0141128 0.0287449 0.0231127 0.0205739 0.0135392 0.0147901 0.0186623 0.0142936 0.0145158 0.0150419 0.0182562 0.0211542 0.0182343 0.0156439 0.0161135 0.00823151 0.0137334 0.0078852 0.000147379 0 0 0 0 
0 0 0 0 0 0 0 0.00257361 0.0147154 0.0193371 0.0129718 0.0153448 0.0247467 0.0187742 0.0022787 0.00120287 0.00521837 0.00262286 0.00323599 0.0116686 0.0262185 0.0299109 0.0250315 0.0214265 0.0191558 0.0198584 0.0187591 0.0212915 0.0220977 0.0281917 0.0245786 0.035768 0.0264232 0.0267004 0.0329816 0.0361747 0.0332498 0.0310942 0.0274862 0.0230761 0.0212032 0.032936 0.0380866 0.0392099 0.0441401 0.0278041 0.0228532 0.0304254 0.0256646 0.0201794 0.0191215 0.0236226 0.016597 0.00786916 0.00931514 0.0140638 0.0182101 0.0212749 0.0257188 0.0145804 0.00986606 0.00233333 0.00440128 0.00152138 0 0 0 0 0 
0 0 0 0 0 0 0 0.000908997 0.00812408 0.0175894 0.0166803 0.0402061 0.0554687 0.0276663 0.00653793 0.0119273 0.0187455 0.0130688 0.0114291 0.0198513 0.0272324 0.0234783 0.0243368 0.0241792 0.0230308 0.0218427 0.0227154 0.02632 0.0258359 0.0337016 0.0229287 0.025736 0.0248592 0.0336165 0.0398572 0.0398897 0.0436877 0.0313921 0.0249821 0.0246862 0.0268107 0.0228388 0.0327944 0.0315047 0.0449385 0.0407328 0.0308885 0.0329109 0.023807 0.019483 0.0169534 0.0157244 0.0121577 0.010352 0.0089583 0.00989228 0.0121406 0.015959 0.016029 0.00823869 0.000957308 0.0014901 0.000693412 0 0 0 0 0 0 
0 0 0 0 0 0 0 2.86376e-05 0.00156555 0.00978353 0.0263504 0.0392997 0.042889 0.0190062 0.0117553 0.0240429 0.0285629 0.0234843 0.0218108 0.0323802 0.0228036 0.0273811 0.0246661 0.0234578 0.0221848 0.0220247 0.0222529 0.0226775 0.0229863 0.0228412 0.0169486 0.0184294 0.0269272 0.0330872 0.0327672 0.0408789 0.0429211 0.0317868 0.0227035 0.0258328 0.025128 0.021778 0.0239875 0.020038 0.0233166 0.0414303 0.033871 0.0323856 0.0186455 0.0192758 0.0154825 0.0122836 0.0197907 0.0128332 0.0073364 0.00460278 0.00267337 0.00511976 0.00245724 0.000138397 3.46225e-06 0.000208677 4.69235e-05 0 0 0 0 0 0 
0 0 0 0 0 0 0 0 0.00038717 0.00550187 0.0171401 0.0234733 0.0197822 0.0107123 0.0196291 0.0328827 0.0291518 0.0229657 0.0239969 0.0199654 0.0188426 0.0174872 0.0186153 0.0242585 0.0260623 0.0253329 0.0207397 0.0138783 0.0174809 0.0135355 0.0176937 0.0204414 0.0313234 0.0355533 0.0292865 0.0417199 0.0362782 0.0255899 0.0271677 0.0270338 0.0259898 0.0220399 0.0176894 0.0184665 0.0425439 0.0414018 0.0311018 0.0300279 0.0193119 0.014928 0.0156366 0.0174669 0.0147154 0.00784845 0.00252654 0.00154151 0.00742643 0.00496428 0.00283405 0.000118293 0 0 0 0 0 0 0 0 0 
0 0 0 0 0 0 0 0 0 0.000497295 0.00496821 0.0104394 0.00659099 0.0103039 0.0320933 0.035584 0.0239344 0.0228394 0.0249012 0.0157957 0.0137195 0.0118967 0.0199747 0.0283102 0.0354233 0.0298389 0.0196339 0.0214114 0.0257696 0.0175385 0.0230176 0.0215252 0.0216262 0.0190111 0.0315828 0.0401731 0.0310228 0.0219497 0.0317022 0.0275985 0.0246531 0.0211415 0.0180624 0.0244427 0.0516637 0.0282097 0.028917 0.0215914 0.0125135 0.0108185 0.0147018 0.013934 0.00958642 0.0120905 0.00709435 0.00346024 0.00357048 0.00491938 0.00094371 0 0 0 0 0 0 0 0 0 0 
0 0 0 0 0 0 0 0 0 0 3.50838e-05 0.000443434 0.00127316 0.0168935 0.033802 0.0298081 0.0209252 0.0256391 0.0322131 0.0190647 0.0170049 0.0200586 0.0162786 0.0186864 0.0264351 0.0350626 0.0247992 0.022477 0.0313361 0.0243926 0.0116265 0.0123376 0.0164206 0.0149467 0.029944 0.0346376 0.0261678 0.0237253 0.0244714 0.021858 0.023449 0.0235407 0.030527 0.0287457 0.0267829 0.0261675 0.0308288 0.0248928 0.0143426 0.00619553 0.00520976 0.00900511 0.00735638 0.0106553 0.0103728 0.00569867 0.00142171 0.000788906 0.000507804 0 0 0 0 0 0 0 0 0 0 
0 0 0 0 0 0 0 0 0 0 0 0 0.000231275 0.00867402 0.0234081 0.027803 0.0136472 0.0283458 0.0351969 0.0226937 0.0168694 0.0142647 0.0189006 0.0230797 0.0236256 0.0211257 0.0159754 0.020628 0.0282822 0.0131501 0.00460483 0.0124057 0.014028 0.0196918 0.0198274 0.0307205 0.0233927 0.015309 0.0235573 0.0289227 0.029989 0.0341412 0.0453861 0.0383346 0.0293035 0.0381036 0.0321392 0.03371 0.0165794 0.0112157 0.0119618 0.0087068 0.00683037 0.00657236 0.00618753 0.00244448 0.000251792 0.000526232 0 0 0 0 0 0 0 0 0 0 0 
0 0 0 0 0 0 0 0 0 0 0 0 0 0.000258103 0.0116654 0.0194864 0.0130045 0.0260037 0.0264089 0.0148123 0.011199 0.0144305 0.0112886 0.0105674 0.0123241 0.0128559 0.0171485 0.018904 0.019754 0.00696042 0.00867873 0.0162346 0.0141943 0.0175101 0.0246141 0.0318062 0.0258901 0.0259365 0.0275189 0.0305911 0.0354562 0.0350513 0.0456981 0.0400161 0.0350468 0.0364467 0.0303048 0.0266146 0.0258551 0.0227513 0.0156415 0.0180185 0.0131286 0.0116874 0.00748 0.00241206 8.31869e-05 0 0 0 0 0 0 0 0 0 0 0 0 
0 0 0 0 0 0 0 0 0 0 0 0 0 0 0.00251523 0.00902404 0.0138686 0.0165011 0.0238952 0.0163382 0.0102204 0.0084993 0.00957088 0.0157591 0.0211933 0.0138117 0.0136571 0.00466561 0.00209886 0.00611931 0.00554761 0.00752071 0.0106917 0.0138029 0.0263618 0.0221214 0.0164842 0.0238431 0.0336098 0.0327379 0.0404855 0.0270428 0.0268643 0.0284382 0.0254914 0.0232526 0.0171289 0.0180237 0.018316 0.0173785 0.0128824 0.0170816 0.0175673 0.0147588 0.00456936 0.000687641 2.44057e-05 0 0 0 0 0 0 0 0 0 0 0 0 
0 0 0 0 0 0 0 0 0 0 0 0 0 0 4.10122e-05 0.000760777 0.00117458 0.00224369 0.0125589 0.0187333 0.013976 0.00860089 0.00342091 0.0156299 0.0170015 0.0130519 0.00677902 0.000138171 0.000245378 0.00509078 0.00454887 0.0157748 0.0271669 0.017111 0.0248141 0.025324 0.0247732 0.023002 0.035387 0.0359024 0.0445907 0.0291377 0.0299621 0.0273207 0.0248029 0.0216069 0.0179497 0.0216919 0.0148336 0.0132217 0.0103778 0.0150557 0.0167764 0.00781073 0.000135077 0 0 0 0 0 0 0 0 0 0 0 0 0 0 
0 0 0 0 0 0 0 0 0 0 0 0 0 0 0 0 0 0 0.0015971 0.0112995 0.0126118 0.0144021 0.0112587 0.0104728 0.0110317 0.0152097 0.0156124 0.00095308 0.000588202 0.00644426 0.0174545 0.0327523 0.0269725 0.0175867 0.0226536 0.0386577 0.0485568 0.0457579 0.0401092 0.0367455 0.0452514 0.0395067 0.0321257 0.0251073 0.0219302 0.0186315 0.0194651 0.0234346 0.0117252 0.00194727 0.00170147 0.00462302 0.00183239 0.00023831 0 0 0 0 0 0 0 0 0 0 0 0 0 0 0 
0 0 0 0 0 0 0 0 0 0 0 0 0 0 0 0 0 0 6.39685e-05 0.00138732 0.00121622 0.00789124 0.0164475 0.0141865 0.0111239 0.0217769 0.0222612 0.0118117 0.00657567 0.0178298 0.0269983 0.030121 0.0193533 0.0199422 0.0234231 0.0483297 0.0816914 0.0634656 0.0450956 0.0451246 0.0445117 0.0328063 0.0254651 0.0321003 0.02627 0.0198874 0.0194536 0.00997379 0.00241379 2.09568e-05 4.73641e-05 0.000108261 0 0 0 0 0 0 0 0 0 0 0 0 0 0 0 0 0 
0 0 0 0 0 0 0 0 0 0 0 0 0 0 0 0 0 0 0 0 0 0.000976985 0.00409024 0.0072868 0.00919148 0.0134594 0.0172702 0.0135573 0.00497751 0.0128533 0.0257487 0.0180009 0.0191526 0.024674 0.0248163 0.0435599 0.0821915 0.054137 0.038303 0.0515706 0.0435978 0.023701 0.0117242 0.0188246 0.0160663 0.0160012 0.0138827 0.00537635 0.000490489 0 0 0 0 0 0 0 0 0 0 0 0 0 0 0 0 0 0 0 0 
0 0 0 0 0 0 0 0 0 0 0 0 0 0 0 0 0 0 0 0 0 0 1.59241e-06 0.00111738 0.00221783 0.00447222 0.0101511 0.0105366 0.00168082 0.00121913 0.00522976 0.0110049 0.0172835 0.0213003 0.0275318 0.0375738 0.0494099 0.0339415 0.0223749 0.0275453 0.0364515 0.0131027 0.00585023 0.00591568 0.00683174 0.00327809 0.00275784 0.000299206 1.90996e-06 0 0 0 0 0 0 0 0 0 0 0 0 0 0 0 0 0 0 0 0 
0 0 0 0 0 0 0 0 0 0 0 0 0 0 0 0 0 0 0 0 0 0 0 0 0 0.00014588 0.000369299 0.00124365 0.000209786 0 1.95907e-05 0.00122356 0.00601591 0.00958221 0.0116278 0.0128678 0.00872902 0.007908 0.0068937 0.00456469 0.0076241 0.00221054 0.000221129 1.78818e-05 3.12293e-05 0 0 0 0 0 0 0 0 0 0 0 0 0 0 0 0 0 0 0 0 0 0 0 0 

