0 0 0 0 0 0 0 0 0 0 0 0 0 0 0 0 0 0 0 0 0 0 0 0 0 0 0 0 0 0 2.83965e-05 0.000259337 0.000518787 0.000167855 6.93615e-07 0 0 0 0 0 0 0 0 0 0 0 0 0 0 0 0 0 0 0 0 0 0 0 0 0 0 0 0 0 0 0 0 0 0 
0 0 0 0 0 0 0 0 0 0 0 0 0 0 0 0 0 0 0 0 0 0 0 0 0 7.58554e-05 0.00108477 0.00201493 0.000750575 0 0.000224451 0.00406961 0.0108666 0.00519574 0.000208712 0 0 4.64441e-05 0.000378328 0.000815662 0.0029757 0.00213209 0.000874878 0.000328014 7.36644e-05 0 0 0 0 0 0 0 0 0 0 0 0 0 0 0 0 0 0 0 0 0 0 0 0 
0 0 0 0 0 0 0 0 0 0 0 0 0 0 0 0 0 0 0 0 0 0 0 0 0.00151904 0.00658013 0.0120973 0.0153707 0.00971173 0.00246249 0.00398779 0.00870338 0.0154543 0.0135476 0.00270987 0.000755229 0.00101612 0.00142135 0.00367135 0.00927409 0.0159459 0.0132806 0.00971144 0.00656652 0.00291393 0.00181414 0.000354533 0 0 0 0 0 0 0 0 0 0 0 0 0 0 0 0 0 0 0 0 0 0 
0 0 0 0 0 0 0 0 0 0 0 0 0 0 0 0 0 0 0 0 0.000111044 0.00125944 0.00158076 0.0037584 0.0127193 0.021377 0.0192395 0.019663 0.0212746 0.0198153 0.0156418 0.0159151 0.0149937 0.0122383 0.0092779 0.00483291 0.00166538 0.0101074 0.0157473 0.0300445 0.0286845 0.0162404 0.0148159 0.0111624 0.00677769 0.00687227 0.001674 0.000151406 0.000233534 7.67632e-05 0 0 0 0 0 0 0 0 0 0 0 0 0 0 0 0 0 0 0 
0 0 0 0 0 0 0 0 0 0 0 0 0 0 0 0 0 0 0 1.79832e-05 0.000806522 0.00601539 0.0120759 0.0167567 0.0240366 0.0252238 0.0186561 0.0239512 0.0280533 0.0239502 0.0191142 0.0182066 0.0170917 0.0172792 0.0136116 0.00685945 0.00308561 0.00800751 0.0229363 0.0282548 0.0153041 0.00875996 0.0130719 0.0164183 0.0121199 0.00807984 0.010755 0.00569066 0.00374308 0.00135794 0.000101199 0.000206248 1.18347e-05 0 0 0 0 0 0 0 0 0 0 0 0 0 0 0 0 
0 0 0 0 0 0 0 0 0 0 0 0 0 0 0 0 0.000227712 0.00120684 0.00611729 0.00731763 0.00788456 0.00776995 0.0138631 0.023919 0.0271032 0.0255142 0.0218025 0.0266958 0.0239169 0.0202072 0.0241704 0.0180092 0.01862 0.0200922 0.0169025 0.00772453 0.00741286 0.00819298 0.0143053 0.024261 0.0133015 0.00556425 0.0135454 0.0158509 0.0150145 0.0149545 0.0224602 0.0170499 0.00898231 0.00690396 0.00545853 0.00633196 0.0021598 8.20163e-05 0 0 0 0 0 0 0 0 0 0 0 0 0 0 0 
0 0 0 0 0 0 0 0 0 0 0 0 0 0 9.75859e-06 0.00198502 0.00875122 0.011473 0.0135982 0.0167008 0.0152762 0.0241263 0.0177855 0.026634 0.0239849 0.0201101 0.0258217 0.0232785 0.0247689 0.0193166 0.0174047 0.0196169 0.0219646 0.0211068 0.0191136 0.0228443 0.0171457 0.0177612 0.0167146 0.0216834 0.0135273 0.00244139 0.0103435 0.0215415 0.0150222 0.0120922 0.0163456 0.0170271 0.0183147 0.0227703 0.0194083 0.0136354 0.0150798 0.00439818 7.8614e-05 0 0 0 0 0 0 0 0 0 0 0 0 0 0 
0 0 0 0 0 0 0 0 0 0 0 0 0 5.233e-06 0.00261276 0.0143633 0.0163108 0.0171593 0.0209766 0.0178688 0.0179018 0.0273859 0.0252128 0.0214482 0.0241359 0.0216963 0.020318 0.0268514 0.0200514 0.0193383 0.0195788 0.0266784 0.0215141 0.0210585 0.0230411 0.03004 0.0286483 0.0291748 0.0242482 0.0310216 0.0230785 0.0211106 0.0149157 0.0178245 0.0235296 0.0176021 0.0159059 0.0238375 0.0284429 0.0227809 0.0150158 0.0157701 0.0207019 0.0111568 0.0019474 0.00013746 0 0 0 0 0 0 0 0 0 0 0 0 0 
0 0 0 0 0 0 0 0 0 0 0 0 0 0.000199692 0.00812363 0.0189983 0.017768 0.016876 0.0189738 0.0186117 0.0156954 0.0209239 0.0154834 0.0116027 0.0209076 0.0236893 0.0246574 0.0276562 0.0241542 0.0229357 0.0193942 0.0201699 0.0257262 0.0257998 0.0227778 0.0268331 0.0282214 0.0227743 0.0189609 0.0217516 0.0287887 0.03667 0.0234359 0.0217956 0.0237687 0.0189879 0.0212038 0.0201354 0.0306257 0.023674 0.0140254 0.0203001 0.0176338 0.0167533 0.00953137 0.00160803 0 0 0 0 0 0 0 0 0 0 0 0 0 
0 0 0 0 0 0 0 0 0 0 0 0 8.51415e-05 0.00321175 0.0100884 0.0183046 0.0129952 0.00949511 0.0109767 0.0176574 0.0187972 0.0182088 0.0151207 0.0122935 0.0228662 0.0259594 0.0345433 0.0287406 0.0281323 0.0234087 0.0225904 0.0248291 0.0265416 0.0292857 0.0232246 0.020756 0.0255908 0.0288129 0.0230722 0.0200504 0.0218742 0.0258338 0.0201207 0.0200273 0.0196978 0.0211599 0.0210605 0.0232216 0.0243784 0.0231865 0.0190158 0.0173188 0.0147956 0.0187172 0.0069587 0.000483377 3.62286e-05 1.35505e-05 0 0 0 0 0 0 0 0 0 0 0 
0 0 0 0 0 0 0 0 0 0 0 0 0.00030649 0.00570355 0.0142323 0.0131378 0.0167258 0.0196223 0.0170636 0.0177227 0.0179868 0.0170845 0.0150452 0.0142087 0.0268436 0.0266895 0.019824 0.0240438 0.0221475 0.0227873 0.0247965 0.0261026 0.0216482 0.0203896 0.0252285 0.0145984 0.0192719 0.0254899 0.024394 0.0193834 0.0170116 0.016889 0.0228157 0.018635 0.0182703 0.0241784 0.0212916 0.0278448 0.03067 0.0233351 0.0158011 0.0110647 0.0139563 0.016117 0.00898237 0.00201801 0.00278869 0.00262999 0.00105008 0.000175051 0 0 0 0 0 0 0 0 0 
0 0 0 0 0 0 0 0 0 0 0 0 2.87651e-06 0.00292641 0.00857735 0.0117917 0.0156011 0.0212487 0.0153061 0.0151033 0.0171328 0.0191374 0.020112 0.0191061 0.0183868 0.0199113 0.0185089 0.0221152 0.0239048 0.0267735 0.0358965 0.0270112 0.0196408 0.0206929 0.0187725 0.0144732 0.0211184 0.0195671 0.019628 0.019502 0.00972997 0.014987 0.0169414 0.0159249 0.0153723 0.0172742 0.0153526 0.0240601 0.0274759 0.0226606 0.0174962 0.0135744 0.00804427 0.0144072 0.0147821 0.00484273 0.0105743 0.00962221 0.00420113 0.00252239 0 0 0 0 0 0 0 0 0 
0 0 0 0 0 0 0 0 4.09349e-07 0.000173406 9.76218e-06 0.000130182 0.00197684 0.00984185 0.0136706 0.0228634 0.0208589 0.0170603 0.0174534 0.0166587 0.0190087 0.0221921 0.0204389 0.0199541 0.020544 0.0212828 0.018028 0.0189057 0.0222368 0.0197355 0.0211091 0.0188499 0.0209971 0.0227788 0.0185173 0.0208043 0.0197863 0.0208364 0.0183324 0.0201403 0.0089918 0.00812926 0.009979 0.0130364 0.0165542 0.0145286 0.0122454 0.0198505 0.0321917 0.0229757 0.0220613 0.019584 0.0162615 0.013672 0.0158758 0.00964976 0.00913566 0.0076119 0.0121634 0.00457784 0.000632285 0 0 0 0 0 0 0 0 
0 0 0 0 0 0 0 3.74572e-07 0.00157587 0.00430969 0.00357425 0.00549897 0.00990667 0.0140686 0.0203957 0.0216231 0.0178573 0.0199826 0.0191647 0.0176348 0.0239113 0.020251 0.0188255 0.0165519 0.0214808 0.0212717 0.0166612 0.0217459 0.024106 0.0198923 0.014355 0.0156318 0.0208765 0.0287498 0.0253636 0.019613 0.016447 0.0143019 0.0165901 0.0190236 0.0188979 0.0177841 0.0150834 0.0181358 0.0187182 0.0202153 0.0151024 0.0228609 0.0211099 0.0186704 0.0159112 0.0176943 0.0228421 0.0211778 0.0232556 0.013808 0.0129149 0.0126727 0.0173502 0.012617 0.0038161 0.000261272 0 0 0 0 0 0 0 
0 0 0 0 0 0 2.48147e-05 0.000981684 0.00713491 0.013372 0.0137667 0.0136041 0.0127893 0.0187794 0.0242129 0.0233563 0.0229953 0.0219584 0.0199567 0.027807 0.0197491 0.016729 0.0203352 0.0173065 0.014469 0.0153 0.0180309 0.0206018 0.0198327 0.0229044 0.0215249 0.020582 0.0239284 0.0235951 0.016182 0.0172077 0.0167965 0.015131 0.014203 0.0182698 0.0257906 0.0193683 0.015338 0.0162655 0.0119499 0.0129141 0.0168793 0.0222769 0.0166141 0.020615 0.0252875 0.0191291 0.0239097 0.0243362 0.029018 0.0162965 0.0189653 0.0204406 0.0166849 0.0158462 0.0142948 0.00387855 1.82617e-05 0 0 0 0 0 0 
0 0 0 0 0 0 0.000259441 0.00453254 0.014452 0.0189487 0.018468 0.0174894 0.0170635 0.0184342 0.0223722 0.0228213 0.0145702 0.0206935 0.0229613 0.0259092 0.0370657 0.0213384 0.0210313 0.0175162 0.0177607 0.0183084 0.020895 0.0244211 0.0196927 0.0181204 0.0231159 0.020776 0.0264464 0.0183706 0.0125846 0.015574 0.0167177 0.0143583 0.0153677 0.0210109 0.0270122 0.0200009 0.0157694 0.0133758 0.0109669 0.0131509 0.0170002 0.0119288 0.0172833 0.0272279 0.0275584 0.0216113 0.0163433 0.0213025 0.0234519 0.0175769 0.0144219 0.0224418 0.0212274 0.0239622 0.0271165 0.01483 0.00106857 0 0 0 0 0 0 
0 0 0 0 0 3.58778e-05 0.00464883 0.0110354 0.015579 0.0187398 0.0190267 0.0180989 0.0193287 0.0159084 0.0233708 0.0251856 0.0239558 0.019869 0.0283629 0.0266509 0.0243198 0.0162657 0.0209211 0.019532 0.0236171 0.0236418 0.0217105 0.0278965 0.0196816 0.0242019 0.0255692 0.0233658 0.0180074 0.0163127 0.0169201 0.0140168 0.0203754 0.0176432 0.019282 0.0389606 0.0430528 0.0252505 0.0198649 0.0130923 0.0139341 0.0197688 0.0170172 0.0105734 0.0114512 0.0194859 0.0187785 0.0216488 0.0140061 0.0129444 0.0131462 0.0139043 0.023344 0.0282843 0.0230705 0.0243361 0.0254615 0.017347 0.00437562 0.000938688 2.51904e-05 0 0 0 0 
0 0 0 0 0 0.000329138 0.00451924 0.0132028 0.0150058 0.0184079 0.016239 0.0194579 0.0170873 0.018649 0.020815 0.0150759 0.0245617 0.0311286 0.021582 0.0166403 0.0205021 0.0187325 0.0369061 0.0216465 0.025391 0.0210914 0.0160001 0.0187969 0.0222959 0.029296 0.0308342 0.0217379 0.0189762 0.0208779 0.0176607 0.0190281 0.0268372 0.0215714 0.0230839 0.0607667 0.0661334 0.028874 0.0192642 0.0198066 0.0164913 0.0189207 0.0199627 0.0100653 0.00880341 0.0162549 0.0133991 0.0126195 0.0149519 0.0157171 0.017568 0.0177935 0.0226055 0.0258008 0.0187301 0.0157359 0.0261418 0.0222298 0.0111521 0.00333359 0.000179022 0 0 0 0 
0 0 0 0 0 0.000893362 0.00376637 0.0107192 0.0115805 0.011133 0.0150454 0.0199037 0.0171706 0.0163217 0.0161557 0.0213417 0.0267467 0.0337175 0.0260291 0.0219923 0.0263381 0.024486 0.0283324 0.0267304 0.0217353 0.0193054 0.0166837 0.0203625 0.0258957 0.0348132 0.0570037 0.0420473 0.0233346 0.0208775 0.0169539 0.0177016 0.0232902 0.0221641 0.0236333 0.0377807 0.0332891 0.0263571 0.0285064 0.0257568 0.0163431 0.0167791 0.0208697 0.0201205 0.0128825 0.0178858 0.015614 0.0142525 0.0174315 0.0193277 0.0177445 0.0219269 0.0251029 0.0238411 0.0221696 0.0178062 0.0253801 0.0259263 0.0160447 0.0128859 0.00259165 7.76239e-05 0 0 0 
0 0 0 0 0 0.000289948 0.00138786 0.00289223 0.00339244 0.00204716 0.00745418 0.0180921 0.0272317 0.0224956 0.0198396 0.025586 0.0198908 0.0247428 0.0289882 0.0236358 0.0220243 0.024262 0.0241813 0.0244273 0.0215412 0.0184522 0.0171217 0.0217223 0.0241258 0.0351415 0.0374696 0.0400771 0.02151 0.0164693 0.013039 0.0146142 0.0245745 0.0197835 0.0166702 0.0224369 0.025389 0.0240729 0.0271012 0.0290303 0.0271851 0.016049 0.0191032 0.0208525 0.0169211 0.0207567 0.0174202 0.0167931 0.021489 0.0223016 0.021583 0.0224951 0.0295453 0.0203769 0.0237846 0.0231528 0.0206452 0.0230302 0.0186937 0.0164702 0.0119996 0.00115962 0 0 0 
0 0 0 0 0 4.40226e-06 0.00137357 0.00297389 0.00151802 0.00321084 0.00918105 0.0142232 0.0264937 0.0242667 0.0155351 0.0189489 0.0240932 0.0258381 0.0215369 0.0322068 0.0267699 0.0300416 0.0248008 0.0264406 0.0191593 0.0154424 0.018377 0.0223806 0.0205149 0.028 0.0406725 0.0231185 0.0188042 0.0154526 0.0110101 0.014286 0.0221272 0.019907 0.0204887 0.0323768 0.0230611 0.022469 0.0212681 0.0235222 0.0208469 0.0130622 0.0132727 0.017253 0.020745 0.027112 0.0293543 0.0240374 0.0161825 0.0188123 0.0210516 0.0253353 0.0284797 0.0245715 0.0261976 0.0161193 0.0141278 0.021641 0.0178235 0.0144414 0.0101808 0.00290592 0 0 0 
0 0 0 4.487e-05 0.000579027 0.00154834 0.00417365 0.00759742 0.00475285 0.00517948 0.0140093 0.022174 0.0211478 0.016441 0.0159155 0.016823 0.0225549 0.0276032 0.0301747 0.0388446 0.0255602 0.0236469 0.0193231 0.0186456 0.0180918 0.0206838 0.0226669 0.020205 0.0176245 0.0207142 0.0341768 0.0197141 0.0176684 0.0242307 0.0191856 0.0238944 0.026939 0.027184 0.0226562 0.0370703 0.035182 0.0249 0.0175414 0.0174069 0.0197142 0.0200655 0.0173808 0.0155365 0.0411104 0.0719613 0.0343431 0.0232808 0.022828 0.022319 0.0266262 0.0231868 0.0224203 0.0227453 0.0213052 0.0128447 0.0152121 0.0151509 0.00879186 0.0070693 0.0103196 0.00732897 0.000303176 0 0 
0 0 0 4.63561e-05 0.000429704 0.00167393 0.00671612 0.0126775 0.0123933 0.0127596 0.0184467 0.0224289 0.0258469 0.0218208 0.0224335 0.0169509 0.0259631 0.0315814 0.0310868 0.0251291 0.0232334 0.0203453 0.0184142 0.0191627 0.0175911 0.0259504 0.0238865 0.021011 0.01938 0.0242397 0.0347807 0.0236212 0.0208766 0.0276663 0.0303888 0.0275979 0.0252119 0.0264107 0.0219238 0.0254758 0.0264973 0.0237343 0.0153182 0.0151412 0.0159149 0.0117754 0.0114314 0.0154713 0.0331397 0.0447215 0.0293503 0.0236333 0.0254638 0.0219321 0.0315292 0.0294207 0.0273025 0.0175884 0.0150801 0.0130823 0.0113189 0.00650463 0.00506578 0.0143037 0.0122205 0.0045295 0.00062132 0 0 
0 0 0 0 0 0.000925281 0.00770811 0.0184195 0.0166799 0.0176358 0.0187535 0.0183507 0.0241898 0.0296715 0.0293708 0.0231709 0.0188755 0.0198895 0.0169457 0.0219784 0.022973 0.0180544 0.0131273 0.0167404 0.017014 0.018634 0.0278755 0.0288847 0.0224381 0.0255498 0.0268451 0.0228169 0.0265588 0.0310376 0.0324008 0.031265 0.0330314 0.0212625 0.018247 0.0219614 0.0241885 0.0285268 0.0189819 0.0203083 0.0171822 0.0220295 0.0155585 0.0136726 0.0168889 0.0245718 0.0319652 0.0376104 0.021141 0.0167574 0.0193718 0.0266344 0.0210826 0.0210515 0.010746 0.00631411 0.00670609 0.00531073 0.0125593 0.0194374 0.00746098 0.00287517 0.00066293 0 0 
0 0 0 2.51274e-06 0.000459464 0.00424218 0.0144045 0.0217645 0.0163107 0.0181234 0.0204146 0.016291 0.0201271 0.0242896 0.0260748 0.0182452 0.0188542 0.0114509 0.0102424 0.0138811 0.0175687 0.0171172 0.018105 0.0137384 0.0142004 0.0187927 0.0369923 0.0252757 0.0214592 0.0258211 0.0311711 0.0278528 0.0234512 0.0260784 0.0222059 0.0283211 0.027299 0.0184285 0.0222254 0.0257011 0.0289727 0.0259256 0.0217958 0.018809 0.0188549 0.0222414 0.0208624 0.0143366 0.0162632 0.0221052 0.0272586 0.037535 0.025631 0.0222441 0.0281917 0.0266853 0.0235317 0.0272143 0.0200459 0.0133657 0.0199402 0.0277175 0.0214485 0.0133804 0.00907057 0.00257383 0.000356705 0 0 
0 0 0.000448821 0.00147838 0.0050149 0.0136879 0.022012 0.0202458 0.0249182 0.0237328 0.0134667 0.0128996 0.0171093 0.0190044 0.0198615 0.0200327 0.0133929 0.0138761 0.00947906 0.0129146 0.0190189 0.0236053 0.0217162 0.0180293 0.0193493 0.0202006 0.0244442 0.0259577 0.023566 0.0226734 0.0200295 0.0299973 0.0274826 0.0254047 0.024324 0.025731 0.0228259 0.0208685 0.0260229 0.0213764 0.0270004 0.0231847 0.0205051 0.0186865 0.0183654 0.0203946 0.018335 0.0137173 0.0145371 0.023934 0.0271042 0.0317084 0.031801 0.0245258 0.0203393 0.0202272 0.0329863 0.0382177 0.0262182 0.0277638 0.0238571 0.0325979 0.0263239 0.0173402 0.00965891 0.00394828 0.000348554 1.20713e-05 0 
0 0.000173675 0.00357667 0.00825369 0.0153589 0.0173268 0.0255559 0.0226292 0.0209569 0.0215753 0.0170805 0.0175915 0.0112266 0.0122708 0.0109543 0.00681498 0.0133769 0.017235 0.0122389 0.0144288 0.0190741 0.0203659 0.0254971 0.0215378 0.0161131 0.013355 0.016472 0.0191584 0.0254761 0.0230096 0.020883 0.0301122 0.0289474 0.0245673 0.0231422 0.0253995 0.0277248 0.0246464 0.0378573 0.022605 0.022819 0.0229596 0.0198432 0.0174631 0.0192944 0.0239898 0.0214636 0.027727 0.0204932 0.0202605 0.0295915 0.0334566 0.0380707 0.0335941 0.0218841 0.0242356 0.0299555 0.0408299 0.0333639 0.0336411 0.0266066 0.0196118 0.0196048 0.0215848 0.0137319 0.0106957 0.00347716 0.00139395 0.000209177 
0 0.00295841 0.0091038 0.0159894 0.0185552 0.0172662 0.0204723 0.0161202 0.0167746 0.0197618 0.0144739 0.0102892 0.00767951 0.00899055 0.00546844 0.00315813 0.00740864 0.0124267 0.013743 0.0201125 0.0197337 0.0182519 0.0240866 0.0230251 0.0141257 0.0124569 0.00985114 0.0150655 0.0206649 0.0213755 0.018119 0.0226358 0.0163653 0.0221785 0.0276743 0.0198559 0.0238687 0.0314449 0.0264331 0.0162888 0.0178465 0.018462 0.0161351 0.0180807 0.021469 0.0192804 0.0189362 0.0261569 0.0213361 0.0231154 0.0313492 0.0296348 0.0344862 0.0438994 0.0335021 0.0244804 0.0322491 0.042173 0.0342103 0.0346079 0.0298155 0.0174013 0.01179 0.0138882 0.0142108 0.0155259 0.00410498 0.000645754 0.000161895 
0 0.00341159 0.0168192 0.0169286 0.0191388 0.0243642 0.0228981 0.0173757 0.0133031 0.0142356 0.0105183 0.00730413 0.00771059 0.00648698 0.00465508 0.00574911 0.00463754 0.00764058 0.0156848 0.0210361 0.0193328 0.014869 0.0207858 0.0191279 0.0149983 0.0104613 0.0102166 0.0139839 0.0193179 0.0188455 0.0160453 0.0174016 0.0130445 0.0199441 0.0379345 0.033541 0.0275614 0.0369095 0.027861 0.0158555 0.01444 0.0194217 0.0192878 0.0187733 0.0234291 0.0203446 0.0242816 0.0255092 0.0268727 0.0287139 0.030741 0.042077 0.0456151 0.0634931 0.0747968 0.0384862 0.0227655 0.0251379 0.0203577 0.0371602 0.0328964 0.0158387 0.00772729 0.00998807 0.0136746 0.0138285 0.00328087 0 0 
4.29499e-05 0.00643267 0.013829 0.0168585 0.0200552 0.0173227 0.0264073 0.0190897 0.0143123 0.0130301 0.0111095 0.0148001 0.0128662 0.00890492 0.00611911 0.00433025 0.00542498 0.00902546 0.00671957 0.0102712 0.0148255 0.014352 0.015552 0.015505 0.0116736 0.00893969 0.00961219 0.0116656 0.0213589 0.0218744 0.0183941 0.0135762 0.0137083 0.0172064 0.0306087 0.0259114 0.0271306 0.0303477 0.0284537 0.0181772 0.0178739 0.0198875 0.0249373 0.0226446 0.0351926 0.0384947 0.0363022 0.0389869 0.0387823 0.0416467 0.0407509 0.0410999 0.0316999 0.0351457 0.0485848 0.042531 0.0254361 0.0207418 0.0195499 0.0260714 0.0197721 0.0123463 0.00612715 0.00735479 0.0123923 0.0123413 0.00790438 0.000314123 1.56708e-05 
9.80829e-06 0.00255736 0.0103496 0.0179772 0.0192603 0.0151145 0.0312714 0.0789177 0.022345 0.0102414 0.0131181 0.0143025 0.0156304 0.0148191 0.0101775 0.0065495 0.0108215 0.0110015 0.0153588 0.0159904 0.0142279 0.0143773 0.013297 0.0159427 0.0153241 0.0088 0.00924308 0.0161672 0.0335166 0.0289858 0.0263041 0.0217142 0.0248831 0.0223489 0.0266444 0.0192784 0.0208809 0.0225314 0.023659 0.0241118 0.028538 0.0238533 0.0269005 0.0419536 0.0391125 0.0376014 0.0395815 0.0401017 0.042131 0.0355086 0.0327587 0.0493302 0.0397347 0.0293375 0.0296568 0.0272572 0.0260388 0.0178579 0.0137144 0.017619 0.0258561 0.0151715 0.012678 0.0184487 0.0156106 0.0134267 0.00849924 0.0027992 0.000223858 
0 0.000881023 0.00796366 0.0131715 0.0213248 0.0204159 0.0257404 0.0775897 0.0303368 0.0119603 0.0151844 0.0123276 0.0182716 0.0140868 0.0162547 0.0130846 0.0145774 0.0201181 0.02543 0.020195 0.0157611 0.0119638 0.0120391 0.01406 0.0119293 0.00736529 0.0116942 0.0196757 0.0316552 0.0257914 0.0233962 0.0215994 0.0157279 0.0236226 0.0248253 0.0232156 0.0236258 0.0257458 0.0237503 0.025465 0.0453105 0.0525047 0.061047 0.046629 0.0273911 0.0418749 0.0326633 0.0304768 0.036257 0.0245854 0.0305047 0.0519003 0.0499718 0.0415602 0.0324286 0.0382561 0.0215718 0.0129652 0.0125275 0.0192645 0.0198932 0.016183 0.0144093 0.0186357 0.0147495 0.0112594 0.00738817 0.00321041 0.00063829 
0 0.00264909 0.00931558 0.0134741 0.0143065 0.0187138 0.0179812 0.0177087 0.0151046 0.0200523 0.0321067 0.0265537 0.0212625 0.0155531 0.0203776 0.025285 0.0216999 0.0286997 0.0244831 0.0178539 0.0133103 0.0082685 0.00646853 0.00609036 0.00520629 0.00907053 0.013829 0.0130977 0.0150299 0.0262606 0.0248142 0.0230083 0.0168684 0.0244056 0.0380754 0.0337948 0.0295058 0.0211262 0.0233839 0.0285123 0.0324808 0.0347306 0.0458769 0.0326475 0.0256876 0.0428507 0.032239 0.0230091 0.0233396 0.0256071 0.0231423 0.025765 0.0271369 0.0241514 0.0200075 0.0239739 0.0139223 0.0151357 0.0245395 0.0192998 0.0141574 0.0151378 0.0154484 0.0180954 0.012466 0.0130637 0.0106581 0.0139568 0.00544412 
0 0.00136793 0.00969137 0.0140424 0.0140997 0.0139257 0.0177964 0.0140766 0.0139784 0.0179705 0.047492 0.0358499 0.022849 0.0176394 0.0202595 0.0257161 0.0236885 0.0261079 0.0244939 0.0165079 0.0132529 0.0140413 0.0105339 0.0106398 0.0116003 0.0124605 0.0169065 0.0184852 0.0200461 0.0232334 0.0211841 0.0257789 0.0249208 0.0458466 0.0586372 0.0570411 0.0302803 0.0184195 0.0206462 0.0308878 0.0363427 0.0501851 0.0398716 0.0365612 0.0337147 0.0361703 0.0280506 0.0256694 0.023029 0.0448868 0.0326761 0.0262076 0.0203648 0.0173621 0.021111 0.0208435 0.0168602 0.0189447 0.0297826 0.0228262 0.0183713 0.0141453 0.0115423 0.0142828 0.0160355 0.0103302 0.0133462 0.0192882 0.00702397 
7.50497e-06 0.00403811 0.00830908 0.0157728 0.0125893 0.0107144 0.0118246 0.0134372 0.0108336 0.0125039 0.0183995 0.0185334 0.0270819 0.0167008 0.0230877 0.0259665 0.0204866 0.0179088 0.0255548 0.022811 0.0122553 0.0173371 0.0133608 0.0183053 0.0137867 0.0150752 0.0186546 0.0167888 0.0151369 0.0211267 0.0266028 0.0257073 0.0297468 0.0370855 0.0487779 0.0400451 0.0211958 0.0232832 0.0242379 0.0269353 0.0363778 0.0440657 0.031346 0.0323033 0.0302009 0.0317679 0.0331066 0.0326819 0.0258382 0.0259623 0.0246794 0.0232235 0.0255393 0.0261728 0.0234113 0.0243051 0.0257469 0.0279815 0.0288874 0.0310337 0.0209912 0.0172558 0.0155647 0.0130296 0.0111986 0.00889454 0.0072844 0.0104556 0.00620412 
0.000143933 0.00207926 0.00671026 0.0146941 0.0125126 0.0156252 0.0159185 0.01124 0.00765528 0.0128828 0.0109542 0.0109169 0.015307 0.0177392 0.0181845 0.0144943 0.0198053 0.0235966 0.0279714 0.025883 0.0181522 0.0148658 0.0210576 0.0224316 0.0184432 0.0141469 0.0202903 0.0211577 0.02295 0.0291894 0.0262396 0.025773 0.0194805 0.0239468 0.038931 0.0344953 0.0307156 0.0265278 0.0302019 0.0312779 0.0300432 0.0385669 0.0284552 0.0300666 0.0307878 0.0294077 0.0310421 0.0364479 0.0341111 0.0220562 0.021221 0.019247 0.021375 0.0165681 0.0181071 0.0281313 0.0244476 0.0247304 0.0257035 0.0289493 0.0246137 0.0183932 0.0147289 0.0196908 0.00968451 0.00671238 0.00532227 0.00839776 0.00421461 
0.000189742 0.00250598 0.00862446 0.0114175 0.0131145 0.0192474 0.0124474 0.0134316 0.0085994 0.00621192 0.00592811 0.00764558 0.0165487 0.0177991 0.0184713 0.0156047 0.0168502 0.0239548 0.0257852 0.0284414 0.0187263 0.0155428 0.0185938 0.0140612 0.0145405 0.0138393 0.023478 0.0207197 0.0255044 0.0308711 0.0262875 0.0203117 0.0238379 0.0376721 0.0378452 0.0416794 0.0321407 0.0292134 0.0282988 0.0410786 0.030891 0.0290319 0.0248353 0.0229704 0.0392258 0.0300908 0.0367816 0.0489711 0.0516539 0.0226454 0.01548 0.020012 0.0252156 0.0228613 0.0267746 0.0253047 0.023156 0.0178855 0.0182504 0.0216198 0.0234311 0.0235084 0.0223034 0.0251902 0.0214867 0.011067 0.00768267 0.00823983 0.00442594 
0.000198952 0.00464965 0.00815715 0.010348 0.0142169 0.0122463 0.0103729 0.012653 0.00864127 0.0118372 0.00838043 0.0129247 0.0206602 0.0246182 0.0208771 0.0195012 0.0163171 0.0245928 0.0250782 0.0250678 0.0198727 0.0194723 0.0163729 0.013103 0.0130892 0.0156222 0.0193071 0.0255569 0.0292013 0.0334622 0.0268503 0.0234344 0.0616271 0.0703351 0.0489703 0.0516812 0.0344481 0.0307162 0.0213804 0.0246618 0.0289591 0.0338227 0.0290779 0.0352472 0.0375638 0.0220355 0.0228004 0.022948 0.0462942 0.0381066 0.0265437 0.0229445 0.024867 0.0291318 0.0304715 0.0367903 0.0265105 0.0205712 0.0212618 0.0286928 0.0217655 0.016643 0.0273005 0.0297825 0.0318631 0.0225348 0.0161065 0.0176831 0.00601396 
9.14928e-05 0.00331647 0.0089238 0.0116853 0.0124496 0.0103034 0.0105959 0.014294 0.00840485 0.00962328 0.0124424 0.0179627 0.0216687 0.0190787 0.0206991 0.0184803 0.0127521 0.0184585 0.0220907 0.0178261 0.0158835 0.0177889 0.0142802 0.0212487 0.0266545 0.0201015 0.0223518 0.0265286 0.0276267 0.0272036 0.0250859 0.0380915 0.0746855 0.0767162 0.0559345 0.0544514 0.0449647 0.0263506 0.0266327 0.0234501 0.0213514 0.0303136 0.0334088 0.0395663 0.0299203 0.0219038 0.0230279 0.0194824 0.0349894 0.0311925 0.0240193 0.0178714 0.0171409 0.0244508 0.0233352 0.0350264 0.0274829 0.0322317 0.0296807 0.0342868 0.022491 0.0151578 0.0162352 0.0264819 0.0328016 0.0309273 0.0226815 0.0162986 0.00361623 
0.00017172 0.0031291 0.0075223 0.00982183 0.0121025 0.0111014 0.0127374 0.0122489 0.0131041 0.0112862 0.0118823 0.0183932 0.0293859 0.0272302 0.0194571 0.0239581 0.0268316 0.0224417 0.024825 0.0149243 0.0168565 0.0175955 0.0165884 0.0169994 0.0220491 0.0254033 0.0210449 0.044991 0.0342805 0.0268695 0.0246247 0.0553558 0.0520091 0.0474981 0.0401274 0.0616017 0.0672001 0.0564051 0.0403155 0.0296334 0.0289476 0.0310575 0.0362 0.0358286 0.0290605 0.0222238 0.0198952 0.0202076 0.0204784 0.0209097 0.0268889 0.019491 0.0222216 0.022614 0.0211953 0.0232879 0.023291 0.0270105 0.0314821 0.0282912 0.0234653 0.019204 0.021733 0.0356152 0.0470604 0.0409094 0.025481 0.00964516 0.00202395 
4.743e-05 0.00580333 0.0159514 0.0129503 0.0101843 0.00895239 0.0113746 0.0114819 0.0148583 0.00889784 0.00953028 0.0156365 0.0224976 0.0218917 0.0241739 0.0293018 0.0450277 0.0321923 0.020423 0.019808 0.0224148 0.0205695 0.0143709 0.0152004 0.021411 0.026021 0.0325511 0.0484843 0.0330968 0.0367473 0.0445746 0.0579738 0.0482769 0.0371439 0.0261143 0.0274847 0.0379068 0.0435342 0.0635893 0.0535139 0.0282922 0.0238869 0.0300484 0.0252379 0.0426121 0.0416164 0.0243357 0.0150654 0.0176523 0.0279148 0.0278167 0.0204479 0.0172159 0.0180119 0.010438 0.00891899 0.0161492 0.0193695 0.0267668 0.0318604 0.0323275 0.0274872 0.0316934 0.0362452 0.0335001 0.0386724 0.0343217 0.0191569 0.00528265 
0 0.006551 0.0311856 0.0320368 0.0187375 0.00861022 0.00853786 0.016963 0.0142909 0.0123942 0.0118078 0.0168482 0.0189956 0.0261729 0.0294168 0.0319133 0.0514718 0.0374352 0.021971 0.0222036 0.0204669 0.0192077 0.0138018 0.0137427 0.0195308 0.0272159 0.0362972 0.0288214 0.0291704 0.0412996 0.0414203 0.0480501 0.0456067 0.0537479 0.0405378 0.0301613 0.0181548 0.0183237 0.028791 0.0532629 0.0446177 0.0291637 0.0244023 0.0259736 0.0380558 0.0482738 0.0242695 0.0180224 0.0288969 0.0354245 0.0219149 0.0125467 0.0179439 0.0213634 0.0135904 0.0126451 0.0188552 0.0221064 0.0177837 0.021267 0.0241684 0.0206732 0.0178668 0.0187364 0.0198843 0.0248817 0.0286701 0.0202039 0.00492217 
0 0.00169797 0.0190703 0.0177135 0.00818972 0.00497051 0.010509 0.0112384 0.0112899 0.0118765 0.0199789 0.0206967 0.0173443 0.0209928 0.0237992 0.0264018 0.0278411 0.0243162 0.0217261 0.0243204 0.018402 0.0165602 0.0138483 0.0139065 0.0107744 0.0140749 0.0237437 0.0244902 0.0329724 0.0338541 0.0325149 0.024687 0.034824 0.0456492 0.0287446 0.0169842 0.018539 0.0182722 0.0137046 0.0247086 0.0428 0.0271608 0.0264308 0.0232004 0.0292946 0.0592601 0.0234344 0.020794 0.0256664 0.0244511 0.00989635 0.00494691 0.0137672 0.0300413 0.0268263 0.0216225 0.0222182 0.0168608 0.0174907 0.0141746 0.0182578 0.0176641 0.0138235 0.0144777 0.0180412 0.0242893 0.0210501 0.00732744 0.00155278 
0 0.000397384 0.0040153 0.0027591 0.000662927 0.00178497 0.00643355 0.00899423 0.0117946 0.0109632 0.0140784 0.0177838 0.024399 0.0241759 0.0197887 0.0186167 0.0217141 0.0229314 0.0249224 0.0189806 0.0212325 0.0168391 0.0148082 0.0129882 0.0084663 0.00840291 0.0116323 0.0150122 0.0192696 0.0249531 0.0262573 0.0287487 0.0258743 0.0272671 0.0177263 0.0137497 0.0165748 0.0168073 0.0166605 0.0214065 0.0428531 0.0441695 0.0229756 0.0197871 0.0302199 0.0386741 0.0175298 0.0137019 0.0253164 0.0233344 0.0154196 0.0137909 0.0182263 0.0243841 0.0293878 0.0278529 0.0177055 0.0175333 0.0129162 0.00964329 0.0163306 0.0135912 0.0147084 0.0199419 0.0178845 0.0175828 0.0118671 0.00413465 0.000581831 
0 0 0 0 0.000231123 0.00321471 0.00563515 0.00820788 0.0186875 0.0215827 0.013718 0.0123679 0.0276391 0.0236517 0.0206284 0.0194132 0.0179427 0.022978 0.0185956 0.0186696 0.0219348 0.0148474 0.0159478 0.0114285 0.0111957 0.0068003 0.00794134 0.0126056 0.0158384 0.0195143 0.0162885 0.0153316 0.0138706 0.0138167 0.0182596 0.0172893 0.0131662 0.0185933 0.0170799 0.0218166 0.0214692 0.0396929 0.0304522 0.0194269 0.0378258 0.0288346 0.0172703 0.0108188 0.0187462 0.0202712 0.0241139 0.0232841 0.0205258 0.0230837 0.0192451 0.0240479 0.024118 0.021652 0.0179487 0.013001 0.0130873 0.00693525 0.016258 0.0150118 0.0122984 0.00445384 0.00570398 0.00277837 0 
0 0 0 0 0.00280717 0.0120656 0.00942337 0.00677663 0.0212616 0.0205895 0.0193112 0.0200244 0.0223264 0.020864 0.0185832 0.0223662 0.0185918 0.0158127 0.014152 0.0128463 0.0195682 0.0168721 0.0249014 0.0160036 0.0117676 0.00605588 0.00472856 0.00460529 0.00889014 0.0140587 0.0299537 0.0208637 0.0118409 0.0100185 0.0116986 0.0135053 0.0124471 0.0133931 0.0174466 0.0210415 0.025365 0.0299951 0.020843 0.0283227 0.0398694 0.0236829 0.012276 0.010622 0.0143657 0.0238688 0.025613 0.0227439 0.023094 0.0225256 0.0246066 0.0291139 0.0257985 0.0238236 0.0172705 0.0219437 0.0203196 0.019908 0.0276401 0.0191537 0.0112696 0.00433514 0.00341694 0.0010039 0 
0 0 0 0.00153716 0.00397493 0.0133407 0.00917415 0.00363347 0.0130468 0.0230094 0.0180271 0.0160745 0.0216092 0.0237896 0.0256987 0.028574 0.0224034 0.0175479 0.0175877 0.022406 0.0210932 0.0196989 0.0191057 0.0183417 0.0133439 0.00692152 0.00326643 0.00206755 0.00146946 0.011326 0.0199285 0.0209476 0.0146801 0.00813773 0.00995618 0.0112696 0.0150567 0.017979 0.0218458 0.0243422 0.038309 0.0519623 0.0184986 0.0319348 0.0300336 0.0182627 0.0112155 0.0142312 0.0153912 0.023036 0.0279909 0.027321 0.0280661 0.0207132 0.025959 0.0267949 0.0288282 0.0275301 0.0189135 0.0225172 0.0225847 0.0310254 0.034923 0.0177034 0.0105702 0.00085311 6.53101e-05 0 0 
0 0 0 0.00191025 0.00243545 0.00295164 0.00186135 0.0028042 0.00999242 0.0195964 0.0210077 0.0164158 0.0194771 0.0204443 0.0255016 0.0211479 0.0230408 0.0258215 0.0208806 0.0258801 0.0252723 0.0233999 0.0140395 0.0136183 0.0118139 0.00676818 0.00348809 0.00201258 0.00170052 0.00364392 0.00775317 0.0143588 0.0179179 0.0119669 0.0115979 0.0120557 0.0126938 0.014104 0.016736 0.0180602 0.0266373 0.0423196 0.0296396 0.0245583 0.0206546 0.0211285 0.0164238 0.016228 0.019918 0.0213544 0.0213578 0.0215808 0.0254924 0.0267229 0.0284377 0.023169 0.0289612 0.0210534 0.0176869 0.0192511 0.0232256 0.0283171 0.0287667 0.011304 0.00469528 0.000183946 0 0 0 
0 0 0 6.45027e-05 0.000103125 0 0.00116015 0.00493172 0.00847072 0.0150705 0.0198661 0.0191654 0.0177733 0.0171145 0.0196858 0.018095 0.0220224 0.0211329 0.0246914 0.0230255 0.0208756 0.0182299 0.00743884 0.00644923 0.0124404 0.0133601 0.0174111 0.00842287 0.00357323 0.00924183 0.00734896 0.00666462 0.0100581 0.0102553 0.0140889 0.0139127 0.011075 0.0128495 0.016734 0.0212645 0.0169652 0.014182 0.0253727 0.0260411 0.0204664 0.0239225 0.0189774 0.0145104 0.0184901 0.0237625 0.0257214 0.0226614 0.0266188 0.0264187 0.0268254 0.0221318 0.0320302 0.0287281 0.0223136 0.0251166 0.0255922 0.0196723 0.0204387 0.0139074 0.00446628 8.61042e-05 0 0 0 
0 0 0 0 0 0 0.000851864 0.00670828 0.0151476 0.019663 0.0232414 0.0147762 0.0173482 0.0205186 0.0217792 0.0240847 0.0189697 0.0173336 0.0229451 0.023526 0.020654 0.015967 0.00583271 0.0054952 0.00773003 0.0140578 0.0212629 0.0103742 0.00872092 0.0212303 0.020097 0.00908038 0.00558511 0.00522912 0.00812426 0.0140122 0.0137493 0.0143544 0.0187901 0.0173357 0.0183847 0.014879 0.0143375 0.0169765 0.0193638 0.05451 0.0556233 0.0258117 0.0153611 0.0172478 0.0189784 0.0166014 0.0225088 0.0182248 0.0204148 0.0281351 0.0341182 0.0250186 0.0253752 0.0255799 0.0203274 0.0186559 0.0142221 0.0114282 0.00392337 0.000897577 0 0 0 
0 0 0 0 0 0 0.000597357 0.0096054 0.0221621 0.0178474 0.0181259 0.0164341 0.020121 0.0146042 0.0155767 0.0208126 0.0147977 0.0177084 0.0168424 0.0139027 0.0118381 0.0118484 0.00371369 0.00576567 0.0101847 0.0132097 0.0142013 0.00651594 0.00745227 0.0208884 0.0306921 0.0212257 0.014893 0.00971018 0.004741 0.00524678 0.00814993 0.0123237 0.0175603 0.0210452 0.0217642 0.0181667 0.0124753 0.0158932 0.0180927 0.0464505 0.0561822 0.0343975 0.0162469 0.0157426 0.0189389 0.0231105 0.0252991 0.0252456 0.028042 0.0308465 0.0326057 0.0298564 0.0288923 0.023613 0.0187673 0.0203657 0.015099 0.0159893 0.00342336 0.000824766 0 0 0 
0 0 0 0 0 0.00020588 0.00159916 0.0135206 0.0232889 0.0159222 0.0172943 0.0260281 0.0377214 0.0284827 0.0117335 0.0120359 0.0175159 0.0200671 0.0183848 0.0169334 0.0085669 0.0067447 0.00604504 0.0055021 0.0159283 0.0215297 0.0089111 0.00771753 0.00674609 0.0156214 0.022684 0.0154626 0.0101621 0.016186 0.0134892 0.00602546 0.00843099 0.0184643 0.0191285 0.0180822 0.014713 0.0133241 0.0128966 0.0160944 0.0192263 0.0195935 0.0274387 0.0233313 0.0199841 0.0146856 0.0219646 0.0301801 0.029301 0.024571 0.0229201 0.0324601 0.0430601 0.036769 0.0274915 0.0245713 0.0146368 0.0137911 0.0155333 0.00975039 0.00146232 0 0 0 0 
0 0 0 0 0 0.000285811 0.00317631 0.00648364 0.0124953 0.0118085 0.0143732 0.0274653 0.0588256 0.0477935 0.0228925 0.0115408 0.0161872 0.0187959 0.017869 0.00551057 0.00654504 0.0135147 0.0112353 0.00963902 0.0113004 0.0101769 0.00733463 0.0079965 0.00629959 0.0143028 0.0200941 0.0177253 0.0111905 0.0164102 0.0199055 0.0133928 0.017442 0.0200631 0.0208098 0.0235717 0.0180292 0.0125757 0.0135722 0.0113658 0.0110211 0.0147565 0.0159156 0.0183261 0.0164836 0.0189997 0.023202 0.0295093 0.0250742 0.0227812 0.0273594 0.0291638 0.031276 0.0291385 0.0274743 0.0158708 0.0180104 0.0257011 0.0199335 0.00498078 0.000567133 0 0 0 0 
0 0 0 0 0 0 8.84728e-05 0.000382587 0.00204891 0.00582629 0.00760442 0.0175623 0.034721 0.038642 0.0191096 0.0145587 0.0149922 0.0270267 0.0285442 0.00724672 0.0177871 0.0267659 0.0191923 0.0154636 0.0165913 0.0100855 0.00644537 0.00454127 0.0044656 0.0119767 0.0138987 0.0131587 0.0153879 0.0128792 0.0190718 0.0257056 0.0201922 0.0242126 0.0330744 0.0268754 0.0190861 0.0104764 0.0135032 0.0133096 0.0154521 0.017932 0.0148198 0.0210182 0.0151122 0.0167494 0.0264488 0.02853 0.0304011 0.0266449 0.0247835 0.0292045 0.0313905 0.0323761 0.0189387 0.0103352 0.0265689 0.0360314 0.020326 0.00640207 2.35768e-05 0 0 0 0 
0 0 0 0 0 0 0 0 0.000312378 0.000757024 0.00302819 0.013483 0.0178791 0.0233183 0.0179507 0.0135745 0.0131259 0.0235423 0.0246493 0.0193625 0.0294046 0.0364328 0.0246352 0.0166883 0.00664567 0.00905271 0.0111413 0.00968223 0.0105067 0.00885546 0.00780055 0.00896939 0.0144225 0.00872486 0.00952623 0.0363339 0.027139 0.0324537 0.0338545 0.0204993 0.0210232 0.0153016 0.0176953 0.0183816 0.0199753 0.022829 0.0219583 0.0214299 0.0222574 0.0190476 0.0310631 0.0341613 0.0290511 0.0208156 0.0193306 0.0261421 0.0365062 0.0234211 0.0146785 0.0144661 0.0290091 0.0254421 0.0111553 0.000976577 0 0 0 0 0 
0 0 0 0 0 0 0 0 0 0 0.00191351 0.00719796 0.0148636 0.0140386 0.0179179 0.0150723 0.0152229 0.015486 0.0186541 0.0222994 0.0255913 0.0214814 0.0196952 0.0160225 0.00873235 0.00797482 0.0114391 0.0101535 0.00982511 0.00371532 0.00535107 0.00562093 0.00428636 0.00480742 0.00904549 0.0278885 0.0317035 0.0206883 0.017267 0.0203314 0.0185643 0.0163355 0.0183052 0.0245674 0.0270215 0.0220256 0.0191011 0.0184797 0.0212297 0.01992 0.0175538 0.0294622 0.0266677 0.0200151 0.0212607 0.0263113 0.0289694 0.0289981 0.0133585 0.0173966 0.0233706 0.0128632 0.0009143 3.74904e-06 0 0 0 0 0 
0 0 0 0 0 0 0 0 0 0.000145802 0.00248547 0.0100958 0.0159439 0.00990579 0.0132321 0.0200089 0.0193208 0.0174396 0.0135662 0.0193779 0.0246181 0.0229315 0.0238631 0.0158556 0.00806841 0.00792214 0.0079526 0.0046954 0.00652806 0.00440226 0.00864169 0.0111772 0.0132076 0.0200773 0.0127798 0.0204098 0.0263071 0.0131498 0.01241 0.017237 0.022853 0.0174585 0.013239 0.0222262 0.0289414 0.0238648 0.025771 0.017985 0.013709 0.0186241 0.0184682 0.0242221 0.0198852 0.0254773 0.0230288 0.0163491 0.0197899 0.0339941 0.0263957 0.0230464 0.0167858 0.00392489 5.24588e-05 0 0 0 0 0 0 
0 0 0 0 0 0 0 0 0 0.00198809 0.0138857 0.0227697 0.0153339 0.00760492 0.0102521 0.0202518 0.0235302 0.0252606 0.025367 0.0300087 0.0238008 0.0220874 0.0196936 0.0101877 0.0152396 0.0107984 0.0084756 0.00339607 0.0063566 0.00932016 0.0161803 0.0141033 0.0175151 0.030869 0.0218171 0.0216797 0.0230556 0.0150911 0.0162197 0.0183486 0.0294313 0.0180881 0.0156584 0.0218602 0.0234046 0.0181652 0.0185304 0.0103077 0.0115872 0.0186332 0.0196694 0.0168575 0.0203 0.0234802 0.0210899 0.0215995 0.0253644 0.0314311 0.0295558 0.0213364 0.00784425 0.000454097 0 0 0 0 0 0 0 
0 0 0 0 0 0 0 0 0 0.000422268 0.00763938 0.0135417 0.00668161 0.00336516 0.0110762 0.0232295 0.0241319 0.0264886 0.028099 0.032254 0.0286746 0.0210465 0.0252652 0.0146649 0.0516732 0.042645 0.00758991 0.00376621 0.00502315 0.00694762 0.0164194 0.023637 0.0236486 0.0246449 0.0253357 0.0308278 0.0289697 0.0273372 0.0258255 0.0202498 0.0192064 0.0196973 0.0170294 0.0184846 0.0168977 0.0156054 0.0143755 0.015543 0.0183698 0.0230214 0.0233542 0.0370512 0.0351791 0.0285404 0.0299794 0.0278622 0.0256299 0.0289075 0.0195559 0.00658333 0.000399454 0 0 0 0 0 0 0 0 
0 0 0 0 0 0 0 0 0 0 0.000594798 0.00161438 0.000476959 0.0023138 0.0123649 0.0255981 0.0258566 0.0297992 0.0277725 0.0276319 0.0244539 0.0197643 0.016169 0.00990038 0.0194773 0.0203255 0.00680154 0.0054073 0.0041726 0.0041487 0.010416 0.0288152 0.0374671 0.0334817 0.0294954 0.028622 0.0312156 0.0227627 0.0175948 0.0170781 0.0149195 0.0174377 0.0151167 0.0231343 0.0280039 0.0251148 0.0217813 0.0218857 0.021482 0.0309048 0.024989 0.0312974 0.0240484 0.0190604 0.0187384 0.0217706 0.0216833 0.0272933 0.01046 0.000750849 0 0 0 0 0 0 0 0 0 
0 0 0 0 0 0 0 0 0 0 0 0 0 0.00190378 0.0121566 0.0196574 0.0261145 0.0257026 0.0242608 0.0224313 0.0205286 0.0191983 0.0162821 0.0103124 0.00345217 0.00552965 0.00753357 0.00388472 0.00693049 0.0172036 0.0190709 0.0143163 0.0255499 0.0250594 0.0245717 0.0291382 0.0274921 0.0230082 0.0144089 0.0188219 0.0165821 0.0161815 0.020623 0.0268529 0.0316696 0.0291527 0.02551 0.0274728 0.0296518 0.0406061 0.0256967 0.0235474 0.0176246 0.0105001 0.0115136 0.0146533 0.0152951 0.010365 0.000721599 0 0 0 0 0 0 0 0 0 0 
0 0 0 0 0 0 0 0 0 0 0 0 0 0.00133309 0.00986923 0.017621 0.0331821 0.0316278 0.0169286 0.015558 0.00951626 0.00947657 0.0090386 0.0060878 0.00438135 0.00463263 0.00739281 0.00409253 0.00682374 0.0154771 0.016186 0.0100572 0.0203623 0.0217567 0.0306953 0.0253484 0.020284 0.0238848 0.0234749 0.0219479 0.0209298 0.0276586 0.0311673 0.0279165 0.0314451 0.0342457 0.025746 0.0287863 0.0299127 0.037396 0.0302188 0.0165949 0.0175254 0.0128808 0.00692374 0.00501923 0.00258721 0.00049669 0 0 0 0 0 0 0 0 0 0 0 
0 0 0 0 0 0 0 0 0 0 0 0 0 1.37352e-05 0.00169684 0.00830579 0.0159163 0.0134505 0.00469114 0.00684458 0.00938943 0.0054731 0.0135112 0.0154153 0.00966755 0.00808206 0.00869982 0.00870273 0.0119257 0.0109163 0.00732228 0.00944128 0.0143507 0.0215132 0.030201 0.0345597 0.0345967 0.0263258 0.0305948 0.0296463 0.0207873 0.0229275 0.0309258 0.0318898 0.0299948 0.0253819 0.0203094 0.0251832 0.0309722 0.0324757 0.0268937 0.0178424 0.0155427 0.00650314 0.00131075 0.000295605 0 0 0 0 0 0 0 0 0 0 0 0 0 
0 0 0 0 0 0 0 0 0 0 0 0 0 0 1.04399e-05 0.000376634 0.00110053 0.000900625 0.000875161 0.00655301 0.0104708 0.0126495 0.0251638 0.0239803 0.0279682 0.024116 0.0175091 0.00848894 0.0114955 0.0195076 0.00970926 0.00638041 0.0064365 0.0104154 0.0286911 0.031157 0.0251186 0.0229089 0.0238294 0.0295026 0.0234979 0.0251482 0.0267156 0.0256563 0.0170882 0.0169507 0.0281399 0.0389792 0.0279099 0.0225067 0.0115066 0.00643332 0.00528737 0.00117355 9.33296e-05 0 0 0 0 0 0 0 0 0 0 0 0 0 0 
0 0 0 0 0 0 0 0 0 0 0 0 0 0 0 0 0 0 0.000302453 0.00630056 0.016115 0.0238152 0.0277568 0.027159 0.0323408 0.0297699 0.0302371 0.026058 0.0103019 0.021358 0.01174 0.00529135 0.00335922 0.00506493 0.0121598 0.0195587 0.0180481 0.0192166 0.0237584 0.0226969 0.0244468 0.0159571 0.014212 0.0202063 0.0224603 0.0259935 0.0300878 0.0213858 0.0114266 0.00429365 0.0013638 0.000313366 6.98466e-06 0 0 0 0 0 0 0 0 0 0 0 0 0 0 0 0 
0 0 0 0 0 0 0 0 0 0 0 0 0 0 0 0 0 0 0 0.00143121 0.00530012 0.0112428 0.0176895 0.0184057 0.0252185 0.0230578 0.0261767 0.0286796 0.0146824 0.0134214 0.00626808 0.00427046 0.00229048 0.00388967 0.00539411 0.00863029 0.0119453 0.0163416 0.0150032 0.0188589 0.017203 0.0183688 0.0131616 0.0232563 0.0395731 0.0203218 0.0155085 0.00336486 0.00120185 0.000246571 0 0 0 0 0 0 0 0 0 0 0 0 0 0 0 0 0 0 0 
0 0 0 0 0 0 0 0 0 0 0 0 0 0 0 0 0 0 0 0 0.000404234 0.00137225 0.0043989 0.0115937 0.0162565 0.0142477 0.0167591 0.0206112 0.0111292 0.00932713 0.00540419 0.00186375 0.0014849 0.00327703 0.00148455 0.00144964 0.00914032 0.0166163 0.0143775 0.0188828 0.0270019 0.0295181 0.0221566 0.0251655 0.0242895 0.0127398 0.00150563 0.000385655 9.50628e-05 0 0 0 0 0 0 0 0 0 0 0 0 0 0 0 0 0 0 0 0 
0 0 0 0 0 0 0 0 0 0 0 0 0 0 0 0 0 0 0 0 0 0 0.000102897 0.000874435 0.00145144 0.00292852 0.0130492 0.011387 0.0028711 0.0057277 0.00165517 0.000510237 1.14446e-05 0.000169228 9.2506e-06 0.000755349 0.00556815 0.0131122 0.0163053 0.0322748 0.0396993 0.0260693 0.0123383 0.0132775 0.00863257 0.0014254 2.45063e-06 0 0 0 0 0 0 0 0 0 0 0 0 0 0 0 0 0 0 0 0 0 0 
0 0 0 0 0 0 0 0 0 0 0 0 0 0 0 0 0 0 0 0 0 0 0 0 0 0 0.00106393 0.000833978 0.000248937 0.000284718 0 0 0 0 0 0.000114293 0.00200839 0.00508805 0.00640998 0.0120103 0.012766 0.00818504 0.000953022 0.000622889 6.36117e-05 0 0 0 0 0 0 0 0 0 0 0 0 0 0 0 0 0 0 0 0 0 0 0 0 

