0 0 0 0 0 0 0 0 0 0 0 0 0 0 0 0 0 0 0 0 0 0 0 0 0 0 0 0 0 4.50758e-05 0.000146544 7.48507e-06 0 0 0 0 0 0 0 0 0 0 0 0 0 0 0 0 0 0 0 0 0 0 0 0 0 0 0 0 0 0 0 0 0 0 0 0 0 
0 0 0 0 0 0 0 0 0 0 0 0 0 0 0 0 0 0 0 0 0 0 0 0 0 5.74449e-05 0.000830432 0.0030751 0.00237072 0.010163 0.00988118 0.00701062 0.00602111 0.0015375 6.47675e-05 0.00201852 0.00230048 0.000278009 0.00126182 0.00248433 0.00489817 0.00517923 0.0023701 0 0 0 0 0 0 0 0 0 0 0 0 0 0 0 0 0 0 0 0 0 0 0 0 0 0 
0 0 0 0 0 0 0 0 0 0 0 0 0 0 0 0 0 0 0 0 0 0 0 0.00020642 0.00179723 0.00795604 0.0183386 0.025686 0.0166511 0.0178502 0.0209639 0.0166622 0.0214554 0.0114979 0.00478283 0.0085848 0.0128655 0.00339105 0.00341773 0.00613989 0.0158168 0.0179957 0.00807009 0.00309105 0 0 0 0 0 0 0 0 0 0 0 0 0 0 0 0 0 0 0 0 0 0 0 0 0 
0 0 0 0 0 0 0 0 0 0 0 0 0 0 0 0 0 0 0 0 0.00018288 0.000682928 0.0017196 0.00769812 0.0118164 0.0191291 0.0255179 0.0411851 0.0252239 0.012703 0.0161805 0.0180442 0.0270148 0.0218749 0.0151413 0.00974296 0.00718319 0.0120195 0.0108506 0.0150587 0.0235938 0.0188585 0.0102727 0.00203666 0.000119337 6.26159e-05 0 0 0 0 0 0 0 0 0 0 0 0 0 0 0 0 0 0 0 0 0 0 0 
0 0 0 0 0 0 0 0 0 0 0 0 0 0 0 0 0 0 0.000376147 0.0010638 0.00206813 0.0075144 0.0143912 0.0166517 0.0158443 0.0142086 0.0171598 0.0194537 0.01618 0.0152809 0.0163316 0.0213892 0.0339124 0.0312805 0.022086 0.0177011 0.0159092 0.0245944 0.021452 0.026291 0.0175787 0.0121592 0.00897181 0.0057893 0.00470472 0.00423093 0.000830756 0 4.37114e-05 0.000591903 0.000438791 9.60818e-05 0 0 0 0 0 0 0 0 0 0 0 0 0 0 0 0 0 
0 0 0 0 0 0 0 0 0 0 0 0 0 0 0 0 3.70235e-05 0.00366085 0.0100841 0.00958919 0.0104696 0.0141808 0.0157136 0.0151295 0.0207878 0.0212436 0.0211887 0.0149667 0.0193467 0.019816 0.0154081 0.0149445 0.0173383 0.0165362 0.0197404 0.019485 0.0161583 0.0210173 0.0174025 0.0179817 0.0115566 0.0104688 0.00822533 0.0111732 0.0115813 0.00739443 0.000765076 0 0.00142698 0.00284194 0.00305855 0.00175021 0.000946852 2.32647e-05 0 0 0 0 0 0 0 0 0 0 0 0 0 0 0 
0 0 0 0 0 0 0 0 0 0 0 0 0 0 0 0.000610674 0.00658055 0.01281 0.0135104 0.0136187 0.0181161 0.0147785 0.0116542 0.0124093 0.0230563 0.0321601 0.0255033 0.0203878 0.0165482 0.0211152 0.0161376 0.0121726 0.0148781 0.0125622 0.0167447 0.0103451 0.0146017 0.0209538 0.0200995 0.0219393 0.019481 0.0176774 0.0128087 0.0122441 0.00991804 0.00924127 0.00136179 0.000122268 0.00151782 0.00323917 0.0094175 0.00699371 0.00613366 0.00309504 0.00103945 0 0 0 0 0 0 0 0 0 0 0 0 0 0 
0 0 0 0 0 0 0 0 0 0 0 0 0 1.71314e-05 0.000367292 0.00488246 0.0210351 0.0197843 0.0202 0.0171664 0.0196219 0.0111002 0.00952594 0.00962 0.0137014 0.0236113 0.0251464 0.0221351 0.0203659 0.0229193 0.0217356 0.021941 0.0178382 0.0116723 0.013714 0.0136903 0.0145895 0.014524 0.0152309 0.0194286 0.0309945 0.0310633 0.0246173 0.0161116 0.0100186 0.00520331 0.00292004 0.00348127 0.00754114 0.0157793 0.0190854 0.0107577 0.0113558 0.00757152 0.00503241 0.000873007 1.74912e-05 0 0 0 0 0 0 0 0 0 0 0 0 
0 0 0 0 0 0 0 0 0 0 0 0 6.26646e-05 0.00137491 0.00252377 0.0112731 0.0169171 0.0238232 0.0181176 0.0145146 0.0160969 0.0163627 0.0167631 0.0169498 0.0141899 0.0186631 0.0319049 0.0321587 0.0278132 0.0248684 0.0250617 0.0205454 0.020046 0.0123022 0.0180965 0.0186219 0.0222729 0.0245301 0.0153123 0.0195421 0.0275819 0.0286626 0.0246533 0.0160318 0.0106604 0.010151 0.0109386 0.0107261 0.018262 0.0332889 0.0210977 0.0119892 0.0112599 0.0136364 0.0135162 0.00659548 0.00220781 7.95138e-05 0 0 0 0 0 0 0 0 0 0 0 
0 0 0 0 0 0 0 0 0 0 0 0 0.000505204 0.00713035 0.0121773 0.0165018 0.0197584 0.0232114 0.0134185 0.0141316 0.0173312 0.0210058 0.0218011 0.017913 0.014465 0.0188732 0.0282322 0.0304452 0.0323503 0.0313386 0.0234039 0.0208738 0.0168594 0.0144965 0.0179183 0.0227572 0.0249839 0.0260633 0.0160984 0.0114237 0.0214977 0.0216072 0.0167387 0.0246826 0.0233942 0.0264245 0.0169412 0.0169032 0.0210289 0.040699 0.0202431 0.0181476 0.011995 0.017045 0.0157679 0.0120399 0.00636331 0.00429453 0.000295968 0 0 0 0 0 0 0 0 0 0 
0 0 0 0 0 0 0 0 0 0 0 0 0.00117045 0.0121237 0.0244519 0.0178437 0.0159398 0.0120039 0.0107383 0.0130401 0.0127957 0.0197199 0.0159488 0.0146957 0.0120883 0.0182647 0.028068 0.0312125 0.0380817 0.043062 0.036718 0.0243554 0.0176238 0.0143975 0.0172058 0.022917 0.0248202 0.019585 0.0122732 0.0139579 0.0125285 0.0141991 0.0146309 0.0232504 0.0573208 0.0586649 0.0235815 0.0189092 0.0177907 0.0217733 0.0142582 0.0141366 0.0141314 0.0138707 0.0175021 0.017514 0.0172281 0.0181097 0.00589804 0.000648563 0 0 0 0 0 0 0 0 0 
0 0 0 0 0 0 0 0 0 0.000174613 0.00242403 0.00159753 0.000222936 0.00425229 0.0114656 0.00975278 0.0036846 0.00313237 0.00796547 0.0172828 0.014459 0.0155647 0.0112797 0.0158736 0.0155797 0.0183573 0.0305893 0.0279544 0.0358003 0.0345028 0.0325435 0.0285407 0.0178575 0.0176964 0.0203165 0.0172074 0.019198 0.0183825 0.0126449 0.0151151 0.0215585 0.020091 0.0201371 0.0206911 0.03867 0.0329369 0.0184821 0.0151908 0.0197743 0.0233159 0.018173 0.0136441 0.0133095 0.0172022 0.0180978 0.0149484 0.0198247 0.019179 0.0169293 0.00322934 0 0 0 0 0 0 0 0 0 
0 0 0 0 0 0 0 0 0 0.000986029 0.00464565 0.00694491 0.00475108 0.00401141 0.00604096 0.00470822 0.00425481 0.00320096 0.00424531 0.019687 0.020621 0.0163299 0.0142854 0.0161161 0.0209923 0.0206142 0.0233273 0.0236361 0.0258172 0.029693 0.0258003 0.0247979 0.0236379 0.0194626 0.0131246 0.0197294 0.0204593 0.0182211 0.0142963 0.0219169 0.0184119 0.0215307 0.0218352 0.0205698 0.0191845 0.0146465 0.0158151 0.0119536 0.0198884 0.0273858 0.04055 0.02335 0.0160188 0.021509 0.0170398 0.0131291 0.0161098 0.0190848 0.0178172 0.00614801 0.000113369 0 0 0 0 0 0 0 0 
0 0 0 0 0 0 0 0 0.00120837 0.0042813 0.00958692 0.0102494 0.00884636 0.00823637 0.0167996 0.0125825 0.0118559 0.00644321 0.00312158 0.0113618 0.0213159 0.0178207 0.0115393 0.0109455 0.0179903 0.0231201 0.0191211 0.021007 0.0276333 0.0298794 0.0254531 0.0236853 0.0219344 0.0158435 0.0155849 0.0231124 0.0173182 0.024379 0.0177771 0.0210134 0.0192986 0.0184333 0.0140308 0.0168363 0.0151988 0.0160193 0.0159985 0.014336 0.0158202 0.0274709 0.0582523 0.0353691 0.0143362 0.0200753 0.01728 0.0157098 0.0194324 0.0182593 0.0164074 0.00426766 0.000190773 0 0 0 0 0 0 0 0 
0 0 0 0 0 0 0 0.000167719 0.00539909 0.0102696 0.0119711 0.0134188 0.0135752 0.0108358 0.0128515 0.013777 0.0109488 0.0068216 0.00838336 0.0124931 0.0196355 0.0174972 0.0111377 0.011336 0.0120621 0.0107083 0.0129462 0.0180094 0.0255533 0.0254296 0.0196884 0.0205112 0.0260757 0.0196531 0.0175243 0.0174153 0.0160682 0.0197449 0.0162336 0.0259502 0.0242163 0.0188636 0.0132941 0.0127607 0.014114 0.0131576 0.0158939 0.0196004 0.0197249 0.0273519 0.028007 0.0157351 0.017758 0.0221099 0.0163823 0.0138965 0.0135705 0.0156884 0.0121239 0.00476632 0.000445207 0 0 0 0 0 0 0 0 
0 0 0 0 0 0 0 0.000845817 0.0038515 0.00823633 0.00690863 0.00906871 0.0112072 0.018639 0.0224755 0.0183176 0.0161349 0.0153083 0.0110007 0.0104706 0.0149998 0.0131985 0.0125009 0.00879531 0.00877067 0.0116466 0.0151326 0.0278226 0.0416154 0.0320827 0.02648 0.0232127 0.0243533 0.0220836 0.0137602 0.0183163 0.0218119 0.0201147 0.0164513 0.0220474 0.0238148 0.025162 0.0190239 0.0171293 0.0227657 0.0126824 0.022987 0.0219145 0.0219696 0.016489 0.015462 0.0164604 0.0203101 0.0199954 0.0213629 0.0170965 0.0143115 0.0109869 0.0064502 0.00259443 0.00198175 0.0040974 0.00405972 0.000165829 0 0 0 0 0 
0 0 0 0 0 0 0 0.000945769 0.00528824 0.00514516 0.00662599 0.00765738 0.0128704 0.0167773 0.0156565 0.0169779 0.0154536 0.0161657 0.0133373 0.00940316 0.0129757 0.0118653 0.0137281 0.0120537 0.014687 0.0117643 0.0146702 0.0304221 0.0427362 0.0275233 0.0270153 0.0241429 0.0231657 0.0149562 0.0132556 0.0199225 0.020656 0.0212626 0.0208803 0.0200469 0.0274459 0.025451 0.0217206 0.0138938 0.0146549 0.0249586 0.0227212 0.0178814 0.0200478 0.0206025 0.0176769 0.0164945 0.0219207 0.0218052 0.0180335 0.0176583 0.0153358 0.0136555 0.00656554 0.00685751 0.0102156 0.0206634 0.0157367 0.0044083 0.000276385 0 0 0 0 
0 0 0 0 0 0 0.00136541 0.00811535 0.0120182 0.0118113 0.00960398 0.0121644 0.0118865 0.010468 0.0153629 0.0219443 0.0144173 0.0135138 0.0133168 0.0126192 0.0109906 0.00975831 0.0116278 0.00834874 0.009343 0.0113963 0.0174333 0.0329575 0.0338981 0.0246015 0.0204796 0.0221841 0.0183 0.0158536 0.0144311 0.0168239 0.0164409 0.0152157 0.0192285 0.0149538 0.0179256 0.0236659 0.0222132 0.0182363 0.0177033 0.0204365 0.0193752 0.0200429 0.0218611 0.0174934 0.0161955 0.0175378 0.0159515 0.022872 0.016914 0.0142517 0.0123614 0.00926727 0.0111016 0.0206653 0.0259453 0.0334181 0.0296228 0.0142678 0.00144912 0 0 0 0 
0 0 0 0 0 0.000137185 0.00626142 0.0167569 0.0149636 0.0106425 0.0090702 0.013688 0.0183295 0.0140002 0.0129405 0.0193171 0.015503 0.019386 0.0161596 0.0207203 0.0138389 0.0143777 0.0146314 0.00749233 0.013817 0.0163965 0.0185033 0.0300873 0.0295105 0.0246873 0.016264 0.0195713 0.0176535 0.0198921 0.018871 0.0178628 0.0207999 0.0176185 0.0148525 0.0101051 0.0176759 0.0224508 0.0239324 0.0222266 0.0202861 0.0204464 0.0220302 0.0173565 0.018376 0.0183027 0.0203486 0.0241258 0.0205222 0.0269632 0.0182544 0.0159303 0.0153808 0.0108044 0.0142136 0.0199818 0.0275753 0.0208627 0.0193533 0.0109019 0.00196315 9.52556e-06 0 0 0 
0 0 0 0 0.00122249 0.0020429 0.00899785 0.014627 0.0123519 0.0124118 0.0153782 0.0122258 0.0176222 0.0194066 0.0136959 0.0217742 0.0162126 0.0171472 0.0220702 0.0246761 0.0160461 0.011282 0.0140522 0.0150134 0.0193359 0.0253561 0.0265385 0.0296476 0.0288247 0.0197642 0.016182 0.0211502 0.0230065 0.0219003 0.0227011 0.0215825 0.0216637 0.0206621 0.015361 0.0116548 0.0168751 0.0226305 0.023177 0.0179359 0.0158554 0.021958 0.0271438 0.0178392 0.0180898 0.0212627 0.0212447 0.0279247 0.0224228 0.0218185 0.0189968 0.0137693 0.0137823 0.016014 0.0162612 0.0184379 0.0183494 0.0169337 0.0175489 0.0108177 0.00364125 0.000166202 0 0 0 
0 0 0 0.0001356 0.00103145 0.00204606 0.0106002 0.0137184 0.0138417 0.0204644 0.019949 0.0132938 0.0157222 0.0121548 0.0147188 0.0187785 0.0186436 0.0205251 0.0245065 0.0307537 0.02467 0.0182191 0.0189572 0.0245565 0.0247268 0.0340953 0.0289154 0.0247169 0.0284595 0.0242121 0.0213195 0.0237254 0.0178645 0.02048 0.0193781 0.0186863 0.0272618 0.0292186 0.021562 0.0200817 0.0198112 0.0222106 0.0210783 0.0225778 0.020118 0.0176774 0.018762 0.0242265 0.0278989 0.026771 0.0270089 0.0246018 0.0166509 0.0157897 0.0209108 0.019826 0.0163398 0.0201271 0.0178287 0.015677 0.0162306 0.0186533 0.0172475 0.0183308 0.00919312 0.000790998 0 0 0 
0 0 0 0.000468191 0.00294611 0.00220331 0.015236 0.0205661 0.0221825 0.0187552 0.0155217 0.0152552 0.0144729 0.0140358 0.0143897 0.0155308 0.0164398 0.020324 0.0282382 0.0441212 0.0270844 0.0227144 0.0213081 0.0252839 0.0264484 0.0262247 0.0180631 0.0255887 0.0296884 0.0211128 0.0320035 0.0195239 0.0154747 0.0209674 0.0209685 0.0218661 0.0281877 0.0324791 0.0255787 0.0206384 0.0225539 0.0177035 0.0192611 0.019882 0.0145894 0.0144021 0.0176308 0.0267466 0.0303898 0.0247374 0.0189786 0.0186881 0.0175521 0.0131511 0.0193595 0.0177209 0.0126457 0.0150029 0.0171269 0.0166221 0.0202651 0.0307162 0.0337277 0.0282207 0.0240279 0.00798968 0.00171959 0 0 
0 0 0.00014725 0.00855997 0.0126991 0.00765885 0.0160704 0.0198943 0.0229852 0.019469 0.0135861 0.0154257 0.0117549 0.0147435 0.0141805 0.0212874 0.0202407 0.0232699 0.0293072 0.0245434 0.016355 0.0253969 0.0287824 0.0337097 0.0308236 0.0378929 0.0254877 0.03169 0.0341139 0.0250607 0.0225831 0.0174067 0.0186283 0.0216783 0.0214736 0.0264329 0.0239363 0.0177981 0.01906 0.0173064 0.0208908 0.0155487 0.0202099 0.0209103 0.0162967 0.018436 0.0179425 0.0235241 0.0265515 0.0216128 0.0164612 0.0195602 0.0217551 0.0155135 0.0218199 0.0178808 0.0152606 0.0147703 0.0174489 0.0166492 0.0223499 0.0280601 0.0253493 0.0199174 0.0244402 0.0186194 0.00775787 5.95957e-05 0 
0 0 2.74e-05 0.00459654 0.0101874 0.00783937 0.0119021 0.0166408 0.0208106 0.0202082 0.0148623 0.0169592 0.012719 0.0168982 0.0195466 0.0262102 0.0231878 0.0304226 0.0273847 0.0193191 0.0162782 0.0248514 0.0383978 0.0386393 0.0377801 0.025533 0.0243197 0.0330965 0.028339 0.0235989 0.0236747 0.0148353 0.0159011 0.0258679 0.0313619 0.0314061 0.0349351 0.022058 0.0196819 0.0197838 0.0213803 0.0218942 0.0158054 0.0220836 0.0264777 0.0236778 0.0163046 0.0210673 0.0228745 0.0184085 0.0168491 0.0248304 0.0206336 0.019219 0.023232 0.0225633 0.0146212 0.0205078 0.01808 0.021205 0.0215318 0.0238258 0.0271511 0.0158326 0.023073 0.0241405 0.0146527 0.00265563 0 
0 0 2.36043e-05 0.00169921 0.00532574 0.0118085 0.0120414 0.013538 0.0142125 0.0147801 0.015615 0.0167604 0.0122187 0.0163806 0.0199254 0.0188019 0.0205976 0.0327963 0.0274832 0.0240544 0.0204232 0.0289778 0.0296869 0.0294368 0.0385525 0.0282693 0.0260504 0.0247669 0.0655716 0.0779858 0.0308169 0.0196399 0.0182672 0.0215656 0.0238366 0.0207341 0.0244655 0.0227777 0.0239708 0.0217567 0.0219077 0.0219286 0.0218897 0.0259808 0.0422288 0.0316048 0.0197163 0.0216539 0.027903 0.021753 0.0197304 0.0230531 0.0179711 0.0208595 0.020867 0.0247552 0.0224169 0.0241889 0.0240957 0.0212472 0.0214288 0.0221579 0.0190854 0.0175252 0.0190285 0.0222331 0.0161527 0.00428711 0 
0 1.3763e-06 0.000404925 0.00626108 0.0111431 0.0141273 0.0102397 0.00724185 0.0140795 0.0157404 0.0191557 0.0164373 0.0188557 0.0183134 0.0214341 0.0282667 0.0280763 0.0247411 0.0213103 0.025203 0.0203131 0.0311585 0.0353955 0.0327884 0.0424501 0.0293856 0.027321 0.0331195 0.0838629 0.126878 0.0428115 0.0215577 0.0258514 0.0222576 0.0186631 0.0210749 0.0243606 0.0209737 0.0242565 0.0265987 0.0265644 0.0331772 0.0340387 0.02994 0.0288054 0.0237573 0.0180762 0.0197918 0.030846 0.0275226 0.0198107 0.0183157 0.0241073 0.0248509 0.0200952 0.0250244 0.0325066 0.0306806 0.0260597 0.0246275 0.0223717 0.0171703 0.0187971 0.0128257 0.0174883 0.0201888 0.0130026 0.00460044 0 
0 1.962e-05 0.00302201 0.0160476 0.016531 0.0116799 0.00871962 0.00638557 0.0162119 0.0224588 0.0234924 0.0224558 0.0242472 0.020989 0.0229533 0.0318714 0.0313597 0.0276578 0.0284934 0.0260951 0.0254829 0.025429 0.0289451 0.0386655 0.0407069 0.0351236 0.0284526 0.036972 0.0489153 0.0516723 0.0313285 0.0196094 0.0191635 0.0236503 0.0241588 0.0305088 0.0369053 0.0362801 0.0304354 0.0294965 0.0394498 0.0724164 0.0510648 0.0287818 0.0209288 0.02226 0.0196899 0.0183127 0.0238379 0.0267471 0.0263209 0.023082 0.0285885 0.0238881 0.023969 0.0228293 0.0233782 0.0270313 0.0249153 0.023584 0.0210028 0.0226592 0.0234196 0.0168494 0.0161376 0.0202533 0.0178478 0.00779114 0.000419475 
0 0.00090944 0.00554375 0.0174161 0.0195789 0.0152261 0.00824315 0.00754151 0.0149735 0.0224286 0.0262681 0.0226254 0.022952 0.0190187 0.0188781 0.0243383 0.0241365 0.0227862 0.0343705 0.0285697 0.0274402 0.0219989 0.023723 0.0303339 0.0296005 0.04088 0.0333385 0.033678 0.034157 0.0345259 0.026962 0.0249864 0.0243148 0.0349638 0.0366361 0.0324968 0.032524 0.0330322 0.0278904 0.0372281 0.033512 0.029896 0.0389508 0.0302879 0.0227405 0.0204303 0.0212814 0.0186255 0.0236019 0.0232034 0.0212271 0.0259589 0.0270496 0.0306661 0.0323439 0.0251545 0.0224701 0.0305363 0.0279922 0.0269141 0.0246335 0.0214489 0.0239396 0.0151102 0.0178825 0.0246708 0.0265503 0.0210529 0.00489673 
0 0.00176784 0.00796258 0.0119438 0.0137694 0.0170545 0.0144475 0.0125831 0.0113548 0.0185121 0.0256344 0.0292873 0.0283365 0.0211595 0.0192788 0.0180641 0.0198531 0.0235611 0.0284825 0.0289274 0.0279348 0.0300633 0.0242849 0.0353922 0.0328523 0.0315748 0.032438 0.0257029 0.0220089 0.0175741 0.0281572 0.0331884 0.0286031 0.0344793 0.0365804 0.0283784 0.0308187 0.0303264 0.0315811 0.0413406 0.0427554 0.0312768 0.0245761 0.024578 0.0247823 0.0196435 0.023536 0.0207157 0.0227109 0.020486 0.0175216 0.0233819 0.0221649 0.0269983 0.0249287 0.0240617 0.0281467 0.0258405 0.0245418 0.0344121 0.027947 0.0221006 0.0238872 0.0211097 0.0169747 0.026705 0.0272953 0.0241498 0.0050262 
0 0.00357098 0.00940615 0.00909625 0.0138872 0.0164983 0.0259085 0.0173418 0.0121935 0.0141732 0.0223032 0.0274932 0.030411 0.0249872 0.0259345 0.0293659 0.0335766 0.0310817 0.0286825 0.0212876 0.0267107 0.0276951 0.0277699 0.0367065 0.0293896 0.0278293 0.0326856 0.0304242 0.0232782 0.0225457 0.0288001 0.0265848 0.0281329 0.0248492 0.0215003 0.0217838 0.0201452 0.0347461 0.0467918 0.0527709 0.0456102 0.0270537 0.0219429 0.0190062 0.0269988 0.0244122 0.0200264 0.0287931 0.0279302 0.0198003 0.0223862 0.0221717 0.0233617 0.0223292 0.0218996 0.0243918 0.0203145 0.0244943 0.0298545 0.0312004 0.036166 0.0327062 0.0339744 0.0362216 0.0227627 0.0150428 0.0184514 0.0181539 0.00569559 
7.86724e-06 0.00389074 0.0099397 0.0144246 0.0128745 0.0150575 0.0196546 0.0231935 0.0184396 0.0156196 0.015442 0.0260505 0.0309319 0.0249415 0.0302282 0.0229089 0.0282302 0.0264142 0.0268881 0.0193742 0.0257861 0.0185955 0.0260656 0.0374463 0.0343163 0.0313074 0.0271091 0.029457 0.0285398 0.0287816 0.0314317 0.0312444 0.0296765 0.0257707 0.0279967 0.0322967 0.0328389 0.037627 0.0446481 0.0305773 0.0358256 0.0372443 0.0335005 0.0219869 0.0277489 0.0253534 0.0215212 0.0279452 0.0254655 0.0201127 0.0226859 0.0205664 0.0307875 0.0220932 0.0258952 0.0249062 0.0231123 0.0215878 0.0290392 0.0300865 0.0346931 0.0301921 0.0391825 0.0350018 0.0243823 0.0133408 0.0219951 0.0174929 0.00712485 
5.71582e-05 0.00394736 0.0111549 0.0108903 0.00935932 0.0167725 0.016774 0.0199471 0.0200701 0.020824 0.021708 0.0174734 0.0131639 0.0175657 0.0272743 0.0251735 0.0264564 0.0222067 0.0246166 0.0194589 0.0237007 0.0240068 0.0328289 0.0319624 0.0309036 0.0248707 0.0257334 0.0299394 0.0275048 0.0331481 0.0313585 0.0278893 0.0254321 0.0274366 0.0303327 0.0321201 0.0316992 0.0356501 0.0319689 0.027998 0.0279098 0.0344997 0.037483 0.0253 0.0252915 0.0246073 0.0276056 0.0203776 0.0191284 0.0178675 0.0204392 0.023957 0.0202985 0.0166504 0.0231947 0.0258222 0.0260781 0.0267432 0.0213153 0.0236183 0.026696 0.0270655 0.024997 0.0341468 0.0253209 0.0183463 0.0224691 0.0205278 0.00830676 
0.000349741 0.0022559 0.0118588 0.0159719 0.0163866 0.0148882 0.00944878 0.0119857 0.0165679 0.0133538 0.0145055 0.0165699 0.0142286 0.00919056 0.0128223 0.0183252 0.0240178 0.0220219 0.0177224 0.0172837 0.0307595 0.0237818 0.0230098 0.0240981 0.0284405 0.0244149 0.0293802 0.0310362 0.0244364 0.0276873 0.0280041 0.0252369 0.030267 0.0275301 0.0315205 0.0229901 0.0197017 0.0178383 0.0165622 0.015897 0.0204989 0.0313561 0.0453799 0.0229361 0.0236543 0.0273126 0.0267145 0.0200126 0.0158089 0.0167419 0.0200452 0.0201967 0.014867 0.0129645 0.0212243 0.0268652 0.0206446 0.0199844 0.0229922 0.0272716 0.0194455 0.0181381 0.0244876 0.022492 0.0218744 0.0195255 0.0217832 0.0174563 0.00512802 
0.000388652 0.00254184 0.0118582 0.0146146 0.015258 0.0121333 0.00595694 0.0108877 0.012335 0.00483203 0.0117886 0.016401 0.0108818 0.00823633 0.0169426 0.0191961 0.0196572 0.023015 0.0194053 0.0220032 0.0261461 0.0273973 0.0301177 0.0296424 0.0268717 0.0259261 0.0381164 0.0363006 0.0217704 0.020214 0.0287906 0.0304076 0.0316451 0.0281617 0.0227111 0.0217744 0.0145311 0.0160463 0.018612 0.0198123 0.0188357 0.03161 0.0359802 0.0208437 0.0230286 0.0326418 0.0220102 0.0151284 0.014344 0.0191165 0.0164263 0.0192433 0.0163837 0.0156213 0.0278943 0.0218488 0.0146162 0.0192423 0.0227817 0.025421 0.020101 0.0239258 0.019594 0.0222101 0.0195359 0.021278 0.0181469 0.00581473 0.000551122 
0 0.00407951 0.0131928 0.0171608 0.0125137 0.0110897 0.00857828 0.0106961 0.009752 0.00631181 0.00835311 0.0134152 0.0127006 0.00895281 0.0149019 0.0219007 0.0244972 0.0332943 0.0363935 0.0298124 0.0308898 0.032036 0.0317511 0.0308791 0.0296034 0.0316778 0.0370737 0.0340254 0.0217083 0.0228032 0.0289176 0.0286534 0.0309369 0.0332636 0.0254722 0.0248958 0.0179744 0.0171354 0.0230838 0.0253926 0.0263635 0.0330504 0.0364802 0.0314432 0.040082 0.0395387 0.0222931 0.0241353 0.01768 0.0168746 0.0182258 0.0263074 0.028633 0.0214755 0.0193534 0.0129019 0.0144563 0.0184257 0.0238703 0.0252054 0.0202149 0.0188412 0.0227096 0.0245851 0.0157904 0.0175315 0.0134456 0.00221544 0 
8.38978e-05 0.00408458 0.0140429 0.0131116 0.0126809 0.0107826 0.0112802 0.0117431 0.00736571 0.00752924 0.00783456 0.0154248 0.0132865 0.0115916 0.0163926 0.0257923 0.0317004 0.0345617 0.028306 0.0299092 0.033286 0.0380337 0.0322061 0.0185552 0.0138427 0.0175113 0.0204968 0.0245739 0.0250315 0.0242529 0.0306234 0.0264643 0.0252841 0.027313 0.0245649 0.0250673 0.0192174 0.01851 0.016929 0.0168524 0.0199581 0.0246963 0.037456 0.0344627 0.0433792 0.0295591 0.0246853 0.0278481 0.021459 0.0207446 0.0273232 0.0218918 0.0292667 0.0200659 0.0129615 0.0117434 0.0109202 0.0173655 0.0236392 0.0269246 0.0167254 0.0130493 0.0209818 0.0200932 0.0142348 0.0113992 0.0091144 0.00268833 0 
2.43053e-05 0.00440862 0.0135539 0.00815976 0.0100426 0.0140401 0.0220016 0.0199258 0.00769886 0.0118019 0.00830963 0.0104239 0.0118459 0.01613 0.0128705 0.0255997 0.0311729 0.0419294 0.045525 0.0464628 0.0418061 0.0358583 0.0299229 0.0158117 0.0167984 0.0179878 0.0161697 0.0275463 0.0310527 0.0284386 0.0301255 0.0199263 0.0164302 0.018988 0.0161043 0.0264338 0.0255845 0.0224758 0.0208458 0.0211847 0.0176129 0.014888 0.0183588 0.0180353 0.0205377 0.0162163 0.0230306 0.0271021 0.0275329 0.0324067 0.0203559 0.0124301 0.0193715 0.0170648 0.00977977 0.0121216 0.0181725 0.022213 0.0248351 0.024207 0.0144498 0.0119108 0.016622 0.0220879 0.0194828 0.0131731 0.00963284 0.00349438 0.000909917 
0 0.00237218 0.00861979 0.00638645 0.0101416 0.0148962 0.0248989 0.0193398 0.00832299 0.0061215 0.00798247 0.0116899 0.0143316 0.0139089 0.0175053 0.0343114 0.031719 0.035016 0.0408016 0.0364693 0.035998 0.0228156 0.0176114 0.0174551 0.0162408 0.0161618 0.0156727 0.0268725 0.0273628 0.0286725 0.0231695 0.0163783 0.0148419 0.0198731 0.0201079 0.0249876 0.0318444 0.0223972 0.0263702 0.024546 0.0200398 0.0135812 0.0168303 0.0205579 0.0196046 0.0175818 0.0248926 0.0255046 0.0240827 0.0243254 0.0189977 0.0161345 0.0145057 0.0119144 0.0071282 0.0143088 0.016801 0.0162513 0.0172731 0.0145607 0.0160718 0.0110108 0.0149843 0.0156425 0.0158056 0.0151864 0.00890084 0.00565679 0.00287893 
0 0.00382935 0.00761751 0.00656871 0.00961795 0.0143727 0.0150519 0.00523665 0.00414938 0.00355093 0.013936 0.0194339 0.0204674 0.0194423 0.0195176 0.0348977 0.037657 0.0318901 0.0348952 0.0240128 0.0214492 0.0203996 0.0184227 0.0183177 0.0246397 0.0234554 0.0233129 0.0303137 0.0261947 0.0283278 0.0299724 0.0339588 0.0205344 0.0210314 0.0326417 0.033019 0.0337614 0.0190313 0.0217103 0.026139 0.0120602 0.00708229 0.0138145 0.0212134 0.0155061 0.0214811 0.0270142 0.0208969 0.0244615 0.0220684 0.0206799 0.0198267 0.0186592 0.0116316 0.00529698 0.0102152 0.0118906 0.0157263 0.00980875 0.0107047 0.0119851 0.00733008 0.00593121 0.0113095 0.0117819 0.00871535 0.010746 0.00837345 0.00279024 
0 0.00141773 0.00351156 0.00534102 0.00773356 0.00807969 0.0036328 0.00471166 0.00472614 0.00914297 0.0168266 0.0194909 0.0227986 0.0183299 0.0232163 0.0346943 0.0350113 0.0266575 0.0234932 0.0200026 0.0177645 0.0257571 0.0197692 0.0240681 0.0383599 0.0335693 0.0316016 0.0363237 0.025939 0.0340397 0.0354048 0.0310371 0.0225197 0.0242113 0.0302592 0.02793 0.0320716 0.0210807 0.0139103 0.015136 0.0124901 0.0117565 0.0194435 0.0232611 0.0187438 0.0258431 0.0378072 0.0177635 0.0135925 0.0224619 0.0170706 0.0127073 0.00799157 0.00797846 0.00899591 0.0097117 0.0154874 0.0181168 0.0102083 0.0055214 0.00632526 0.00716274 0.00778196 0.0128429 0.014543 0.00912806 0.0109218 0.0108227 0.000974001 
0 3.81805e-05 0.00297239 0.00814076 0.0130131 0.00986101 0.00437434 0.00926464 0.0131253 0.0248198 0.0165726 0.0157972 0.019396 0.0154767 0.0206931 0.0213229 0.0219016 0.0207099 0.0198998 0.0183823 0.0220565 0.0237457 0.0251473 0.0283182 0.0285773 0.0264429 0.0273354 0.0280963 0.0208062 0.0225021 0.022054 0.0193927 0.0219172 0.0278078 0.0286162 0.0232939 0.0254995 0.01958 0.015325 0.0143056 0.0105275 0.0131752 0.0241724 0.0234763 0.0255193 0.0259842 0.0323799 0.0210386 0.015047 0.0209384 0.0122489 0.00848082 0.00586043 0.00922304 0.0101485 0.00907385 0.0107925 0.0156597 0.0106672 0.00784054 0.00814992 0.00757842 0.00784912 0.017309 0.0200857 0.009747 0.0134379 0.0143762 0.00129722 
0 0.00165927 0.00603635 0.00769995 0.0110162 0.00641907 0.00500394 0.0125943 0.0181399 0.0222538 0.0215082 0.0178198 0.020703 0.020782 0.0247565 0.0208094 0.0265838 0.0324596 0.0254203 0.0192731 0.0193279 0.0194451 0.0156014 0.021303 0.022379 0.0177605 0.0259504 0.0250845 0.0193741 0.0164239 0.0234734 0.0217731 0.0208645 0.0229813 0.0262641 0.024778 0.0232417 0.0227205 0.0167682 0.0162447 0.0154081 0.0136193 0.0194986 0.0304605 0.0295777 0.023974 0.0206024 0.0234436 0.0176529 0.0153771 0.0199907 0.0170887 0.0108669 0.015484 0.0184834 0.0194654 0.0144458 0.0127263 0.0111446 0.0124172 0.0231517 0.0124088 0.00892746 0.0131763 0.0139596 0.0161651 0.0185775 0.00887868 0.00227018 
0 0.0012605 0.00637201 0.01111 0.0150956 0.00738209 0.00566855 0.0193019 0.023446 0.0286349 0.0300189 0.0283413 0.019221 0.0248471 0.0202925 0.0182486 0.024529 0.0407371 0.0364137 0.0202939 0.0212145 0.0199453 0.0165865 0.0178872 0.0239416 0.026201 0.0250742 0.0261528 0.025804 0.0335547 0.047201 0.0340461 0.0216514 0.0173453 0.0243019 0.0287099 0.0231629 0.0325057 0.0270657 0.0177491 0.0190008 0.0176621 0.0187863 0.0209611 0.0240806 0.0233654 0.0208304 0.0235236 0.0157622 0.017549 0.0246443 0.0233925 0.0222651 0.0224781 0.0322437 0.033415 0.0199303 0.0180354 0.0165604 0.00994523 0.0213231 0.0184588 0.0182714 0.0184369 0.0192425 0.0148858 0.0120509 0.00648592 0.00128301 
0 0.00068341 0.00494195 0.00693842 0.0113604 0.00484529 0.0064393 0.0256903 0.0330401 0.0345996 0.025534 0.0265249 0.0217112 0.0233183 0.0195141 0.0185151 0.0240512 0.0348885 0.0312832 0.026968 0.0270088 0.0242059 0.0229742 0.0198547 0.023733 0.0253454 0.0248379 0.0191035 0.0237063 0.0349124 0.0386309 0.0283036 0.0195041 0.0215054 0.0199982 0.0309101 0.0248279 0.028856 0.0211428 0.0146245 0.0157377 0.0220347 0.0212319 0.0227799 0.0188184 0.0213168 0.0185229 0.0208602 0.0142791 0.0167369 0.0247986 0.0195391 0.0252576 0.0273076 0.037768 0.034149 0.0225307 0.0263258 0.0225485 0.0197684 0.0140213 0.0152245 0.0138841 0.0191749 0.0179761 0.0154163 0.0152165 0.00641637 0.000747674 
0 0 0.000184505 0.000420927 0.000138569 0.000234571 0.00394621 0.0214857 0.0335037 0.0260409 0.0241553 0.0266702 0.0259481 0.0219389 0.0231454 0.0229306 0.0258871 0.0286352 0.0252102 0.0246776 0.0240556 0.027035 0.0202449 0.0166831 0.022993 0.0259181 0.0206474 0.0221258 0.0247814 0.0216516 0.0262472 0.0240729 0.0238386 0.0315947 0.0196717 0.0224221 0.0230107 0.0229553 0.0166827 0.0191953 0.0172356 0.0212442 0.0200059 0.0206736 0.0192262 0.0165795 0.0169835 0.0196437 0.0152112 0.0162588 0.0204831 0.0208058 0.0261963 0.0337501 0.0273419 0.0329864 0.0289056 0.0311366 0.0209834 0.0168002 0.0176906 0.0180596 0.0177038 0.0185087 0.017567 0.0160539 0.014129 0.00557653 0.000133105 
0 0 0 0 0 0.000109674 0.00176187 0.0108323 0.0239952 0.0252392 0.024459 0.0200867 0.0268053 0.0232142 0.0218656 0.0236737 0.0297425 0.0278354 0.0224484 0.0249258 0.0204044 0.0213875 0.0198097 0.0174632 0.0213764 0.0208791 0.0150884 0.0152847 0.0174554 0.0167919 0.0215732 0.0237881 0.0245246 0.0270471 0.0183011 0.0175235 0.0213913 0.0184389 0.0184751 0.0171674 0.0191891 0.0192553 0.0131261 0.0160593 0.0179683 0.0179674 0.0201874 0.0184788 0.017336 0.0212423 0.02402 0.0276515 0.0275587 0.0259532 0.0301107 0.0297662 0.0294996 0.0243078 0.0180996 0.0181535 0.0220892 0.0153149 0.0146636 0.0180204 0.0211995 0.0180897 0.0104983 0.00267305 0 
0 0 0 0 0 0.00028577 0.00197343 0.011132 0.0199814 0.0294455 0.0262439 0.0232203 0.0234804 0.0165931 0.0202181 0.0254474 0.0277291 0.0241004 0.0167585 0.0179309 0.0195892 0.0192547 0.0166748 0.00927682 0.0128894 0.00956688 0.0119806 0.0125128 0.013181 0.0173616 0.0161082 0.0238747 0.0309711 0.0257521 0.0159138 0.0191612 0.023942 0.0183454 0.0136038 0.0132622 0.020534 0.0185535 0.0180795 0.0196423 0.0174635 0.0219004 0.0204435 0.0195779 0.0238215 0.0245869 0.0325805 0.0369096 0.0315696 0.0242233 0.0203078 0.0244434 0.0180149 0.0206396 0.0204752 0.0221066 0.0206279 0.0145245 0.0101389 0.014197 0.0198284 0.0174052 0.00885676 0.000769781 0 
0 0 0 0 0 0.000976035 0.00692501 0.0175072 0.0227902 0.024224 0.0197125 0.0220076 0.0245759 0.0219816 0.0241199 0.0298905 0.032471 0.0207095 0.018894 0.0201286 0.0288515 0.036114 0.0175813 0.00955183 0.00963317 0.00684651 0.00771783 0.00873447 0.0134617 0.0139578 0.0213966 0.0283811 0.0325373 0.0324022 0.0237061 0.0195713 0.0182889 0.0127135 0.00971296 0.0109014 0.0141228 0.017452 0.0294301 0.0211241 0.0156559 0.0218949 0.0280992 0.0249882 0.027455 0.0306157 0.0307639 0.0377174 0.0290705 0.0196555 0.0169582 0.0147549 0.0125351 0.0148391 0.0243858 0.0182161 0.0184199 0.0112108 0.00395678 0.007691 0.00877636 0.0079433 0.0021164 4.84016e-05 0 
0 0 0 0 0.000672794 0.0088517 0.0160849 0.0217592 0.0223273 0.0182 0.0168728 0.018893 0.0188858 0.0210528 0.0227933 0.0264905 0.0236476 0.0262024 0.0215377 0.0254293 0.033724 0.0404133 0.0165332 0.0174267 0.0120402 0.0112561 0.00907165 0.010293 0.0108462 0.0129806 0.0169871 0.0279081 0.0357749 0.026847 0.0173067 0.01416 0.0127492 0.0126892 0.00945739 0.0100981 0.0143186 0.0115826 0.0228681 0.0254694 0.0133368 0.0120702 0.0168865 0.0252424 0.0212285 0.0224234 0.0247641 0.0202923 0.0193241 0.0184747 0.0160081 0.0142983 0.0194878 0.0213371 0.0260939 0.0286619 0.0254802 0.00886801 0.00100116 0.00467248 0.00485304 0.00220281 0.000628981 0 0 
0 0 0 0 0.00352816 0.017266 0.0236202 0.0215122 0.0199194 0.0199008 0.0342629 0.0321932 0.0189954 0.0187821 0.0205223 0.0241191 0.0268084 0.0257891 0.0280369 0.0317873 0.0270908 0.0281941 0.0191725 0.017115 0.0189167 0.0153935 0.0165646 0.0134766 0.0120975 0.00867068 0.00954819 0.0136366 0.0173834 0.0154467 0.0124409 0.00880723 0.00917884 0.0113281 0.0101367 0.0115545 0.0109338 0.0122293 0.0122988 0.0181361 0.0108622 0.00828178 0.00731651 0.0100318 0.0139169 0.0141754 0.0174442 0.0168085 0.0196776 0.021507 0.0190323 0.0206793 0.020674 0.0187033 0.0201264 0.0282714 0.0278104 0.0082447 0.00231549 0.00439534 0.00630128 0.000415455 0 0 0 
0 0 0 0 0.0018979 0.0133999 0.0193877 0.0248055 0.0246195 0.0209666 0.0493788 0.0331804 0.0150004 0.0122426 0.0168553 0.0228472 0.0278769 0.0212137 0.0225034 0.0216284 0.0180924 0.0142889 0.0141486 0.0305797 0.0221045 0.0157173 0.0145352 0.0137349 0.0128596 0.0143924 0.010852 0.00942354 0.0123542 0.0104985 0.0111123 0.00891002 0.00920952 0.00954033 0.0092486 0.00870439 0.00882665 0.010277 0.00905386 0.00664641 0.00813987 0.00559567 0.00244565 0.00463308 0.00547694 0.0117278 0.0157809 0.0188272 0.0219915 0.0298894 0.023814 0.0170826 0.0121101 0.0196015 0.0242322 0.0243183 0.0133522 0.00467111 0.00647988 0.00353195 0.00221451 0.000168935 0 0 0 
0 0 0 0 0.00018585 0.00629218 0.0166648 0.0309127 0.0283886 0.0204151 0.0271893 0.0304601 0.022181 0.0112807 0.0101031 0.016471 0.018872 0.0232483 0.0186049 0.0235052 0.0228589 0.0124183 0.0167421 0.0236928 0.0157443 0.0111005 0.0119283 0.0133831 0.0121236 0.0117512 0.0132038 0.0146126 0.0109995 0.00632009 0.00791245 0.0110118 0.0134927 0.00594956 0.00677371 0.01003 0.00709282 0.00774294 0.00803485 0.00640157 0.00244107 0.00528836 0.0066742 0.00849221 0.0153196 0.0163684 0.0214637 0.0204031 0.0221268 0.0354974 0.028219 0.017182 0.0166823 0.0253536 0.0207251 0.0166263 0.00978771 0.0125827 0.00753955 0.00509745 0.00204907 5.10422e-05 0 0 0 
0 0 0 0 0 0.000965349 0.0126186 0.0255262 0.024933 0.0212659 0.0268894 0.0278813 0.0256018 0.0181366 0.00785974 0.00842171 0.0141177 0.0180874 0.022288 0.028297 0.0239122 0.0155049 0.0177972 0.0165089 0.0171654 0.0138396 0.0138851 0.0114987 0.0282368 0.0151881 0.00988263 0.0156988 0.00573003 0.0037478 0.00912599 0.0124084 0.00639418 0.00366465 0.0156875 0.0185098 0.0145369 0.0165789 0.020749 0.0169413 0.00948538 0.00677339 0.00881522 0.0130556 0.0172475 0.0208683 0.0218316 0.0188619 0.0211752 0.0236327 0.0261978 0.0222205 0.0207327 0.021737 0.0186553 0.0185846 0.016377 0.0126311 0.00726431 0.0042059 0.000687238 0 0 0 0 
0 0 0 0 0 0.000133448 0.00144362 0.00593783 0.0143658 0.0251173 0.024634 0.0240693 0.0283113 0.0206625 0.0107452 0.0112627 0.025461 0.0279312 0.0233097 0.0294674 0.0200114 0.0178982 0.0189586 0.0185268 0.016597 0.0126335 0.0110034 0.0147495 0.0278162 0.0191222 0.0113848 0.0148196 0.00971434 0.0114675 0.0112021 0.00908639 0.00223833 0.00750817 0.0228083 0.0253989 0.0150419 0.0154634 0.016938 0.0199996 0.0171736 0.0120932 0.0120704 0.0157218 0.0259455 0.0308797 0.0298116 0.0284535 0.0258962 0.0235946 0.0289668 0.0260002 0.0269022 0.017216 0.0209491 0.0241913 0.0188507 0.0146613 0.00544494 0.00081141 0 0 0 0 0 
0 0 0 0 0 0 0 0.00142407 0.0121764 0.0279991 0.0329609 0.0338165 0.0209139 0.0115152 0.00903979 0.0153903 0.0270917 0.03394 0.0224217 0.0233476 0.0167605 0.0278382 0.0384205 0.0291005 0.016275 0.0149784 0.0116285 0.0169249 0.0123646 0.0115782 0.0111742 0.012095 0.00948854 0.00963331 0.00880497 0.00591206 0.00182657 0.0113109 0.0199394 0.0210957 0.0150768 0.019341 0.0160329 0.0178219 0.0213248 0.0133978 0.0146799 0.0214956 0.0339925 0.0362025 0.0319583 0.0214843 0.0168076 0.0210275 0.0298499 0.030153 0.0225034 0.018085 0.0177845 0.0271372 0.025021 0.0205169 0.00457797 4.30758e-05 0 0 0 0 0 
0 0 0 0 0 0 0 0.000647877 0.00705425 0.0233863 0.0316593 0.0258418 0.0219679 0.0174839 0.013715 0.0152079 0.0209417 0.0156237 0.0168959 0.0156368 0.0201504 0.0217399 0.0338331 0.0326317 0.0175225 0.0137169 0.0184287 0.0131074 0.0102796 0.00828814 0.00867846 0.00761103 0.0187273 0.0214845 0.0160555 0.00627512 0.00410839 0.0157395 0.0226403 0.027096 0.0235 0.0245551 0.0176448 0.0186286 0.0205351 0.0157712 0.0175032 0.0187732 0.0291206 0.033024 0.0231827 0.0206113 0.0182408 0.0225608 0.0408303 0.0284512 0.0260532 0.014452 0.0143258 0.0204386 0.0199194 0.0123493 0.00307848 0 0 0 0 0 0 
0 0 0 0 0 0 0 0 0.00037884 0.00318937 0.0143419 0.0201209 0.0228967 0.0255888 0.0191477 0.0137246 0.0164285 0.0163606 0.0208931 0.0188431 0.0159648 0.0165165 0.0194152 0.0134796 0.010931 0.0154887 0.015212 0.0124637 0.0111728 0.00783127 0.00819011 0.00920848 0.0225643 0.0252939 0.0161659 0.00324262 0.00296665 0.0145359 0.0335487 0.0441672 0.0303717 0.0218342 0.0206258 0.0195712 0.0165161 0.0128028 0.0153671 0.0187308 0.0177997 0.0232089 0.0209129 0.0223984 0.0237944 0.0246862 0.0295013 0.0274472 0.0181763 0.0099895 0.0146234 0.0185369 0.0141295 0.00137498 2.055e-05 0 0 0 0 0 0 
0 0 0 0 0 0 0 0 0 0.00101192 0.0072428 0.0191746 0.0263405 0.0240375 0.0179833 0.012939 0.00816408 0.0169146 0.0186871 0.0178005 0.013393 0.0112964 0.0108975 0.0125802 0.0116907 0.0159964 0.0155529 0.0129222 0.0115041 0.00893626 0.00795085 0.0135821 0.0178257 0.0180761 0.0116053 0.00213766 0.00057288 0.00933169 0.0214898 0.0341874 0.0342194 0.0224489 0.0196012 0.0167466 0.0108327 0.0170012 0.0204193 0.0238859 0.026096 0.0271058 0.0264052 0.0206067 0.0164426 0.0185553 0.0129432 0.00857666 0.00623055 0.0091955 0.00886006 0.0137486 0.00798619 6.04528e-05 0 0 0 0 0 0 0 
0 0 0 0 0 0 0 0 0 3.08499e-05 0.00345865 0.0142214 0.0148175 0.00938694 0.017085 0.0203505 0.0149054 0.0200037 0.0205748 0.0177052 0.0149954 0.00731559 0.00775673 0.0117243 0.00896554 0.0121877 0.016498 0.015328 0.00845729 0.0102838 0.0100708 0.015113 0.020463 0.0180039 0.00972264 0.00655017 0.00236229 0.00112892 0.00598636 0.00993293 0.016808 0.0175629 0.0155472 0.0141951 0.0145035 0.0122049 0.010041 0.0168675 0.0272694 0.0333231 0.03015 0.0172016 0.0136076 0.0120267 0.0085027 0.00412901 0.00577567 0.0130321 0.00939714 0.00394996 0.00132573 0 0 0 0 0 0 0 0 
0 0 0 0 0 0 0 0 0 0 0.000575044 0.00355408 0.00263913 0.00418202 0.0164965 0.0306774 0.0301926 0.0250916 0.0218856 0.0212538 0.00792294 0.0060257 0.00779778 0.00784404 0.00466549 0.00847347 0.00982014 0.0121778 0.013621 0.0138805 0.00927135 0.0197956 0.0167613 0.0103763 0.0176675 0.0250814 0.0117017 0.00177111 7.09981e-05 0.000734779 0.00405503 0.0139805 0.0165497 0.0130178 0.0197983 0.0111263 0.0085243 0.015407 0.025117 0.0306056 0.0303492 0.0186844 0.0146715 0.0132215 0.0157134 0.0151199 0.0119017 0.0161158 0.0046769 0.000144126 0 0 0 0 0 0 0 0 0 
0 0 0 0 0 0 0 0 0 0 0 0 7.12218e-05 0.00340197 0.0133258 0.0260041 0.0305208 0.0246105 0.0188011 0.013417 0.020004 0.0313597 0.0204096 0.019226 0.00834962 0.00786743 0.0132326 0.0107671 0.00911094 0.0118908 0.0114825 0.0143211 0.0134014 0.0139492 0.0432407 0.0535301 0.0257208 0.00453349 1.86378e-05 0.000635729 0.00286236 0.0218363 0.0264412 0.0188224 0.015512 0.00808612 0.0130891 0.0180967 0.0252349 0.0358825 0.0356201 0.026671 0.0202381 0.0199237 0.0229819 0.0177865 0.0125813 0.0044469 9.72967e-05 0 0 0 0 0 0 0 0 0 0 
0 0 0 0 0 0 0 0 0 0 0 0 0 0.00067702 0.00550121 0.0132471 0.0222248 0.024515 0.0211772 0.0171316 0.0502126 0.0643084 0.0297667 0.0208806 0.0155054 0.00831224 0.0154299 0.00847045 0.0032794 0.00585023 0.0116902 0.011505 0.0111356 0.0172102 0.0224947 0.0383863 0.027721 0.00964838 0.000633323 0.00300801 0.00773351 0.0235738 0.0447598 0.0466129 0.0247313 0.00997633 0.0130542 0.0219927 0.0322283 0.0452066 0.0354329 0.0263259 0.0285928 0.0192879 0.0166239 0.00976948 0.00261846 5.47578e-05 0 0 0 0 0 0 0 0 0 0 0 
0 0 0 0 0 0 0 0 0 0 0 0 0 0 0.000132538 0.00362666 0.0111481 0.0192367 0.0220758 0.0217805 0.0363953 0.0524238 0.0237836 0.0192218 0.00996397 0.00467824 0.010857 0.00634378 0.00402047 0.00475649 0.00937403 0.00993324 0.0108289 0.0146581 0.0167712 0.0129469 0.0211523 0.0114567 0.00055135 0.00507842 0.0121381 0.0166341 0.029504 0.0369797 0.0284027 0.0146785 0.0147582 0.0193736 0.0243991 0.0356075 0.0249838 0.0190374 0.02076 0.0152143 0.00852063 0.0017313 0 0 0 0 0 0 0 0 0 0 0 0 0 
0 0 0 0 0 0 0 0 0 0 0 0 0 0 0 0.000248998 0.00177928 0.0102178 0.0161981 0.00933779 0.00930627 0.023345 0.0312805 0.0214716 0.00737318 0.000698551 0.00520214 0.00941727 0.0102968 0.0131527 0.0117369 0.0139665 0.0166902 0.0165941 0.011741 0.0075057 0.00819495 0.00439074 0.000935501 0.0102965 0.0237363 0.0221838 0.0188278 0.0317034 0.0236538 0.0187497 0.0181575 0.0182189 0.0263114 0.0250031 0.018854 0.0102579 0.00549207 0.00270975 0.00035602 5.39929e-06 0 0 0 0 0 0 0 0 0 0 0 0 0 
0 0 0 0 0 0 0 0 0 0 0 0 0 0 0 0 0.000105918 0.0012786 0.00485447 0.00334747 0.003838 0.019679 0.0208744 0.00938757 0.000690141 0.00108907 0.00901957 0.0207745 0.0184739 0.0151166 0.0140288 0.0121873 0.0144959 0.00739846 0.00312596 0.00382295 0.00143532 6.90161e-05 0.00346945 0.0159271 0.0219269 0.0192119 0.0186519 0.0270485 0.023701 0.027669 0.0223856 0.0217394 0.0271173 0.0137916 0.00466545 0.00142287 0.000222653 0 0 0 0 0 0 0 0 0 0 0 0 0 0 0 0 
0 0 0 0 0 0 0 0 0 0 0 0 0 0 0 0 0 0 2.86831e-05 0.00117851 0.00439757 0.0125238 0.00676014 0.00107675 0 0.0034471 0.0131118 0.0304538 0.0241177 0.0124164 0.0112837 0.0106991 0.00961554 0.00117626 0.000288301 0.000936606 0.00074576 0.000410443 0.00285801 0.0143966 0.0161607 0.0130587 0.00872245 0.0177659 0.0189597 0.0155521 0.0145064 0.00997394 0.0114362 0.00262304 6.76686e-05 1.84849e-06 0 0 0 0 0 0 0 0 0 0 0 0 0 0 0 0 0 
0 0 0 0 0 0 0 0 0 0 0 0 0 0 0 0 0 0 0 0 0.000126284 0.000566428 8.38746e-05 0 0 0.00289937 0.00829894 0.017071 0.0115672 0.0118204 0.0110762 0.00599005 0.00355186 0.000154508 0 4.07921e-05 0.000331798 0.00100175 0.00226481 0.00608847 0.00668712 0.00721233 0.00844542 0.00934986 0.0136815 0.00869674 0.00252938 0.000249137 0.00036455 5.70369e-05 0 0 0 0 0 0 0 0 0 0 0 0 0 0 0 0 0 0 0 
0 0 0 0 0 0 0 0 0 0 0 0 0 0 0 0 0 0 0 0 0 0 0 0 0 0.00196358 0.00461183 0.00637771 0.00458537 0.00449547 0.00538491 0.00170427 0.000342014 0 0 0 0 0.000146267 0.000115134 0.00106825 0.0015337 0.00286768 0.00592016 0.00241769 0.00198759 0.000910514 0.000133917 0 0 0 0 0 0 0 0 0 0 0 0 0 0 0 0 0 0 0 0 0 0 
0 0 0 0 0 0 0 0 0 0 0 0 0 0 0 0 0 0 0 0 0 0 0 0 0 5.817e-05 0.000230763 0.000526011 0.000120544 5.32567e-05 7.12255e-05 1.8232e-06 0 0 0 0 0 0 0 0 0 0.00041051 0.000484028 2.4951e-06 0 0 0 0 0 0 0 0 0 0 0 0 0 0 0 0 0 0 0 0 0 0 0 0 0 

