0 0 0 0 0 0 0 0 0 0 0 0 0 0 0 0 0 0 0 0 0 0 0 0 0 0 0 0 0 0 0 0 0 0 0 0 0 0 0 0 0 0 0 0 0 0 0 0 0 0 0 0 0 0 0 0 0 0 0 0 0 0 0 0 0 0 0 0 0 
0 0 0 0 0 0 0 0 0 0 0 0 0 0 0 0 0 0 0 0 0 0 0 0 0 0 0 0 0 0 0 0 0 0 0 0 0 0 0 0 0 0 0 0 0 0 0 0 0 0 0 0 0 0 0 0 0 0 0 0 0 0 0 0 0 0 0 0 0 
0 0 0 0 0 0 0 0 0 0 0 0 0 0 0 0 0 0 0 0 0 0 0 0 0 0 0 0 0 0 0 0 0 0 0 0 0 0 0 0 0 0 0 0 0 0 0 0 0 0 0 0 0 0 0 0 0 0 0 0 0 0 0 0 0 0 0 0 0 
0 0 0 0 0 0 0 0 0 0 0 0 0 0 0 0 0 0 0 0 0 0 0 0 0 0 0 0 0 0 0 0 0 0 0 0 0 0 0 0 0 0 0 0 0 0 0 0 0 0 0 0 0 0 0 0 0 0 0 0 0 0 0 0 0 0 0 0 0 
0 0 0 0 0 0 0 0 0 0 0 0 0 0 0 0 0 0 0 0 0 0 0 0 0 0 0 0 0 0 0 0 0 0 0 0 0 0 0 0 0 0 0 0 0 0 0 0 0 0 0 0 0 0 0 0 0 0 0 0 0 0 0 0 0 0 0 0 0 
0 0 0 0 0 0 0 0 0 0 0 0 0 0 0 0 0 0 0 0 0 0 0 0 0 0 0 0 0 0 0 0 0 0 0 0 0 0 0 0 0 0 0 0 0 0 0 0 0 0 0 0 0 0 0 0 0 0 0 0 0 0 0 0 0 0 0 0 0 
0 0 0 0 0 0 0 0 0 0 0 0 0 0 0 0 0 0 0 0 0 0 0 0 0 0 0 0 0 0 0 0 0 0 0 0 0 0 0 0 0 0 0 0 0 0 0 0 0 0 0 0 0 0 0 0 0 0 0 0 0 0 0 0 0 0 0 0 0 
0 0 0 0 0 0 0 0 0 0 0 0 0 0 0 0 0 0 0 0 0 0 0 0 0 0 0 0 0 0 0 0 0 0 0 0 0 0 0 0 0 0 0 0 0 0 0 0 0 0 0 0 0 0 0 0 0 0 0 0 0 0 0 0 0 0 0 0 0 
0 0 0 0 0 0 0 0 0 0 0 0 0 0 0 0 0 0 0 0 0 0 0 0 0 0 0 0 0 0 0 0 0 0 0 0 0 0 0 0 0 0 0 0 0 0 0 0 0 0 0 0 0 0 0 0 0 0 0 0 0 0 0 0 0 0 0 0 0 
0 0 0 0 0 0 0 0 0 0 0 0 0 0 0 0 0 0 0 0 0 0 0 0 0 0 0 0 0 0 0 0 0 0 0 0 0 0 0 0 0 0 0 0 0 0 0 0 0 0 0 0 0 0 0 0 0 0 0 0 0 0 0 0 0 0 0 0 0 
0 0 0 0 0 0 0 0 0 0 0 0 0 0 0 0 0 0 0 0 0 0 0 0 0 0 0 0 0 0 0 0 0 0 0 0 0 0 0 0 0 0 0 0 0 0 0 0 0 0 0 0 0 0 0 0 0 0 0 0 0 0 0 0 0 0 0 0 0 
0 0 0 0 0 0 0 0 0 0 0 0 0 0 0 0 0 0 0 0 0 0 0 0 0 0 0 0 0 0 0 0 0 0 0 0 0 0 0 0 0 0 0 0 0 0 0 0 0 0 0 0 0 0 0 0 0 0 0 0 0 0 0 0 0 0 0 0 0 
0 0 0 0 0 0 0 0 0 0 0 0 0 0 0 0 0 0 0 0 0 0 0 0 0 0 0 0 0 0 0 0 0 0 0 0 0 0 0 0 0 0 0 0 0 0 0 0 0 0 0 0 0 0 0 0 0 0 0 0 0 0 0 0 0 0 0 0 0 
0 0 0 0 0 0 0 0 0 0 0 0 0 0 0 0 0 0 0 0 0 0 0 0 0 0 0 0 0 0 0 0 0 0 6.36918e-05 5.27818e-05 0 0 0 0 0 0 0 0 0 0 0 0 0 0 0 0 0 0 0 0 0 0 0 0 0 0 0 0 0 0 0 0 0 
0 0 0 0 0 0 0 0 0 0 0 0 0 0 0 0 0 0 0 0 0 0 0 0 0 0 0 0 2.01767e-05 0.000100842 0.000167038 0.000379144 5.87729e-05 0.000917526 0.000911837 0.000555318 0.00132573 0.000443137 1.45782e-05 0.000385844 0 0 0 0 0 0 0 0 0 0 0 0 0 0 0 0 0 0 0 0 0 0 0 0 0 0 0 0 0 
0 0 0 0 0 0 0 0 0 0 0 0 0 0 0 0 0 0 0 0 0 0 0 0 0 0 1.36849e-05 0.000519407 0.000577023 0.000696916 0.000319014 0.000394773 0.000440041 0.00155508 0.00146191 0.00083752 0.00151194 0.000161146 0.000756468 0.000724746 0 0.000168808 0.000223497 0 0 0 0 0 0 0 0 0 0 0 0 0 0 0 0 0 0 0 0 0 0 0 0 0 0 
0 0 0 0 0 0 0 0 0 0 0 0 0 0 0 0 0 0 0 0 0 0 0 0 0.000135455 0.000725555 0.00134347 0.000954954 0.000647226 0.00113755 0.000585109 0.000916448 0.000603162 0.00120297 0.000493605 0.000581166 0.000927029 0.000264123 0.00122691 0.00159285 0.000990607 0.000413777 0.00047617 0.000879674 0.000152742 2.93792e-05 0 0 0 0 0 0 0 0 0 0 0 0 0 0 0 0 0 0 0 0 0 0 0 
0 0 0 0 0 0 0 0 0 0 0 0 0 0 0 0 0 0 0 0 0 0 0 4.63099e-05 0.00061814 0.000498241 0.000722757 0.000457794 0.000259395 0.000522408 0.000296659 0.000577591 0.00159246 0.00168872 0.000518666 0.000534918 0.000510064 0.000930006 0.000194816 0.00153396 0.00036325 0.00141844 0.00101133 0.00113485 0.00115793 0.000354444 0 0 0 0 0 0 0 0 0 0 0 0 0 0 0 0 0 0 0 0 0 0 0 
0 0 0 0 0 0 0 0 0 0 0 0 0 0 0 0 0 0 0 0 0 0 0 0.000170391 0.00187784 0.000444124 0.000589671 0.000784077 0.000995175 0.0016724 0.00107197 0.00133191 0.00233493 0.000532568 0.000195384 0.000387644 0.000414887 0.000685087 0.000230682 0.000160312 0.00101194 0.000891144 0.000892021 0.000210577 0.0007673 0.000599187 0.000634644 7.36121e-05 0 0 0 0 0 0 0 0 0 0 0 0 0 0 0 0 0 0 0 0 0 
0 0 0 0 0 0 0 0 0 0 0 0 0 0 0 0 0 0 0 0 3.09163e-05 0.000440258 0.000416601 0.0004319 0.00197489 0.000760218 0.000490275 0.00140055 0.000900353 0.000881082 0.000672508 0.000181484 0.000380145 0.000184053 9.08712e-05 5.15726e-06 0.00104766 0.000743501 0.000546917 0.000461665 0.000571999 0.000418595 0.00116063 0.0015382 0.0014867 0.00151611 0.000198339 0.000225834 0.000288346 3.28066e-05 4.0916e-07 0 0 0 0 0 0 0 0 0 0 0 0 0 0 0 0 0 0 
0 0 0 0 0 0 0 0 0 0 0 0 0 0 0 0 0 0 0 0.000140898 0.000239892 0.00205283 0.00177625 0.000958379 0.00119423 0.000314519 0.00101412 0.000833795 0.000710662 0.000663133 0 0.000755703 0.000362339 0.000419305 0.000455601 3.84331e-05 0.000547772 0.00139875 0.00083579 0.000328611 0.000206893 0.000906525 0.00174134 0.00228766 0.00133537 0.00111423 0.000619828 0.000218367 0.000616202 0.00125165 0.000114477 0 0 0 0 0 0 0 0 0 0 0 0 0 0 0 0 0 0 
0 0 0 0 0 0 0 0 0 0 0 0 0 0 0 0 0 0 0 0.0005507 0.000800011 0.00248675 0.00141289 0.000437689 3.18599e-05 0 0.000185686 0.000648365 0.00176023 0.000351014 0.000788139 0.00068624 0.000417871 0.0016131 0.00100931 0.000363534 0.000584256 0.000931775 0.000475963 1.24429e-05 0.000396114 0.000792389 0.00178648 0.00137613 0.000598051 0.000853972 0.00134841 0.000641014 0.000324969 0.0013155 0.000360635 0 0 0 0 0 0 0 0 0 0 0 0 0 0 0 0 0 0 
0 0 0 0 0 0 0 0 0 0 0 0 0 0 0 0 0 0 0 0 0.000631883 0.000776641 0.00157826 0.000798818 0.000613718 0.000424098 0 0.000257273 0.00156906 0.00110242 0.000908882 0.00179931 0.000614182 0.00134134 0.00176527 0.00148635 0.00161901 0.00020954 0.00011864 0.00111829 0.00118403 0.000924381 0.00101095 0.000997539 0.000383116 0.00167052 0.00201102 6.3465e-05 0.00101235 0.000869501 0.000237749 0.000659961 0.000101878 0 0 0 0 0 0 0 0 0 0 0 0 0 0 0 0 
0 0 0 0 0 0 0 0 0 0 0 0 0 0 0 0 0 0 7.52968e-05 0.000703927 0.000382348 0.000838666 0.00177049 0.000858022 0.00173817 0.00166182 0.000433122 0.000111541 0.0010827 0.00107896 0.00119896 0.000890891 0.000923146 0.00110639 0.00222596 0.000462 0.000294288 9.73078e-06 0.000211242 0.000497258 0.000417101 0.00125021 0.00157172 0.00133215 0.000496087 0.000413828 0.00123742 0.000925125 0.00109558 0.000672887 0.000419757 0.000387126 0.000275339 0 0 0 0 0 0 0 0 0 0 0 0 0 0 0 0 
0 0 0 0 0 0 0 0 0 0 0 0 0 0 0 0 0 6.65443e-05 0.000719222 0.000360164 0.000673947 0.00117675 0.00110761 0.000268613 0.000892076 0.00168438 0.000425101 0.00119204 0.000714886 0.0014112 0.000464444 0.000232927 0.000849241 0.000905477 0.000730768 0.00124195 0.000941457 0.000719974 0.00101323 9.96239e-05 0 0.000932943 0.00107413 0.000800302 0.000366203 7.27527e-05 0.0013918 0.00121779 0.00140896 0.0011866 0.000590969 0.000346756 0.000332094 2.61797e-05 0 0 0 0 0 0 0 0 0 0 0 0 0 0 0 
0 0 0 0 0 0 0 0 0 0 0 0 0 0 0 0 0 5.94561e-05 0.000500509 0.000176291 0 0.000672527 0.000561316 0.000468352 0.000180429 0.000254904 0.000231524 0.000714472 0.0011138 0.000860637 0.000871816 0.000487917 0.000668892 0.00132798 0.000383862 0.00103214 0.000125427 0.000890937 0.000836441 0 0.000764686 0.000520401 0.000784019 0.000288333 0.000880431 0.00040393 0.000568869 0.000409095 0.00151205 0.00100434 0.000899104 0.00123024 0.00132224 5.62155e-05 0 0 0 0 0 0 0 0 0 0 0 0 0 0 0 
0 0 0 0 0 0 0 0 0 0 0 0 0 0 0 3.69837e-06 7.67361e-06 0.000354815 0.000923599 0.000282071 0 0.000452358 0.00112472 0.00205765 0.00122701 0.00049176 0.00144606 0.000779879 0.000454211 0.000745759 0.000826236 0.000836344 0.00251231 0.00123469 0.00100913 0.00120407 4.59286e-05 0.000586708 0.000558761 0.000255396 0.000797994 0.00105732 0.000312689 0.00047768 0.000601823 0.00107823 0.000476332 0.000626269 0.0017501 0.000529815 0.00131838 0.000128016 0.000811082 0.000352491 0 0 0 0 0 0 0 0 0 0 0 0 0 0 0 
0 0 0 0 0 0 0 0 0 0 0 0 0 0 0 0.000732786 0.000716011 0.00224856 0.00148317 0.000494242 9.11984e-05 0.000349278 0.000735443 0.00144906 0.000661763 0.00085773 0.000956074 0.000490516 0.000174096 0.00110097 0.000542705 0.00105774 0.00135572 0.00128328 0.000333159 0.000900973 0.000626843 0.00108319 0.00100454 0.00086594 0.00119289 0.000903751 0.000508367 0.000440332 0.000290101 0.000403862 0.00063619 0.00104936 0.00139531 0.000829744 0.00113794 0.000779077 0.00121373 0.0011057 0 0 0 0 0 0 0 0 0 0 0 0 0 0 0 
0 0 0 0 0 0 0 0 0 0 0 0 0 0 0 0.000494528 0.000678139 0.00233041 0.000610447 0.000218734 0.000658979 0.00104576 0.00111641 0.000677243 0.00069302 0.00078318 0.00082287 0.000836309 0.00152102 0.00142014 0.000167701 0.00114886 0.00143989 0.000578527 0.000137001 0.000781952 0.000928324 0.00126538 0.000134881 0.000732846 0.00165761 0.00113631 0.00172741 0.00131097 0.00109521 0.00035138 0.00085516 0.00176887 0.00124101 0.0014887 0.00187058 0.00244023 0.00167508 0.00206015 0.000782664 9.08357e-05 0 0 0 0 0 0 0 0 0 0 0 0 0 
0 0 0 0 0 0 0 0 0 0 0 0 0 0 0.000111933 0.00098515 0.000874644 0.000610739 0 0.000198763 0.00114346 0.000429413 0.000188397 0.000373083 0.000577319 0.000630036 0.000969919 0.000400796 0.000687055 0.000356206 0.000556634 0.000627567 0.000532015 0.00037124 0.00048785 0.00222165 0.00184787 0.000258445 0.000710515 0.00282022 0.00165212 0.000951995 0.00211934 0.000548112 0.000325764 0.000194871 0.000971418 0.00183311 0.000479948 0.000768989 0.000322297 0.00100187 0.000864829 0.000270609 0.000443747 0.000193823 0 0 0 0 0 0 0 0 0 0 0 0 0 
0 0 0 0 0 0 0 0 0 0 0 0 0 0 0.000253597 0.00125569 0.00104499 0.000277711 5.21021e-05 0.000824652 0.000350783 5.42952e-05 0.000852753 0.00166664 0.000347826 0.000523079 0.000186968 0.000396141 0.00082556 0.000890469 0.000241452 0.000153803 0.000942319 0.000393841 0.000555579 0.000381004 0.00150509 0.000138621 0.00113044 0.00191617 0.00210028 0.000651641 0.00114773 0.00011251 0.000256011 0.000314876 7.41581e-05 0.000626147 9.70858e-05 0.000922358 0.000434259 0.000475278 0.000791594 0.000813756 0.000834698 0 0 0 0 0 0 0 0 0 0 0 0 0 0 
0 0 0 0 0 0 0 0 0 0 0 0 0 0 0.000417257 0.000576081 0.000667426 0.000738836 0.000122633 0.00124502 0.000554739 0.000959266 0.00134324 0.00133837 0.00151287 0.00111376 0.00109372 0.000741646 0.001279 0.000367932 0.000182139 5.53687e-05 0.000802585 0.00124306 0.00204093 0.000586219 0.000553427 4.14543e-05 0.000786376 0.000995299 0.00093803 5.93462e-05 0.000232817 0.000578946 0.00086229 0.000404263 0.000494588 0.00112877 0.000424389 0.00140507 0.000453767 0.000605882 0.000915403 0.000393718 0.000122676 0 0 0 0 0 0 0 0 0 0 0 0 0 0 
0 0 0 0 0 0 0 0 0 0 0 0 0 1.23646e-05 0.000960345 9.14861e-05 0.00036704 0.000925603 0.000600533 0.000803959 0.00101742 0.000829901 0.000371962 0.000586355 0.000950749 0.00118431 0.00120884 0.000767699 0.00120171 0.00220731 0.00111627 0.00042655 0 0.000341473 0.000615683 0.00104607 0.000639673 0.00187255 0.00132815 0.000210602 0.00116643 8.09722e-05 0.000131754 0.000676569 0.000633914 0.000673902 0 0.00037728 0.00108891 0.00129981 0.000743711 0.000441726 0.00211484 0.000490177 0.00107526 0.000209119 0 0 0 0 0 0 0 0 0 0 0 0 0 
0 0 0 0 0 0 0 0 0 0 0 0 0 8.41692e-05 0.00171035 0.000643572 0.00154536 0.000420233 0.000110716 0.000192201 0.000734764 0.000671909 0.000798773 0.000734771 0.000458872 0.000297697 0.00117883 0.000448987 0.000821413 0.0027556 0.00160108 0.00106819 0.000454178 0.00103088 0.000294971 0.000849924 0.00203251 0.00189929 0.000811002 0.00050802 0.000454283 0.0012579 0.000432394 0.00164347 0.00215909 0.000779931 0.000231678 9.83061e-05 0.000151109 0.000562475 0.000339324 0.000646951 0.000875461 0.000187633 0.000793247 0.000264039 0 0 0 0 0 0 0 0 0 0 0 0 0 
0 0 0 0 0 0 0 0 0 0 0 0 0 5.66323e-05 0.000877439 0.0015768 0.00206093 0.00126833 0.000150471 0.000255369 0.000735869 0.000711277 0.000491035 0.000443453 0.000111562 0.000403151 0.000338894 0.000429819 0.00124426 0.00148518 0.000464389 0.000546737 0.00155063 0.00190784 0.000353409 0.000415567 0.000552537 0.000460137 0.0011685 0.000669037 0.00016276 0.000225684 0.000128813 0.00122498 0.00120948 8.76885e-05 0.000330816 0.000141602 0.00070793 0.00066 0.000994696 0.000441393 0.000145163 0.000554375 0.00142862 0.000978302 0 0 0 0 0 0 0 0 0 0 0 0 0 
0 0 0 0 0 0 0 0 0 0 0 0 0 0 0.000802081 0.00130573 0.00107226 0.00160675 0.00111613 0.00217849 0.00086617 0.00109044 0.0014045 0.000667908 0.000363513 0.000907166 0.00111327 0.000981558 0.0013011 0.0025093 0.00240337 0.000514591 0.000875194 0.000430972 0.000539469 0.00216607 0.000690175 9.45993e-05 0.00156619 0.000890516 0.000853672 0.00113887 0.000734083 6.85e-05 0.00050404 0.000365472 0.000416387 0.000268697 0.00260609 0.000497076 0.0019201 0.000529808 0.000527593 0.00142051 0.000930161 0.000586279 0 0 0 0 0 0 0 0 0 0 0 0 0 
0 0 0 0 0 0 0 0 0 0 0 0 0 0 0.000624507 0.00112568 0.00111815 0.000240858 0.000668941 0.000602289 0.000649561 0.000873671 0.000517794 0.00119168 0.00103162 0.000455852 0.0011901 0.000923233 0.000737226 0.000736556 0.000501756 0.000410076 0.000711506 3.40657e-05 0.00136534 0.00138262 0.00127049 0.000705805 0.00110081 8.4812e-05 0.000790712 0.00109269 0.00101096 0.000110685 0.000800667 0.000397838 0.000262181 0.000885262 0.00279693 0.00101641 0.00035735 7.29913e-05 0.000408292 0.000455362 0.000274343 0.000780076 4.6558e-05 0 0 0 0 0 0 0 0 0 0 0 0 
0 0 0 0 0 0 0 0 0 0 0 0 0 0 0 0.000854948 0.00278338 0.00102005 0.000543619 0.00116269 0.000200453 3.40183e-05 2.72267e-06 8.11791e-05 9.35562e-05 0.000349729 0.00161775 0.000993311 0.00222861 0.000812986 0.000251965 0.000927977 0.000994726 0.000586219 0.0020057 0.000313342 0.00114291 0.00124911 0.000632545 0.000313508 0.000689237 0.00144125 0.00114227 8.55115e-05 9.66739e-05 0.000752981 0.000802945 0.00151696 0.00142303 0.00126583 0.000355372 0.000600325 0.000371264 0.000469504 0.00144715 0.00195789 5.04879e-05 0 0 0 0 0 0 0 0 0 0 0 0 
0 0 0 0 0 0 0 0 0 0 0 0 0 0 0 0.000982585 0.00118496 0.000676628 0.000908929 0.0011945 0.00116911 0.00048671 0 0 0.000173269 0.00169419 0.00156193 0.00137832 0.00163324 0.0018414 0.000923157 0.000320015 0.000756205 0.000560428 0.000623609 0.000517512 0.000432991 0.000143719 0.000382474 0.000920063 0.00118611 0.000574622 0.00072832 0.000710178 0.000712216 0.00119476 0.000514673 0.000949346 0.00215013 0.00102237 0.000536529 2.47267e-05 0.000365745 0.000389436 0.000819869 0.000994927 0 0 0 0 0 0 0 0 0 0 0 0 0 
0 0 0 0 0 0 0 0 0 0 0 0 0 0 0.000219542 0.00163948 0.000877147 0.000200089 0.000364431 0.000750679 0.0009066 0.000815782 0.000628704 0.000218712 0.000655046 0.00246175 0.0021044 0.00149145 0.000267246 0.0012042 0.0011813 6.36357e-05 0.000127272 0.000479445 0.00103117 0.000898762 0.00108766 3.14232e-05 0.000515 0.00130738 0.00100638 0.000739364 0.00172812 0.00108267 0.000945606 0.000721264 0.00104264 0.00103574 0.000986493 0.00165187 0.000559525 0.000288064 0.000962749 0.000155818 0 0 0 0 0 0 0 0 0 0 0 0 0 0 0 
0 0 0 0 0 0 0 0 0 0 0 0 0 0 2.82385e-05 0.000565483 0.000575397 0.00115886 0.00025999 0.00118067 0.00045581 0.000155669 0.000135373 6.97247e-05 0.000614732 0.000743885 0.000399292 0.00122556 0.000406952 0.000837749 0.000849861 1.75674e-05 0.000202883 0.000655215 0.00125731 0.00110781 0.000957714 0.00119036 0.000602506 0.0014664 0.00161417 0.000853956 0.00169718 0.00145128 0.00231237 0.000604241 0.000439088 0.000459948 0.000957711 0.00103036 0.000745117 0.000308013 0.000350626 0.00132739 0.000384921 0 0 0 0 0 0 0 0 0 0 0 0 0 0 
0 0 0 0 0 0 0 0 0 0 0 0 0 0 0 0.00042262 0.000395853 0.000256965 5.58042e-05 0.00144113 0.000895087 0.000364167 0.000455268 1.42186e-05 0.000704584 0.00108577 0.000645705 0.000575922 0.00119441 0.000436835 0.000739421 0.000672513 0.00069166 0.000781474 0.000700559 0.00091629 0.000635666 0.000795754 9.50027e-05 0.000796053 0.000577663 7.37701e-05 0.000956212 0.000787853 0.0016774 0.00111912 0.000210067 0.000684291 0.000840972 0.000620166 0.000239409 0.000194326 0.000680482 0.000557783 0.00119146 1.12712e-05 0 0 0 0 0 0 0 0 0 0 0 0 0 
0 0 0 0 0 0 0 0 0 0 0 0 0 0 0 0 9.55149e-05 0.000564175 0.000285979 0.00128618 0.00155618 0.00141969 0.00156992 0.000807368 0.000304927 0.000524514 0.00100949 0.00054358 0.00188914 0.00107626 0.000274798 0.00128088 0.00235103 0.000207758 0.000350472 0.00103853 0.00163958 0.000397788 0.000128671 0.000917721 0.000265251 9.3974e-05 0.000790731 0.000584456 0.00113489 0.000647007 0.00065923 0.00151206 0.00128301 0.00137966 0.000152008 0.000224863 0.000784562 0.000150848 0.000469934 4.82425e-06 0 0 0 0 0 0 0 0 0 0 0 0 0 
0 0 0 0 0 0 0 0 0 0 0 0 0 0 0 0 0 0.000286396 0.0015507 0.000940252 0.000289153 0.000963468 0.000369321 0.000276587 0.000112991 0.000941915 0.000569855 0.000308859 0.000335383 0.000501555 0.000137535 9.59535e-05 0.000916677 0.00214105 0.0033321 0.000531561 0.000870521 0.000931433 0.00101546 0.000793826 0.000566522 0.000980441 0.000659218 0.000499996 0.000159354 5.26837e-05 0.000904345 0.00216729 0.000840479 0.000981164 0.000323003 0.00113622 0.000450861 0 0 0 0 0 0 0 0 0 0 0 0 0 0 0 0 
0 0 0 0 0 0 0 0 0 0 0 0 0 0 0 0 0.000770839 0.00119593 8.93046e-05 9.79918e-05 8.00379e-05 0.000305467 0.000422231 0.000760216 0.000772906 0.00100427 0.000764285 8.70675e-05 0.00135637 0.000392403 0.000335317 0.000544984 0.000375312 0.00150546 0.0013374 0.000957629 0.000800923 0.000391645 7.22579e-05 6.34832e-05 0.000950416 0.00166207 0.00144896 0.000492541 0.000546406 0.000435877 0.000544573 0.00214815 0.000829471 0 0.00070644 0.000252973 0.000346224 0 0 0 0 0 0 0 0 0 0 0 0 0 0 0 0 
0 0 0 0 0 0 0 0 0 0 0 0 0 0 0 0 0.000305427 0.0014202 0.000228927 0.000207331 0.000465429 0.000915986 0.000288302 0.000171254 0.000128118 0.00100451 0.00162158 0.000748355 0.00153354 0.00115219 0.000317276 0.000413972 2.63975e-05 0.000330273 0.00135778 0.000704644 0.00082052 0.00101726 0.000640399 0.000435804 0.000880254 0.00114248 0.000729174 0.000542374 0.000917281 0.000346716 0.00269942 0.00143302 0.000538649 0.000234311 0.000669364 0.000755294 0.000143351 0 0 0 0 0 0 0 0 0 0 0 0 0 0 0 0 
0 0 0 0 0 0 0 0 0 0 0 0 0 0 0 0 0 7.24129e-05 0.00135532 0.00045995 0.000673045 0.00131544 0.000457161 0.000306127 0 0.000228125 0.00157168 0.00124234 0.000917596 0.00151089 0.000535707 0.000315695 0.000803739 0.000746316 0.000374277 0.000495849 0.00039061 0.0004395 0.00029828 0.000330056 0.000838792 0.000225475 0.000302394 0.00134386 0.00084827 0.000133409 0.00106906 0.00100715 0.00028903 0.00123053 0.000331767 0.000287469 1.02264e-05 0 0 0 0 0 0 0 0 0 0 0 0 0 0 0 0 
0 0 0 0 0 0 0 0 0 0 0 0 0 0 0 0 0 0 9.9874e-05 7.75027e-07 0.000232728 0.00151367 0.000235132 0.000843468 0.000544475 0.000720448 0.000463977 0.000561667 0.000828103 0.00113664 0.000558324 0.00077844 0.000845894 0.000465878 0.000786988 0.000955925 0.00018489 7.62206e-05 0 0.00077675 0.00156872 0.00148118 0.00131096 0.00129216 0.000999573 0.000951041 6.23183e-05 0.000353441 9.03339e-05 0.000765493 0.000914761 0.000530267 0 0 0 0 0 0 0 0 0 0 0 0 0 0 0 0 0 
0 0 0 0 0 0 0 0 0 0 0 0 0 0 0 0 0 0 0 0.000196811 0.00053096 0.00115792 0.000399381 0.00158935 0.00106368 0.000370546 9.61614e-05 0.00236363 0.00173593 0.00140533 0.000527777 0.0012971 0.000934538 0.00111692 0.000392996 0.000435973 0.000227397 2.20725e-05 0.000279846 0.00123716 0.00181994 0.000975489 0.00183349 0.000290156 0.00109722 0.000548054 5.14929e-06 0.000112058 9.59248e-05 0.000950975 0.00080323 0.000233067 0 0 0 0 0 0 0 0 0 0 0 0 0 0 0 0 0 
0 0 0 0 0 0 0 0 0 0 0 0 0 0 0 0 0 0 0 6.68195e-05 0.000262313 0.000749682 0.000269383 0.000449661 0.000574878 0.000728019 0.000514124 0.000309891 0.000818257 0.000828717 0.00021681 0.000540392 0.000427915 0.00127921 0.000922762 0.00123484 0.00159348 0.000128521 0.000793772 0.000790581 0.00125965 0.00155111 0.000666976 0.000272908 0.000407654 0.000539572 0.000151381 0.00160083 0.000656263 0.000262931 0 0 0 0 0 0 0 0 0 0 0 0 0 0 0 0 0 0 0 
0 0 0 0 0 0 0 0 0 0 0 0 0 0 0 0 0 0 0 0 3.01519e-05 0.00140922 0.00029425 0.000952569 0.000350997 0.00115341 6.53807e-05 0.000790038 0.00100476 0.000807689 0.00010724 0.000111793 0.000715465 0.000142286 0.0015276 0.00169472 0.00142539 7.95281e-05 0.000296049 0.000888897 0.000466841 0.00107027 0.000855978 0.00120727 0.000782074 0.000650901 0.000156611 0.000417664 7.36469e-05 0 0 0 0 0 0 0 0 0 0 0 0 0 0 0 0 0 0 0 0 
0 0 0 0 0 0 0 0 0 0 0 0 0 0 0 0 0 0 0 0 0 0 0.00011487 0.00191021 0.00110895 0.000951458 0.000134764 0.00107549 0.000600799 0.000404599 8.27374e-05 0.000551138 0.000567425 0.000930913 0.000905218 0.000651329 0.000886375 0.000937315 0.00121933 0.00122056 0.000780071 0.000395102 0.00127077 0.0017155 0.00177523 0.000626632 9.60291e-05 0.000384385 0.00013799 0 0 0 0 0 0 0 0 0 0 0 0 0 0 0 0 0 0 0 0 
0 0 0 0 0 0 0 0 0 0 0 0 0 0 0 0 0 0 0 0 0 0 3.52593e-06 0.000629253 0.00112799 0.00198248 0.00103973 0.000402914 0.000370189 0.000264345 0 0.000160091 0.000616013 0.00067115 0.00103747 0.000206361 0.00136799 0.00116112 0.00138161 0.00117432 9.15398e-05 0.00123845 0.00214472 0.000529253 0.00118406 0.000107567 0 0 0 0 0 0 0 0 0 0 0 0 0 0 0 0 0 0 0 0 0 0 0 
0 0 0 0 0 0 0 0 0 0 0 0 0 0 0 0 0 0 0 0 0 0 0 0 0.000233985 0.000924697 0.00144015 0.00107695 0.00129128 0.00145592 0.000100533 0.000380748 0.000858075 0.000340784 0.000608508 0.00106026 0.000987813 0.00209401 0.00204806 0.000772794 0.000770067 0.00111632 0.000699824 0.000212531 0.000299695 2.78716e-05 0 0 0 0 0 0 0 0 0 0 0 0 0 0 0 0 0 0 0 0 0 0 0 
0 0 0 0 0 0 0 0 0 0 0 0 0 0 0 0 0 0 0 0 0 0 0 0 0 7.74939e-05 0.000245661 0.000423508 0.00040312 0.000406798 0.000300473 0.000396113 0.00109371 0.000598944 0.00142909 0.00100482 0.000440313 0.00170389 0.00250757 0.000604709 0.000794074 0.00038147 0 0 0 0 0 0 0 0 0 0 0 0 0 0 0 0 0 0 0 0 0 0 0 0 0 0 0 
0 0 0 0 0 0 0 0 0 0 0 0 0 0 0 0 0 0 0 0 0 0 0 0 0 0 0 0 0 0.000267748 0.000122872 1.9657e-05 0.000681934 0.000289432 0.000699267 0.000961777 0.000929102 0.000461975 0.000648133 0.000345793 0 0 0 0 0 0 0 0 0 0 0 0 0 0 0 0 0 0 0 0 0 0 0 0 0 0 0 0 0 
0 0 0 0 0 0 0 0 0 0 0 0 0 0 0 0 0 0 0 0 0 0 0 0 0 0 0 0 0 0 0 0 0 0 6.04215e-05 5.9245e-05 0 0 0 0 0 0 0 0 0 0 0 0 0 0 0 0 0 0 0 0 0 0 0 0 0 0 0 0 0 0 0 0 0 
0 0 0 0 0 0 0 0 0 0 0 0 0 0 0 0 0 0 0 0 0 0 0 0 0 0 0 0 0 0 0 0 0 0 0 0 0 0 0 0 0 0 0 0 0 0 0 0 0 0 0 0 0 0 0 0 0 0 0 0 0 0 0 0 0 0 0 0 0 
0 0 0 0 0 0 0 0 0 0 0 0 0 0 0 0 0 0 0 0 0 0 0 0 0 0 0 0 0 0 0 0 0 0 0 0 0 0 0 0 0 0 0 0 0 0 0 0 0 0 0 0 0 0 0 0 0 0 0 0 0 0 0 0 0 0 0 0 0 
0 0 0 0 0 0 0 0 0 0 0 0 0 0 0 0 0 0 0 0 0 0 0 0 0 0 0 0 0 0 0 0 0 0 0 0 0 0 0 0 0 0 0 0 0 0 0 0 0 0 0 0 0 0 0 0 0 0 0 0 0 0 0 0 0 0 0 0 0 
0 0 0 0 0 0 0 0 0 0 0 0 0 0 0 0 0 0 0 0 0 0 0 0 0 0 0 0 0 0 0 0 0 0 0 0 0 0 0 0 0 0 0 0 0 0 0 0 0 0 0 0 0 0 0 0 0 0 0 0 0 0 0 0 0 0 0 0 0 
0 0 0 0 0 0 0 0 0 0 0 0 0 0 0 0 0 0 0 0 0 0 0 0 0 0 0 0 0 0 0 0 0 0 0 0 0 0 0 0 0 0 0 0 0 0 0 0 0 0 0 0 0 0 0 0 0 0 0 0 0 0 0 0 0 0 0 0 0 
0 0 0 0 0 0 0 0 0 0 0 0 0 0 0 0 0 0 0 0 0 0 0 0 0 0 0 0 0 0 0 0 0 0 0 0 0 0 0 0 0 0 0 0 0 0 0 0 0 0 0 0 0 0 0 0 0 0 0 0 0 0 0 0 0 0 0 0 0 
0 0 0 0 0 0 0 0 0 0 0 0 0 0 0 0 0 0 0 0 0 0 0 0 0 0 0 0 0 0 0 0 0 0 0 0 0 0 0 0 0 0 0 0 0 0 0 0 0 0 0 0 0 0 0 0 0 0 0 0 0 0 0 0 0 0 0 0 0 
0 0 0 0 0 0 0 0 0 0 0 0 0 0 0 0 0 0 0 0 0 0 0 0 0 0 0 0 0 0 0 0 0 0 0 0 0 0 0 0 0 0 0 0 0 0 0 0 0 0 0 0 0 0 0 0 0 0 0 0 0 0 0 0 0 0 0 0 0 
0 0 0 0 0 0 0 0 0 0 0 0 0 0 0 0 0 0 0 0 0 0 0 0 0 0 0 0 0 0 0 0 0 0 0 0 0 0 0 0 0 0 0 0 0 0 0 0 0 0 0 0 0 0 0 0 0 0 0 0 0 0 0 0 0 0 0 0 0 
0 0 0 0 0 0 0 0 0 0 0 0 0 0 0 0 0 0 0 0 0 0 0 0 0 0 0 0 0 0 0 0 0 0 0 0 0 0 0 0 0 0 0 0 0 0 0 0 0 0 0 0 0 0 0 0 0 0 0 0 0 0 0 0 0 0 0 0 0 
0 0 0 0 0 0 0 0 0 0 0 0 0 0 0 0 0 0 0 0 0 0 0 0 0 0 0 0 0 0 0 0 0 0 0 0 0 0 0 0 0 0 0 0 0 0 0 0 0 0 0 0 0 0 0 0 0 0 0 0 0 0 0 0 0 0 0 0 0 
0 0 0 0 0 0 0 0 0 0 0 0 0 0 0 0 0 0 0 0 0 0 0 0 0 0 0 0 0 0 0 0 0 0 0 0 0 0 0 0 0 0 0 0 0 0 0 0 0 0 0 0 0 0 0 0 0 0 0 0 0 0 0 0 0 0 0 0 0 

