0 0 0 0 0 0 0 0 0 0 0 0 0 0 0 0 0 0 0 0 0 0 0 0 0 0 0 0 0 0 0 0 0 0 0 0 0 0 0.000144139 3.48203e-05 0 0 0 0 0 0 0 0 0 0 0 0 0 0 0 0 0 0 0 0 0 0 0 0 0 0 0 0 0 
0 0 0 0 0 0 0 0 0 0 0 0 0 0 0 0 0 0 0 0 0 0 0 0 0 0.000102875 0.000706118 0.00104049 0.00478084 0.00907651 0.00279805 0.000181246 0.000178894 6.66155e-06 7.3213e-05 0.00117658 0.00132512 0.00348796 0.00292526 0.00224752 0.000914101 0.00185493 0.000813547 2.34895e-05 3.94517e-05 1.21707e-05 0 0 0 0 0 0 0 0 0 0 0 0 0 0 0 0 0 0 0 0 0 0 0 
0 0 0 0 0 0 0 0 0 0 0 0 0 0 0 0 0 0 0 0 0 0 0 8.03551e-07 0.000115812 0.00553597 0.01366 0.0197139 0.023613 0.0193039 0.0109003 0.00323671 0.00194142 0.00256458 0.001087 0.00552311 0.00955477 0.0172671 0.0146921 0.0100207 0.011147 0.0136106 0.0106585 0.00315851 0.00509481 0.00341107 0.00070435 1.04317e-05 0 0 0 0 0 0 0 0 0 0 0 0 0 0 0 0 0 0 0 0 0 
0 0 0 0 0 0 0 0 0 0 0 0 0 0 0 0 0 0 0 0 4.0867e-05 0.00122935 0.00164112 0.00292306 0.00282276 0.0109843 0.0248135 0.0351397 0.0289756 0.0165402 0.0178766 0.011943 0.00416098 0.00805448 0.00580905 0.0155033 0.0278494 0.0266336 0.02415 0.0245028 0.0238425 0.0227893 0.0236114 0.0229874 0.0237602 0.0129947 0.00885873 0.00437121 0.00169578 0.000112847 0 0 0 0 0 0 0 0 0 0 0 0 0 0 0 0 0 0 0 
0 0 0 0 0 0 0 0 0 0 0 0 0 0 0 0 0 0 0 0.000281648 0.00142617 0.00672302 0.00768386 0.00821765 0.00730468 0.0130049 0.0273364 0.0491478 0.0337438 0.0186975 0.0180595 0.0162759 0.0167103 0.012232 0.0176676 0.0256351 0.0239506 0.0249098 0.0299447 0.0335447 0.0253516 0.0304832 0.0398221 0.0458102 0.0587396 0.0242622 0.0189108 0.0128755 0.00850251 0.00668599 0.00107792 0 0 0 0 0 0 0 0 0 0 0 0 0 0 0 0 0 0 
0 0 0 0 0 0 0 0 0 0 0 0 0 0 0 0 0 0.000572114 0.00241908 0.00140725 0.0017721 0.0085324 0.0113353 0.0112539 0.0136935 0.0187328 0.027133 0.0268232 0.0280867 0.0172783 0.0205945 0.015537 0.0147635 0.0209542 0.0162313 0.0182545 0.0231283 0.0250282 0.0308452 0.0243753 0.0193149 0.0242908 0.0432729 0.0835069 0.0884456 0.0358302 0.0146367 0.0182409 0.0207051 0.0150767 0.00899893 0.00332239 0.00184852 0.000174264 0 0 0 0 0 0 0 0 0 0 0 0 0 0 0 
0 0 0 0 0 0 0 0 0 0 0 0 0 0 0 0 0 0.00495092 0.0111393 0.00693213 0.00141375 0.00992545 0.0147474 0.0117151 0.0147542 0.0254405 0.0341337 0.0258086 0.0169941 0.0144291 0.0220313 0.0193325 0.0109238 0.0176659 0.0188789 0.0216663 0.028339 0.0187717 0.0226909 0.0231881 0.0210697 0.0157756 0.0418146 0.0694459 0.0621863 0.0347585 0.0126608 0.0128656 0.0179176 0.023564 0.0215539 0.0108259 0.0127854 0.00961032 0.000447783 0 0 0 0 0 0 0 0 0 0 0 0 0 0 
0 0 0 0 0 0 0 0 0 0 0 0 0 0 0 0 0 0.00610665 0.0171153 0.0117702 0.00548985 0.01287 0.0161886 0.0147732 0.00788638 0.0160494 0.0158355 0.0129244 0.0126132 0.0110693 0.018592 0.018967 0.0175208 0.0186265 0.0224943 0.0186805 0.0186021 0.0144729 0.0169949 0.0173764 0.0164913 0.0154062 0.0250476 0.0316446 0.0320563 0.0295198 0.0189097 0.0150145 0.0187818 0.0243466 0.0214127 0.0103492 0.00608822 0.0156442 0.00502903 0.00016755 0 0 0 0 0 0 0 0 0 0 0 0 0 
0 0 0 0 0 0 0 0 0 0 0 0 0 0 0 0 0 0.00384594 0.0137651 0.0106876 0.00952762 0.0163028 0.0163231 0.0155948 0.0102166 0.00888072 0.00651275 0.00702581 0.00717582 0.00680167 0.00844399 0.0179385 0.0194464 0.0217028 0.0202846 0.0176981 0.0213795 0.0189263 0.0205626 0.018077 0.0204755 0.0183843 0.0132827 0.0169134 0.0234504 0.0287988 0.0325615 0.0258502 0.0236246 0.0241264 0.01965 0.0147551 0.0135053 0.0179611 0.016748 0.00149705 0 0 0 0 0 0 0 0 0 0 0 0 0 
0 0 0 0 0 0 0 0 0 0 6.95168e-07 0.000346834 0.00218319 0.0033048 0.00105738 0.000307493 0.000773424 0.00358386 0.00570646 0.00946562 0.0132495 0.0147095 0.01596 0.0194803 0.0179559 0.0112036 0.00723124 0.00618379 0.00546479 0.00712243 0.00906072 0.0138025 0.0188254 0.0177352 0.0156902 0.0177384 0.0245052 0.0290726 0.0298574 0.0214118 0.0184678 0.0155643 0.0152503 0.0171381 0.019559 0.0207676 0.0245194 0.0179942 0.0191378 0.024116 0.0136662 0.0122436 0.0212597 0.0278186 0.0149544 0.000987717 3.57985e-05 0.000295348 0.000151352 0 0 0 0 0 0 0 0 0 0 
0 0 0 0 0 0 0 0 0 0 0.000547011 0.00814015 0.0202506 0.0185999 0.00662126 0.00609611 0.00645252 0.00678897 0.00820057 0.0133547 0.0155671 0.0158089 0.0198923 0.0139655 0.0177452 0.0165006 0.0137168 0.0121394 0.0109087 0.0135068 0.0120155 0.0141794 0.0160613 0.0193339 0.0216666 0.013449 0.0193141 0.02626 0.0306281 0.0216697 0.0199791 0.0183891 0.0160341 0.0188783 0.0214368 0.0138775 0.00940908 0.0137439 0.0121127 0.017165 0.016099 0.0116096 0.0185557 0.0170599 0.00582412 0.00191504 0.000705136 0.000941731 0.000694642 0 0 0 0 0 0 0 0 0 0 
0 0 0 0 0 0 0 0 0 0.000818967 0.00779715 0.0156839 0.0226867 0.0233177 0.0165359 0.0160872 0.0192067 0.019378 0.0186826 0.018903 0.0176785 0.0156705 0.0208024 0.0125736 0.0133444 0.0139911 0.0162121 0.0167848 0.0216176 0.0173527 0.0120666 0.0154664 0.0178768 0.020009 0.0223699 0.0173244 0.0162096 0.0172466 0.0189584 0.0170733 0.0187798 0.0234952 0.0265988 0.0151988 0.0130667 0.0161289 0.00729193 0.00979917 0.0150741 0.0161681 0.0156489 0.0213481 0.0186449 0.00862183 0.00255469 0.00332359 0.0068957 0.00278417 0.00270587 0.000199884 0 0 0 0 0 0 0 0 0 
0 0 0 0 0 0 0 0 3.30879e-05 0.0028798 0.0144218 0.0133868 0.0140327 0.0174635 0.0175099 0.0184965 0.0196637 0.0210454 0.0242525 0.0178318 0.013367 0.0191666 0.0239607 0.0178506 0.0155208 0.0172651 0.0211314 0.0216487 0.0227618 0.0210051 0.0184713 0.0132033 0.018144 0.0196507 0.0194169 0.0193917 0.016094 0.0155598 0.0144425 0.017144 0.0238648 0.0157633 0.0170819 0.0114624 0.0111365 0.0133448 0.00996366 0.011034 0.0190657 0.0201622 0.0224814 0.0242076 0.0143733 0.00368399 0.00497158 0.0113524 0.0183626 0.00974592 0.00485628 0.00309383 0.00130217 7.5644e-05 0 0 0 0 0 0 0 
0 0 0 0 0 0 0 0 0.000509332 0.00246084 0.0121172 0.0137125 0.0160957 0.0142876 0.011284 0.0109311 0.0117412 0.0152239 0.0160628 0.0122752 0.00993504 0.0188853 0.0208459 0.0214594 0.0228134 0.0173246 0.0186227 0.0234317 0.026111 0.021822 0.0186073 0.0150871 0.0174033 0.0299743 0.0251958 0.0115834 0.0105216 0.0134141 0.0236061 0.0239227 0.0229576 0.0183195 0.0146778 0.0118839 0.0121546 0.0113037 0.0182291 0.0196261 0.0217219 0.0182341 0.0152552 0.0181952 0.00712164 0.00239117 0.00952686 0.0176982 0.0236612 0.0171615 0.00732321 0.0107066 0.00412885 0.00150562 1.07256e-05 0 0 0 0 0 0 
0 0 0 0 0 0 0 0.000625826 0.00240735 0.00793881 0.00977114 0.0127848 0.0122579 0.0116547 0.0114021 0.0120814 0.0131226 0.0136549 0.0107373 0.00829471 0.00953825 0.0151196 0.0209649 0.0212684 0.020734 0.0194769 0.0176898 0.0139096 0.0178633 0.0220861 0.0219646 0.0207399 0.023349 0.0227957 0.0177737 0.0166264 0.0112834 0.00767104 0.0160556 0.0211205 0.0282978 0.0202498 0.0189549 0.0158282 0.0143837 0.0168427 0.0259489 0.0314387 0.0271547 0.0198891 0.0165472 0.0154727 0.00638483 0.0122881 0.0201984 0.0160388 0.0197619 0.0178073 0.00948813 0.00920368 0.0069324 0.00449561 0.000249623 0 0 0 0 0 0 
0 0 0 0 0 0 0.000118035 0.00643239 0.0105421 0.0118228 0.0123017 0.014404 0.00927122 0.0110185 0.0107949 0.010576 0.0139885 0.0144161 0.0159306 0.0152768 0.0204732 0.0183545 0.0216415 0.0194506 0.0212093 0.0196871 0.0173762 0.0128777 0.0151872 0.0208354 0.019512 0.0304854 0.0337281 0.0257117 0.0198452 0.020431 0.0129695 0.0114101 0.0170327 0.0205386 0.0307966 0.0241034 0.0236748 0.0216113 0.0227492 0.02306 0.0242058 0.0282541 0.0303122 0.0235348 0.0160586 0.016868 0.0171015 0.0203126 0.0266584 0.0218222 0.0183064 0.0174453 0.0102121 0.0103772 0.0109934 0.0102103 0.00378222 0 0 0 0 0 0 
0 0 0 0 0 0 6.8415e-05 0.00803494 0.0147013 0.0110684 0.00982626 0.0114609 0.00956588 0.0121 0.00985261 0.00788703 0.0102875 0.0188036 0.0313629 0.0308415 0.0264832 0.019965 0.0257254 0.0218973 0.0219893 0.0154172 0.0157773 0.0104123 0.0123555 0.0167593 0.0167739 0.0224496 0.0327323 0.0268518 0.0220509 0.0245305 0.0273326 0.0201432 0.0181935 0.0166461 0.0189562 0.0238742 0.0308916 0.0214178 0.0209498 0.0242686 0.0248602 0.0297691 0.0311156 0.0253273 0.0168593 0.0201853 0.0236221 0.0265709 0.0266536 0.0248707 0.0236733 0.0162563 0.011683 0.00861067 0.0111873 0.0110162 0.00364703 0 0 0 0 0 0 
0 0 0 0 0 0 0 0.00260866 0.00782916 0.00822866 0.00907311 0.0120756 0.0165487 0.0156214 0.0144859 0.0184624 0.0207059 0.0243624 0.0271372 0.0285382 0.0251834 0.0202439 0.0204056 0.0212583 0.018555 0.020455 0.0220036 0.0197836 0.0157833 0.0149331 0.0151996 0.0190021 0.0253917 0.0227639 0.0213896 0.024881 0.0319738 0.0239416 0.0206426 0.0145228 0.0192253 0.0270727 0.0257056 0.0240132 0.0238375 0.0238365 0.0201273 0.0282893 0.0307549 0.030393 0.0334039 0.030146 0.0262221 0.0251717 0.0223274 0.021942 0.0217259 0.0182518 0.0141914 0.0185925 0.0216795 0.0117383 0.00451853 0.000891945 2.08766e-05 0 0 0 0 
0 0 0 0 0 0 5.79662e-05 0.00097894 0.00378177 0.00594869 0.00444653 0.00743972 0.0152707 0.0158774 0.0102586 0.0218146 0.0222971 0.0247666 0.027274 0.0249567 0.0251808 0.0218362 0.0134207 0.00955706 0.0185008 0.0226005 0.0222457 0.0269828 0.0303901 0.0213855 0.0164455 0.0163783 0.0203897 0.0192347 0.0202624 0.0209591 0.0247007 0.022677 0.0211788 0.0144263 0.0192793 0.0245493 0.0227964 0.0296298 0.0239781 0.0251758 0.022862 0.0246243 0.0308962 0.0318488 0.0355784 0.0333123 0.0205538 0.0185703 0.0170759 0.0229052 0.0201252 0.0231587 0.0164888 0.0467256 0.0353832 0.00856414 0.00883928 0.0045216 0.00011033 0 0 0 0 
0 0 0 0 6.94548e-06 6.51822e-05 4.40364e-05 0.00224664 0.00565428 0.00981988 0.00837776 0.00712614 0.0138541 0.0159123 0.00565283 0.0120016 0.0156868 0.0186833 0.0224545 0.0254813 0.0226188 0.0246714 0.0229494 0.0112427 0.018103 0.0193415 0.023219 0.0305416 0.0317386 0.0236618 0.0199971 0.01715 0.0207244 0.0245214 0.0233384 0.0216853 0.0217774 0.0235798 0.0177857 0.0185428 0.0201031 0.033202 0.0282098 0.0284715 0.0262733 0.0237398 0.0279237 0.0239112 0.0368231 0.0268321 0.0320743 0.0277045 0.020025 0.0197731 0.0183398 0.0135982 0.0198571 0.0251094 0.0225416 0.0451748 0.0261741 0.0123746 0.0206908 0.0104845 0.0013547 2.16244e-05 0 0 0 
0 0 0 4.33581e-05 0.00107166 0.00493427 0.00311375 0.00240801 0.00402091 0.00586731 0.0123019 0.0101121 0.0101493 0.0105664 0.00833936 0.0144863 0.0254371 0.0222487 0.0243675 0.0232683 0.0211542 0.0236917 0.0277292 0.0218666 0.0205916 0.0207379 0.0273641 0.0290447 0.0266504 0.0237632 0.0204841 0.0198508 0.0216436 0.0228378 0.026331 0.0249266 0.0222411 0.0225427 0.0235904 0.0231318 0.0230349 0.0260973 0.0324953 0.0223198 0.0253742 0.0261834 0.0265497 0.0292082 0.0210507 0.0204004 0.0253653 0.0212405 0.0162774 0.0158532 0.0188327 0.0214718 0.018541 0.0233146 0.0241275 0.0132347 0.0116112 0.0139457 0.0225525 0.0338429 0.0409255 0.022839 0.00126852 0 0 
0 0 0 0.000599715 0.00482977 0.0141912 0.0109866 0.00681257 0.0101157 0.00579802 0.00845339 0.00904721 0.0117088 0.0150224 0.0181681 0.0190404 0.0392955 0.0205341 0.0206767 0.0278894 0.0268201 0.0281055 0.0264438 0.027915 0.0162242 0.0189932 0.021992 0.0211316 0.0234131 0.0255183 0.0208951 0.0257023 0.0243456 0.0211521 0.0224069 0.0206501 0.0213532 0.0209376 0.0256571 0.0277598 0.0269212 0.0295425 0.0274654 0.0168109 0.0196141 0.0183597 0.0217152 0.0297081 0.0206085 0.0193139 0.0234589 0.0215949 0.0252419 0.0227739 0.0244276 0.0201816 0.0186974 0.0280877 0.023326 0.0149401 0.0107289 0.0117734 0.0213677 0.0522439 0.0906282 0.0767524 0.0113577 0 0 
0 0 5.82816e-06 0.00244979 0.00824179 0.0177762 0.015198 0.0122251 0.0141638 0.0168464 0.0155329 0.0170193 0.01425 0.0192751 0.0167236 0.018837 0.03075 0.0271436 0.0170246 0.0161297 0.018649 0.0148258 0.021619 0.0217555 0.0157194 0.0215264 0.0227937 0.0186283 0.0244108 0.0203432 0.0235627 0.0264537 0.0264931 0.0210746 0.0246057 0.017884 0.0175582 0.0234301 0.0262178 0.0335899 0.0369277 0.0282964 0.0282052 0.023079 0.0224507 0.0203197 0.0254353 0.0235626 0.0242243 0.0158062 0.0270641 0.0270931 0.0243177 0.0218663 0.0192425 0.0183679 0.0265286 0.0247853 0.0162625 0.0189846 0.0172514 0.0174388 0.0151992 0.0235888 0.0296291 0.0383428 0.0159227 0.000443552 0 
0 0 0.00116506 0.00769039 0.0175131 0.0238963 0.024239 0.0234152 0.0202254 0.0255604 0.0199224 0.0215092 0.0161193 0.0218998 0.0184896 0.0194427 0.0254232 0.0200182 0.0141515 0.0161755 0.0221719 0.0185048 0.0250374 0.0236451 0.0189992 0.0191885 0.0205675 0.0250201 0.0304867 0.0220701 0.019209 0.0239113 0.0232293 0.0185985 0.0183734 0.021592 0.0210828 0.0301582 0.0283046 0.0268154 0.0275963 0.0257801 0.0271627 0.0223052 0.0275693 0.021641 0.0276623 0.0256789 0.0244857 0.0214377 0.0258353 0.0282709 0.0225051 0.0198048 0.0238382 0.0210808 0.026089 0.0220707 0.0172656 0.0216976 0.0210799 0.0160563 0.0119136 0.0146571 0.0179436 0.0172675 0.012313 0.0010012 0 
0 0 0.00506425 0.0150325 0.022335 0.0274981 0.020838 0.0189175 0.0239121 0.0224398 0.0159549 0.0128563 0.014523 0.0193636 0.0171724 0.0156005 0.0186592 0.0174943 0.0108145 0.0115579 0.0247115 0.0281403 0.0273421 0.0203903 0.0170764 0.0202741 0.019057 0.0263525 0.0250486 0.0186736 0.0149608 0.0164946 0.0192607 0.0208646 0.0187394 0.0246421 0.0249261 0.0273116 0.0231108 0.0212709 0.0321525 0.0323741 0.0256367 0.0237206 0.023686 0.0294819 0.0311778 0.0287676 0.0287124 0.0250472 0.027103 0.0246055 0.0185542 0.0173957 0.0266509 0.0220696 0.0235548 0.0241073 0.0216777 0.0159848 0.0160881 0.0236812 0.019684 0.0122491 0.0163739 0.0126294 0.0138512 0.00345973 0 
0 8.47945e-05 0.00698637 0.00866653 0.00906984 0.0133776 0.0164174 0.019905 0.019882 0.0158682 0.0150516 0.0164474 0.0187544 0.0158218 0.0142167 0.0138148 0.0126459 0.0140283 0.0132509 0.0182028 0.0221548 0.0245299 0.0296627 0.0224515 0.025081 0.0197863 0.0201654 0.0206421 0.0212266 0.013482 0.0245628 0.0207614 0.0272262 0.0235119 0.0180832 0.0263655 0.0272326 0.0307519 0.0233624 0.0248959 0.0261546 0.0267662 0.0238346 0.0264657 0.0267935 0.0306869 0.0340884 0.0339898 0.0311394 0.0250372 0.0228895 0.0248063 0.0250495 0.0172158 0.0224154 0.0221779 0.0184562 0.0264761 0.0245493 0.0230547 0.0148507 0.0202961 0.0201583 0.0137118 0.0155777 0.0255539 0.0331641 0.00975953 0.00011598 
0 0.000315491 0.00656134 0.0057182 0.00550018 0.0135827 0.0222906 0.0205723 0.0173595 0.0153858 0.0184891 0.0171709 0.0175661 0.0177123 0.0145717 0.0185157 0.0154407 0.0174125 0.0150324 0.0200856 0.0263106 0.0221307 0.0261229 0.0300191 0.0245539 0.0202431 0.0210622 0.0178599 0.0182773 0.0217595 0.0240819 0.0233872 0.0313691 0.0224581 0.0187274 0.0200921 0.0243544 0.0333961 0.0299469 0.0261339 0.0287818 0.0291652 0.0275141 0.0252046 0.0259456 0.0252517 0.022978 0.0264241 0.0322073 0.0232712 0.0178963 0.0131504 0.023199 0.0296411 0.0301784 0.0250803 0.0214876 0.026176 0.0235402 0.0287362 0.0213063 0.0176516 0.0122676 0.0105244 0.00814446 0.0264291 0.0358309 0.010973 0.000379191 
0 0.00111511 0.00892431 0.00710173 0.00480996 0.010332 0.0225676 0.0158608 0.0136482 0.0184591 0.0124818 0.0156661 0.0178327 0.0183419 0.0184649 0.015967 0.0127864 0.0216501 0.0191033 0.024955 0.0259635 0.0224973 0.0254503 0.02788 0.0207818 0.0174181 0.0174619 0.0173704 0.0298209 0.0897196 0.0519552 0.0190289 0.0228844 0.0245126 0.0241201 0.0279608 0.0407171 0.0439962 0.031506 0.0284596 0.0268374 0.0261384 0.0239328 0.0270407 0.0298722 0.0265352 0.0284291 0.0281389 0.0229225 0.0232635 0.0203198 0.0164539 0.025775 0.0348467 0.0262133 0.0240417 0.018913 0.0165515 0.0183963 0.0256096 0.0211183 0.0231132 0.014233 0.00848498 0.00800505 0.0263236 0.0305014 0.00834727 0.000286265 
0 0.00208634 0.00783171 0.00542882 0.00199646 0.00665204 0.0192813 0.0202902 0.0192122 0.020712 0.0159183 0.0175496 0.0191732 0.015669 0.0197781 0.0214741 0.0153491 0.0223791 0.0201108 0.0201179 0.0197956 0.0211969 0.0193812 0.0216766 0.0190834 0.0163475 0.0195294 0.0211792 0.0347805 0.0972578 0.0767815 0.0171454 0.0160839 0.0246793 0.0292198 0.0303916 0.0357932 0.0372992 0.0401987 0.0269293 0.0245607 0.0219131 0.0242761 0.0234431 0.0226541 0.020554 0.0172619 0.0237622 0.0214217 0.0144773 0.0202289 0.0196014 0.0274457 0.0336548 0.0266296 0.0199962 0.0220297 0.0237207 0.0216443 0.0233878 0.0226514 0.021708 0.0219604 0.0124 0.0116072 0.0216204 0.018813 0.00396164 0.000400071 
0 0.000299146 0.002555 0.000827353 3.04304e-05 0.00213091 0.015187 0.025721 0.0264842 0.0238024 0.0199269 0.02405 0.0175078 0.0195685 0.0183113 0.0236423 0.0224571 0.0231158 0.0172576 0.0132708 0.013673 0.0181126 0.0174558 0.0212093 0.020661 0.0183376 0.0276184 0.0294721 0.0232183 0.0282721 0.0285778 0.0178764 0.0147355 0.0279058 0.0380163 0.0353458 0.0337571 0.0492815 0.0535475 0.0267351 0.0254914 0.0247499 0.0242172 0.0224241 0.0249966 0.0219782 0.0210494 0.0189576 0.023228 0.0212324 0.0192234 0.0230708 0.022465 0.0224119 0.0181184 0.0156888 0.0156824 0.0188227 0.0206621 0.0172622 0.0162369 0.0208182 0.0212171 0.0196824 0.0218493 0.0278074 0.0193209 0.00570531 0.00063379 
1.74926e-05 0 0 0 0.000145726 0.00358894 0.0123361 0.0210323 0.0228265 0.0172645 0.0187492 0.024268 0.0211769 0.0207608 0.0192041 0.0290491 0.0291034 0.024858 0.0204028 0.0143788 0.0125731 0.0196895 0.0171799 0.0194875 0.0201879 0.0160086 0.0241019 0.0266312 0.0243521 0.0288324 0.0268548 0.0194908 0.020456 0.0273382 0.0313178 0.0285231 0.024771 0.0320832 0.0243082 0.026771 0.0217692 0.0239561 0.0284146 0.0259985 0.0280349 0.0283053 0.0277422 0.0225389 0.0191372 0.0233925 0.0189277 0.0240843 0.0197004 0.0216981 0.0265485 0.0232941 0.0142998 0.0146228 0.0182336 0.0181148 0.0182519 0.0241645 0.0202153 0.0230623 0.0209607 0.0270068 0.0195023 0.00940292 0.00268093 
3.89418e-05 0 0 0 0.00139371 0.00608737 0.0150619 0.0231684 0.0214117 0.0200749 0.017118 0.0215777 0.0252941 0.0243712 0.0312306 0.0259026 0.0264606 0.0248489 0.0298353 0.0232929 0.018573 0.021135 0.0170546 0.0173046 0.0229901 0.0190792 0.0207806 0.0234858 0.0254742 0.0261861 0.02446 0.0282064 0.0186501 0.0146806 0.0210415 0.0304064 0.0251887 0.0217272 0.0279098 0.0308942 0.0250835 0.0197386 0.0249105 0.0229649 0.0228553 0.0241121 0.0280217 0.0224856 0.0242304 0.02216 0.0218576 0.0208348 0.0162738 0.0205646 0.0218728 0.0255042 0.0159381 0.0112811 0.0152887 0.0162772 0.0223735 0.0234544 0.0231335 0.0322042 0.034084 0.0276584 0.0251881 0.0157305 0.00736494 
0.000187261 0 0 0.000193089 0.00120705 0.00483909 0.0162824 0.0227853 0.0278063 0.025436 0.0191236 0.0181877 0.0239037 0.0348436 0.028794 0.0217826 0.0226348 0.0226767 0.0194267 0.0188936 0.0245632 0.0208642 0.0203238 0.0182739 0.019998 0.0200499 0.0251166 0.0243149 0.0244655 0.0236975 0.0230712 0.0269851 0.0197207 0.020486 0.0181374 0.0248028 0.0180834 0.0183858 0.0362162 0.0247016 0.023569 0.0221135 0.0192849 0.0159211 0.0190166 0.0203707 0.0295042 0.0262619 0.0292607 0.0228607 0.0183949 0.0216103 0.0184945 0.0187938 0.0185704 0.0216914 0.0184933 0.0116881 0.0210874 0.0155077 0.0197399 0.0184385 0.0280606 0.0230233 0.029049 0.0244547 0.0241293 0.0188301 0.0124065 
0.000675717 0 0 0.000309138 0.00261262 0.00674728 0.0197139 0.0231882 0.0315029 0.0314871 0.0278335 0.0221443 0.021477 0.025669 0.0235903 0.0256289 0.0204129 0.019055 0.0190464 0.026007 0.029495 0.0425831 0.0355042 0.0394168 0.0422764 0.0379374 0.036296 0.0226104 0.0175612 0.0176774 0.0198923 0.0254437 0.0213818 0.0256646 0.0250883 0.0233792 0.0209791 0.0225324 0.0363996 0.0355301 0.0220353 0.0213554 0.0215144 0.0274585 0.0251554 0.0296102 0.0408239 0.0240024 0.0160707 0.0153122 0.0146371 0.0173148 0.0168075 0.0101788 0.0132967 0.0184228 0.0138917 0.0163757 0.0233083 0.0158917 0.0201206 0.0220928 0.0217719 0.0185391 0.0259045 0.0286943 0.022435 0.0222205 0.0109327 
0.000681671 0.000470126 0.00194048 0.00206532 0.00298802 0.00706222 0.0177578 0.0279147 0.0270348 0.0257358 0.0281132 0.0286922 0.036772 0.0354935 0.0287253 0.0307659 0.0210266 0.0194286 0.0334114 0.0448568 0.0578171 0.0641921 0.0395585 0.03001 0.0291053 0.0315565 0.0450459 0.0358322 0.0382387 0.0263743 0.0238978 0.0238622 0.0270336 0.026564 0.0277789 0.0365307 0.0499593 0.0358582 0.043613 0.0609638 0.0233678 0.0254382 0.0230762 0.0295775 0.0349337 0.0281575 0.0285586 0.0202353 0.0154819 0.0154545 0.0138729 0.014794 0.0192748 0.0179935 0.0199845 0.015267 0.0131804 0.0214688 0.0258933 0.0163834 0.0260564 0.0292859 0.0191098 0.0198983 0.0297485 0.0321353 0.0224055 0.0132883 0.00407357 
0.000240444 0.00956939 0.0174252 0.00893148 0.00643838 0.00800851 0.022852 0.0237813 0.0278112 0.0269016 0.025813 0.0210157 0.0303755 0.045963 0.0316759 0.0248604 0.0246291 0.0313943 0.0333413 0.0271755 0.0238128 0.0230371 0.0238776 0.0242589 0.0157114 0.0174647 0.0315532 0.0335304 0.0422185 0.0214326 0.0214319 0.022377 0.0196316 0.0206297 0.0279519 0.0670811 0.0754836 0.0578097 0.0621924 0.0598991 0.0241478 0.019889 0.0245503 0.0263767 0.0280485 0.0295648 0.0249254 0.0155185 0.0182951 0.0180519 0.0157246 0.0234541 0.0314525 0.027255 0.0253009 0.0212871 0.011309 0.0154103 0.0235552 0.0255822 0.0376466 0.029685 0.0285403 0.026587 0.0305073 0.0334679 0.0286865 0.0117921 0.00130352 
0.00125718 0.0193844 0.0212027 0.0203076 0.0184782 0.0149376 0.0253332 0.0256036 0.0209274 0.0203522 0.0226411 0.0258184 0.0302606 0.0285036 0.0208072 0.0299159 0.0286563 0.0303159 0.0249692 0.0300509 0.0248402 0.024828 0.0235106 0.0252205 0.0228519 0.0169892 0.0272949 0.0413122 0.0343829 0.0272922 0.0245241 0.0254973 0.0271846 0.0335137 0.0346672 0.0752593 0.0847479 0.0675278 0.0527532 0.0361844 0.023705 0.019765 0.0235612 0.0239166 0.0301767 0.0264479 0.018054 0.0188479 0.0194033 0.0162295 0.015937 0.0253808 0.0269945 0.0296683 0.0308547 0.0222728 0.0161493 0.00995155 0.0112236 0.0164723 0.023085 0.0275698 0.0300945 0.0241945 0.0356622 0.0336391 0.0356356 0.0214627 0.00356687 
0.000939613 0.0129124 0.0163815 0.0223477 0.0281295 0.0238213 0.0238597 0.0257585 0.0243599 0.0202887 0.0291103 0.0265911 0.0248836 0.0199566 0.0220752 0.0301967 0.0373092 0.0371277 0.028036 0.0303608 0.0288771 0.0312308 0.0282241 0.0194686 0.0189742 0.0129793 0.0240319 0.0491546 0.0492032 0.0503333 0.0299343 0.0350929 0.0274035 0.0360974 0.0511456 0.0609819 0.0772731 0.0831803 0.0303862 0.0276336 0.0364507 0.0299845 0.0195589 0.0272407 0.035311 0.0195016 0.0183136 0.0164109 0.0191845 0.0140039 0.0138367 0.0193857 0.0241596 0.0285753 0.028849 0.0258381 0.01782 0.0150009 0.0117416 0.0178843 0.0261148 0.0412515 0.0499101 0.0392868 0.032504 0.0262533 0.0330496 0.0248516 0.00473755 
0.000635025 0.0129965 0.018203 0.0282025 0.0297161 0.0348314 0.0280136 0.0298739 0.0238594 0.0222094 0.0311994 0.0251246 0.0235034 0.0138919 0.0198184 0.0363978 0.0462116 0.0698723 0.0397089 0.0349452 0.0375043 0.0317374 0.0293941 0.0182747 0.0094376 0.0089974 0.0215882 0.0490784 0.0564318 0.0409141 0.0410633 0.0399061 0.047812 0.040035 0.0269325 0.0326025 0.0612666 0.0396683 0.0195438 0.022816 0.0420057 0.0525468 0.0312053 0.0272686 0.0247017 0.023647 0.0196248 0.0209359 0.0172066 0.0163302 0.0182218 0.0172259 0.0141909 0.0205206 0.0316393 0.0380997 0.0253163 0.0118454 0.0165054 0.0138563 0.0190805 0.0331443 0.0471011 0.0382283 0.0228347 0.0295798 0.0295704 0.0211276 0.00335888 
0.000477995 0.012032 0.0230925 0.0303168 0.0237046 0.0264936 0.0314357 0.0252733 0.0338741 0.0397106 0.0285618 0.0262427 0.0217234 0.0148914 0.0192937 0.0342857 0.0416046 0.0527296 0.0365095 0.029411 0.0220896 0.0247509 0.0256289 0.0147681 0.0143315 0.0145012 0.0215611 0.0308129 0.0380409 0.0329046 0.0425961 0.0327921 0.0253281 0.0268678 0.0193863 0.0158761 0.0225608 0.0227637 0.0229172 0.0263906 0.0362931 0.0430306 0.0360246 0.0259751 0.0250166 0.0308365 0.0258952 0.0243975 0.0160719 0.0174123 0.0159798 0.0198554 0.0169858 0.0188168 0.0293171 0.0335845 0.025077 0.0215247 0.0258212 0.0196795 0.0270385 0.0276602 0.0364611 0.0301675 0.0229076 0.019891 0.0198185 0.0121403 0.00139211 
1.43302e-05 0.00843971 0.0229913 0.0264374 0.0278204 0.0282216 0.0271932 0.0287283 0.0413022 0.0448563 0.0355564 0.0344428 0.0260891 0.0210265 0.0185178 0.0287514 0.0382533 0.0361247 0.0374916 0.0335165 0.0213446 0.0302228 0.0236874 0.0217332 0.0237662 0.0177556 0.0242672 0.0275631 0.0280608 0.0470034 0.102873 0.0323885 0.0161128 0.0213789 0.0187575 0.0130329 0.012928 0.0249869 0.0312959 0.0314989 0.0306972 0.0259488 0.0271021 0.0251844 0.0239337 0.0232535 0.0305981 0.0227025 0.0171117 0.0145621 0.00987981 0.018394 0.023754 0.0235208 0.0321673 0.0261682 0.0186632 0.0199829 0.0188381 0.026152 0.0318772 0.030116 0.031382 0.0328884 0.019199 0.0152886 0.0144633 0.00801361 0.0011478 
1.12358e-06 0.00195974 0.0207208 0.0257131 0.022167 0.0290276 0.0337666 0.0267575 0.0357859 0.0367477 0.0323889 0.0326731 0.0247808 0.0227868 0.0176476 0.0254928 0.0208305 0.0257687 0.0221773 0.0210141 0.0190539 0.0243112 0.0207421 0.024255 0.0244791 0.0215799 0.0213677 0.0246109 0.0292484 0.0283826 0.0908108 0.0476279 0.0205838 0.0201484 0.0248605 0.0156946 0.0149326 0.027223 0.0335252 0.0268963 0.0241201 0.0210569 0.0202117 0.0214726 0.0223443 0.0218753 0.0261841 0.0225967 0.0208524 0.0152402 0.00822985 0.00954083 0.0162948 0.0261813 0.0253846 0.0284574 0.0197807 0.0210553 0.0202689 0.033064 0.0329887 0.0216679 0.0229895 0.0207729 0.0123057 0.0120312 0.0105969 0.00759926 0.000336638 
0 0.000505074 0.0123469 0.0209288 0.0174491 0.018066 0.0258566 0.0310225 0.0284584 0.0318637 0.0261775 0.0233736 0.0193261 0.0220745 0.0282085 0.0294713 0.0206185 0.0135683 0.0160802 0.0147921 0.0167694 0.0174268 0.022582 0.0208768 0.0229499 0.0296225 0.0255003 0.0460264 0.0387796 0.0349268 0.0714883 0.0262492 0.016072 0.0157841 0.0199931 0.0230509 0.0250524 0.0175522 0.0224177 0.0230443 0.0201392 0.0152532 0.0211875 0.0211738 0.0217918 0.0208107 0.0227313 0.0219661 0.0278263 0.0116514 0.00458423 0.0105881 0.0150352 0.0219642 0.0285785 0.0257729 0.0257607 0.0215142 0.0235595 0.0302826 0.0223615 0.0124493 0.00681565 0.0045896 0.0103467 0.00799732 0.00335804 0.000981887 8.13548e-05 
0 3.33713e-05 0.00668899 0.0173122 0.00938218 0.0135913 0.0252641 0.0277461 0.0299003 0.0303873 0.0258444 0.0218197 0.0181075 0.0179658 0.0208325 0.029267 0.0237812 0.0139419 0.0207533 0.020759 0.0191952 0.0154481 0.0131169 0.0165136 0.0277804 0.0360168 0.0264462 0.0499764 0.0433618 0.0519627 0.0527581 0.0147685 0.0168464 0.0184216 0.0183879 0.0330514 0.0317158 0.0196178 0.014309 0.0167347 0.0165046 0.0169502 0.0206418 0.0176602 0.0193555 0.0220379 0.0227747 0.0158865 0.0145667 0.00442395 0.00230089 0.00917339 0.0194376 0.0154992 0.0183004 0.0211376 0.0225958 0.0216499 0.0166037 0.0253689 0.018894 0.00828392 0.00584448 0.00283939 0.00572458 0.00765483 0.00217 0.000489966 0 
0 6.67339e-05 0.00415005 0.0120759 0.0096292 0.00955025 0.0168847 0.0226804 0.0175513 0.0182988 0.01294 0.012233 0.0137854 0.0213982 0.015675 0.0217533 0.0282413 0.0176096 0.0163071 0.0182212 0.0178911 0.0176903 0.0224941 0.0199809 0.0357456 0.0335431 0.0371496 0.0439378 0.0752298 0.0563452 0.0175166 0.0190898 0.0225283 0.0215289 0.0216395 0.0225538 0.0236062 0.0136779 0.0134098 0.0128715 0.0187897 0.0211349 0.0226686 0.0203267 0.019202 0.0264377 0.0249473 0.0155081 0.00781232 0.00256577 0.00186858 0.0100549 0.021493 0.01745 0.0109822 0.0137572 0.0169685 0.0174842 0.0180971 0.0176447 0.0171373 0.00317151 0.00257193 0.00520625 0.00803459 0.0128938 0.012414 0.00280505 0 
0 0 0.00149197 0.00665455 0.00891533 0.00407891 0.0138218 0.0173307 0.0176462 0.0172358 0.0128179 0.0124889 0.0213492 0.0200872 0.0169016 0.01685 0.0163007 0.0153377 0.0148381 0.0194162 0.0161375 0.0254736 0.0310451 0.0352593 0.0407112 0.0381304 0.0347239 0.0257377 0.03171 0.0231944 0.0187769 0.0257817 0.0280861 0.0228315 0.0146815 0.0160029 0.0155528 0.0137489 0.012042 0.0173505 0.0196183 0.0217633 0.0213506 0.0172455 0.0226941 0.0251145 0.0220538 0.0184074 0.0071338 0.00587366 0.00626526 0.0103741 0.0132287 0.0149305 0.0240243 0.0286097 0.0232007 0.0143278 0.0172844 0.0192941 0.0178877 0.00843226 0.00315689 0.0066754 0.00409587 0.00857979 0.00931765 0.00163724 0 
0 0 3.39183e-05 0.00237048 0.00520475 0.00181746 0.00695237 0.0136142 0.0204287 0.0182654 0.0109694 0.00838265 0.0071777 0.00794623 0.0116296 0.01602 0.0132073 0.0117986 0.00965566 0.0168172 0.0187539 0.0253958 0.0245204 0.0201167 0.0235377 0.0305185 0.0311267 0.0339991 0.0237714 0.0132554 0.0237212 0.0288817 0.0246556 0.0197123 0.0126087 0.0143592 0.0180733 0.017347 0.0117086 0.0226872 0.0207698 0.0181359 0.0190751 0.0180582 0.0217456 0.0268935 0.0268452 0.0170413 0.011168 0.0147392 0.0167041 0.0166906 0.0108866 0.0118733 0.0198694 0.0382082 0.0308476 0.00864483 0.0152212 0.0143739 0.0139084 0.00575461 0.00616137 0.0099753 0.00894523 0.00919708 0.00448351 0.0010679 0 
0 0 0 2.60996e-05 0.00129754 0.00740359 0.0121743 0.0155997 0.0138778 0.0134298 0.0141488 0.00730188 0.00662805 0.00703983 0.00764054 0.0149139 0.0142847 0.0182742 0.0159835 0.0138142 0.0112708 0.0157388 0.0165755 0.0155752 0.0231029 0.0224111 0.0248233 0.0322086 0.0257658 0.0220232 0.0302732 0.0276008 0.024083 0.0175708 0.0131293 0.0169391 0.0195072 0.0151668 0.0124978 0.0183606 0.018454 0.0195554 0.0181316 0.0209333 0.018701 0.0209828 0.0254273 0.0242272 0.0119909 0.0376671 0.0479717 0.0223122 0.00930325 0.00984658 0.00760143 0.0167024 0.0162399 0.00858727 0.0112949 0.0131507 0.00971535 0.0080056 0.00684907 0.00754848 0.00803768 0.00964102 0.00316518 4.96379e-06 0 
0 0 0 0 0.00124482 0.00744076 0.0182578 0.0171086 0.0127877 0.0141937 0.0107934 0.00644266 0.00863169 0.0101938 0.00859664 0.015778 0.0189181 0.0186024 0.0150782 0.0153668 0.0147673 0.0149878 0.0183658 0.0105498 0.0155829 0.0136477 0.0185789 0.0258215 0.0257761 0.029387 0.0289252 0.0265607 0.0198065 0.0128602 0.00568081 0.012806 0.0149361 0.0179133 0.0166935 0.0191322 0.018245 0.0234254 0.0221939 0.0195502 0.0184037 0.0147939 0.0175182 0.0211798 0.0120386 0.034108 0.0527237 0.0183222 0.00787202 0.00914376 0.00896903 0.0133022 0.0215551 0.0180499 0.0143335 0.0180306 0.0150572 0.00720755 0.00334697 0.00419391 0.00656391 0.0028326 0.00171265 0 0 
0 0 0 0 0.00114234 0.00742564 0.0187347 0.0142987 0.0154115 0.0134365 0.00960638 0.0113067 0.0158568 0.0181608 0.0161538 0.0157339 0.0279843 0.0190284 0.0191248 0.0140495 0.0153757 0.0160498 0.021002 0.016258 0.0134696 0.0186146 0.0203571 0.0213541 0.0256229 0.0299515 0.0311934 0.0274139 0.0235757 0.00676608 0.00902237 0.0152829 0.0142872 0.0110021 0.0148591 0.0105594 0.0160625 0.0254929 0.0127936 0.010558 0.0115811 0.00989456 0.0132836 0.0174763 0.0136076 0.0125614 0.0179064 0.012627 0.00660321 0.00799291 0.0127889 0.0146817 0.0143961 0.0146965 0.0124816 0.0175209 0.0177067 0.0154128 0.012419 0.00842643 0.00308003 0.000327074 0 0 0 
0 0 0 0 0.000291751 0.00466473 0.00990625 0.00577004 0.0109906 0.010517 0.0109639 0.0122047 0.0156684 0.0181793 0.0141184 0.0120335 0.0184743 0.0165341 0.0148736 0.0130166 0.0144809 0.0101027 0.0120308 0.0136976 0.0134476 0.0225233 0.0183408 0.0128186 0.0198013 0.0230707 0.0314074 0.032447 0.0337838 0.0170094 0.0152774 0.0182924 0.0216224 0.0160652 0.0182879 0.0152878 0.0146875 0.0153086 0.00639418 0.00979579 0.012383 0.0166277 0.0161041 0.0153325 0.0155347 0.0148089 0.0113602 0.00775576 0.00703911 0.00781458 0.00879845 0.00873141 0.0098512 0.0128736 0.0097098 0.0130703 0.0137258 0.0151185 0.0105986 0.00499437 0.000229932 1.50973e-05 0 0 0 
0 0 0 0 0 0.00368618 0.00580617 0.00611009 0.00531032 0.00928587 0.00896791 0.00615174 0.00573954 0.00658619 0.00453284 0.00766335 0.00998041 0.00642905 0.00912131 0.00997102 0.00790296 0.00837056 0.0104174 0.0105935 0.0140151 0.0224329 0.017007 0.0147308 0.0156191 0.0174681 0.0171994 0.0254854 0.0398904 0.0341304 0.0210393 0.0194754 0.0216047 0.018972 0.0180766 0.0110676 0.0111169 0.0116097 0.0102116 0.0102719 0.0138898 0.0176317 0.017765 0.0129898 0.0148282 0.0152691 0.00884794 0.00565242 0.00598381 0.0101659 0.00881628 0.0131086 0.014788 0.0121414 0.01009 0.00590224 0.00667603 0.0115149 0.0127425 0.00415507 4.82674e-05 0 0 0 0 
0 0 0 0 0 0.0016205 0.00463951 0.00604305 0.00667326 0.00914743 0.0071901 0.00273884 0.00219447 0.00542794 0.00338599 0.00561402 0.00488352 0.00631734 0.00517797 0.00628559 0.00414967 0.00834762 0.0134214 0.0192527 0.0210158 0.0177274 0.0156845 0.0129826 0.0185469 0.0186911 0.0201746 0.0249122 0.0382949 0.039175 0.0345787 0.0279338 0.0182098 0.015929 0.0158986 0.013596 0.0113956 0.0170792 0.0205974 0.0136937 0.0136802 0.0114105 0.00716471 0.0115521 0.00986352 0.0137765 0.0156601 0.0151246 0.0165939 0.0171591 0.0101907 0.0122588 0.0156054 0.00987613 0.0104672 0.0102217 0.0104667 0.0123306 0.00876631 0.00319172 0.000484507 0 0 0 0 
0 0 0 0 0 0.000103479 0.00158411 0.00726849 0.0118437 0.0161819 0.0176095 0.00958477 0.00882636 0.0109923 0.0109377 0.00260979 0.00576873 0.0101217 0.0136001 0.00682581 0.00556443 0.018539 0.0164283 0.01802 0.0205429 0.0195689 0.017734 0.0173287 0.0250726 0.0211581 0.0277868 0.0224109 0.0277811 0.0301166 0.0302126 0.020806 0.0175325 0.0118106 0.0118546 0.0131096 0.0174426 0.0186972 0.0252624 0.0170335 0.0146058 0.0127326 0.00817559 0.00754494 0.00805633 0.016936 0.0559436 0.0369413 0.0236749 0.0196718 0.0118105 0.0154139 0.0184927 0.0130977 0.012298 0.00442882 0.00883107 0.0141843 0.00895464 0.00180935 0 0 0 0 0 
0 0 0 0 0 0 0.000522415 0.00580813 0.016092 0.0269349 0.0261877 0.0217165 0.0175489 0.0105903 0.0128065 0.010454 0.00794626 0.016727 0.0165877 0.010051 0.00669794 0.0175133 0.0197579 0.0123451 0.0188545 0.0116736 0.0183882 0.0172844 0.0253837 0.0230284 0.0243597 0.0270495 0.0303092 0.024992 0.0208724 0.0191959 0.0185357 0.0157418 0.0136905 0.0135439 0.0161139 0.0170879 0.036547 0.0294252 0.0187148 0.018656 0.0100436 0.0111591 0.0130158 0.0386204 0.183866 0.0963026 0.0202776 0.0164619 0.0123309 0.0134933 0.0183191 0.0147778 0.0164417 0.00743039 0.00429522 0.0069495 0.00684118 0.000937201 0 0 0 0 0 
0 0 0 0 0 0 1.88742e-05 0.00141168 0.00786204 0.0176784 0.0214484 0.0239116 0.00998108 0.00454142 0.00829889 0.0123719 0.0101853 0.0140311 0.0199798 0.00587313 0.00598928 0.0159819 0.0173731 0.0128868 0.018349 0.0141112 0.0124284 0.0132049 0.0154372 0.0195148 0.0160002 0.0201227 0.0244715 0.0183048 0.0149248 0.0163441 0.020941 0.0204374 0.0234388 0.0157802 0.0100421 0.0146866 0.0363574 0.0262001 0.0153023 0.0199961 0.0143852 0.0105052 0.0128807 0.0218298 0.0520808 0.0345226 0.0200457 0.0165084 0.0160061 0.0159459 0.0161971 0.0167276 0.0143768 0.00935551 0.00487033 0.00429424 0.000488292 4.92698e-06 0 0 0 0 0 
0 0 0 0 0 0 0 0.000118005 0.00310369 0.0105302 0.0099727 0.007416 0.0019838 0.000521308 0.00580646 0.0147175 0.013136 0.0146115 0.0178169 0.0107667 0.0125744 0.0302932 0.0309362 0.0150598 0.0225321 0.0226528 0.011366 0.0141902 0.0123644 0.0151615 0.0111348 0.0134916 0.0126398 0.0117442 0.0122849 0.0134908 0.0219656 0.0234255 0.0204359 0.0188097 0.016024 0.0149423 0.0187916 0.0198207 0.0144836 0.0184007 0.0182102 0.017768 0.0127019 0.014112 0.0197575 0.0237205 0.0259264 0.0210405 0.0163262 0.0208104 0.0190352 0.0213913 0.0167374 0.010719 0.00453014 0.000889177 0 0 0 0 0 0 0 
0 0 0 0 0 0 0 0 0.000109898 0.00108056 0.00175822 0.00204212 0.000779326 0.00160516 0.00749464 0.0136534 0.012364 0.0166549 0.0109609 0.0170651 0.0185033 0.0210755 0.0197745 0.012029 0.020187 0.0208344 0.0163958 0.021503 0.0222855 0.0181371 0.0166477 0.0160608 0.0182249 0.0164977 0.0164056 0.0128477 0.0193726 0.0205529 0.0179707 0.0176634 0.0204361 0.0188999 0.0112976 0.0139108 0.0150302 0.0127646 0.0238445 0.0265009 0.0219276 0.0227555 0.0206467 0.0220041 0.0222516 0.0194287 0.0165768 0.0226878 0.0169814 0.0192479 0.0176661 0.00850438 0.00211396 2.89992e-06 0 0 0 0 0 0 0 
0 0 0 0 0 0 0 0 0 0 0 0 0 0.000474686 0.00771597 0.0123639 0.00821811 0.0130134 0.011232 0.0195206 0.0230233 0.0299657 0.0297933 0.0129739 0.0142501 0.0239175 0.0203473 0.0307985 0.0195087 0.00998516 0.0144993 0.0209396 0.0176814 0.0178242 0.0180885 0.0189216 0.0187052 0.0155694 0.0154118 0.0158582 0.0225898 0.0266294 0.0180585 0.0140847 0.0175712 0.0211039 0.0248794 0.0210196 0.0281316 0.0231942 0.0200142 0.0188279 0.023065 0.0212337 0.0177772 0.0166443 0.0107642 0.0108069 0.0105841 0.00289427 4.94266e-05 0 0 0 0 0 0 0 0 
0 0 0 0 0 0 0 0 0 0 0 0 0 0.000278158 0.00314086 0.00330398 0.00258439 0.0106153 0.0124837 0.0128387 0.0166253 0.0370699 0.0354019 0.0110254 0.0148517 0.0212348 0.0213465 0.0360903 0.0229837 0.00700249 0.0156007 0.0257088 0.0259261 0.0153671 0.023433 0.0187605 0.0143187 0.0168652 0.0141141 0.0151686 0.021188 0.0282216 0.022242 0.0196357 0.0219606 0.0279357 0.0283118 0.0202367 0.0194559 0.0210261 0.0201644 0.0161584 0.0182 0.0225935 0.0164352 0.0115764 0.00380844 0.00335949 0.00130987 1.85858e-05 0 0 0 0 0 0 0 0 0 
0 0 0 0 0 0 0 0 0 0 0 0 0 0 3.83799e-05 0.000328943 0.00256217 0.0122966 0.012186 0.00654677 0.0129731 0.0158463 0.0149445 0.00884728 0.0143699 0.0174823 0.0189727 0.0198723 0.0196377 0.00737891 0.0124704 0.0182516 0.0230762 0.0179348 0.0221395 0.0213254 0.0157597 0.0138841 0.0187707 0.0268251 0.0246616 0.0330488 0.026234 0.0231654 0.0216994 0.02551 0.0240575 0.0136802 0.0164592 0.0193349 0.0176666 0.015022 0.0164691 0.0175952 0.0115274 0.00636839 0.00158568 0.000290208 5.71564e-05 0 0 0 0 0 0 0 0 0 0 
0 0 0 0 0 0 0 0 0 0 0 0 0 0 0 0.000114405 0.00395603 0.0138305 0.0149194 0.0080205 0.00778189 0.00934297 0.0109504 0.00996544 0.0182258 0.0135478 0.010568 0.0175429 0.0134649 0.00794395 0.0130859 0.014291 0.0148687 0.0164002 0.0171425 0.0195298 0.0159587 0.0143585 0.0181108 0.0251054 0.0218118 0.0307322 0.0302661 0.0205719 0.0186757 0.0170357 0.0160718 0.0159424 0.0183093 0.020454 0.0125619 0.0185055 0.0202151 0.0133602 0.00609125 0.000714074 0 0 0 0 0 0 0 0 0 0 0 0 0 
0 0 0 0 0 0 0 0 0 0 0 0 0 0 0 1.79656e-05 0.00395295 0.0106346 0.0142977 0.0176475 0.0427442 0.0529233 0.0157167 0.0065511 0.0168275 0.0115411 0.00994733 0.0159725 0.0190382 0.0201948 0.026037 0.0304336 0.0136765 0.0152155 0.0160148 0.0213479 0.0175112 0.0129468 0.0177416 0.0139181 0.0196269 0.0244871 0.0232591 0.0313061 0.0282528 0.0219448 0.0220642 0.0246769 0.0229884 0.0211903 0.0174494 0.0157235 0.0134569 0.00686516 0.0016395 9.5003e-05 0 0 0 0 0 0 0 0 0 0 0 0 0 
0 0 0 0 0 0 0 0 0 0 0 0 0 0 0 0 0.00256108 0.00742031 0.0111077 0.0174778 0.0438664 0.0836202 0.0265401 0.00796448 0.01078 0.0211931 0.0136999 0.0190199 0.0232732 0.0228113 0.0276993 0.0228641 0.0189975 0.0135066 0.0135625 0.0199292 0.0191643 0.0113523 0.0130383 0.0138706 0.0163949 0.0129154 0.0157889 0.027104 0.0270106 0.018658 0.0194853 0.0270984 0.02193 0.0150916 0.0136956 0.00812439 0.00221068 0.000471843 6.318e-05 0 0 0 0 0 0 0 0 0 0 0 0 0 0 
0 0 0 0 0 0 0 0 0 0 0 0 0 0 0 0 0 0.000896342 0.00459733 0.00960468 0.0189175 0.0200876 0.0151236 0.00881627 0.00616103 0.0188496 0.0186857 0.0136305 0.00896566 0.0134252 0.0246341 0.0225396 0.0177543 0.0106091 0.0109505 0.0204672 0.0205908 0.0170076 0.015407 0.012184 0.015525 0.0151034 0.0139006 0.013938 0.0208201 0.0172423 0.0168216 0.0124182 0.00851348 0.0071807 0.00633521 0.0010255 0.00021175 5.21644e-06 0 0 0 0 0 0 0 0 0 0 0 0 0 0 0 
0 0 0 0 0 0 0 0 0 0 0 0 0 0 0 0 0 0 0.000590152 0.00133424 0.0048487 0.00564046 0.00819429 0.00171797 0.00147901 0.0135413 0.0189463 0.0120065 0.0054202 0.00845641 0.0168369 0.0197606 0.0102809 0.00538166 0.00566874 0.0144966 0.0159118 0.0228805 0.0204634 0.0102266 0.00837694 0.0149878 0.0107377 0.0106726 0.0123075 0.0123527 0.00859713 0.00307852 0.00115112 0.000443904 0.000631091 2.75474e-05 0 0 0 0 0 0 0 0 0 0 0 0 0 0 0 0 0 
0 0 0 0 0 0 0 0 0 0 0 0 0 0 0 0 0 0 0 0 0 0 0.000227587 3.12774e-05 0.000938832 0.00618802 0.015398 0.0197108 0.0139096 0.018428 0.00590787 0.00389239 0.00300635 0.00448793 0.00268098 0.00607382 0.0175674 0.0225851 0.0232926 0.0151242 0.00374382 0.00689888 0.00741294 0.00483423 0.00762782 0.00452721 0.00108152 0.000698659 0.000370295 0 0 0 0 0 0 0 0 0 0 0 0 0 0 0 0 0 0 0 0 
0 0 0 0 0 0 0 0 0 0 0 0 0 0 0 0 0 0 0 0 0 0 0 0 3.45094e-05 0.00087196 0.00648366 0.0145129 0.0204639 0.0188394 0.00185175 0.000434446 0.00023651 0.000657395 0.000459509 0.00130026 0.0124783 0.0146991 0.0199164 0.0200743 0.00420466 0.00205923 0.00743023 0.00451496 0.000652338 5.48909e-05 0 0 0 0 0 0 0 0 0 0 0 0 0 0 0 0 0 0 0 0 0 0 0 
0 0 0 0 0 0 0 0 0 0 0 0 0 0 0 0 0 0 0 0 0 0 0 0 0 7.95541e-05 0.000375623 0.0017907 0.00410937 0.00322051 4.35256e-05 0 0 0.00017309 0.000107223 0.000168644 0.0030764 0.00516207 0.0083833 0.0108884 0.00181888 2.70404e-05 0.00076724 0.000846609 0 0 0 0 0 0 0 0 0 0 0 0 0 0 0 0 0 0 0 0 0 0 0 0 0 

