0 0 0 0 0 0 0 0 0 0 0 0 0 0 0 0 0 0 0 0 0 0 0 0 0 0 0 0 0 8.17079e-05 7.43224e-05 0.00013492 0 0 0 0 2.25779e-05 2.59032e-05 0.000350164 0.000116188 0 0 0 0 0 0 0 0 0 0 0 0 0 0 0 0 0 0 0 0 0 0 0 0 0 0 0 0 0 
0 0 0 0 0 0 0 0 0 0 0 0 0 0 0 0 0 0 0 0 0 0 0 0 0 0 5.92763e-05 0.000649739 0.0024281 0.00525595 0.00645894 0.00390397 0.00212654 0.000345913 0 0.00091617 0.00610114 0.00432855 0.00514965 0.00247619 9.24965e-05 0 0.000267182 0.000159081 9.20868e-05 0 0 0 0 0 0 0 0 0 0 0 0 0 0 0 0 0 0 0 0 0 0 0 0 
0 0 0 0 0 0 0 0 0 0 0 0 0 0 0 0 0 0 0 0 0 0 0 0.000309366 0.00159013 0.00395011 0.00440534 0.00405714 0.00716645 0.0125355 0.0153753 0.00760655 0.00797789 0.00515982 0.00166094 0.00382872 0.0205292 0.0198547 0.0125214 0.00480832 0.00565495 0.000817236 0.00361384 0.00516264 0.00472914 0.000867094 0.000110824 0 0 0 0 0 0 0 0 0 0 0 0 0 0 0 0 0 0 0 0 0 0 
0 0 0 0 0 0 0 0 0 0 0 0 0 0 0 0 0 0 0 1.60872e-05 0.000551733 0.0034764 0.00443607 0.00848863 0.0104792 0.0168074 0.0134195 0.0122391 0.0145576 0.0163538 0.0157604 0.013575 0.0181502 0.0128946 0.00511697 0.00395737 0.0110854 0.0233477 0.0226861 0.010265 0.00765222 0.00404698 0.00637332 0.0123226 0.0134732 0.00704803 0.000602168 0.000111441 0 0 0 0 0 0 0 0 0 0 0 0 0 0 0 0 0 0 0 0 0 
0 0 0 0 0 0 0 0 0 0 0 0 0 0 0 0 0 0 0 0.000456557 0.00753771 0.0166798 0.0197691 0.0177237 0.0139852 0.0182478 0.00859859 0.00996329 0.0138854 0.0168381 0.0134676 0.0139843 0.0197463 0.0192475 0.0127157 0.00946837 0.0126963 0.0167751 0.0182839 0.0150075 0.0105018 0.00775989 0.00956837 0.0189175 0.0174948 0.0101716 0.00421007 0.00332411 0.000842618 0.000526027 0.000343714 0 0 0 0 0 0 0 0 0 0 0 0 0 0 0 0 0 0 
0 0 0 0 0 0 0 0 0 0 0 0 0 0 0 0 0 1.32453e-07 2.57863e-05 0.000440196 0.00166729 0.00688486 0.0157029 0.014461 0.0193557 0.0215886 0.0184462 0.0244197 0.0193405 0.0202751 0.0167369 0.0134455 0.016405 0.0185288 0.0152855 0.0183415 0.0178814 0.0167178 0.0174437 0.018379 0.0124682 0.0138143 0.0102439 0.0112288 0.0227107 0.0158027 0.00715229 0.00515192 0.00408794 0.00313124 0.00498857 0.00413217 0.00135651 4.75486e-05 0 0 0 0 0 0 0 0 0 0 0 0 0 0 0 
0 0 0 0 0 0 0 0 0 0 0 0 0 0 0 0 0 4.06408e-06 0.0011686 0.00409371 0.00652356 0.0063477 0.0085827 0.0190656 0.031562 0.0279261 0.0239053 0.0256456 0.0184623 0.0200415 0.0134287 0.0143876 0.012509 0.0163989 0.0122528 0.0121442 0.0132921 0.0164091 0.0189721 0.0228019 0.0154995 0.0148548 0.0129794 0.0123199 0.0164197 0.01866 0.00772214 0.00361693 0.00507251 0.00494355 0.0126859 0.0144042 0.00551917 0.000120836 2.62904e-05 0 0 0 0 0 0 0 0 0 0 0 0 0 0 
0 0 0 0 0 0 0 0 0 0 0 0 0 1.78773e-07 0.000238694 0.00188005 0.00132225 0.000173942 0.00101547 0.00430871 0.0144731 0.0199096 0.0163158 0.00870366 0.00685928 0.0116279 0.0144129 0.018217 0.0187619 0.0222851 0.0182664 0.0156889 0.0144008 0.0182829 0.0152263 0.0110249 0.013335 0.0137196 0.0128828 0.0211266 0.0204326 0.0213615 0.0154725 0.0176723 0.013997 0.0177177 0.0117899 0.00445662 0.00370028 0.00648882 0.00963366 0.0169514 0.0104848 0.00182612 0.000849425 7.68559e-06 0 0 0 0 0 0 0 0 0 0 0 0 0 
0 0 0 0 0 0 0 0 0 0 0 0 7.25932e-05 0.00157524 0.00226533 0.00589385 0.00793916 0.00387895 0.00491853 0.0133062 0.0168256 0.0214211 0.0259026 0.0160288 0.0102082 0.0180004 0.0167729 0.0138729 0.0193641 0.0173479 0.0156563 0.0175529 0.0184932 0.0152117 0.0173261 0.0141863 0.014494 0.0258406 0.0242907 0.026612 0.0253876 0.0178535 0.0185912 0.0201493 0.0176419 0.0167604 0.0180759 0.0159411 0.00988371 0.0067256 0.00466093 0.00905107 0.015096 0.00810481 0.00506476 0.00159092 0.00104541 0.000221002 0 0 0 0 0 0 0 0 0 0 0 
0 0 0 0 0 0 0 0 0 0 0 5.0261e-05 0.00184987 0.00481752 0.00957835 0.0143304 0.0154406 0.0170421 0.0175939 0.0156296 0.0108881 0.0128801 0.0198197 0.0221592 0.0162548 0.0252475 0.0240951 0.0216301 0.0188386 0.0170128 0.0210653 0.0285161 0.0343799 0.0361668 0.0309682 0.0267855 0.0231294 0.0227444 0.0266376 0.020545 0.0196358 0.0240627 0.0217912 0.0198638 0.0183767 0.0183749 0.017009 0.021632 0.0183248 0.0120963 0.00663444 0.00687673 0.0117282 0.0118231 0.0138667 0.00777745 0.00789037 0.00210336 0.0002184 0 0 0 0 0 0 0 0 0 0 
0 0 0 0 0 0 0 0 0 0 0.000470412 0.00327544 0.00722249 0.0081912 0.0148881 0.0209355 0.0164085 0.0208521 0.0216133 0.015907 0.0108089 0.0136358 0.0207187 0.0236325 0.0244831 0.0262524 0.0209911 0.0133623 0.0207166 0.020281 0.0211073 0.0353703 0.051947 0.040476 0.0305537 0.0199019 0.020412 0.0229947 0.0213332 0.0147674 0.0196233 0.0182361 0.0213948 0.0216993 0.0187448 0.0202785 0.0212079 0.0152929 0.0175824 0.0165608 0.0181358 0.00974086 0.0100199 0.0107712 0.0184329 0.0183559 0.0135949 0.00692856 0.00360448 0.00015546 0 0 0 0 0 0 0 0 0 
0 0 0 0 0 0 0 0 0 0.00041896 0.00426166 0.00832674 0.0128101 0.0138373 0.0201033 0.0193922 0.0185225 0.0225883 0.0259386 0.0151754 0.0127236 0.0158827 0.0152697 0.0247269 0.0246941 0.0270006 0.0210278 0.0140544 0.0170569 0.0269122 0.0186621 0.0201403 0.0273735 0.028328 0.026506 0.0166623 0.0192194 0.0245424 0.0200067 0.0170513 0.0226121 0.0167298 0.0232942 0.0199427 0.0205362 0.0225577 0.0207101 0.017991 0.0238029 0.0218493 0.020627 0.0145403 0.0119463 0.0134316 0.0149164 0.0187675 0.018901 0.0120585 0.00534177 0.000154997 0 0 0 0 0 0 0 0 0 
0 0 0 0 0 0 0 0 0 0.000896317 0.00724436 0.0102963 0.0145638 0.0128527 0.0182629 0.0172816 0.0197145 0.0215232 0.0197746 0.0171179 0.013437 0.0117435 0.0118403 0.0175364 0.0203597 0.0217293 0.0214095 0.0181129 0.0169449 0.0186363 0.0187871 0.0143598 0.018565 0.0279742 0.0212976 0.0190138 0.0203378 0.0185515 0.0147027 0.0145859 0.0211232 0.0201849 0.0203772 0.0188528 0.0282147 0.0223927 0.0228207 0.0242764 0.0264181 0.0266319 0.0220082 0.0199482 0.0143627 0.0124318 0.0121617 0.0175143 0.0145046 0.0107518 0.00550123 0.00107632 0.00168266 0.000366078 0 0 0 0 0 0 0 
0 0 0 0 0 0 0 0 0.000217851 0.000245989 0.00558222 0.0102475 0.0135652 0.0115252 0.0106652 0.0140876 0.0163224 0.00908979 0.01079 0.0149432 0.0131029 0.0166684 0.0210041 0.0249095 0.0249357 0.0286096 0.0275779 0.0223084 0.020172 0.0241751 0.0184623 0.0128599 0.0198163 0.019223 0.0168115 0.0169391 0.0206146 0.0205622 0.0144011 0.0129145 0.0186496 0.0199906 0.0177487 0.023154 0.0300789 0.0239115 0.0210718 0.0221517 0.0250046 0.0266471 0.023165 0.014534 0.0142431 0.0154927 0.0153993 0.0162554 0.0141192 0.00885042 0.00694193 0.00516164 0.0133318 0.00396698 2.896e-06 0 0 0 0 0 0 
0 0 0 0 0 0 0 7.69548e-05 0.0019811 0.00543293 0.00470425 0.00835152 0.012381 0.00918873 0.00985016 0.0144228 0.0126812 0.00767279 0.00841491 0.0121622 0.0202915 0.0204609 0.0306159 0.0263924 0.0238327 0.0229485 0.0214668 0.0188524 0.0147539 0.024309 0.0144714 0.0184262 0.0246489 0.0231941 0.0213989 0.0234043 0.0198645 0.0210375 0.017422 0.0191053 0.0235642 0.0206624 0.0176972 0.0205693 0.0290864 0.0257386 0.0222713 0.0228476 0.0257789 0.0186185 0.0181878 0.0166678 0.0153997 0.0137919 0.0164366 0.0166235 0.0169504 0.0127536 0.0117268 0.00945223 0.00447692 0.00384999 0.000651248 0 0 0 0 0 0 
0 0 0 0 0 0 5.67155e-06 0.00242435 0.00782527 0.00897007 0.0071876 0.0113482 0.0141769 0.0101517 0.0154982 0.0172629 0.0128588 0.0157111 0.0166424 0.0165698 0.0162968 0.0149004 0.0179075 0.0200513 0.0203771 0.0243081 0.0191473 0.0233873 0.0143497 0.0218939 0.0169779 0.0291637 0.024707 0.0270474 0.0315004 0.025837 0.0158474 0.0154739 0.0192689 0.0221567 0.021119 0.0213667 0.0227326 0.0180478 0.0213343 0.0223496 0.0232425 0.0203057 0.0249904 0.0192956 0.0148257 0.016999 0.0155183 0.00828084 0.0104258 0.0166611 0.0175057 0.0126958 0.0195266 0.0160992 0.00422316 0.00276439 0.000783887 0 0 0 0 0 0 
0 0 0 0 0 6.41049e-05 0.00394134 0.00815316 0.0144349 0.0170924 0.0157226 0.0145679 0.0171284 0.0103601 0.0122406 0.0163915 0.0200836 0.0230233 0.0237691 0.0167519 0.0158458 0.0136987 0.0130835 0.0155821 0.0186996 0.0189956 0.0175509 0.0222449 0.0219467 0.0226608 0.0164509 0.0372193 0.0488593 0.0357818 0.0252155 0.0236725 0.0155857 0.0160101 0.0200233 0.0215791 0.0179363 0.0153691 0.0196108 0.0163222 0.0175495 0.0189953 0.0151947 0.0147544 0.0244972 0.0188761 0.0209954 0.0191293 0.0138377 0.0105649 0.00975203 0.0129601 0.0139101 0.0181317 0.0172123 0.0127044 0.0031651 0.000545988 1.1571e-05 0 0 0 0 0 0 
0 0 0 0 0 0.000589406 0.00895736 0.0175119 0.0247943 0.0196787 0.017864 0.0168284 0.0191543 0.0145913 0.0212333 0.0229906 0.0201445 0.0253544 0.0227669 0.0214672 0.024309 0.0191385 0.015179 0.0158725 0.0219094 0.0219525 0.0179916 0.0192131 0.0287323 0.0230591 0.022842 0.0519117 0.0669518 0.0447587 0.0261807 0.0227849 0.0160123 0.0174901 0.021253 0.0182709 0.0137943 0.0167625 0.0159358 0.0163641 0.0154818 0.0204495 0.0155554 0.0180513 0.0260848 0.0248027 0.0239957 0.0244671 0.0209782 0.01819 0.019292 0.0222192 0.0135163 0.0144196 0.016703 0.0144469 0.0042317 0.00216408 0.000745383 0.000331902 3.05298e-05 0 0 0 0 
0 0 0 0 0 0.0012652 0.00327984 0.00545674 0.0135308 0.0193433 0.0196331 0.0221561 0.0238359 0.02248 0.0197943 0.0209063 0.0230999 0.0227187 0.0195786 0.0186097 0.023272 0.0231533 0.0155763 0.0167818 0.0313414 0.0254236 0.0164131 0.015685 0.0205422 0.0201299 0.0207128 0.0278711 0.0424456 0.0313466 0.0333688 0.0300167 0.018783 0.0215333 0.0269646 0.0287347 0.0172393 0.0226815 0.0183689 0.0164341 0.0181076 0.0207641 0.016225 0.0178392 0.0233051 0.0215638 0.0206124 0.0232337 0.0198075 0.0179068 0.0211825 0.0181537 0.0116164 0.016785 0.0191887 0.0144178 0.00930458 0.00955142 0.00910292 0.00207427 0.000494201 0.00017714 0 0 0 
0 0 0 0 8.63517e-05 0.00269997 0.00474549 0.00325612 0.00475748 0.00682498 0.0149377 0.0183424 0.027027 0.0308497 0.0217965 0.0168222 0.0215724 0.01994 0.0165052 0.0198478 0.0228886 0.0220911 0.01921 0.0268728 0.0268144 0.023201 0.0238531 0.0163906 0.0133383 0.0185129 0.0169677 0.0130044 0.0194523 0.0235186 0.0288211 0.0195142 0.0179403 0.0233903 0.0262699 0.0271943 0.0214035 0.0200433 0.0191251 0.0151583 0.0168874 0.0200214 0.0155968 0.0159519 0.0213533 0.0222392 0.0225436 0.0260482 0.0190832 0.0168652 0.0196938 0.01344 0.00971564 0.0138828 0.0181168 0.0146532 0.0126131 0.0132799 0.0141459 0.00767619 0.00272301 0.000714756 0 0 0 
0 0 0 0 0.000156165 0.00689301 0.00444691 0.00504946 0.00728343 0.0135823 0.0157273 0.0213071 0.0183891 0.0221657 0.0216959 0.0165294 0.0167317 0.0219557 0.0244457 0.023749 0.0257212 0.0187962 0.0183137 0.0214454 0.0239739 0.0270962 0.0234917 0.0156645 0.0086329 0.0159981 0.0148865 0.0147363 0.021927 0.0269338 0.0270825 0.0206994 0.0184878 0.0261201 0.0235386 0.0235099 0.0271865 0.0208165 0.0161455 0.0139662 0.0221831 0.0282897 0.0218176 0.01293 0.0142665 0.0187824 0.0202908 0.0196004 0.0221009 0.020393 0.022912 0.0164235 0.0165467 0.0189853 0.0203825 0.0177245 0.0187757 0.0141634 0.0127419 0.00579525 0.00328389 0.00102414 0 0 0 
0 0 0 0 0.000925457 0.00298913 0.00538905 0.01239 0.00952103 0.0105761 0.0123586 0.0147678 0.015657 0.0188241 0.0189787 0.0178033 0.0175587 0.0251774 0.0299104 0.0290805 0.0301932 0.0183477 0.0169563 0.0176087 0.0234374 0.017935 0.0188086 0.0101363 0.00888583 0.0124187 0.0149405 0.0151294 0.0287054 0.0337261 0.0243238 0.0263346 0.0316227 0.024457 0.0225951 0.0259068 0.029882 0.0271596 0.0193046 0.0150978 0.0133349 0.0233199 0.0282691 0.0203252 0.0171313 0.0171305 0.0225091 0.0225843 0.0252072 0.025631 0.0227877 0.01859 0.0142427 0.0143794 0.012433 0.0195543 0.0253432 0.0165997 0.0121344 0.0075778 0.00497775 0.0014532 0 0 0 
0 0 6.42768e-05 0.00188963 0.00754579 0.0136346 0.0243434 0.0205997 0.0222641 0.0143531 0.0129569 0.0121919 0.0163324 0.0176313 0.0153919 0.0126054 0.0185173 0.0247301 0.0322509 0.0251418 0.0213979 0.0175111 0.016056 0.017806 0.017862 0.0189608 0.0128523 0.0111059 0.0137688 0.0146435 0.0179412 0.0219481 0.018348 0.0209446 0.0259343 0.0358731 0.0335678 0.0239224 0.0223048 0.0254555 0.0262103 0.0378039 0.0333464 0.021315 0.0187877 0.023661 0.0240504 0.0237479 0.0214315 0.0193406 0.0202336 0.0216937 0.02054 0.0196199 0.023479 0.0178457 0.0153959 0.013302 0.0106806 0.0148219 0.0252598 0.0312824 0.0193681 0.00977692 0.00570407 0.00132386 1.89695e-05 0 0 
0 0 0.00139153 0.0113184 0.0125543 0.0170005 0.0272156 0.0273448 0.0222888 0.0121932 0.0095116 0.0140909 0.0236002 0.0228217 0.0188159 0.0178891 0.0173481 0.028689 0.0231021 0.0190775 0.0219029 0.0210199 0.0184767 0.0158259 0.0221431 0.0172666 0.0150125 0.0178292 0.0192593 0.0196852 0.0215218 0.0206703 0.0193624 0.0225682 0.0326134 0.0369686 0.0347108 0.030026 0.0210175 0.023202 0.0250407 0.0342473 0.0341436 0.0386138 0.0309833 0.0282443 0.0210082 0.0180196 0.0178564 0.0265822 0.0242066 0.0193169 0.0200589 0.0203401 0.0102073 0.0117483 0.0138502 0.0109829 0.0113719 0.0131894 0.0173903 0.0258503 0.0168842 0.0117294 0.00756363 0.00507279 0.00123 3.4585e-05 0 
0 0 0.00352358 0.0162066 0.0142863 0.0184151 0.0204772 0.0202677 0.0126855 0.0124312 0.0160813 0.0145454 0.028661 0.0238202 0.018435 0.0163481 0.0163497 0.023002 0.0204448 0.0219664 0.019988 0.0211108 0.0219867 0.0172418 0.0203092 0.016358 0.0172528 0.0171438 0.0193751 0.0214905 0.0241776 0.0224666 0.0228973 0.0209393 0.024808 0.0268842 0.0216676 0.0222173 0.0218201 0.029587 0.0249142 0.0198116 0.0166577 0.0249472 0.0217169 0.02744 0.0200313 0.0139045 0.0210178 0.0256525 0.0288752 0.0215362 0.0258642 0.023289 0.0189908 0.0143393 0.0191676 0.0133275 0.0115843 0.0121435 0.0165623 0.0207372 0.0194766 0.0147544 0.00718435 0.00244547 0.00299513 0.000135784 0 
0 5.79028e-05 0.00721888 0.0135409 0.0145612 0.0152307 0.0124928 0.0185907 0.0129615 0.0150662 0.0209124 0.0203825 0.0222906 0.0230253 0.022883 0.0200354 0.0208535 0.0189078 0.0112906 0.0155313 0.0182704 0.0248574 0.022169 0.0228732 0.022566 0.0151036 0.017669 0.0233666 0.020744 0.0189398 0.0262694 0.0287227 0.0212895 0.0231037 0.0235513 0.0238843 0.0222818 0.0253961 0.0245587 0.0209601 0.0190834 0.0155049 0.0128471 0.028056 0.0391488 0.0145742 0.0199973 0.0199214 0.0259478 0.0293342 0.0257255 0.0226784 0.025438 0.0238373 0.0134039 0.0152743 0.0208159 0.015384 0.0137738 0.0184668 0.0201331 0.0198762 0.0188416 0.0189629 0.00730434 0.00939919 0.00802099 0.00200487 0 
0 0.000182104 0.0072073 0.0099618 0.00793767 0.0110716 0.0127304 0.0119499 0.0122485 0.0186491 0.0183806 0.0209513 0.0159917 0.023195 0.0221466 0.0245361 0.0209581 0.0158769 0.0165878 0.0175368 0.0178693 0.017263 0.0172852 0.0219683 0.0255768 0.0239595 0.0194449 0.0233293 0.02099 0.0234385 0.0246792 0.0248481 0.0234628 0.0202753 0.0216042 0.0164185 0.0235697 0.0299423 0.0258763 0.0212942 0.02471 0.018975 0.0129578 0.0129321 0.0149395 0.0146803 0.0321304 0.0293652 0.0336193 0.0349436 0.0267803 0.0221838 0.0279486 0.0209037 0.015474 0.01847 0.0251555 0.0181638 0.0139693 0.020275 0.0194147 0.024895 0.0208021 0.0167966 0.011172 0.0223732 0.0212389 0.0116554 0.000835841 
0 0.00066255 0.00744193 0.0195708 0.0155598 0.00924605 0.0101352 0.0114232 0.0113399 0.0147538 0.0126266 0.0163996 0.0224209 0.0258866 0.0204556 0.0256377 0.0195397 0.0176765 0.0216636 0.0218557 0.0222309 0.0231054 0.0286982 0.0222522 0.030305 0.0260337 0.0303876 0.0354351 0.0314904 0.024171 0.0227519 0.019616 0.0175233 0.0252128 0.0256543 0.0161812 0.0291815 0.0318731 0.0254648 0.0193125 0.0196096 0.0182968 0.0202845 0.0122796 0.0160382 0.0179261 0.0308913 0.0367244 0.0340829 0.0312784 0.0181601 0.0220846 0.0249077 0.022643 0.0152614 0.0163659 0.0186783 0.0114268 0.0165126 0.0202425 0.0180365 0.0193015 0.016206 0.0143176 0.0153992 0.0273442 0.0245608 0.0178416 0.00272475 
0 0.0012289 0.0104499 0.0235883 0.0235388 0.0103054 0.00351841 0.00342416 0.00357518 0.00910357 0.0131912 0.0121898 0.0202116 0.0264268 0.0274415 0.0239289 0.0202877 0.0205462 0.0188684 0.0200367 0.0232581 0.0207969 0.0171772 0.0185286 0.0251684 0.0384418 0.0325422 0.0281753 0.0221421 0.0173015 0.0188081 0.0200175 0.0175394 0.0226348 0.0208595 0.0220606 0.0309433 0.0325357 0.0265794 0.0232494 0.0147961 0.0191997 0.0197703 0.0180839 0.0236449 0.026422 0.0358707 0.0331854 0.0238782 0.021653 0.0167589 0.0197479 0.0261785 0.0222053 0.0237267 0.0181059 0.0246885 0.0194032 0.0251968 0.0253591 0.0215027 0.0172371 0.0165028 0.0169276 0.0151225 0.0177746 0.0140517 0.00968035 0.00184433 
0 0.000875755 0.00916555 0.0250514 0.0291564 0.0148021 0.00320596 0.0027633 0.00517699 0.0108505 0.0155023 0.012256 0.0160541 0.0219976 0.0221254 0.0209499 0.0291818 0.0247441 0.0183577 0.0164996 0.0187267 0.0201332 0.0165223 0.0169937 0.0237102 0.0529405 0.0348856 0.0301757 0.0268358 0.021291 0.0221092 0.0205864 0.0178706 0.0185731 0.0249377 0.0198107 0.0189242 0.0275509 0.0258047 0.0222262 0.0229195 0.0275878 0.0224808 0.0151968 0.0257343 0.0278479 0.0299841 0.0281389 0.0232575 0.018357 0.0175809 0.0187059 0.0259661 0.0215835 0.0220672 0.0240575 0.026067 0.0182533 0.0210659 0.0244746 0.0190968 0.0242754 0.0192943 0.0215176 0.0160523 0.0174216 0.013323 0.00969906 0.00116778 
0 0.000508076 0.00723253 0.0140957 0.0158672 0.00702846 0.00381387 0.00559648 0.00800144 0.0131646 0.0274049 0.0216055 0.017551 0.0130732 0.0187489 0.0208622 0.0257536 0.020854 0.0146992 0.0144927 0.0169556 0.0172003 0.0167916 0.0159672 0.0151472 0.0291877 0.0303189 0.0256943 0.0218381 0.023638 0.0192869 0.0166961 0.012842 0.0218838 0.0223018 0.0227299 0.0210543 0.0224431 0.0272319 0.0221187 0.0233862 0.0233394 0.0219196 0.0174832 0.0200735 0.030136 0.0274271 0.0291743 0.0210864 0.0231668 0.0158851 0.0194381 0.0250115 0.0226845 0.0173369 0.0224768 0.0202693 0.018789 0.017044 0.0190953 0.0179841 0.0196737 0.0259187 0.0219705 0.0220068 0.0172133 0.0121366 0.0105552 0.00112373 
0 6.33804e-05 0.00127679 0.0022205 0.00246774 0.00121949 0.00401724 0.00866008 0.00942118 0.0190117 0.0309199 0.0164344 0.0154855 0.0157469 0.0198247 0.0167793 0.0226219 0.0220206 0.0164538 0.017491 0.0221498 0.0195113 0.0195044 0.0148165 0.0165696 0.024113 0.0241588 0.0253479 0.0233926 0.0262449 0.0245459 0.0184424 0.0273758 0.0369022 0.043796 0.0380406 0.0253896 0.0260175 0.0311367 0.0314915 0.0206223 0.0251241 0.0294561 0.0246359 0.0201678 0.0260214 0.0257846 0.0209768 0.0183008 0.020656 0.0146797 0.0187074 0.023881 0.0222164 0.0162197 0.0182192 0.0176041 0.0178233 0.0126878 0.0192174 0.0201531 0.0239399 0.0390414 0.0302559 0.0184313 0.0113855 0.00999971 0.00548341 0.000269787 
0 0 0 0 6.32265e-05 0.00550151 0.00839881 0.00956972 0.0206437 0.0303587 0.0237352 0.0200486 0.0199272 0.0183171 0.0228663 0.0270384 0.0223317 0.0185854 0.0188712 0.0208986 0.0250418 0.0233382 0.0276721 0.0228871 0.0229067 0.0221729 0.026827 0.0228227 0.0265635 0.0268449 0.0236334 0.0211211 0.0393281 0.0417381 0.0576373 0.0389815 0.0290601 0.0271352 0.0410978 0.0359919 0.0204546 0.0224808 0.0241157 0.0231355 0.0203698 0.0203902 0.0206238 0.021914 0.0185314 0.0225644 0.0225622 0.020504 0.0243896 0.0192484 0.0204091 0.0219577 0.013244 0.0117736 0.0114375 0.0148797 0.0202929 0.0136948 0.0341005 0.0341557 0.0195671 0.00899801 0.0123541 0.00756002 0.000627429 
0 0 0 0 0.000664675 0.0108216 0.0164351 0.0180117 0.0312636 0.0252246 0.0223216 0.0262706 0.0263003 0.0240406 0.0236213 0.0222836 0.0223438 0.0234662 0.0195838 0.0186007 0.0165077 0.0254168 0.0456379 0.0564298 0.0290371 0.0261909 0.0255582 0.0201055 0.0184254 0.0178271 0.0186849 0.0245123 0.0484784 0.0600896 0.0956509 0.0663658 0.027307 0.0438852 0.0330398 0.0240153 0.0238494 0.014957 0.0173027 0.0240538 0.022237 0.014633 0.0136262 0.0167339 0.0201256 0.0218963 0.0241987 0.0262977 0.0277357 0.0248752 0.0306874 0.0261372 0.0115742 0.0102302 0.0116914 0.0159417 0.0163391 0.0125968 0.0214278 0.0256536 0.0166713 0.0124559 0.0187693 0.011069 0.00112813 
0 0 0 0.000545606 0.00301206 0.0157731 0.0215479 0.026563 0.0173413 0.0171039 0.0182351 0.0214133 0.0174863 0.0203815 0.0192675 0.0192267 0.0212649 0.0288122 0.0229508 0.0143351 0.0175055 0.0255849 0.0438252 0.0484352 0.0278575 0.0197477 0.019907 0.0200974 0.0142065 0.0161457 0.0236176 0.0270435 0.0406744 0.0728692 0.08336 0.0757608 0.0305068 0.0261608 0.023617 0.0247707 0.0304164 0.0218227 0.0208739 0.0209835 0.0218659 0.0220121 0.0170939 0.0183127 0.0211704 0.0251553 0.0254481 0.026884 0.0278228 0.0203783 0.0215173 0.025694 0.0254695 0.0228627 0.0141975 0.0136196 0.0146822 0.0120443 0.0198654 0.0202856 0.0120465 0.0133439 0.0257147 0.0184129 0.00230833 
0 0.00028637 0.000840328 0.00577693 0.0149371 0.0220554 0.0231985 0.0302883 0.0227504 0.0207421 0.0206157 0.0183737 0.0184487 0.0138788 0.017374 0.014495 0.0200144 0.0227982 0.020709 0.0123242 0.0242673 0.024795 0.0258115 0.0238117 0.0245786 0.0197177 0.0181607 0.019029 0.0214653 0.0232187 0.0215208 0.0225865 0.0348182 0.0469618 0.0633445 0.0531013 0.0369058 0.02552 0.0227844 0.0327243 0.0399264 0.0360486 0.0172241 0.014786 0.0220901 0.0271137 0.0237409 0.0213044 0.0213538 0.0207497 0.021136 0.0242243 0.0302675 0.0201373 0.0155348 0.0232296 0.0299821 0.0345089 0.0277976 0.0163216 0.0138994 0.0141452 0.0158745 0.0149166 0.0120525 0.0209751 0.0259189 0.0263843 0.00433606 
0.000210594 0.00866663 0.0113814 0.0143615 0.0243456 0.0222448 0.029529 0.0620289 0.060037 0.0266028 0.0185805 0.0254482 0.0211929 0.0169521 0.0143983 0.011974 0.0158846 0.0271931 0.0276288 0.0157217 0.0198751 0.018345 0.0186318 0.0182045 0.0168246 0.0190684 0.0211938 0.0231491 0.0212264 0.0235243 0.0197846 0.0236217 0.0297271 0.0361601 0.051783 0.0531255 0.0535595 0.0468497 0.0373892 0.0416254 0.0469885 0.0342517 0.0253483 0.0169012 0.0188113 0.0281887 0.0249508 0.0231006 0.0224387 0.0219235 0.0199906 0.0233795 0.0348302 0.0283508 0.0164491 0.0335757 0.0378892 0.0356423 0.0282377 0.0151034 0.0112125 0.0137362 0.0140028 0.0176154 0.0182316 0.0233366 0.026031 0.0201142 0.0030592 
0.00054092 0.0109895 0.0139104 0.0170138 0.0169066 0.0169263 0.0186547 0.0822193 0.0755029 0.0317521 0.0192471 0.0231637 0.0237252 0.0180769 0.017395 0.0129547 0.0183318 0.0302595 0.0260503 0.0185279 0.0246283 0.0172762 0.0150367 0.0164854 0.0159371 0.0228833 0.0254791 0.0154108 0.0250996 0.0222517 0.0232504 0.0337337 0.038571 0.0512447 0.0523185 0.0735451 0.0825351 0.0539487 0.0389879 0.0448914 0.0498354 0.0325287 0.0302382 0.0189851 0.0206566 0.0269048 0.029549 0.0286732 0.0228725 0.0223083 0.0271712 0.0259803 0.0317592 0.0387093 0.0228857 0.0267132 0.030874 0.0277366 0.0218313 0.0188321 0.0111413 0.0158874 0.021809 0.0236577 0.0200396 0.0220622 0.0163201 0.012712 0.00320573 
0.000380093 0.00561566 0.0131922 0.0222524 0.0191636 0.0185378 0.020412 0.0236436 0.0277882 0.0292247 0.016639 0.0206186 0.0242704 0.020769 0.0203974 0.0164465 0.0200304 0.0212014 0.0262824 0.0182438 0.0212716 0.0218943 0.0177486 0.012771 0.0120458 0.0191953 0.0199659 0.0200632 0.0281899 0.0331479 0.029989 0.0260668 0.0487837 0.0591157 0.0452649 0.0527959 0.075138 0.0528626 0.0352883 0.0313796 0.0255342 0.0246826 0.0304962 0.0255771 0.0202799 0.0180288 0.0267582 0.0303667 0.0284037 0.0305784 0.0304711 0.0237103 0.0332174 0.0267396 0.0275819 0.0302102 0.0232047 0.0192057 0.0241885 0.0178064 0.0117411 0.021271 0.0322836 0.0288998 0.0232196 0.0161266 0.01513 0.0072088 0.000710001 
2.24542e-05 0.00279998 0.00959944 0.020976 0.0224755 0.0224986 0.0275837 0.0248756 0.0283989 0.0233101 0.0208413 0.0248534 0.0242691 0.0205141 0.0154613 0.0173352 0.0194225 0.0210084 0.0199991 0.0203655 0.017493 0.0165805 0.0152572 0.0121522 0.014153 0.0209171 0.0258031 0.0247506 0.0290733 0.0255747 0.0252386 0.0211421 0.0240839 0.0341241 0.0426155 0.047528 0.0433734 0.0418298 0.0349022 0.0243868 0.0162705 0.0209464 0.0258492 0.0280834 0.0290466 0.0179579 0.0179724 0.0210845 0.021493 0.0257737 0.023764 0.023522 0.0302981 0.031747 0.0258812 0.0203817 0.0241853 0.0248215 0.022823 0.0220253 0.0191666 0.021278 0.0266122 0.02209 0.022876 0.0137066 0.0101415 0.014043 0.000675765 
1.95101e-05 0.0016548 0.00832304 0.00931336 0.0174625 0.02289 0.0266512 0.0259893 0.0224184 0.0240677 0.020499 0.0219965 0.0244495 0.0249278 0.0133192 0.0112906 0.0193071 0.021508 0.0208723 0.0160975 0.0178763 0.0178294 0.021019 0.0230504 0.0210148 0.0206081 0.0222661 0.021575 0.0246285 0.0206115 0.0260593 0.022331 0.0246717 0.0269834 0.0291725 0.0340393 0.0341939 0.0494034 0.0465039 0.0212539 0.0153076 0.0194757 0.0298064 0.0390567 0.0290074 0.0156408 0.0154111 0.0147418 0.0187115 0.0253846 0.0257514 0.0233735 0.0247101 0.0258572 0.0238492 0.0247648 0.0265655 0.0216186 0.0159004 0.0151471 0.01663 0.0191143 0.0226479 0.018505 0.0235723 0.0170156 0.0201207 0.0140979 0.000634473 
0 0.00099999 0.00583552 0.00737642 0.0143957 0.0201312 0.0231201 0.0267212 0.0313893 0.022191 0.0195924 0.0253833 0.0221396 0.019972 0.0220376 0.0287954 0.0278005 0.0233174 0.0152594 0.0162774 0.0198124 0.0168154 0.0222178 0.0285884 0.0278023 0.0274451 0.0280746 0.0238835 0.0259375 0.0261405 0.0308828 0.0333855 0.0285028 0.0275915 0.0259775 0.0309532 0.0377236 0.0490676 0.0355443 0.0295863 0.0204924 0.0221766 0.03028 0.0311819 0.027063 0.0154756 0.0168472 0.0126573 0.0203819 0.0291624 0.0324059 0.0233938 0.0248266 0.0219547 0.0306791 0.0319599 0.0302005 0.0262132 0.0194568 0.0177151 0.0173736 0.019218 0.0235529 0.01974 0.0166064 0.0079104 0.0129932 0.0080384 0.000217449 
0 9.93635e-05 0.000359107 0.00143087 0.00560561 0.0132127 0.02373 0.0299027 0.0343906 0.0302973 0.0180325 0.0183129 0.0137326 0.0181125 0.0269095 0.0335118 0.0374285 0.02182 0.0165493 0.0176581 0.0264862 0.0222245 0.0279252 0.0240332 0.0177917 0.020991 0.0151709 0.0197321 0.0213955 0.0220231 0.0154777 0.0246978 0.0219794 0.0215771 0.0202545 0.0224754 0.0372204 0.0436351 0.0405695 0.0351554 0.0168825 0.0252456 0.0311797 0.0227611 0.0220228 0.0201931 0.0241916 0.0207223 0.0209618 0.0237665 0.0219869 0.0252214 0.0272756 0.022863 0.0229059 0.0165231 0.0184487 0.0245519 0.0222483 0.0152602 0.0110047 0.0246172 0.0273316 0.0216601 0.0156162 0.0165149 0.0137711 0.00251922 7.93033e-05 
0 0 0 0.0014369 0.0077903 0.0208688 0.0259904 0.0237202 0.0312607 0.0353767 0.0258768 0.0211939 0.0188897 0.0229757 0.0260971 0.0257083 0.028866 0.0236323 0.0206349 0.0175159 0.0250803 0.0214148 0.023471 0.0198622 0.0145687 0.012739 0.00735308 0.0105646 0.0110639 0.0107981 0.0135513 0.0201151 0.0236688 0.0258125 0.0262979 0.0203485 0.0204714 0.0239071 0.0283615 0.0202859 0.0140218 0.0237555 0.0304168 0.0205933 0.0237737 0.019019 0.0139403 0.0198144 0.0270277 0.0181041 0.0167428 0.0246933 0.0272648 0.0194069 0.0242816 0.0145433 0.0177066 0.0221163 0.0173936 0.0135908 0.0113164 0.0206861 0.0232764 0.0141444 0.0142592 0.0267568 0.014375 0.00294982 0.000395997 
0 0 0 0.00102809 0.008026 0.0180149 0.0237329 0.0228328 0.0234121 0.0299992 0.0234377 0.0207175 0.0246279 0.0215889 0.0186594 0.0233816 0.0276059 0.0336555 0.0345529 0.027603 0.0264856 0.0255321 0.0214417 0.0207877 0.0167918 0.0138503 0.0131333 0.0182451 0.0165699 0.0114701 0.0102676 0.0192549 0.0171319 0.0219957 0.0294753 0.0295774 0.0243655 0.0242319 0.0234694 0.0238965 0.0135465 0.0169313 0.0210973 0.0194181 0.0220203 0.019475 0.0161488 0.0157312 0.0211656 0.0168757 0.0221303 0.0214753 0.026884 0.026572 0.0299938 0.0241316 0.0208879 0.0141131 0.0104543 0.0109515 0.0132103 0.0234658 0.016113 0.0154117 0.0168958 0.0193337 0.00481984 0.000440376 7.97058e-05 
0 0 2.29007e-05 0.00248636 0.0126002 0.0170518 0.0262458 0.0258605 0.0177931 0.0126457 0.0141678 0.00934746 0.0183503 0.0168386 0.0165465 0.0237228 0.0208066 0.0242168 0.02711 0.0286383 0.0245914 0.0320919 0.0434236 0.0454279 0.0275894 0.0244247 0.0372313 0.0416248 0.0212594 0.0108011 0.0123668 0.0140254 0.0187892 0.0152259 0.0178336 0.0172695 0.0256403 0.0269127 0.0265642 0.0250629 0.0133403 0.0126057 0.0127208 0.0193187 0.0281686 0.026225 0.022371 0.0192796 0.0215142 0.0207324 0.0210373 0.0260689 0.0216515 0.0260967 0.0278852 0.0186596 0.016117 0.0166088 0.0139805 0.0123468 0.0137622 0.017692 0.0137203 0.0172832 0.0103802 0.00558725 0.0010976 0.000148799 0 
0 0 0.000164457 0.00471541 0.0171107 0.0268015 0.0265275 0.0240212 0.00883415 0.00512182 0.00300643 0.00525936 0.013765 0.0181135 0.0173381 0.0181405 0.0182193 0.0221889 0.0270449 0.0379327 0.0344667 0.0363073 0.0369531 0.0430155 0.0285914 0.0254204 0.0316295 0.032412 0.0203688 0.0116244 0.0147795 0.0130549 0.0155465 0.0166839 0.0155329 0.0167652 0.0237524 0.022307 0.0239836 0.0194416 0.0184828 0.0170939 0.0193093 0.0292824 0.0272184 0.0304094 0.0215916 0.0186115 0.018044 0.0279402 0.0330687 0.0294358 0.0256118 0.025672 0.0272366 0.0179185 0.0181676 0.0167851 0.0213589 0.0261432 0.0116917 0.0118691 0.0177048 0.0174437 0.00848873 0.00305521 0.00106341 1.8092e-05 0 
0 0 2.2923e-05 0.00365933 0.013444 0.0231212 0.0188325 0.0147407 0.00573569 0.00654768 0.00974856 0.00706746 0.0155313 0.01769 0.0176831 0.0202534 0.0181376 0.0219944 0.0220108 0.0252505 0.0275495 0.0348699 0.0366447 0.0319381 0.0227735 0.0206368 0.0197002 0.0161552 0.0168473 0.0143439 0.0145509 0.0157851 0.0180802 0.0220461 0.0134081 0.0138819 0.0128055 0.017973 0.017346 0.0145026 0.0177144 0.0209421 0.0203012 0.022603 0.0238391 0.0270918 0.0282956 0.0205182 0.0188721 0.0338422 0.0387166 0.0319595 0.0348218 0.028014 0.0248043 0.0175357 0.0188838 0.0260579 0.0324647 0.0240474 0.0158164 0.00905584 0.00935517 0.0096049 0.00656431 0.00400826 0.00108905 0 0 
0 0 0 0.00125464 0.00507334 0.0139412 0.0192727 0.0282921 0.0130181 0.0124069 0.0147806 0.0176925 0.0212854 0.0201059 0.0154772 0.0181074 0.0255896 0.0309863 0.0178951 0.0206713 0.0191794 0.0218146 0.0182823 0.0140562 0.0221464 0.019242 0.0180931 0.0214559 0.0201225 0.0173629 0.019522 0.0183754 0.0190595 0.0188357 0.017981 0.0152996 0.0146154 0.0216836 0.0140009 0.0130225 0.0162534 0.0158515 0.0261292 0.0252774 0.0247948 0.0246306 0.0329777 0.0229922 0.0255579 0.0376866 0.0415418 0.0270757 0.0221764 0.027212 0.0251867 0.0214596 0.0257131 0.0328578 0.0266893 0.0162953 0.0217675 0.0203355 0.0153237 0.0111052 0.00823008 0.00355308 0.000418236 0 0 
0 0 0 0.000100926 0.00339994 0.0133129 0.0259273 0.0190354 0.0154016 0.0177975 0.0161667 0.0187251 0.0199784 0.0197297 0.0160403 0.0183333 0.026176 0.0270017 0.0192477 0.020888 0.0168474 0.0134421 0.014603 0.0110647 0.0147198 0.0209489 0.0256849 0.0163263 0.0119283 0.0100815 0.0146555 0.013821 0.0128409 0.0178784 0.0254852 0.0229592 0.0193553 0.0263287 0.0189079 0.0170396 0.0168445 0.0238774 0.0236901 0.0238512 0.0259207 0.0255867 0.0290151 0.0292541 0.031453 0.034693 0.0401609 0.0292685 0.0224509 0.0276664 0.0308487 0.0330544 0.0228606 0.0233973 0.028973 0.0192743 0.0168431 0.0218414 0.020398 0.0192792 0.0129866 0.00548863 0.00022385 0 0 
0 0 0 0 0.000963861 0.0115074 0.0226999 0.0187065 0.0124895 0.0116778 0.0203973 0.0179672 0.0184946 0.0149606 0.0137363 0.0136709 0.0162824 0.0189016 0.0198695 0.0225406 0.0165616 0.0124948 0.0107156 0.0143318 0.0149839 0.0182526 0.0174117 0.0135431 0.00745263 0.00310064 0.00651884 0.00690365 0.00897466 0.0152875 0.0200299 0.0211351 0.0215779 0.0248712 0.0248114 0.0242763 0.0157314 0.0205214 0.024201 0.0317101 0.0283367 0.024598 0.0290559 0.0218117 0.0294649 0.0285157 0.0305179 0.0240145 0.026934 0.0268981 0.0283176 0.027183 0.0213918 0.0223434 0.0250425 0.0195951 0.0184696 0.0244637 0.0284315 0.018457 0.00865542 0.00258217 1.69381e-05 0 0 
0 0 0 0 0 0.00477316 0.019322 0.016667 0.00317401 0.00865588 0.018249 0.0175768 0.0126796 0.0110485 0.0142007 0.0170229 0.0178194 0.0135489 0.0172634 0.0284922 0.0224477 0.016205 0.0138448 0.0129052 0.017639 0.0209408 0.0139033 0.0116455 0.00457131 0.000849792 0.00528478 0.00896206 0.0088575 0.0104784 0.0158369 0.0331196 0.0225911 0.0186542 0.0145726 0.0154585 0.0155467 0.0205433 0.018847 0.0210927 0.0236287 0.0224482 0.0302221 0.0291218 0.0259803 0.0239445 0.0181334 0.0217574 0.0225751 0.0190273 0.0197886 0.0252899 0.0207541 0.0196539 0.0201512 0.0224672 0.0233024 0.0287181 0.0323742 0.0110293 0.00250719 0 0 0 0 
0 0 0 0 0 0.000187722 0.00314155 0.00263235 0.00148546 0.00714925 0.0140908 0.0156383 0.0129619 0.0140533 0.0257462 0.0263771 0.0203992 0.0197791 0.0186922 0.0142537 0.0159452 0.0166612 0.0138016 0.00641807 0.0101069 0.0118456 0.0107022 0.00776855 0.00133867 0.00213212 0.00745118 0.0115321 0.0169542 0.0101757 0.012016 0.0214428 0.0172565 0.0142392 0.0123765 0.011558 0.0152257 0.0178261 0.0233249 0.0230479 0.0197772 0.022744 0.0274807 0.029505 0.0197802 0.0185819 0.0180198 0.01919 0.0199916 0.0232314 0.021612 0.0210711 0.0219911 0.0166627 0.0229323 0.0253436 0.0248926 0.0261105 0.0249318 0.00790983 0.00132332 0 0 0 0 
0 0 0 0 0 0 0 0 0.00128089 0.00756751 0.0127604 0.018246 0.0200632 0.0238846 0.0370356 0.0317992 0.0167298 0.0224316 0.0225746 0.011566 0.0124643 0.0274951 0.0154625 0.0117028 0.0227228 0.0193367 0.00990161 0.00543669 0.00457076 0.00825561 0.0104867 0.0141968 0.0189767 0.0147751 0.0144164 0.0197865 0.0182718 0.0148253 0.0126196 0.00986881 0.0152558 0.0135789 0.018122 0.0156378 0.0177598 0.0199806 0.0192354 0.0265433 0.0195861 0.026051 0.0238717 0.0154158 0.00886274 0.0199396 0.0206598 0.0245383 0.0284757 0.0258351 0.022513 0.0283654 0.0342906 0.0318365 0.0196928 0.00530805 6.94468e-06 0 0 0 0 
0 0 0 0 0 0 0 0 0.0018747 0.00797793 0.016405 0.018791 0.0284061 0.0279027 0.0305311 0.0239215 0.0199516 0.0186899 0.0171623 0.0124924 0.0125683 0.0242848 0.0224776 0.0149417 0.0174365 0.0122937 0.00548652 0.00570808 0.00922007 0.0112871 0.0151501 0.0183871 0.0139843 0.0108847 0.0169634 0.0158662 0.0175733 0.0106062 0.00846009 0.0092108 0.0164496 0.0122521 0.0097541 0.0126518 0.0146716 0.0151038 0.0172459 0.0277655 0.0310412 0.0212892 0.0187035 0.0216629 0.0127193 0.00961942 0.0158018 0.0271841 0.0286984 0.0209813 0.0186009 0.0285766 0.0359227 0.0226704 0.0106665 0.00106596 0 0 0 0 0 
0 0 0 0 0 0 0 0 0.00130545 0.0111804 0.01889 0.0190088 0.0235763 0.0252061 0.0329791 0.0183905 0.0172975 0.0153241 0.0169285 0.0132546 0.0155885 0.0182855 0.0195611 0.0116633 0.00742489 0.00495818 0.00633658 0.00887143 0.0124347 0.010301 0.022481 0.0227381 0.0146207 0.0121637 0.020261 0.0204976 0.0129442 0.0104021 0.00373861 0.00545392 0.00842984 0.00488894 0.0108282 0.0152666 0.0112839 0.0108721 0.0124142 0.0182265 0.0294972 0.0275898 0.0280372 0.0223331 0.0115464 0.0040001 0.00866855 0.0185336 0.0281786 0.0210208 0.0213866 0.0262588 0.0190106 0.00493906 0.00152149 3.07432e-05 0 0 0 0 0 
0 0 0 0 0 0 0 0 0.000618869 0.00544493 0.0138705 0.0185459 0.0231907 0.0239082 0.0280508 0.00715295 0.0125821 0.0136424 0.0171351 0.0133006 0.0161337 0.0134484 0.0126889 0.00785742 0.00432749 0.00911306 0.0155381 0.0185439 0.0152557 0.0102375 0.0211109 0.0314466 0.0198362 0.0108559 0.0175247 0.0228509 0.00900872 0.00593482 0.00302891 0.000890823 0.000907634 0.00906199 0.0193735 0.017883 0.0154957 0.0148393 0.0153249 0.017292 0.0214621 0.0287441 0.0197782 0.019906 0.0136788 0.010801 0.0139604 0.016038 0.0224951 0.0240311 0.0252484 0.0184835 0.00866207 0.00180677 0.000108132 0 0 0 0 0 0 
0 0 0 0 0 0 0 0 2.16667e-05 0.0028451 0.0149406 0.0201402 0.022348 0.0272476 0.0365448 0.0148627 0.0111714 0.0150039 0.0146338 0.0139093 0.00799394 0.0043348 0.00288599 0.00107625 0.00432038 0.0162972 0.0146147 0.0117964 0.0116853 0.018709 0.0158891 0.0256637 0.0219637 0.0126538 0.0180497 0.0178893 0.00932673 0.0140104 0.0109924 0.00256598 0.000543571 0.00949404 0.0190801 0.026809 0.0231265 0.0137343 0.0166392 0.0157187 0.0167955 0.0218451 0.011652 0.00835202 0.00738667 0.00534452 0.0057274 0.00729137 0.0182608 0.0235722 0.0179049 0.00995493 0.00357378 5.90567e-05 0 0 0 0 0 0 0 
0 0 0 0 0 0 0 0 0 0.00032884 0.00609315 0.0158974 0.0190893 0.0235195 0.0319594 0.0183509 0.0142609 0.0194389 0.0339326 0.0269731 0.0063978 0.00165229 0.000938049 0.000938735 0.00379206 0.0174069 0.0137308 0.00991642 0.00923387 0.0153479 0.0120014 0.0179129 0.0239162 0.0172374 0.0176039 0.0246876 0.0272377 0.0410784 0.0329475 0.0109686 0.0010111 0.00437654 0.0139314 0.0235049 0.0176276 0.0113455 0.0135948 0.0103089 0.0121011 0.0129287 0.00755359 0.00788129 0.0104028 0.00658206 0.00229345 0.0011676 0.0112823 0.0229805 0.0113869 0.00381475 0.000355162 0 0 0 0 0 0 0 0 
0 0 0 0 0 0 0 0 0 0 0.000948679 0.00757173 0.0143181 0.0197698 0.0305039 0.025629 0.0171366 0.0228011 0.0339525 0.0210428 0.0116988 0.00427094 0.00809841 0.0155172 0.0103896 0.00863446 0.0102016 0.0102696 0.0177563 0.0155591 0.0107834 0.0178764 0.0205815 0.0203398 0.0210489 0.0277628 0.0341562 0.0324269 0.0311009 0.0117901 0.00127497 0.00196289 0.00751026 0.0176823 0.018817 0.0108971 0.0184801 0.0165479 0.0134485 0.00784329 0.01611 0.0195748 0.0182856 0.0129932 0.0044518 0.000572581 0.0024995 0.00738095 0.00535304 0.000314097 0 0 0 0 0 0 0 0 0 
0 0 0 0 0 0 0 0 0 0 0 0.000397985 0.00294059 0.0077599 0.0166139 0.0243027 0.018995 0.0142869 0.0293823 0.0188858 0.0119113 0.0080742 0.0200201 0.0318268 0.0255339 0.0139949 0.0085616 0.0105102 0.0181495 0.0159382 0.014843 0.0124621 0.0149886 0.017435 0.0243551 0.0256152 0.0213456 0.0209191 0.0167357 0.012056 0.0015307 0.000247517 0.00267105 0.00998912 0.0199107 0.018495 0.0178993 0.0198735 0.012446 0.0143917 0.0360193 0.0330366 0.0267643 0.0183136 0.00718405 0.000485912 0 0.000173566 0.000292333 0 0 0 0 0 0 0 0 0 0 
0 0 0 0 0 0 0 0 0 0 0 0 2.20434e-05 0.000428739 0.0065014 0.0186046 0.0197022 0.00644352 0.0168045 0.0223472 0.0146343 0.0102427 0.0255024 0.0441328 0.0284184 0.0172644 0.00441316 0.00579393 0.0109039 0.011052 0.0181077 0.0136364 0.0172967 0.0164881 0.0167683 0.0189591 0.0152497 0.0179537 0.0154137 0.0109832 0.00761312 0.00324878 0.00363314 0.00783487 0.0229007 0.0200761 0.0198039 0.0218714 0.0105536 0.00973789 0.0241505 0.0264183 0.0229592 0.0171959 0.00440019 0.000345699 0 0 0 0 0 0 0 0 0 0 0 0 0 
0 0 0 0 0 0 0 0 0 0 0 0 0 4.43903e-05 0.00232904 0.00607637 0.00611656 0.00433257 0.0143031 0.0276266 0.0260088 0.013986 0.0110414 0.0149769 0.0177436 0.01683 0.00424308 0.001174 0.00206615 0.00875393 0.0202811 0.0164142 0.0198977 0.0188626 0.0187921 0.0172589 0.0206957 0.0229703 0.0147189 0.0103654 0.0121932 0.009081 0.0123459 0.0128147 0.0241642 0.0240674 0.0196601 0.0256831 0.0198749 0.0179871 0.00990924 0.0176697 0.0142266 0.0110364 0.000155611 0 0 0 0 0 0 0 0 0 0 0 0 0 0 
0 0 0 0 0 0 0 0 0 0 0 0 0 0 0 0 0 0.000660201 0.0114677 0.0320783 0.0318649 0.0151295 0.00582576 0.00550149 0.0105737 0.00865425 0.00209738 0.00114404 0.00169711 0.0148234 0.0272784 0.0181952 0.015962 0.0131431 0.0166188 0.0133699 0.0173922 0.0177261 0.010135 0.0161095 0.0125703 0.0134187 0.0207771 0.0222849 0.02387 0.0165397 0.0199841 0.018711 0.013582 0.0132401 0.00735109 0.00937801 0.00704604 0.00070519 0 0 0 0 0 0 0 0 0 0 0 0 0 0 0 
0 0 0 0 0 0 0 0 0 0 0 0 0 0 0 0 0 0.000117959 0.00721965 0.0203195 0.0221864 0.00568827 0.000362355 0.00141139 0.00172119 0.00166355 0.000182868 0.000440527 0.00704408 0.0152785 0.0170465 0.0149184 0.017115 0.0172481 0.0161517 0.016003 0.0167937 0.0128181 0.0149289 0.0162044 0.0215935 0.0201619 0.0290577 0.0245369 0.0199267 0.020926 0.0231782 0.0114533 0.00305968 0.00150801 0.00195568 0.000442366 0.000240844 0 0 0 0 0 0 0 0 0 0 0 0 0 0 0 0 
0 0 0 0 0 0 0 0 0 0 0 0 0 0 0 0 0 0 0.000631681 0.00214326 0.00230413 0.000227395 0.000108141 0.000224086 4.84756e-06 0 0.000252487 0.000466312 0.0067029 0.0127378 0.0121229 0.0110287 0.0210548 0.0175187 0.0177803 0.0169981 0.015181 0.0189658 0.0275856 0.0284221 0.0235862 0.0224683 0.023696 0.0142683 0.0131478 0.0204268 0.026664 0.0192368 0.00515833 0 0 0 0 0 0 0 0 0 0 0 0 0 0 0 0 0 0 0 0 
0 0 0 0 0 0 0 0 0 0 0 0 0 0 0 0 0 0 0 0 0 0 0 0 0 2.22725e-05 0.000591892 0.00291757 0.0117057 0.0176058 0.0103343 0.0134884 0.0144455 0.0199727 0.0225586 0.0225754 0.0188847 0.0261109 0.0318798 0.0353794 0.0282127 0.0220072 0.0171255 0.0112159 0.00713161 0.0132071 0.017402 0.0175251 0.00327754 0 0 0 0 0 0 0 0 0 0 0 0 0 0 0 0 0 0 0 0 
0 0 0 0 0 0 0 0 0 0 0 0 0 0 0 0 0 0 0 0 0 0 0 0 0 6.78178e-06 0.000855501 0.00338711 0.00568981 0.0105003 0.00270533 0.00442799 0.0060055 0.0139435 0.0233334 0.0227859 0.0193331 0.0240089 0.0313746 0.03233 0.0182468 0.0169889 0.00816166 0.00425605 0.00235916 0.00219767 0.00162585 0.000600709 6.44032e-06 0 0 0 0 0 0 0 0 0 0 0 0 0 0 0 0 0 0 0 0 
0 0 0 0 0 0 0 0 0 0 0 0 0 0 0 0 0 0 0 0 0 0 0 0 0 0 0.000294007 0.000434001 0.000354769 0.00127947 0.00028096 0.000275892 0.000375005 0.00299783 0.00522743 0.00901709 0.0108093 0.00831062 0.0106775 0.00890934 0.00272751 0.00349917 0.00206669 0.000293512 7.75785e-05 8.61596e-06 0 0 0 0 0 0 0 0 0 0 0 0 0 0 0 0 0 0 0 0 0 0 0 

