0 0 0 0 0 0 0 0 0 0 0 0 0 0 0 0 0 0 0 0 0 0 0 0 0 0 0 0 0 0 0.00028975 0.000533236 0.000114673 4.87471e-05 0.000181077 1.90358e-05 0 0 0 0 0 0 0 0 0 0 0 0 0 0 0 0 0 0 0 0 0 0 0 0 0 0 0 0 0 0 0 0 0 
0 0 0 0 0 0 0 0 0 0 0 0 0 0 0 0 0 0 0 0 0 0 0 0 0 0 0 9.26128e-05 0.000923938 0.00296868 0.00906936 0.0107198 0.00562633 0.00343981 0.00454583 0.00315486 0.000258563 0 0 0 0 5.99264e-05 0.00121978 0.000303449 3.12016e-06 0 0 0 0 0 0 0 0 0 0 0 0 0 0 0 0 0 0 0 0 0 0 0 0 
0 0 0 0 0 0 0 0 0 0 0 0 0 0 0 0 0 0 0 0 0 0 0 0 0 0 0 0.000946065 0.00637835 0.00961336 0.00958163 0.0116342 0.0133681 0.0107879 0.0117011 0.00744173 0.00340692 0.0034784 0.0017805 0.000164462 0 0.000475186 0.00285353 0.00480206 0.0037298 0.00192024 0.000839223 0.0001083 0 0 0 0 0 0 0 0 0 0 0 0 0 0 0 0 0 0 0 0 0 
0 0 0 0 0 0 0 0 0 0 0 0 0 0 0 0 0 0 0 0 0 0.000180945 0.000526128 5.80681e-05 0.000392479 0.000971216 0.00155873 7.96149e-05 0.00238555 0.00975379 0.00661761 0.00854823 0.00854505 0.0121488 0.0123039 0.011327 0.00630285 0.00596581 0.00535935 0.00185429 7.49986e-06 0.00274716 0.0121072 0.0134464 0.00845681 0.00671996 0.00782189 0.00133894 6.05076e-05 1.83522e-06 0 0 0 0 0 0 0 0 0 0 0 0 0 0 0 0 0 0 0 
0 0 0 0 0 0 0 0 0 0 0 0 0 0 0 0 0 0 0 0 0 0.000655069 0.00413035 0.00336362 0.00376626 0.00140201 0.00301338 0.00086819 0.000251248 0.00295655 0.00828452 0.0134598 0.00598692 0.00733616 0.0148599 0.0140202 0.0117391 0.00882166 0.00924723 0.00537931 0.00233008 0.0117679 0.0238826 0.015622 0.0134361 0.0102629 0.0102349 0.0103581 0.00247547 0.000910859 0.000783074 0.000250216 0 0 0 0 0 0 0 0 0 0 0 0 0 0 0 0 0 
0 0 0 0 0 0 0 0 0 0 0 0 0 0 0 0 0 0 0 0 0 0.000114635 0.001584 0.00430712 0.00724843 0.0085812 0.00866414 0.00686617 0.00247163 0.00223391 0.00629643 0.00921264 0.00861089 0.00767297 0.00853994 0.016241 0.013444 0.0116049 0.0102139 0.00752857 0.00950924 0.0152864 0.0123142 0.00894266 0.010494 0.013767 0.0146936 0.0155413 0.0105552 0.00603737 0.00560348 0.00433664 0.00107548 0.000284625 0 0 0 0 0 0 0 0 0 0 0 0 0 0 0 
0 0 0 0 0 0 0 0 0 0 0 0 0 0 6.92315e-08 0.00098865 0.0023696 0.00268749 0.000672196 0.00110124 0.000675049 0.000446867 0.0022988 0.00125705 0.0035288 0.0073952 0.00631288 0.00585108 0.00656798 0.00603031 0.0129229 0.0122912 0.0140153 0.0148206 0.00744864 0.0106043 0.0108692 0.0087242 0.0155003 0.0142956 0.0150593 0.0114965 0.0084975 0.00929714 0.0110927 0.0147926 0.0142805 0.0161007 0.0112474 0.0139562 0.0152279 0.0134508 0.00729084 0.00334321 3.89526e-05 0 0 0 0 0 0 0 0 0 0 0 0 0 0 
0 0 0 0 0 0 0 0 0 0 0 0 0 0 0.000453657 0.0100662 0.00971971 0.00807207 0.00555284 0.00752839 0.00412556 0.00108811 0.00569669 0.00897376 0.00577626 0.0076163 0.00657937 0.00604092 0.00891976 0.00969209 0.021485 0.019655 0.0115707 0.0125864 0.00980827 0.0130922 0.00770259 0.00663547 0.0140645 0.0165622 0.015863 0.013481 0.00933973 0.00851788 0.00843757 0.0125352 0.012713 0.0133335 0.00841718 0.00966587 0.0158846 0.013623 0.0103353 0.00869791 0.00200553 0.000341236 0 0 0 0 0 0 0 0 0 0 0 0 0 
0 0 0 0 0 0 0 0 0 0 0 0 0 0.000216499 0.00410988 0.0161316 0.0178126 0.00881931 0.00846852 0.0186264 0.0138394 0.00678166 0.00901347 0.0115676 0.00713852 0.00862025 0.00818621 0.00864516 0.00834718 0.0101781 0.0189243 0.0183228 0.0130605 0.0109765 0.00932791 0.0133295 0.00906472 0.00858192 0.010296 0.0120115 0.0121375 0.0126644 0.0083594 0.0106906 0.0102262 0.00917968 0.0114908 0.0128397 0.0122993 0.0194517 0.0309845 0.0221648 0.0175178 0.0127112 0.00696883 0.00470227 0.000651071 1.86652e-05 0 0 0 0 0 0 0 0 0 0 0 
0 0 0 0 0 0 0 0 0 0 0 0.000206094 0.00104905 0.00236216 0.00705658 0.0144783 0.0163475 0.00934536 0.00961752 0.0149428 0.0156863 0.0173322 0.0162522 0.0154794 0.0151763 0.0108656 0.00878285 0.0111452 0.0138886 0.0130264 0.0157316 0.0142114 0.00769739 0.0115902 0.0116182 0.011926 0.0146679 0.0125423 0.0112808 0.00767793 0.00778825 0.0114566 0.00751706 0.00897403 0.00981148 0.0152579 0.0181041 0.0194835 0.0209781 0.0219067 0.026352 0.019653 0.0174023 0.0109167 0.00831636 0.010622 0.00582745 0.00755573 0.000731057 0 0 0 0 0 0 0 0 0 0 
0 0 0 0 0 0 0 0 0 0 0.000508212 0.00354446 0.00693167 0.00425503 0.0062156 0.0124144 0.0131631 0.011436 0.00939525 0.0222726 0.0210214 0.0228149 0.016583 0.0177064 0.0235094 0.0205116 0.0182419 0.0145054 0.0145344 0.0136486 0.0135399 0.0145752 0.0124556 0.0181295 0.0175201 0.0133512 0.0140041 0.0123836 0.0118162 0.0110662 0.0122336 0.0129721 0.00793557 0.00986503 0.0157841 0.0260171 0.0288423 0.0249786 0.0234275 0.0244353 0.0185868 0.0179033 0.0161032 0.0147648 0.0136626 0.016548 0.0111049 0.0173678 0.00807812 0.000414581 0 0 0 0 0 0 0 0 0 
0 0 0 0 0 0 0 0 0 0.000176762 0.00368801 0.0105509 0.0114054 0.00725186 0.00461651 0.00732398 0.00970518 0.00928113 0.0085185 0.0150372 0.0169344 0.0180193 0.0179511 0.0112273 0.0158118 0.0167766 0.0190684 0.0141527 0.0163067 0.0160834 0.0149113 0.0104396 0.00955642 0.0175082 0.0222728 0.0128874 0.0109378 0.0145094 0.0124344 0.0138233 0.0134566 0.0140855 0.0133206 0.0105432 0.0166556 0.0231284 0.0212064 0.0238828 0.0246322 0.0179836 0.0186329 0.0139738 0.0152959 0.0171495 0.0176314 0.0176883 0.0159006 0.024479 0.0238353 0.00730437 0.000147764 0 0 0 0 0 0 0 0 
0 0 0 0 0 0 0 0 0 0.000904578 0.00864662 0.0156064 0.0126602 0.00695075 0.00378105 0.00548369 0.00788353 0.0110668 0.00927069 0.00757334 0.00818456 0.0122592 0.01439 0.0137057 0.0119254 0.015601 0.0178132 0.0111777 0.0142444 0.015005 0.0131746 0.0102104 0.00695942 0.00789855 0.00791692 0.00560411 0.00825854 0.0138923 0.0130431 0.015751 0.0129086 0.0154588 0.0126358 0.00785716 0.0116506 0.0208655 0.0171261 0.0203377 0.0181492 0.0229426 0.0251153 0.0131803 0.0142228 0.0215511 0.0177767 0.0123947 0.00968092 0.0119395 0.0169763 0.00918324 0.000316823 0 0 0 0 0 0 0 0 
0 0 0 0 0 0 0 0 0.000146242 0.00355634 0.00994657 0.0134958 0.0135564 0.00980378 0.00453523 0.00462722 0.00796679 0.00575536 0.00704642 0.00668791 0.00565342 0.0102 0.0167474 0.0179225 0.0137432 0.0124727 0.0149612 0.0163888 0.0140174 0.0155279 0.0130519 0.0115603 0.0115251 0.00814789 0.00812843 0.0102037 0.00902943 0.0133489 0.0145941 0.0143426 0.00943739 0.0139948 0.0142134 0.00858617 0.00897594 0.0170388 0.0211471 0.0256276 0.0282708 0.0344819 0.0339738 0.0180264 0.0111732 0.0136013 0.0166606 0.00988084 0.00409222 0.00537434 0.0219465 0.0147437 0.00252209 0.000134212 0 0 0 0 0 0 0 
0 0 0 0 0 0 0 0 0.000489672 0.00815123 0.0139467 0.0158646 0.0134284 0.0061161 0.00306657 0.00544221 0.00834706 0.00686294 0.0126279 0.0111391 0.0042558 0.00952815 0.0123803 0.0183657 0.0143806 0.0143847 0.0115616 0.0197716 0.0161562 0.0121069 0.00912839 0.0123858 0.0148124 0.0108516 0.00912653 0.00980625 0.0127309 0.0158304 0.0123937 0.0128461 0.013016 0.0177118 0.0137512 0.00715843 0.0130719 0.02346 0.0257315 0.0224569 0.0307316 0.0258646 0.0323475 0.0338082 0.0208322 0.0148666 0.016372 0.0147117 0.00863653 0.00589593 0.0102147 0.0191942 0.0108259 0.00245383 1.42985e-06 0 0 0 0 0 0 
0 0 0 0 0 0 0 0 0.000345615 0.00608891 0.00728787 0.00797776 0.00893745 0.00163906 0.00284842 0.0093038 0.0102636 0.0103778 0.0126995 0.0118187 0.00882534 0.00959602 0.00924174 0.0103512 0.0104004 0.0118625 0.0142682 0.0199524 0.0101613 0.00640799 0.00734153 0.0114549 0.0129975 0.0116869 0.0104473 0.00880942 0.0146138 0.0130202 0.0106766 0.0132716 0.014617 0.014286 0.0114632 0.0108086 0.0195819 0.0260705 0.0194313 0.0208849 0.0270287 0.0239826 0.0309908 0.0279908 0.0267821 0.0233646 0.0222744 0.0233073 0.0165509 0.0164721 0.0172071 0.0234857 0.0233513 0.0136301 0.00664511 0.000293564 0 0 0 0 0 
0 0 0 0 0 0 0 0 4.3919e-05 0.000386456 0.00092146 0.00502307 0.0065081 0.000874028 0.00674892 0.0126896 0.0162606 0.00896315 0.010205 0.0151104 0.0088275 0.00984339 0.00701434 0.0071665 0.00823972 0.0134539 0.0183531 0.012679 0.0115969 0.00864631 0.0118099 0.0143486 0.0090375 0.00621086 0.00842268 0.00870096 0.011815 0.00978502 0.00775008 0.00960515 0.0147231 0.0121857 0.0100918 0.0206444 0.0257924 0.0268785 0.0196242 0.027251 0.0336641 0.0292931 0.0266128 0.025851 0.0241797 0.0275463 0.0222288 0.021572 0.0187401 0.025446 0.0239587 0.0239063 0.0192301 0.0226595 0.0262548 0.00756965 4.9203e-05 0 0 0 0 
0 0 0 0 0 0 0 0 0 0 0.000500677 0.00411079 0.00367982 0.00240386 0.00914981 0.0096801 0.00976675 0.0109653 0.0146837 0.012933 0.0083917 0.0127189 0.0085416 0.00903784 0.0105483 0.0114777 0.011457 0.0100382 0.0128036 0.00612933 0.0147917 0.01668 0.012907 0.00900489 0.0107782 0.00784162 0.00787952 0.0104128 0.0153959 0.0165795 0.0215447 0.0172146 0.015063 0.0206015 0.0302656 0.0182986 0.0211785 0.0256664 0.0338068 0.0285134 0.0287753 0.0307111 0.0245506 0.0203083 0.0165862 0.0163381 0.0221767 0.0226504 0.0204917 0.0232762 0.0175511 0.0253341 0.0405735 0.0178219 0.000951229 0 0 0 0 
0 0 0 0 0 0 0 0 0.000158683 3.3309e-05 0.000390228 0.00150095 0.00442732 0.00745025 0.00977321 0.0118645 0.00956905 0.0138726 0.0183888 0.0124535 0.0113792 0.0121634 0.0116386 0.0190343 0.0205057 0.0178952 0.0195354 0.0129983 0.00939563 0.00589321 0.00715576 0.00980653 0.0113671 0.0131392 0.0189343 0.015806 0.0144494 0.0159266 0.0148326 0.0231446 0.0215319 0.0176552 0.0168968 0.0182203 0.0218487 0.0221998 0.0222913 0.0207594 0.0257127 0.0251603 0.0375177 0.0380211 0.0272432 0.0195982 0.0194356 0.0197287 0.0252593 0.0292542 0.0225561 0.0306746 0.0243979 0.0241417 0.0308313 0.0178238 0.00551368 0.000304028 0 0 0 
0 0 0 0 0.000744823 0.00312672 0.00395848 0.00194509 0.00341731 0.00138623 0.000160324 0.000805547 0.00264327 0.00646012 0.00861733 0.0102304 0.00885129 0.0123603 0.0148977 0.0121418 0.0116081 0.0136808 0.0144725 0.0223482 0.0291495 0.0265485 0.0239272 0.015799 0.0104045 0.00652191 0.0065791 0.0112348 0.0140768 0.0141186 0.0166614 0.0155631 0.0195617 0.0224917 0.0197647 0.0269145 0.0214817 0.0224802 0.0164409 0.0133303 0.0144035 0.017357 0.0185213 0.0147922 0.0191175 0.0227511 0.0304489 0.0394844 0.0408679 0.0334989 0.0379779 0.0340889 0.0335149 0.0284089 0.0281418 0.0284218 0.0292422 0.0294552 0.0290783 0.0206974 0.0187887 0.00304841 0 0 0 
0 0 0 0.000377118 0.00537388 0.00906525 0.0131589 0.00896522 0.00784863 0.00453271 0.00252859 0.000322979 0.000923286 0.00558025 0.0102568 0.0081897 0.0107313 0.0130362 0.0150832 0.0130589 0.0126271 0.0203111 0.0184473 0.0265615 0.033499 0.0342641 0.024393 0.0152483 0.013641 0.0101445 0.0151139 0.0188328 0.0162886 0.017238 0.0138779 0.0131132 0.0151353 0.0178918 0.01997 0.0238569 0.0236764 0.017448 0.0161952 0.0104581 0.00940307 0.0111589 0.0171975 0.0203323 0.0170864 0.0222115 0.0259724 0.0453908 0.0463378 0.0400011 0.0361032 0.029267 0.0296825 0.0358562 0.0354612 0.0274966 0.0260116 0.023915 0.0230334 0.0260674 0.0205099 0.00169769 0 0 0 
0 0 3.70326e-06 0.00341956 0.0135538 0.0106214 0.0135285 0.0153938 0.0131189 0.0102568 0.0100982 0.00390391 0.00028328 0.00296773 0.00475705 0.00640229 0.0111933 0.0148886 0.0136383 0.00886863 0.0127518 0.0214919 0.0224101 0.0332003 0.0340054 0.0268614 0.0187603 0.0180117 0.0191014 0.0225753 0.0276663 0.0181619 0.0216106 0.0257284 0.0130958 0.0101287 0.0157514 0.0174471 0.0185387 0.0231577 0.0270905 0.0188536 0.0188479 0.0146236 0.014736 0.0217304 0.0223572 0.0198711 0.0175918 0.0162766 0.0214612 0.0351969 0.0329283 0.026286 0.0219889 0.020197 0.0328783 0.0284301 0.0271795 0.025383 0.0237055 0.0248701 0.0263341 0.0345402 0.0206906 0.00658685 0.000747124 0 0 
0 0 0.000108832 0.00595121 0.0125236 0.0128124 0.0181525 0.0123342 0.0111179 0.00924654 0.0132662 0.00543055 0.000645566 0.00621117 0.00777212 0.0119877 0.01621 0.0111196 0.0136151 0.0132705 0.0170447 0.0194521 0.0213935 0.0293097 0.0248984 0.0178751 0.0178198 0.0263866 0.0238622 0.0220781 0.0185709 0.0198792 0.0287368 0.0200757 0.0119123 0.010075 0.0115385 0.0152842 0.0137134 0.022026 0.028799 0.0198967 0.0163698 0.0200176 0.0160366 0.0183825 0.019884 0.0168467 0.0188084 0.0179676 0.0212054 0.0276917 0.0280548 0.0212099 0.0235692 0.0211018 0.0247421 0.0241685 0.0203578 0.0140772 0.0145611 0.0169326 0.0182792 0.0195415 0.0127233 0.0107786 0.00433475 0 0 
0 0 2.00278e-05 0.00515211 0.0105226 0.011916 0.0159166 0.0129582 0.00874441 0.00932772 0.010438 0.00634749 0.00235977 0.00837601 0.010902 0.0108597 0.0183051 0.0136633 0.0108745 0.0127331 0.014349 0.0258979 0.0259204 0.0188778 0.0114755 0.0143078 0.0171811 0.0194567 0.0193109 0.0205513 0.0204472 0.0267874 0.0263041 0.0137799 0.0134119 0.011613 0.0142659 0.0149856 0.0145019 0.0205587 0.0217516 0.0317828 0.0243463 0.0270898 0.0296827 0.0299908 0.0211927 0.0193948 0.0160266 0.0250602 0.0249406 0.0284739 0.0250729 0.0222443 0.0163566 0.0222232 0.0232229 0.0257352 0.0249059 0.0181238 0.019643 0.0237574 0.0144502 0.0113382 0.0114983 0.0093193 0.00411786 1.90864e-05 0 
0 0 0 0.00255294 0.0105138 0.00565301 0.0101568 0.0119456 0.0113975 0.0110562 0.00987703 0.00319437 0.00900962 0.00928789 0.00778709 0.00910732 0.0125426 0.00786422 0.0119625 0.0154156 0.0228652 0.0335552 0.0251234 0.0151858 0.0125986 0.0160778 0.0182668 0.0197211 0.0233879 0.0211836 0.0243938 0.0363619 0.0298378 0.0152934 0.0237338 0.026121 0.0236517 0.0192682 0.025174 0.0216471 0.0133162 0.014049 0.0184035 0.0249835 0.0411063 0.0409728 0.0365847 0.029209 0.0249354 0.0268636 0.022773 0.0142642 0.016531 0.0150316 0.0158934 0.025286 0.0297561 0.0305652 0.0336419 0.0256423 0.0304225 0.0360597 0.016885 0.0162418 0.0169572 0.0196371 0.0124116 0.0020005 0 
0 0 0 0.000695669 0.00378995 0.00108815 0.00325095 0.00935455 0.0166906 0.0121271 0.00953251 0.00355033 0.00669264 0.00684212 0.00818587 0.0102797 0.00981492 0.0119107 0.0149564 0.023186 0.029516 0.0280211 0.0232807 0.0209896 0.0213167 0.0181014 0.0199922 0.0247078 0.0254905 0.0294491 0.0290826 0.0324903 0.031043 0.0231676 0.0247469 0.0251934 0.0218571 0.0238327 0.0283365 0.0224104 0.0149454 0.0181875 0.0206872 0.0268949 0.0412841 0.041708 0.0391444 0.0378146 0.0294448 0.0259126 0.0195747 0.0137374 0.0132596 0.00826883 0.0137102 0.025711 0.0349868 0.0270861 0.0285253 0.0335971 0.0278552 0.0295373 0.036743 0.0290437 0.0163036 0.0201081 0.0194593 0.00483587 0 
0 0 0 0 0.000768989 0.00237323 0.0030624 0.0099875 0.0135678 0.00694509 0.011569 0.00729069 0.0063712 0.00615268 0.00736982 0.00849083 0.0117563 0.0132243 0.0144926 0.0260232 0.0282521 0.0239781 0.0237354 0.0209322 0.0261845 0.0241096 0.0268937 0.0227128 0.0259606 0.0312975 0.034606 0.0273165 0.0296184 0.021106 0.0244315 0.0265459 0.022656 0.0197621 0.022311 0.0221147 0.0176475 0.0219578 0.0254383 0.0301537 0.0340636 0.0348943 0.0342305 0.0279701 0.0232103 0.0173531 0.0139445 0.0173372 0.00834755 0.00692966 0.0108607 0.0176801 0.0281843 0.0211322 0.0211544 0.0285934 0.0204193 0.0239084 0.0249326 0.028932 0.0191618 0.0209294 0.0168464 0.0056717 3.74385e-05 
0 0.000183207 0.000887086 0.000873058 0.00643282 0.0157683 0.0108846 0.0137936 0.0148307 0.00769433 0.00788471 0.0114767 0.010843 0.0104397 0.00978131 0.0119534 0.0149527 0.0160712 0.016878 0.0225203 0.022777 0.0232558 0.0207634 0.0190195 0.0218874 0.0240307 0.0419513 0.0278665 0.0262828 0.0311021 0.0308563 0.026126 0.0251479 0.0258388 0.030696 0.0302609 0.0259947 0.0218688 0.0186308 0.0170223 0.0191842 0.024916 0.0273597 0.028456 0.0230087 0.0266137 0.0296296 0.0288653 0.0200864 0.0146786 0.0174646 0.018159 0.0128472 0.0115125 0.0137321 0.0165605 0.0248184 0.0237318 0.0163999 0.0222456 0.0268311 0.0234828 0.0194047 0.0270906 0.0176564 0.0162993 0.00681553 0.00269734 4.61188e-05 
0 0.000234826 0.00440927 0.0109938 0.0116107 0.0184462 0.0160599 0.0194628 0.0201631 0.0125751 0.00771835 0.0119507 0.0122643 0.0143042 0.0164921 0.0105138 0.0140174 0.0171652 0.0231056 0.0212299 0.0187147 0.0225946 0.0276205 0.0204889 0.0201698 0.0301783 0.042632 0.0247673 0.0201926 0.0293064 0.0314961 0.0242672 0.0238385 0.0239775 0.0231732 0.0293109 0.0226972 0.0253805 0.0306388 0.0289193 0.0250422 0.0331383 0.0327715 0.0259544 0.0217101 0.0282693 0.0357807 0.0327092 0.0244445 0.0136753 0.0226607 0.0190809 0.0131301 0.0195796 0.0213597 0.0190026 0.0249875 0.0129452 0.0144716 0.0195602 0.0344905 0.030331 0.0235284 0.0200194 0.0155662 0.0137413 0.00821439 0.00306398 6.07948e-05 
0 0.000399559 0.00886146 0.0150335 0.0114333 0.0139962 0.0190096 0.0218597 0.0177045 0.00983072 0.00721107 0.0112482 0.0109351 0.015748 0.0158573 0.0108191 0.0156291 0.0249057 0.0244488 0.0192276 0.0187085 0.0278962 0.0304185 0.0274485 0.0198191 0.0232514 0.0390561 0.0267327 0.0202013 0.0262747 0.0353614 0.028503 0.030724 0.0296859 0.0234421 0.0268614 0.0286638 0.0243938 0.0296944 0.0324891 0.0275566 0.0248725 0.0283603 0.0286668 0.0291844 0.0349288 0.0305713 0.029408 0.0213918 0.0228283 0.0259381 0.033181 0.0335432 0.0232918 0.0273975 0.0205576 0.0201508 0.0117311 0.0151429 0.0209077 0.0286652 0.0346921 0.0359308 0.029277 0.0169843 0.00954345 0.0136366 0.00934316 0.000477173 
3.83378e-06 0.00324288 0.0105575 0.0146276 0.01071 0.016393 0.0171728 0.0145686 0.00986128 0.00880776 0.00846804 0.00984668 0.0152567 0.0197015 0.0104177 0.0110207 0.0210704 0.0325067 0.0250229 0.0209434 0.0245208 0.0325778 0.0383578 0.0366964 0.0257736 0.0220647 0.0314022 0.0364947 0.033511 0.0268483 0.0389933 0.0312542 0.036204 0.0301774 0.0306496 0.0337357 0.0353304 0.0322389 0.0285413 0.0284588 0.0239721 0.0213076 0.0235908 0.0264359 0.025383 0.0316926 0.0318344 0.0285893 0.0252696 0.0315233 0.0331097 0.0359806 0.0335376 0.0286142 0.0294815 0.0241496 0.0177688 0.0162014 0.0170528 0.0217086 0.0219936 0.033897 0.0367669 0.0388436 0.0263203 0.0106039 0.0116425 0.00607196 3.66082e-05 
0.00014559 0.00571089 0.0138646 0.014126 0.0133378 0.0158991 0.0203257 0.017541 0.0084864 0.00958603 0.0126972 0.00911195 0.0173297 0.0203716 0.0106968 0.0129448 0.0281801 0.0320653 0.0258184 0.0207557 0.0257484 0.0322141 0.0329297 0.0293424 0.027834 0.0229771 0.0216382 0.0408851 0.0400455 0.031596 0.0327319 0.0277508 0.0351026 0.0358892 0.0345669 0.0352903 0.0299665 0.0317437 0.0306618 0.0270719 0.0272314 0.0214105 0.0204606 0.0195473 0.0246279 0.0269403 0.0218052 0.0184285 0.0228488 0.0353962 0.0349979 0.0345186 0.0338218 0.0275395 0.0223317 0.0271268 0.0307385 0.0246353 0.0222033 0.0248081 0.0241587 0.0262492 0.0224984 0.0200325 0.0184565 0.0165419 0.00998898 0.00325553 8.19633e-05 
0.000474927 0.00704002 0.0134797 0.0170979 0.0156635 0.0183699 0.0204833 0.016011 0.00882021 0.00576881 0.0104772 0.0100338 0.0179868 0.0173738 0.0109192 0.0109884 0.0202891 0.0225695 0.0270012 0.0232104 0.0198823 0.0182105 0.0230397 0.0292344 0.027671 0.0198595 0.0132544 0.0315263 0.0446007 0.039389 0.0222411 0.0302543 0.0394166 0.0388017 0.0352331 0.0318663 0.02532 0.03023 0.0251349 0.021593 0.0200869 0.0188165 0.0248499 0.0240874 0.0288821 0.0325384 0.0228023 0.0325989 0.0405547 0.0351025 0.0310126 0.0178561 0.018221 0.0206942 0.0154588 0.0154583 0.0295298 0.0275241 0.0262059 0.0299253 0.0249743 0.0173231 0.0219305 0.0175522 0.0147621 0.0148484 0.00626142 0.000655624 0 
0.000299228 0.00714272 0.0166077 0.0155355 0.0120311 0.0160852 0.0179277 0.0163325 0.0147913 0.0116178 0.00990834 0.00842969 0.0133189 0.0129273 0.00982622 0.015919 0.0141709 0.0175327 0.0244413 0.024562 0.0289538 0.0224333 0.025756 0.023477 0.021015 0.0180151 0.00922201 0.0188224 0.0384793 0.0316559 0.0290761 0.0340815 0.0488477 0.0482293 0.0365149 0.0298103 0.028078 0.0313904 0.0257871 0.0222923 0.018429 0.0249304 0.0267881 0.0295282 0.0323723 0.0329561 0.0251135 0.0271281 0.02687 0.0363669 0.0246891 0.0167357 0.0186887 0.0203836 0.0127643 0.0140671 0.0177194 0.0194517 0.0171763 0.0194665 0.016592 0.0180707 0.0219378 0.0191984 0.0191229 0.0104629 0.00356783 0.000845431 0 
0.000626464 0.00640867 0.0199279 0.0193363 0.0110623 0.0162101 0.0161666 0.0216579 0.0227303 0.0219892 0.0164733 0.0146631 0.00940946 0.0133949 0.0113133 0.0121879 0.0145309 0.0163247 0.0174976 0.0203968 0.0212599 0.0272484 0.0239082 0.0289476 0.026855 0.020774 0.0197844 0.0218057 0.0348921 0.0386471 0.0362692 0.0467727 0.0495875 0.0433607 0.033472 0.0307366 0.0259192 0.025285 0.0217617 0.0255655 0.0240614 0.036541 0.0494754 0.0404908 0.0421059 0.0372471 0.0359947 0.0311538 0.0247348 0.0317814 0.0354696 0.0250343 0.017168 0.0185007 0.0185129 0.0164534 0.0164474 0.0144189 0.0122631 0.0129854 0.0109265 0.0192926 0.022318 0.0209901 0.0251508 0.0164455 0.0114822 0.00522849 7.45126e-05 
0.000639703 0.00886109 0.0184637 0.0177034 0.0118511 0.0151276 0.0171009 0.0189282 0.0150883 0.0189084 0.0197681 0.0188238 0.0105269 0.0111533 0.0110646 0.0139764 0.0126175 0.0163533 0.0221601 0.0171655 0.0149129 0.0190134 0.0284661 0.0351004 0.0290461 0.0262176 0.0235816 0.0237396 0.0306258 0.0413511 0.0405133 0.0623584 0.0541638 0.0428053 0.0362064 0.0294925 0.0290489 0.0349825 0.0259253 0.0316084 0.0329281 0.0415255 0.046235 0.0477639 0.0416143 0.0394854 0.0362916 0.0352592 0.025189 0.0202001 0.0246749 0.021031 0.0237036 0.020372 0.0122301 0.0151818 0.0168415 0.0196671 0.0196346 0.0207279 0.0150292 0.0167171 0.0207144 0.0165988 0.0208574 0.0158072 0.0124443 0.0133849 0.00348181 
0.000730651 0.00681196 0.010776 0.0107081 0.00714655 0.00654221 0.011208 0.013312 0.00779261 0.00929462 0.0171155 0.0201509 0.0159247 0.0130467 0.00890437 0.00866332 0.0114707 0.00908916 0.0176619 0.0184581 0.0171587 0.0136203 0.0210787 0.0227263 0.0243232 0.0247428 0.0216904 0.0290315 0.0276067 0.0331286 0.0412727 0.0596794 0.0648373 0.0517788 0.0363009 0.0299372 0.0407475 0.046906 0.0371709 0.0479444 0.0463963 0.0369592 0.0335302 0.0461929 0.0424234 0.0441502 0.0323664 0.0261209 0.0182065 0.0231174 0.0173159 0.0140814 0.0215394 0.0217069 0.0157711 0.0102634 0.0157144 0.0162505 0.0171734 0.0200307 0.0208751 0.0178094 0.0272839 0.0202081 0.0221028 0.018456 0.0180807 0.0119249 0.00209994 
0.000362321 0.00243876 0.00887297 0.00896092 0.00727187 0.00514822 0.00898881 0.0094104 0.00767923 0.00919791 0.0124478 0.0165656 0.0106894 0.0053537 0.00751386 0.00627819 0.0106615 0.0105485 0.0110952 0.017008 0.0140504 0.0141889 0.0264094 0.0211394 0.0265345 0.0210907 0.0250444 0.0390687 0.0337592 0.0329855 0.0297048 0.0448994 0.0547125 0.0567202 0.0390461 0.0295251 0.0353815 0.0426271 0.0379307 0.0432125 0.0388348 0.036896 0.0346006 0.0445669 0.050936 0.0420519 0.0325108 0.0206565 0.0185246 0.0227526 0.0166149 0.0147787 0.0255415 0.0278473 0.0179151 0.0120746 0.0143933 0.0252336 0.0195948 0.013639 0.0163984 0.0261391 0.0267738 0.0292989 0.0198182 0.0213843 0.0256921 0.0184366 0.00186702 
0 0.00102471 0.00766187 0.00927562 0.0047157 0.00557474 0.00952865 0.00586114 0.00685611 0.00760039 0.00921286 0.01254 0.00820831 0.00339681 0.00456157 0.00604333 0.0100162 0.0117401 0.00983521 0.0121116 0.0141691 0.0147545 0.0232192 0.0271784 0.0167066 0.0109888 0.0196551 0.0458139 0.0336395 0.0240893 0.030276 0.0479795 0.0475332 0.0496046 0.0477208 0.0430901 0.0408351 0.0367568 0.038796 0.0387977 0.0393886 0.0430871 0.0312943 0.0376094 0.0475482 0.0404528 0.0297921 0.0149202 0.0104211 0.0178615 0.0156702 0.0147159 0.0272789 0.0271467 0.0228525 0.0227744 0.018412 0.0265423 0.0311742 0.0261163 0.0163738 0.0242567 0.0168786 0.022709 0.0217762 0.021817 0.0288274 0.0175004 0.000984707 
0 1.33468e-05 0.000592255 0.00111875 0.00590857 0.00675452 0.01238 0.0141071 0.0145537 0.00942979 0.00827103 0.0123574 0.0134885 0.0065537 0.00442475 0.00442987 0.00736423 0.012821 0.0180415 0.0181327 0.0125349 0.0267229 0.024163 0.0221502 0.0150043 0.0155568 0.023935 0.0452273 0.0421206 0.0265708 0.0356285 0.0436874 0.0450231 0.0486643 0.0406909 0.0395892 0.0431169 0.0486143 0.0415746 0.0337817 0.0402315 0.0508921 0.0497827 0.0437415 0.0421592 0.0385707 0.0328083 0.0296079 0.0211753 0.0160841 0.0187081 0.015385 0.0172851 0.0209263 0.0237489 0.0177493 0.00856091 0.0181321 0.0231546 0.0253551 0.0243207 0.0242421 0.0141917 0.0167675 0.0263714 0.0272857 0.0314955 0.0249942 0.003126 
0 0 0 0.00158386 0.00826626 0.0129057 0.0154765 0.0175006 0.0174589 0.0165575 0.013988 0.0114948 0.012323 0.0102725 0.00352263 0.00575404 0.00783492 0.0107014 0.0146072 0.0171563 0.0134016 0.0215871 0.0228231 0.0195945 0.0190098 0.0323411 0.0314293 0.0467863 0.0493134 0.0378258 0.0363233 0.0416903 0.0491011 0.0519359 0.0435233 0.0489231 0.0536731 0.0519345 0.0564759 0.036097 0.0370785 0.0535832 0.0466686 0.0448046 0.0409895 0.052507 0.0474757 0.0426563 0.0314286 0.0245508 0.0273935 0.025268 0.0138647 0.0172203 0.0178502 0.0137313 0.0108118 0.00652948 0.00902422 0.018441 0.026175 0.0194411 0.0177835 0.0182758 0.0231018 0.0245314 0.0191177 0.0165329 0.0025751 
0 0 0.000266253 0.00195533 0.00717398 0.0149094 0.018142 0.0152483 0.0207608 0.0164317 0.00919271 0.0111043 0.0134233 0.0113447 0.00677523 0.0107723 0.0129347 0.0120035 0.0124735 0.011845 0.0117002 0.0172463 0.0253847 0.0220295 0.0203427 0.0302801 0.0297337 0.0306566 0.0439199 0.0518943 0.0415075 0.0351946 0.0504655 0.0522297 0.0448175 0.0419234 0.0412907 0.0404869 0.0492739 0.0492379 0.0355727 0.0391676 0.0368807 0.0392792 0.0402979 0.0451575 0.0483183 0.042916 0.03287 0.0259771 0.0286343 0.0286222 0.0215339 0.0129066 0.0135295 0.0190844 0.01832 0.0111481 0.0124662 0.0173755 0.0283661 0.0280611 0.0156602 0.0131235 0.0131648 0.0127317 0.0153298 0.0201584 0.00427605 
0 0 0.000641681 0.00376028 0.0111249 0.0138006 0.012671 0.017719 0.0145758 0.0117197 0.00936958 0.00865297 0.010141 0.00906007 0.00668627 0.00794145 0.0162162 0.021748 0.0144537 0.0130893 0.00887522 0.010641 0.0134283 0.0152143 0.0194811 0.0174229 0.0219534 0.0264199 0.0297385 0.045554 0.0384298 0.038795 0.0376018 0.0435486 0.0403725 0.0434486 0.0387954 0.040288 0.0454 0.0428987 0.0355038 0.0347384 0.0351587 0.0399739 0.038546 0.0401419 0.041761 0.0370037 0.0299944 0.0291638 0.0233756 0.0268754 0.0266718 0.0233957 0.0145871 0.0148171 0.0221496 0.0106228 0.0138589 0.0188275 0.025339 0.0185435 0.0103474 0.0110895 0.00734693 0.00333557 0.00874725 0.00750883 0.00130749 
0 0 0.00214754 0.00885528 0.0152534 0.0180504 0.0166979 0.0161019 0.0103143 0.011721 0.0107852 0.00970147 0.0143364 0.00912234 0.00869403 0.00583676 0.0113635 0.0150625 0.016365 0.0175347 0.00968651 0.00676577 0.00955735 0.0115734 0.0134679 0.0140022 0.0164307 0.015948 0.0214577 0.0288518 0.0224855 0.0275739 0.0393293 0.0401965 0.0291271 0.0323784 0.0305549 0.0376055 0.0295852 0.0406956 0.0380671 0.0390208 0.0458765 0.0475985 0.0577171 0.0408768 0.0293577 0.0338461 0.0352197 0.0291295 0.0265377 0.019559 0.029748 0.0196072 0.0166673 0.0191503 0.01932 0.0175873 0.0202588 0.0206072 0.0131317 0.00865349 0.0169944 0.0194002 0.0159079 0.00914626 0.00575258 0.00162717 0 
0 0 0.00198344 0.00890765 0.00901212 0.0105559 0.00993078 0.0119876 0.0116142 0.0175136 0.0158304 0.0134326 0.0135969 0.0101979 0.0094717 0.00911452 0.00893697 0.0151138 0.018397 0.0175468 0.0101162 0.00637924 0.00937691 0.0161083 0.0140779 0.00805124 0.00827152 0.0133982 0.0192462 0.016377 0.0189308 0.0236799 0.0304732 0.0419827 0.0289236 0.0238795 0.0241802 0.0306301 0.0275117 0.043301 0.0398836 0.0407132 0.0478426 0.0507167 0.0456632 0.0353979 0.0329706 0.0386091 0.0363612 0.0270671 0.019924 0.0164438 0.0212793 0.0118182 0.0157214 0.0206014 0.0147115 0.0134422 0.0171146 0.0170898 0.0141234 0.0125709 0.0193152 0.0192961 0.0190117 0.0183655 0.0113652 0.000897953 0 
0 0 0.00148554 0.0101727 0.0105395 0.0121855 0.0119814 0.0140647 0.0140934 0.0135753 0.0128864 0.0189535 0.0126035 0.0141495 0.0141059 0.014025 0.0119947 0.014814 0.0154477 0.0146617 0.00905585 0.00383549 0.00594605 0.00884805 0.010968 0.00975093 0.0117746 0.0118066 0.00960974 0.0153633 0.0195015 0.0224242 0.0254521 0.0298743 0.0341238 0.0229527 0.0203919 0.029516 0.0312095 0.0407698 0.0398584 0.0437991 0.0565059 0.0503076 0.0334917 0.0247517 0.0405613 0.035929 0.03398 0.0261916 0.0101816 0.0144174 0.0125864 0.0182549 0.022677 0.0163998 0.014232 0.0133905 0.0189602 0.0199708 0.0205461 0.0196281 0.0191835 0.0140584 0.0178854 0.0133688 0.00620016 0.00198342 0 
0 0 0.00017487 0.00792354 0.0143831 0.0151412 0.019171 0.0198098 0.0138364 0.0122325 0.0131 0.0157542 0.0137913 0.0155359 0.0167436 0.0192421 0.0163527 0.0121105 0.0138388 0.0141801 0.0115443 0.00799486 0.00699332 0.010256 0.0131978 0.00915816 0.00965526 0.0100916 0.0109147 0.0149218 0.0155967 0.0185113 0.0231409 0.0198918 0.0187348 0.0221936 0.0203414 0.028978 0.0327106 0.0374059 0.0339079 0.0447703 0.0582212 0.040152 0.0212171 0.0316164 0.044657 0.0399821 0.0403431 0.0321609 0.016181 0.0136075 0.0137528 0.0215155 0.0219373 0.0150805 0.0153252 0.0166369 0.0200243 0.0187693 0.0150624 0.0163165 0.0157675 0.0158915 0.0125026 0.00528494 0.00160786 0.00021414 0 
0 0 8.49797e-05 0.00684527 0.0194124 0.0204555 0.0263763 0.0252651 0.0149118 0.010755 0.0111075 0.0127086 0.014658 0.0182952 0.0183901 0.0170762 0.0229288 0.0140148 0.0113484 0.0156481 0.0139116 0.0118741 0.0150773 0.0145131 0.0181265 0.0145218 0.0160664 0.0107356 0.0131072 0.0128921 0.0112422 0.0186235 0.0293651 0.0281017 0.0276418 0.0243486 0.027229 0.0235812 0.0290611 0.0364645 0.0382923 0.0384703 0.0396581 0.0308471 0.0317953 0.0427629 0.0446862 0.0407334 0.0355517 0.0391678 0.0292487 0.0261092 0.0227359 0.0170348 0.0192301 0.0126119 0.014602 0.0162358 0.0170921 0.0175209 0.0158781 0.015222 0.0279214 0.0249939 0.013413 0.00287141 0.000611211 0 0 
0 0 0 0.000852458 0.0084003 0.0180815 0.0199875 0.016992 0.0152952 0.0174635 0.0144105 0.0148024 0.0105319 0.0152492 0.020964 0.0215521 0.0257991 0.0179097 0.0130589 0.0115367 0.0175231 0.0120349 0.0206061 0.0162305 0.0130833 0.0122974 0.0126859 0.0120771 0.0162632 0.0166218 0.0151581 0.0173032 0.0211667 0.0217372 0.0212185 0.027457 0.0262543 0.017825 0.0239741 0.0350629 0.0448395 0.0455447 0.0359395 0.0364198 0.0368046 0.0387203 0.0410526 0.0427729 0.0367715 0.0478214 0.0382195 0.0327526 0.0246971 0.0131447 0.0142486 0.020048 0.0184594 0.0201406 0.011291 0.0126853 0.0174953 0.0111146 0.0233189 0.0236313 0.0119715 0.00391697 0.000381388 0 0 
0 0 0 0 0.00141018 0.00831187 0.0112445 0.0095274 0.00901539 0.013455 0.0114974 0.0127232 0.0119469 0.0134164 0.0150166 0.0152771 0.0156507 0.017849 0.0178354 0.0159209 0.0127663 0.0157759 0.0165992 0.0176145 0.0141179 0.0137954 0.0134678 0.016229 0.0196835 0.0175723 0.0132534 0.0156628 0.0212106 0.0276695 0.0257445 0.0356372 0.0360224 0.0279428 0.0260463 0.0313125 0.0366612 0.051517 0.0370935 0.0324613 0.0353854 0.0376384 0.0417058 0.0514087 0.0487265 0.0448981 0.0463456 0.0295294 0.0227022 0.0150198 0.0158208 0.0239232 0.0174603 0.0120249 0.00757233 0.0114901 0.0236746 0.0190476 0.0183247 0.0122324 0.00405006 0.000568687 0 0 0 
0 0 0 0 0 0.000199333 0.0055838 0.0120365 0.0117111 0.0135939 0.00885251 0.0098431 0.0144796 0.0103751 0.0152818 0.0200754 0.0185333 0.0165242 0.0206392 0.0178333 0.0198122 0.0219417 0.0220997 0.0226453 0.0169947 0.0177167 0.0140535 0.0166802 0.0190305 0.0226762 0.015443 0.023036 0.0258755 0.0265249 0.0356268 0.0443122 0.0556481 0.0488836 0.0413368 0.0371863 0.0382297 0.0460794 0.0398738 0.0371012 0.0335011 0.0384268 0.0511846 0.0537423 0.0560743 0.0462983 0.0368261 0.0282847 0.0191742 0.0123994 0.0119866 0.0167026 0.0266874 0.0182456 0.012494 0.0130561 0.0256965 0.0286911 0.0132917 0.00343119 0.00153216 6.28317e-05 0 0 0 
0 0 0 0 0 7.46032e-05 0.00521739 0.0174275 0.013444 0.0192828 0.0151946 0.0167025 0.0217949 0.016101 0.0124763 0.0170754 0.0173607 0.0201686 0.0159891 0.015154 0.0186239 0.0135892 0.0188435 0.0180069 0.0188245 0.0146163 0.0167236 0.0188644 0.0221157 0.0253499 0.0190086 0.0219137 0.0260968 0.0264248 0.0302875 0.0441506 0.0694455 0.0714002 0.0508582 0.0442637 0.0423444 0.0411409 0.0375682 0.03883 0.035261 0.0269055 0.0427542 0.0496408 0.0474569 0.0361448 0.0294908 0.0208283 0.0120483 0.00924835 0.0128474 0.0161987 0.0239661 0.024034 0.0171353 0.0197769 0.0341489 0.0364083 0.0163337 0.00320547 0.000528108 0 0 0 0 
0 0 0 0 0 4.16013e-05 0.00442587 0.0186299 0.0158323 0.0146895 0.0167831 0.025351 0.0258162 0.0136479 0.0110549 0.0158575 0.019633 0.0226731 0.0189356 0.01259 0.0143434 0.0120056 0.0117331 0.0196915 0.0209629 0.0218283 0.0169187 0.0276397 0.0219746 0.0211603 0.0200984 0.0243616 0.0200043 0.0229001 0.0247667 0.0265821 0.0504316 0.055693 0.0444668 0.0365381 0.038598 0.035626 0.0299982 0.0434176 0.0343082 0.0306878 0.0324722 0.0362824 0.0312551 0.0213625 0.0212579 0.0223017 0.0201998 0.015988 0.0248304 0.0256053 0.0228231 0.0201773 0.0221043 0.0198241 0.0287728 0.027819 0.0136531 0.00432856 0.00010823 0 0 0 0 
0 0 0 0 0 0 0.00541082 0.0166578 0.0197392 0.0136303 0.0167553 0.0238643 0.0222055 0.013066 0.0110402 0.0145933 0.0145315 0.0175707 0.0196491 0.016518 0.0118402 0.0145555 0.0170504 0.0171013 0.0211642 0.0190947 0.0171183 0.0247145 0.0307409 0.0257185 0.0249648 0.0307877 0.030241 0.02161 0.0209578 0.0209025 0.0294329 0.0372001 0.0313175 0.0266452 0.0292107 0.0349628 0.0303416 0.0521656 0.0495513 0.0391619 0.0228473 0.0246976 0.024971 0.0146516 0.0175525 0.0292276 0.0287022 0.0298396 0.0295738 0.0300574 0.0222158 0.0207282 0.0205692 0.0213631 0.0137325 0.012106 0.00782281 0.00302328 0 0 0 0 0 
0 0 0 0 0 0 0.000612303 0.00748934 0.019574 0.0248743 0.0170287 0.0238113 0.0208585 0.0159637 0.0108391 0.0131645 0.0118512 0.0138653 0.0155371 0.0148854 0.0161917 0.0132262 0.0121575 0.0169022 0.0179666 0.0196247 0.0229515 0.0224248 0.0290478 0.0278598 0.0292624 0.0326498 0.0290702 0.0236618 0.0202672 0.0257422 0.0231915 0.0282432 0.0272411 0.0337412 0.0351046 0.0294501 0.0314542 0.0461222 0.051824 0.035814 0.0199497 0.0245999 0.0186255 0.00840682 0.0155778 0.0298626 0.0302637 0.0371257 0.0324596 0.0324334 0.0234934 0.0178974 0.0207384 0.0208853 0.0129883 0.00729147 0.00813564 0.00202623 0 0 0 0 0 
0 0 0 0 0 0 0 0.00143726 0.0131094 0.0234603 0.015162 0.0182029 0.0140628 0.00839668 0.00695453 0.00981617 0.0093868 0.00982116 0.0106693 0.0106902 0.018344 0.0172777 0.0209093 0.0211484 0.018858 0.0221392 0.0192747 0.01989 0.0236838 0.0223652 0.0198325 0.0309046 0.0286119 0.0238586 0.0217414 0.0217592 0.0207045 0.0246445 0.0287982 0.034828 0.0328747 0.0234603 0.033048 0.0400928 0.0463277 0.0301618 0.0247703 0.0186143 0.0165144 0.0104089 0.0177093 0.0328009 0.0306769 0.0412219 0.0440537 0.0344591 0.0204907 0.0153348 0.0233415 0.0278355 0.0131947 0.00361714 0.000384489 5.01945e-06 0 0 0 0 0 
0 0 0 0 0 0 0 7.89681e-07 0.00243102 0.013405 0.0200281 0.0109999 0.00837049 0.0055697 0.00852852 0.0121495 0.0102355 0.00333787 0.0048815 0.0131344 0.0131813 0.0119259 0.0180467 0.0225288 0.0202886 0.0154611 0.0195219 0.0160249 0.0180407 0.0217929 0.0165116 0.0239346 0.0196362 0.0144132 0.0153842 0.0176554 0.0237824 0.0250319 0.0274173 0.0221304 0.0203589 0.0215727 0.0369414 0.0408891 0.0392624 0.0295668 0.0293645 0.016956 0.013546 0.0203913 0.0262575 0.0273356 0.026368 0.0305632 0.0378896 0.0425012 0.0297294 0.017277 0.0231523 0.0171602 0.00373991 0.00163049 0.000120146 0 0 0 0 0 0 
0 0 0 0 0 0 0 0 6.67176e-05 0.00412081 0.013887 0.0150698 0.0166085 0.0111365 0.007175 0.0151441 0.00762217 0.00125884 0.00168729 0.00877846 0.012392 0.0117096 0.00788305 0.0112351 0.0115065 0.0120082 0.0197038 0.017937 0.0169161 0.0137622 0.0134226 0.0171015 0.0222878 0.0221114 0.0174793 0.0239175 0.028893 0.0237809 0.0195892 0.023955 0.0206184 0.0264637 0.0311802 0.0313602 0.0340759 0.0293807 0.0227952 0.0164704 0.0128937 0.0273232 0.0349048 0.0283849 0.0225751 0.029926 0.0379805 0.0397513 0.0395241 0.0357938 0.0243302 0.0129705 0.00161205 0.000164099 0 0 0 0 0 0 0 
0 0 0 0 0 0 0 0 0 6.18938e-05 0.00548841 0.0152984 0.0225797 0.015443 0.00650719 0.00708433 0.00307814 0.000947419 0.00513006 0.00856759 0.00513053 0.00855838 0.0059008 0.00223506 0.00696923 0.013852 0.017605 0.0219474 0.0240712 0.0191701 0.0194745 0.0188175 0.0191 0.0170572 0.0203685 0.0253653 0.0288795 0.0272698 0.0265214 0.0273783 0.0339195 0.0287879 0.0342323 0.0342142 0.0308829 0.0238468 0.0224696 0.0189107 0.0223655 0.038737 0.04497 0.0218353 0.00752127 0.0132543 0.0274655 0.0363875 0.0375785 0.0303032 0.0198872 0.00401886 0.000330733 0 0 0 0 0 0 0 0 
0 0 0 0 0 0 0 0 0 0 0.000753133 0.00417683 0.0115819 0.00887461 0.0068533 0.00489837 0.00364738 0.00759654 0.0105155 0.00786573 0.00872116 0.00904735 0.00474006 0.00540976 0.0105945 0.0150951 0.0281707 0.0343079 0.0331367 0.0240024 0.0256437 0.0191923 0.0226754 0.0201489 0.017305 0.020516 0.0220016 0.0288445 0.0392017 0.0393672 0.0362318 0.0260275 0.0326527 0.0260644 0.0276363 0.022732 0.015409 0.0139021 0.0247818 0.046279 0.0388195 0.010157 0.000505624 0.00255152 0.00862274 0.0203094 0.0312024 0.0209675 0.00618192 0.000364349 0 0 0 0 0 0 0 0 0 
0 0 0 0 0 0 0 0 0 0 0 0.000337685 0.00161197 0.000773631 0.00181485 0.00123906 0.00695467 0.014839 0.0136693 0.0111672 0.00950321 0.00406275 0.00465624 0.012344 0.0124848 0.0210531 0.0411663 0.0342871 0.0328485 0.0176672 0.016052 0.0173665 0.0196476 0.019042 0.0175799 0.0246372 0.0292869 0.0236444 0.0301762 0.0377587 0.0330355 0.0194921 0.0225716 0.0251951 0.0244475 0.0193186 0.011061 0.0137189 0.0269994 0.0400577 0.0251997 0.00589251 0.00287537 0.00291868 0.000667119 0.0038701 0.00587344 0.00211298 0.000278408 0 0 0 0 0 0 0 0 0 0 
0 0 0 0 0 0 0 0 0 0 0 0 0 0 0 5.17189e-05 0.00660827 0.011228 0.0109318 0.00486139 0.00231357 0.00501817 0.0101446 0.021772 0.0228901 0.0234174 0.034241 0.0283617 0.0228676 0.0155332 0.0122626 0.01739 0.0226672 0.0174869 0.0219014 0.0221001 0.0224181 0.023434 0.023862 0.0206785 0.0201759 0.0244304 0.0231841 0.0288108 0.0289335 0.0157097 0.00623541 0.00763482 0.0178053 0.0214778 0.0155212 0.018308 0.0181066 0.0137538 0.00116234 0.000140051 4.41348e-05 0 0 0 0 0 0 0 0 0 0 0 0 
0 0 0 0 0 0 0 0 0 0 0 0 0 0 0 0 0.000867407 0.00246464 0.00682037 0.00890445 0.00594356 0.00918175 0.0125668 0.0230034 0.0217565 0.0222622 0.0206109 0.0182382 0.0151765 0.0116631 0.0142678 0.0145259 0.0191207 0.0243456 0.0216519 0.0138791 0.0162595 0.017976 0.0230772 0.0191572 0.0154782 0.0207177 0.017611 0.0201388 0.0242849 0.0270411 0.018642 0.0153361 0.0244161 0.0221306 0.0186046 0.022905 0.0186272 0.0116408 0.000611747 0 0 0 0 0 0 0 0 0 0 0 0 0 0 
0 0 0 0 0 0 0 0 0 0 0 0 0 0 0 0 0 9.33972e-05 0.00356798 0.00856804 0.0085255 0.0120631 0.00868519 0.0119918 0.0159847 0.0161559 0.0154999 0.0150594 0.0130637 0.0148801 0.00997165 0.0113416 0.0114263 0.0130371 0.0163614 0.0134411 0.011209 0.0191599 0.0211911 0.0208487 0.0160642 0.0135615 0.0151603 0.0204935 0.0200537 0.0265129 0.0290797 0.0299042 0.0294327 0.0168369 0.016908 0.0136241 0.00777996 0.00193163 2.22622e-05 0 0 0 0 0 0 0 0 0 0 0 0 0 0 
0 0 0 0 0 0 0 0 0 0 0 0 0 0 0 0 0 0 0.000726362 0.00217527 0.00555759 0.0100959 0.00704393 0.00719715 0.00858446 0.00785943 0.00743888 0.00963257 0.00924955 0.0103977 0.00942229 0.00898462 0.00968384 0.00659483 0.0157081 0.0168739 0.020944 0.030248 0.0288587 0.0209384 0.0165794 0.0171625 0.0190528 0.0177544 0.0182196 0.0152379 0.0222929 0.0221101 0.0127343 0.00598392 0.00469391 0.00239153 0.000285792 0 0 0 0 0 0 0 0 0 0 0 0 0 0 0 0 
0 0 0 0 0 0 0 0 0 0 0 0 0 0 0 0 0 0 3.56766e-06 3.20782e-05 0.000890709 0.00309007 0.00412911 0.00654467 0.0111697 0.00657822 0.00928662 0.0117919 0.00707413 0.0128322 0.00918852 0.00971165 0.00954745 0.00390353 0.00704288 0.0155827 0.0293398 0.0403749 0.0319523 0.0179363 0.0176936 0.0238854 0.0264622 0.0178929 0.0100345 0.00943291 0.0100138 0.0105147 0.00283987 0.00176224 0.000826167 1.53115e-05 0 0 0 0 0 0 0 0 0 0 0 0 0 0 0 0 0 
0 0 0 0 0 0 0 0 0 0 0 0 0 0 0 0 0 0 0 0 0 0.000532763 0.00210757 0.00395268 0.00527068 0.00424954 0.00637969 0.00906651 0.00414173 0.00491569 0.00724201 0.0086634 0.0104612 0.00823624 0.00484274 0.0139272 0.0336479 0.0364159 0.0251619 0.021401 0.027673 0.0291483 0.0251953 0.012115 0.00693263 0.00699544 0.00447056 0.00120192 0.00014318 0 0 0 0 0 0 0 0 0 0 0 0 0 0 0 0 0 0 0 0 
0 0 0 0 0 0 0 0 0 0 0 0 0 0 0 0 0 0 0 0 0 0 9.47015e-06 0.000851515 0.000762813 0.00128217 0.00309696 0.00496014 0.00360017 0.0029164 0.00301025 0.0028018 0.00418272 0.00516523 0.00576967 0.0170998 0.0275988 0.0320736 0.0266676 0.0220313 0.023664 0.0187961 0.0129657 0.00457834 0.0020359 0.000499747 0.000447442 3.24924e-05 0 0 0 0 0 0 0 0 0 0 0 0 0 0 0 0 0 0 0 0 0 
0 0 0 0 0 0 0 0 0 0 0 0 0 0 0 0 0 0 0 0 0 0 0 0 0 1.14917e-05 4.20352e-05 0.000186793 0.000127969 0.000287277 0.00028925 0.000335851 7.58018e-05 0.000286033 0.00439693 0.0117734 0.0125836 0.0104222 0.0120834 0.0058195 0.00642237 0.00484301 0.00155214 0.00051303 0.000148867 0 0 0 0 0 0 0 0 0 0 0 0 0 0 0 0 0 0 0 0 0 0 0 0 

