0 0 0 0 0 0 0 0 0 0 0 0 0 0 0 0 0 0 0 0 0 0 0 0 0 0 0 0 0 1.11307e-05 9.1396e-05 2.11084e-05 0.000321135 0.0002663 4.1535e-05 0 6.74194e-05 5.55215e-06 4.75743e-06 1.29013e-05 0 0 0 0 0 0 0 0 0 0 0 0 0 0 0 0 0 0 0 0 0 0 0 0 0 0 0 0 0 
0 0 0 0 0 0 0 0 0 0 0 0 0 0 0 0 0 0 0 0 0 0 0 0 0 0 0 0 0 0.00168487 0.00840843 0.00722992 0.00594792 0.00490026 0.00687141 0.00483956 0.00547657 0.00178226 0.00282055 0.00597988 0.00810186 0.00200737 0.000256903 0.00027595 3.8323e-06 1.64547e-06 0 0 0 0 0 0 0 0 0 0 0 0 0 0 0 0 0 0 0 0 0 0 0 
0 0 0 0 0 0 0 0 0 0 0 0 0 0 0 0 0 0 0 0 0 0 2.81119e-05 0.000357621 0.000119161 1.52228e-05 0 0.000162356 0.000193973 0.00444321 0.0171341 0.00921042 0.0052162 0.00420251 0.00958742 0.0120504 0.0149593 0.0128404 0.0163124 0.017255 0.0171446 0.008238 0.00535076 0.00200331 0.00259864 0.0022872 0.00108665 0.000118191 0 0 0 0 0 0 0 0 0 0 0 0 0 0 0 0 0 0 0 0 0 
0 0 0 0 0 0 0 0 0 0 0 0 0 0 0 0 0 0 0 0 5.09873e-05 0.000596757 0.00171026 0.0063799 0.00538218 0.000994475 0.000717791 0.00272165 0.00242131 0.00771889 0.0174503 0.0129962 0.00674693 0.00730512 0.0113242 0.0102287 0.0109902 0.023448 0.0233421 0.0197074 0.022896 0.0187172 0.0171235 0.0131925 0.0150036 0.00858595 0.00780062 0.00113409 0.000316522 1.94413e-05 0 0 0 0 0 0 0 0 0 0 0 0 0 0 0 0 0 0 0 
0 0 0 0 0 0 0 0 0 0 0 0 0 0 0 0 0 0 0 0.000410927 0.000874037 0.00265772 0.00777508 0.0131519 0.0133852 0.00387917 0.000717655 0.00366059 0.00709938 0.0122691 0.0179564 0.0188985 0.0136087 0.0139251 0.0142348 0.01144 0.0119406 0.0135926 0.0159709 0.0268923 0.0158471 0.0117987 0.0113818 0.0130708 0.0171363 0.0144701 0.00816526 0.00313747 0.00518412 0.00213137 0.000581208 0 0 0 0 0 0 0 0 0 0 0 0 0 0 0 0 0 0 
0 0 0 0 0 0 0 0 0 0 0 0 0 0 0 0 0 0 0.000608518 0.00142355 0.00325488 0.00599862 0.0129697 0.0150295 0.0185417 0.00918426 0.00156818 0.00207376 0.00596841 0.0059031 0.00929783 0.0194849 0.0242227 0.0207367 0.0161163 0.014298 0.0136892 0.0101912 0.0127411 0.0167308 0.0148502 0.017034 0.00983551 0.013064 0.0203198 0.0170315 0.0112023 0.0115364 0.0079077 0.00795584 0.00679292 0.00147572 1.84363e-05 0 0 0 0 0 0 0 0 0 0 0 0 0 0 0 0 
0 0 0 0 0 0 0 0 0 0 0 0 0 0 0 0 0 0.00195115 0.00665301 0.00575492 0.00773703 0.0125177 0.0126696 0.0152079 0.015736 0.0121961 0.0070929 0.00330902 0.00349075 0.00375372 0.00592052 0.0133531 0.027929 0.0193248 0.00794809 0.0164897 0.0155635 0.0140105 0.0134582 0.0161863 0.02035 0.0242437 0.0115647 0.0126362 0.0178599 0.0153757 0.0126993 0.0160354 0.00908413 0.0105575 0.0197207 0.0090175 0.00100376 0 0 0 0 0 0 0 0 0 0 0 0 0 0 0 0 
0 0 0 0 0 0 0 0 0 0 0 0 0 0 0 5.38841e-05 0.00114896 0.00686147 0.0130025 0.00698893 0.00676217 0.015572 0.0149449 0.0201589 0.0190795 0.0179201 0.0183614 0.0141488 0.0144159 0.0131739 0.0113751 0.0142158 0.0202261 0.015995 0.013042 0.0217474 0.0192261 0.0116903 0.0073988 0.0167403 0.0309144 0.0314334 0.0198473 0.0125889 0.0192107 0.0223275 0.0144866 0.0126278 0.0112359 0.0130933 0.00942804 0.00656249 0.000923802 0.000154983 0.000113264 7.73684e-05 0 0 0 0 0 0 0 0 0 0 0 0 0 
0 0 0 0 0 0 0 0 0 0 0 0 0 0 0.000261428 0.00112351 0.00281225 0.00320523 0.00423176 0.00592751 0.00987558 0.0114695 0.0166819 0.0222849 0.0256246 0.0443653 0.0420329 0.0209769 0.0221129 0.018669 0.0179718 0.0180942 0.0140618 0.011793 0.0198754 0.0240625 0.0155517 0.0119482 0.00889061 0.0224591 0.0313938 0.0290676 0.0240163 0.0178018 0.0190656 0.01695 0.0156929 0.0151246 0.0131297 0.0173549 0.0155372 0.00308168 0.000509225 0.00238792 0.00147427 0.00321395 0.000324724 0 0 0 0 0 0 0 0 0 0 0 0 
0 0 0 0 0 0 0 0 0 0 0 0 0 0 0.000159086 0.000507449 0.000668275 0.000780188 0.00679399 0.0144983 0.0157596 0.0112339 0.0116577 0.0178407 0.0228728 0.0384437 0.0374996 0.0121589 0.0109436 0.0189801 0.0305898 0.0303531 0.0188822 0.0161904 0.0242332 0.0252988 0.0230565 0.0110496 0.0122004 0.0184532 0.0261485 0.0309998 0.0311037 0.0224513 0.0233229 0.0180401 0.0169486 0.0175981 0.0161554 0.0202346 0.0136656 0.00984763 0.00578011 0.00990339 0.00901656 0.00662304 0.00415094 0.00276025 0.000295209 0 0 0 0 0 0 0 0 0 0 
0 0 0 0 0 0 0 0 0 0 0 0 0 0 0 0.000339954 0.000960192 0.00158659 0.00791489 0.0129383 0.0167227 0.0124143 0.00904722 0.00900855 0.0191656 0.0228953 0.0165771 0.0099154 0.0165688 0.0199458 0.0250426 0.0279784 0.0207267 0.0231668 0.0230546 0.0201786 0.0232671 0.023609 0.0132827 0.0173013 0.0200121 0.0268465 0.0274315 0.0238563 0.0195022 0.0136445 0.0101301 0.0164918 0.0165747 0.0145349 0.00947621 0.0122452 0.0129507 0.0142781 0.0144773 0.0141821 0.0178036 0.0102827 0.00126315 0 0 0 0 0 0 0 0 0 0 
0 0 0 0 0 0 0 0 0 0 0 0 0 7.92516e-05 0.001522 0.00189325 0.000886458 0.00134586 0.00221902 0.00650099 0.0141814 0.0117497 0.0122489 0.0117174 0.0141774 0.0154406 0.0110616 0.0193186 0.021482 0.0243141 0.0257784 0.0286773 0.0256992 0.0255741 0.0259735 0.0314756 0.0245284 0.0275549 0.0199777 0.018147 0.0226397 0.0275907 0.0297364 0.0252348 0.0222585 0.0168818 0.018261 0.0131368 0.0177444 0.0155757 0.0137005 0.0180878 0.0170853 0.0163285 0.0204827 0.0185544 0.0148653 0.00842285 0.000627521 0 0 0 0 0 0 0 0 0 0 
0 0 0 0 0 0 0 0 0 4.51482e-08 0.000432121 0.000591758 3.76172e-05 0.00285842 0.00808444 0.00520082 0.00232538 0.000218 0.00114873 0.00794875 0.0175225 0.0162214 0.01732 0.0178989 0.0158609 0.0110354 0.0129133 0.0197155 0.0203493 0.0261123 0.0233428 0.021289 0.0193096 0.0228405 0.0221001 0.028708 0.0272989 0.0216766 0.0244934 0.0269123 0.0194504 0.0156676 0.0247473 0.0293775 0.0230733 0.0212834 0.0223881 0.010455 0.0106805 0.0130394 0.0204406 0.0375691 0.0405732 0.0174621 0.0230448 0.017724 0.0132882 0.0087179 0.00333476 0.00099357 0.000128504 0 0 0 0 0 0 0 0 
0 0 0 0 0 0 0 0 0.000202914 0.00295549 0.00920069 0.0112558 0.00581164 0.00307032 0.00632159 0.00499976 0.00347343 0 0.00138036 0.00809557 0.0172487 0.0262668 0.017588 0.015476 0.0144753 0.0158101 0.0217476 0.0200379 0.019512 0.0276106 0.026375 0.0225469 0.0163021 0.0188914 0.0247114 0.0266308 0.024871 0.0227765 0.0259258 0.0222439 0.0183894 0.0181343 0.0262165 0.027778 0.02148 0.0168993 0.0197298 0.0130979 0.0120047 0.0142013 0.0211 0.0655418 0.058971 0.0184935 0.0218439 0.0157372 0.0124326 0.021087 0.019522 0.00895482 0.00673481 0.00173339 0 0 0 0 0 0 0 
0 0 0 0 0 0 1.52301e-05 0.000578736 0.00376565 0.0137779 0.0182556 0.0171175 0.015824 0.00851271 0.00403768 0.00345321 0.00109644 0.000903893 0.00498361 0.0110069 0.0192466 0.0210478 0.016282 0.0192474 0.017151 0.0192389 0.0285224 0.0331721 0.0288343 0.0263144 0.0300748 0.020181 0.0179316 0.0191861 0.0224577 0.0218358 0.0274534 0.0220628 0.024231 0.019085 0.0239167 0.0212048 0.0210061 0.0220619 0.0176505 0.0194507 0.0189426 0.0150129 0.0161303 0.0115895 0.0159972 0.02383 0.0210773 0.0147969 0.0137558 0.0121289 0.0184266 0.0181602 0.0187787 0.0159103 0.0167516 0.00951059 0.00123984 6.97657e-06 0 0 0 0 0 
0 0 0 0 0 0 0.000361651 0.00315341 0.00963559 0.0160847 0.0147573 0.011261 0.0207224 0.0132903 0.00591886 0.00565129 0.00401458 0.00432899 0.00982601 0.014043 0.019757 0.0192843 0.0129113 0.0161886 0.0141448 0.0209282 0.0318212 0.0350362 0.027352 0.0217543 0.0255938 0.0182256 0.0154297 0.0154873 0.0164391 0.0198246 0.0224745 0.0232543 0.017627 0.0208272 0.0264182 0.0149069 0.0170721 0.0182055 0.014889 0.0258 0.0261313 0.0186476 0.0177218 0.0129782 0.0156755 0.0152802 0.0166068 0.0165759 0.0111055 0.00946044 0.0107019 0.00979282 0.0141806 0.0142264 0.0144128 0.00988917 0.00417749 0.000163329 0 0 0 0 0 
0 0 0 0 0 0.000274852 0.00319113 0.0131067 0.0217712 0.0160609 0.0191944 0.0116001 0.0121577 0.010995 0.00569532 0.00825916 0.0105088 0.0144135 0.0157828 0.018254 0.015932 0.0117296 0.0139286 0.0150553 0.0241611 0.0203496 0.0240143 0.0289573 0.0251059 0.0176272 0.0242085 0.0258427 0.0180975 0.0146474 0.0171183 0.0219953 0.0205762 0.0219075 0.0185023 0.0239721 0.0224356 0.0151377 0.0170168 0.0172394 0.0174191 0.0144859 0.0199813 0.0133975 0.0165476 0.0158603 0.0213524 0.0162037 0.0149947 0.0143824 0.0144387 0.0188241 0.0193125 0.0177723 0.0170484 0.0132518 0.0106008 0.0128429 0.00529615 0.000860617 0 0 0 0 0 
0 0 0 0 0 0.00135303 0.00996122 0.012773 0.0157886 0.0162867 0.0239034 0.0192323 0.0135587 0.0155099 0.0123136 0.00902906 0.00942017 0.0147468 0.0126207 0.0164846 0.0163966 0.0167734 0.0209462 0.0178803 0.0185099 0.0173229 0.0175619 0.0194565 0.0237759 0.0179028 0.0245812 0.0213375 0.0184371 0.0149283 0.0166797 0.0202472 0.0246197 0.0270531 0.0219506 0.019792 0.017771 0.0156582 0.011952 0.0137753 0.018098 0.0144098 0.019763 0.0197875 0.0153823 0.0169701 0.0284102 0.0169707 0.0162052 0.0117584 0.0127136 0.0168559 0.0185893 0.0174218 0.014343 0.0148346 0.0163999 0.0157734 0.00588696 0.000431359 0 0 0 0 0 
0 0 0 0 0 0.00253694 0.0129368 0.0170808 0.0162729 0.0168712 0.0228078 0.0264508 0.0156841 0.0167386 0.0125861 0.0106813 0.0109785 0.017311 0.0150253 0.0164666 0.0162361 0.0205364 0.0199996 0.0136965 0.0111113 0.0122029 0.0131219 0.0121016 0.0169617 0.0212414 0.0168293 0.0197457 0.0167192 0.0178382 0.0185722 0.0168236 0.0190252 0.0292103 0.0196295 0.0175599 0.0158172 0.0192314 0.0161546 0.014762 0.0151341 0.0208364 0.0276936 0.0329934 0.0197533 0.0128244 0.0136935 0.0134652 0.0174635 0.0135164 0.0121255 0.0155733 0.0122393 0.0139391 0.0137276 0.011095 0.0114535 0.0208055 0.0147872 0.0027233 0.000441918 7.98948e-05 0 0 0 
0 0 0 0 0.000453479 0.00424049 0.012132 0.0161045 0.0197781 0.0222256 0.0208102 0.0179547 0.0183547 0.0188859 0.0201961 0.0125836 0.0147203 0.0247581 0.0192732 0.0172259 0.0141078 0.0173004 0.0250717 0.0123535 0.0175562 0.0199522 0.014237 0.0176214 0.0189124 0.0178584 0.0200483 0.0206216 0.0186112 0.0213412 0.0179043 0.0237903 0.0193314 0.0193327 0.0143913 0.0137177 0.0197412 0.0149883 0.0145004 0.0198083 0.02093 0.0232997 0.028205 0.0293044 0.0399617 0.025086 0.0159259 0.0179148 0.0169878 0.0164479 0.0141112 0.0121012 0.0150995 0.0150157 0.0125154 0.0121224 0.0176804 0.023924 0.0218247 0.00940619 0.00360897 0.00142789 0 0 0 
0 0 0 0.000150607 0.00332976 0.00632558 0.0118537 0.0117758 0.0124991 0.0215662 0.0200561 0.0184834 0.0203206 0.0229887 0.0141969 0.0186032 0.0171871 0.0237376 0.0218176 0.0182801 0.0203407 0.0169919 0.0184814 0.0169773 0.023297 0.0238549 0.0219608 0.0171064 0.019287 0.0179072 0.0228486 0.0187517 0.0205216 0.018957 0.0171206 0.029612 0.0234709 0.0166887 0.0145335 0.0166743 0.019197 0.0204013 0.0182165 0.0221254 0.0223311 0.0176328 0.0189584 0.0206739 0.0274524 0.032267 0.0236715 0.0178729 0.024495 0.0208547 0.0184241 0.0182627 0.0177537 0.0180945 0.0126937 0.0157189 0.0108912 0.0122842 0.0145133 0.0112525 0.00508538 0.00455786 0.000346048 0 0 
0 0 0 0.00238248 0.0131338 0.0110615 0.0178206 0.0143098 0.0147246 0.0169327 0.0133396 0.0179331 0.0219775 0.0180084 0.0105558 0.0102127 0.0194916 0.0196349 0.0290852 0.0201049 0.0182105 0.0164359 0.0214246 0.0195571 0.0229574 0.0228369 0.02023 0.0177396 0.0213449 0.0186584 0.0180269 0.0163087 0.0246893 0.0248364 0.0143206 0.0242351 0.0179223 0.0154524 0.0179874 0.023929 0.0266966 0.0266992 0.0177425 0.0176686 0.0216303 0.0122454 0.0122401 0.0145592 0.0164762 0.0184114 0.0203186 0.0189499 0.0246852 0.033979 0.0261935 0.0191586 0.0176329 0.0150014 0.0125839 0.0100601 0.0141875 0.0125879 0.0105059 0.0103294 0.00809288 0.00746706 0.000888932 0 0 
0 0 3.59861e-05 0.00401256 0.0130239 0.0130401 0.0181775 0.0161144 0.0230409 0.0171506 0.0120741 0.0218974 0.0181601 0.0162256 0.0104331 0.014818 0.0145829 0.0197579 0.0249849 0.0228357 0.0153068 0.0140626 0.0207973 0.0253407 0.0263841 0.0210735 0.0200105 0.0181632 0.0198392 0.0148957 0.0229069 0.0164115 0.0172577 0.0252353 0.0192184 0.0184097 0.019951 0.0236796 0.0202143 0.0243621 0.0186404 0.019466 0.016195 0.012584 0.0158709 0.0191284 0.022692 0.0276464 0.0267533 0.0180665 0.012986 0.0167388 0.0235335 0.0224496 0.0139192 0.0124747 0.0157785 0.0127673 0.0112152 0.00862891 0.00920705 0.0132917 0.0116696 0.0107615 0.0151422 0.0109467 0.00370694 3.78108e-05 0 
0 0 0.000535066 0.00993401 0.0175216 0.0154875 0.0165234 0.0134141 0.0148482 0.0126463 0.0174218 0.0206498 0.0142938 0.0143545 0.0168935 0.0186972 0.0182756 0.0154112 0.0181341 0.0192817 0.0138524 0.0127612 0.0179689 0.0236942 0.0348999 0.0275924 0.0168297 0.0183709 0.0192256 0.0270212 0.0257474 0.0186738 0.0203151 0.0185954 0.0230427 0.0178179 0.0219633 0.0324859 0.023223 0.0194284 0.0214358 0.0185758 0.0229752 0.0189198 0.0156102 0.0156069 0.0137653 0.0169886 0.0314552 0.0276476 0.0185995 0.0157821 0.0238211 0.0155484 0.014005 0.0207917 0.0171718 0.0108741 0.00944642 0.0104901 0.0105111 0.0121729 0.0134979 0.0140662 0.0229532 0.0130385 0.00261879 0.000397934 0 
0 5.28255e-08 0.00234476 0.00848369 0.0202961 0.0201779 0.0180077 0.0160432 0.0122201 0.0121355 0.0162465 0.0179412 0.0167526 0.0153052 0.01652 0.016822 0.0203756 0.0140689 0.0161723 0.0147773 0.0135304 0.0169457 0.0245568 0.037047 0.0344972 0.0479001 0.0255822 0.0244296 0.0360897 0.0310763 0.0201612 0.0246394 0.020837 0.0248028 0.0281108 0.0225898 0.0223587 0.0290765 0.0221873 0.0173744 0.0141165 0.013355 0.0241595 0.0190456 0.0176573 0.0146262 0.016144 0.0173527 0.019426 0.0271363 0.0142396 0.0186621 0.0220766 0.0186127 0.0156067 0.0231084 0.0136293 0.0057178 0.00937059 0.0106507 0.0120963 0.0111739 0.0153402 0.0145211 0.0178785 0.0148463 0.00270945 0.000181356 0 
0 3.34881e-07 0.00306511 0.0113841 0.0146613 0.00930561 0.00750933 0.0113353 0.0160126 0.0146784 0.0139013 0.015678 0.0134142 0.0158016 0.0153383 0.0206593 0.0215959 0.0155485 0.0156588 0.024045 0.0243952 0.0292211 0.0244465 0.0256406 0.0222147 0.0253989 0.0210375 0.0311403 0.0307508 0.0261071 0.0261631 0.015002 0.013123 0.022665 0.0292577 0.0240839 0.0173064 0.0202553 0.0190479 0.0203237 0.0202695 0.0177523 0.0218686 0.0179948 0.0206831 0.0199932 0.0150683 0.0219999 0.018914 0.0237429 0.0159755 0.0153046 0.0156717 0.0185273 0.0198926 0.015622 0.00916835 0.0110428 0.0141847 0.0151119 0.0117998 0.0116522 0.0126862 0.0148993 0.0225719 0.0159518 0.00273403 0 0 
0 0.000144995 0.00390657 0.0108607 0.0119874 0.00864168 0.00891625 0.017629 0.0210971 0.0198796 0.0140215 0.00984486 0.0133369 0.0139581 0.0165441 0.0164383 0.0248135 0.0203749 0.0160017 0.0213789 0.0231392 0.0294331 0.0260662 0.022383 0.0241645 0.0303943 0.0337657 0.033871 0.0213816 0.0207785 0.0193366 0.0145254 0.0304559 0.0458977 0.0221815 0.0270118 0.0164807 0.0180534 0.0170977 0.0132067 0.0157612 0.0160952 0.0191887 0.0227012 0.0221613 0.0171344 0.0168222 0.0252115 0.0228468 0.018046 0.0171289 0.0155724 0.0117063 0.0126195 0.0151911 0.0137502 0.0157241 0.0109928 0.0165625 0.012668 0.0138643 0.0120851 0.0121358 0.014172 0.0148285 0.00643762 0.00134894 0 0 
0 0.000992889 0.00418939 0.00773688 0.00598991 0.00483265 0.00431107 0.0102153 0.0113184 0.0163642 0.0151176 0.0125847 0.0173718 0.0206385 0.0220708 0.0254608 0.0222165 0.0176102 0.0144909 0.0185729 0.0279144 0.0367032 0.0325469 0.0218422 0.0164446 0.0263279 0.0387042 0.0227863 0.01828 0.0194229 0.0179364 0.015168 0.0447262 0.0438335 0.0167545 0.0203345 0.0153675 0.014247 0.0180114 0.0103542 0.0195675 0.0299518 0.0251298 0.0157567 0.015703 0.012373 0.012875 0.0155509 0.0306571 0.0297118 0.0267443 0.0172292 0.0101943 0.0133094 0.0173226 0.0158522 0.017534 0.0141053 0.0122292 0.0116205 0.0136651 0.0130172 0.00883429 0.00961852 0.0050048 0.00113528 0.000727547 0.000188478 0 
0 0.000373568 0.00243835 0.00312269 0.00260637 0.00284945 0.00436767 0.00416974 0.0105406 0.0148788 0.0157434 0.0199209 0.0166132 0.0177395 0.0228114 0.0281027 0.0249842 0.0182128 0.0154709 0.016648 0.0275446 0.0359858 0.0250368 0.0164458 0.0243 0.0261515 0.0202233 0.0264438 0.0408851 0.0255147 0.018416 0.0172678 0.0218052 0.0279101 0.0151523 0.0183039 0.0107432 0.0102128 0.0163858 0.0180123 0.0233764 0.0243877 0.0214508 0.0143517 0.0216253 0.0208876 0.0131491 0.020111 0.0460583 0.063773 0.0289867 0.0140789 0.0096562 0.0105574 0.0172596 0.0105356 0.0110066 0.00919117 0.0086441 0.0128623 0.0132764 0.0139983 0.0110148 0.00868092 0.00503765 0.00270206 0.00407397 0.00192103 0.000128557 
0 0 0.0020269 0.00318526 0.000574224 0.00155766 0.00288046 0.00730679 0.0174314 0.0169875 0.0137127 0.0136805 0.0162886 0.0181142 0.0212521 0.0220059 0.0220058 0.0184633 0.0156458 0.0177627 0.0321788 0.032355 0.0204149 0.0226374 0.0295996 0.0277149 0.0201963 0.0295484 0.0342386 0.0346251 0.0151188 0.0154495 0.0189735 0.0284797 0.0233561 0.014961 0.0109588 0.0138641 0.0153913 0.0173292 0.0219869 0.0232552 0.0196672 0.0187166 0.017858 0.0157087 0.0141821 0.0210284 0.0331235 0.0429341 0.0246799 0.0191573 0.0140963 0.00656471 0.0110802 0.014033 0.00843093 0.00569056 0.00595401 0.0113225 0.0177403 0.0206934 0.0166009 0.0111586 0.011301 0.0125546 0.0112531 0.00473525 0.000806535 
0 0.000174099 0.00407359 0.00480285 0.000480629 0.0025807 0.00793785 0.0135621 0.0133895 0.0137087 0.0139486 0.015228 0.0164973 0.0224239 0.0242194 0.0219603 0.0205166 0.0152173 0.0181262 0.0231305 0.0248227 0.0267022 0.0220603 0.0260109 0.0267279 0.027766 0.0253828 0.0480736 0.0296259 0.0313457 0.0148109 0.0139457 0.0160609 0.0184918 0.0157994 0.0179747 0.0178485 0.0147877 0.00985392 0.021572 0.0213174 0.0209592 0.019824 0.0144515 0.0159336 0.0168035 0.0149386 0.0183478 0.0233011 0.0202212 0.0210642 0.0214415 0.0148037 0.00982887 0.0170372 0.0194709 0.0125553 0.00707394 0.00825002 0.0157032 0.0198612 0.0211975 0.0161738 0.0227728 0.0151568 0.0143247 0.0171019 0.0059684 7.81636e-05 
0 1.07405e-05 0.00035027 0.000867821 0.00300526 0.00877943 0.0103017 0.0179815 0.0148859 0.0144438 0.0172076 0.0154895 0.0149663 0.0195797 0.0241475 0.0237006 0.026023 0.0206171 0.0281928 0.0214164 0.0198989 0.0185318 0.014825 0.0348621 0.0532939 0.0347545 0.0243972 0.03173 0.0318268 0.0323872 0.0170829 0.0135378 0.0148313 0.0164483 0.0167911 0.0208419 0.0185513 0.0158873 0.0142496 0.017379 0.0192483 0.0201255 0.0212073 0.0180813 0.015207 0.0165684 0.013916 0.0130043 0.0173543 0.0192092 0.0157743 0.0191408 0.0137445 0.019 0.0174601 0.0126821 0.0150626 0.00955738 0.00386275 0.00519684 0.00698956 0.00760399 0.0153279 0.0130099 0.00876219 0.0100889 0.013647 0.0056974 0.001721 
3.71693e-06 1.25879e-05 0.00131883 0.00575329 0.0126854 0.0204545 0.0225755 0.0256928 0.0219273 0.0156194 0.0143003 0.0198529 0.0199234 0.0175477 0.0214815 0.0273908 0.0195815 0.0242847 0.0283592 0.0234743 0.0199883 0.0287372 0.0195757 0.0323877 0.0535822 0.051797 0.0418376 0.0294353 0.0196586 0.0424651 0.0217979 0.020027 0.0164264 0.0156783 0.0144279 0.0211898 0.0295446 0.0249499 0.0144064 0.0151762 0.0151868 0.0155843 0.0242747 0.0176848 0.0185924 0.0181034 0.0143128 0.0163326 0.0153584 0.0141516 0.0149491 0.0142262 0.0116131 0.0192063 0.0160902 0.0137705 0.0126438 0.00980919 0.0092448 0.00525085 0.00309554 0.00557691 0.0137428 0.0197761 0.0197787 0.0156752 0.00740299 0.00897112 0.00588773 
4.30295e-05 0.00139356 0.00879241 0.0156323 0.0172955 0.0192765 0.0198754 0.0192643 0.0211548 0.0124047 0.018977 0.0281845 0.0233263 0.0172725 0.0224032 0.025495 0.019797 0.0193909 0.0258764 0.0306952 0.0351025 0.053339 0.0218124 0.0301585 0.0470342 0.0425158 0.0289174 0.022299 0.0311548 0.05115 0.0242079 0.0207044 0.0179948 0.0218854 0.0202422 0.0189177 0.0225023 0.0276855 0.0198039 0.0181459 0.0176417 0.0194683 0.0142869 0.0183966 0.0194381 0.0215529 0.0197808 0.0262372 0.0188063 0.0146221 0.0106674 0.0106572 0.0116093 0.0110852 0.0102103 0.0120771 0.0142367 0.0176192 0.0201697 0.016704 0.0102917 0.00856197 0.0108567 0.0165658 0.0217008 0.0107576 0.00600813 0.00914454 0.00491328 
0.00013296 0.00445191 0.0133814 0.0163006 0.0152759 0.0151531 0.0185895 0.0164685 0.0174014 0.0204736 0.0205915 0.0286564 0.0278276 0.0216802 0.0200864 0.0175714 0.0265045 0.0217966 0.0215418 0.0276578 0.0353184 0.0338445 0.0288168 0.021731 0.038595 0.037069 0.0305925 0.0208167 0.0313789 0.0339982 0.0208676 0.016724 0.0286836 0.036482 0.0479449 0.0433981 0.0287554 0.0195333 0.0204699 0.0219624 0.0146724 0.0162289 0.0143688 0.0159176 0.0245944 0.0214968 0.0237509 0.0298028 0.0189234 0.0151418 0.00985946 0.00700199 0.014203 0.0158781 0.0172544 0.0168604 0.0217742 0.024429 0.0319721 0.0212431 0.0140321 0.0100429 0.00573951 0.0103202 0.0179553 0.00821638 0.012664 0.0120818 0.00301703 
0.000234962 0.00405713 0.0157228 0.0206078 0.013822 0.0164109 0.0183705 0.0201232 0.0269575 0.027196 0.0164672 0.0211116 0.0249863 0.0258764 0.0216723 0.0216763 0.0264494 0.0235957 0.0253562 0.0332407 0.0388362 0.0327813 0.0329221 0.0245102 0.0301774 0.031596 0.027503 0.0293123 0.0294445 0.0349242 0.027263 0.0223746 0.0324969 0.0440022 0.0645509 0.059665 0.0296015 0.0198999 0.0228713 0.0245325 0.0206458 0.0246706 0.0271704 0.0237445 0.0250173 0.0230291 0.0231208 0.0332073 0.0265369 0.0172263 0.0143436 0.00987939 0.0179246 0.0227871 0.0242499 0.0195833 0.0248892 0.026633 0.0270733 0.0220508 0.0195332 0.010394 0.00667111 0.00758706 0.0123216 0.0126268 0.0151786 0.0133573 0.00152046 
0 0.00363597 0.0160603 0.0258641 0.021521 0.0217605 0.0290072 0.0233071 0.0229783 0.0268371 0.0164811 0.0172233 0.015051 0.018011 0.0201787 0.0200965 0.0270306 0.0246908 0.0234021 0.036424 0.0426321 0.0272214 0.0270114 0.0210673 0.0234614 0.0242439 0.0201117 0.0304535 0.0439456 0.032594 0.044805 0.0316314 0.037626 0.0384509 0.0478474 0.0529766 0.0349777 0.0227173 0.0240376 0.0251865 0.0167756 0.0210376 0.0244385 0.0252989 0.0221947 0.0224259 0.019448 0.0258543 0.0270279 0.0238536 0.0225022 0.0197831 0.0196429 0.0179198 0.0131615 0.0107434 0.011962 0.0149979 0.0251644 0.0250934 0.0210061 0.0122531 0.00815755 0.00537647 0.00591671 0.0106448 0.0161735 0.0107276 0.00156519 
0.000166303 0.00525238 0.013503 0.0185154 0.0184769 0.0220915 0.0240445 0.0185478 0.0168697 0.0185852 0.014681 0.0150276 0.021401 0.0218918 0.0198367 0.0195605 0.0230965 0.0232824 0.0224071 0.0334424 0.0439065 0.0453415 0.0298992 0.0159758 0.0222243 0.0248195 0.0243253 0.0351616 0.046583 0.0284721 0.0493084 0.0478996 0.0560145 0.0437126 0.0409184 0.0385464 0.0341436 0.0265561 0.0231744 0.0255247 0.0221288 0.0186619 0.0220993 0.0273282 0.0306364 0.0315392 0.0285168 0.0258659 0.0268867 0.0227503 0.0218917 0.0238575 0.0184972 0.0136289 0.00892765 0.0135549 0.00816998 0.009728 0.0197332 0.0229961 0.0221366 0.022265 0.0152656 0.0108017 0.0113846 0.0217845 0.0271422 0.0124749 0.00115104 
4.60693e-05 0.00453754 0.0107542 0.0136526 0.0192593 0.0242145 0.0166536 0.0101717 0.0113634 0.0116847 0.0168351 0.0228092 0.0258491 0.0219476 0.0156139 0.016327 0.0187949 0.0227089 0.0199477 0.0284173 0.0457273 0.0478342 0.0298031 0.0225272 0.0214234 0.0274743 0.0319298 0.0309643 0.0528809 0.0650232 0.0512542 0.0420849 0.0440981 0.0369564 0.034533 0.026242 0.0476941 0.0312425 0.0219368 0.021763 0.0239083 0.026118 0.0300711 0.0308423 0.0327521 0.0309881 0.0231683 0.0204125 0.0236502 0.0272884 0.0220219 0.0176672 0.0196194 0.0243257 0.0173721 0.0253031 0.0192936 0.0138504 0.0225616 0.0245582 0.0184592 0.0261984 0.023894 0.0178789 0.0203678 0.0228622 0.0286306 0.015715 0.00139544 
0 0.000847958 0.00298178 0.00800486 0.017264 0.0194138 0.0112266 0.0074183 0.00935599 0.0114092 0.0195843 0.0237258 0.0269689 0.0231153 0.0133912 0.0107177 0.0179253 0.0207093 0.021002 0.0252871 0.0399996 0.0325413 0.0266035 0.0272562 0.0292752 0.026593 0.0299153 0.0271766 0.0230137 0.0372938 0.045323 0.0285 0.0299523 0.0291328 0.0292692 0.0558936 0.0325563 0.0182419 0.020456 0.0171506 0.0147074 0.0256247 0.0288878 0.0312652 0.0274899 0.0307708 0.0263576 0.0269796 0.0249335 0.0279302 0.0231861 0.0211303 0.018284 0.0196394 0.0188747 0.026157 0.0282505 0.0254482 0.0293635 0.0255301 0.0194248 0.0183754 0.0193303 0.0259173 0.0253737 0.0248796 0.0316957 0.0241043 0.00416039 
0 0 0.000486951 0.00405775 0.0173782 0.0170445 0.00810631 0.00917166 0.0112782 0.0115091 0.0159065 0.0197639 0.0216349 0.0177617 0.0132579 0.00760283 0.0145193 0.0154932 0.0184897 0.0369679 0.028585 0.0219693 0.0232332 0.0287996 0.0247395 0.020156 0.0205042 0.0229698 0.0261871 0.0240119 0.0225021 0.0221565 0.0237642 0.0273797 0.0333436 0.0687752 0.0305821 0.0210499 0.0358681 0.0248318 0.0184786 0.0246886 0.0212458 0.028433 0.0246938 0.0222745 0.027386 0.0307198 0.0344381 0.0296455 0.0221615 0.0213477 0.022375 0.0248848 0.022397 0.0248184 0.0252708 0.0352166 0.0401546 0.0408634 0.0159445 0.0179229 0.0291162 0.0319142 0.0246179 0.0316179 0.0265427 0.0207998 0.0088063 
2.1572e-05 6.16133e-05 0.00244118 0.0104353 0.018542 0.0104225 0.00716465 0.0115952 0.0177577 0.0143266 0.00849773 0.00812359 0.014273 0.0155381 0.00952469 0.0129636 0.0182184 0.0170878 0.0223659 0.0415144 0.0212002 0.0177606 0.0227292 0.0224998 0.0220341 0.0184154 0.0211584 0.0239046 0.0296184 0.0248462 0.0225937 0.0233769 0.0210977 0.0295271 0.0323506 0.0619087 0.0416538 0.0316735 0.0538487 0.029605 0.019409 0.0223052 0.0268731 0.0294711 0.0255122 0.0245517 0.0245944 0.0239478 0.0248733 0.0359084 0.0280375 0.0158637 0.0171005 0.0233706 0.0200216 0.0300571 0.0282249 0.037729 0.0508189 0.0472936 0.0236804 0.0162736 0.0267936 0.0287661 0.0235569 0.0233337 0.0145355 0.00716968 0.00208215 
1.84297e-06 0.000393947 0.00583891 0.0171986 0.020981 0.0128321 0.0124259 0.0177716 0.0198801 0.0131011 0.0128519 0.00996515 0.0174479 0.0202125 0.0134425 0.0179185 0.016575 0.0171041 0.0226877 0.0270446 0.0259021 0.0219219 0.0206603 0.0208957 0.0219848 0.0228722 0.0187598 0.0248208 0.0248556 0.0248144 0.0197268 0.0247822 0.020304 0.0227011 0.0234025 0.0361761 0.0383057 0.0270019 0.0290306 0.0211451 0.0265005 0.0254918 0.0167066 0.0189514 0.0220672 0.018736 0.0199833 0.018907 0.0319621 0.0517824 0.0332879 0.0165561 0.0167262 0.0256313 0.0195186 0.0193175 0.0264092 0.0326769 0.0404674 0.0318457 0.021521 0.0184012 0.0163625 0.0178677 0.0164694 0.0290939 0.0149149 0.00298029 0.000599653 
0 0.000182718 0.00385216 0.0150055 0.0172398 0.00998337 0.0133542 0.0232468 0.0203111 0.0229033 0.0185457 0.0227725 0.0208647 0.0185356 0.0136642 0.0144303 0.0171858 0.0193491 0.0198352 0.026009 0.0301599 0.0329457 0.0281464 0.024996 0.0292335 0.034584 0.0268373 0.0240775 0.0256333 0.0243142 0.020626 0.0185327 0.0226819 0.0255277 0.0328451 0.0450754 0.0399558 0.0231439 0.0288392 0.0227606 0.0250925 0.024271 0.0215646 0.0171397 0.0164212 0.0191373 0.0206295 0.0189754 0.0273846 0.035189 0.0295701 0.0178815 0.0165878 0.0240772 0.021149 0.0216655 0.0222523 0.025342 0.0249064 0.021124 0.0110283 0.0110486 0.00778057 0.0129091 0.0191075 0.0273953 0.0108873 0.00115851 0 
0 0 0.00278897 0.00857398 0.0104712 0.0101271 0.0180929 0.0171266 0.0160268 0.0119755 0.0111235 0.0133508 0.0148055 0.0189264 0.0180732 0.0181599 0.0225744 0.0222859 0.020371 0.0259021 0.0274201 0.0421412 0.0265187 0.0342875 0.0268668 0.0257922 0.0215336 0.0192387 0.0184963 0.026749 0.0201081 0.0212477 0.021603 0.02125 0.0297628 0.0360252 0.0238461 0.0200821 0.0209318 0.0225383 0.0216122 0.0220669 0.0252133 0.0313613 0.0195219 0.016648 0.0247699 0.0246388 0.0287646 0.0254968 0.026572 0.0220515 0.0190408 0.0165197 0.014235 0.0142567 0.0187797 0.0144515 0.0132139 0.0165153 0.00899962 0.00675231 0.00953444 0.0123213 0.00581856 0.00795488 0.00303466 0.0007148 0 
0 0 0.00421855 0.00642631 0.00772666 0.0103198 0.0179298 0.0177328 0.0159667 0.016516 0.0127576 0.00664352 0.0118069 0.0155009 0.0188147 0.0240336 0.0220532 0.0222079 0.0198024 0.0178048 0.0173154 0.0175773 0.0264304 0.033541 0.0346849 0.0262731 0.029839 0.016158 0.0149227 0.0206387 0.0226823 0.0207824 0.0184996 0.0214998 0.0191319 0.017522 0.0228645 0.0197706 0.0244066 0.024137 0.0123017 0.0217724 0.0240952 0.0350072 0.021664 0.0175161 0.021944 0.0223164 0.018964 0.0238182 0.0237521 0.0223391 0.0156059 0.00835949 0.0108703 0.0143506 0.0100761 0.00402457 0.00331745 0.00579935 0.0104358 0.00972005 0.012325 0.00699038 0.00118165 0.00144346 0.000525471 0 0 
0 0 0.000590513 0.00589296 0.0106229 0.0104363 0.014832 0.019514 0.0165472 0.0147811 0.00565474 0.00412955 0.00841654 0.0178588 0.0175912 0.0196932 0.0185522 0.0184491 0.018557 0.0167868 0.0157269 0.0157524 0.018612 0.0352001 0.0368179 0.0313299 0.029737 0.0199395 0.014962 0.0172632 0.0198511 0.0228183 0.0137933 0.0167054 0.021133 0.026751 0.0301364 0.0295584 0.023023 0.0235361 0.0191628 0.0231891 0.0231495 0.0272517 0.0265808 0.0161248 0.0218464 0.0244751 0.0192491 0.0219052 0.0317891 0.0301929 0.0216901 0.0171284 0.0167278 0.014077 0.00659017 0.00336275 0.0024599 0.00727999 0.0107923 0.00913346 0.0169628 0.0077868 0.00356977 0.00379217 0.00028948 0 0 
0 0 6.47095e-05 0.00270748 0.00701538 0.0109215 0.00977969 0.0210259 0.0103723 0.00521798 0.00494316 0.00525182 0.00791034 0.0152344 0.0115903 0.00681797 0.0123263 0.0118046 0.015645 0.0154926 0.0111351 0.0120603 0.0184989 0.0349729 0.0415642 0.0298541 0.0327528 0.0218129 0.0187832 0.0199238 0.0183978 0.01737 0.0153937 0.0142938 0.0182845 0.0379308 0.0395128 0.0297383 0.0221343 0.021698 0.0204822 0.0235007 0.0226115 0.0242833 0.0305392 0.0232477 0.0195027 0.0213601 0.0206887 0.0227969 0.0246507 0.0249314 0.0185647 0.0147329 0.0207376 0.0224203 0.0120671 0.0139869 0.0110964 0.0167179 0.0137568 0.013715 0.0269372 0.0232428 0.0139339 0.00939312 0.000427448 0 0 
0 0 0 0.000593341 0.0039203 0.00821776 0.00721861 0.00908351 0.00339067 0.00396714 0.00720067 0.0114819 0.0126422 0.0107853 0.00490941 0.00170598 0.0042287 0.011417 0.0143392 0.0158555 0.0136098 0.0115839 0.0152566 0.0199574 0.0293237 0.0250646 0.0299133 0.0256989 0.0201251 0.0240429 0.0200635 0.0179127 0.012502 0.0110176 0.0175746 0.0389272 0.077005 0.0468604 0.0266534 0.0232514 0.0304652 0.0323982 0.0316927 0.0310453 0.0347197 0.0299762 0.0301545 0.0308946 0.0313299 0.0283613 0.0300454 0.0274586 0.0117341 0.0152422 0.0243705 0.0221808 0.0204677 0.01645 0.0123262 0.0188688 0.0160072 0.0207306 0.0317851 0.0230712 0.0214639 0.0052463 2.83283e-05 0 0 
0 0 0 9.01524e-05 0.000472891 0.00400389 0.00576245 0.00351066 0.00370467 0.00982507 0.00522719 0.0103301 0.0102573 0.00847928 0.0115969 0.00769542 0.00513689 0.0134178 0.0146715 0.0244119 0.0142939 0.0167277 0.0173708 0.0197036 0.024268 0.0251554 0.0271098 0.0191737 0.0198398 0.0192134 0.017851 0.0136711 0.0164286 0.0204967 0.019381 0.0450684 0.0889183 0.0577362 0.0335266 0.0278642 0.0339403 0.0213744 0.0290465 0.0266692 0.0300538 0.037944 0.0386184 0.0393332 0.0250943 0.0262158 0.0275504 0.0290483 0.0163299 0.010337 0.0221506 0.018999 0.0123518 0.012791 0.02518 0.0242872 0.0111152 0.0122585 0.01469 0.0151613 0.00703776 0.000642212 0 0 0 
0 0 0 0 6.32883e-05 0.00231501 0.00573982 0.0047163 0.0109822 0.0337038 0.00925604 0.00307287 0.00452285 0.00784217 0.0150157 0.0166758 0.0158 0.0244816 0.0204232 0.016516 0.0187399 0.0241965 0.0204705 0.0167984 0.0244969 0.0225829 0.0201622 0.0211711 0.0234545 0.02541 0.0224399 0.0208915 0.0260898 0.0208944 0.0218254 0.0291118 0.0369977 0.0421579 0.0323861 0.0329662 0.0277975 0.0131568 0.0182875 0.0259099 0.0316212 0.0347149 0.0296174 0.0325648 0.0223117 0.0174398 0.0209074 0.0217406 0.0183043 0.00880813 0.0102939 0.00900888 0.00514214 0.0168569 0.0409053 0.0400492 0.024693 0.0127366 0.00563215 0.00356895 0.000495763 0 0 0 0 
0 0 0 0 0 0.000596062 0.00342513 0.00265746 0.00565909 0.0123491 0.00637147 0.00277138 0.00320899 0.0114245 0.0263978 0.0231446 0.0223991 0.0186163 0.018277 0.0203505 0.0313137 0.0272339 0.018324 0.0180211 0.0234963 0.0166998 0.013829 0.0188839 0.0182491 0.0214599 0.0233389 0.0207228 0.0212486 0.0225236 0.025007 0.0238878 0.0210115 0.020147 0.0267839 0.0327693 0.0338948 0.0222924 0.0185594 0.019813 0.0254516 0.0236061 0.0237618 0.0235429 0.0200454 0.0201781 0.0243248 0.0247892 0.0241286 0.0199342 0.0106727 0.00639558 0.00610194 0.0146496 0.0308252 0.0383166 0.0298521 0.0221794 0.0164653 0.00509511 0.000408197 0 0 0 0 
0 0 0 0 0 0.000218332 0.00182255 0.00421637 0.00390269 0.00433371 0.00157386 0.000753782 0.00539146 0.0175201 0.0284983 0.0257945 0.0198499 0.0203884 0.0241162 0.0232266 0.0330521 0.0308041 0.0280937 0.0209499 0.0222747 0.0214889 0.0158789 0.0144098 0.0153732 0.0193412 0.0187321 0.0239936 0.0230268 0.0179491 0.0267093 0.025011 0.0205153 0.019456 0.0249139 0.0240137 0.0196421 0.0206076 0.0222927 0.0219955 0.0237007 0.0199489 0.0142826 0.0174695 0.0150818 0.018892 0.019074 0.0268682 0.0255204 0.0227703 0.0203448 0.0182499 0.0250402 0.0182788 0.0261829 0.0311641 0.031314 0.0321518 0.0259621 0.00772225 0.00176896 0 0 0 0 
0 0 0 0 0 0 0.000388737 0.00427512 0.00390312 0.00263467 0.000467915 0.000399931 0.00712983 0.0181197 0.0256135 0.0204654 0.0135779 0.0216472 0.0192536 0.0196495 0.0278388 0.0349387 0.025362 0.0273724 0.0238933 0.0224685 0.0168097 0.0249917 0.0298298 0.0254812 0.0252772 0.0239431 0.0226339 0.0190435 0.0267108 0.0329163 0.0358266 0.019975 0.0256238 0.0205393 0.0193198 0.0204238 0.0285526 0.0286948 0.0262897 0.0193396 0.0203107 0.0211594 0.0178913 0.0156221 0.0165827 0.015728 0.0173984 0.0266725 0.0416032 0.0787594 0.0550602 0.0304596 0.0246239 0.0237136 0.0288 0.0283115 0.0196269 0.00423398 7.17134e-05 0 0 0 0 
0 0 0 0 0 0 0 0.000742039 0.0015698 0.000345372 0.000269372 0.00175876 0.0101557 0.0164398 0.0162974 0.0130006 0.0106439 0.0205637 0.0293945 0.0237316 0.0241481 0.0268983 0.023303 0.0377764 0.0304055 0.0178864 0.0255876 0.0313136 0.0307143 0.0241538 0.0283894 0.026122 0.0254486 0.0194909 0.0219649 0.0275963 0.0295278 0.0258649 0.02562 0.0195735 0.0225588 0.0256442 0.0280634 0.0275856 0.0271502 0.0326821 0.0234663 0.0246421 0.0220429 0.0180145 0.0198463 0.0117585 0.0142069 0.0256509 0.0375702 0.0676517 0.0343851 0.0220281 0.0218154 0.0202539 0.0216988 0.0200892 0.00818882 0.000906921 0 0 0 0 0 
0 0 0 0 0 0 0 0 0 0 0.000107542 0.00200964 0.0106697 0.0191165 0.0200671 0.0131626 0.00882313 0.0128131 0.0159746 0.0184495 0.0207159 0.0206752 0.0203537 0.0262092 0.0380891 0.0255708 0.0278141 0.0299284 0.0274023 0.0198404 0.0217419 0.0322003 0.0313567 0.0204252 0.0204465 0.0254441 0.0283917 0.032959 0.0234369 0.0234831 0.020488 0.0195211 0.0284308 0.0317078 0.0262735 0.024506 0.0236528 0.0281892 0.0218633 0.0216998 0.0205792 0.0163618 0.0136525 0.02234 0.0258377 0.0219227 0.0214473 0.0219244 0.017851 0.0182464 0.0101007 0.00544367 0.000543493 3.83164e-07 0 0 0 0 0 
0 0 0 0 0 0 0 0 0 0 1.36663e-05 0.00183945 0.0126641 0.0234701 0.028057 0.0124278 0.0146678 0.0151018 0.0160822 0.00719022 0.0166899 0.0260564 0.0245432 0.0294611 0.0417675 0.0316419 0.0253391 0.0257935 0.035763 0.0236486 0.0244804 0.0280505 0.0271674 0.0236926 0.0215688 0.0232406 0.0297782 0.0245975 0.0203549 0.0186519 0.0156096 0.024202 0.0260127 0.0370855 0.0263264 0.0217493 0.0261984 0.032479 0.0321396 0.029329 0.0330706 0.0278154 0.0237364 0.0215861 0.0204776 0.0172455 0.0163403 0.0146403 0.0147703 0.0142061 0.00507108 0.00127924 5.84336e-06 0 0 0 0 0 0 
0 0 0 0 0 0 0 0 0 0 0 0.00071098 0.0105731 0.0222885 0.0218196 0.0175317 0.0841035 0.0388947 0.0101196 0.00470851 0.013052 0.0249985 0.0224897 0.0270028 0.0308063 0.0246453 0.0186854 0.0242541 0.0338444 0.0335575 0.0248693 0.0219599 0.0231256 0.0226109 0.0213198 0.0186446 0.0168813 0.0240903 0.0276974 0.0255734 0.0239626 0.0282573 0.0289082 0.0348768 0.029986 0.0280096 0.0324627 0.0395589 0.0336323 0.0306059 0.0363076 0.0416667 0.0297729 0.0164394 0.0155614 0.0186212 0.0194252 0.0239963 0.0272426 0.0167538 0.0029547 7.90888e-05 0 0 0 0 0 0 0 
0 0 0 0 0 0 0 0 0 0 0 0.000294627 0.00564943 0.020434 0.0205415 0.0185233 0.084087 0.0409804 0.0110473 0.00658016 0.0137041 0.0171933 0.0169029 0.0257802 0.0238511 0.0243899 0.0212484 0.02508 0.0326079 0.031431 0.0273119 0.0243505 0.0230402 0.0233958 0.0243395 0.0255519 0.0215208 0.0259286 0.0232351 0.0230109 0.0240956 0.0266355 0.0324177 0.0376026 0.0285926 0.0280278 0.0283233 0.0339458 0.031854 0.0283979 0.0245996 0.0247567 0.0255939 0.0164622 0.0154548 0.0243835 0.0250155 0.0306034 0.0239501 0.00392022 0.000248198 0 0 0 0 0 0 0 0 
0 0 0 0 0 0 0 0 0 0 0 0.00056068 0.00472345 0.0138798 0.0294645 0.0254515 0.0196255 0.0212986 0.00911982 0.00903776 0.0140951 0.0145893 0.017267 0.0212099 0.0267978 0.0309224 0.0287184 0.033014 0.0303923 0.0253004 0.0246703 0.0202493 0.0164339 0.0153622 0.0190915 0.0265356 0.0300794 0.0213706 0.0251323 0.0336882 0.0295809 0.0276391 0.0372783 0.0416243 0.0317754 0.0260439 0.0305892 0.0336843 0.0304428 0.0269813 0.0244046 0.0261502 0.0240056 0.0179898 0.0184099 0.0204602 0.0138761 0.0135088 0.00743184 0.0002199 0 0 0 0 0 0 0 0 0 
0 0 0 0 0 0 0 0 0 0 0 1.26769e-05 0.000791629 0.00325908 0.00865713 0.0144087 0.0227398 0.023918 0.0115857 0.0165229 0.0191429 0.00874534 0.0167311 0.0267192 0.0363598 0.0341763 0.0304846 0.0264586 0.0227006 0.0211258 0.020078 0.0174152 0.0201324 0.0197474 0.0228193 0.024325 0.0303625 0.0300149 0.0288952 0.0341177 0.0277977 0.0273851 0.0271752 0.0391754 0.0550816 0.0502344 0.0442076 0.0318513 0.0266178 0.0203449 0.0275451 0.0299045 0.0189128 0.0259016 0.0190455 0.00928369 0.00721564 0.00250421 0.000392264 0 0 0 0 0 0 0 0 0 0 
0 0 0 0 0 0 0 0 0 0 0 0 0 0.000270376 0.00231119 0.00438595 0.0118152 0.0145194 0.0063543 0.0174955 0.0137702 0.00503636 0.0129702 0.0242883 0.0188333 0.0112649 0.00901651 0.0178885 0.0203731 0.0262048 0.0252955 0.0201455 0.0196153 0.0152543 0.0215268 0.0243654 0.0217366 0.025087 0.0210853 0.0239281 0.0225465 0.0291931 0.0309096 0.0399172 0.0469303 0.0546245 0.0435659 0.0223208 0.0123553 0.018328 0.0298241 0.0236522 0.0191079 0.0164724 0.00773708 0.00205382 0.000346875 0.000101407 0 0 0 0 0 0 0 0 0 0 0 
0 0 0 0 0 0 0 0 0 0 0 0 0 1.37305e-05 0.000572081 0.00201688 0.00294908 0.0019222 0.00202753 0.0124147 0.00746283 0.0059186 0.00784015 0.0106421 0.00409244 0.00251108 0.00317515 0.00788732 0.0176387 0.0255022 0.0314776 0.0344253 0.0274613 0.0264979 0.0286773 0.0368685 0.0292447 0.025476 0.0221904 0.0252495 0.0303646 0.0344888 0.0365481 0.0361889 0.0387739 0.0469498 0.0378835 0.0231239 0.0122276 0.0193555 0.0213189 0.0133177 0.00654452 0.00387514 0.00142752 6.76696e-05 0 0 0 0 0 0 0 0 0 0 0 0 0 
0 0 0 0 0 0 0 0 0 0 0 0 0 0 0 0 8.9226e-05 2.59593e-05 0.00087681 0.00489129 0.0109844 0.0199371 0.00744314 0.00504921 0.00713957 0.0154955 0.0694595 0.0348122 0.0109479 0.0192025 0.0259987 0.0309062 0.0333108 0.0374391 0.0414976 0.042043 0.0262379 0.0338466 0.0217128 0.0250064 0.0296539 0.0423578 0.0512015 0.032868 0.0294179 0.0394244 0.0327351 0.0172026 0.0114127 0.00687557 0.00348575 0.00217535 0.00165418 4.92148e-05 9.57512e-05 0 0 0 0 0 0 0 0 0 0 0 0 0 0 
0 0 0 0 0 0 0 0 0 0 0 0 0 0 0 0 0 0 0.000327916 0.00218974 0.00973814 0.0212543 0.0166193 0.00528267 0.0119605 0.0226772 0.129923 0.0713222 0.00385923 0.0067085 0.0188964 0.0399515 0.0480902 0.0345911 0.0322942 0.0253559 0.0206366 0.0311432 0.0279705 0.0260177 0.0265982 0.0460978 0.0460721 0.0256872 0.0178117 0.0301377 0.0251282 0.0164907 0.0104903 0.00430139 2.17953e-05 5.46033e-06 1.54017e-05 0 0 0 0 0 0 0 0 0 0 0 0 0 0 0 0 
0 0 0 0 0 0 0 0 0 0 0 0 0 0 0 0 0 0 0 0.000586495 0.0010962 0.00114164 0.00131633 0.000991156 0.00429915 0.00699262 0.0170849 0.0127244 0.00125952 0.0012157 0.00940803 0.0200199 0.0331468 0.0247463 0.0299524 0.0194165 0.020628 0.0255589 0.029095 0.0213868 0.0218052 0.0228512 0.0305905 0.0128139 0.00586636 0.0157556 0.018137 0.0117969 0.00327133 0.000132812 0 0 0 0 0 0 0 0 0 0 0 0 0 0 0 0 0 0 0 
0 0 0 0 0 0 0 0 0 0 0 0 0 0 0 0 0 0 0 0 9.83893e-05 4.52563e-05 0.000736038 0.00139975 0.00185126 0.00347062 0.000984511 0.0012983 0.00101739 0.000420392 0.00222978 0.0079689 0.0103276 0.0146567 0.0246381 0.0174805 0.0168826 0.0181949 0.026153 0.0139883 0.00517482 0.00383436 0.00600177 0.00305331 0.00126986 0.00494289 0.0091348 0.00581044 0.000185326 0 0 0 0 0 0 0 0 0 0 0 0 0 0 0 0 0 0 0 0 
0 0 0 0 0 0 0 0 0 0 0 0 0 0 0 0 0 0 0 0 0 0 0 0.000383298 0.000725244 0.00171504 0.000688699 0.000674053 0.000107176 8.76246e-05 0.000486732 0.00178955 0.00232167 0.0137819 0.020046 0.0108487 0.0124243 0.0128266 0.0118777 0.00269719 0 0.000375729 4.48181e-05 0 1.35002e-05 0.000272561 0.000782 0.000116818 0 0 0 0 0 0 0 0 0 0 0 0 0 0 0 0 0 0 0 0 0 
0 0 0 0 0 0 0 0 0 0 0 0 0 0 0 0 0 0 0 0 0 0 0 0 0 0 2.97712e-05 1.44196e-05 0 0 0 0.000146165 0.00131359 0.00407563 0.00752452 0.00697854 0.00302076 0.00407611 0.00266602 0.000218132 0 0 0 0 0 0 0 0 0 0 0 0 0 0 0 0 0 0 0 0 0 0 0 0 0 0 0 0 0 

