0 0 0 0 0 0 0 0 0 0 0 0 0 0 0 0 0 0 0 0 0 0 0 0 0 0 0 0 0 0 0 0 0 0 0 0 0 0 0.000110931 0.000115969 0 0 0 0 0 0 0 0 0 0 0 0 0 0 0 0 0 0 0 0 0 0 0 0 0 0 0 0 0 
0 0 0 0 0 0 0 0 0 0 0 0 0 0 0 0 0 0 0 0 0 0 0 0 0 5.20161e-05 0.000558415 0.00205318 0.00255974 0.00466698 0.00284175 0.00178289 4.83198e-06 0 0.000347494 0.00226803 0.00201493 0.00180986 0.00385699 0.00407544 0.00302363 0.0010646 4.935e-06 0 0 0 0 0 0 0 0 0 0 0 0 0 0 0 0 0 0 0 0 0 0 0 0 0 0 
0 0 0 0 0 0 0 0 0 0 0 0 0 0 0 0 0 0 0 0 0 0 0 0.000534794 0.00340482 0.00613713 0.0120327 0.0113039 0.0117141 0.0171697 0.0146346 0.00945854 0.00358027 0.000170326 0.00169607 0.00825796 0.00632922 0.012692 0.0143423 0.0125651 0.0085714 0.00588774 0.000236206 0 0.000888251 0.00127712 0.000380362 0.000148222 0 0 0 0 0 0 0 0 0 0 0 0 0 0 0 0 0 0 0 0 0 
0 0 0 0 0 0 0 0 0 0 0 0 0 0 0 0 0 0 0 0 0 0.000246233 0.00273348 0.00880384 0.0122749 0.0192593 0.0158573 0.0136441 0.0139333 0.01795 0.0183449 0.014337 0.00804194 0.00219892 0.000228161 0.0014986 0.00295058 0.00949611 0.0146809 0.016173 0.0128752 0.0104011 0.00260899 0.000419614 0.00296578 0.00477117 0.00378376 0.00297756 0.000454174 0 0 0 0 0 0 0 0 0 0 0 0 0 0 0 0 0 0 0 0 
0 0 0 0 0 0 0 0 0 0 0 0 0 0 0 0 0 0 1.18997e-06 4.1529e-06 0.000446212 0.00245866 0.00899925 0.0157157 0.0143355 0.0140887 0.0137345 0.0134585 0.0164795 0.0145261 0.0162595 0.0137281 0.00992321 0.00620244 0.000847587 0 0.000481887 0.00810395 0.0121593 0.0150009 0.0118564 0.0133695 0.00516031 0.00224468 0.00353525 0.00588759 0.00590483 0.00780918 0.00640736 0.00527091 0.00221236 0.000237415 0 0 0 0 0 0 0 0 0 0 0 0 0 0 0 0 0 
0 0 0 0 0 0 0 0 0 0 0 0 0 0 0 0 0 0 0.000858694 0.00331767 0.00910482 0.00650564 0.00993991 0.0190244 0.0130899 0.0178029 0.013189 0.0136159 0.0160453 0.0176302 0.013159 0.0145084 0.0187699 0.0136612 0.00425088 0.000138461 0.00023515 0.00491942 0.00757953 0.00818446 0.013158 0.0133035 0.00652346 0.00224226 0.00448321 0.00392338 0.00476158 0.0095805 0.0137727 0.0167277 0.0112572 0.00366041 0.000684869 4.74096e-06 0 0 0 0 0 0 0 0 0 0 0 0 0 0 0 
0 0 0 0 0 0 0 0 0 0 0 0 0 0 0 0.000293337 0.0008253 0.00078063 0.00542938 0.0108096 0.0159885 0.0165956 0.0161516 0.0149215 0.0142672 0.0177566 0.0175994 0.0203498 0.0206203 0.0175818 0.0161789 0.0142889 0.0148451 0.017184 0.0100705 0.00192402 0.00066245 0.00125366 0.00166543 0.00982978 0.0157356 0.013216 0.00718484 0.00156635 0.00585383 0.00620013 0.0046725 0.00260988 0.00425887 0.00765085 0.00638949 0.00839445 0.00896709 0.00390188 0.000558854 6.88806e-06 0 0 0 0 0 0 0 0 0 0 0 0 0 
0 0 0 0 0 0 0 0 0 0 0 0 0 9.86779e-06 0.00204882 0.00771591 0.00765412 0.00860089 0.00631379 0.00916451 0.0162747 0.0161036 0.0152434 0.0148193 0.0190016 0.0154028 0.0185795 0.0208208 0.0257781 0.0208838 0.0176189 0.016497 0.0175044 0.0163761 0.013737 0.0103278 0.00304933 0.00153561 0.00256689 0.0107045 0.0121899 0.0134067 0.0136762 0.0086914 0.00287686 0.00296233 0.00347557 0.00473255 0.007057 0.00907367 0.00606775 0.00868982 0.0131141 0.0131143 0.0052575 0.000345681 0 0 0 0 0 0 0 0 0 0 0 0 0 
0 0 0 0 0 0 0 0 0 0 0 0 0.000345303 0.00125277 0.0101024 0.0151796 0.013108 0.0163653 0.0110432 0.0102662 0.0142024 0.017493 0.0174927 0.0129129 0.0157561 0.0210526 0.0228453 0.0225939 0.0186809 0.0150577 0.0144864 0.0129821 0.0151263 0.0179423 0.0183007 0.0169181 0.0158704 0.00824553 0.00792576 0.0117454 0.0196667 0.0181524 0.0150218 0.00959725 0.00582622 0.00656678 0.00607813 0.01044 0.0101931 0.0089734 0.0125523 0.0144731 0.0144737 0.0168931 0.013136 0.00438568 0.000433671 1.87792e-05 0 0 0 0 0 0 0 0 0 0 0 
0 0 0 0 0 0 0 0 0 0 0 0.000198317 0.00249072 0.00658236 0.0154387 0.0170491 0.0186929 0.0179076 0.0164855 0.0135453 0.00855174 0.0128491 0.0138124 0.0122336 0.0134445 0.0234345 0.0192999 0.0178458 0.0144233 0.0158789 0.0159183 0.0138472 0.0133598 0.019541 0.0160052 0.0180875 0.0171227 0.012315 0.0122894 0.0125464 0.0193957 0.0157096 0.0130287 0.0120017 0.0147709 0.0106295 0.00948456 0.00570665 0.00794065 0.00748441 0.0129142 0.0170893 0.0201512 0.0178784 0.0195867 0.0126294 0.00599098 0.00533637 0.000173079 0 0 0 0 0 0 0 0 0 0 
0 0 0 0 0 0 0 0 0 0 0.000298686 0.00587671 0.00786631 0.0113198 0.0157885 0.0144648 0.0155339 0.0118854 0.0120624 0.00988251 0.00843611 0.0111771 0.0191575 0.0147725 0.0175116 0.0216049 0.0221769 0.0174979 0.0133611 0.0157182 0.0215294 0.0175846 0.0194195 0.0186511 0.0159958 0.0126595 0.0131954 0.0125158 0.0117895 0.0173713 0.0192038 0.0147504 0.0168855 0.0170775 0.0150555 0.00757815 0.00937666 0.00980624 0.00739677 0.0132146 0.0138306 0.0190856 0.0181217 0.014571 0.0188809 0.0192332 0.0188583 0.0171309 0.00360614 0 0 0 0 0 0 0 0 0 0 
0 0 0 0 0 0 0 0 0 0.000152775 0.0041728 0.00920689 0.0158076 0.0244892 0.0224389 0.0184491 0.0161234 0.0110223 0.0117034 0.0121162 0.00881571 0.00966832 0.0137354 0.0186713 0.0161492 0.022742 0.0223524 0.0177993 0.0101426 0.0152838 0.0272042 0.0175377 0.0177466 0.0206733 0.0168221 0.0107493 0.0180535 0.0177697 0.0141367 0.0133782 0.0156237 0.0136734 0.0162768 0.0169979 0.0115119 0.0115138 0.00801997 0.00987918 0.0122474 0.0178625 0.0194069 0.0143401 0.0128203 0.0135129 0.0215703 0.0205405 0.0203384 0.0196994 0.00563901 0.000818147 0 0 0 0 0 0 0 0 0 
0 0 0 0 0 0 0 0 5.14511e-05 0.00174272 0.00781967 0.0120209 0.026186 0.0297493 0.0247444 0.0181774 0.016517 0.0195196 0.0169103 0.00974491 0.0106899 0.00965936 0.0096952 0.0136523 0.0176107 0.0229334 0.0254962 0.0204615 0.0141838 0.0174577 0.0202519 0.0221297 0.0192496 0.0213358 0.0143889 0.0102947 0.0162825 0.0210507 0.025705 0.0189365 0.0229577 0.0190125 0.0152849 0.0157541 0.0112608 0.0121761 0.0137171 0.0137267 0.0134179 0.0139397 0.0116786 0.0156508 0.0135198 0.0112434 0.0172911 0.0162674 0.0235805 0.0173523 0.00553037 0.00127924 9.07465e-05 0 0 0 0 0 0 0 0 
0 0 0 0 0 0 0 0 0.000407806 0.00577666 0.0132929 0.0181337 0.021278 0.0200339 0.0196362 0.0158624 0.0214569 0.0218816 0.0225315 0.00998414 0.0122678 0.0123378 0.0142447 0.0128357 0.0139248 0.0217193 0.0212756 0.0302352 0.0242146 0.0176967 0.0162739 0.0172913 0.0190551 0.0192388 0.0149182 0.0148789 0.0158543 0.0170011 0.0246126 0.0220685 0.0175035 0.0143597 0.0135694 0.0124014 0.00702238 0.0129495 0.0168155 0.0160392 0.0143925 0.0197253 0.0209483 0.0165262 0.0104739 0.0107894 0.0167699 0.0147586 0.0193294 0.0160096 0.00403993 0.00200124 0.00130553 0.000722451 0 0 0 0 0 0 0 
0 0 0 0 0 0 0 0.000428641 0.00343485 0.0119256 0.0140635 0.0174723 0.0191149 0.0165888 0.0184373 0.01852 0.027124 0.0259373 0.0234852 0.0141042 0.0145849 0.0155094 0.0184643 0.0195319 0.0165372 0.0183936 0.0231377 0.0238258 0.0176811 0.0160192 0.0167049 0.0193935 0.0188178 0.0174613 0.0136695 0.0128364 0.0122052 0.0119012 0.0160682 0.0175577 0.0164685 0.0163779 0.0122432 0.0124276 0.00741011 0.0165195 0.0167737 0.0211322 0.0224675 0.027152 0.0172043 0.0140755 0.0129651 0.0165443 0.0145709 0.0188762 0.0155285 0.0165912 0.0084321 0.00313391 0.00544772 0.00194742 0 0 0 0 0 0 0 
0 0 0 0 0 0 0.000262549 0.00463683 0.0103715 0.0165396 0.0169684 0.0168194 0.0170411 0.0183603 0.0217682 0.0222111 0.0259203 0.0200097 0.0157806 0.0108233 0.0169533 0.0120358 0.0134779 0.0182886 0.0173951 0.019029 0.0215152 0.0197285 0.0159183 0.0135357 0.0208449 0.0243503 0.019156 0.0150984 0.0173948 0.0155263 0.0145066 0.0164411 0.0125282 0.0160131 0.0152012 0.0164695 0.00780921 0.00767914 0.0112027 0.0132272 0.020362 0.0217638 0.0223954 0.0222239 0.0164392 0.021325 0.0177103 0.019507 0.0190363 0.0219397 0.0155291 0.0195882 0.0141425 0.00483255 0.00721033 0.00214173 5.26071e-05 0 0 0 0 0 0 
0 0 0 0 0 0 0.00167754 0.00894803 0.0168791 0.0157341 0.0217029 0.0174863 0.0191585 0.0218735 0.0212712 0.0174239 0.0218008 0.015442 0.01226 0.0149586 0.0143723 0.0110287 0.0193484 0.0202743 0.0224484 0.0159804 0.0192251 0.0206307 0.0190598 0.0162525 0.0157478 0.021101 0.0192663 0.0227753 0.0235886 0.0142604 0.014214 0.0156862 0.019867 0.0246248 0.0217182 0.0196547 0.0107635 0.0086991 0.0127821 0.00843391 0.0127376 0.0193371 0.0126501 0.0119031 0.0153829 0.0131088 0.0101894 0.0142482 0.0173089 0.0164026 0.0163899 0.0132266 0.013667 0.00638516 0.00742886 0.00382016 0.000225303 4.88129e-05 0 0 0 0 0 
0 0 0 0 0 0.000340399 0.005616 0.0137994 0.0150188 0.0109706 0.0137447 0.0126652 0.015702 0.0191089 0.013443 0.0100912 0.0192971 0.020253 0.0202697 0.0148125 0.0132645 0.0156989 0.022987 0.0227712 0.0250391 0.0135047 0.0175188 0.0225445 0.0206467 0.0146704 0.0179337 0.0180439 0.0141739 0.0184408 0.0185064 0.0169584 0.0163543 0.0148681 0.0143336 0.0270476 0.0291128 0.0182559 0.0128217 0.00615898 0.0100348 0.00833218 0.0131327 0.019015 0.0138223 0.012067 0.0163954 0.0163624 0.0145194 0.0167766 0.0199189 0.0147437 0.0148844 0.0121427 0.0144004 0.011964 0.0117075 0.00665738 0.00268479 0.00103214 0.000235667 0 0 0 0 
0 0 0 0 0 0.000881413 0.00864625 0.0124227 0.0112769 0.0123953 0.014207 0.012739 0.0189844 0.0169103 0.018335 0.0218967 0.0237275 0.0201287 0.0248061 0.0237641 0.0214073 0.0207369 0.0210314 0.0170098 0.018465 0.0153922 0.0152379 0.0136226 0.0113691 0.0127977 0.0148827 0.0159989 0.0215612 0.0150872 0.0142618 0.0160098 0.0163574 0.00978747 0.0160851 0.0194932 0.0191368 0.019671 0.0120583 0.00765102 0.00660462 0.00806349 0.0119112 0.0148411 0.0103443 0.0122751 0.0117142 0.0140658 0.0188645 0.0151698 0.0179002 0.0195414 0.0142795 0.016401 0.0129833 0.0177123 0.0185474 0.0181924 0.0161176 0.0103018 0.00392787 4.67643e-05 0 0 0 
0 0 0 0 0.000203096 0.00538913 0.0118794 0.01433 0.0142625 0.0152405 0.0101753 0.013441 0.0202715 0.0163613 0.013827 0.0274912 0.0312422 0.0336526 0.0340056 0.0359414 0.0246831 0.0220342 0.0222339 0.0140866 0.0173183 0.016576 0.0150696 0.0132512 0.018146 0.0154344 0.0141928 0.0196698 0.0234791 0.019789 0.0159217 0.0189019 0.0188266 0.0124693 0.0137102 0.0133771 0.0147314 0.0176678 0.0141721 0.0100217 0.0133983 0.0103905 0.00563202 0.00670171 0.0132812 0.0131826 0.0144363 0.0160595 0.0197343 0.0230499 0.0203951 0.0205099 0.0176597 0.0158905 0.0160411 0.0488233 0.0390039 0.0169372 0.0165002 0.0132556 0.00579306 0.000446066 0 0 0 
0 0 0 0 0.000124396 0.00574736 0.00943348 0.015549 0.0149599 0.0186014 0.0158427 0.0161496 0.0164501 0.0212475 0.0210075 0.0183672 0.0245694 0.031369 0.0349672 0.0387352 0.0212592 0.0208939 0.022851 0.0228988 0.0149567 0.0105886 0.012036 0.0186337 0.0452198 0.0259098 0.0145654 0.0195128 0.01721 0.0146712 0.015902 0.0196226 0.0151784 0.0148039 0.0125817 0.0107208 0.0158667 0.015132 0.0151971 0.0126187 0.0151781 0.0125216 0.00896219 0.0154025 0.0166248 0.0118983 0.0131051 0.0173664 0.0222295 0.0222083 0.015161 0.0179373 0.0211301 0.0194922 0.0229359 0.0836349 0.0808168 0.014517 0.0114021 0.016913 0.0149972 0.00244141 8.52225e-05 0 0 
0 0 0 0 0.000286835 0.00379668 0.00692111 0.0126974 0.0177617 0.0192101 0.0173489 0.0151118 0.0189541 0.0302679 0.0415956 0.0265059 0.0182404 0.0159001 0.0293089 0.041948 0.0258726 0.0220454 0.0215582 0.0152842 0.0136631 0.0118849 0.0134984 0.0220738 0.0613014 0.0282724 0.0127979 0.0162561 0.0140349 0.0147479 0.0185045 0.0148667 0.0178077 0.0191895 0.0198546 0.0135471 0.0162717 0.0180329 0.0199033 0.0189432 0.0129763 0.0166645 0.0139103 0.0146792 0.0149075 0.018601 0.0207601 0.018228 0.0240712 0.0199577 0.0178377 0.0184889 0.0225046 0.0192813 0.0188426 0.0317646 0.029549 0.0214942 0.0150786 0.0165541 0.0153525 0.00831502 0.00177933 0 0 
0 0 0 0.000390339 0.00151571 0.000445573 0.00253989 0.00390275 0.00577884 0.0107745 0.0142335 0.0190972 0.0166759 0.0238913 0.0338414 0.0236733 0.0103264 0.00828647 0.0158558 0.0264114 0.0217751 0.0308504 0.0224866 0.0165101 0.0171848 0.0179747 0.0154733 0.0158841 0.0218366 0.0147422 0.0158626 0.0144719 0.0163256 0.0148615 0.0183242 0.0147853 0.0151268 0.0159896 0.0215708 0.0171625 0.0186249 0.017077 0.0155223 0.0157702 0.0134623 0.016472 0.0139875 0.0133552 0.0127381 0.0168554 0.0176022 0.0203131 0.0231877 0.0255813 0.0324442 0.0231479 0.0194757 0.0187044 0.0150451 0.0145605 0.0288187 0.027029 0.0240909 0.0175188 0.0136722 0.00923572 0.00384809 0 0 
0 0 0 0.00100787 0.00135971 0.000711878 0.0013651 0.0021736 0.00473449 0.0105884 0.0147138 0.0168459 0.0150523 0.019326 0.0186723 0.0208723 0.00994044 0.0167363 0.0138114 0.0174183 0.0242179 0.0288954 0.0165433 0.0190772 0.019928 0.021356 0.0122047 0.00955933 0.0129768 0.0154724 0.019971 0.0151195 0.0179528 0.0149835 0.0146577 0.0118571 0.0174946 0.0149416 0.0197904 0.0146695 0.0200488 0.0176088 0.0155757 0.0119093 0.0182014 0.0154195 0.0136162 0.0138157 0.0137643 0.0135277 0.0167972 0.0228128 0.0211927 0.0235357 0.0235204 0.020504 0.023565 0.0202113 0.0236036 0.0259543 0.0249975 0.0241107 0.0230959 0.0157255 0.0121163 0.0157524 0.00724782 0.000495066 0 
0 0 0 0.000224413 0.000139769 0.0023164 0.00184966 0.00473363 0.0103078 0.0148026 0.0137275 0.0156975 0.0141035 0.011486 0.0161806 0.021189 0.0122755 0.0159817 0.0153644 0.0180165 0.0206456 0.0192109 0.0132894 0.0198432 0.0165769 0.0181414 0.0150825 0.0102129 0.0193084 0.0224465 0.0190083 0.0120353 0.0110711 0.0172018 0.0205146 0.0135421 0.0160328 0.0171491 0.0184666 0.0170115 0.0163252 0.0138678 0.0212053 0.0169787 0.0157275 0.0159878 0.0169674 0.0171688 0.0129561 0.0155241 0.0182203 0.0294843 0.0206893 0.0154157 0.0173897 0.0200216 0.0184904 0.0245883 0.0366792 0.0363283 0.0265958 0.0176947 0.0158425 0.0123822 0.0123899 0.0106935 0.00629362 0.000220454 0 
0 0 0 4.17683e-05 0.00101187 0.00394695 0.0101423 0.0162058 0.0163375 0.0222012 0.0175128 0.0126719 0.0136845 0.0171905 0.0181384 0.0257503 0.0171088 0.0148408 0.0189798 0.0258625 0.0199606 0.0201992 0.0191588 0.0252534 0.0209721 0.0228852 0.0236911 0.0179445 0.0286442 0.0272231 0.0161163 0.0099473 0.0133697 0.0185739 0.0231133 0.0191518 0.0149283 0.0149495 0.0178316 0.0222549 0.0201726 0.0161473 0.0208459 0.0122965 0.0166372 0.0190594 0.0260373 0.0217133 0.0188603 0.0184914 0.0254526 0.0282063 0.0155646 0.0136894 0.0186437 0.0232689 0.0239873 0.0299405 0.0278198 0.0269683 0.0220024 0.0225679 0.0229254 0.0162858 0.0147813 0.0140263 0.00944599 0.00295879 0.000143575 
0 9.84171e-06 0.000756477 0.00279527 0.00772079 0.0112266 0.013465 0.0128189 0.0138414 0.0165684 0.0142734 0.0156841 0.0157367 0.0177103 0.0251493 0.0304459 0.0159511 0.0115577 0.0189875 0.0260803 0.0329931 0.0235703 0.0204845 0.0270118 0.027202 0.0234812 0.0208454 0.0253895 0.0218109 0.0217752 0.0170563 0.00935751 0.0120909 0.0192865 0.0256922 0.0193535 0.014949 0.017944 0.0162355 0.0168708 0.0175743 0.0132491 0.0152747 0.012374 0.0175204 0.0213624 0.0196013 0.0190948 0.0196863 0.0164188 0.0259138 0.0256306 0.015837 0.0155832 0.0260542 0.0219371 0.0233881 0.0275188 0.0197198 0.0232064 0.0252862 0.0306205 0.0269858 0.0216013 0.0210503 0.015688 0.0239863 0.0156508 0.00147082 
0 2.61935e-05 0.00297904 0.00797314 0.010175 0.0124802 0.0103773 0.0112851 0.0131778 0.0177787 0.0184241 0.0115711 0.0121541 0.0136901 0.0191665 0.0177553 0.013418 0.00857651 0.0178249 0.0249636 0.0289714 0.0176855 0.0177037 0.0226668 0.0245084 0.0213674 0.0197704 0.0252022 0.0161325 0.0149143 0.0145907 0.0106662 0.0121794 0.0195607 0.0175138 0.012171 0.0197157 0.0259917 0.0238606 0.0213193 0.0213465 0.0143383 0.0133136 0.00963865 0.0120256 0.0137577 0.0167515 0.0176851 0.0174009 0.0160729 0.0176582 0.0132785 0.01615 0.0213531 0.0244904 0.0218768 0.0183384 0.0188077 0.0164865 0.0171218 0.0236618 0.0284395 0.0230989 0.0235102 0.0263625 0.0272629 0.0323472 0.0222173 0.00253057 
0 0.00124725 0.00672735 0.00917379 0.0115447 0.0100571 0.00416526 0.00772782 0.0116514 0.0143737 0.0131382 0.00962388 0.0130212 0.0109963 0.0132892 0.0148542 0.0142199 0.0128339 0.020097 0.0276558 0.0224319 0.0180424 0.0151444 0.0162943 0.0233147 0.0201774 0.0247808 0.0279195 0.0210431 0.0200062 0.0176584 0.0144176 0.0157366 0.0152629 0.0141331 0.0129313 0.0195915 0.0244723 0.0244782 0.0179391 0.0197368 0.0160971 0.0172327 0.0137828 0.0108917 0.0127879 0.0194955 0.0221971 0.0219345 0.0150692 0.00972725 0.0158076 0.0161532 0.0258146 0.0150698 0.0200505 0.013662 0.015662 0.0152121 0.0162796 0.0228816 0.0299348 0.0271181 0.0230445 0.0165116 0.01777 0.0246735 0.0187797 0.00447981 
0 0.00173201 0.00643986 0.00982451 0.00704021 0.00726943 0.00589058 0.00424632 0.00530988 0.00342227 0.00572244 0.010538 0.00991016 0.0102244 0.00774104 0.00866821 0.0114982 0.0162452 0.0241821 0.023721 0.0158434 0.0237485 0.0248122 0.0174492 0.0219506 0.019181 0.0228139 0.0232887 0.0163712 0.0207731 0.022851 0.0217018 0.0252385 0.0192227 0.0162784 0.0140393 0.0193531 0.0254801 0.0257534 0.0177729 0.0171615 0.0179687 0.0150861 0.0146717 0.0131031 0.0167749 0.0227979 0.0228938 0.0204851 0.0218123 0.0168153 0.0157494 0.0212126 0.0313694 0.0345495 0.0243441 0.0200131 0.0188242 0.0156577 0.0166628 0.0297466 0.0338764 0.0280316 0.0153181 0.0140015 0.0149689 0.0144497 0.0150475 0.00668563 
0 0.000804192 0.00221538 0.00501309 0.00243175 0.00641573 0.0086332 0.0057967 0.00186553 0.00212138 0.00677365 0.0141918 0.0123561 0.00548987 0.00969222 0.00901942 0.0116267 0.0209805 0.0254759 0.0234403 0.0201237 0.0193974 0.0216529 0.0199768 0.0124276 0.0081117 0.0157582 0.0189216 0.0200927 0.0234929 0.0213077 0.0226639 0.0324336 0.0236026 0.0247937 0.0229061 0.0172677 0.0181988 0.026309 0.0324147 0.0201569 0.0164864 0.0145817 0.0192673 0.0209673 0.0208749 0.0216682 0.0200261 0.0200332 0.0249402 0.0248239 0.0191975 0.0217254 0.033257 0.0430102 0.0436999 0.03728 0.0254074 0.0205204 0.0196897 0.0235103 0.0348374 0.0259883 0.0116997 0.00976403 0.0183206 0.016952 0.00841683 0.00191451 
0 0 0.000224956 0.000172321 0.00283254 0.00403216 0.00362044 0.00366627 0.00249944 0.00401936 0.00817044 0.0155205 0.0139426 0.0171986 0.0127054 0.0121582 0.0184185 0.0195026 0.0243324 0.0208733 0.0208288 0.0152339 0.0191873 0.0172313 0.0143219 0.0110808 0.0139925 0.0173808 0.0169113 0.0249129 0.0211215 0.0292317 0.0365111 0.0287152 0.0244759 0.0444723 0.0204727 0.0139887 0.0200629 0.0198697 0.0166336 0.0150245 0.0186129 0.0256756 0.0229619 0.0190169 0.0192712 0.026964 0.0230828 0.018656 0.0195477 0.0225745 0.022908 0.0325298 0.0348933 0.0339989 0.0396532 0.0291843 0.0272905 0.0243602 0.0280604 0.025267 0.0190478 0.0152585 0.0138811 0.0202823 0.0193879 0.00789739 0.000395096 
0 0.000198051 0.00212887 0.000839363 0.00265419 0.00640933 0.00550233 0.00832984 0.00595708 0.00753599 0.0126384 0.0185781 0.0143416 0.0206325 0.0161786 0.0121416 0.015718 0.0160463 0.0159501 0.0176546 0.0273158 0.0224998 0.0188232 0.0183536 0.0224468 0.0155975 0.0146852 0.0194243 0.0176979 0.0182963 0.0191359 0.0223341 0.0287778 0.0273564 0.0176221 0.0258852 0.0193636 0.0227328 0.0199022 0.0211205 0.0221303 0.0153987 0.0254569 0.0272615 0.0223853 0.0214693 0.0201913 0.0252822 0.0213814 0.0176904 0.0177935 0.0207747 0.0241906 0.0337311 0.0241225 0.0193587 0.0186524 0.0255939 0.0173702 0.0194817 0.026101 0.0184899 0.0147078 0.0215293 0.0161092 0.0134068 0.0161365 0.0114018 0.00148723 
0 0.0021811 0.00791947 0.00560712 0.00681082 0.0109348 0.00778262 0.0145914 0.0110061 0.0127123 0.014563 0.0173763 0.0172385 0.014829 0.0216683 0.0131831 0.0166702 0.0141702 0.0213043 0.0283346 0.0322868 0.0231377 0.022386 0.0242142 0.0291757 0.0266499 0.0193976 0.0164872 0.0200355 0.0156015 0.0159303 0.0209062 0.0225919 0.0236886 0.0280749 0.0206528 0.0208163 0.0243285 0.0205442 0.018232 0.0213427 0.0192106 0.0299609 0.0301282 0.017222 0.0186063 0.0219061 0.0197168 0.0168354 0.0159723 0.0193561 0.0245636 0.0246367 0.0263239 0.0212501 0.0244441 0.0244725 0.0293673 0.0202562 0.0172409 0.0188873 0.0158225 0.0189917 0.0162634 0.0118177 0.0101224 0.0107758 0.00696639 0.001107 
0 0.0017976 0.00374072 0.00182224 0.00455222 0.00623676 0.00419009 0.00810067 0.0100416 0.0102252 0.0113193 0.0121384 0.0131135 0.00973635 0.016228 0.0198116 0.0199738 0.0171237 0.0237219 0.0390741 0.0251288 0.0149386 0.0234607 0.0226308 0.0147617 0.0173136 0.0149094 0.0124849 0.0156521 0.0177487 0.0136721 0.0126857 0.0199428 0.0218404 0.0301694 0.0263028 0.0207868 0.0265798 0.0223574 0.0249098 0.0266174 0.0240619 0.0139571 0.0141609 0.0116353 0.0163529 0.0182684 0.0131485 0.0134782 0.017172 0.0173971 0.0274445 0.0254354 0.0238392 0.0258918 0.0271273 0.0362246 0.0263188 0.0227277 0.0212463 0.0222568 0.0264504 0.0271325 0.0171358 0.00940786 0.0124991 0.00914122 0.0037018 0.000442386 
0 0.000345275 0.000813328 0.000622339 0.0042527 0.00406392 0.00228105 0.00234031 0.00652758 0.00484774 0.00602591 0.00633332 0.00568611 0.00457958 0.0114679 0.0240997 0.0310367 0.0250258 0.0245618 0.0238112 0.015857 0.0261435 0.0409048 0.0247236 0.0134868 0.0146463 0.0152652 0.0139017 0.0156992 0.0199329 0.0185166 0.0136624 0.0200275 0.0314946 0.0263914 0.0237638 0.0210924 0.0239021 0.0317132 0.0424604 0.0200327 0.0169831 0.0131273 0.0139254 0.0152562 0.0194308 0.0249869 0.0192915 0.0156085 0.0203306 0.0192534 0.0265548 0.0233766 0.0281011 0.0283574 0.0268587 0.0286314 0.0277896 0.0263974 0.0191951 0.0269207 0.0410106 0.0260813 0.0158882 0.0130579 0.0108912 0.00983369 0.00398538 0.000291389 
0 0 0.000192419 0.00273253 0.00831147 0.00441959 0.00180665 0.00189648 0.00188963 0.00337831 0.00501812 0.00559179 0.00559748 0.00458543 0.0102713 0.0206508 0.0289976 0.0294634 0.021659 0.0197662 0.0214359 0.0288022 0.0404122 0.0214319 0.0250975 0.0326969 0.0252841 0.0192117 0.0185963 0.0183507 0.0205329 0.0226918 0.0462041 0.0417951 0.0350127 0.0332954 0.0424325 0.0420557 0.0245642 0.0311391 0.0245701 0.0145981 0.0162314 0.0155027 0.0189922 0.0212137 0.0243702 0.0246716 0.0212981 0.0218852 0.0237486 0.0152423 0.0252529 0.037192 0.0280567 0.0259207 0.0255226 0.0250346 0.0257033 0.0278676 0.028156 0.0379856 0.027185 0.0185833 0.0170061 0.0146159 0.0108443 0.00606434 0.000324429 
0 4.30063e-06 0.00321915 0.00460946 0.00413061 0.00345039 0.00196221 0.00201624 0.00220225 0.00376074 0.00527835 0.00280796 0.00634891 0.00844226 0.0137061 0.0234764 0.0193575 0.0184871 0.0216495 0.0223534 0.0217476 0.0326822 0.0252123 0.0240546 0.0429657 0.0371873 0.0273022 0.0275502 0.0298018 0.0486215 0.0507666 0.0379194 0.0391015 0.0436513 0.0521728 0.0554412 0.0443388 0.056338 0.0345913 0.0153182 0.0193475 0.0179385 0.0193464 0.0238098 0.0224839 0.0249441 0.0286212 0.0258656 0.0178396 0.0223327 0.0226713 0.0211281 0.0303437 0.0296761 0.0326751 0.025733 0.023163 0.0247823 0.0314184 0.0251081 0.0215294 0.0239046 0.0241662 0.0193948 0.0199707 0.0169013 0.0134604 0.00504017 8.36733e-05 
3.39997e-06 0.00202687 0.00717438 0.00397546 0.00244006 0.00164205 0.00151511 0.00351638 0.00316428 0.00133732 0.00151111 0.00213097 0.00805156 0.0143955 0.00790889 0.014754 0.0155825 0.0174011 0.0204238 0.0346734 0.0706371 0.0539695 0.0292614 0.0323701 0.0370567 0.0345188 0.035004 0.0327717 0.0264084 0.0285293 0.023017 0.0276629 0.0360325 0.0593941 0.076598 0.0653303 0.0431279 0.055177 0.0362463 0.0189906 0.0143807 0.0158374 0.0213947 0.0268766 0.0244259 0.024985 0.0244823 0.0229908 0.0267773 0.024063 0.0227207 0.0307111 0.0265683 0.0218609 0.0198412 0.0172027 0.0150677 0.0218391 0.0229381 0.0227211 0.0225257 0.0227336 0.02258 0.0184001 0.0201338 0.0192874 0.0115226 0.00360731 6.99422e-05 
1.07011e-05 0.00448451 0.00652664 0.00217097 0.00179919 0.0100681 0.00849874 0.00848651 0.00341347 0.00381938 0.000816552 0.00508839 0.00805346 0.0122798 0.0105453 0.00731056 0.0155809 0.0190328 0.0196072 0.0335923 0.0708865 0.0412755 0.0292039 0.0331568 0.0276958 0.0273601 0.0409969 0.0419059 0.0316181 0.0318799 0.0241779 0.019008 0.0168361 0.0312402 0.0549441 0.0370611 0.0362542 0.04178 0.0210391 0.0171667 0.0167486 0.0146432 0.0201304 0.0213873 0.0268395 0.0323602 0.0220511 0.0150081 0.0207647 0.0260164 0.021002 0.0296356 0.0330235 0.0202705 0.0179778 0.0200766 0.0138 0.0223331 0.031033 0.0253785 0.0270045 0.027467 0.023201 0.0215384 0.0207472 0.0207277 0.0152213 0.00878163 0.000994809 
0 0.0040272 0.00987756 0.00312242 0.00253671 0.0220305 0.0233313 0.00601581 0.00203979 0.00289243 0.00227466 0.0044513 0.0068503 0.0128107 0.0206655 0.00754244 0.0133377 0.0194794 0.024638 0.0290123 0.0318669 0.025194 0.0227844 0.0239657 0.0216659 0.0143667 0.0298169 0.0258151 0.0312713 0.0250937 0.023163 0.0227211 0.0178641 0.0155126 0.0221301 0.0411256 0.0309856 0.0277761 0.0246003 0.0235133 0.0161158 0.0154025 0.0257292 0.0292257 0.0306658 0.0295772 0.0227897 0.0217891 0.0276333 0.0236708 0.0247348 0.025751 0.0326283 0.0220986 0.0160807 0.0168796 0.0128074 0.0181758 0.0251287 0.0181656 0.0278551 0.0400896 0.0332267 0.0245243 0.0149874 0.014513 0.0166772 0.0117551 0.00140912 
0 0.00232103 0.0111691 0.00590226 0.00370896 0.00362608 0.007005 0.00614759 0.00798108 0.0100553 0.00896957 0.00650698 0.00387038 0.00983223 0.0211865 0.0129744 0.0153934 0.0192941 0.0212 0.0284196 0.0264314 0.0220873 0.0206762 0.023593 0.0253153 0.0154583 0.0236815 0.0263385 0.0240238 0.0201347 0.0186163 0.0235468 0.0203203 0.0146897 0.0190681 0.030449 0.0207268 0.022467 0.0293114 0.024704 0.0158984 0.0151185 0.0206836 0.024113 0.0263355 0.0290264 0.0287016 0.0248764 0.0277431 0.0207545 0.0228353 0.0244662 0.0232727 0.025294 0.0169712 0.0146656 0.0167366 0.0151968 0.0185442 0.0215036 0.0283952 0.0499622 0.0357401 0.0197362 0.0181551 0.0151499 0.0121573 0.00458604 0.00106387 
0 0.000336533 0.0056537 0.00688661 0.00424684 0.00207092 0.00571458 0.0167979 0.00852517 0.0140691 0.0138763 0.00974658 0.00678108 0.00922914 0.0170017 0.0184309 0.0187061 0.0264194 0.0318541 0.0319495 0.0309896 0.0320925 0.0309532 0.0370302 0.0282638 0.01915 0.0228079 0.029038 0.0260163 0.0253567 0.0176804 0.0180619 0.0216145 0.0189761 0.0205335 0.0266843 0.0236131 0.0286553 0.026531 0.0282251 0.0230417 0.0154123 0.0139603 0.01628 0.0178806 0.0219789 0.0261962 0.0231804 0.0235906 0.0173201 0.0221769 0.0233351 0.0218616 0.0202603 0.0171051 0.0189691 0.0188032 0.0164124 0.0195033 0.0229579 0.0216669 0.0317815 0.0313027 0.025521 0.0293458 0.0203596 0.0125147 0.00371188 0.000629606 
0 5.71126e-06 0.0017424 0.00615621 0.00390676 0.00232171 0.00598612 0.0159727 0.00959144 0.0125039 0.0192201 0.022391 0.017882 0.0146175 0.015093 0.020735 0.0192078 0.0248029 0.0276399 0.0240779 0.0263878 0.0269792 0.02402 0.0170096 0.018008 0.0161604 0.0212874 0.0318989 0.0279044 0.0222503 0.0193035 0.0244416 0.030422 0.0275673 0.0201589 0.0263173 0.0326128 0.0303913 0.0246085 0.0180548 0.0196044 0.0128281 0.016279 0.0241677 0.0253325 0.0263731 0.0254354 0.0195228 0.0183643 0.0233803 0.016274 0.0176862 0.019717 0.0211539 0.0193051 0.0223973 0.0170333 0.0142704 0.0198881 0.0226048 0.0195646 0.0254093 0.0231804 0.0122972 0.0158882 0.0162721 0.0131367 0.00244598 0 
0 0 0.000929762 0.00558932 0.00596987 0.00328667 0.00692709 0.00690462 0.0080624 0.0163878 0.0223748 0.0228004 0.0190981 0.0133981 0.0191239 0.0220084 0.0181868 0.0177758 0.0244752 0.0329063 0.0577544 0.02801 0.0208513 0.0191837 0.0222293 0.0223454 0.0175843 0.0230098 0.0224366 0.0214098 0.0188819 0.0254767 0.0281482 0.0285772 0.0305551 0.0282512 0.0251079 0.0224407 0.0248399 0.0313525 0.0238226 0.0208334 0.0177238 0.0396041 0.0355245 0.0217487 0.0212666 0.0234438 0.0198297 0.0234677 0.0242975 0.0169287 0.0129169 0.0198426 0.0186715 0.0240934 0.0188792 0.0209223 0.0193775 0.0239968 0.020625 0.0255385 0.0255948 0.01651 0.0110397 0.00343894 0.0036467 0.00136993 0 
0 0 0 0.00712935 0.00953819 0.004614 0.00675353 0.00388287 0.0104387 0.0230487 0.0258943 0.0205753 0.0224134 0.0238872 0.0262139 0.0305425 0.0279832 0.0199215 0.0202701 0.0295042 0.0361575 0.0193534 0.0178693 0.0190892 0.0143598 0.0144515 0.0178807 0.0274351 0.0310512 0.0303524 0.0262255 0.0260521 0.0197606 0.0275522 0.0312467 0.0269866 0.0221213 0.0196945 0.0236467 0.0291755 0.0315783 0.0232592 0.0186207 0.0279065 0.0289779 0.0231141 0.0157933 0.0174824 0.0165308 0.0200113 0.0209174 0.0181836 0.0275014 0.0284835 0.0251527 0.0239633 0.0240561 0.0300157 0.0180114 0.0228899 0.0191338 0.0201722 0.0331623 0.030184 0.0283533 0.00878889 0.000956478 0.000404648 0 
0 0 0 0.00350806 0.0093319 0.00587566 0.00538367 0.00737886 0.0164366 0.0264899 0.0274661 0.0142342 0.0217202 0.0236881 0.0218964 0.0274887 0.0329207 0.0269102 0.0212781 0.0254706 0.0252166 0.0172887 0.021622 0.0252237 0.0270558 0.0203471 0.0199159 0.0265658 0.0253953 0.0299733 0.0330274 0.0378072 0.0322849 0.0263059 0.0326125 0.026813 0.0251162 0.0334927 0.0371124 0.0304959 0.0357889 0.0250063 0.0192999 0.0214033 0.0235822 0.0265176 0.0232696 0.0196727 0.0197073 0.0206082 0.0176143 0.0228065 0.0275352 0.0234221 0.0265096 0.0250656 0.0230197 0.028214 0.023323 0.0251496 0.0193791 0.0253211 0.0260059 0.0464119 0.0967489 0.0683924 0.00588704 0 0 
0 0 0 0.00064017 0.00407946 0.0043726 0.00353249 0.00831452 0.0171495 0.0246517 0.0190874 0.0123407 0.0105621 0.0156959 0.0192842 0.0268396 0.0284131 0.0256652 0.0243153 0.0188089 0.0225559 0.0181049 0.0242846 0.0259156 0.0275593 0.0218701 0.0215636 0.021796 0.0204982 0.0239734 0.0282532 0.0297101 0.0474326 0.0281957 0.0273255 0.0271153 0.0307619 0.0362348 0.0363497 0.041796 0.0406659 0.0296351 0.0225703 0.0171925 0.0243349 0.0286303 0.029532 0.0260309 0.0255091 0.0265762 0.0269116 0.0301604 0.024409 0.0243646 0.0177465 0.0136618 0.0169535 0.017491 0.0182251 0.0200427 0.0195594 0.0229606 0.0188664 0.0204946 0.0596947 0.0484532 0.00446515 0 0 
0 0 0 0 0.000615769 0.000685363 0.00598858 0.014518 0.0215375 0.022555 0.00963882 0.00580333 0.00950835 0.0147437 0.016019 0.0216284 0.0277698 0.0199742 0.0185465 0.0196088 0.0193152 0.0236359 0.0301716 0.0265697 0.0316684 0.0240909 0.0229752 0.0148064 0.0103205 0.0123346 0.011793 0.0172997 0.0279163 0.0282321 0.0218309 0.0188392 0.0217987 0.019947 0.0282405 0.030056 0.0297082 0.0283173 0.0220806 0.0129395 0.0208222 0.0286912 0.0259475 0.0228607 0.0259239 0.0284791 0.0461723 0.058272 0.0510388 0.0308575 0.0174742 0.0090515 0.014503 0.0202061 0.0100949 0.00720779 0.010444 0.0201536 0.0172622 0.014118 0.0148472 0.0128946 0.00186602 0 0 
0 0 0 0 0 0.00031554 0.013084 0.0174325 0.0197273 0.0196758 0.00371478 0.00189503 0.00884966 0.0150487 0.019118 0.0275355 0.0361736 0.0234472 0.0214311 0.022859 0.018861 0.0258309 0.0305728 0.036728 0.0367265 0.0165254 0.0249225 0.00842471 0.0075904 0.0072281 0.00412991 0.00597377 0.0118202 0.0183143 0.017643 0.0122451 0.0134999 0.0227575 0.0245826 0.0212023 0.0265844 0.0295887 0.017005 0.0116355 0.0157192 0.0228363 0.0261024 0.0265094 0.0293411 0.0274865 0.0468326 0.118644 0.108616 0.0399343 0.0244122 0.0114495 0.0146597 0.011936 0.00421621 0.0037237 0.00917777 0.0145359 0.00909436 0.00829649 0.00490596 0.00176319 7.81638e-05 0 0 
0 0 0 0 0 0.000386292 0.00832796 0.0163782 0.0212674 0.0342897 0.0111833 0.00561523 0.00910036 0.0177453 0.022018 0.0188019 0.0252252 0.0268742 0.0321018 0.0319714 0.026301 0.0254032 0.0352117 0.0433503 0.0399101 0.0244465 0.0143862 0.0126526 0.0249619 0.0255175 0.0255199 0.00742395 0.00308403 0.0124265 0.0189162 0.0180568 0.016251 0.0214235 0.0272583 0.0298417 0.0305956 0.0223865 0.0201436 0.0176729 0.0181847 0.0154569 0.0258435 0.0359218 0.0306438 0.0277646 0.0348816 0.0415301 0.049514 0.0397901 0.0321886 0.0188393 0.0204093 0.0176884 0.00978208 0.0102786 0.0191459 0.0170886 0.00763296 0.00771123 0.00653782 0.00156857 0 0 0 
0 0 0 0 0 8.76864e-05 0.00438324 0.00958413 0.0174484 0.0310037 0.0145155 0.00943274 0.0128589 0.0129645 0.0167649 0.0143456 0.0124048 0.02174 0.0333772 0.0377405 0.0328747 0.0321813 0.0286723 0.0298796 0.0451203 0.0270144 0.019058 0.0235908 0.0180586 0.0271616 0.0305435 0.011339 0.00101187 0.00797011 0.0211859 0.0195855 0.0234373 0.0289261 0.0260455 0.0248812 0.0272789 0.0195614 0.0236573 0.0166792 0.0201667 0.0164882 0.0232311 0.0296029 0.0334895 0.0298063 0.0310367 0.024793 0.0278455 0.0321094 0.0353997 0.024431 0.0226211 0.0244812 0.0136873 0.0230317 0.0299993 0.0238624 0.0126286 0.00562592 0.00299442 0.000214611 0 0 0 
0 0 0 0 0 0 0.000176142 0.00263495 0.0117884 0.0208471 0.0107779 0.00766714 0.00987035 0.0117963 0.0138451 0.015884 0.013511 0.0251995 0.0350557 0.0444701 0.0329221 0.0389864 0.0196522 0.019157 0.0323386 0.0301347 0.0303391 0.0254578 0.0260167 0.0299537 0.027786 0.0129423 0.00202029 0.00475367 0.0191804 0.0252508 0.0314636 0.0252005 0.0223891 0.0190413 0.0208086 0.0280373 0.0277543 0.0240462 0.0254155 0.022406 0.0273828 0.0288097 0.0250978 0.0228789 0.0282624 0.0251819 0.0219553 0.0260058 0.0295647 0.0298391 0.0327984 0.0417779 0.0324965 0.0324808 0.0330851 0.02991 0.0190195 0.0040968 0.000453674 0 0 0 0 
0 0 0 0 0 0 0 0.000158035 0.00721386 0.0234729 0.0145311 0.00933387 0.00364155 0.0149151 0.0203144 0.0240663 0.0246198 0.0217047 0.0306955 0.0331226 0.028914 0.0272906 0.0172248 0.0137859 0.0166919 0.0193933 0.0287213 0.0264378 0.0267815 0.0246154 0.019113 0.00999409 0.00389524 0.000731261 0.0114598 0.0213831 0.0277279 0.0251747 0.0182892 0.0140095 0.0172712 0.0326443 0.0408453 0.0443457 0.0401932 0.026287 0.0275387 0.0253136 0.02711 0.0242443 0.0281376 0.0215217 0.0193259 0.0237504 0.0225237 0.0286539 0.0383273 0.0421023 0.0484673 0.0338839 0.0173965 0.0114514 0.0132411 0.00273411 0 0 0 0 0 
0 0 0 0 0 0 0 1.62788e-05 0.00341966 0.0203089 0.0233203 0.0118084 0.00349389 0.0187378 0.0204277 0.0229188 0.0251988 0.0183087 0.0196446 0.0238219 0.0229609 0.0212967 0.024324 0.0180059 0.0174335 0.0205228 0.0180236 0.0202431 0.0150528 0.00947839 0.00667353 0.00817094 0.00715143 0.00405317 0.00453403 0.0212461 0.0259705 0.019847 0.0175887 0.0176562 0.0167497 0.0284076 0.0519348 0.0694976 0.0505297 0.0282011 0.0171832 0.0275533 0.028956 0.0272811 0.0248539 0.0249362 0.0245237 0.0272071 0.0267844 0.0277 0.0258935 0.0256266 0.0279475 0.0147964 0.0032105 0.00327148 0.00379588 0.000340155 0 0 0 0 0 
0 0 0 0 0 0 0 0 0.000919103 0.00968369 0.0247916 0.0142438 0.00788841 0.0300405 0.0291552 0.0197439 0.0201919 0.0189385 0.0195421 0.020138 0.0224843 0.0245588 0.0270091 0.020484 0.0202379 0.0215158 0.0138668 0.0102792 0.00942453 0.00975428 0.0111274 0.018469 0.0193965 0.018429 0.00723437 0.0142681 0.0255053 0.0253148 0.0257542 0.0256748 0.02162 0.0274535 0.0325381 0.0437276 0.0405333 0.0322546 0.0245344 0.0226348 0.0152224 0.026709 0.0363953 0.0256583 0.0296345 0.0413924 0.0362389 0.0314674 0.0209048 0.0202898 0.0159275 0.00415251 0.000373826 0.000596653 0.000252171 0 0 0 0 0 0 
0 0 0 0 0 0 0 0 0.00043842 0.00447244 0.0162118 0.00963762 0.0102131 0.0223363 0.0267708 0.0224103 0.0193236 0.0226844 0.0259799 0.0253913 0.0237761 0.0274024 0.0286572 0.0275116 0.0225155 0.00996639 0.00585541 0.0143427 0.0249228 0.0250571 0.0257605 0.0193154 0.0218014 0.020578 0.014575 0.0118896 0.0266419 0.0172439 0.0334713 0.032178 0.0322272 0.0249164 0.0213836 0.0251143 0.0306478 0.0444579 0.034823 0.0217713 0.0115169 0.0217054 0.0363302 0.0306905 0.0340449 0.0354307 0.0267935 0.02743 0.0216055 0.0173475 0.0113059 0.00256489 0.000168115 0 0 0 0 0 0 0 0 
0 0 0 0 0 0 0 0 0 0.000357451 0.00136905 0.00147632 0.0161988 0.0252809 0.0207666 0.0275723 0.030284 0.0277462 0.0304298 0.0248575 0.0192199 0.0166384 0.0221184 0.0189658 0.00946012 0.00291596 0.00767664 0.0228659 0.0223116 0.0247148 0.0256751 0.019564 0.0162894 0.0175862 0.0146958 0.0107113 0.0188822 0.02705 0.0310178 0.0346493 0.042051 0.0390907 0.0368152 0.0230824 0.0214093 0.0306223 0.0322343 0.0222757 0.01247 0.0163444 0.0252675 0.031849 0.0401983 0.0269738 0.0153583 0.0207595 0.0241938 0.0223065 0.0105312 0.00247676 0 0 0 0 0 0 0 0 0 
0 0 0 0 0 0 0 0 0 0 0 0.00167801 0.0138027 0.027205 0.0227608 0.0261361 0.0267877 0.0266128 0.0319979 0.032992 0.0233461 0.0336091 0.0268888 0.0101679 0.00821698 0.00381772 0.00943594 0.0284163 0.0229838 0.0214734 0.0263817 0.0230134 0.0181435 0.0116389 0.00708997 0.0139918 0.017974 0.0254123 0.0290676 0.0357891 0.0329727 0.0360694 0.0258402 0.0254607 0.0220706 0.0216723 0.0263186 0.0171877 0.0113793 0.0117605 0.0118331 0.0193349 0.0215783 0.0271549 0.0169182 0.0114283 0.014327 0.0145396 0.00791478 0.0014291 0 0 0 0 0 0 0 0 0 
0 0 0 0 0 0 0 0 0 0 0 0.0010956 0.00946352 0.0238053 0.0256249 0.0271059 0.0212767 0.0310623 0.0338578 0.0324273 0.0276061 0.0348569 0.019956 0.00896421 0.0135415 0.0180231 0.023144 0.024194 0.0153847 0.0134176 0.0272703 0.0202354 0.0238462 0.0161865 0.0195281 0.0231454 0.0238099 0.0383518 0.0522951 0.0492164 0.0325374 0.0287983 0.0197765 0.0170516 0.0158274 0.0168744 0.0233538 0.0239858 0.0159234 0.0113304 0.0129221 0.0198287 0.0308435 0.0251904 0.0183648 0.00786609 0.00293129 0.00111355 0.00154439 8.11401e-05 0 0 0 0 0 0 0 0 0 
0 0 0 0 0 0 0 0 0 0 0 0 0.000548603 0.00341221 0.0103525 0.01695 0.022032 0.0278062 0.0291513 0.0335869 0.0304915 0.0264427 0.016362 0.0126405 0.0132229 0.0258281 0.0239084 0.0110084 0.00714615 0.0153044 0.021594 0.0231785 0.0239406 0.0251659 0.0273171 0.0212224 0.026668 0.0338909 0.053095 0.0420545 0.0328161 0.0285884 0.0199954 0.0225755 0.0215066 0.0218351 0.036216 0.0390782 0.040251 0.0191775 0.0131084 0.0166054 0.0160458 0.0197441 0.0133096 0.00178905 0.000806495 0.000162569 0 0 0 0 0 0 0 0 0 0 0 
0 0 0 0 0 0 0 0 0 0 0 0 0 0.00100709 0.0102985 0.0152876 0.0276126 0.0269347 0.0216913 0.0262198 0.0246153 0.0247107 0.0156394 0.0152161 0.0166985 0.0171938 0.016869 0.00749755 0.0100979 0.0171188 0.0232063 0.0327543 0.0277382 0.0207375 0.0215907 0.0177737 0.0222228 0.0291952 0.0399935 0.0442576 0.031054 0.0283544 0.0298148 0.0255962 0.0317694 0.0285979 0.0343694 0.0391597 0.0323161 0.0246112 0.0184215 0.0126428 0.0145569 0.0325787 0.0213103 0.000743751 0.00010317 3.34093e-05 0 0 0 0 0 0 0 0 0 0 0 
0 0 0 0 0 0 0 0 0 0 0 0 0 2.92592e-06 0.00228433 0.00988419 0.0199893 0.0265177 0.0231955 0.0182439 0.0164778 0.0149756 0.0152749 0.0135312 0.0251742 0.0210105 0.0138978 0.0108477 0.0179703 0.0162958 0.0230764 0.0339349 0.0283774 0.0194415 0.024489 0.0219081 0.0187133 0.0256241 0.0382843 0.0349627 0.0269233 0.0280828 0.0282774 0.0387928 0.0413229 0.0330272 0.027415 0.0276358 0.0194972 0.0204488 0.0153503 0.0102923 0.00981224 0.0192686 0.0115452 1.77565e-05 0 0 0 0 0 0 0 0 0 0 0 0 0 
0 0 0 0 0 0 0 0 0 0 0 0 0 0 0 0.000377607 0.00311833 0.00956101 0.0156212 0.0240174 0.0262886 0.0293685 0.0180335 0.0192143 0.0205986 0.0219521 0.0174371 0.0114815 0.0112874 0.0134393 0.0296325 0.0298519 0.027628 0.0197014 0.0199141 0.0218867 0.0226864 0.0264406 0.0264746 0.0232545 0.0242457 0.0318957 0.0432609 0.0482725 0.0428809 0.0226981 0.0309492 0.0306038 0.0226909 0.0169066 0.0112639 0.00994164 0.00741734 0.00399282 0.00119355 0 0 0 0 0 0 0 0 0 0 0 0 0 0 
0 0 0 0 0 0 0 0 0 0 0 0 0 0 0 0 0 0.000349662 0.00577736 0.0237636 0.0338644 0.0247048 0.0215522 0.0192546 0.00915381 0.0144575 0.0111472 0.0105945 0.00718524 0.0195556 0.0272406 0.0290039 0.0304796 0.0261625 0.0218787 0.0238818 0.0199002 0.0241176 0.0272125 0.0230895 0.0267319 0.0358401 0.0441625 0.0384965 0.0324735 0.0200725 0.0240744 0.0224649 0.0132018 0.0125565 0.00803499 0.00372536 0.0014324 0.000194144 0 0 0 0 0 0 0 0 0 0 0 0 0 0 0 
0 0 0 0 0 0 0 0 0 0 0 0 0 0 0 0 0 0 0.000532917 0.00638684 0.0139197 0.0117511 0.0189574 0.0127362 0.0057179 0.0105211 0.00672394 0.00354934 0.0108142 0.0230983 0.0246269 0.0220736 0.0261829 0.0263183 0.0314152 0.0355002 0.0306545 0.0263218 0.0286231 0.029183 0.0268475 0.0285329 0.0287554 0.029784 0.0283195 0.013401 0.0147263 0.0103461 0.00253849 0.00200477 0.00254078 5.91969e-05 0 0 0 0 0 0 0 0 0 0 0 0 0 0 0 0 0 
0 0 0 0 0 0 0 0 0 0 0 0 0 0 0 0 0 0 0 0 0.000159198 0.000576322 0.00195736 0.00101099 0.00292964 0.0062438 0.00236645 0.00312398 0.0153968 0.0215506 0.0289253 0.0246857 0.0212748 0.0190561 0.0264958 0.0274366 0.0361482 0.028695 0.0233214 0.0174373 0.0231178 0.0152087 0.0116783 0.0144921 0.0177631 0.00677358 0.00127258 0.000844869 0 0 0 0 0 0 0 0 0 0 0 0 0 0 0 0 0 0 0 0 0 
0 0 0 0 0 0 0 0 0 0 0 0 0 0 0 0 0 0 0 0 0 0 0 1.16239e-05 0.000616863 0.0009009 0.000390131 0.00271817 0.0108065 0.0104567 0.0259935 0.0242648 0.0153724 0.00737543 0.00666864 0.0091 0.0101809 0.00646333 0.00503405 0.00514813 0.0479458 0.0503982 0.0207778 0.00538406 0.0025717 0.000294344 0 0 0 0 0 0 0 0 0 0 0 0 0 0 0 0 0 0 0 0 0 0 0 
0 0 0 0 0 0 0 0 0 0 0 0 0 0 0 0 0 0 0 0 0 0 0 0 0 0 0 0.00020194 0.00138942 0.000930979 0.00448969 0.00427293 0.00300247 0.00320412 0.00138516 0.000947453 0.00153757 0.00063474 0.000295415 0.00192336 0.0178903 0.0210927 0.00666568 0.000154871 2.05958e-05 0 0 0 0 0 0 0 0 0 0 0 0 0 0 0 0 0 0 0 0 0 0 0 0 

