0 0 0 0 0 0 0 0 0 0 0 0 0 0 0 0 0 0 0 0 0 0 0 0 0 0 0 0 0 0 0 0.000334236 0.000326427 0.000513648 0.000111338 4.78931e-05 0.000188232 2.13574e-05 0 0 0 0 0 0 0 0 0 0 0 0 0 0 0 0 0 0 0 0 0 0 0 0 0 0 0 0 0 0 0 
0 0 0 0 0 0 0 0 0 0 0 0 0 0 0 0 0 0 0 0 0 0 0 0 0 0.000193147 0.000945341 0.00118422 0.00480186 0.00685065 0.00911942 0.0114198 0.00843786 0.00763042 0.00572756 0.00723971 0.00529172 0.00549955 0.00553635 0.00174908 0.00019106 0.00304324 0.00317471 0.00105 0.000137145 0 0 0 0 0 0 0 0 0 0 0 0 0 0 0 0 0 0 0 0 0 0 0 0 
0 0 0 0 0 0 0 0 0 0 0 0 0 0 0 0 0 0 0 0 0 0 0 0.000555637 0.00133259 0.00196976 0.00772578 0.0145946 0.0144919 0.0214785 0.0230921 0.0185586 0.0170267 0.0111745 0.00848617 0.0103445 0.016238 0.0187932 0.0183416 0.00525446 0.00210054 0.0192577 0.0201713 0.0116266 0.0044063 0.00325981 0.000724181 0 0 0 0 0 0 0 0 0 0 0 0 0 0 0 0 0 0 0 0 0 0 
0 0 0 0 0 0 0 0 0 0 0 0 0 0 0 0 0 0 0 0 0 0 0.000195264 0.00357581 0.0124806 0.00517587 0.00436198 0.0185594 0.0170617 0.0215498 0.0151872 0.0167336 0.0134079 0.0112462 0.0101746 0.00801181 0.0149529 0.0196927 0.0245267 0.01177 0.00429442 0.0160652 0.0238526 0.0226882 0.014789 0.0122792 0.0025024 0.000180307 7.9174e-05 0 0 0 0 0 0 0 0 0 0 0 0 0 0 0 0 0 0 0 0 
0 0 0 0 0 0 0 0 0 0 0 0 0 0 0 0 0 0 3.63932e-05 0.000252194 9.7538e-05 0.000259723 0.000216428 0.00275172 0.00943314 0.00710919 0.00712249 0.0182198 0.0172203 0.020803 0.0173014 0.0195833 0.0174501 0.0211857 0.018519 0.0113109 0.0118803 0.0154061 0.0242515 0.0160502 0.014731 0.01591 0.0200127 0.0221294 0.0141915 0.0140823 0.0038898 0.00548839 0.00154756 0.000443219 6.2258e-05 0 0 0 0 0 0 0 0 0 0 0 0 0 0 0 0 0 0 
0 0 0 0 0 0 0 0 0 0 0 0 0 0 0 0 0.000141019 0.00339367 0.00582413 0.0114775 0.00792595 0.00489219 0.00667873 0.0100368 0.0155983 0.011491 0.0150553 0.0246352 0.025651 0.0150283 0.0182483 0.0216346 0.0233187 0.0293918 0.0231072 0.0185944 0.0130744 0.0145213 0.0154077 0.0148238 0.0154013 0.0162122 0.0177067 0.0169439 0.014136 0.0137559 0.00770825 0.00782704 0.00406304 0.00498729 0.0018576 0.00224455 0.000378548 0.000102417 0 0 0 0 0 0 0 0 0 0 0 0 0 0 0 
0 0 0 0 0 0 0 0 0 0 0 0 0 0 0 0.00131359 0.00757304 0.0177466 0.0169533 0.0224808 0.0209138 0.0212506 0.0193603 0.020785 0.0160875 0.0133151 0.0152276 0.0211529 0.0192058 0.0181347 0.0177928 0.0177667 0.0216854 0.022965 0.0232649 0.0147272 0.0180932 0.0193273 0.020772 0.0158584 0.0191593 0.0175056 0.0146598 0.0174301 0.016349 0.0173398 0.0100392 0.00549571 0.00771877 0.0109518 0.00912138 0.00686382 0.00556083 0.00582166 0.000216077 0 0 0 0 0 0 0 0 0 0 0 0 0 0 
0 0 0 0 0 0 0 0 0 0 0 0 0 0.000142014 0.00362443 0.0145677 0.0278512 0.0220107 0.0247518 0.0266307 0.0249127 0.0202173 0.0271685 0.0251351 0.0140506 0.01711 0.0206793 0.020531 0.020244 0.0163429 0.0177093 0.0178105 0.0147229 0.0174515 0.0205433 0.0206015 0.0233329 0.0201523 0.0234691 0.0245829 0.0209635 0.0177571 0.0201672 0.0159675 0.0190247 0.0273071 0.0207501 0.0150742 0.015108 0.0155311 0.0149873 0.00981246 0.0119839 0.014103 0.00417157 0.000393166 0 0 0 0 0 0 0 0 0 0 0 0 0 
0 0 0 0 0 0 0 0 0 0 0 0 0 0.00251335 0.0131667 0.0164205 0.0190851 0.0258641 0.0256711 0.0264114 0.0245602 0.0175219 0.0224061 0.0171181 0.0161496 0.0245904 0.0249444 0.0188886 0.0210714 0.0173022 0.0108972 0.0146894 0.0141154 0.0186739 0.0181201 0.01791 0.0182334 0.0208962 0.0229686 0.0224885 0.0237996 0.0215117 0.0172393 0.0202216 0.0196199 0.0185517 0.0226028 0.0256754 0.0217083 0.0191522 0.0209662 0.0130715 0.0164469 0.0160817 0.00826188 0.0043278 0.000358549 0 0 0 0 0 0 0 0 0 0 0 0 
0 0 0 0 0 0 0 0 0 0 0 0 0.00030413 0.00751105 0.0216181 0.0212577 0.0166405 0.0189819 0.0221868 0.0255981 0.0268598 0.022688 0.0189103 0.0282145 0.0257026 0.0258286 0.022211 0.0241746 0.0239747 0.0172397 0.0112097 0.0140242 0.0162725 0.0170734 0.0208059 0.0130602 0.0156226 0.0231157 0.0262554 0.0213224 0.0229976 0.0179595 0.0160764 0.0155856 0.0210373 0.016584 0.0146861 0.0179551 0.0143178 0.0186761 0.0197646 0.0116111 0.015844 0.0138713 0.0129619 0.010972 0.00513265 0.0020052 0 0 0 0 0 0 0 0 0 0 0 
0 0 0 0 0 0 0 0 0 0 0.000212563 0.000645592 0.00380839 0.0119685 0.0205611 0.0210817 0.0173699 0.017647 0.0186963 0.0230001 0.0262525 0.0264002 0.0291189 0.0272537 0.0279982 0.0262237 0.0236558 0.0230234 0.0198543 0.0163458 0.0201235 0.0192357 0.0181502 0.0129498 0.0164061 0.0108537 0.0181956 0.0258605 0.0196007 0.019641 0.0255139 0.0180373 0.0142662 0.0153921 0.0267299 0.0268999 0.0196977 0.0187841 0.0145718 0.0155125 0.017144 0.00876936 0.0121922 0.00714406 0.00941968 0.00403432 0.00369353 0.00123543 0 0 0 0 0 0 0 0 0 0 0 
0 0 0 0 0 0 0 0 0 0 0.0014867 0.00419563 0.00696884 0.00880811 0.0136832 0.0157042 0.0137371 0.0197604 0.0195101 0.0193447 0.0316157 0.0297768 0.0259935 0.023566 0.0223167 0.0234843 0.0211179 0.0162926 0.0132406 0.0139829 0.0255168 0.0243265 0.0175784 0.0182524 0.0200982 0.0132668 0.0181224 0.0151126 0.0118058 0.0191423 0.0195826 0.0161356 0.0144225 0.0153128 0.0218566 0.025123 0.0239704 0.0216501 0.0142925 0.0112085 0.0113016 0.00417769 0.00716888 0.0114131 0.00708522 0.00415266 0.00199752 0.000121071 0 0 0 0 0 0 0 0 0 0 0 
0 0 0 0 0 0 0 0 0 0.00101475 0.00227363 0.00751174 0.0155693 0.0141733 0.017787 0.0108889 0.0162574 0.0157673 0.0144718 0.0176013 0.0258935 0.0283256 0.02177 0.0230385 0.018827 0.0205572 0.0232461 0.0120927 0.0128314 0.0125422 0.0178248 0.022893 0.0222718 0.0199883 0.0210309 0.0163083 0.0188565 0.0192446 0.0187314 0.0174699 0.0207777 0.0147503 0.0234977 0.0203016 0.0189086 0.0153963 0.0121015 0.021439 0.0155373 0.00688829 0.00385449 0.00643544 0.01384 0.0218095 0.0146556 0.00575951 0.00171568 0.000755113 0.000799775 0.000533869 7.89195e-05 0 0 0 0 0 0 0 0 
0 0 0 0 0 0 0 0 0.000318423 0.00550305 0.00676098 0.0115832 0.0195455 0.0140961 0.0150045 0.011238 0.013727 0.013352 0.0114836 0.0163091 0.0224746 0.0224583 0.0224996 0.0260874 0.0277063 0.0196329 0.0195082 0.0144264 0.0127904 0.0134979 0.0149543 0.015934 0.0187439 0.0257923 0.025976 0.0230395 0.0192275 0.0122487 0.0180348 0.0148914 0.0179859 0.0118596 0.0150418 0.0168597 0.0147519 0.0201919 0.0138529 0.0143327 0.0136608 0.00887272 0.00626163 0.00808675 0.0115609 0.0153683 0.00839071 0.00341839 0.00209242 0.00177309 0.00263251 0.00211347 0.000713999 6.99996e-05 0 0 0 0 0 0 0 
0 0 0 0 0 0 0 0.000211126 0.00379592 0.0152001 0.0180637 0.0139836 0.00700484 0.00985849 0.00564044 0.00729002 0.0103937 0.00685086 0.0108261 0.011014 0.0179429 0.0158861 0.0220426 0.0207027 0.0232746 0.0178685 0.0135416 0.0170811 0.013658 0.00980663 0.0137801 0.0157296 0.0190615 0.0318661 0.0271786 0.0226481 0.0212875 0.0132003 0.0181186 0.0131597 0.0179505 0.0109378 0.0103612 0.0137064 0.0198115 0.0168187 0.0215184 0.0277302 0.0198374 0.0086813 0.00418111 0.00635932 0.0103887 0.0111951 0.00263102 0.00288296 0.000602329 0.000885274 0.00496403 0.00620528 0.00669895 0.000924648 0 0 0 0 0 0 0 
0 0 0 0 0 0 2.44564e-05 0.0028636 0.00746803 0.0213621 0.0193148 0.00833862 0.00236817 0.00198887 0.00600195 0.0102937 0.0111467 0.00800179 0.00684911 0.00691636 0.0153471 0.0162602 0.0198632 0.0176125 0.0167962 0.0179101 0.0181758 0.017317 0.0135416 0.0146281 0.0228349 0.0233709 0.0238588 0.0229623 0.024197 0.0249053 0.0224545 0.0167852 0.0181287 0.0141664 0.0153398 0.0118197 0.0125309 0.00863682 0.0125888 0.0205492 0.0240153 0.0265981 0.0199901 0.0180403 0.00821214 0.00909195 0.0176391 0.00783455 0.000490399 0.000883578 0.00548672 0.00325167 0.00638603 0.00878535 0.00486194 0.00116697 7.6795e-06 0 0 0 0 0 0 
0 0 0 0 0 0 0.000805046 0.0103024 0.0125525 0.0206011 0.0114053 0.00271611 0.00228561 0.00289827 0.0114936 0.0153025 0.0126718 0.0127004 0.0156902 0.0109625 0.0114798 0.0151882 0.0151022 0.0173196 0.0165931 0.0164567 0.0178339 0.0126267 0.0154644 0.0236468 0.0304059 0.0241185 0.023603 0.0207735 0.0270495 0.0239804 0.0257377 0.0249911 0.0198424 0.0160344 0.0161178 0.0173499 0.0154174 0.0100986 0.012878 0.0198623 0.0225314 0.0167071 0.0189228 0.0185303 0.00794367 0.00887979 0.015106 0.00694474 0.00183255 0.00543028 0.0166277 0.0149703 0.0162573 0.0185767 0.0122662 0.00657346 0.00217728 5.84466e-05 0 0 0 0 0 
0 0 0 0 0 0 6.92746e-06 0.00246465 0.00514193 0.00684177 0.00359808 0.00179301 0.00369965 0.0138659 0.0175644 0.0201349 0.0190122 0.0183441 0.0183271 0.0133883 0.0113667 0.0150086 0.0153741 0.0134839 0.0204882 0.0201849 0.0162312 0.0147321 0.019823 0.0245917 0.0209632 0.0226677 0.0206911 0.0194225 0.0240697 0.0266705 0.0241259 0.0258356 0.0178977 0.0185643 0.0183052 0.0146663 0.0129257 0.0204612 0.0235282 0.0267922 0.0216523 0.0141389 0.0152175 0.0214207 0.0123784 0.0110291 0.0135772 0.00723809 0.00259522 0.00380323 0.0100238 0.0221289 0.0347676 0.0331943 0.0217735 0.00938646 0.0035879 0.00032296 0 0 0 0 0 
0 0 0 0 0 0 0 0.000163029 0.000362418 0.00107714 0.000277871 0.0013161 0.00693194 0.0175396 0.0194421 0.0153625 0.0154148 0.0141713 0.0191758 0.0165836 0.0172498 0.0211451 0.0227269 0.0182414 0.0216924 0.0191176 0.0222802 0.0217458 0.0259565 0.0243335 0.0230761 0.0243338 0.0253357 0.0201839 0.0225966 0.0225941 0.0254749 0.0224509 0.0209626 0.0199728 0.0219776 0.0169696 0.0150711 0.0213374 0.0260958 0.019334 0.0148082 0.0159127 0.0171228 0.0284414 0.0225968 0.0173989 0.0171756 0.010471 0.00390955 0.00344557 0.0040939 0.0173522 0.0426654 0.0490382 0.0290127 0.0154053 0.00451864 0.00198503 0 0 0 0 0 
0 0 0 0 8.50844e-05 0.00156097 0.000844374 0.000240199 0.000659186 0.00235583 0.00233025 0.00657315 0.0131809 0.0177101 0.014214 0.012892 0.0120263 0.0171173 0.0152047 0.0158242 0.0178593 0.0229909 0.0198493 0.0203743 0.027906 0.018075 0.016859 0.0244522 0.0270835 0.0237346 0.0177627 0.0214738 0.0242295 0.021685 0.0268087 0.0289608 0.0265666 0.0224624 0.020038 0.0250142 0.0207568 0.0180285 0.0174248 0.0178673 0.0183588 0.0141055 0.0175522 0.0195333 0.0157724 0.0239745 0.0222881 0.0157961 0.0219595 0.021046 0.0153838 0.00997733 0.00399941 0.010777 0.0320273 0.040796 0.0269642 0.0199376 0.00773943 0.0018836 0.000911802 0.000220353 0 0 0 
0 0 0 0.000555164 0.00315223 0.00554611 0.00712253 0.00653082 0.00647162 0.00986818 0.0145315 0.015586 0.0182522 0.0151902 0.013536 0.0138194 0.014366 0.0168871 0.0217523 0.0209185 0.0233376 0.0151723 0.0180792 0.0208486 0.0224498 0.0204461 0.0219505 0.0220503 0.0246224 0.0238669 0.0152749 0.0177865 0.0260805 0.0331134 0.0414253 0.0295127 0.0252142 0.025371 0.0212799 0.0165406 0.0198906 0.0151049 0.0175768 0.0248078 0.0174868 0.0190761 0.0207372 0.016668 0.017216 0.0261722 0.0193453 0.024589 0.0131319 0.021503 0.0209876 0.0207428 0.00577214 0.00466456 0.0134946 0.0218066 0.015301 0.0206234 0.0154505 0.00850959 0.00738502 0.00423366 0 0 0 
0 0 0 0.00155537 0.00691825 0.00940929 0.0157505 0.0172509 0.0214688 0.018233 0.0194623 0.0216619 0.0193713 0.01759 0.0187522 0.0161694 0.0166501 0.0189358 0.0216631 0.0216824 0.022422 0.017647 0.0180272 0.016166 0.0168761 0.0163833 0.019011 0.0228929 0.0233144 0.0213513 0.0185302 0.0171984 0.0168239 0.0233433 0.0257606 0.0237786 0.0232838 0.0202091 0.0173574 0.0222443 0.0222594 0.0174423 0.0158725 0.0195687 0.0174177 0.0168714 0.0110874 0.0181228 0.0232813 0.0240293 0.017867 0.0252318 0.0169249 0.0171023 0.018469 0.0119175 0.00309636 0.00568422 0.00983251 0.0159859 0.015518 0.0185982 0.0147797 0.0126043 0.0184824 0.00621377 1.96492e-05 0 0 
0 0 1.68039e-05 0.00108577 0.0081074 0.0122254 0.0203099 0.0223541 0.0199715 0.0221823 0.0301934 0.0265021 0.0209777 0.0238429 0.0169714 0.0178071 0.0166073 0.0164659 0.0157932 0.0174079 0.0235589 0.0243965 0.0180294 0.0205354 0.0177702 0.0201473 0.021506 0.0178204 0.0228697 0.0139793 0.0139471 0.0214103 0.0215464 0.0209312 0.0169835 0.0178493 0.0190352 0.0209739 0.0231244 0.021676 0.0156201 0.0174986 0.015445 0.0216201 0.0233868 0.0270812 0.0237834 0.0257807 0.0266163 0.0270607 0.0226952 0.0201901 0.0194553 0.0126765 0.00922549 0.00566452 0.00403904 0.00902272 0.0110014 0.0205688 0.0195768 0.0211075 0.0248427 0.0220383 0.0214031 0.00723066 0.00064171 0 0 
0 0 0.00127596 0.00542248 0.00387099 0.00509486 0.011324 0.0191068 0.0220181 0.0223113 0.0237278 0.0273608 0.0261386 0.0246783 0.0194409 0.0174474 0.0122336 0.0157889 0.014454 0.0190128 0.0170521 0.0204264 0.01759 0.0216302 0.0274483 0.0236256 0.0209998 0.0164564 0.01654 0.010766 0.0105808 0.0184889 0.0257344 0.0162865 0.0171829 0.0249922 0.0249389 0.0223791 0.0272751 0.0209486 0.0238686 0.0190423 0.0164477 0.0180546 0.0197832 0.0234918 0.0224767 0.0226598 0.0268981 0.0249297 0.01793 0.0216662 0.0230784 0.0116803 0.00380209 0.00191911 0.00913344 0.0145951 0.0153135 0.018492 0.0165599 0.0212874 0.0250534 0.0210058 0.0195803 0.0157223 0.00468354 1.03027e-05 0 
0 0 0.0043215 0.00765588 0.00449994 0.00288431 0.00291589 0.0042954 0.00967571 0.0173747 0.020992 0.020138 0.0221016 0.0270939 0.0226552 0.0221501 0.0171474 0.0245548 0.0226926 0.0231619 0.0227723 0.023806 0.0234157 0.0299433 0.0314077 0.0239458 0.0218059 0.0178941 0.0163595 0.00980991 0.013773 0.02204 0.0241628 0.0188811 0.0216321 0.0252819 0.0262735 0.0202563 0.0327906 0.0356615 0.0299583 0.0203744 0.0187875 0.0129792 0.0185211 0.0257264 0.0259968 0.0259508 0.0222133 0.0206479 0.0201102 0.0195844 0.0202703 0.0144765 0.00608649 0.00660546 0.0150663 0.0166391 0.0215811 0.021729 0.0229276 0.0269198 0.0196258 0.0164272 0.0207523 0.0193777 0.00719966 0.00065742 0 
0 0 0.00335558 0.00387131 0.0025074 0.00178796 0.00261021 0.0007842 0.00268738 0.00956439 0.0122227 0.0162784 0.0170783 0.0233399 0.0238975 0.0256331 0.0201788 0.0261155 0.0272468 0.0183933 0.023451 0.0246331 0.0235921 0.0354005 0.0344814 0.0310592 0.0189537 0.0225355 0.0161146 0.00781964 0.0143738 0.0234816 0.0254232 0.0266631 0.0262338 0.0278975 0.0317076 0.0218076 0.0558313 0.085576 0.0296294 0.0200288 0.019036 0.0139908 0.0205472 0.0253263 0.0258389 0.0232543 0.0270704 0.0241933 0.0222796 0.0141803 0.0148494 0.0152314 0.0125995 0.014713 0.0175322 0.0236302 0.0253389 0.0199121 0.0263383 0.0266221 0.0216369 0.0218296 0.0212937 0.0176639 0.0105959 0.00402472 0.000196084 
0 0.000573827 0.00495991 0.00450738 0.00190929 0.00232199 0.00407646 0.00162985 0.00384265 0.00961445 0.0115236 0.0136333 0.0143112 0.014014 0.0225949 0.022527 0.0288865 0.0216964 0.0162939 0.0183969 0.0258462 0.026145 0.0254821 0.0241486 0.0237338 0.025238 0.0171902 0.0209153 0.0224824 0.0137206 0.0189929 0.0167251 0.0256846 0.0304053 0.0343434 0.0268828 0.0253104 0.0274256 0.0441641 0.0574441 0.0243497 0.0268896 0.0190869 0.0153908 0.0170398 0.0194514 0.0250145 0.0288818 0.0233979 0.0161668 0.0169311 0.0198294 0.0208994 0.0122842 0.0162698 0.0187577 0.0164448 0.0352383 0.0466117 0.0277511 0.0296702 0.0180149 0.0174494 0.0251667 0.0264927 0.0214742 0.0159223 0.00975781 0.00128214 
0 0.00136172 0.0079541 0.00367408 0.00284077 0.00337531 0.00458086 0.00390159 0.0109256 0.0144046 0.0147573 0.0123707 0.0141621 0.0237222 0.0222096 0.0225367 0.0200163 0.0236127 0.0168775 0.0179119 0.0213595 0.025026 0.0268131 0.0199182 0.0188548 0.0197165 0.0154507 0.012056 0.0196566 0.0213747 0.0195839 0.015109 0.0173225 0.0255618 0.0222932 0.0224894 0.0224525 0.0231993 0.02572 0.024502 0.0240413 0.0238822 0.0266777 0.0216633 0.0207108 0.0161971 0.0210245 0.0214294 0.015979 0.0129257 0.0124848 0.0184749 0.0178127 0.00672901 0.00677037 0.0203128 0.019712 0.0260703 0.0464519 0.0306008 0.0376654 0.0249545 0.025574 0.026631 0.0222465 0.0246811 0.0215976 0.0103959 0.0023171 
0 0.00106543 0.00600597 0.00608104 0.00376828 0.00741876 0.00868259 0.00835413 0.0132274 0.0192832 0.0192599 0.0161619 0.0177785 0.0224399 0.0243927 0.0245776 0.0197622 0.0218363 0.0164072 0.0121283 0.0168213 0.0222293 0.0270958 0.026099 0.0180657 0.0199191 0.0142598 0.0149155 0.018329 0.0155382 0.0192607 0.0189492 0.0118963 0.0189488 0.018869 0.0195944 0.0209687 0.0283869 0.022066 0.0232675 0.0269198 0.0224625 0.0346434 0.0208262 0.0150986 0.0206244 0.0243787 0.0223078 0.0116629 0.0111824 0.0177048 0.0159655 0.0156351 0.012795 0.0224443 0.0234073 0.0231783 0.0228964 0.0245344 0.0346805 0.0511734 0.0431918 0.0288852 0.0245107 0.0270022 0.0217703 0.0208974 0.0132873 0.00104293 
0 0.000498841 0.00184107 0.00174935 0.00376618 0.0098043 0.0113132 0.00785246 0.0148244 0.0188379 0.0176545 0.0160332 0.0166649 0.0206024 0.0174489 0.0204145 0.0229763 0.0239833 0.0178224 0.0155409 0.0136993 0.0215806 0.0243572 0.0235139 0.0165104 0.0146536 0.0170444 0.0216649 0.0189487 0.0144099 0.0205859 0.0202752 0.0175398 0.0189247 0.0178635 0.0123196 0.0209655 0.0250372 0.0210912 0.0278037 0.020331 0.0185626 0.0215556 0.0178448 0.0161906 0.0229924 0.0243931 0.0215226 0.0177208 0.0110742 0.0184069 0.0223687 0.0194059 0.0217426 0.0219334 0.0210592 0.0188298 0.0274393 0.0216435 0.0326978 0.0762031 0.0649648 0.0261989 0.0218885 0.0244818 0.0190114 0.0112368 0.00334891 4.07427e-05 
0 1.84053e-05 0.000318089 0.000115568 0.00469577 0.0111188 0.0118096 0.0142214 0.0120327 0.0159172 0.0175204 0.0158047 0.0232109 0.0245415 0.0163856 0.0165713 0.0246588 0.0235827 0.0191386 0.0139375 0.0159929 0.021388 0.0184035 0.0181142 0.0152077 0.0134327 0.0167069 0.0228831 0.0230229 0.0184078 0.0216216 0.023708 0.024049 0.02125 0.0112531 0.0106053 0.019726 0.0189285 0.0216667 0.0324296 0.0234487 0.0205083 0.016033 0.012065 0.0106172 0.0190798 0.0236869 0.0244129 0.0247442 0.0169239 0.0222355 0.0234807 0.0237043 0.0267052 0.0216511 0.0187187 0.0218228 0.0265419 0.0199226 0.0197097 0.032288 0.0322298 0.0180798 0.0189042 0.0171467 0.0111235 0.00665243 0.00027785 0 
0 0 2.94825e-06 0.00153111 0.00611783 0.0113954 0.00996852 0.0202741 0.0162137 0.0167555 0.0162895 0.0159239 0.0195629 0.022822 0.0265762 0.01977 0.0208699 0.0191712 0.0186138 0.0173721 0.0160639 0.0180053 0.0263211 0.0231894 0.0143461 0.0132797 0.0162603 0.0220856 0.0239475 0.0283477 0.0250214 0.0252099 0.02675 0.021458 0.0195625 0.0181394 0.0164339 0.0147192 0.0182875 0.0317799 0.0225814 0.0209252 0.0180161 0.0126726 0.0125395 0.0217683 0.0215716 0.0246686 0.0267131 0.0189503 0.019859 0.0206906 0.0205139 0.0208352 0.0208594 0.0169953 0.0138042 0.022156 0.0179191 0.0194638 0.0157697 0.0174815 0.017445 0.0200993 0.0201769 0.0119096 0.0024682 0.00033379 0.00112491 
0.000230011 0 0.000127068 0.00377927 0.00702553 0.00389945 0.00791814 0.0256214 0.0242128 0.0246298 0.0173824 0.0150005 0.0174948 0.0226137 0.021971 0.0260562 0.0189122 0.0177576 0.0222553 0.0243184 0.0175046 0.0235202 0.0241921 0.0231007 0.0214829 0.0181704 0.0236534 0.0248083 0.0176454 0.0214945 0.0150164 0.0178697 0.025394 0.0214776 0.0165944 0.0165653 0.0173164 0.0122281 0.0192465 0.0300042 0.0268221 0.0236268 0.0187016 0.0148156 0.0187629 0.0172429 0.019525 0.0257588 0.023351 0.0240679 0.0182818 0.0218077 0.0153217 0.0218035 0.0150066 0.0142602 0.0131387 0.0143055 0.015192 0.0199682 0.0164862 0.016457 0.018824 0.0190831 0.0246323 0.0125846 0.00478431 0.0135291 0.0084428 
0.000520414 0 7.0291e-05 0.00101898 0.00187058 0.000647312 0.00566096 0.0200291 0.0291901 0.0282397 0.0189315 0.0159565 0.0156243 0.0147099 0.0136827 0.0181033 0.02093 0.0218806 0.0204685 0.0269095 0.017254 0.0249763 0.0224763 0.0273757 0.0291384 0.0238572 0.0232679 0.0189489 0.016224 0.0137799 0.0188512 0.0260884 0.0299982 0.0364544 0.0212692 0.0197163 0.0165008 0.0150672 0.0220394 0.0292962 0.0337476 0.0242749 0.0188768 0.0176036 0.0192114 0.0216326 0.022561 0.0232289 0.0224634 0.0262028 0.0169959 0.0151682 0.0162172 0.0250768 0.0185116 0.0198992 0.0165652 0.0189098 0.0159587 0.0165365 0.0179824 0.0174978 0.0183102 0.0197708 0.0233748 0.0129854 0.0210909 0.0316964 0.0122472 
0.000629734 0.00015405 0.00164309 0.00947515 0.0115172 0.00989154 0.014564 0.0192381 0.0283275 0.0261602 0.0182545 0.0140622 0.0182737 0.0136101 0.0122541 0.0158439 0.0189794 0.0193258 0.021255 0.0232664 0.0259398 0.0293201 0.0259729 0.0226923 0.0263778 0.0169234 0.0192973 0.0222616 0.0244755 0.0235609 0.0269264 0.0342883 0.0338388 0.0292737 0.0209428 0.0319772 0.031295 0.0219197 0.0205686 0.0232913 0.0249911 0.0211183 0.0230837 0.0227383 0.0207611 0.0290848 0.0234911 0.0196845 0.0234973 0.0267726 0.018939 0.0148348 0.0195624 0.0367333 0.0257791 0.0220755 0.0189218 0.0276984 0.0182864 0.017626 0.0169652 0.0186023 0.0212617 0.0173004 0.0178931 0.0156126 0.0499041 0.055162 0.00916281 
0.000368728 0.000185475 0.00229089 0.0114331 0.0162229 0.0185409 0.0194161 0.0204584 0.0272571 0.0239967 0.0203428 0.0188531 0.022502 0.02063 0.0177012 0.0179969 0.0188296 0.0216695 0.0235224 0.0259319 0.0300331 0.0240096 0.0248251 0.0315495 0.025931 0.0209954 0.0225724 0.027005 0.0310995 0.0342358 0.0243615 0.0249166 0.0213659 0.02107 0.0267885 0.0567483 0.0467342 0.0256087 0.0236271 0.0207692 0.0214869 0.0224247 0.0202106 0.0241517 0.0330087 0.0326005 0.0187582 0.0248687 0.0198046 0.017359 0.0174513 0.0156825 0.0185199 0.028849 0.0323692 0.0237685 0.0183847 0.021762 0.0188805 0.0244433 0.0237865 0.0278663 0.0277474 0.0252314 0.0171262 0.0261136 0.0655514 0.0500976 0.00662967 
0.000239379 0 0.000522021 0.00200994 0.00729054 0.0109852 0.0179649 0.0197426 0.0237549 0.0194764 0.0175296 0.0217861 0.025281 0.0190065 0.0203107 0.0223687 0.0250103 0.0200639 0.0226341 0.0241265 0.0339311 0.0447743 0.0259111 0.0249751 0.0249734 0.0205061 0.0164663 0.0230079 0.0293357 0.0241013 0.0205129 0.0209217 0.0221107 0.0390132 0.0674363 0.0532101 0.0261026 0.0203967 0.0174893 0.0168185 0.0203815 0.0154613 0.0263523 0.0223474 0.0268661 0.0273259 0.0205167 0.0257843 0.0217134 0.0199383 0.0121057 0.0148767 0.0186446 0.0226106 0.0249256 0.0215265 0.0197109 0.0162533 0.0155505 0.0238624 0.0308752 0.0220724 0.0192771 0.0234968 0.0176353 0.0258389 0.044038 0.0288234 0.00500202 
4.98574e-05 1.3877e-05 0.000668842 0.00598517 0.0109833 0.0148674 0.0186484 0.0194244 0.0213241 0.0221711 0.0192486 0.0202301 0.026849 0.0267895 0.0216938 0.0150965 0.0223712 0.0217136 0.0216062 0.0201862 0.0293854 0.0448588 0.0321407 0.0217777 0.0262968 0.0180038 0.0156563 0.0200323 0.0201478 0.0199156 0.0165348 0.0156775 0.0352368 0.0603248 0.0310707 0.0172115 0.0211132 0.0110903 0.00636254 0.0115001 0.0198193 0.0244042 0.0270546 0.0181207 0.026239 0.0256174 0.0224552 0.0243062 0.0230834 0.0227684 0.0120245 0.0160993 0.0290379 0.0292777 0.0216861 0.0211981 0.0193861 0.0194316 0.0179321 0.02282 0.0361056 0.0296392 0.0248413 0.0217682 0.0191443 0.0148916 0.0203203 0.0152652 0.00491967 
1.69691e-05 0.00138174 0.00624964 0.00912185 0.0156287 0.0210721 0.0226749 0.0199289 0.0193947 0.0277358 0.0217196 0.0231597 0.0288134 0.0186158 0.0176941 0.0168811 0.0201327 0.0176492 0.0158002 0.0174617 0.0190555 0.0228722 0.0212341 0.0179274 0.0219746 0.0245386 0.0229979 0.0232593 0.0172728 0.0161266 0.0164561 0.015369 0.0409662 0.045259 0.0191418 0.0188463 0.0161031 0.0143298 0.0124195 0.0185151 0.0304057 0.0312939 0.0288233 0.0256572 0.024289 0.0202598 0.0243614 0.0178146 0.0248064 0.0334162 0.0246059 0.0180669 0.0259652 0.0280559 0.0211369 0.0171076 0.0233633 0.0279225 0.0215549 0.0264823 0.0346675 0.0339638 0.0304801 0.020917 0.0146169 0.0157178 0.0169083 0.0130846 0.000946629 
0 0.00417476 0.00749225 0.0129331 0.0182144 0.0159443 0.0139284 0.0136048 0.0206192 0.0280185 0.0246543 0.0297259 0.0249668 0.0185478 0.0179941 0.0194593 0.0199315 0.0153763 0.0158903 0.0183157 0.0214621 0.0216435 0.0232308 0.0279338 0.0204401 0.0180454 0.0327822 0.0292848 0.0209789 0.0180073 0.0227625 0.0234119 0.050195 0.0348627 0.0213001 0.0174506 0.011112 0.0143403 0.0237981 0.0296869 0.0340926 0.0315843 0.0239044 0.0266206 0.0239754 0.0263127 0.0252361 0.0211702 0.0274371 0.0276659 0.0285004 0.0246802 0.0253174 0.0240978 0.0205575 0.0209646 0.022566 0.0265825 0.0248653 0.0262048 0.0339029 0.033308 0.026735 0.0235769 0.019623 0.0227983 0.0227173 0.0203548 0.00303267 
0 0.0049062 0.0110715 0.0175153 0.0180803 0.00743215 0.00582867 0.00674715 0.0189932 0.0246831 0.0325057 0.0307386 0.0245812 0.018802 0.0199329 0.0199379 0.0214583 0.0223566 0.0271683 0.0210992 0.0326966 0.0335883 0.0235707 0.0256575 0.0212515 0.0238972 0.0296352 0.0278182 0.030405 0.0271333 0.0309563 0.0286056 0.0618076 0.0280591 0.0239084 0.0224868 0.023644 0.0227234 0.0223557 0.0198132 0.0249925 0.0253759 0.033694 0.0337872 0.0301305 0.027839 0.0247851 0.0279755 0.0244145 0.029186 0.0256447 0.025048 0.0200842 0.0186393 0.0221501 0.020012 0.0213635 0.0287557 0.0289446 0.0268451 0.0264194 0.0353172 0.0186899 0.0166752 0.0259188 0.0192806 0.0170105 0.0193042 0.00387382 
0 0.00486952 0.012441 0.0177148 0.0214826 0.0099496 0.00209405 0.00596595 0.0216576 0.0312808 0.0356642 0.0264432 0.0258784 0.0173759 0.0181953 0.0232108 0.0252889 0.0304792 0.0286504 0.0271299 0.0284572 0.0246908 0.027574 0.0200207 0.0230508 0.0279674 0.0273432 0.0352624 0.0230397 0.0217534 0.0208316 0.0237566 0.0373541 0.028069 0.0283679 0.0323949 0.0323776 0.0310519 0.0249049 0.023864 0.0251803 0.0198183 0.0320152 0.0309197 0.0389069 0.0350929 0.0190421 0.020704 0.0135166 0.0268068 0.0218059 0.0200491 0.0190343 0.0152774 0.0140262 0.0198204 0.0249287 0.0205681 0.0217101 0.0215727 0.0175229 0.0247449 0.0197718 0.0178835 0.0219066 0.0197164 0.0161533 0.00933964 0.00199093 
0 0.00152264 0.00849385 0.0190919 0.0170483 0.00630941 0.00094733 0.0131197 0.0264693 0.0283482 0.0312176 0.0244001 0.0257993 0.0201791 0.0204947 0.0297244 0.0261366 0.028126 0.0212612 0.0208286 0.0292404 0.0227628 0.021689 0.021959 0.0245933 0.0285963 0.0259559 0.0194145 0.017511 0.0188653 0.0169067 0.024343 0.0310899 0.0269267 0.036552 0.0332347 0.0358071 0.0271369 0.0272013 0.0287465 0.0281568 0.0189404 0.028196 0.0337686 0.0463729 0.0343698 0.0154452 0.0177485 0.0177766 0.023895 0.0141289 0.0145629 0.0132745 0.0154283 0.0191204 0.0214067 0.0173311 0.0212297 0.0248462 0.0194502 0.0195836 0.0159642 0.0144336 0.00857082 0.0145857 0.0161968 0.0139417 0.00497585 0.00104393 
0 0.000205224 0.00400323 0.0135797 0.0170473 0.00963821 0.00435317 0.0204199 0.0346569 0.028328 0.0248621 0.0177926 0.021965 0.0174027 0.0162194 0.0272046 0.0223912 0.017811 0.0212638 0.0206972 0.0204754 0.0265244 0.0248371 0.0244249 0.0188881 0.0163572 0.0232381 0.0137489 0.0182167 0.0201483 0.0220077 0.0376643 0.0339505 0.0263381 0.0333021 0.0363459 0.0340323 0.0212796 0.029772 0.0322269 0.0265162 0.0219932 0.0315585 0.033215 0.0352267 0.0273202 0.0123126 0.0111397 0.0147177 0.014256 0.0119682 0.0173174 0.0117148 0.0101256 0.0168344 0.0232676 0.0250937 0.0233838 0.0229766 0.0253588 0.0170447 0.00785433 0.0102737 0.00877901 0.00685942 0.0137267 0.0156399 0.00464287 0.000231477 
0 0.000115655 0.00422039 0.0101082 0.0193216 0.0179042 0.00940036 0.0166435 0.0257349 0.0218752 0.0289426 0.0136791 0.0103112 0.00893077 0.00942447 0.0121522 0.015201 0.0155993 0.0197287 0.0253581 0.0227522 0.0203252 0.0193117 0.0255731 0.0171501 0.0124735 0.0200072 0.0190929 0.0220969 0.0188889 0.03228 0.0353813 0.0283477 0.0291823 0.0313918 0.0358725 0.0314038 0.0231217 0.02509 0.0422416 0.0368904 0.0336954 0.0324603 0.02991 0.0321362 0.0253438 0.0115321 0.00920282 0.0162321 0.0199268 0.0178463 0.0135304 0.0100585 0.0106216 0.0223136 0.0193841 0.0201266 0.0228875 0.023951 0.0250785 0.0254027 0.014367 0.0102683 0.00859571 0.0088995 0.00827973 0.0102861 0.00240899 0 
0 0 0.00247939 0.0160678 0.0171739 0.0133847 0.0119035 0.0130436 0.0247166 0.0188925 0.0108707 0.00598779 0.00421394 0.00524163 0.00809842 0.0092087 0.0100282 0.00890317 0.0118192 0.0136881 0.0166209 0.0198277 0.0192419 0.02398 0.023783 0.0153961 0.0206545 0.0367159 0.0677308 0.0561742 0.0603055 0.0254943 0.0261843 0.0312644 0.0273321 0.027878 0.0312143 0.0253212 0.0279022 0.0353238 0.0284848 0.0343807 0.0312443 0.0282231 0.0230495 0.0215409 0.00983375 0.0122323 0.0201014 0.0336679 0.035321 0.00851755 0.00915033 0.0126303 0.0146143 0.0190174 0.0208412 0.0168664 0.0254382 0.0306651 0.0264518 0.0226055 0.00984934 0.00924819 0.00844722 0.00649512 0.00463029 0.00276233 0 
0 0 0.000440946 0.00977438 0.0120793 0.0168331 0.0139851 0.00871162 0.0115636 0.00905442 0.00763936 0.021141 0.010331 0.00655709 0.00599347 0.00726576 0.00956152 0.00504096 0.0057213 0.00815647 0.00755981 0.0149093 0.0246429 0.0265382 0.0275488 0.0198801 0.0154945 0.0249407 0.0583634 0.0488545 0.0474853 0.0198831 0.0215351 0.0327703 0.0355638 0.0323124 0.0247045 0.0243003 0.0205598 0.0285439 0.034342 0.0346708 0.0311083 0.0264127 0.0245488 0.0198774 0.011088 0.0102266 0.015123 0.0278724 0.046951 0.0166204 0.0108664 0.0142015 0.0126253 0.0131313 0.016306 0.0155638 0.0168707 0.0139884 0.0188075 0.0223154 0.0104823 0.00706444 0.0049731 0.00274166 0.00333366 0.000189177 0 
0 0 2.09511e-06 0.00351007 0.0127044 0.0152314 0.0103826 0.00657307 0.00591438 0.0107166 0.0174994 0.0327149 0.00892334 0.00575049 0.00684343 0.00822576 0.00716115 0.00812644 0.00724379 0.00844116 0.00665789 0.00511049 0.0125173 0.0193668 0.0221088 0.0201477 0.0104942 0.0114011 0.0214739 0.0351814 0.0303599 0.029182 0.0260259 0.0296095 0.0599781 0.0362961 0.0257303 0.0212089 0.0214083 0.0264758 0.0402023 0.0348184 0.030183 0.0223664 0.023079 0.0152855 0.0110636 0.00710045 0.010694 0.0229742 0.0337157 0.0226042 0.0165749 0.0166093 0.0157976 0.0144879 0.0173815 0.0344383 0.0297468 0.0149513 0.0139002 0.0228192 0.00767525 0.00187439 0.000850891 0.0021876 0.000849951 2.98872e-05 0 
0 0 0 0.000575693 0.00628533 0.0136317 0.00942031 0.00317966 0.00367311 0.0092482 0.0142229 0.0100435 0.00500464 0.0057685 0.00965534 0.0103097 0.00979587 0.009529 0.00625711 0.00389291 0.00549868 0.00384461 0.00419758 0.0133536 0.0208112 0.0261793 0.0139535 0.0152736 0.0408843 0.041057 0.0305364 0.0330594 0.0326297 0.0313192 0.0404935 0.0304981 0.030698 0.0294553 0.029695 0.0377177 0.043353 0.0423292 0.033492 0.0296191 0.0293724 0.0253007 0.0104732 0.00759371 0.0125335 0.0176022 0.0222428 0.0193874 0.0267671 0.0223786 0.0194118 0.0166173 0.0197001 0.0409752 0.0393812 0.0171714 0.0176189 0.0234215 0.0121435 0.00177167 0.000131376 0.000814128 6.05951e-05 0 0 
0 0 0 0 0.00281347 0.0101065 0.00738951 0.00793082 0.00467762 0.00511578 0.0100992 0.00506886 0.00253945 0.00847189 0.0115287 0.0117794 0.0102715 0.0130005 0.00673601 0.0080032 0.00920842 0.00518539 0.00354936 0.0136261 0.0180853 0.0209092 0.0122523 0.00505084 0.0129765 0.0197265 0.0303092 0.0350801 0.042396 0.0462352 0.0450159 0.04033 0.0332181 0.0347281 0.0405732 0.0492689 0.055538 0.0359884 0.0343928 0.0338552 0.0323099 0.0332186 0.0280704 0.0219814 0.0292737 0.0265703 0.0291401 0.0337932 0.0287164 0.0294566 0.0289673 0.0205919 0.0180506 0.0305245 0.0311326 0.0151058 0.0160892 0.0192198 0.0124224 0.00239844 1.77972e-06 0 0 0 0 
0 0 0 0 0.000951258 0.00625953 0.00748756 0.00838564 0.00831653 0.0121804 0.0137586 0.00251587 8.20279e-05 0.00313072 0.00455454 0.00506794 0.00793599 0.0229755 0.0282263 0.0180623 0.0222508 0.0145372 0.0104007 0.0130205 0.0222177 0.0217103 0.0179179 0.00806524 0.00828124 0.00939163 0.0170732 0.023669 0.0409531 0.0549822 0.0499395 0.0324466 0.0297197 0.0354124 0.0355624 0.0524891 0.0640251 0.0341708 0.0262096 0.0312564 0.0250069 0.0295658 0.0317869 0.0370915 0.0511508 0.0330657 0.0328587 0.0296582 0.0314886 0.0322017 0.0320767 0.0258071 0.0176312 0.0214014 0.0256272 0.01842 0.012077 0.0122441 0.00929656 0.00301647 0.000323721 0 0 0 0 
0 0 0 0 0.000346059 0.00404563 0.00883104 0.00638895 0.00808268 0.0105088 0.00765836 0.00108678 0 1.0649e-05 0.00383265 0.00896032 0.00944792 0.0328541 0.0251018 0.0197895 0.0213849 0.0199822 0.0182526 0.0179602 0.0205999 0.0171604 0.019928 0.0196801 0.0162373 0.0119994 0.0130324 0.0182131 0.0188559 0.0296018 0.0361282 0.0275846 0.0286453 0.0302151 0.0333006 0.0407505 0.0695848 0.0372681 0.0263755 0.0358392 0.0368146 0.039641 0.0371412 0.0361934 0.0423493 0.0352409 0.0227527 0.0330627 0.0255688 0.0299038 0.032047 0.0299897 0.0181731 0.0218811 0.0199996 0.0107941 0.00862469 0.0073508 0.00758774 0.00233608 0.000182508 0 0 0 0 
0 0 0 0 0 0.000752081 0.00450063 0.0140977 0.0168818 0.010751 0.00458662 0.00475885 0.000209023 1.1335e-05 0.00376176 0.00829289 0.00451059 0.00787365 0.0143228 0.0222015 0.0197446 0.0206367 0.0152528 0.0137224 0.0200208 0.0217849 0.0258665 0.0241603 0.0172929 0.0139488 0.0114833 0.0189067 0.0202854 0.0190756 0.0247168 0.03235 0.0322681 0.0202308 0.0286381 0.0445642 0.0683263 0.0430519 0.0331308 0.0317075 0.0318087 0.0441131 0.0527705 0.0489275 0.0338335 0.0253528 0.0265331 0.0350956 0.0243944 0.0293335 0.0317698 0.0331562 0.0189499 0.023908 0.0206739 0.0114336 0.00775753 0.00417081 0.00381724 0.000852805 0 0 0 0 0 
0 0 0 0 0 0 0.00226009 0.00828536 0.0141427 0.0128393 0.0198585 0.0181553 0.00106891 0 0.00060496 0.00154924 0.00370291 0.00207927 0.00618418 0.0218744 0.0205563 0.0151413 0.0183889 0.0240869 0.0181125 0.0211872 0.026169 0.0274883 0.0224725 0.0215133 0.0147056 0.0187606 0.0217661 0.0217672 0.0209648 0.0337327 0.0356293 0.0267817 0.0223766 0.040222 0.0601623 0.0323618 0.0242034 0.0221743 0.0234201 0.0323455 0.0404281 0.0339234 0.026357 0.0281779 0.0356539 0.0283875 0.0275279 0.0301843 0.0364794 0.0365953 0.021173 0.024696 0.0190919 0.0126922 0.00486331 0.00211301 0.00216581 0.000595075 0 0 0 0 0 
0 0 0 0 0 0 0.000301902 0.0032851 0.0087611 0.0154055 0.0177215 0.0141718 0.00188109 0.000135437 0.00213144 0.00455235 0.00524053 0.00641207 0.0142174 0.0250721 0.0212594 0.0176621 0.0228864 0.0223576 0.0194464 0.018287 0.024673 0.0402833 0.0539565 0.0241965 0.0120822 0.0143717 0.0184096 0.0191684 0.0278828 0.0325156 0.0367578 0.0392103 0.0336053 0.0294693 0.0337171 0.0318996 0.0198776 0.0224638 0.028934 0.0460516 0.0356788 0.0341629 0.03166 0.0259758 0.0257147 0.0323459 0.0304709 0.0334276 0.0306509 0.0326424 0.0221886 0.0205854 0.0138305 0.0172081 0.011359 0.00344233 0.00137784 2.68376e-05 0 0 0 0 0 
0 0 0 0 0 0 0 0.000757453 0.00274437 0.00880519 0.0106365 0.00511937 0.000381438 0.00166154 0.00905106 0.011851 0.0161862 0.0189724 0.0193405 0.016539 0.0192238 0.017903 0.0182307 0.0180192 0.0192565 0.0175624 0.026959 0.0438996 0.0413621 0.0141595 0.0123604 0.0143829 0.0208778 0.0315423 0.0312048 0.030164 0.029198 0.0343732 0.0296735 0.0385231 0.0479602 0.0335717 0.0278485 0.0273835 0.0263066 0.0334337 0.0316813 0.0376417 0.0242813 0.0143816 0.0202436 0.0270782 0.0262653 0.02337 0.0271296 0.0276128 0.0196074 0.0128603 0.0112384 0.0157887 0.00664931 0.00124576 0.000556488 0 0 0 0 0 0 
0 0 0 0 0 0 0 2.32889e-05 0.000370547 0.000869773 0.00265609 0.000564955 0.000874852 0.010324 0.0194869 0.0164496 0.0161751 0.017781 0.0138746 0.0153602 0.0188761 0.0180524 0.0175689 0.0122112 0.0182876 0.0220501 0.030341 0.0368541 0.0326408 0.0269663 0.0170941 0.0100388 0.0217058 0.0305165 0.0291358 0.0441085 0.0293166 0.0296401 0.0401194 0.0369478 0.0384958 0.030615 0.0260408 0.0256693 0.0234227 0.0260142 0.035637 0.0326457 0.0188668 0.0202463 0.0238228 0.0225648 0.0317069 0.0322738 0.0310461 0.0231186 0.0218561 0.0252106 0.0201289 0.012323 0.0041942 0.00204341 3.1238e-06 0 0 0 0 0 0 
0 0 0 0 0 0 0 0 0 0 0 0.000129525 0.00568297 0.0185907 0.0222059 0.0174372 0.0204656 0.0166899 0.0189357 0.0213856 0.0236616 0.0195362 0.0188575 0.00804024 0.0149913 0.0280812 0.0272073 0.0255321 0.02526 0.0427244 0.0349725 0.0311276 0.0329611 0.0279982 0.031476 0.0354795 0.0298746 0.0222746 0.0216406 0.0236473 0.0311266 0.0313911 0.0288893 0.0309737 0.0315922 0.027234 0.0361751 0.0439834 0.0302924 0.0174537 0.0145585 0.0153965 0.0291645 0.040515 0.0332514 0.032264 0.0377262 0.0451563 0.030348 0.0139854 0.00227967 3.25722e-05 0 0 0 0 0 0 0 
0 0 0 0 0 0 0 0 0 0 0 0.000439132 0.0113362 0.0271115 0.0249731 0.0216708 0.0174977 0.0281393 0.0263781 0.0275129 0.0243942 0.0232273 0.02507 0.00824838 0.0230157 0.0280568 0.0269557 0.0224192 0.0248501 0.031465 0.0277294 0.0215316 0.0238107 0.0293045 0.0417756 0.0408214 0.0390251 0.0352346 0.027763 0.03324 0.0304203 0.0425462 0.0393975 0.0298499 0.0306477 0.0269925 0.0238674 0.0363568 0.0320989 0.0170253 0.0092783 0.0112362 0.017599 0.027475 0.0301637 0.0300958 0.0382738 0.0387335 0.0254903 0.00649082 0.000270638 0 0 0 0 0 0 0 0 
0 0 0 0 0 0 0 0 0 0 0 0.000555918 0.012191 0.0297596 0.0285735 0.0152853 0.0158907 0.0213629 0.0227309 0.0189489 0.0214682 0.0226217 0.0258087 0.0240354 0.0223849 0.0251337 0.0313679 0.0356191 0.0329795 0.0320902 0.0343387 0.0319809 0.0314843 0.0287611 0.0373853 0.0375732 0.0322515 0.0340733 0.0334561 0.031706 0.0358362 0.0414498 0.0405158 0.0361387 0.0324463 0.0253416 0.0252858 0.0306978 0.0291546 0.0218861 0.00466013 0.0052244 0.0160156 0.0223516 0.0240602 0.0233547 0.0263214 0.0153174 0.00708821 0.000438434 0 0 0 0 0 0 0 0 0 
0 0 0 0 0 0 0 0 0 0 0 5.25421e-05 0.0019683 0.014362 0.0245742 0.011888 0.010172 0.011498 0.0218177 0.0233439 0.017192 0.0230585 0.0236567 0.0169569 0.0149893 0.021489 0.0300254 0.0354545 0.0299999 0.0301039 0.0361765 0.0268205 0.02428 0.0250756 0.0450277 0.0359244 0.0246864 0.0360154 0.0288419 0.0274134 0.032093 0.0331168 0.0333889 0.0316715 0.0264696 0.0257861 0.0166897 0.0165629 0.0303253 0.0200307 0.0049518 0.00327107 0.0157492 0.029252 0.0301153 0.0137422 0.00970097 0.00519871 0.000521915 0 0 0 0 0 0 0 0 0 0 
0 0 0 0 0 0 0 0 0 0 0 0 0 0.000620588 0.00300512 0.00148202 0.00413174 0.0144745 0.0200951 0.0208713 0.0177114 0.0214784 0.0220262 0.0213072 0.0182885 0.0257857 0.022448 0.0243072 0.0181047 0.0298536 0.0446622 0.0422189 0.0294667 0.0248895 0.031642 0.0252987 0.0239029 0.0278452 0.0281062 0.0303872 0.0256591 0.0193423 0.0181679 0.0270008 0.0415336 0.0279687 0.0160183 0.013902 0.0231486 0.0182366 0.00953388 0.00611742 0.0182385 0.024262 0.012145 0.00640284 0.00118955 5.78416e-05 0 0 0 0 0 0 0 0 0 0 0 
0 0 0 0 0 0 0 0 0 0 0 0 0 0 0 0.000567068 0.00327388 0.00581519 0.0103475 0.0222045 0.0183507 0.0206482 0.0320286 0.0190482 0.0172576 0.0174313 0.0229679 0.0271714 0.0226066 0.027108 0.0514641 0.0485119 0.0345895 0.0284458 0.0319304 0.0255637 0.0249365 0.0322936 0.0428128 0.0338932 0.0270587 0.0283505 0.0358522 0.0311807 0.0289841 0.0272307 0.0180367 0.0140252 0.0211258 0.0159199 0.0205668 0.00878096 0.00308131 0.0058464 0.000887975 5.01968e-05 8.13433e-07 0 0 0 0 0 0 0 0 0 0 0 0 
0 0 0 0 0 0 0 0 0 0 0 0 0 0 0 2.21608e-05 0.000519947 0.00110707 0.00558351 0.0180538 0.0223517 0.0257746 0.0306222 0.0207398 0.0180296 0.01557 0.0238524 0.0258314 0.0212642 0.0259651 0.0283049 0.0352778 0.034674 0.0233892 0.0292047 0.0294887 0.0272212 0.0342745 0.0359088 0.0381606 0.0514461 0.0568662 0.0439236 0.0267725 0.0195794 0.0202472 0.0201513 0.0179736 0.0146469 0.0176651 0.0156464 0.00496985 7.04014e-05 0 0 0 0 0 0 0 0 0 0 0 0 0 0 0 0 
0 0 0 0 0 0 0 0 0 0 0 0 0 0 0 0 0 0.000107802 0.00225184 0.00686874 0.0140707 0.0254043 0.0239305 0.0167552 0.0144686 0.00682085 0.0135735 0.0249589 0.029129 0.0247753 0.0247984 0.0237018 0.020517 0.0195868 0.0264381 0.0296216 0.0297928 0.0396709 0.0382231 0.0316927 0.0402484 0.037521 0.0245727 0.0133412 0.00650951 0.00816989 0.00905728 0.0125077 0.0100854 0.00610641 0.00349462 0.000138999 0 0 0 0 0 0 0 0 0 0 0 0 0 0 0 0 0 
0 0 0 0 0 0 0 0 0 0 0 0 0 0 0 0 0 0 5.01028e-05 0.000781085 0.00484777 0.0122831 0.00908814 0.00300265 0.0027344 0.00721976 0.011999 0.0182931 0.0310083 0.0196381 0.0217738 0.0271059 0.0342156 0.0316156 0.0327212 0.0277089 0.0233491 0.0294215 0.0378926 0.0290925 0.0272921 0.0334025 0.0297193 0.0206434 0.00286617 0.00405094 0.00154922 0.0035964 0.00447275 0.00042496 2.20721e-06 0 0 0 0 0 0 0 0 0 0 0 0 0 0 0 0 0 0 
0 0 0 0 0 0 0 0 0 0 0 0 0 0 0 0 0 0 0 0 3.22726e-06 8.75019e-05 1.09139e-05 6.34507e-05 0.00579169 0.0198328 0.0327708 0.0172852 0.0148643 0.0091556 0.0150267 0.0330308 0.0359252 0.030739 0.0261198 0.016588 0.0225748 0.0242815 0.0277873 0.0343909 0.0396269 0.0379205 0.0332516 0.0233975 0.00581753 0.00257254 0.000209759 2.12506e-05 0.000218293 7.5452e-05 0 0 0 0 0 0 0 0 0 0 0 0 0 0 0 0 0 0 0 
0 0 0 0 0 0 0 0 0 0 0 0 0 0 0 0 0 0 0 0 0 0 0 0.000109953 0.00131443 0.00338108 0.0137352 0.0103514 0.00279357 0.000735814 0.00175016 0.0114967 0.0106089 0.0063544 0.00744463 0.0118165 0.0182157 0.0226767 0.0200228 0.0341972 0.0379454 0.0377298 0.0279405 0.0126893 0.00580097 0.000351977 0 0 0 0 0 0 0 0 0 0 0 0 0 0 0 0 0 0 0 0 0 0 0 
0 0 0 0 0 0 0 0 0 0 0 0 0 0 0 0 0 0 0 0 0 0 0 0 0 7.10441e-05 0.00115067 0.00089909 1.02366e-06 0 4.65895e-06 0.000878646 0.00079824 4.85526e-05 0.000430258 0.00330016 0.0056412 0.00678864 0.00848422 0.009306 0.0123858 0.0085948 0.00614425 0.00107365 2.59255e-05 0 0 0 0 0 0 0 0 0 0 0 0 0 0 0 0 0 0 0 0 0 0 0 0 

