0 0 0 0 0 0 0 0 0 0 0 0 0 0 0 0 0 0 0 0 0 0 0 0 0 0 0 0 0 0 9.50708e-05 6.71869e-05 5.33811e-05 0 6.69798e-07 8.83703e-06 0 0 0 0 0 0 0 0 0 0 0 0 0 0 0 0 0 0 0 0 0 0 0 0 0 0 0 0 0 0 0 0 0 
0 0 0 0 0 0 0 0 0 0 0 0 0 0 0 0 0 0 0 0 0 0 0 0 0 0 0 0 0 0.000141183 0.00239287 0.00175538 0.00212375 0.00116704 0.00180258 0.0026379 0.00123896 0.000851702 0.0001352 0.000594529 0.000483925 0 0 0 0 0 0 0 0 0 0 0 0 0 0 0 0 0 0 0 0 0 0 0 0 0 0 0 0 
0 0 0 0 0 0 0 0 0 0 0 0 0 0 0 0 0 0 0 0 0 0 1.47077e-06 7.85651e-05 6.56656e-05 0.000216526 0.00022695 2.32687e-06 0 0.000423335 0.00379684 0.00664456 0.00549709 0.00601887 0.006829 0.00490746 0.00443115 0.00302848 0.00274548 0.00483343 0.00388433 0.00111718 0.00144947 0.00261151 0.000156475 0.00143032 0.00120378 9.45166e-05 9.02981e-07 0 0 0 0 0 0 0 0 0 0 0 0 0 0 0 0 0 0 0 0 
0 0 0 0 0 0 0 0 0 0 0 0 0 0 0 0 0 0 0 0 0 0 0.000878643 0.00210646 0.00198611 0.00425232 0.00275984 0.000105741 6.41843e-06 0.00235638 0.00736887 0.0106573 0.0134219 0.0114775 0.0096595 0.00833107 0.00435533 0.00389891 0.00700967 0.00851572 0.00613579 0.00772993 0.00711986 0.00784665 0.00334297 0.0110447 0.00997958 0.00511533 0.00133488 0.000323504 2.65913e-06 0 0 0 0 0 0 0 0 0 0 0 0 0 0 0 0 0 0 
0 0 0 0 0 0 0 0 0 0 0 0 0 0 0 0 0 0 0 0 1.88837e-05 0.00212347 0.00546649 0.00414656 0.00469806 0.00963237 0.00872338 0.00591368 0.00114231 0.00227488 0.0119698 0.0126321 0.0179969 0.0124116 0.00883884 0.00806406 0.00546334 0.00946465 0.00890473 0.0129797 0.0133385 0.016875 0.0168808 0.0114341 0.0158835 0.0201014 0.0169592 0.00896847 0.0066625 0.00465007 0.000895576 0.0002062 0 0 0 0 0 0 0 0 0 0 0 0 0 0 0 0 0 
0 0 0 0 0 0 0 0 0 0 0 0 0 0 0 0 0 0 0 0.000105747 0.00126516 0.0187095 0.025292 0.0174884 0.0149342 0.0164023 0.0114375 0.0126534 0.00523001 0.00206541 0.0076038 0.0118142 0.0151671 0.0163478 0.0130476 0.00985794 0.0131049 0.0123304 0.0131186 0.0162197 0.0170571 0.017857 0.0149764 0.0154189 0.0117151 0.0163947 0.0185397 0.0112782 0.00805708 0.0128513 0.00798314 0.00484454 0.00287446 0.000366094 0 0 0 0 0 0 0 0 0 0 0 0 0 0 0 
0 0 0 0 0 0 0 0 0 0 0 0 0 0 0 0.00024939 0.000401394 0.000156842 0.000517983 0.00177732 0.00841176 0.0209832 0.0259468 0.0226194 0.0241178 0.0168744 0.010925 0.0128947 0.00807512 0.00189923 0.00628031 0.00906727 0.0119091 0.0162832 0.0125112 0.0119131 0.00940699 0.0116592 0.00957525 0.0130052 0.0141083 0.0116777 0.0132444 0.0140898 0.00891877 0.0177039 0.012604 0.0180929 0.01137 0.0136572 0.0142063 0.0147525 0.0158128 0.00586073 0.00047676 0 0 0 0 0 0 0 0 0 0 0 0 0 0 
0 0 0 0 0 0 0 0 0 0 0 0 0 0 0.00124547 0.00420823 0.00556513 0.00543835 0.00502174 0.00907673 0.0187563 0.0259222 0.0207296 0.0242789 0.0221598 0.0175269 0.0132384 0.0107217 0.0129882 0.00661038 0.00471893 0.00343641 0.0092889 0.0173304 0.015347 0.0129602 0.0143823 0.0160269 0.00960606 0.0126515 0.0131401 0.0102417 0.0136141 0.0131274 0.0133942 0.020557 0.0186409 0.0193948 0.0176466 0.0168751 0.0183914 0.0185118 0.0152476 0.0102063 0.00409172 8.44871e-05 6.17828e-06 0 0 0 0 0 0 0 0 0 0 0 0 
0 0 0 0 0 0 0 0 0 0 0 0 0.000109646 0.00228699 0.0122755 0.0181819 0.0132321 0.0134424 0.0102576 0.010779 0.0167417 0.0184496 0.0202311 0.0191172 0.0204933 0.02912 0.0204823 0.0156078 0.0144409 0.0137003 0.00650186 0.00744268 0.00934626 0.0124835 0.0109447 0.0127713 0.0198615 0.0175802 0.0112116 0.0106792 0.00631266 0.00624142 0.0118742 0.0152339 0.0128258 0.0146807 0.0224889 0.0229614 0.0168015 0.0215589 0.0240086 0.0199437 0.0160625 0.0134952 0.00815276 0.00307355 0.00112726 0.00015198 0 0 0 0 0 0 0 0 0 0 0 
0 0 0 0 0 0 0 0 0 0 0 8.35426e-05 0.00235963 0.0151601 0.0291412 0.0291163 0.0230886 0.0202903 0.0154875 0.0137999 0.0198034 0.0174914 0.0205684 0.0200835 0.0298514 0.0372408 0.0225054 0.019189 0.0163284 0.0134132 0.0133759 0.00985239 0.00976742 0.0128211 0.0130229 0.0149386 0.0238958 0.0239588 0.0113104 0.00785056 0.00649721 0.0049645 0.0079959 0.0136894 0.0160141 0.0177393 0.0184317 0.0245719 0.0238016 0.0225373 0.0200145 0.0189697 0.0146293 0.010949 0.0121679 0.0111385 0.00785995 0.00241687 0.000106038 0 0 0 0 0 0 0 0 0 0 
0 0 0 0 0 0 0 0 0 0 0.00114283 0.00672641 0.0106326 0.0217252 0.0307022 0.0326271 0.0254012 0.0242795 0.0275935 0.0361768 0.0431832 0.0250551 0.020771 0.0208172 0.0232625 0.0262102 0.0247986 0.0269394 0.0247783 0.0173234 0.0144831 0.0138519 0.0120188 0.0187092 0.0170369 0.0142924 0.0277264 0.0160541 0.00773142 0.00939985 0.0108335 0.00701914 0.0100665 0.0225944 0.0260656 0.0313613 0.0245967 0.0219376 0.0229268 0.0188987 0.0203201 0.0162855 0.0147017 0.0138882 0.0169537 0.016545 0.01569 0.0086603 0.000844536 0 0 0 0 0 0 0 0 0 0 
0 0 0 0 0 0 0 0 0 0.000163311 0.00589898 0.023102 0.0273211 0.0301286 0.0289566 0.0248022 0.0211041 0.0179717 0.0269695 0.0347817 0.0359702 0.0315533 0.0282348 0.0268032 0.0242427 0.02132 0.0273772 0.0320392 0.0330203 0.0261024 0.0176316 0.016135 0.0225255 0.0209229 0.022209 0.0223442 0.0272028 0.0121876 0.0101407 0.0124696 0.00824846 0.00511715 0.0120243 0.0195268 0.0292046 0.0587971 0.0424032 0.0192571 0.0189523 0.0187604 0.0149506 0.0176899 0.016948 0.0188966 0.0181274 0.0146528 0.0165602 0.0141421 0.00193114 3.0267e-05 0 0 0 0 0 0 0 0 0 
0 0 0 0 0 0 0 0 0 0.000163178 0.00550411 0.0250429 0.0430424 0.0395499 0.0196218 0.0148484 0.0173099 0.0233567 0.0282191 0.0256833 0.0254399 0.0232901 0.0243783 0.0219474 0.0221409 0.0237832 0.0320561 0.0426844 0.0344359 0.0269672 0.0283991 0.0249359 0.0195559 0.0253798 0.0299914 0.0214014 0.0152481 0.0128047 0.0126461 0.0122809 0.0110576 0.0104671 0.0123277 0.0186246 0.0174646 0.0223244 0.0167769 0.0207692 0.0208996 0.024758 0.0110612 0.0160128 0.0165374 0.016495 0.0162039 0.0133304 0.0227047 0.0170229 0.00759629 0.0005732 0 0 0 0 0 0 0 0 0 
0 0 0 0 0 0 0 0 0 5.84484e-05 0.00245457 0.0109886 0.0245378 0.0263666 0.0168562 0.0192108 0.0246485 0.031134 0.0390807 0.0387079 0.0269978 0.0205207 0.0220808 0.0233892 0.0215477 0.0310142 0.0309862 0.0411571 0.0309512 0.0270042 0.020798 0.0205296 0.0191863 0.0132709 0.0189062 0.0141343 0.0155198 0.0143925 0.0172261 0.0182297 0.0133912 0.0100794 0.00887937 0.0179967 0.0191289 0.0199282 0.0186457 0.0236038 0.0223907 0.0168812 0.0190844 0.0223756 0.0260089 0.0191206 0.0137584 0.0131111 0.0188251 0.0177405 0.0102185 0.00279201 0 0 0 0 0 0 0 0 0 
0 0 0 0 0 0 0 0 7.35063e-05 0.000267946 0.000632151 0.00241053 0.00971051 0.0189648 0.0253645 0.0230193 0.0231648 0.0255858 0.0282921 0.0363341 0.0289955 0.0198112 0.0201619 0.0210839 0.021292 0.0246646 0.0285853 0.0286338 0.0203993 0.0188565 0.0182742 0.0191425 0.0191095 0.014405 0.018788 0.0179662 0.02233 0.0207482 0.0210278 0.0180544 0.0130687 0.0109069 0.0109165 0.014223 0.0201223 0.0189267 0.0200844 0.0225298 0.0195254 0.0164701 0.0205562 0.019788 0.0241029 0.0186934 0.0150172 0.0158183 0.0239228 0.0180768 0.00947571 0.00486357 0.000379493 0.000124383 0 0 0 0 0 0 0 
0 0 0 0 0 0 0.000133114 0.00142951 0.00184647 0.00382722 0.00370806 0.00495885 0.0101152 0.0157468 0.0269404 0.0246376 0.0205733 0.0208437 0.0218095 0.0332819 0.0256851 0.0199023 0.0264504 0.0238674 0.0210332 0.0203982 0.0231936 0.0270646 0.0194033 0.0166756 0.0205249 0.0194083 0.0237236 0.0212622 0.0225794 0.0208381 0.0211528 0.0221749 0.025905 0.0174206 0.012721 0.0135731 0.0140115 0.0172778 0.0209825 0.0219536 0.0238982 0.0241391 0.0243294 0.0265996 0.0243137 0.023233 0.0237221 0.0196802 0.0175407 0.0161689 0.017771 0.0218807 0.0135484 0.0111888 0.00443643 0.00385559 0.000621934 0 0 0 0 0 0 
0 0 0 0 0 6.7624e-05 0.00355739 0.011511 0.0129348 0.0165087 0.0142328 0.0159411 0.017595 0.0196421 0.0226137 0.0217346 0.0211365 0.0221127 0.0223281 0.0197801 0.0168551 0.0193582 0.02438 0.0246866 0.0232946 0.0246695 0.0304021 0.0271157 0.0216999 0.0239411 0.0220488 0.0204935 0.022781 0.0265282 0.0223251 0.0153124 0.0167727 0.0232337 0.0264002 0.0192067 0.0149569 0.0235921 0.0180061 0.018524 0.0252057 0.018751 0.0235416 0.0204551 0.024953 0.0325883 0.0182768 0.0140938 0.0120912 0.0123061 0.0155516 0.0211624 0.0181614 0.0148955 0.0118276 0.0140163 0.014915 0.00789785 0.00199932 0.000452372 0 0 0 0 0 
0 0 0 0 0 0.00213674 0.0149195 0.0220968 0.0239889 0.0217348 0.0205528 0.0198097 0.0144166 0.0217589 0.0362201 0.025746 0.02379 0.0245132 0.0200717 0.0183125 0.020679 0.0170522 0.0194165 0.0226605 0.0257648 0.0240551 0.0235888 0.0203009 0.0188345 0.0240134 0.0204842 0.0198357 0.0264852 0.0209155 0.0189431 0.0158385 0.0195445 0.0180949 0.0198649 0.0178868 0.0272252 0.0310671 0.0214383 0.0138263 0.0213121 0.0164575 0.0209897 0.0271312 0.0205514 0.021364 0.0205956 0.0170288 0.0131785 0.0127411 0.0114863 0.0125284 0.0142976 0.0127941 0.0142273 0.0138508 0.0108855 0.0106878 0.00192595 0.000245803 0 0 0 0 0 
0 0 0 0 0.000679657 0.0066898 0.0197792 0.0264474 0.0269441 0.0257637 0.0235137 0.0240581 0.019212 0.0288072 0.0397035 0.0311076 0.025483 0.017014 0.0178798 0.0162327 0.0156977 0.0128306 0.0194579 0.0219753 0.0298849 0.0247855 0.0184713 0.0164706 0.0167898 0.0187999 0.0175286 0.016342 0.0195025 0.0198107 0.0166803 0.016178 0.0178653 0.0143611 0.0158813 0.0194453 0.0254763 0.023659 0.0194673 0.0196446 0.0157929 0.0181285 0.0163359 0.0146431 0.00900184 0.0131395 0.0209641 0.0189225 0.0196666 0.0200054 0.0151264 0.0155593 0.0157577 0.0143549 0.0117587 0.0118104 0.0114035 0.00687895 0.00313158 0.000362906 0 0 0 0 0 
0 0 0 0 0.00442571 0.01987 0.024329 0.0209059 0.0164942 0.0234188 0.0254866 0.0243497 0.0189369 0.0223085 0.0252216 0.0270722 0.0266191 0.0225436 0.0183885 0.0150215 0.0110451 0.0122071 0.0216767 0.0228854 0.0269121 0.0253225 0.0177501 0.0160411 0.016492 0.0166383 0.0193833 0.0156298 0.0155493 0.0221066 0.0182651 0.0171312 0.0169826 0.0211111 0.0204184 0.0131811 0.0143842 0.0168368 0.0155407 0.0206377 0.0169283 0.0147228 0.0151712 0.013128 0.0138087 0.0145251 0.0169444 0.0153315 0.0170715 0.0141616 0.0148565 0.0151879 0.0194759 0.0121048 0.0141394 0.0129779 0.0121145 0.00614242 0.00637451 0.00362725 0.000244799 0 0 0 0 
0 0 0 0.000568865 0.0113807 0.0254841 0.0249067 0.0246564 0.0215209 0.0246967 0.0211264 0.0248145 0.0213678 0.0185227 0.0178396 0.0205289 0.0270709 0.0196848 0.0150232 0.0149507 0.0135176 0.0170391 0.0169765 0.0216246 0.0375953 0.0228714 0.0206146 0.019742 0.0151579 0.0150838 0.0180061 0.0135185 0.0162135 0.0146635 0.014809 0.0187902 0.0214373 0.021754 0.0188421 0.0172011 0.0148516 0.0114116 0.0113724 0.01249 0.00902003 0.0104686 0.0155761 0.0140757 0.0121384 0.0149887 0.0195677 0.0227343 0.0157428 0.010887 0.0102907 0.012895 0.0113289 0.00752752 0.0153617 0.0155191 0.0102157 0.00883441 0.00937407 0.011059 0.00216812 0.00049537 6.38493e-05 0 0 
0 0 0 0.00246503 0.0238553 0.023365 0.0183926 0.0263104 0.0312573 0.0294691 0.0236943 0.0224969 0.0146774 0.0149815 0.0189592 0.0202416 0.0180876 0.0192997 0.0168368 0.013207 0.0149505 0.0110807 0.0128799 0.0202845 0.0302168 0.0208223 0.0241733 0.01763 0.0163683 0.0151404 0.0127803 0.0101454 0.0120491 0.00886975 0.0149444 0.0220821 0.0257129 0.0202111 0.0209455 0.0155514 0.0162018 0.0151327 0.0143068 0.00897316 0.0086593 0.00983257 0.0169146 0.0156295 0.0145949 0.0172018 0.0169109 0.0180793 0.0184464 0.0120636 0.0107562 0.0127772 0.011788 0.0110245 0.0131974 0.01618 0.0131069 0.00753403 0.00836897 0.00814186 0.00383175 0.00594949 0.00046047 0 0 
0 0 9.86028e-05 0.0108621 0.0252535 0.0284563 0.0154752 0.0198936 0.033194 0.0322444 0.0264208 0.018467 0.0150687 0.0204353 0.0195956 0.0147431 0.0176356 0.022958 0.0241176 0.0139335 0.0162909 0.0147061 0.0150672 0.0212573 0.0149907 0.0195058 0.0299647 0.0219504 0.0164444 0.0153552 0.0169898 0.0165405 0.0109042 0.0146025 0.0141379 0.0206177 0.0273073 0.0224941 0.0219871 0.0167579 0.00900485 0.0108168 0.0133807 0.0197297 0.0134885 0.014424 0.0117431 0.0147217 0.0118009 0.0143308 0.0194979 0.0249211 0.0215252 0.0160484 0.0114221 0.0127862 0.00997222 0.0104051 0.0151284 0.0222097 0.0184257 0.0128459 0.0102319 0.00982502 0.00965839 0.00958001 0.00215707 0 0 
0 0 0.00114401 0.0118993 0.0289801 0.0293552 0.0236745 0.0156003 0.0206787 0.0209126 0.0186584 0.0176335 0.0222087 0.0204093 0.0223634 0.0148542 0.0205276 0.0187391 0.0192708 0.0172462 0.0131057 0.0138729 0.013875 0.0183158 0.0183688 0.0239371 0.0236677 0.0201565 0.0172634 0.0219045 0.0213839 0.0218626 0.0142113 0.0144228 0.0167596 0.0156712 0.0237324 0.0226128 0.021661 0.0174242 0.012058 0.014257 0.0144229 0.0131888 0.0145745 0.0160208 0.0107496 0.0114239 0.0141647 0.0111092 0.0095353 0.0210282 0.0169621 0.0151338 0.0164726 0.0110342 0.0122706 0.0115104 0.0137381 0.0122588 0.0127306 0.0109419 0.0132196 0.0154934 0.0166874 0.0118105 0.000867006 0 0 
0 0 0.00319265 0.02087 0.0354609 0.0293208 0.0185909 0.0131048 0.0225012 0.0190137 0.0171155 0.0178196 0.0189073 0.0138094 0.0165828 0.0203382 0.021788 0.0181663 0.016745 0.0161289 0.0137826 0.0192761 0.016035 0.0162805 0.0170368 0.0199761 0.0216363 0.0206199 0.0184944 0.0251935 0.0220993 0.0277766 0.0221708 0.0185283 0.0244976 0.0232615 0.0255481 0.0247564 0.0245114 0.0222081 0.0117696 0.0119937 0.0127521 0.0170075 0.0178629 0.0164559 0.011468 0.0111545 0.0149144 0.0150193 0.0130828 0.0160068 0.0125444 0.011049 0.0112686 0.0135444 0.0125636 0.0144252 0.0158611 0.0151998 0.0106483 0.00922826 0.0110071 0.0140743 0.0175811 0.00901745 0.00138255 0.000350618 0 
0 0 0.00267581 0.0146424 0.0236431 0.0270211 0.0131627 0.01469 0.0249505 0.0209107 0.0167143 0.0194154 0.0176037 0.0186123 0.0216457 0.0224624 0.0205751 0.0246251 0.0252166 0.0209434 0.0193575 0.0207972 0.0134381 0.009437 0.0119674 0.0187025 0.0239161 0.0220807 0.017847 0.0172966 0.0174449 0.0164406 0.0154555 0.0173477 0.0190674 0.0204603 0.0171037 0.0168546 0.019902 0.0214362 0.0132624 0.0112285 0.0155324 0.015036 0.0156595 0.0133883 0.00931984 0.00909288 0.0121353 0.0127365 0.0142591 0.0110158 0.012755 0.0131092 0.0114702 0.0138236 0.0143468 0.0126391 0.0141311 0.0134595 0.0135268 0.0164588 0.0135036 0.0111728 0.0120506 0.00742227 0.00423184 0.000733758 0 
0 0.00014236 0.0047384 0.0107778 0.0146731 0.0120623 0.00640423 0.0154597 0.0216771 0.0192692 0.0202604 0.0185455 0.0219459 0.025511 0.0304477 0.0265985 0.0263514 0.0286787 0.0238658 0.0138805 0.0110254 0.012702 0.009071 0.00881366 0.0141319 0.0151428 0.0230712 0.0205366 0.0165875 0.0215117 0.0197856 0.0171397 0.0233958 0.018093 0.0140937 0.0117822 0.00962596 0.0161721 0.0196394 0.0206031 0.0201286 0.0136383 0.0111139 0.0146076 0.0193124 0.0293699 0.0258582 0.0173286 0.0157067 0.0109628 0.0100855 0.0053323 0.01513 0.0163993 0.0128678 0.0186433 0.0205575 0.0162365 0.014265 0.0133582 0.0139132 0.0149088 0.0090786 0.00670945 0.0094271 0.0121708 0.00762813 0.00225338 0.000442265 
0 0.000653199 0.00630324 0.00908318 0.00730696 0.00513798 0.00692543 0.0161124 0.0252169 0.0233348 0.0234497 0.0136964 0.0175052 0.0219845 0.0295095 0.0265145 0.0222004 0.028814 0.024134 0.0137719 0.00752035 0.0104922 0.0117281 0.0133111 0.0182673 0.0161812 0.0146959 0.014328 0.0169006 0.0172779 0.0124739 0.0143449 0.0165365 0.0140085 0.0124153 0.0155939 0.0120726 0.0134298 0.0198472 0.0173159 0.0172677 0.0134649 0.0104591 0.0166528 0.0239738 0.0549081 0.056841 0.0234728 0.0169281 0.014971 0.012994 0.00810162 0.00839407 0.0105825 0.0156756 0.0167069 0.0160578 0.0163785 0.0184947 0.0170417 0.0128524 0.0102748 0.00331536 0.0036805 0.00439125 0.0101887 0.0138087 0.0100258 0.00154389 
0 0.000402415 0.00367414 0.00510733 0.00493847 0.00507868 0.0078386 0.0131573 0.0187426 0.0239429 0.0280367 0.0218367 0.0164533 0.028641 0.023579 0.0219938 0.0207631 0.0298684 0.028984 0.0275128 0.0190437 0.014203 0.019717 0.0200047 0.0144368 0.0201729 0.0129808 0.0181819 0.0186767 0.016175 0.0117762 0.0110613 0.0156775 0.0167911 0.0117161 0.0113716 0.0179704 0.0161579 0.0173681 0.0139953 0.0159895 0.0171903 0.0164093 0.0145062 0.0175627 0.0312511 0.0294554 0.0226289 0.0191776 0.0152846 0.0148366 0.0123139 0.00777638 0.00719646 0.0167952 0.0146662 0.0128794 0.0135568 0.0177922 0.0157503 0.0068496 0.00410256 0.00552326 0.00555196 0.00878268 0.0103714 0.00884123 0.00526311 0.000975394 
0 0 0.000148558 0.0009617 0.00709954 0.0100742 0.0134846 0.0129389 0.0122449 0.0186633 0.0248896 0.0255171 0.0211451 0.019346 0.0183009 0.0211981 0.0182598 0.025608 0.0249414 0.0250621 0.0200767 0.0197568 0.0272752 0.028879 0.0161216 0.0154553 0.0169105 0.0199797 0.0259821 0.0216725 0.0153232 0.0104286 0.0104347 0.0197477 0.0164576 0.0152106 0.0188764 0.0149859 0.0176238 0.0145029 0.0115308 0.0110452 0.0165742 0.0188428 0.0230976 0.0247853 0.0214397 0.0229254 0.0252334 0.0310275 0.0223259 0.0129049 0.00757817 0.0096845 0.0144109 0.0127462 0.0133121 0.0136359 0.0141026 0.00767618 0.00392051 0.00801766 0.0115934 0.0113688 0.0103638 0.00514252 0.00350102 0.00105115 7.63203e-05 
0 0 0.000331461 0.00271866 0.0132444 0.0224025 0.0213951 0.0187907 0.0175475 0.0156033 0.021635 0.0293504 0.0194971 0.0134121 0.0129136 0.0174652 0.0213101 0.0215905 0.0231874 0.0256615 0.0269665 0.0203541 0.0218877 0.0241079 0.0183054 0.0131561 0.0265867 0.0266512 0.0313556 0.0262586 0.0166272 0.0102596 0.00883131 0.0164648 0.0197945 0.0211505 0.0213591 0.0127115 0.0128908 0.0100494 0.00924256 0.0155855 0.0179043 0.0183946 0.0247381 0.0283167 0.0185536 0.0226314 0.0200197 0.0198697 0.0144987 0.0129607 0.0119761 0.00804464 0.00765427 0.0069407 0.0111362 0.00864838 0.00583413 0.00473645 0.00405947 0.0103313 0.0136133 0.0110599 0.0105725 0.00324898 0.00276748 0.00139846 0.000136319 
0 0.000168532 0.00264603 0.00926463 0.0178829 0.0220024 0.0187459 0.0148854 0.0140742 0.0174849 0.018122 0.0270922 0.0203892 0.016596 0.0157698 0.018564 0.020106 0.0246212 0.02689 0.0397396 0.038085 0.0168985 0.0193338 0.0260112 0.0252506 0.022033 0.0187526 0.0278543 0.0285272 0.0184862 0.0143712 0.0232699 0.0139178 0.0101014 0.0149279 0.0212001 0.020335 0.0206255 0.0144962 0.0136203 0.0120453 0.016102 0.015504 0.0143444 0.0207171 0.0232525 0.0178451 0.0150737 0.0164965 0.0130956 0.0174857 0.0169549 0.0113121 0.0103678 0.00858168 0.0067756 0.00583045 0.00364426 0.00356287 0.00771969 0.010262 0.0117827 0.0124253 0.00944785 0.00850505 0.0114567 0.00524641 0.00571385 0.00242004 
4.59045e-05 0.00160999 0.00662189 0.0151333 0.0200764 0.0147849 0.0127896 0.016361 0.0167714 0.0173868 0.0158974 0.0210147 0.022414 0.0241444 0.0248201 0.0244633 0.0240255 0.0333326 0.0343835 0.03404 0.0239346 0.0233739 0.0253191 0.0287309 0.0227478 0.0212233 0.0218529 0.0250376 0.0253073 0.024309 0.0164149 0.0380962 0.0760257 0.099989 0.065453 0.0170912 0.0163815 0.0197078 0.0179087 0.0148417 0.0134386 0.0151954 0.015304 0.0126412 0.0157885 0.015808 0.0167424 0.0127482 0.0150205 0.0149987 0.0188768 0.0233603 0.0177073 0.0132594 0.0118957 0.00706567 0.00657293 0.00806455 0.0118578 0.0106843 0.0126553 0.0167189 0.0170087 0.0127636 0.00715456 0.00802639 0.00411735 0.00662624 0.0050678 
5.13961e-05 0.00302765 0.00812262 0.00770664 0.00807114 0.00653123 0.0116425 0.02401 0.0170949 0.0176293 0.00689555 0.0122773 0.0181697 0.0216774 0.0187047 0.0178721 0.026623 0.0290952 0.0241651 0.0234668 0.0148297 0.0159594 0.0215022 0.0271481 0.0356004 0.0340651 0.0216784 0.0239156 0.0257062 0.016392 0.0126955 0.0434164 0.14763 0.104926 0.119881 0.0305966 0.0175527 0.0186252 0.0146465 0.0187225 0.0160349 0.0209752 0.0217337 0.0146524 0.0133839 0.0155748 0.0223369 0.0141646 0.0161336 0.0127662 0.0158018 0.0212046 0.0164771 0.0139799 0.0093276 0.00721779 0.00683928 0.00958718 0.0163875 0.0257837 0.023149 0.0201873 0.018329 0.0165517 0.00495841 0.00403643 0.00354661 0.00395349 0.0043544 
4.92377e-05 0.00197728 0.00978167 0.0122657 0.00964961 0.00510026 0.0143249 0.0208815 0.0115175 0.00704338 0.00656643 0.0117461 0.025444 0.0296846 0.022219 0.0275963 0.0230599 0.0240606 0.024956 0.0273521 0.0280667 0.0198599 0.0212559 0.0324978 0.0287395 0.0273162 0.0197869 0.0266855 0.0321927 0.022338 0.0166902 0.0301305 0.0450804 0.0375794 0.0790213 0.0626609 0.0160096 0.021909 0.0141585 0.0154864 0.0161605 0.0252673 0.0195012 0.0222139 0.0252981 0.0252932 0.0223745 0.0199512 0.0184791 0.0120114 0.0155333 0.0148785 0.0176523 0.015585 0.0143711 0.00786536 0.00847437 0.0125179 0.0228095 0.0260189 0.0245024 0.0164884 0.0197659 0.0198725 0.00724271 0.00513805 0.00774801 0.00333394 0.00357313 
0.000103872 0.00341735 0.0192141 0.0107733 0.00680467 0.00681484 0.0110517 0.0180802 0.0123298 0.01664 0.0154937 0.0126139 0.0197746 0.0253974 0.0243498 0.0239866 0.0203394 0.0175242 0.0174217 0.0267352 0.0307903 0.02168 0.0205839 0.0241435 0.0171052 0.0191737 0.0232301 0.0254508 0.0222064 0.0208428 0.017597 0.020104 0.0249373 0.0334815 0.0416735 0.0834768 0.0170851 0.0245804 0.0206569 0.0218894 0.016294 0.0163835 0.0182034 0.0198281 0.027112 0.0266505 0.0216358 0.0176116 0.0200549 0.0169595 0.0217612 0.0178369 0.0188194 0.0190372 0.0180224 0.016002 0.0161393 0.0140481 0.0187089 0.0239308 0.0225985 0.0177553 0.0154581 0.0206673 0.0109113 0.00837472 0.00958542 0.0050282 0.000682847 
4.32334e-06 0.00179358 0.0166628 0.0133374 0.00792871 0.0109425 0.00823063 0.0147818 0.0159184 0.0236443 0.0205086 0.0192622 0.0240987 0.0272652 0.025022 0.0209988 0.0204283 0.0189981 0.020075 0.0226897 0.0230459 0.0166114 0.0178385 0.0211531 0.0180145 0.022309 0.0278907 0.0253478 0.0269973 0.0173175 0.0161242 0.0203985 0.023258 0.0259779 0.031503 0.0868371 0.0220107 0.0240273 0.0207837 0.0214279 0.0174096 0.0168515 0.0191642 0.0204718 0.029069 0.022496 0.0164197 0.012303 0.0152317 0.0215679 0.026973 0.0135714 0.0179582 0.0184412 0.0158785 0.0151955 0.0141798 0.0175434 0.0142414 0.0217842 0.0241016 0.0145565 0.0167374 0.0197387 0.0133808 0.0129394 0.0118734 0.00158121 9.2713e-07 
9.70663e-06 0.00300753 0.0173277 0.0185516 0.0221989 0.0162236 0.00646233 0.0138969 0.0206483 0.0177199 0.0192688 0.022402 0.0271797 0.0302462 0.0298908 0.0224511 0.0240316 0.0232324 0.0227654 0.021743 0.0180664 0.0166265 0.0234957 0.0261206 0.0198106 0.022245 0.021168 0.0258461 0.0228952 0.0188001 0.0177142 0.0170898 0.020667 0.0205753 0.0339842 0.0899119 0.0246599 0.0177374 0.0225705 0.0199174 0.019604 0.0216443 0.0225807 0.0180218 0.014847 0.0222324 0.0193592 0.0164107 0.0161053 0.0183763 0.0190325 0.0179918 0.0214146 0.0185999 0.0193667 0.0202356 0.0167504 0.0195218 0.0140334 0.0111063 0.0153926 0.014011 0.0178373 0.01782 0.0198932 0.0164526 0.0112863 0.00316485 5.57403e-06 
0.000218135 0.00587884 0.0149894 0.0191965 0.0211738 0.0111765 0.00340529 0.0104421 0.017663 0.0185367 0.0206899 0.0216953 0.0236201 0.0310863 0.0278406 0.0234844 0.0194664 0.0143963 0.016099 0.0156603 0.0153749 0.024011 0.0309654 0.0248395 0.0210951 0.0188245 0.0208115 0.0188582 0.0209829 0.0158019 0.0176722 0.019176 0.0236976 0.0225277 0.030369 0.0909017 0.0300359 0.0199657 0.0240066 0.0277815 0.0208222 0.0191089 0.0178155 0.0177953 0.0177646 0.02247 0.0196659 0.0162853 0.0133133 0.0142926 0.017939 0.0179992 0.0209673 0.0177129 0.0142716 0.011321 0.0157589 0.0195763 0.0160254 0.0122059 0.0162785 0.0142231 0.0190254 0.0173153 0.0159904 0.00962032 0.00734243 0.00437393 0.000120819 
0.000338209 0.00674771 0.0146736 0.0188731 0.0201651 0.0199494 0.00992472 0.0124295 0.0260769 0.0212316 0.0248505 0.0318775 0.0252199 0.0232561 0.0238078 0.0150662 0.0149327 0.0158417 0.0183968 0.0171139 0.0192202 0.02531 0.0392075 0.0248145 0.0188428 0.0202867 0.024289 0.0215556 0.0195955 0.0252089 0.0202378 0.0192348 0.0184556 0.0148737 0.0196655 0.0458221 0.0500707 0.0231043 0.0259914 0.0254374 0.022312 0.0235962 0.0162953 0.0175037 0.0179403 0.0212344 0.0137805 0.0153297 0.0148046 0.0172282 0.0184956 0.021332 0.0237007 0.015533 0.0150166 0.0124583 0.0167392 0.0151785 0.0126281 0.0178981 0.0190909 0.0116387 0.0176194 0.0242445 0.0233901 0.0164609 0.0262742 0.026565 0.00260438 
8.08179e-05 0.00194912 0.00939586 0.0146361 0.0111917 0.00899197 0.00587249 0.0112486 0.0261524 0.0209844 0.024323 0.0276629 0.0275266 0.0183445 0.0227707 0.0171122 0.0182272 0.0224843 0.0167221 0.0219164 0.0340431 0.0308928 0.0301861 0.0210064 0.0241409 0.0223862 0.0215698 0.0182787 0.0217494 0.0291765 0.0233436 0.0252777 0.0242537 0.0193062 0.0200096 0.0191016 0.0350621 0.0235915 0.0219655 0.0258666 0.0215367 0.0261839 0.0175536 0.0135574 0.0173736 0.0165325 0.0170927 0.018031 0.0143637 0.0216446 0.0211029 0.0225982 0.0232657 0.0144798 0.0137202 0.0129556 0.0157101 0.0162752 0.0111378 0.017338 0.0175159 0.0178377 0.0224308 0.030148 0.0308784 0.0276445 0.0810475 0.0753799 0.00827565 
0 3.65716e-05 0.00170361 0.00365064 0.00189685 0.00152775 0.00151611 0.0110055 0.028206 0.02224 0.0301861 0.0330424 0.0421537 0.0375983 0.0242898 0.0171628 0.0204625 0.022043 0.0172928 0.0201516 0.0245883 0.021501 0.0218713 0.0245898 0.0230073 0.0200778 0.0156373 0.0180268 0.0159092 0.0214042 0.0175597 0.0167415 0.0263096 0.0174481 0.0199326 0.0191858 0.0229829 0.0225698 0.0225921 0.0208588 0.017085 0.0237223 0.0149324 0.0141898 0.0236135 0.0201382 0.0189714 0.0122931 0.0134062 0.020143 0.0224514 0.0251389 0.0191417 0.0193989 0.0203539 0.0168067 0.0190978 0.0134709 0.0116019 0.00974069 0.00865405 0.0150107 0.0199204 0.0248406 0.024985 0.024824 0.0329526 0.0271622 0.00326705 
0 5.45413e-05 0.00042505 9.98634e-05 4.97174e-06 0.00149745 0.0077673 0.0204101 0.0240937 0.0224003 0.0263531 0.0340892 0.0524621 0.0484712 0.0186119 0.0167667 0.0256954 0.0247664 0.0191632 0.0208511 0.0244129 0.0267317 0.0245967 0.0221607 0.021658 0.0258615 0.0224469 0.0204949 0.0151434 0.0203677 0.0167509 0.0181833 0.0188502 0.0184535 0.0227096 0.0212018 0.0258984 0.0275666 0.0207014 0.017027 0.0210128 0.023596 0.0184076 0.0184138 0.0158325 0.0170443 0.018171 0.0111147 0.0111153 0.018303 0.0164731 0.0222553 0.0181937 0.0115869 0.0164694 0.0179738 0.0210023 0.0141345 0.0115608 0.00659658 0.00508538 0.00794497 0.0141903 0.0197971 0.0162003 0.0139969 0.0160699 0.00786569 0.000357685 
0 0 0 0 0.0010574 0.00688974 0.0175661 0.0292393 0.0252497 0.0270705 0.0282222 0.0255635 0.0259786 0.0248871 0.019248 0.021171 0.0236996 0.0229009 0.0160113 0.0167622 0.0162503 0.0229182 0.0234069 0.0250927 0.034481 0.0333633 0.0307217 0.0252531 0.0171639 0.0215968 0.0230552 0.0182854 0.0168454 0.0209822 0.0193122 0.0226487 0.0213725 0.0192105 0.0211044 0.0310462 0.0248539 0.0191806 0.0139744 0.0165193 0.019619 0.0168493 0.014642 0.0131824 0.0131231 0.0143228 0.0210076 0.0249836 0.0145882 0.0149546 0.0156956 0.0161905 0.0251876 0.0144197 0.0093768 0.00644224 0.00391011 0.00370854 0.00648739 0.0100202 0.0130431 0.0134923 0.0117964 0.00431255 0.00071525 
0 0 0 0 0.000552068 0.00872437 0.0221268 0.0367891 0.0292857 0.0308815 0.0252102 0.0177162 0.0222958 0.0216573 0.0216206 0.0201761 0.0217546 0.0219358 0.0204622 0.0176406 0.0218049 0.0169686 0.0168787 0.0240901 0.045659 0.034311 0.0362117 0.0258686 0.0217155 0.0218906 0.0214242 0.0168737 0.0190199 0.0259081 0.0218842 0.0175813 0.0204087 0.0199204 0.0190092 0.0268696 0.024508 0.0188722 0.0137598 0.0136776 0.0271833 0.0276892 0.0161598 0.0135983 0.0134044 0.0150343 0.0188082 0.0216608 0.0143277 0.0119312 0.0161456 0.0144041 0.0190052 0.0148326 0.00816766 0.00990243 0.00494664 0.00895983 0.015375 0.0174341 0.0130613 0.0104722 0.00641378 0.00260033 0.000124343 
0 0 0 0.00147149 0.00259742 0.00322885 0.0158596 0.0245162 0.0284272 0.026843 0.0182579 0.01685 0.0221606 0.0186853 0.0236027 0.0163638 0.0241857 0.0226615 0.023631 0.0245046 0.0284663 0.0257794 0.0216307 0.0298206 0.0288558 0.0311687 0.0288053 0.0201909 0.0209978 0.0226021 0.0165755 0.0149025 0.0203594 0.0186728 0.0204875 0.0173455 0.0213882 0.0194333 0.0186981 0.0236303 0.0219181 0.0215136 0.016939 0.0152653 0.0320205 0.0349269 0.0195291 0.0117915 0.016332 0.0171298 0.0169411 0.0162422 0.0126576 0.0102451 0.0147331 0.0129331 0.00988596 0.016168 0.0145498 0.0139917 0.0100578 0.0186343 0.0179467 0.0138345 0.00619872 0.00200357 0.00560466 0.00190179 0 
0 0 0.000594871 0.0176981 0.015304 0.00135584 0.00130457 0.00965728 0.0258965 0.0297657 0.0216836 0.0188112 0.0224577 0.0245103 0.0243535 0.0172235 0.0215253 0.0272883 0.0237143 0.0267589 0.0305483 0.027194 0.026234 0.030348 0.0274877 0.0241992 0.0185128 0.0257118 0.0199858 0.0179999 0.0127223 0.0152006 0.0135498 0.0198896 0.0154476 0.0173278 0.022471 0.021232 0.0185263 0.0174696 0.0207274 0.0208693 0.020751 0.0219572 0.021692 0.0186225 0.0139539 0.0128031 0.0178025 0.0200686 0.015639 0.0166733 0.0178496 0.0129058 0.0109261 0.0093225 0.00878296 0.014684 0.0257827 0.0188435 0.021179 0.025331 0.0132094 0.00542293 0.00383269 0.00176574 0.00397036 0.000661908 0 
0 0 0.000339864 0.0116773 0.00567772 3.16242e-05 0 0.000818994 0.00953011 0.0220242 0.0220693 0.0174652 0.0187563 0.0271868 0.0304068 0.0278253 0.0284665 0.0272763 0.0245753 0.023362 0.0287459 0.0327979 0.02912 0.0274199 0.0216205 0.0214108 0.0159676 0.0250385 0.0207979 0.0260947 0.0176921 0.0156097 0.0149552 0.0207289 0.0205681 0.0203641 0.0174996 0.0273387 0.0295195 0.0135752 0.0100278 0.0184701 0.0224252 0.0197003 0.0175382 0.0143074 0.0133517 0.0110953 0.0122908 0.0109793 0.0150041 0.0152559 0.0189716 0.0214573 0.0197452 0.0219851 0.0200137 0.0200911 0.0307995 0.0237831 0.0192363 0.016563 0.00897204 0.00362472 0.0012611 0.00105481 0.00141046 0.000194002 0 
0 0 0 0 0 0 0.000662709 0.00255487 0.0116571 0.0207849 0.023784 0.0180554 0.0181011 0.0330013 0.0374398 0.0512601 0.032441 0.0296602 0.0270121 0.0276338 0.0279145 0.0278378 0.0280991 0.02315 0.0207854 0.0253437 0.0211011 0.0254062 0.0428002 0.0588292 0.0421261 0.0285507 0.0249573 0.0187621 0.0199716 0.0121865 0.0166541 0.037225 0.035024 0.0205877 0.010337 0.0101088 0.0120465 0.0167923 0.0145741 0.0155855 0.0179571 0.0137139 0.0123504 0.00782623 0.012368 0.0176043 0.019422 0.0141247 0.0225119 0.0514939 0.0312558 0.0218548 0.0208324 0.0232372 0.0225809 0.0154601 0.0160481 0.00489377 0.00109496 0 0 0 0 
0 0 0 0 0 0.000993131 0.0117285 0.0219883 0.0178131 0.0263668 0.0301849 0.0249176 0.0212449 0.0345647 0.0396886 0.0385574 0.0270987 0.0282818 0.0256484 0.0239422 0.0293502 0.0294749 0.0324239 0.024166 0.0321438 0.0304033 0.0253011 0.0288416 0.0461469 0.045413 0.04005 0.0330521 0.0267398 0.0154623 0.015943 0.0131033 0.013348 0.0180187 0.0198302 0.0120454 0.00876279 0.0119331 0.0097653 0.0137981 0.0179646 0.0208004 0.0244631 0.0189124 0.0195179 0.0158219 0.0103977 0.0127776 0.0143247 0.0136077 0.0223245 0.0420501 0.0325704 0.0162477 0.016884 0.0185173 0.0290187 0.0567171 0.0402787 0.00630855 0.00079542 0 0 0 0 
0 0 0 0 0 0.00294577 0.0177078 0.0250408 0.0224602 0.0218944 0.0256389 0.0278829 0.0181416 0.0236589 0.032316 0.0404008 0.0274564 0.0278591 0.0305064 0.0261525 0.0435749 0.0504104 0.0300471 0.0231603 0.0236471 0.0291708 0.0252403 0.0336435 0.0314086 0.0276875 0.0290055 0.0315079 0.0271644 0.0175738 0.0150778 0.012236 0.0145072 0.0143527 0.0137629 0.014856 0.011714 0.00990047 0.00729063 0.0151432 0.0157192 0.0241609 0.0247394 0.0277243 0.0234021 0.0179978 0.0149783 0.0178085 0.017297 0.0180668 0.0155295 0.0246967 0.0209556 0.0115003 0.014721 0.0168451 0.0281137 0.0632079 0.0304185 0.0126221 0.00143959 0 0 0 0 
0 0 0 0 0 0.00584894 0.0210608 0.0308143 0.0253794 0.0267652 0.022538 0.022766 0.0267474 0.0292864 0.0266979 0.0286762 0.0262191 0.0194739 0.0218686 0.0235278 0.0442802 0.0377733 0.0283987 0.0218481 0.0212524 0.0318504 0.0288142 0.0328178 0.0326367 0.0249657 0.0266044 0.0347439 0.0223628 0.0178785 0.0121335 0.00808262 0.0111575 0.0102252 0.011953 0.0136488 0.0139509 0.0105017 0.00846727 0.0179553 0.0189326 0.0210514 0.0212887 0.0250913 0.0208231 0.0204362 0.0177496 0.0183011 0.0181772 0.0181879 0.01342 0.0167652 0.0124329 0.0127171 0.0105517 0.00961488 0.0132835 0.0361009 0.0280769 0.0149788 0.00304835 0 0 0 0 
0 0 0 0 0 0.00348814 0.0209221 0.0361927 0.0324485 0.0284788 0.0261233 0.0303893 0.0333228 0.0292999 0.028056 0.0231307 0.0234573 0.0219392 0.0231677 0.0259547 0.0315588 0.0312908 0.0328366 0.0242177 0.0193371 0.0273137 0.034966 0.0318075 0.0295832 0.0275837 0.0256481 0.0278166 0.0282583 0.0351155 0.0223243 0.0144416 0.0135089 0.0141173 0.013725 0.0121029 0.0151817 0.0106373 0.0147207 0.0207305 0.0265526 0.013684 0.0150945 0.0125229 0.0124626 0.0117028 0.0125986 0.0159421 0.02046 0.0222216 0.0195776 0.01708 0.0150339 0.0188776 0.0196764 0.0153951 0.0109786 0.0086143 0.0143995 0.00746251 0.0018334 0 0 0 0 
0 0 0 0 0 0.000289477 0.0102799 0.0219809 0.0303758 0.0298379 0.0303875 0.0258094 0.0305352 0.0261352 0.0273513 0.0290063 0.0301925 0.0314625 0.0263205 0.0259492 0.028101 0.0317447 0.0291935 0.0178356 0.025743 0.034062 0.0355339 0.026458 0.014236 0.0188396 0.0192144 0.0194804 0.0244675 0.0204293 0.0241443 0.0205138 0.0244373 0.0202946 0.0172315 0.0106907 0.011928 0.0197283 0.0207695 0.0195651 0.016885 0.00643583 0.0125997 0.0185477 0.0231729 0.0153226 0.0163106 0.0134515 0.0177427 0.0253972 0.0224072 0.0191379 0.0143898 0.0174678 0.0230391 0.015954 0.00845986 0.00800184 0.00986257 0.00172519 0 0 0 0 0 
0 0 0 0 0 0 0.000765501 0.0048655 0.0202802 0.0324387 0.0298414 0.0255745 0.0323225 0.0294631 0.0267668 0.0279544 0.0384989 0.03996 0.0257737 0.0242959 0.0278663 0.0289856 0.0262547 0.0231285 0.0258058 0.0367939 0.0348817 0.0224269 0.0205504 0.0240388 0.0287435 0.0209891 0.0283132 0.0245424 0.0200021 0.0212331 0.0220145 0.0234123 0.0185654 0.0197609 0.0176113 0.0243062 0.0282897 0.0244365 0.0176598 0.0113781 0.0228387 0.0375935 0.0529427 0.0210019 0.0146417 0.0178758 0.0258689 0.026432 0.0167793 0.0205589 0.0206487 0.0247165 0.023884 0.0162737 0.0112734 0.00833209 0.00434971 0.00045736 0 0 0 0 0 
0 0 0 0 0 0 0 0.0014107 0.0133216 0.0274208 0.0220368 0.0249937 0.0343079 0.0286556 0.0258898 0.028444 0.0292329 0.0279152 0.0213083 0.0160499 0.025808 0.0230778 0.026825 0.0236583 0.0184449 0.0299351 0.028411 0.0246775 0.0287996 0.0258748 0.0338842 0.0290988 0.0277734 0.0307089 0.0302376 0.0231026 0.0195705 0.0234697 0.0270699 0.0317841 0.0360188 0.0242723 0.0254956 0.0216367 0.0177912 0.0140425 0.0217974 0.0327734 0.0503685 0.0216689 0.0159107 0.0213851 0.0236323 0.0209299 0.013048 0.0162616 0.0153563 0.0168478 0.0186273 0.00965549 0.0045302 0.0042452 0.000820153 0 0 0 0 0 0 
0 0 0 0 0 0 0 5.51097e-05 0.00355914 0.0293425 0.0368465 0.0287871 0.0285526 0.0258764 0.0275368 0.0269761 0.0234895 0.0196231 0.0208861 0.01999 0.0203051 0.0313058 0.0347389 0.0357075 0.0241123 0.0218323 0.0274185 0.0310999 0.034586 0.0263726 0.0269254 0.0218543 0.0196731 0.0279209 0.0284732 0.017868 0.0161651 0.0204447 0.0363173 0.0460906 0.048035 0.0221665 0.0209181 0.0224999 0.0156974 0.0152485 0.00927908 0.0142381 0.0210726 0.0153815 0.0161835 0.0180417 0.0199264 0.0282573 0.019387 0.0184353 0.0162985 0.0101371 0.00781146 0.00433495 0.00168959 0.000558709 2.35871e-06 0 0 0 0 0 0 
0 0 0 0 0 0 0 0 0.000128641 0.00863752 0.0306662 0.02887 0.0318206 0.0215928 0.0201256 0.0194651 0.0147382 0.0221339 0.0265837 0.0147803 0.0212026 0.0323562 0.0332057 0.0279185 0.0259144 0.0239442 0.0323947 0.0483871 0.0434619 0.0328609 0.0276169 0.0176685 0.0137495 0.0197794 0.0287904 0.0155625 0.00828054 0.0106318 0.0213578 0.0354048 0.020908 0.0116773 0.0104703 0.0109612 0.0176506 0.0129098 0.00936875 0.00721207 0.0145645 0.0197414 0.0106696 0.0133263 0.0200989 0.0250456 0.0242724 0.0168948 0.00964769 0.00225574 0.00168115 0.00114622 0.000517272 2.74192e-05 0 0 0 0 0 0 0 
0 0 0 0 0 0 0 0 0 0.000798002 0.0109094 0.0199194 0.0236246 0.0181129 0.0180922 0.0121002 0.0143072 0.0176465 0.0191179 0.0237356 0.029219 0.0259883 0.0257008 0.0259615 0.026785 0.0274115 0.046441 0.0619962 0.038546 0.0296325 0.0250345 0.0167327 0.0129031 0.0192505 0.0252003 0.00975487 0.00743385 0.0165004 0.015307 0.0160357 0.00780305 0.01175 0.0130782 0.0186506 0.0178319 0.015091 0.0116491 0.0116254 0.0202582 0.0193704 0.0123302 0.00463075 0.0147206 0.0197474 0.0236372 0.0221871 0.0120984 0.00242387 0.00119119 0.000622049 0 0 0 0 0 0 0 0 0 
0 0 0 0 0 0 0 0 0 0 0.000113459 0.00437043 0.0124514 0.0184467 0.0172161 0.00868856 0.0182909 0.0172663 0.0170238 0.03167 0.041572 0.0334573 0.0289884 0.026644 0.0311609 0.0324454 0.0467155 0.0584839 0.0421289 0.0319597 0.0228773 0.0229158 0.0231757 0.024728 0.0173899 0.00855134 0.0068218 0.0172933 0.0194986 0.0155379 0.0117532 0.0162449 0.0205793 0.0180177 0.0162922 0.0209572 0.0252069 0.0333659 0.0392667 0.0197688 0.0139666 0.00832274 0.00798253 0.0270175 0.0502557 0.0370085 0.0151205 0.00409599 0.000481979 2.58073e-05 0 0 0 0 0 0 0 0 0 
0 0 0 0 0 0 0 0 0 0 0 0.000246148 0.00174407 0.00692027 0.0132601 0.0133844 0.018032 0.0239238 0.0197721 0.0234985 0.0356353 0.0318111 0.0194658 0.0123167 0.0165144 0.0274719 0.0373573 0.0450022 0.0439179 0.0276963 0.0280932 0.0394141 0.037487 0.0277699 0.0145777 0.00847313 0.0135992 0.016912 0.0253075 0.0253581 0.0205764 0.0191763 0.015835 0.0167859 0.0180357 0.0317069 0.0290307 0.0343072 0.0401103 0.0274597 0.00923944 0.0130137 0.0107073 0.0286825 0.0591919 0.0321344 0.00276227 0.000547003 0 0 0 0 0 0 0 0 0 0 0 
0 0 0 0 0 0 0 0 0 0 0 0 0 0.000706945 0.00431529 0.0117355 0.0145874 0.0237506 0.0218527 0.0195951 0.0237595 0.0123641 0.00395571 0.00208674 0.00205808 0.00433059 0.02026 0.0274334 0.0324411 0.0216465 0.0204524 0.0314708 0.0282618 0.0265461 0.0218328 0.013504 0.0162762 0.0125759 0.0211883 0.0251227 0.0193658 0.0167882 0.0150428 0.0132593 0.0198481 0.0312247 0.0284348 0.0278564 0.0286474 0.0158489 0.00931148 0.0145512 0.0117817 0.0280846 0.0432089 0.0135113 0.000894185 0 0 0 0 0 0 0 0 0 0 0 0 
0 0 0 0 0 0 0 0 0 0 0 0 0 0 0.000104324 0.00221739 0.0108386 0.0196977 0.012525 0.0114575 0.0119186 0.00680769 0.00286391 0.00430112 0.00118806 0.00102966 0.0139769 0.0254238 0.0326913 0.033169 0.0331423 0.0318175 0.0249414 0.029862 0.0322976 0.0227733 0.0218727 0.0218388 0.027829 0.0293742 0.0252326 0.0228107 0.0174338 0.0218815 0.0216561 0.0209896 0.0261751 0.0282711 0.0260982 0.0237772 0.0176823 0.0180294 0.0135164 0.0136172 0.014218 0.00300586 4.45724e-05 0 0 0 0 0 0 0 0 0 0 0 0 
0 0 0 0 0 0 0 0 0 0 0 0 0 0 0 0.000237325 0.00307534 0.00973604 0.0034805 0.00225728 0.00291714 0.00286878 0.00976244 0.0417694 0.0163455 0.00291825 0.013061 0.0265091 0.0343701 0.0446928 0.0391333 0.0354362 0.0318731 0.0283601 0.0171221 0.0154053 0.0183585 0.0222127 0.0338784 0.0314716 0.0325405 0.0176499 0.0160132 0.0201226 0.0175601 0.0189623 0.024967 0.0259865 0.0246617 0.0236469 0.0198027 0.0119444 0.00688488 0.00244673 0.000529829 2.49642e-05 0 0 0 0 0 0 0 0 0 0 0 0 0 
0 0 0 0 0 0 0 0 0 0 0 0 0 0 0 0 9.16795e-05 0.000349396 9.52168e-05 0.000103707 0.00339518 0.00524427 0.0208406 0.0706319 0.0549324 0.00634064 0.0135087 0.0251357 0.0338183 0.0417072 0.0570967 0.056396 0.0434747 0.0304064 0.0207509 0.0150042 0.0271109 0.0236269 0.0245932 0.0198106 0.0139989 0.00921969 0.0185905 0.0263724 0.0170268 0.0123393 0.0179394 0.0207322 0.0115499 0.00678647 0.00705775 0.00369851 0.000767454 2.06806e-05 0 0 0 0 0 0 0 0 0 0 0 0 0 0 0 
0 0 0 0 0 0 0 0 0 0 0 0 0 0 0 0 0 0 0 0 0.000711761 0.00175387 0.0053087 0.0211412 0.019395 0.00162115 0.00855912 0.0265762 0.0349075 0.0479644 0.0806565 0.0597496 0.0378294 0.0273656 0.0284809 0.0184515 0.0312545 0.0253033 0.0128255 0.00456565 0.0041208 0.0149063 0.0249596 0.0217689 0.00706594 0.00212016 0.00330613 0.00974844 0.00609778 0.000771737 0.000381024 0.000152757 0 0 0 0 0 0 0 0 0 0 0 0 0 0 0 0 0 
0 0 0 0 0 0 0 0 0 0 0 0 0 0 0 0 0 0 0 0 1.63209e-05 8.38948e-05 0 0.000301421 1.10169e-05 3.86264e-05 0.00632308 0.025273 0.0418113 0.0480217 0.0422097 0.0326338 0.0283459 0.022319 0.0173177 0.0170109 0.0303902 0.0275398 0.0144691 0.0084039 0.00321704 0.0150641 0.0151067 0.00642325 0.00474288 0.000535025 0.000327093 0.00115534 5.81006e-05 1.24139e-06 0 0 0 0 0 0 0 0 0 0 0 0 0 0 0 0 0 0 0 
0 0 0 0 0 0 0 0 0 0 0 0 0 0 0 0 0 0 0 0 0 0 0 0 0 0.000457523 0.00211755 0.0159932 0.034855 0.0325022 0.0254023 0.0120995 0.0127971 0.00847868 0.00737052 0.0128587 0.00693837 0.0164531 0.0200265 0.0163762 0.00832556 0.0151224 0.00782516 0.00197851 0.00078574 0.000140819 0 0 0 0 0 0 0 0 0 0 0 0 0 0 0 0 0 0 0 0 0 0 0 
0 0 0 0 0 0 0 0 0 0 0 0 0 0 0 0 0 0 0 0 0 0 0 0 0 0 2.17941e-06 0.00172698 0.00529825 0.00420558 0.00196918 0.000471692 0.00105343 0.000889757 0.000900965 0.000562476 9.22418e-05 0.00200581 0.00974901 0.0116568 0.00515536 0.00274353 0.00231074 0.000328021 4.57757e-05 0 0 0 0 0 0 0 0 0 0 0 0 0 0 0 0 0 0 0 0 0 0 0 0 

