0 0 0 0 0 0 0 0 0 0 0 0 0 0 0 0 0 0 0 0 0 0 0 0 0 0 0 0 0 1.85471e-05 6.97892e-06 0 0 0 0 0 0 0 0 0 0 0 0 0 0 0 0 0 0 0 0 0 0 0 0 0 0 0 0 0 0 0 0 0 0 0 0 0 0 
0 0 0 0 0 0 0 0 0 0 0 0 0 0 0 0 0 0 0 0 0 0 0 0 0 0 0.00032496 0.0037346 0.00533648 0.00645072 0.00284699 0.00182562 0.000938575 0.000558464 0.000654025 0.000128659 2.1257e-05 3.54123e-05 0 0.000781154 0.00453367 0.00214622 0.000717249 0.000105897 7.82712e-05 0 0 0 0 0 0 0 0 0 0 0 0 0 0 0 0 0 0 0 0 0 0 0 0 
0 0 0 0 0 0 0 0 0 0 0 0 0 0 0 0 0 0 0 0 0 4.80498e-06 0.000180465 0.000619382 0.000429869 0.00125381 0.00326278 0.0208235 0.0216253 0.0130134 0.0127464 0.0105731 0.0130717 0.00688875 0.00863652 0.00793543 0.00386824 0.00266509 0.000910815 0.000824439 0.00979225 0.0144048 0.00777624 0.00877095 0.00867131 0.00553898 0.0018506 0.000150676 0 0 0 0 0 0 0 0 0 0 0 0 0 0 0 0 0 0 0 0 0 
0 0 0 0 0 0 0 0 0 0 0 0 0 0 0 0 0 0 0 6.86669e-06 5.28186e-05 0.000663157 0.00632492 0.00988795 0.00860678 0.0058324 0.00483977 0.0201494 0.0286898 0.0184162 0.0170297 0.0125221 0.0159257 0.0129314 0.0125686 0.0166961 0.0164801 0.0131968 0.00666191 0.00270043 0.0102514 0.0199487 0.0177765 0.0142684 0.018973 0.0190549 0.0144078 0.00637679 0.000954671 0.000119462 0 0 0 0 0 0 0 0 0 0 0 0 0 0 0 0 0 0 0 
0 0 0 0 0 0 0 0 0 0 0 0 0 0 0 0 0 0 0 0.000583956 0.00292667 0.00318387 0.0105555 0.0181724 0.0243577 0.0156772 0.0114104 0.0217338 0.0206003 0.0251511 0.0207791 0.0172412 0.0237128 0.0163494 0.017499 0.0215917 0.0203947 0.0239348 0.0152533 0.00806492 0.00403856 0.00879199 0.0127306 0.0130237 0.0175115 0.0152702 0.0195485 0.0190112 0.00937193 0.00161729 0.000239123 0.000138804 0 0 0 0 0 0 0 0 0 0 0 0 0 0 0 0 0 
0 0 0 0 0 0 0 0 0 0 0 0 0 0 0 0 1.84405e-05 0.000243674 0.00113658 0.00676282 0.0150519 0.0123618 0.0212674 0.0271256 0.0276071 0.0190451 0.0177105 0.0249755 0.0203833 0.0302257 0.0352155 0.0188679 0.0190616 0.0132309 0.0151601 0.0278832 0.0232789 0.0287934 0.0181039 0.0122117 0.00441448 0.00243236 0.00315934 0.00300023 0.0100638 0.0134812 0.0187152 0.0193228 0.0139263 0.00441865 0.00170824 0.00518849 0.000732149 1.24794e-06 0 0 0 0 0 0 0 0 0 0 0 0 0 0 0 
0 0 0 0 0 0 0 0 0 0 0 0 0 0 0 0.000609818 0.00459881 0.0126256 0.0126109 0.0180548 0.0220952 0.0210477 0.024685 0.0268517 0.0261826 0.0259451 0.0179882 0.02381 0.0319346 0.0344786 0.0285497 0.014891 0.0167211 0.0192789 0.0279349 0.0302848 0.0281863 0.0306167 0.0319306 0.0207062 0.0119654 0.0144666 0.0072664 0.00732632 0.00875947 0.0160543 0.0213311 0.0202072 0.0182036 0.00594972 0.00409044 0.00804595 0.00476357 0.00102585 0 0 0 0 0 0 0 0 0 0 0 0 0 0 0 
0 0 0 0 0 0 0 0 0 0 0 0 0 0 3.8192e-05 0.00724433 0.0130896 0.0166992 0.0192764 0.0153628 0.0175615 0.0207195 0.0298382 0.034425 0.0238848 0.0241295 0.0231327 0.0209385 0.0334687 0.0373543 0.0204752 0.0173634 0.012664 0.0192508 0.0181996 0.0183646 0.0240825 0.0301678 0.0355231 0.0361594 0.0341325 0.0328904 0.0238248 0.0181186 0.0184183 0.0206751 0.0169669 0.0148714 0.0163444 0.00918296 0.0114859 0.0183413 0.00734625 0.00094381 0.000577983 9.50935e-06 0 0 0 0 0 0 0 0 0 0 0 0 0 
0 0 0 0 0 0 0 0 0 0 0 0 0 0 0.000121837 0.0110053 0.0154755 0.0125328 0.0174454 0.022916 0.0236125 0.0301443 0.024317 0.0283348 0.0336583 0.0431098 0.0294383 0.0186029 0.0333733 0.0333752 0.0214525 0.0179802 0.0115994 0.0146108 0.0202617 0.0269639 0.0277772 0.0333154 0.0259007 0.0291175 0.0301548 0.0316682 0.0337717 0.0298784 0.021287 0.0150656 0.0103847 0.0179542 0.0301705 0.0187533 0.0153473 0.011182 0.00493793 0.00295211 0.00988399 0.00597812 0.00154624 2.75711e-06 0 0 0 0 0 0 0 0 0 0 0 
0 0 0 0 0 0 0 0 0 0 0 7.71508e-05 0.00132011 0.00347204 0.00391582 0.00588185 0.0154092 0.0156871 0.0243436 0.0300367 0.0308195 0.0223187 0.0189507 0.023228 0.0325178 0.03355 0.0248367 0.0407113 0.0412592 0.0246285 0.0195636 0.0178722 0.0136724 0.0186951 0.0195409 0.0248785 0.0282035 0.0294319 0.0256539 0.0296682 0.0260027 0.0286836 0.0290492 0.0292701 0.0255908 0.019912 0.0131627 0.0192416 0.0260857 0.0192539 0.0137416 0.0121508 0.00966649 0.00936803 0.015371 0.0110931 0.00586679 0.000941137 0.000189622 0 0 0 0 0 0 0 0 0 0 
0 0 0 0 0 0 0 0 0 0 0.000469227 0.00276615 0.0127784 0.023112 0.0240029 0.0120261 0.00265269 0.00804347 0.026694 0.0434483 0.0283499 0.0254233 0.027465 0.0262553 0.0347953 0.0320298 0.0204808 0.0242039 0.0305511 0.0158352 0.0168331 0.0186396 0.0193869 0.0244074 0.018029 0.0175605 0.0186565 0.0202797 0.0177698 0.0211672 0.0231725 0.0222478 0.0215304 0.0213721 0.0256734 0.0209263 0.0158419 0.0234721 0.0216496 0.0146745 0.0151428 0.0113669 0.0111961 0.0106408 0.0153971 0.0160553 0.0143338 0.00983751 0.00832504 0.000778675 0 0 0 0 0 0 0 0 0 
0 0 0 0 0 0 0 0 0 0.000573069 0.00775695 0.0135535 0.0152306 0.0277196 0.0305558 0.0162264 0.00573263 0.00280412 0.021536 0.0318484 0.0348631 0.0260916 0.0269656 0.0295187 0.0276701 0.0219606 0.0155865 0.0179539 0.0194406 0.0155711 0.0154498 0.022247 0.0242051 0.0197721 0.021674 0.0117705 0.0168995 0.0203709 0.0190776 0.0188312 0.0250862 0.0214412 0.0170316 0.0209911 0.0245484 0.019521 0.016931 0.0214492 0.0225634 0.0161789 0.0175324 0.0164036 0.018382 0.0181303 0.0158311 0.0187842 0.0210507 0.0246609 0.0181575 0.00744634 0.000565056 0 0 0 0 0 0 0 0 
0 0 0 0 0 0 0 0 9.92983e-05 0.00908311 0.0245363 0.0238901 0.021484 0.0258294 0.029084 0.0257797 0.0178276 0.0113554 0.023221 0.0355709 0.0355021 0.028171 0.0211507 0.0258519 0.0251721 0.0192591 0.0147848 0.0176696 0.0167171 0.0214565 0.0212828 0.021168 0.0234938 0.0248571 0.02957 0.0229496 0.0205537 0.0231541 0.0312843 0.0216091 0.0255479 0.0222125 0.017158 0.016961 0.0146691 0.0157252 0.0187497 0.0225702 0.0220932 0.0174077 0.0177095 0.0209637 0.0204016 0.0161153 0.0166491 0.0192828 0.0163362 0.0188529 0.0232762 0.0111169 0.00235378 5.60113e-06 0 0 0 0 0 0 0 
0 0 0 0 0 0 0 4.0822e-07 0.00154678 0.0186639 0.0248088 0.0306576 0.0262631 0.0226753 0.0365919 0.0346287 0.035013 0.0307764 0.027503 0.0302638 0.0273153 0.0277172 0.0249699 0.0304492 0.0302754 0.028425 0.0143254 0.0130295 0.0200303 0.0171872 0.021821 0.0197691 0.0184087 0.0215006 0.0275026 0.0222613 0.0173503 0.0276895 0.0272309 0.0188746 0.0196108 0.0248748 0.0209267 0.0187059 0.0193376 0.0193534 0.0181122 0.0221768 0.0210623 0.021163 0.0163211 0.0200829 0.0220344 0.0160033 0.0211267 0.0194189 0.0250105 0.0177249 0.016704 0.0179737 0.00845819 0.00241617 2.25053e-05 0 0 0 0 0 0 
0 0 0 0 0 0 0 0.00111584 0.0110841 0.0235501 0.0183506 0.0216867 0.0217874 0.0227082 0.0268849 0.0223149 0.0381302 0.0273539 0.0254107 0.0283055 0.0237209 0.0228092 0.0240387 0.0337393 0.0342112 0.0332346 0.0185588 0.0186789 0.0236138 0.0184211 0.0194302 0.0190497 0.0199188 0.0186569 0.0184344 0.0262987 0.0217245 0.0244439 0.0234743 0.0208001 0.0182735 0.0219146 0.0232197 0.0178087 0.0189855 0.0212883 0.0248519 0.0239546 0.0246964 0.0219754 0.0193873 0.0206243 0.0167135 0.0194095 0.0234701 0.0226895 0.022329 0.0197045 0.0160886 0.0166052 0.0121459 0.00715614 0.00106402 1.4276e-05 0 0 0 0 0 
0 0 0 0 0 0 0.000610789 0.010456 0.01689 0.0223316 0.0195888 0.0251955 0.0259228 0.0268075 0.0256159 0.0185311 0.0305364 0.0259546 0.0275977 0.035258 0.0321358 0.0214834 0.0258572 0.0290276 0.034884 0.0320741 0.0181901 0.0179628 0.017768 0.0204121 0.0195104 0.0182795 0.0191104 0.0181325 0.0195696 0.031098 0.0249447 0.0213604 0.0244667 0.022021 0.0173291 0.0215065 0.0240937 0.0220904 0.0213458 0.0233068 0.0245223 0.02205 0.0225442 0.0192839 0.0152633 0.0230468 0.0232614 0.0190502 0.0229842 0.0221518 0.0170678 0.0155513 0.0169706 0.0139648 0.0160491 0.0147473 0.0111023 0.00105703 0 0 0 0 0 
0 0 0 0 0 5.74301e-05 0.00650472 0.0240142 0.030652 0.0231166 0.0151269 0.0218762 0.0242328 0.0256247 0.0252461 0.0260396 0.0294251 0.0256943 0.0272143 0.0216478 0.0197593 0.0215187 0.0299521 0.0290493 0.0284648 0.0279549 0.0172924 0.0186754 0.0152791 0.0215134 0.0212327 0.0179437 0.020953 0.0198829 0.0244632 0.0278378 0.0270785 0.0236947 0.0257217 0.030636 0.0253418 0.0209484 0.0251991 0.0234532 0.0195452 0.0237663 0.0232853 0.0249826 0.0193341 0.0188442 0.0197434 0.018397 0.0257167 0.0216611 0.0181376 0.0178159 0.0160143 0.0187426 0.0199819 0.0147963 0.0171261 0.0185737 0.0142811 0.00250134 8.47798e-06 0 0 0 0 
0 0 0 0 0 0.00158682 0.0210933 0.026235 0.0319528 0.0266523 0.0241072 0.026454 0.0381012 0.030235 0.0306801 0.0289503 0.0258397 0.0288287 0.0269157 0.0189998 0.0203394 0.0335221 0.0371456 0.0355525 0.0242124 0.0241463 0.0228936 0.020352 0.0201815 0.0202027 0.0182117 0.0162354 0.0342532 0.0495604 0.0380558 0.0275798 0.0247101 0.0255632 0.0314913 0.0276311 0.0206446 0.0228598 0.0271975 0.0255687 0.0199946 0.0241674 0.0219042 0.0300006 0.0230891 0.0142976 0.0166282 0.017308 0.0208372 0.0201495 0.0225697 0.0181932 0.0122298 0.0178088 0.0140176 0.0142208 0.0115498 0.0150383 0.0130207 0.00573 6.07574e-05 0 0 0 0 
0 0 0 0 0.000316641 0.0101037 0.0266846 0.0264534 0.0329962 0.0367555 0.0412969 0.0448324 0.0327654 0.0378987 0.0360361 0.0279553 0.0269652 0.0313774 0.0335838 0.0302746 0.0178819 0.029424 0.0379976 0.0320643 0.0248947 0.0214832 0.0250157 0.0223735 0.0143303 0.0186252 0.0165084 0.0161884 0.0224554 0.036123 0.0279688 0.0237086 0.0284906 0.0211902 0.0252207 0.0195618 0.0113445 0.0206993 0.0249458 0.0213809 0.0180166 0.0235471 0.0251668 0.0211346 0.0211277 0.0169141 0.0148927 0.0143018 0.0138956 0.0190456 0.0161064 0.0211951 0.0176869 0.0152201 0.0106 0.0150878 0.0176426 0.0192836 0.0112261 0.00347707 0.000112176 0 0 0 0 
0 0 0 0 0.00108873 0.0236272 0.0357025 0.0314235 0.0286235 0.0484716 0.0675759 0.0617514 0.0415666 0.0699911 0.048694 0.0300763 0.0319738 0.0283697 0.035021 0.0324537 0.0254283 0.0270325 0.0354122 0.0317008 0.0271087 0.0197111 0.0239606 0.0221153 0.0195627 0.0208982 0.0228131 0.023244 0.0191924 0.0237862 0.0233762 0.0297656 0.0333334 0.021302 0.0174382 0.0210561 0.0140043 0.0110848 0.012944 0.0198723 0.0238887 0.0209305 0.0315172 0.0236994 0.0368479 0.0293048 0.0267394 0.024111 0.0173947 0.0232388 0.0225346 0.0270612 0.0199703 0.0121261 0.0113456 0.0153004 0.0194232 0.0194141 0.00812921 0.000421694 3.03358e-05 0 0 0 0 
0 0 0 0.00010899 0.00685948 0.0331155 0.0338339 0.0333539 0.0128386 0.0143819 0.0323146 0.0596425 0.0587953 0.0609561 0.0330842 0.0228328 0.0286853 0.0287789 0.0349266 0.0299648 0.0293372 0.0199929 0.0249108 0.0260418 0.0273548 0.022699 0.0230944 0.018983 0.0164489 0.0251212 0.0286061 0.0207238 0.0199453 0.0194019 0.0254075 0.0307642 0.0274552 0.020271 0.0225741 0.0212158 0.0117651 0.00890917 0.0186261 0.0213948 0.0194567 0.0187619 0.0215672 0.032877 0.0459975 0.0413158 0.0314683 0.0247759 0.0191248 0.0206407 0.0230211 0.0246735 0.0169285 0.0134225 0.0132341 0.0160552 0.0188541 0.0169104 0.00918271 0.000424238 0.000377807 0.000421868 0 0 0 
0 0 0 0.0011018 0.0167318 0.0334268 0.0383113 0.0216764 0.00583105 0.00575316 0.00854781 0.0128098 0.0204483 0.0283741 0.0260041 0.0273092 0.0365668 0.0247812 0.0192727 0.0197777 0.0274524 0.0195159 0.018863 0.0213778 0.0228833 0.0179667 0.0169796 0.0201899 0.0188059 0.0241805 0.0228602 0.0234327 0.0233616 0.0334758 0.0397204 0.0311364 0.0180351 0.0155276 0.020595 0.0232182 0.0196943 0.0108532 0.0163372 0.0198794 0.0192075 0.0218711 0.0226399 0.0255123 0.0326923 0.0374369 0.0235541 0.0220624 0.0211622 0.0179105 0.0193525 0.0163655 0.014364 0.0121762 0.0113792 0.014826 0.0139826 0.0162297 0.0105171 0.00669466 0.00566647 0.00430643 0.000261534 0 0 
0 0 0.00019253 0.00912981 0.0379822 0.0368689 0.0379014 0.022168 0.00905062 0.011661 0.0119561 0.00864348 0.00860961 0.0212512 0.0255293 0.029243 0.0342946 0.0215363 0.0210283 0.0332186 0.0331168 0.0215714 0.0186893 0.0157018 0.0193631 0.0184167 0.0242574 0.0244174 0.0204311 0.0241041 0.0243142 0.0297611 0.0231836 0.025577 0.0327852 0.0199588 0.0116372 0.0138577 0.0153454 0.0190851 0.0181017 0.0165415 0.0165135 0.0186474 0.0167847 0.026284 0.0283942 0.0227636 0.0298276 0.0349202 0.0301373 0.0199064 0.0217567 0.0171018 0.0140891 0.0158114 0.0138623 0.0149317 0.0138406 0.0176848 0.0178362 0.018043 0.0203076 0.0176488 0.0121371 0.0155214 0.00325397 6.61609e-05 0 
0 0 0.00217665 0.0187426 0.0345817 0.0300804 0.0243804 0.0159813 0.0129921 0.0138398 0.0195848 0.013963 0.0111415 0.0264232 0.0354637 0.0313005 0.0255318 0.025886 0.0286111 0.0359978 0.039046 0.0243574 0.0241977 0.0171065 0.0234725 0.0253249 0.024904 0.024294 0.0267978 0.0222848 0.0236376 0.0276376 0.0276319 0.0230212 0.0206416 0.018918 0.0185206 0.0175314 0.0184492 0.0176512 0.0185623 0.018078 0.0183158 0.0205163 0.0249443 0.0202848 0.0203586 0.0213107 0.0281729 0.025294 0.0275375 0.0217653 0.0167997 0.0140373 0.0122729 0.0120933 0.0140304 0.0175831 0.0147317 0.0185637 0.0192087 0.0160379 0.0187811 0.0271565 0.0248155 0.0176361 0.00629693 0.000590645 0 
0 1.36147e-06 0.00767346 0.0209964 0.0251852 0.0208735 0.0128906 0.0151759 0.0171411 0.017889 0.0203115 0.0211307 0.0265537 0.0270979 0.0287869 0.0199407 0.0240963 0.0323882 0.0370762 0.0389031 0.0303351 0.0231025 0.0255715 0.0216482 0.0217033 0.0193885 0.0179538 0.0236971 0.0312445 0.0222838 0.027293 0.0227006 0.0327185 0.01907 0.0230876 0.025593 0.0251912 0.0209607 0.0236983 0.0213163 0.0216013 0.0169754 0.0214149 0.0300173 0.0238407 0.0204767 0.0223928 0.0201467 0.0161667 0.0167845 0.0209578 0.0198216 0.0186547 0.0161259 0.0125587 0.0154097 0.0139853 0.0164722 0.0188873 0.0269239 0.0238585 0.0218644 0.0174815 0.0197131 0.0201325 0.00605842 0.00164156 0 0 
0 0.000129258 0.00960579 0.0221881 0.0169098 0.0108629 0.0122184 0.0209821 0.0189291 0.0190784 0.0162245 0.0165349 0.0223375 0.0198191 0.0160093 0.0195502 0.0258262 0.0272081 0.0359402 0.0378885 0.0290916 0.0252163 0.0240418 0.0265867 0.0193833 0.0196588 0.0218876 0.0264211 0.0242461 0.0300708 0.0338003 0.0188364 0.0314227 0.0284295 0.0237255 0.0260901 0.020506 0.0194767 0.0190521 0.0226387 0.022305 0.0173708 0.0211628 0.022476 0.0169187 0.0181376 0.0172129 0.0174509 0.0171833 0.0157498 0.0169126 0.0249615 0.0205536 0.0144264 0.0133009 0.0193488 0.0189297 0.0174783 0.0192942 0.0229612 0.0288957 0.0190396 0.017433 0.0173089 0.0127992 0.00204967 0.000642207 0.000732351 1.39886e-05 
0 0.000119555 0.00707372 0.0124185 0.00828507 0.00469027 0.00983811 0.0211797 0.0203208 0.0186271 0.0234887 0.0134874 0.0171229 0.018045 0.0166468 0.0201588 0.0260545 0.0292385 0.035333 0.0393255 0.0319017 0.0214461 0.0216655 0.0186793 0.0178792 0.017361 0.0181502 0.023878 0.0258795 0.0467634 0.0326014 0.0204475 0.0207262 0.0211288 0.0288079 0.0251949 0.0230734 0.0222964 0.0186947 0.0181023 0.0248688 0.0215578 0.016321 0.0141412 0.00984115 0.00881212 0.0132643 0.01572 0.0190551 0.0223869 0.0245226 0.0201927 0.0217983 0.0145528 0.0145122 0.0177874 0.0213624 0.0194774 0.0158224 0.0197481 0.0217717 0.018157 0.0152385 0.00904532 0.00525371 0.00529889 0.00924099 0.013301 0.00112688 
0 0.000759452 0.0129872 0.0125381 0.0033655 0.00211138 0.015402 0.0237098 0.0251482 0.0144284 0.0218369 0.0114755 0.0157917 0.016822 0.0188273 0.019767 0.020768 0.0267069 0.0337762 0.032624 0.0232171 0.02274 0.0203291 0.0186468 0.0241454 0.0262497 0.0243627 0.0265253 0.032111 0.0481617 0.0244937 0.0197757 0.028482 0.0344411 0.0329918 0.0301084 0.0186281 0.0238419 0.0236489 0.0148746 0.0195811 0.0237009 0.0195086 0.0185226 0.00843359 0.007769 0.0115948 0.0119814 0.0163388 0.0204456 0.0254213 0.0183113 0.0175121 0.014998 0.0131349 0.0179157 0.0206196 0.0187068 0.0185408 0.0152958 0.0174503 0.0132373 0.00968415 0.00659517 0.00731177 0.0114396 0.0170201 0.0134091 0.00137612 
0 0.000975901 0.0152007 0.0185362 0.00378796 0.00273621 0.0152852 0.022404 0.0266164 0.0194543 0.0204097 0.0162077 0.0208811 0.0181077 0.0168903 0.0195894 0.0185495 0.0246222 0.0332878 0.0408763 0.0321112 0.0317971 0.0208789 0.0239168 0.0251625 0.0260288 0.0257262 0.0239054 0.0244581 0.0264089 0.022968 0.0235959 0.0232118 0.0303178 0.0326893 0.0330781 0.0176619 0.0236393 0.020112 0.015643 0.0212467 0.0192236 0.0158592 0.0140299 0.00954478 0.00935518 0.0114702 0.0171436 0.0210359 0.0245122 0.0253884 0.0192811 0.0169538 0.0183399 0.0154064 0.0170452 0.0179725 0.0172306 0.0143599 0.011762 0.0154048 0.00958071 0.0126291 0.0202201 0.0205696 0.0215228 0.0137922 0.00636616 0.00116925 
0 3.14926e-06 0.00132545 0.00332903 0.000350001 0.00166017 0.0113121 0.0201501 0.0322439 0.0209536 0.0211448 0.020835 0.019575 0.0197497 0.0161302 0.0170123 0.0178527 0.0274049 0.0379136 0.0400732 0.0392224 0.0276656 0.0228063 0.0181174 0.0157569 0.0159507 0.019335 0.0192619 0.0201757 0.0249343 0.0259454 0.028397 0.0281665 0.0261792 0.0304925 0.0471915 0.0228184 0.024032 0.0276989 0.0201267 0.0222307 0.0209473 0.0103563 0.00949761 0.0117257 0.0137547 0.0144612 0.0168964 0.0223195 0.0214043 0.0209061 0.0198797 0.0206814 0.0233272 0.0219101 0.0150383 0.0145196 0.0157394 0.0155164 0.0175927 0.0114343 0.00690138 0.0156917 0.0318011 0.0281835 0.0163313 0.012925 0.0135795 0.00634951 
0 0.000647847 0.00587908 0.00879246 0.00343635 0.00208754 0.0142057 0.0230714 0.0243638 0.0160199 0.0183166 0.0217634 0.024897 0.0201307 0.020488 0.0222666 0.022042 0.033111 0.0470989 0.0451461 0.0283094 0.0215042 0.0204694 0.0182419 0.0184113 0.0177785 0.0238794 0.0212277 0.0226443 0.0158631 0.021311 0.0290213 0.0381883 0.0263896 0.0179076 0.02539 0.0222173 0.0228428 0.0307568 0.0280453 0.0217475 0.014682 0.011514 0.0180175 0.0157612 0.0190209 0.0109347 0.0111625 0.0162191 0.0186302 0.0154323 0.0182472 0.0150233 0.0159683 0.0155837 0.0100408 0.00698293 0.00945802 0.0131219 0.016547 0.00808531 0.00511067 0.00965922 0.0161647 0.0144682 0.00987539 0.0141594 0.0120276 0.0051714 
7.83881e-05 0.00345208 0.0183824 0.0268825 0.0216299 0.0072326 0.0123715 0.0182824 0.0165716 0.0152769 0.0159253 0.0181555 0.0206166 0.020235 0.0237641 0.0274974 0.0231261 0.0284381 0.0290419 0.0307666 0.0288395 0.0231469 0.0240145 0.0193979 0.0193836 0.0195429 0.0216296 0.0163671 0.015019 0.0166586 0.0186775 0.0249429 0.0356914 0.0226695 0.0168331 0.0115048 0.0171112 0.0222826 0.0236473 0.0161851 0.0189741 0.0148845 0.0159003 0.0249797 0.0229144 0.0233966 0.0185538 0.0176575 0.0141873 0.0149122 0.0129535 0.0196135 0.0207787 0.0201897 0.0176873 0.016136 0.0122982 0.0124197 0.014989 0.0152418 0.0127237 0.00544087 0.0051231 0.0158085 0.0180206 0.00747144 0.0154309 0.0160656 0.0059125 
9.03415e-05 0.00878425 0.0180366 0.0206334 0.0170652 0.0114251 0.0169913 0.0193849 0.0180616 0.0178222 0.0194277 0.0207428 0.0181271 0.0220878 0.0268246 0.0213798 0.0179433 0.0205895 0.018681 0.0211728 0.0214195 0.0263606 0.0233799 0.0196593 0.0169345 0.0185596 0.0139793 0.0134925 0.0150064 0.0165519 0.0145272 0.0322146 0.0616948 0.0343799 0.021881 0.014188 0.0148457 0.0211761 0.0278573 0.0229945 0.0173918 0.0181109 0.0171795 0.0248625 0.0224079 0.0155824 0.0210739 0.015614 0.0168659 0.0134469 0.0094592 0.0148467 0.0172387 0.0175876 0.0102858 0.0109546 0.0115633 0.0131848 0.0196226 0.0191373 0.0198991 0.0211918 0.021369 0.0164741 0.0134821 0.00983888 0.0164998 0.0125521 0.00628751 
0.000664927 0.00933519 0.0189674 0.0187137 0.0236413 0.0267339 0.0227224 0.0144104 0.0137823 0.0130922 0.0165627 0.018494 0.0191964 0.0271673 0.0288144 0.0217919 0.0173561 0.0188215 0.0235949 0.0196916 0.0216693 0.0338344 0.039034 0.02943 0.0223251 0.017077 0.0149044 0.0144979 0.0155818 0.0137539 0.0138319 0.0212476 0.0426389 0.0561955 0.0298428 0.022175 0.0130079 0.0188339 0.0256026 0.022334 0.0186327 0.0213272 0.0218343 0.0226271 0.0172371 0.0130566 0.0159784 0.0151197 0.0178445 0.0185969 0.0159398 0.01606 0.016576 0.0213358 0.0183429 0.0120483 0.0093068 0.0179218 0.0276083 0.0273028 0.0266905 0.0291242 0.0270034 0.0131442 0.0112344 0.0130873 0.0151446 0.0209419 0.00739191 
0.00141152 0.0078542 0.0162479 0.0186759 0.0180529 0.0215824 0.0225321 0.0153686 0.0161802 0.0134984 0.0191564 0.0239412 0.0225301 0.0177818 0.0267717 0.025156 0.0184007 0.0209316 0.019195 0.0286647 0.0396563 0.0418926 0.0435984 0.0223897 0.0189654 0.015461 0.0161244 0.0132081 0.0156716 0.0140759 0.0126534 0.014512 0.0176278 0.0455092 0.0341664 0.0171764 0.0176248 0.0212469 0.0253081 0.0252479 0.0224757 0.0202332 0.0207832 0.0221799 0.0189953 0.0174368 0.0155834 0.0147248 0.0293878 0.024678 0.0172774 0.0165287 0.0188994 0.0195935 0.0115793 0.00958403 0.0137554 0.0103415 0.0228476 0.0304224 0.0223851 0.0165593 0.0134093 0.00886006 0.00747038 0.0123477 0.0159706 0.0107269 0.00452982 
0.000255693 0.00606392 0.016922 0.0165526 0.0143971 0.014836 0.0221735 0.0200492 0.0185508 0.0127237 0.0136073 0.0212307 0.025475 0.0207937 0.0204865 0.02241 0.0252245 0.0202367 0.015745 0.0217564 0.0264578 0.0322248 0.0263908 0.0174741 0.0186675 0.0206902 0.0157933 0.0144778 0.0103537 0.010323 0.0129191 0.0113458 0.0167539 0.0355447 0.0319452 0.0163911 0.0225403 0.0198291 0.0214859 0.0225228 0.0249674 0.0277397 0.0217061 0.0189689 0.019459 0.017579 0.0218717 0.022061 0.0302188 0.0305498 0.0167398 0.0175556 0.0187156 0.013804 0.0111734 0.0117845 0.0149237 0.0202998 0.0279235 0.0228425 0.0168223 0.0139062 0.0140756 0.0144596 0.0149559 0.0150686 0.0143861 0.0100788 0.00357535 
9.47219e-06 0.00605791 0.0176723 0.0203986 0.0164235 0.0219287 0.0184329 0.0115632 0.0154653 0.0125505 0.0132013 0.013598 0.0198869 0.0220241 0.0223447 0.0268739 0.0285781 0.0199072 0.0143679 0.0220326 0.0274722 0.019289 0.0122259 0.0137695 0.0243392 0.0235809 0.0187071 0.0165304 0.0125187 0.0144001 0.016102 0.0141655 0.0203534 0.0383409 0.0238082 0.0203161 0.0213751 0.0163489 0.0116747 0.0202358 0.0185895 0.0243685 0.0196989 0.0166638 0.0211943 0.0244003 0.0262406 0.0211883 0.0210629 0.0150992 0.01675 0.0217959 0.0144052 0.0142126 0.0151491 0.0128726 0.0213321 0.0239687 0.0254196 0.0241181 0.0185252 0.0218726 0.0147426 0.00968513 0.0170007 0.0201162 0.0153096 0.00972856 0.00138136 
1.16055e-06 0.00492913 0.0229819 0.0163779 0.0137708 0.0160332 0.0155904 0.0157582 0.0138474 0.0214177 0.0224397 0.0209466 0.0282979 0.0226372 0.0137143 0.0176398 0.0188221 0.0183717 0.0179952 0.0201032 0.0199077 0.014748 0.0121599 0.0178563 0.0298233 0.0245616 0.0134355 0.0139287 0.017179 0.0161738 0.0145568 0.0124835 0.0217851 0.0194437 0.0181227 0.0206062 0.0201371 0.0150632 0.0233307 0.0219702 0.0171133 0.0188725 0.0196818 0.0186276 0.0210831 0.0294673 0.0231611 0.0154301 0.013464 0.0132861 0.0187031 0.0174189 0.0106947 0.0118995 0.0157145 0.0204722 0.0217315 0.0232395 0.0225151 0.0203505 0.0181314 0.0173459 0.0128087 0.0144896 0.0201666 0.0202829 0.0117742 0.00596209 0.000471238 
0 0.00578847 0.0205428 0.0178652 0.0118878 0.0107326 0.010005 0.0123311 0.015989 0.0237148 0.0186737 0.0197838 0.0202289 0.0186959 0.0197206 0.0158325 0.0126046 0.0178666 0.0193317 0.0194549 0.0169398 0.0177493 0.0232552 0.0241771 0.0237269 0.02054 0.0161522 0.0226738 0.0180272 0.0180283 0.0128673 0.0081488 0.0108606 0.0129005 0.0151266 0.0152102 0.0170053 0.0213382 0.0221548 0.0226182 0.0136261 0.0177319 0.0204954 0.0207989 0.0220364 0.0255012 0.0147434 0.0104636 0.0113303 0.0154129 0.0227209 0.0195568 0.0112665 0.0110349 0.0137655 0.019135 0.0204536 0.0221626 0.0187194 0.0148549 0.0154077 0.0145785 0.0164472 0.0110479 0.0187773 0.0145116 0.00609397 0.00326796 0.000197874 
1.71444e-05 0.00450323 0.0194434 0.0203971 0.0156678 0.00495966 0.0061545 0.0141406 0.0219636 0.0259392 0.0214774 0.0232777 0.0190311 0.0223859 0.0167817 0.0110199 0.0103777 0.0182632 0.0222781 0.0191881 0.0213022 0.0214247 0.0255444 0.0250288 0.0196672 0.0182701 0.0220454 0.0181588 0.0166677 0.0163875 0.0157003 0.0122785 0.0104086 0.0116062 0.0125445 0.0157293 0.0208395 0.024679 0.0209524 0.0108825 0.0129184 0.0255718 0.02158 0.018436 0.0197891 0.0207274 0.0160898 0.0138239 0.0167866 0.0205022 0.0332115 0.0213237 0.0113297 0.0123849 0.0145072 0.012825 0.019957 0.0250687 0.0146173 0.0091718 0.0172071 0.0207553 0.0154752 0.018536 0.0195978 0.0167985 0.0136612 0.00309328 0.000298533 
1.77765e-05 0.00278312 0.0143597 0.0197473 0.0174651 0.00833859 0.00860598 0.0123171 0.0212522 0.0239673 0.0184075 0.0264489 0.0218025 0.0215154 0.018877 0.0147041 0.00918071 0.0143544 0.0210566 0.0233278 0.0275206 0.0208298 0.0190599 0.0276938 0.0188997 0.0205507 0.0197829 0.0163802 0.0114586 0.0152805 0.0190551 0.0136161 0.0130011 0.0109104 0.012776 0.0165755 0.0236026 0.0264469 0.0216348 0.0169968 0.0175888 0.0191277 0.0203354 0.0189263 0.0127198 0.0188467 0.016888 0.0128408 0.0165268 0.0201896 0.027746 0.0227588 0.0157156 0.0093046 0.00679064 0.00460265 0.00819564 0.0210838 0.0165282 0.0133018 0.0215735 0.0193516 0.00911176 0.0126704 0.0170835 0.0119186 0.0100435 0.00294973 0.000418947 
0 0.00427222 0.0134993 0.0147238 0.0151396 0.0077551 0.00856176 0.0155305 0.0195203 0.0176028 0.0158439 0.0224755 0.02504 0.0241112 0.0211131 0.0219893 0.0167754 0.0197999 0.0198282 0.025967 0.0327042 0.025559 0.0189098 0.0264333 0.0213476 0.0203438 0.0206799 0.0189364 0.0182705 0.017349 0.0181149 0.0147721 0.0107794 0.0177774 0.0147861 0.0204689 0.0247313 0.0284166 0.0277175 0.0281694 0.0256927 0.0223569 0.0241176 0.0177609 0.0158595 0.0156887 0.0235208 0.023773 0.0175048 0.0207376 0.0215468 0.0192031 0.0201863 0.0153506 0.00643388 0.00474829 0.0102144 0.0197755 0.0164261 0.0147298 0.0150621 0.0117972 0.00745491 0.00811678 0.0102351 0.00549109 0.00367847 0.00173138 0.000428216 
0 0.00295595 0.0127589 0.0135518 0.0118075 0.00858054 0.013179 0.0178886 0.0224929 0.0211061 0.0169448 0.0226359 0.0287436 0.0264139 0.0291747 0.0248125 0.0261885 0.0275061 0.0223283 0.0343252 0.0397012 0.0260297 0.0237514 0.0237599 0.019671 0.0224956 0.0244371 0.0234188 0.0215484 0.0161911 0.0137492 0.0127754 0.00954909 0.0141588 0.0173361 0.0183957 0.0204787 0.0188609 0.0253526 0.0272011 0.0295373 0.0200134 0.0177951 0.0127536 0.0163825 0.0137319 0.0170346 0.0252715 0.0168288 0.0195267 0.0255325 0.0181489 0.0250897 0.0191503 0.0150705 0.0104446 0.0144927 0.0180865 0.0141392 0.014181 0.0102585 0.010078 0.00559819 0.012351 0.0152182 0.00724842 0.00363665 0.000368369 0.000272618 
0 0.00020469 0.00342188 0.00870102 0.00512809 0.00647902 0.00887578 0.012766 0.0208041 0.0213646 0.0253109 0.0180161 0.0235412 0.0217244 0.0256647 0.0197087 0.0205589 0.026883 0.0229431 0.0260658 0.0242572 0.0203437 0.0227772 0.020152 0.025195 0.02641 0.0265816 0.0234589 0.022626 0.024135 0.0148358 0.0135536 0.0139042 0.015272 0.0151307 0.0166644 0.0197645 0.0227337 0.0245329 0.0263554 0.0322903 0.0251889 0.0163658 0.0162113 0.0211368 0.0172367 0.0180927 0.0220569 0.0182319 0.0145821 0.0159434 0.0258303 0.0213102 0.020827 0.0155827 0.0133513 0.018294 0.0170007 0.0130302 0.0102604 0.00959558 0.00526376 0.0113631 0.0238911 0.0127888 0.00589513 0.00557162 0.000593883 0.000108939 
0 0 0.000288738 0.00172382 0.00169497 0.00744055 0.0123457 0.0121845 0.0163361 0.0205595 0.0239195 0.0151487 0.0185308 0.0249115 0.0224316 0.0223547 0.021791 0.016768 0.0192833 0.0186957 0.0160131 0.0215546 0.0251071 0.0190843 0.0208191 0.0247923 0.0269779 0.0269998 0.0217749 0.017416 0.0111034 0.0103308 0.0121472 0.0121843 0.0128166 0.0159187 0.0192019 0.0216695 0.0196673 0.0219196 0.0259807 0.0242534 0.0273384 0.0189715 0.0199087 0.0114265 0.016051 0.0156971 0.0140687 0.0177525 0.0142009 0.0167474 0.0153717 0.0211119 0.0218438 0.0247561 0.0243841 0.0145846 0.0140137 0.0142486 0.0125305 0.00657009 0.0200538 0.0423781 0.018294 0.00236449 0.00449822 0.00137274 0 
0 0 0 0.000137526 0.00468905 0.0103132 0.0116901 0.00517348 0.0113778 0.0161592 0.0200024 0.0182298 0.0176267 0.0183087 0.017005 0.0162993 0.018717 0.0197231 0.0183251 0.0189569 0.0153825 0.0194304 0.0167177 0.0191277 0.0164965 0.0242792 0.0301257 0.025872 0.0157412 0.0158107 0.012537 0.00831227 0.0104927 0.0121454 0.0122841 0.0144808 0.0164108 0.0182072 0.0132733 0.0169787 0.019746 0.0236482 0.0212712 0.0198093 0.0164555 0.0120112 0.0117064 0.0160283 0.017196 0.0157725 0.0105983 0.0168759 0.0185022 0.0267418 0.0269039 0.0187251 0.018281 0.0193348 0.0170125 0.0162357 0.0145694 0.0128458 0.014196 0.0143222 0.00931382 0.00359952 0.00266494 0.000709085 0 
0 0 0 0.000525865 0.00610051 0.00807402 0.00686323 0.00550869 0.00689946 0.0106627 0.0172545 0.0157583 0.0156677 0.0147895 0.0187133 0.0236961 0.0152511 0.0142564 0.0202903 0.0248521 0.0249215 0.0163129 0.0146254 0.0175212 0.0221219 0.0197075 0.0203906 0.0214555 0.0232515 0.0221989 0.0143304 0.0117784 0.0145813 0.0107471 0.0153969 0.0144699 0.0131797 0.0100649 0.0145807 0.0147683 0.0132946 0.0197503 0.0172245 0.0175863 0.0169099 0.0167034 0.0161393 0.0175478 0.0195472 0.0178909 0.0135556 0.0208806 0.0160983 0.0247655 0.0242686 0.0162781 0.0217453 0.0247317 0.0203119 0.0185035 0.0182015 0.0214271 0.0142818 0.00826728 0.0105278 0.00755091 0.00301927 7.66838e-05 0 
0 0 0 0.000185899 0.00351228 0.00673497 0.0199307 0.021439 0.00860316 0.00661999 0.0141706 0.0166817 0.0213893 0.0169715 0.0203146 0.0195968 0.0202982 0.023989 0.0257765 0.0245582 0.0282316 0.0232581 0.0193768 0.025224 0.0260417 0.0293253 0.0211991 0.0196961 0.0173213 0.0156071 0.0119532 0.0134789 0.0165649 0.0137568 0.0139212 0.0113728 0.0137714 0.0154422 0.0163168 0.01814 0.0153748 0.02294 0.0198392 0.0137259 0.0114392 0.0134822 0.0171813 0.0191333 0.020602 0.0207782 0.0197402 0.0228779 0.0204999 0.0223795 0.0158804 0.0195306 0.0222699 0.0193454 0.0163228 0.0136893 0.0149582 0.0213158 0.0157518 0.0142877 0.0125607 0.00547516 0.00204772 0 0 
0 0 0 0 0.00173173 0.0123752 0.0431244 0.043067 0.0168573 0.00949573 0.014446 0.018276 0.0269216 0.018809 0.0235503 0.0221538 0.0184033 0.0196063 0.026895 0.022721 0.0243175 0.0262467 0.0250696 0.0290579 0.0283779 0.0381187 0.034763 0.0241419 0.0173416 0.0142465 0.0103693 0.0128132 0.0119594 0.0134468 0.0142521 0.0135032 0.0172824 0.0136041 0.0128102 0.0182703 0.0143049 0.0181981 0.0179534 0.0138221 0.0171898 0.0211411 0.0190112 0.0151524 0.022897 0.017809 0.0173626 0.021416 0.0190186 0.0166552 0.0169351 0.0221004 0.0230254 0.0200316 0.0124155 0.0122108 0.0173651 0.0207244 0.0165524 0.0171058 0.0119076 0.00348887 0.00062751 0 0 
0 0 0 0 0.00104194 0.00735432 0.0258859 0.0364195 0.0136795 0.00893597 0.0155871 0.0101974 0.0114463 0.0133085 0.0144322 0.0112234 0.0130964 0.0195958 0.0194738 0.0211477 0.0252752 0.0236694 0.0205965 0.0347032 0.0323932 0.0300064 0.0278703 0.0254504 0.0213156 0.0169648 0.0121302 0.0103249 0.0115213 0.0114543 0.0188295 0.0314929 0.0396993 0.0187348 0.00769342 0.00974691 0.0107699 0.0131438 0.0135952 0.0108373 0.0168717 0.0242926 0.0250571 0.0201984 0.0223166 0.0165622 0.0142104 0.0173064 0.0154056 0.0180266 0.0165751 0.0158657 0.0176218 0.0167432 0.00883079 0.0116697 0.0157661 0.018722 0.0130077 0.0107804 0.00651021 0.00189331 0 0 0 
0 0 0 0 0.000139278 0.00139676 0.00556214 0.00840694 0.0087223 0.010293 0.0110003 0.00654186 0.00482357 0.0070082 0.0117669 0.0217888 0.0203875 0.0217237 0.0200337 0.019415 0.0216324 0.0185054 0.0263116 0.0301343 0.0325386 0.0220446 0.0215581 0.0230506 0.0202994 0.0177613 0.0155083 0.0122533 0.0140143 0.0140789 0.0249564 0.0357519 0.0432265 0.018972 0.0104932 0.00942396 0.00938737 0.00840321 0.0158191 0.0170137 0.0140637 0.0175532 0.0191934 0.0180853 0.0136944 0.0138221 0.0143242 0.0180545 0.017876 0.0227717 0.01636 0.0182789 0.0149798 0.00873013 0.00642593 0.00945852 0.0117019 0.00531719 0.00309599 0.00309405 0.00136338 0.000148282 0 0 0 
0 0 0 0 0 0 0.000337396 0.00528531 0.00514445 0.0109624 0.0147753 0.0260537 0.0124693 0.00680205 0.00842029 0.00853589 0.0158162 0.0196854 0.0260362 0.0243061 0.0200802 0.0178865 0.0211738 0.0248162 0.0301346 0.0253209 0.0259609 0.0281537 0.0175916 0.0105557 0.0125674 0.0126831 0.0150777 0.0192318 0.0241654 0.0215683 0.0252488 0.0175362 0.0116358 0.00873654 0.00297216 0.0021129 0.00840325 0.013354 0.0150016 0.0165315 0.01652 0.0220699 0.0149857 0.0159296 0.0140106 0.0226941 0.020682 0.0180629 0.0143796 0.0118126 0.0107496 0.00520856 0.00622958 0.0110969 0.0104031 0.00414171 0.0012901 0.000299656 2.61726e-05 0 0 0 0 
0 0 0 0 0 0 5.6585e-07 0.00336654 0.00541201 0.00585808 0.0125361 0.0237602 0.0177883 0.0151955 0.0128999 0.00822855 0.0124209 0.0258927 0.040695 0.026958 0.0154186 0.017464 0.0176904 0.0184663 0.0251465 0.0239218 0.0252395 0.0222034 0.0173595 0.0103957 0.0108885 0.0131755 0.0190761 0.0136533 0.0104863 0.0128049 0.0202275 0.0186254 0.0154326 0.00983723 0.00239372 0.000555024 0.00545252 0.0112223 0.0104276 0.0147513 0.0181422 0.0190114 0.016753 0.017256 0.0198672 0.028445 0.0187708 0.0190231 0.0148702 0.0148412 0.00745549 0.00321883 0.00813084 0.00945426 0.00871427 0.00567322 0.0010096 0.000308692 0 0 0 0 0 
0 0 0 0 0 0 0 0.00051281 0.00511598 0.00778111 0.00930151 0.00592327 0.00544554 0.0165783 0.012414 0.0121071 0.00945772 0.0149061 0.0196243 0.00953846 0.00836615 0.00826684 0.0149264 0.0197818 0.0185762 0.0156594 0.0185568 0.0250477 0.0188294 0.00905283 0.0116389 0.0125037 0.0220143 0.0162909 0.0218854 0.0181066 0.020056 0.0181145 0.0143576 0.0104555 0.00208988 0.00252205 0.00883917 0.0163128 0.0159755 0.0176585 0.0215585 0.0207351 0.0187623 0.0172703 0.0176916 0.0229647 0.0174655 0.0112557 0.0115744 0.0114635 0.00664458 0.00496917 0.00585763 0.00623827 0.0054843 0.00189966 0.000111682 0.000260621 0 0 0 0 0 
0 0 0 0 0 0 0 3.13921e-06 0.0038808 0.00838595 0.00852005 0.00265632 0.00399445 0.0161267 0.0116987 0.0086834 0.0210591 0.0191062 0.011115 0.0036831 0.00446858 0.00691835 0.0122283 0.016755 0.0186575 0.0201775 0.0251853 0.02764 0.0183767 0.0155252 0.00889026 0.0102739 0.0183912 0.0172862 0.0215908 0.0195034 0.0233172 0.0219456 0.0180865 0.0158796 0.0080202 0.00261516 0.0124827 0.0190805 0.0185323 0.0221694 0.0190485 0.0166509 0.0214366 0.0184098 0.02349 0.0315648 0.0203772 0.00716583 0.00928433 0.00765854 0.0164811 0.0192589 0.00677479 0.00289481 0.0025277 0.00129947 0 0 0 0 0 0 0 
0 0 0 0 0 0 0 1.01231e-06 0.000665906 0.00371198 0.0113046 0.00838356 0.00671337 0.0170239 0.0138745 0.00789074 0.0229129 0.0193893 0.0153245 0.00579403 0.00165631 0.00377079 0.00905594 0.0189353 0.0223805 0.0183321 0.0196576 0.0205785 0.0177016 0.0221502 0.0170857 0.0133194 0.0182279 0.0119141 0.0124564 0.0108613 0.0230658 0.0250339 0.018972 0.0142336 0.0151829 0.00640045 0.00906359 0.0216665 0.0280877 0.0623481 0.0475258 0.014117 0.0187631 0.0208461 0.0325054 0.0750803 0.0372272 0.0104421 0.0073472 0.0139565 0.0279743 0.0308366 0.0112497 0.00704936 0.0020108 0.000372413 0 0 0 0 0 0 0 
0 0 0 0 0 0 0 0 1.91787e-05 0.00139617 0.00755431 0.0137396 0.0146288 0.0159722 0.0186476 0.016176 0.0200204 0.0186144 0.0141303 0.00693786 0.000844557 0.00214271 0.0106941 0.0207149 0.0196313 0.0203392 0.0264553 0.0267565 0.0257758 0.0213104 0.0204603 0.0256814 0.0245017 0.0143292 0.00996964 0.0153066 0.0260215 0.0262724 0.0203529 0.0158881 0.0126942 0.00776736 0.0103825 0.0212144 0.0232966 0.0513185 0.0388933 0.0189901 0.0099087 0.0217272 0.032607 0.0481062 0.0296007 0.00808097 0.00468922 0.00949815 0.0164906 0.013324 0.0113402 0.0137291 0.00214625 2.75591e-05 0 0 0 0 0 0 0 
0 0 0 0 0 0 0 0 0 0.000256976 0.00472205 0.0123911 0.0164277 0.0157672 0.0165445 0.0167943 0.0180813 0.0188631 0.0130773 0.00506781 0.000361121 0.00448841 0.0108018 0.0148961 0.0203234 0.022607 0.0192113 0.0212478 0.0204503 0.0176918 0.0287099 0.030931 0.0215556 0.0165591 0.0100551 0.0124554 0.0278688 0.0260259 0.0297782 0.0205141 0.00836799 0.00434357 0.00948996 0.0114388 0.0151008 0.0149908 0.0195806 0.0138577 0.0122531 0.0191968 0.0205286 0.015569 0.0111261 0.00388265 0.00341092 0.00497004 0.00739995 0.00751214 0.0102898 0.00984072 0.000809027 0 0 0 0 0 0 0 0 
0 0 0 0 0 0 0 0 0 8.15032e-06 0.0010704 0.00457331 0.0125053 0.00749601 0.00376798 0.00397833 0.0112534 0.0124447 0.00826506 0.0013046 5.74897e-05 0.00659317 0.0136382 0.0184675 0.0200956 0.0352804 0.024736 0.0230944 0.0242673 0.0228913 0.0256098 0.0205976 0.0170261 0.0195236 0.0109654 0.00966594 0.0191617 0.0196238 0.0279006 0.0243482 0.0116085 0.00649236 0.00510488 0.00921622 0.0113217 0.0127824 0.0120162 0.0109553 0.0106972 0.0103555 0.0185712 0.0126151 0.00559144 0.00796222 0.00675256 0.00372438 0.00266561 0.00158942 0.00204001 0.00249055 0.000218939 0 0 0 0 0 0 0 0 
0 0 0 0 0 0 0 0 0 0 3.82076e-06 0.000206042 0.00219461 0.00062198 0.000273329 0.000997644 0.00852584 0.00645373 0.000988732 0 0.000685617 0.0113751 0.0171719 0.0188082 0.0160458 0.0237531 0.0198857 0.0216682 0.0227456 0.0225759 0.0198738 0.0191849 0.0174034 0.0191709 0.014656 0.0192919 0.0227263 0.0257382 0.0323585 0.0296646 0.0181222 0.0137548 0.00848319 0.0109294 0.0164487 0.0157862 0.0123527 0.0144481 0.0144557 0.0102525 0.00643191 0.00323666 0.00209821 0.00433144 0.00705981 0.00233458 0.0017496 0.000382157 5.59418e-05 6.46531e-05 0 0 0 0 0 0 0 0 0 
0 0 0 0 0 0 0 0 0 0 0 0 0.000126392 1.74295e-05 0 0.00074291 0.00378145 0.0019639 7.98361e-05 0 0.00236465 0.0116253 0.0165193 0.0216136 0.0152831 0.0152695 0.0143705 0.0147689 0.0161002 0.014051 0.015943 0.0172948 0.0149033 0.0164422 0.026216 0.0239022 0.0205194 0.0147216 0.023982 0.023809 0.0250234 0.0300596 0.0259474 0.0184496 0.0193757 0.0149405 0.0114477 0.0156778 0.0111472 0.0083383 0.00643924 0.00102487 0.00291508 0.00238949 0.00194382 0.00178454 3.29336e-05 1.69416e-06 0 0 0 0 0 0 0 0 0 0 0 
0 0 0 0 0 0 0 0 0 0 0 0 0 0 0 0.000445959 0.000646547 4.49067e-06 0.000262733 0.00251497 0.00533129 0.0155214 0.0177864 0.0202027 0.0208496 0.0466544 0.02733 0.0155408 0.0118441 0.0120816 0.0192355 0.0207712 0.0201863 0.0183833 0.0237598 0.0253402 0.0273149 0.0211074 0.0204647 0.0261461 0.0378907 0.0503395 0.0465779 0.0237662 0.0195188 0.0176304 0.016506 0.0158522 0.0126169 0.0122206 0.00786011 0.00214981 0.00652374 0.0020641 0.000421507 0.000427422 0 0 0 0 0 0 0 0 0 0 0 0 0 
0 0 0 0 0 0 0 0 0 0 0 0 0 0 0 0 0 0.000344369 0.00851125 0.0150571 0.0139652 0.0214334 0.0169589 0.017828 0.0308584 0.0871495 0.0420435 0.0138379 0.0153364 0.0161664 0.0278665 0.0387777 0.033624 0.0288865 0.0220759 0.0175347 0.0212779 0.033637 0.0347294 0.0299729 0.0359145 0.0421138 0.0382264 0.0238279 0.0174011 0.019829 0.0162714 0.0230949 0.0155312 0.0168213 0.0144854 0.00377303 0.00306898 0.00301347 0.000298755 0 0 0 0 0 0 0 0 0 0 0 0 0 0 
0 0 0 0 0 0 0 0 0 0 0 0 0 0 0 0 0 0.000906932 0.00895027 0.012457 0.0184431 0.0176093 0.0187033 0.016644 0.0200595 0.0280901 0.0201858 0.0210607 0.0197488 0.0208741 0.0316928 0.0399437 0.0334865 0.0289623 0.0188443 0.0160854 0.0196238 0.0284392 0.037581 0.0376555 0.0268098 0.015547 0.0146909 0.0168622 0.0176475 0.0135057 0.0129112 0.0135825 0.0101292 0.0125998 0.0134885 0.00414896 0.00200303 0.00125702 1.48821e-05 0 0 0 0 0 0 0 0 0 0 0 0 0 0 
0 0 0 0 0 0 0 0 0 0 0 0 0 0 0 0 0 0.00014437 0.00156017 0.00400831 0.0123529 0.0151989 0.0177007 0.0200291 0.0205761 0.0179744 0.0173415 0.022599 0.0234805 0.0227773 0.0307412 0.0340719 0.0342051 0.0336989 0.0238776 0.0149843 0.0195883 0.0185621 0.0473048 0.0650486 0.0344992 0.0153243 0.0109884 0.0177208 0.0150629 0.00921819 0.00997368 0.00814473 0.00388824 0.00133209 0.00135552 0.000780528 0.000770125 0 0 0 0 0 0 0 0 0 0 0 0 0 0 0 0 
0 0 0 0 0 0 0 0 0 0 0 0 0 0 0 0 0 0 0 0.00095855 0.00296721 0.00543887 0.010309 0.0138451 0.0236196 0.0178629 0.0226107 0.0261876 0.0222867 0.0212585 0.0252573 0.0263976 0.0218803 0.0303803 0.0348289 0.0216118 0.0247824 0.0211135 0.0330884 0.0516434 0.0351212 0.0189331 0.0105625 0.0167482 0.0143474 0.0118751 0.00601689 0.00202742 0.000636116 0.000447747 3.53994e-05 0 0 0 0 0 0 0 0 0 0 0 0 0 0 0 0 0 0 
0 0 0 0 0 0 0 0 0 0 0 0 0 0 0 0 0 0 0 0 0.000102867 0.000359319 0.00304173 0.00889151 0.0191062 0.010786 0.0104414 0.0124791 0.0152369 0.016931 0.0208813 0.0235892 0.0172857 0.0277227 0.0374766 0.0310528 0.0178438 0.0144109 0.0206364 0.0222555 0.018629 0.0106622 0.0120554 0.0123276 0.0133712 0.00806254 0.00061806 0.000106908 0 0 0 0 0 0 0 0 0 0 0 0 0 0 0 0 0 0 0 0 0 
0 0 0 0 0 0 0 0 0 0 0 0 0 0 0 0 0 0 0 0 0 0 8.02249e-05 0.000926106 0.00385701 0.00267009 0.00211884 0.00394044 0.00593992 0.00806694 0.011245 0.01818 0.0166323 0.0214744 0.0306735 0.0282605 0.0150391 0.00210557 0.00351868 0.00194304 0.00377225 0.00180045 0.00336817 0.00425704 0.00408898 0.00222741 7.00011e-05 0 0 0 0 0 0 0 0 0 0 0 0 0 0 0 0 0 0 0 0 0 0 
0 0 0 0 0 0 0 0 0 0 0 0 0 0 0 0 0 0 0 0 0 0 0 0 0 0 0.000256418 0.000209593 0.000334929 0.000958921 0.00232425 0.00137865 0.00232162 0.00405295 0.00720384 0.00661944 0.00364607 3.73046e-05 0 0 0.000100684 3.70287e-05 0.000141972 0.00030696 1.3492e-05 0 0 0 0 0 0 0 0 0 0 0 0 0 0 0 0 0 0 0 0 0 0 0 0 

