0 0 0 0 0 0 0 0 0 0 0 0 0 0 0 0 0 0 0 0 0 0 0 0 0 0 0 0 0 7.62097e-06 3.84264e-05 0.000382523 0.000931582 0.00103671 0.000119758 0 0 0 0.00013851 0.00021731 4.11253e-05 0 0 0 0 0 0 0 0 0 0 0 0 0 0 0 0 0 0 0 0 0 0 0 0 0 0 0 0 
0 0 0 0 0 0 0 0 0 0 0 0 0 0 0 0 0 0 0 0 0 0 0 0 0 0 0 0.00133512 0.00732468 0.00692409 0.00787935 0.0150115 0.00977906 0.00899274 0.00519552 0.00297716 0.00382832 0.00512887 0.00695358 0.0089125 0.0021101 0.00141063 0.000404144 0.000117493 0.000134117 0 0 0 0 0 0 0 0 0 0 0 0 0 0 0 0 0 0 0 0 0 0 0 0 
0 0 0 0 0 0 0 0 0 0 0 0 0 0 0 0 0 0 0 0 0 0 3.57349e-05 0.000419724 0.00169825 0.00229605 0.0043711 0.00820867 0.0236555 0.0283333 0.0191152 0.0178383 0.013167 0.0139755 0.015554 0.0204282 0.0182613 0.0140751 0.0130509 0.0222177 0.0141067 0.0130384 0.0105144 0.0119925 0.0068547 0.00120587 6.37686e-05 0 0 0 0 0 0 0 0 0 0 0 0 0 0 0 0 0 0 0 0 0 0 
0 0 0 0 0 0 0 0 0 0 0 0 0 0 0 0 0 0 0 0 0 0 0.00223118 0.00511438 0.0111588 0.0103627 0.0141393 0.0141903 0.0249902 0.0246373 0.0205169 0.0230989 0.0172431 0.015008 0.0184545 0.0278185 0.0219502 0.0121195 0.0137469 0.0346024 0.0246409 0.0181296 0.0203096 0.0254867 0.0183702 0.00712629 0.000417839 0.000369303 0.000593303 0.000183941 8.70638e-06 0 0 0 0 0 0 0 0 0 0 0 0 0 0 0 0 0 0 
0 0 0 0 0 0 0 0 0 0 0 0 0 0 0 0 0 0 0 2.74562e-06 0.000685833 0.00181096 0.00843561 0.0142267 0.016795 0.015728 0.0175549 0.0138103 0.0141707 0.0178364 0.023513 0.0255183 0.0176783 0.0127157 0.0164269 0.0276356 0.0195753 0.0108806 0.0167474 0.0369865 0.033729 0.0276944 0.0254004 0.03262 0.0262934 0.0139619 0.00665132 0.00350489 0.0024792 0.00350818 0.000743592 0 0 0 0 0 0 0 0 0 0 0 0 0 0 0 0 0 0 
0 0 0 0 0 0 0 0 0 0 0 0 0 0 0 0 0 0 0 0.000199848 0.00388085 0.00962392 0.0149193 0.0194873 0.0208495 0.0260298 0.0242632 0.0211492 0.0224884 0.0227092 0.0202094 0.0175848 0.0146178 0.0148787 0.016881 0.0182006 0.0186302 0.0164226 0.0135976 0.0277923 0.0312661 0.0354093 0.0325141 0.0366077 0.0259072 0.0191369 0.0184499 0.020454 0.0157569 0.012078 0.0071211 0.000990729 9.26838e-05 0 0 0 0 0 0 0 0 0 0 0 0 0 0 0 0 
0 0 0 0 0 0 0 0 0 0 0 0 0 0 0 0.00030442 0.0013896 0.00310471 0.00282362 0.00182538 0.0024166 0.00744027 0.0146993 0.019533 0.0216881 0.0233804 0.0161414 0.0140349 0.0204876 0.0220691 0.0199855 0.0159919 0.0213809 0.0266881 0.0270228 0.0184041 0.017201 0.0168228 0.0177555 0.0307652 0.0333788 0.0271965 0.0267351 0.0254184 0.0287605 0.0202571 0.0281875 0.0286285 0.0366169 0.0236452 0.0254548 0.0183624 0.0095063 0.00199642 2.81956e-05 0 0 0 0 0 0 0 0 0 0 0 0 0 0 
0 0 0 0 0 0 0 0 0 0 0 0 0 0 0.00282173 0.0069418 0.00894276 0.0119271 0.0135984 0.0131609 0.01121 0.0091666 0.00651849 0.0109088 0.0138819 0.0234867 0.0188492 0.0118615 0.0210872 0.0227265 0.0197615 0.0179102 0.0174123 0.0281715 0.0228543 0.0143016 0.0143902 0.0179962 0.0212049 0.0215588 0.0177141 0.016637 0.0245433 0.0365595 0.0319995 0.0216631 0.0242235 0.0215891 0.0313006 0.027601 0.0348565 0.0273882 0.0319687 0.00808923 4.28704e-05 0 0 0 0 0 0 0 0 0 0 0 0 0 0 
0 0 0 0 0 0 0 0 0 0 0 0 0 0.000485382 0.00895183 0.0155161 0.0207427 0.0159292 0.0163995 0.0173879 0.0186175 0.0169554 0.0118562 0.0117195 0.0133868 0.0227813 0.014345 0.0172971 0.0185408 0.0209148 0.0249998 0.0223326 0.0166878 0.0231834 0.0212255 0.0146158 0.0163821 0.0195209 0.0224252 0.0246417 0.0147966 0.0209778 0.025138 0.0308116 0.0242523 0.0230828 0.0257813 0.0243588 0.0236715 0.0233848 0.0243713 0.0190856 0.0211577 0.0111428 0.00139263 0.000588141 0.00010248 0 0 0 0 0 0 0 0 0 0 0 0 
0 0 0 0 0 0 0 0 0 0 0 0 5.70802e-05 0.00141648 0.00634366 0.0106702 0.0245206 0.0247524 0.0146763 0.0139583 0.0170756 0.0152225 0.016903 0.0179185 0.0189225 0.0226213 0.0163642 0.0188623 0.0212928 0.0231805 0.0255784 0.0245866 0.0185941 0.02121 0.021378 0.0126191 0.0184121 0.0244425 0.0241874 0.0178016 0.0224646 0.0318661 0.0373961 0.0341566 0.0255308 0.0260511 0.0258546 0.0256671 0.0229363 0.0232305 0.0223078 0.022234 0.0170631 0.0117229 0.00375203 0.00682219 0.00289439 0.000401877 0 0 0 0 0 0 0 0 0 0 0 
0 0 0 0 0 0 0 0 0 0 1.65458e-05 0.000985044 0.00307971 0.00668806 0.00984607 0.0175424 0.0195498 0.024112 0.0181405 0.0271737 0.0263492 0.0150643 0.0187919 0.0213781 0.0252472 0.0260297 0.0165133 0.0152633 0.0217683 0.022427 0.0257961 0.027113 0.0211442 0.0234006 0.0196644 0.0154058 0.0206633 0.0294171 0.0239434 0.0198642 0.0230007 0.0281572 0.0343679 0.0195672 0.0232936 0.0226149 0.0251106 0.0283204 0.0307681 0.0293271 0.022549 0.0295089 0.0188411 0.0178139 0.00813342 0.00778866 0.00558488 0.00311611 0.00270379 7.88353e-05 0 0 0 0 0 0 0 0 0 
0 0 0 0 0 0 0 0 0 4.8946e-06 0.00164224 0.00488665 0.00671759 0.0100993 0.0143154 0.0192606 0.0265469 0.0237998 0.0181481 0.0242919 0.0280725 0.022579 0.0211119 0.0175503 0.0195778 0.023434 0.0174963 0.0128086 0.0181298 0.0235691 0.0238056 0.0218867 0.0243079 0.0223446 0.0157683 0.0153435 0.0237524 0.0422994 0.0392924 0.0330186 0.0258539 0.0239973 0.0198432 0.0179059 0.020654 0.0211766 0.0190968 0.0229429 0.0238941 0.0322521 0.0288971 0.02933 0.0232772 0.0213947 0.0104313 0.00459098 0.00860435 0.00711915 0.00702442 0.00159706 6.16458e-06 0 0 0 0 0 0 0 0 
0 0 0 0 0 0 0 0 0 0.000265808 0.00372243 0.0101017 0.00658066 0.00644893 0.00569219 0.0123413 0.014185 0.0128454 0.0142718 0.0244828 0.0330449 0.025917 0.0175306 0.0146293 0.0204123 0.021292 0.017537 0.0208616 0.0159052 0.0133336 0.0135386 0.0149487 0.0234296 0.0215633 0.0217222 0.0182392 0.0265546 0.0366183 0.042536 0.030893 0.0279337 0.0230627 0.0143538 0.0142088 0.0199458 0.026073 0.0239522 0.0244597 0.024479 0.0332504 0.0307599 0.0284408 0.0338997 0.0303086 0.022946 0.0140562 0.0228141 0.0144833 0.00481107 0.00329299 0.000474632 0 0 0 0 0 0 0 0 
0 0 0 0 0 0 0 0 0 0.00112129 0.00493613 0.00849644 0.0096457 0.0104712 0.00645 0.00282865 0.00328707 0.00775237 0.0145437 0.0188011 0.0218927 0.0201368 0.0180029 0.0148849 0.0229077 0.0254373 0.0259394 0.0227884 0.0192977 0.0161042 0.0131292 0.0163457 0.024972 0.0232454 0.029367 0.020864 0.021193 0.0298399 0.029366 0.0292792 0.0175892 0.011958 0.0121797 0.0164411 0.0221169 0.0302786 0.0301957 0.0271558 0.0228158 0.0245647 0.0253132 0.0245607 0.0335485 0.0344851 0.0415904 0.0421526 0.0304612 0.0177503 0.0023758 0.00128542 0.0013995 0.000142073 6.90987e-05 0 0 0 0 0 0 
0 0 0 0 0 0 0 0 0 0.000806887 0.00761497 0.00941253 0.00846724 0.00356257 0.00531121 0.00445754 0.00406608 0.0150133 0.0229824 0.0218412 0.0184728 0.0191543 0.0140242 0.0130912 0.0167854 0.0228024 0.0217163 0.0183139 0.0170774 0.0148966 0.0239378 0.0218887 0.0297441 0.0277207 0.0228963 0.024972 0.0224585 0.0185956 0.0181284 0.0145021 0.0138314 0.0127298 0.020537 0.0233061 0.0255949 0.0314353 0.0245547 0.0236884 0.020396 0.0236373 0.0242371 0.0253113 0.0377257 0.0411738 0.0409578 0.0311146 0.0288585 0.0183949 0.0064667 0.00485303 0.00394022 0.00281012 0.00092693 0 0 0 0 0 0 
0 0 0 0 0 0 0 0 0 0.000118216 0.00343428 0.0046761 0.00311456 0.00181686 0.00155665 0.00199885 0.00965433 0.0195739 0.0247482 0.0230575 0.019927 0.0201714 0.0121706 0.00980014 0.0139043 0.0198155 0.0195281 0.0156038 0.0174699 0.0166845 0.0251098 0.027389 0.0291108 0.026083 0.0188263 0.0182767 0.0172045 0.012835 0.0143627 0.018156 0.0207631 0.0229529 0.0286579 0.0295836 0.028065 0.0316233 0.0194588 0.0219653 0.0233163 0.0179103 0.0221633 0.0229248 0.0499001 0.0485203 0.034528 0.0271314 0.0248726 0.0160684 0.0122393 0.00641389 0.00665312 0.00501936 0.00181414 0 0 0 0 0 0 
0 0 0 0 0 0 3.95232e-05 0.000594372 0.000782122 0.000716229 0.00041849 0.000685405 0.00186769 0.00337713 0.00366163 0.0051808 0.016161 0.0214769 0.0194627 0.0219748 0.0225461 0.0163146 0.014263 0.0183528 0.0176388 0.0194401 0.0178252 0.0146152 0.0180316 0.0163652 0.0209373 0.031065 0.0303607 0.0189134 0.014983 0.0170453 0.0159744 0.0194604 0.0213806 0.0222914 0.0272954 0.0187784 0.0242678 0.0224865 0.0277514 0.0310304 0.0230704 0.0189335 0.0224885 0.0279756 0.0280352 0.0263463 0.0304569 0.029073 0.034251 0.0268948 0.0238039 0.0226289 0.010482 0.00714215 0.00843218 0.0063265 0.00419512 0.00037775 0 0 0 0 0 
0 0 0 0 0 0.000280673 0.00419363 0.0082813 0.00505481 0.00840191 0.00646597 0.00279325 0.00621999 0.0072189 0.00708514 0.00942618 0.00954113 0.0152758 0.0158519 0.0215418 0.0206987 0.0168613 0.016156 0.0241632 0.0275585 0.0188504 0.017401 0.0188269 0.0209499 0.021177 0.0215759 0.025016 0.0224371 0.0215636 0.0242165 0.020338 0.0253287 0.0230334 0.0263447 0.0222421 0.0237603 0.0186689 0.0250278 0.0233064 0.0260098 0.0276608 0.0257761 0.0230205 0.0328071 0.0351126 0.0280711 0.0259997 0.0241548 0.0255748 0.0286342 0.0263296 0.025504 0.0217208 0.0155525 0.0153528 0.0144206 0.0061191 0.00541291 0.000630475 0 0 0 0 0 
0 0 0 0 0 0.00274108 0.0165498 0.0132758 0.0126995 0.0147964 0.0157626 0.00889196 0.0114764 0.0108912 0.0103679 0.0125186 0.0131742 0.015254 0.0165473 0.020124 0.0217652 0.0185743 0.0157889 0.0205398 0.022853 0.019166 0.019832 0.0253444 0.0179034 0.0248403 0.0251684 0.0255933 0.0147762 0.0163754 0.0229547 0.0268861 0.0254355 0.0244277 0.019313 0.0227594 0.0244843 0.0231426 0.0215613 0.0236067 0.0328473 0.0287368 0.0236647 0.0241098 0.0275142 0.0319333 0.0259732 0.0219945 0.027194 0.0225537 0.0211099 0.0259012 0.0282656 0.0206595 0.0216684 0.0152133 0.0121356 0.0151543 0.0186953 0.00702192 0.000194427 0 0 0 0 
0 0 0 0 9.91269e-06 0.00502944 0.0140499 0.0134797 0.0153565 0.015534 0.0161721 0.0127923 0.0153915 0.0233546 0.0163339 0.0165274 0.0164036 0.0158626 0.0220655 0.0195996 0.021154 0.0173565 0.0176697 0.0254762 0.0214418 0.0149797 0.0204665 0.0234385 0.0183267 0.0202685 0.0179974 0.0265665 0.0161401 0.0170611 0.0247504 0.0258029 0.0167386 0.0172251 0.0186704 0.0262208 0.022294 0.0217697 0.0293889 0.032927 0.0262816 0.0244423 0.0203991 0.0203698 0.0224173 0.0181774 0.0242989 0.0266673 0.0255741 0.0195161 0.0182664 0.0251706 0.0247731 0.018585 0.0140316 0.0111649 0.0152119 0.0200848 0.0197769 0.00849981 0.000143569 0 0 0 0 
0 0 0 3.13571e-07 0.000239236 0.00735498 0.0143913 0.0170121 0.0138365 0.0149541 0.0139743 0.0167576 0.0165822 0.0198505 0.019794 0.022006 0.0160218 0.0145801 0.0147267 0.0158943 0.0241631 0.0160467 0.0212317 0.0217502 0.0253943 0.0214731 0.0199212 0.0243926 0.0207153 0.0200599 0.0185287 0.0156725 0.0239509 0.0205365 0.0277819 0.0276853 0.0215146 0.0216164 0.0210547 0.030667 0.0299484 0.0275288 0.0420535 0.0398201 0.026031 0.0229497 0.0244385 0.0237589 0.0256994 0.0222677 0.0221044 0.0258158 0.0256061 0.0164973 0.0255183 0.0182502 0.0184898 0.0180315 0.0223694 0.0172238 0.0187748 0.0187092 0.0118116 0.00484673 0.000342043 0.000204443 0 0 0 
0 0 0 4.25723e-05 0.00155973 0.00571165 0.011765 0.0112275 0.0163662 0.0142067 0.00864745 0.016104 0.0227373 0.0165788 0.0187996 0.0202386 0.0198443 0.0189563 0.0210583 0.0254932 0.0253814 0.0209053 0.0209396 0.0192894 0.0196618 0.0169787 0.0178717 0.0223865 0.0228999 0.022333 0.0234796 0.020384 0.0171306 0.015119 0.021458 0.0263268 0.0239098 0.0191439 0.017178 0.0202866 0.0299761 0.0338869 0.0370406 0.0423872 0.0299724 0.0230523 0.0272166 0.0320109 0.0329923 0.0277453 0.0297042 0.0232589 0.0206507 0.019943 0.0269577 0.0216448 0.02008 0.020806 0.0278921 0.025289 0.0197421 0.0202781 0.0147802 0.00839729 0.00874517 0.00688026 0.000386003 0 0 
0 0 0 3.92603e-05 0.00196421 0.0056258 0.0105113 0.016526 0.0137837 0.00987924 0.0125726 0.0143973 0.0107414 0.0137935 0.0164003 0.023663 0.0256113 0.0184677 0.0213968 0.0238494 0.0246144 0.02037 0.0221791 0.0263325 0.0234651 0.0253264 0.019382 0.0202674 0.0175127 0.0210393 0.0191865 0.018984 0.0154234 0.0103508 0.0165765 0.0235692 0.0160748 0.0197359 0.0228078 0.0210121 0.0237117 0.0374114 0.0462143 0.0421787 0.034248 0.0233862 0.0255548 0.029061 0.0293906 0.0330446 0.0349037 0.0278592 0.0234536 0.0216279 0.0322539 0.0314073 0.0209963 0.0229493 0.0287435 0.0320386 0.0255333 0.024056 0.0215224 0.0219269 0.0156978 0.0112045 0.00229587 0 0 
0 0 0 0.000969174 0.0069893 0.0192748 0.0170025 0.0163225 0.0126381 0.00950486 0.0105016 0.0140422 0.0113088 0.019269 0.0198357 0.0299343 0.0272245 0.0273982 0.0229323 0.0221388 0.0258277 0.0183445 0.0164639 0.0204488 0.021448 0.0305323 0.0281118 0.0246015 0.0170501 0.0190867 0.0205761 0.0181785 0.0175669 0.016968 0.0243123 0.0289949 0.0212083 0.0207109 0.0235342 0.0233826 0.0242198 0.0381552 0.0468932 0.0310841 0.0299075 0.0230909 0.0275247 0.0290061 0.0257977 0.0408289 0.0468787 0.0399924 0.0353344 0.0228215 0.0255656 0.0332608 0.0296693 0.0290684 0.0247535 0.0311004 0.0271589 0.018344 0.016829 0.0127941 0.0149619 0.00555557 0.00154032 0 0 
0 0 0.000769865 0.00168726 0.010052 0.0195382 0.0237985 0.0168802 0.0122303 0.0148543 0.01466 0.0177557 0.0172611 0.0193998 0.0256797 0.0285256 0.0310519 0.0264872 0.0226473 0.022547 0.0178856 0.0138033 0.0169872 0.0198334 0.0191338 0.0221874 0.0248111 0.0245091 0.0195259 0.0185802 0.0208236 0.0192254 0.0210002 0.0256531 0.0267545 0.0265083 0.0189157 0.0214177 0.0246798 0.0204991 0.0305249 0.0392416 0.0362136 0.0280884 0.0294621 0.0275986 0.0320607 0.0287254 0.0327086 0.0345454 0.0350687 0.0351707 0.0371593 0.0263076 0.0250213 0.0296785 0.0319445 0.02973 0.0293126 0.0311601 0.0309833 0.0125567 0.0216596 0.0144725 0.0106196 0.00627576 0.00106768 0 0 
0 0 0.00422415 0.00671818 0.01295 0.0159812 0.0171744 0.0132609 0.0135957 0.0219697 0.0238316 0.0187756 0.0133481 0.0120269 0.0258523 0.0240755 0.0314192 0.0355316 0.0318646 0.0216342 0.0171727 0.0188973 0.0192012 0.0208924 0.0208371 0.0226518 0.0250714 0.0382256 0.0291469 0.0238506 0.0293358 0.0261196 0.0297058 0.026256 0.0266992 0.0290861 0.0262162 0.0239411 0.0255864 0.0210706 0.0263556 0.0350005 0.0243228 0.0254668 0.0300612 0.0257223 0.0292541 0.0337331 0.035423 0.0333063 0.0347752 0.0336157 0.0324273 0.0272619 0.025683 0.0249554 0.0214477 0.0225199 0.0258309 0.0281946 0.0228686 0.0111459 0.0137532 0.00943599 0.010292 0.0123469 0.00531515 0.000566605 0 
0 0 0.00045521 0.00463382 0.0152033 0.0141885 0.0149392 0.0158381 0.0190831 0.0284879 0.0260551 0.0218212 0.0155444 0.00730796 0.0149531 0.0249265 0.0245985 0.0321541 0.023409 0.0197019 0.0198323 0.0180905 0.0154763 0.0188982 0.019152 0.0224186 0.0240935 0.0341063 0.0340465 0.0319531 0.0231319 0.0228678 0.0306322 0.0278775 0.0216549 0.0243765 0.0302393 0.0332447 0.0305138 0.0218656 0.0256826 0.0239932 0.0257915 0.0257127 0.0281546 0.0221612 0.0256233 0.0296814 0.0246356 0.0285394 0.0319191 0.0435677 0.0428331 0.0218312 0.0298791 0.0311055 0.0301126 0.0190838 0.0235821 0.026 0.0180309 0.0220876 0.0145005 0.0143075 0.0091808 0.00822639 0.012677 0.00543418 0.000243252 
0 0 0.000572708 0.0075644 0.0188146 0.0163113 0.0149378 0.0188814 0.0185417 0.0205306 0.0213896 0.0190876 0.0116091 0.0122473 0.0125149 0.0181036 0.0207765 0.0252393 0.0195792 0.0251903 0.0184526 0.0250022 0.0205429 0.0203752 0.0191615 0.0191422 0.0164435 0.0148797 0.0262655 0.0325885 0.0285097 0.0237565 0.0306952 0.0333516 0.0246526 0.0250482 0.0367612 0.0338334 0.0307465 0.038089 0.0308956 0.0360545 0.0315608 0.0257686 0.0222551 0.0174252 0.0209384 0.0275002 0.0315916 0.0412259 0.0271938 0.0309796 0.0335216 0.0342539 0.0688577 0.0680025 0.0337553 0.022848 0.0162201 0.0220717 0.0142423 0.0171895 0.0163728 0.00895546 0.00458345 0.00873116 0.0135729 0.00783353 0.00093472 
0 0 0.000248427 0.00727808 0.0234585 0.0228191 0.0207007 0.0191161 0.0219016 0.0174489 0.0192972 0.0185662 0.0155829 0.0160126 0.0134596 0.0152785 0.021463 0.0216123 0.0246525 0.0226157 0.0213182 0.0223552 0.0205386 0.0204703 0.0173674 0.018173 0.0119243 0.016784 0.0202807 0.0216227 0.0232286 0.0194654 0.0284041 0.0285832 0.023542 0.0260753 0.0379477 0.0353114 0.0353093 0.0398406 0.0281511 0.0312561 0.03633 0.0214422 0.0205369 0.0280679 0.0261921 0.031204 0.0376054 0.0432363 0.0311717 0.0257575 0.0331289 0.03566 0.0558093 0.0541281 0.0293651 0.0256658 0.02097 0.023385 0.0194216 0.0185214 0.0177419 0.0146048 0.00477282 0.00632294 0.00891315 0.00471779 0.00164188 
0 0 1.98085e-05 0.00717482 0.0194017 0.0233013 0.0181933 0.00977232 0.0104182 0.0124656 0.013538 0.0164099 0.0156285 0.0195827 0.0189013 0.0126591 0.0159254 0.0199491 0.0272676 0.0225913 0.0208675 0.0187961 0.0205253 0.0216348 0.021005 0.0172782 0.0152575 0.0200655 0.0169055 0.0182781 0.0214582 0.0234911 0.0274197 0.031741 0.0250521 0.021719 0.0383788 0.0357854 0.0324362 0.0388881 0.0244581 0.0263201 0.0325721 0.0185052 0.012803 0.0181462 0.0267351 0.0278692 0.031268 0.0270038 0.0220711 0.0256512 0.0317606 0.0360665 0.0357124 0.0311042 0.0254559 0.0234203 0.0174217 0.0223064 0.0236968 0.0222916 0.02163 0.0196261 0.00849414 0.0153741 0.0164061 0.00421614 0.00158161 
0 0 7.81081e-05 0.00614981 0.01116 0.014528 0.00661726 0.00815609 0.0110616 0.0133268 0.0141749 0.0161586 0.0179883 0.0177949 0.0218106 0.0163019 0.0166047 0.0217315 0.0245381 0.0236105 0.0189816 0.018778 0.0221593 0.0229704 0.0228453 0.0188568 0.0178637 0.0189641 0.0194986 0.0224243 0.0253503 0.0245406 0.0232185 0.0286275 0.0243463 0.0207703 0.0290715 0.0318029 0.0274672 0.0321681 0.0306127 0.0342386 0.0306566 0.0340685 0.0187882 0.0177032 0.0197174 0.0221972 0.0236161 0.0222808 0.0173103 0.0352646 0.0322017 0.0277653 0.0343668 0.0362479 0.027917 0.0261299 0.0269015 0.0239706 0.0214479 0.0216959 0.0231075 0.0158769 0.0134022 0.0161726 0.0128318 0.00625059 0.00438227 
5.14822e-05 0 0.00136681 0.00538067 0.0156572 0.0127984 0.00786254 0.0132636 0.0136147 0.0162465 0.0169745 0.0180317 0.0178705 0.0194889 0.0218893 0.0175752 0.021002 0.014068 0.0210267 0.0195926 0.0189599 0.0223408 0.0281386 0.0187894 0.0160552 0.0199998 0.0237274 0.0250827 0.0199394 0.0223737 0.0251697 0.0246311 0.0279645 0.0295331 0.0221081 0.024701 0.0235433 0.0311117 0.0352352 0.0419856 0.0400458 0.0329203 0.0224771 0.0190721 0.01664 0.0140936 0.0141524 0.0210857 0.0254616 0.0240675 0.0210865 0.0224019 0.0246958 0.0282515 0.0281205 0.0238372 0.0233672 0.025108 0.0261979 0.021328 0.0207131 0.0182693 0.0212619 0.016878 0.0112667 0.0116808 0.00987501 0.0148908 0.00685166 
4.75146e-05 5.73137e-05 0.00621893 0.0178557 0.0143244 0.00584358 0.0127752 0.0185977 0.0116646 0.0152414 0.0174532 0.0176656 0.0163983 0.0232134 0.0200219 0.0229357 0.0195345 0.0102665 0.00941184 0.015377 0.0229574 0.0257132 0.0237472 0.0220077 0.0242416 0.0246537 0.0277163 0.028617 0.0196279 0.0197342 0.020227 0.0206528 0.0282787 0.0267261 0.0241933 0.038274 0.0424697 0.0478397 0.0405785 0.0368339 0.0337327 0.0309762 0.0220867 0.0199333 0.016423 0.0175681 0.0201624 0.0201351 0.0259158 0.022693 0.0218108 0.0241623 0.0313957 0.0313614 0.0287244 0.0167591 0.0217696 0.0269636 0.0224673 0.0187744 0.015247 0.0128867 0.019245 0.0156849 0.00950935 0.00972033 0.010128 0.0156065 0.00485578 
0 0.000119403 0.00436282 0.0107082 0.0125476 0.00825621 0.0133947 0.0233616 0.0187758 0.0119205 0.0148158 0.0210214 0.0160309 0.0167121 0.0159694 0.0153719 0.0204542 0.0143816 0.0119897 0.0158959 0.0170668 0.0202071 0.0230085 0.0235747 0.0257353 0.019573 0.0252926 0.0242465 0.0238644 0.0219487 0.0196312 0.0285581 0.0327069 0.0274913 0.0340533 0.033521 0.0432616 0.0363905 0.0279374 0.0253926 0.0268468 0.0263653 0.0218321 0.0171429 0.0132942 0.0200257 0.0216845 0.0193811 0.0255334 0.022844 0.0197317 0.0264339 0.0244017 0.0254826 0.0250871 0.019208 0.0227666 0.0180519 0.0218904 0.0201544 0.0135731 0.0130368 0.016868 0.0164602 0.0101546 0.0151394 0.0135324 0.010877 0.00226077 
0 0.000687779 0.00281167 0.00917159 0.013763 0.0145248 0.0126277 0.019103 0.0189577 0.0188537 0.0196733 0.0187641 0.0154445 0.013604 0.0176323 0.0195303 0.0193269 0.0168037 0.0149922 0.0166858 0.0207038 0.0250781 0.0217067 0.0252959 0.0221067 0.0191774 0.0185588 0.0221377 0.0213572 0.0213452 0.0207696 0.0260611 0.0315514 0.0458382 0.0444493 0.0495992 0.0310443 0.0218515 0.0190275 0.0202366 0.0222862 0.0166614 0.0189577 0.0164022 0.0196837 0.0183436 0.0162502 0.0215271 0.0251135 0.0253541 0.0243963 0.0252548 0.0214294 0.0291868 0.028721 0.0274267 0.017498 0.0173817 0.0189922 0.0164734 0.0154523 0.012007 0.0120963 0.0161814 0.0168443 0.0196634 0.00933299 0.00386553 0.000418435 
0 0.00285256 0.0119698 0.020129 0.0177285 0.0171168 0.0163835 0.0168874 0.0179058 0.01982 0.0217625 0.0227477 0.0216177 0.017359 0.018609 0.017928 0.0149962 0.0152625 0.013862 0.0162495 0.0143901 0.0244001 0.0241233 0.0183653 0.015829 0.020346 0.0163508 0.0212649 0.0251614 0.0210068 0.026669 0.0316209 0.0322007 0.0667915 0.0578303 0.0719453 0.0391193 0.0241532 0.0164977 0.0170193 0.0170725 0.0161847 0.0180874 0.0210325 0.044995 0.0285168 0.0191708 0.0211615 0.019205 0.0228794 0.0263204 0.0299572 0.022238 0.0252208 0.0209407 0.0170402 0.0179881 0.0158805 0.0151726 0.0130708 0.0128123 0.0134809 0.0128964 0.0175919 0.0196574 0.0180131 0.0102446 0.00224397 0 
9.13619e-06 0.00504811 0.018261 0.0204698 0.0182051 0.0228443 0.0201517 0.0183403 0.0169435 0.0242323 0.0172926 0.019368 0.019706 0.0190933 0.0179575 0.0189882 0.0142539 0.0162812 0.0126371 0.0146326 0.02156 0.0209655 0.0207435 0.021554 0.0229191 0.0268369 0.0214911 0.0253564 0.0257077 0.0193078 0.0233656 0.0339797 0.0305347 0.0394044 0.0566657 0.0865364 0.0739033 0.0341685 0.0280406 0.0215412 0.014851 0.0138898 0.0170398 0.0210454 0.0378332 0.0279112 0.0189105 0.0240046 0.0208416 0.014514 0.0163303 0.030856 0.0182008 0.0243292 0.0221071 0.0168359 0.0195207 0.0187683 0.0166514 0.0160315 0.0157584 0.0129937 0.0151416 0.0172919 0.013124 0.0114553 0.00728533 0.00335267 5.84457e-05 
4.85766e-07 0.00269819 0.0124513 0.0186502 0.0260676 0.0238342 0.0197954 0.0173698 0.0236172 0.0205 0.0153538 0.0207327 0.0252299 0.0206006 0.0206272 0.0231597 0.0213464 0.0141245 0.0125381 0.017597 0.0253458 0.0215616 0.0264999 0.0264394 0.0331124 0.0316007 0.030105 0.0288135 0.0236857 0.0220947 0.0176067 0.0310026 0.03295 0.0290053 0.0375187 0.0882337 0.101469 0.0522043 0.0238508 0.0200226 0.0197564 0.0180569 0.0208898 0.0250703 0.0198237 0.017103 0.0153174 0.0199264 0.0184502 0.016606 0.0180624 0.0222859 0.0201243 0.0181475 0.0172313 0.0261712 0.0284218 0.0178919 0.0200562 0.020426 0.0159066 0.0140058 0.015183 0.0160684 0.0085772 0.00888891 0.00904317 0.00653607 0.000266778 
0 8.25872e-05 0.00314335 0.0151821 0.0204983 0.0209713 0.0244159 0.0217806 0.0250254 0.0185975 0.0172754 0.0206822 0.0261731 0.0257026 0.0283713 0.0241561 0.0154672 0.0163201 0.0185944 0.0199557 0.0243178 0.0248043 0.0227191 0.0255034 0.0289103 0.0306382 0.030015 0.0299036 0.0292749 0.0251137 0.0224091 0.0252711 0.0277681 0.0224439 0.0288573 0.0416668 0.0599446 0.0356474 0.0264017 0.0173459 0.0262798 0.0144755 0.0162388 0.0241995 0.0162538 0.013007 0.0169029 0.0247941 0.0283139 0.0262311 0.0215441 0.018632 0.0248194 0.0216755 0.0183007 0.0137468 0.0208056 0.0224338 0.0215231 0.0294549 0.0256404 0.0175319 0.0116684 0.016031 0.00804992 0.0060101 0.0125417 0.00781701 0.00136247 
0 0 0.00182101 0.0128241 0.00916673 0.0117744 0.0207923 0.026497 0.0231283 0.0162707 0.0208518 0.0198702 0.0207313 0.0287926 0.0217355 0.0231114 0.0167029 0.0182499 0.0228646 0.0211512 0.0182021 0.0186972 0.0217446 0.0239574 0.0182202 0.0214163 0.0268707 0.0274309 0.0330406 0.0232338 0.0231246 0.0177339 0.0271256 0.0189939 0.0241374 0.0224478 0.0224284 0.0237742 0.0186525 0.0166016 0.0303866 0.0161573 0.0140047 0.0228846 0.0164396 0.0128799 0.0136848 0.0262775 0.0435709 0.0278655 0.0177224 0.019878 0.0279944 0.0219416 0.0155865 0.0167208 0.0202183 0.0207387 0.0181655 0.0215233 0.0177219 0.015575 0.00808688 0.0100437 0.0185737 0.0140856 0.0130016 0.0108138 0.00208691 
0 0 0.000302215 0.00230833 0.00392881 0.0105751 0.0136516 0.0199265 0.0204028 0.0159392 0.0144615 0.0144835 0.0162974 0.0214959 0.0207284 0.0240137 0.0138721 0.0202429 0.0263925 0.0202342 0.0276225 0.0203397 0.0170427 0.019459 0.0141551 0.0274908 0.0214846 0.0200404 0.0151392 0.0180962 0.0241247 0.021263 0.0192233 0.0168287 0.0195522 0.0153996 0.0212733 0.0216765 0.0186765 0.0209378 0.0293887 0.0207624 0.0143139 0.0208661 0.0182092 0.0217457 0.0147948 0.0203855 0.0288348 0.0297016 0.0184456 0.0175328 0.0222536 0.0222744 0.0163692 0.0163464 0.014512 0.0126881 0.0161232 0.0155158 0.0128476 0.0170225 0.0110586 0.0097672 0.0209541 0.0124021 0.0139109 0.0106854 0.00192793 
0 0.000101815 0.000519277 0.00197616 0.00654287 0.0138567 0.0139259 0.0236413 0.0325882 0.0263734 0.0247062 0.013387 0.013733 0.0216087 0.018833 0.0213602 0.0179489 0.0218408 0.024488 0.022034 0.0223249 0.0163554 0.012113 0.0152579 0.0218976 0.0238208 0.0205198 0.0160557 0.0157582 0.0222594 0.0255666 0.0301414 0.0267324 0.0232712 0.0224075 0.0212992 0.0191767 0.0253292 0.0254754 0.0162259 0.0164184 0.0136396 0.0148039 0.0210957 0.0305877 0.0402431 0.0191986 0.0120812 0.0154699 0.0227153 0.0179914 0.0168639 0.02204 0.0225412 0.0200762 0.0187049 0.0172698 0.0165416 0.0144177 0.0147337 0.0150199 0.0162414 0.00986947 0.00921924 0.0131242 0.00714035 0.0094673 0.00850494 0.00125475 
0 0.000248394 0.00239183 0.0078072 0.0145886 0.0171315 0.0199908 0.022283 0.0299428 0.030578 0.0162787 0.00571808 0.00804217 0.0123098 0.018064 0.020592 0.0232267 0.024262 0.0235615 0.0184623 0.0189815 0.0165932 0.0194715 0.0191179 0.0186184 0.0195523 0.0184687 0.0186811 0.0165051 0.0176955 0.0237988 0.0260108 0.025972 0.0256817 0.0242374 0.0242637 0.0178405 0.0178997 0.0223078 0.0350145 0.0222471 0.0225927 0.0220318 0.021605 0.0374839 0.036305 0.0162226 0.0100756 0.0105848 0.0152411 0.0129538 0.0148911 0.0193179 0.0245881 0.0268973 0.0230923 0.0229854 0.0267955 0.0205162 0.0184684 0.0166642 0.0130697 0.010733 0.0143499 0.0123491 0.00624598 0.00242288 0.00277069 0.000406659 
0 6.92059e-07 0.00298681 0.0134144 0.0153698 0.0156334 0.0235126 0.0261637 0.0195606 0.0206937 0.0193317 0.0035264 0.0022202 0.00715606 0.012245 0.0158948 0.0194902 0.0260141 0.0275317 0.0176703 0.0193885 0.020966 0.0140945 0.0169108 0.0151322 0.0184876 0.0253192 0.0257195 0.0208016 0.0223055 0.0208722 0.0200739 0.0268058 0.0200062 0.0216002 0.0222626 0.0197306 0.0173587 0.0244366 0.0376139 0.0374813 0.0460833 0.0401184 0.0260335 0.0449343 0.0393532 0.0281752 0.0163785 0.0144342 0.0185492 0.0129989 0.0108776 0.0172827 0.0181927 0.0192027 0.0200934 0.0234354 0.0276171 0.0282572 0.0226753 0.0242927 0.0205848 0.0173461 0.0146555 0.00829698 0.00945709 0.00435072 0.00102259 7.65684e-05 
0 0 0.00239073 0.0124891 0.0135304 0.020704 0.0219794 0.0146949 0.0162483 0.0168153 0.0158774 0.00329574 0.00151634 0.0028301 0.00367588 0.00928424 0.014668 0.0183213 0.0185663 0.0221821 0.0219442 0.019058 0.0153066 0.0171676 0.0201805 0.0215498 0.0212405 0.0242115 0.017096 0.0164598 0.016745 0.0196107 0.0207846 0.0232643 0.0257522 0.0245366 0.0220341 0.0204176 0.0206769 0.0401818 0.0522666 0.0598896 0.0571918 0.0478628 0.0578156 0.0415296 0.0252051 0.0245292 0.020654 0.0230236 0.0116789 0.00938334 0.0126476 0.0192522 0.017315 0.0153081 0.0198862 0.0197714 0.0245172 0.0344324 0.0299659 0.0174811 0.013954 0.0172807 0.0160709 0.0104594 0.00298578 0.00017477 0 
0 0 0.00276522 0.0148005 0.0171746 0.0173056 0.0184344 0.0184888 0.0193984 0.0178464 0.0155045 0.00854858 0.00452811 0.00415893 0.00364931 0.00570036 0.0125051 0.0132627 0.017038 0.0178971 0.020871 0.0257648 0.025545 0.0247816 0.0204082 0.0217041 0.0219219 0.0263058 0.023264 0.0172607 0.0159593 0.016175 0.0226022 0.0324827 0.0270399 0.0249157 0.0177889 0.0211429 0.0171776 0.0368405 0.0636858 0.0662142 0.0493304 0.0422761 0.0434145 0.0386191 0.0331358 0.022446 0.0222936 0.0228215 0.0176904 0.00953735 0.0201372 0.0205968 0.0171969 0.0217749 0.0219089 0.023385 0.017944 0.022925 0.0235484 0.0155541 0.015279 0.0138412 0.0113872 0.00974568 0.00202932 0 0 
0 0 0.000653352 0.0108762 0.021086 0.018428 0.0117228 0.0171228 0.0216984 0.022315 0.0202938 0.0159576 0.0129659 0.0021145 0.00263662 0.00512628 0.0107344 0.016629 0.0160281 0.0185152 0.0223916 0.03125 0.0300343 0.0246307 0.0219824 0.0239501 0.0219769 0.0215045 0.0178457 0.0173965 0.0137715 0.0240384 0.0288136 0.0296317 0.0237285 0.0281773 0.0261576 0.0171835 0.0219912 0.0375449 0.0485673 0.0511526 0.046606 0.0522572 0.0254406 0.0275344 0.02674 0.0232937 0.0244532 0.0222197 0.0199588 0.0116297 0.0195674 0.0284584 0.0203923 0.0177812 0.0179202 0.0201787 0.0176731 0.0136848 0.0187305 0.0136376 0.0170213 0.0206271 0.0180656 0.0135714 0.0048654 1.13517e-05 0 
0 0 2.1589e-05 0.00672785 0.0149633 0.0153241 0.00965434 0.0138688 0.0194946 0.0169198 0.0194786 0.0218684 0.0184062 0.00856482 0.00291441 0.00820636 0.00964197 0.0116913 0.0127887 0.0129435 0.0197729 0.0221713 0.0218793 0.0216277 0.022494 0.0172446 0.019468 0.0232374 0.0163708 0.0171944 0.0154502 0.0320999 0.0394342 0.0374708 0.0262179 0.0261197 0.0271319 0.0228246 0.0202826 0.0319785 0.0442945 0.036437 0.0380854 0.0404895 0.0282472 0.0242385 0.0236228 0.0247696 0.0246868 0.019099 0.0238768 0.0164725 0.0200568 0.028832 0.024926 0.0195461 0.00937504 0.0138082 0.0172648 0.0179703 0.0179237 0.0142273 0.017536 0.0137616 0.0162996 0.00967475 0.00428084 5.51297e-05 0 
0 0 0 0.001737 0.0110223 0.0166818 0.00941956 0.00998037 0.0100961 0.0129533 0.015222 0.0153989 0.0176967 0.00820689 0.00114469 0.00543312 0.0112651 0.00725717 0.0117182 0.0164401 0.022316 0.026178 0.0264124 0.0219518 0.0207369 0.0199149 0.0172696 0.0157048 0.0180643 0.024944 0.0213044 0.0248005 0.0270846 0.0333462 0.0260633 0.0319432 0.0293446 0.023045 0.0194698 0.0260263 0.0318162 0.0386415 0.0324127 0.0276514 0.0238212 0.0203213 0.0181512 0.0206098 0.021022 0.0257885 0.019368 0.0166344 0.0136894 0.0246138 0.0237464 0.0140142 0.00815099 0.0120332 0.0116152 0.01526 0.014586 0.0170031 0.0186128 0.0133483 0.010537 0.00572464 0.000869764 6.74674e-06 0 
0 0 0 0.000250172 0.00719529 0.0200055 0.0100892 0.00734733 0.00480771 0.00881234 0.0174317 0.0273329 0.0169214 0.00542856 0.00118193 0.003861 0.00713493 0.00513244 0.0124894 0.0196494 0.0237963 0.0293364 0.025992 0.0203495 0.0199802 0.0218004 0.0185725 0.0147176 0.019203 0.0237986 0.0168253 0.0170897 0.022879 0.0207684 0.0236068 0.0241345 0.0277489 0.0207481 0.0253331 0.0267407 0.0214637 0.0260365 0.0211505 0.0173923 0.0176568 0.0210103 0.0130895 0.0189203 0.0166545 0.0186015 0.0161521 0.013293 0.013581 0.0198223 0.0188347 0.0116328 0.00807821 0.00782486 0.0134264 0.0141112 0.00953689 0.00877391 0.00876988 0.0054445 0.00312964 0.000370369 6.94513e-05 0 0 
0 0 0 7.59475e-07 0.00170857 0.01028 0.0180314 0.013613 0.00383897 0.00178753 0.0132674 0.0222867 0.00764691 0.00105748 0.000554794 0.00741794 0.0115102 0.00960605 0.0134722 0.0194906 0.0241472 0.0248563 0.0279917 0.0225915 0.0172118 0.0246516 0.0226796 0.0217594 0.0184896 0.0163534 0.0218538 0.022337 0.0206583 0.0220403 0.022452 0.0329871 0.04632 0.0412225 0.0410023 0.0328571 0.0270121 0.0275902 0.0225322 0.0160126 0.0137617 0.017025 0.0139632 0.0148929 0.0103804 0.0127629 0.0149781 0.0151717 0.0119515 0.0167226 0.0197034 0.015243 0.0209854 0.0169828 0.0219572 0.0209024 0.00599885 0.00213369 0.000527784 0.00262175 0.000717839 0 0 0 0 
0 0 0 0 2.25686e-05 0.00181298 0.0100613 0.0116185 0.00409028 0.00099426 0.00479226 0.0129547 0.00665558 0.000447676 0.000780264 0.00885005 0.0197135 0.0171994 0.0195049 0.0235706 0.0210871 0.0217399 0.0235482 0.024079 0.0215835 0.0199725 0.0208751 0.0222052 0.0191154 0.0192761 0.0236349 0.0230966 0.0195936 0.0264598 0.0242757 0.0289409 0.0470483 0.0399455 0.0343522 0.0298983 0.020672 0.022904 0.021587 0.0187694 0.0154916 0.0142745 0.0157655 0.0139662 0.0137824 0.0152852 0.0147539 0.0160131 0.0146014 0.0163247 0.0198946 0.0158735 0.0268715 0.0282265 0.0347862 0.0142296 0.00447117 0.00205568 0.000589762 0.000419715 0 0 0 0 0 
0 0 0 0 0 5.04304e-05 0.00268187 0.00384663 0.000306037 0.00104255 0.00611109 0.0232697 0.0164014 0.00293522 0.00164107 0.00865037 0.0173285 0.0146931 0.0244278 0.0187232 0.0130911 0.0134424 0.0162339 0.0159645 0.0231499 0.0237284 0.0197489 0.0204084 0.0148253 0.0168426 0.019525 0.0236255 0.0231231 0.0277787 0.0269256 0.0312976 0.0256794 0.0236664 0.0210491 0.0236291 0.0193788 0.0236735 0.0234435 0.0254343 0.0281763 0.0218148 0.0189282 0.0140848 0.0109552 0.0182442 0.017598 0.0147455 0.0136186 0.011454 0.0103742 0.0183803 0.0288419 0.0385193 0.0893415 0.0493538 0.016189 0.00731249 0.00233183 0.000966975 0 0 0 0 0 
0 0 0 0 0 0 4.29488e-06 5.98715e-05 0 0.00080417 0.00292946 0.0158687 0.0184108 0.00296492 0.00136127 0.00629812 0.0179217 0.0166258 0.0212635 0.00803708 0.00299785 0.00226025 0.00917427 0.0121824 0.0270771 0.0225104 0.0190097 0.0215308 0.021115 0.0242177 0.022613 0.019139 0.0251251 0.0305442 0.0290095 0.0236821 0.0192132 0.0200815 0.0271597 0.026082 0.0206627 0.0218687 0.02066 0.0235561 0.0248673 0.0245198 0.0255612 0.0218336 0.0142321 0.0150653 0.0147503 0.0215386 0.0155326 0.0134939 0.0121641 0.0143036 0.0253506 0.0538145 0.108875 0.0512203 0.0165934 0.00825451 0.00529246 0.000651539 0 0 0 0 0 
0 0 0 0 0 0 0 0 0.000299788 0.00261475 0.00341245 0.0104568 0.0171409 0.00592155 0.00305538 0.00447536 0.0109221 0.0181003 0.0122341 0.00696261 0.00635903 0.00922793 0.00626204 0.00449199 0.0127854 0.0287042 0.0266879 0.0260141 0.0252281 0.0286278 0.0261789 0.015866 0.0230655 0.0271017 0.0231118 0.0261006 0.0260252 0.0234075 0.0357505 0.0283407 0.0235131 0.0178053 0.0170707 0.0207925 0.0242687 0.0219548 0.0215978 0.0223299 0.0187749 0.0168052 0.0125449 0.0190203 0.0200192 0.0136276 0.00996401 0.0122274 0.0131582 0.0360605 0.0642108 0.0300324 0.00741791 0.00252577 0.0006723 0.000173755 0 0 0 0 0 
0 0 0 0 0 0 0 0 0.0011037 0.00676004 0.00735686 0.0136707 0.0122646 0.00438879 0.00549816 0.00890075 0.01506 0.0151189 0.0078751 0.00102969 0.00207024 0.00765629 0.0122976 0.00685452 0.0132389 0.027129 0.0291188 0.0231627 0.0195184 0.0340774 0.0263889 0.0193782 0.0235534 0.0309576 0.0290965 0.0326587 0.030531 0.027961 0.0363223 0.0253079 0.0202683 0.0237032 0.0250191 0.0231531 0.0200544 0.0153619 0.0158036 0.0175095 0.013906 0.0204922 0.0196052 0.02134 0.0206438 0.0137446 0.0106718 0.00978107 0.0084662 0.0116334 0.023836 0.01628 0.00405642 0.000382345 6.6613e-05 0 0 0 0 0 0 
0 0 0 0 0 0 0 0 2.33222e-05 0.00265246 0.0056686 0.00639441 0.00588271 0.00967848 0.0106128 0.0141424 0.0156412 0.0137959 0.00456147 0.000634333 0.000200456 0.00225739 0.0126819 0.0114922 0.0231332 0.0265075 0.0292203 0.0273127 0.0273523 0.0257536 0.0211867 0.0226439 0.021954 0.0314088 0.0367751 0.0359307 0.0532435 0.0414922 0.0305512 0.0271046 0.0233766 0.0200563 0.0224166 0.0151901 0.00942726 0.012191 0.0229566 0.0225484 0.0186199 0.0207944 0.0212409 0.0196671 0.0159515 0.0190832 0.0191016 0.0133893 0.013343 0.0165862 0.0296437 0.0221498 0.00358091 0 0 0 0 0 0 0 0 
0 0 0 0 0 0 0 0 0 3.52633e-05 0.000899268 0.00428784 0.0102144 0.014248 0.0191997 0.0162259 0.0151421 0.0175396 0.0106244 0.0068506 0.00221715 0.00515692 0.0171423 0.0134292 0.0199884 0.0322845 0.0279587 0.0253608 0.0292759 0.0303723 0.0298025 0.0261915 0.0274978 0.0353496 0.0354062 0.0430177 0.0948921 0.0533902 0.0312647 0.0373587 0.028774 0.0165239 0.0157288 0.0152768 0.00736565 0.0224718 0.041408 0.0340667 0.0266897 0.0324028 0.0238681 0.0203229 0.020346 0.0190646 0.0243937 0.0210036 0.0194047 0.0292882 0.027118 0.0157178 0.00164396 0 0 0 0 0 0 0 0 
0 0 0 0 0 0 0 0 0 0 0.000504416 0.00755306 0.0122904 0.0139232 0.0180482 0.0275337 0.0236816 0.0163565 0.0158222 0.0136994 0.00659152 0.00757759 0.0135802 0.0144333 0.0231916 0.0334404 0.0301452 0.0296701 0.0298609 0.0382624 0.0400103 0.026645 0.0262035 0.029875 0.0304111 0.0306254 0.0396972 0.0373777 0.0241454 0.0296667 0.0314121 0.0179652 0.024825 0.0211142 0.0127178 0.0447146 0.0520947 0.0213321 0.0274035 0.0351255 0.0324429 0.0231145 0.0161819 0.017673 0.0144965 0.0145991 0.0171853 0.0204439 0.0167938 0.0041041 0.000346872 0 0 0 0 0 0 0 0 
0 0 0 0 0 0 0 0 0 0 4.04047e-05 0.00556966 0.00960018 0.0158331 0.0170896 0.0150892 0.0259029 0.0202546 0.0439311 0.0474856 0.0166489 0.00869479 0.016758 0.0174064 0.0214759 0.0307152 0.0346564 0.0291467 0.0278018 0.0343472 0.0365877 0.0302474 0.0307699 0.0315 0.0329542 0.0353819 0.0367038 0.0379281 0.0251915 0.0287054 0.0250439 0.0228612 0.0224328 0.0296458 0.022224 0.0315167 0.0284524 0.0168586 0.0189003 0.0317999 0.0358322 0.0227201 0.0163993 0.0178056 0.0163766 0.0108115 0.00751881 0.00707817 0.00394274 0.000571571 0 0 0 0 0 0 0 0 0 
0 0 0 0 0 0 0 0 0 0 0 0.000279646 0.00229585 0.00515689 0.00927718 0.00970116 0.017055 0.0174383 0.0310395 0.0408139 0.0125881 0.00700475 0.0176533 0.0183192 0.0157857 0.0245232 0.0280229 0.029397 0.0239063 0.0278531 0.0303388 0.0338792 0.0466249 0.053934 0.0421861 0.0326882 0.0293389 0.0337414 0.0339649 0.0314159 0.0267621 0.0318501 0.0240195 0.0295725 0.0292827 0.0269923 0.0232769 0.0233218 0.0200166 0.0301363 0.024824 0.0179756 0.0159439 0.0175095 0.0170271 0.0104575 0.00479452 0.000581642 0.000141261 0 0 0 0 0 0 0 0 0 0 
0 0 0 0 0 0 0 0 0 0 0 0 2.47217e-05 0.00138539 0.00208746 0.00422459 0.0117277 0.0120921 0.012578 0.0159725 0.00863078 0.0126566 0.0169782 0.0115745 0.0168817 0.0208298 0.0238312 0.0222117 0.032404 0.0331802 0.0312226 0.034993 0.0575275 0.0629734 0.0343303 0.0277738 0.0273728 0.0337004 0.0332615 0.0256539 0.030311 0.0298543 0.0286639 0.0325332 0.037276 0.0355995 0.0267073 0.0166834 0.0254567 0.0317774 0.0290116 0.0193663 0.0174554 0.0122882 0.0145668 0.00756348 0.00186718 5.15489e-05 0 0 0 0 0 0 0 0 0 0 0 
0 0 0 0 0 0 0 0 0 0 0 0 0 7.97437e-06 0.00018544 0.00227362 0.00472222 0.00940853 0.01223 0.00748437 0.00301064 0.0149251 0.0154974 0.0157622 0.0150915 0.022195 0.0280256 0.023079 0.0346323 0.0362938 0.0265755 0.0297232 0.0561469 0.0764684 0.0430467 0.033789 0.0320674 0.0301989 0.0314354 0.0384106 0.040157 0.0319309 0.0272259 0.0245307 0.0396479 0.0460017 0.0309414 0.0242748 0.0286058 0.029229 0.0235556 0.0138472 0.00797594 0.00693361 0.00785413 0.00179739 2.03327e-05 0 0 0 0 0 0 0 0 0 0 0 0 
0 0 0 0 0 0 0 0 0 0 0 0 0 0 0 0 4.46401e-05 0.00135793 0.00186954 0.000881699 0.00129591 0.0149125 0.0147989 0.0145883 0.010926 0.0167457 0.0260834 0.0274324 0.0349495 0.0329378 0.0238485 0.0287457 0.0379053 0.0438433 0.045741 0.0476909 0.0348289 0.0333357 0.0391402 0.031871 0.0298248 0.0232059 0.0279016 0.0286158 0.034523 0.0322547 0.0307303 0.0222013 0.0253968 0.0275749 0.0139552 0.00299021 0.000578694 0.000530249 0.000343258 0 0 0 0 0 0 0 0 0 0 0 0 0 0 
0 0 0 0 0 0 0 0 0 0 0 0 0 0 0 0 0 0 0 0 0.00148402 0.0148923 0.0138305 0.00943663 0.0129651 0.0157391 0.0304076 0.037114 0.0362156 0.0325214 0.0247216 0.0356924 0.0333784 0.0358891 0.0440855 0.0364608 0.0351229 0.0298278 0.0296703 0.0216373 0.0227317 0.021963 0.0285975 0.0275591 0.0182952 0.0231742 0.0237394 0.0219105 0.0117913 0.00916956 0.0029122 0.000166021 0 0 0 0 0 0 0 0 0 0 0 0 0 0 0 0 0 
0 0 0 0 0 0 0 0 0 0 0 0 0 0 0 0 0 0 0 0 0.000394235 0.00628393 0.00976539 0.0102032 0.0115866 0.0183287 0.0278145 0.0361778 0.0430028 0.0383894 0.0304239 0.0320524 0.0279632 0.0203461 0.0228861 0.0203476 0.0212737 0.026054 0.0193398 0.0226738 0.0274238 0.021917 0.0222944 0.0210324 0.0161444 0.0177544 0.0156407 0.00998715 0.00443847 0.00111706 6.64408e-05 0 0 0 0 0 0 0 0 0 0 0 0 0 0 0 0 0 0 
0 0 0 0 0 0 0 0 0 0 0 0 0 0 0 0 0 0 0 0 0.000124274 0.00114916 0.00438223 0.0117906 0.0150376 0.0182047 0.0228503 0.0339138 0.0366389 0.0236209 0.0121167 0.00790503 0.00924258 0.00585989 0.00797678 0.0249422 0.0225541 0.02952 0.0268677 0.0234321 0.0156821 0.0123769 0.00844959 0.00514221 0.00432599 0.00455307 0.00384508 0.000569806 0.00037922 5.47122e-05 0 0 0 0 0 0 0 0 0 0 0 0 0 0 0 0 0 0 0 
0 0 0 0 0 0 0 0 0 0 0 0 0 0 0 0 0 0 0 0 0 0 4.88931e-05 0.0017679 0.00357975 0.00735444 0.0117732 0.0226875 0.0246692 0.0122488 0.0100967 0.000991396 0.0015706 0.00514067 0.0118542 0.0238107 0.0215896 0.0212556 0.0215383 0.0136827 0.00841233 0.00292222 0.000130653 0.000550721 0.000346128 0 0 0 0 0 0 0 0 0 0 0 0 0 0 0 0 0 0 0 0 0 0 0 0 
0 0 0 0 0 0 0 0 0 0 0 0 0 0 0 0 0 0 0 0 0 0 0 0 1.35287e-06 3.28705e-05 0.00116894 0.00407179 0.00467333 0.00136393 0.000707527 3.82393e-05 0.000662062 0.00134818 0.00156764 0.00318662 0.004638 0.00440825 0.00603593 0.00438793 0.0020335 4.2367e-05 0 4.52205e-05 2.40445e-05 0 0 0 0 0 0 0 0 0 0 0 0 0 0 0 0 0 0 0 0 0 0 0 0 

