0 0 0 0 0 0 0 0 0 0 0 0 0 0 0 0 0 0 0 0 0 0 0 0 0 0 0 0 0 0 0 0 0.000381891 7.63529e-05 0 0 0 0 3.39424e-06 3.73149e-05 5.4579e-06 0 0 0 0 0 0 0 0 0 0 0 0 0 0 0 0 0 0 0 0 0 0 0 0 0 0 0 0 
0 0 0 0 0 0 0 0 0 0 0 0 0 0 0 0 0 0 0 0 0 0 0 0 0 0 0.000911923 0.00266971 0.00252966 0.000318107 0 0 0.00288737 0.00236115 0.000670353 1.0898e-05 0 6.71664e-05 0.00188302 0.00312746 0.00334256 0.00180225 0.00105916 0 0 0 0 0 0 0 0 0 0 0 0 0 0 0 0 0 0 0 0 0 0 0 0 0 0 
0 0 0 0 0 0 0 0 0 0 0 0 0 0 0 0 0 0 0 0 0 0 8.52431e-05 0.00095687 0.00327642 0.00959351 0.023024 0.0268159 0.0182315 0.00724745 0.0009275 0.000388923 0.0035295 0.0108608 0.0078207 0.000670171 0 9.43076e-05 0.0033827 0.0065426 0.00588707 0.0049962 0.00571731 0.0019968 0.000254136 0.000396668 0.000102885 1.13041e-05 0 0 0 0 0 0 0 0 0 0 0 0 0 0 0 0 0 0 0 0 0 
0 0 0 0 0 0 0 0 0 0 0 0 0 0 0 0 0 0 0 0 0 0.000116546 0.00765027 0.0104981 0.0177734 0.0281269 0.0283012 0.0305365 0.0235621 0.0215955 0.0100296 0.00155817 0.000689856 0.00860802 0.0129901 0.0036611 0.00139963 0.00110182 0.00191896 0.00571543 0.00237693 0.00180142 0.00644037 0.00651925 0.00258211 0.002594 0.00376991 0.000622274 0.000214298 0.000263751 0 0 0 0 0 0 0 0 0 0 0 0 0 0 0 0 0 0 0 
0 0 0 0 0 0 0 0 0 0 0 0 0 0 0 0 0 0 9.33873e-05 5.98951e-05 0 0.000621374 0.0107869 0.0167882 0.0219056 0.0270659 0.0233758 0.0262804 0.0268528 0.0302274 0.0154256 0.00820202 0.00357761 0.00494389 0.016989 0.0190433 0.013523 0.00775915 0.00432862 0.00478316 0.00797148 0.0133838 0.00617759 0.00846504 0.00896822 0.00660853 0.00920261 0.00329497 0.00195356 0.00153194 0 0 0 0 0 0 0 0 0 0 0 0 0 0 0 0 0 0 0 
0 0 0 0 0 0 0 0 0 0 0 0 0 0 0 0 3.98376e-05 0.0015116 0.00361333 0.00201466 0.00112875 0.000352046 0.00447211 0.0131624 0.0200085 0.0269468 0.032192 0.026243 0.0231061 0.0225193 0.0155836 0.0103201 0.00775547 0.00604349 0.016599 0.0436521 0.0427632 0.0303419 0.0225463 0.0231022 0.0232321 0.0356708 0.0208187 0.0115461 0.0180362 0.00853593 0.0110692 0.00524555 0.00169648 0.000266183 0.0012976 0.000210451 2.55528e-05 2.8504e-05 0 0 0 0 0 0 0 0 0 0 0 0 0 0 0 
0 0 0 0 0 0 0 0 0 0 0 0 0 0 8.90152e-06 0.00115773 0.00735355 0.0141943 0.012601 0.0105626 0.00588631 0.00344999 0.00443493 0.0137036 0.0236519 0.0298372 0.0281419 0.0276299 0.0239314 0.0197205 0.0239088 0.0211113 0.0234855 0.0261754 0.0196934 0.0340958 0.0344206 0.0320296 0.0283436 0.0336057 0.0273808 0.0257631 0.0349889 0.0128197 0.0148151 0.0129037 0.00961555 0.010363 0.0100932 0.00657373 0.0030107 0.00455661 0.0043922 0.00278976 0.000179727 0 0 0 0 0 0 0 0 0 0 0 0 0 0 
0 0 0 0 0 0 0 0 0 0 0 0 0 0 0.00279335 0.0113628 0.0169016 0.0239917 0.0233255 0.0148973 0.0189327 0.0144763 0.0143301 0.019294 0.0225004 0.027023 0.0291773 0.0264024 0.0259595 0.0215378 0.0309942 0.0325445 0.0228519 0.0267875 0.023714 0.0201738 0.0148082 0.0143302 0.0188659 0.0255813 0.0187584 0.0319324 0.0453856 0.0176677 0.0126636 0.0148193 0.0120888 0.0107849 0.0132352 0.0116925 0.00630603 0.00731537 0.013044 0.00945636 0.000785823 5.32244e-05 0 0 0 0 0 0 0 0 0 0 0 0 0 
0 0 0 0 0 0 0 0 0 0 0 0 0 6.98975e-05 0.00649509 0.0139019 0.0167971 0.0227383 0.0281678 0.0221364 0.0243906 0.0267037 0.0277106 0.0208236 0.0218604 0.0336749 0.0282603 0.0241164 0.0200482 0.0167047 0.0228109 0.0257062 0.0257685 0.0262131 0.0244714 0.0205916 0.0165982 0.0152345 0.0178465 0.0171832 0.0161406 0.0283227 0.0256109 0.0131992 0.0110884 0.0114921 0.0123506 0.0148315 0.00891434 0.0123752 0.0159831 0.0143415 0.016869 0.0196699 0.00830342 0.00126768 0.000443261 1.6631e-05 0 0 0 0 0 0 0 0 0 0 0 
0 0 0 0 0 0 0 0 0 0 0 0.000408769 0.00103896 0.000573147 0.00174761 0.00449714 0.023023 0.0348337 0.0262869 0.0333756 0.0327916 0.0278535 0.0220938 0.0308662 0.0255898 0.0345392 0.0364277 0.0341941 0.023455 0.0217141 0.0167829 0.0222394 0.026322 0.0215124 0.0218798 0.025927 0.027802 0.036949 0.0329324 0.0341486 0.0292009 0.0238823 0.0234451 0.0190974 0.0141874 0.0132134 0.0206791 0.0266693 0.011374 0.00964854 0.0168157 0.0190341 0.0188204 0.0137869 0.018517 0.0110936 0.00725507 0.00579843 0.000580517 0 0 0 0 0 0 0 0 0 0 
0 0 0 0 0 0 0 0 0 0 0.000540466 0.00848905 0.0106626 0.00461783 0.00305957 0.00791736 0.0244508 0.028994 0.0249608 0.0336032 0.0315403 0.0188572 0.0203342 0.0363755 0.030411 0.0290167 0.0371861 0.0323774 0.0318945 0.0266838 0.0237831 0.0317453 0.0256025 0.0252673 0.0214994 0.0268779 0.0251668 0.0332711 0.0377822 0.0432513 0.0310231 0.0276425 0.0379084 0.0351176 0.0290461 0.0216124 0.0197516 0.0264396 0.0235633 0.0164163 0.0102709 0.0186261 0.0230782 0.0160903 0.01747 0.0143656 0.0120264 0.0063729 0.00261847 0.000381108 0 0 0 0 0 0 0 0 0 
0 0 0 0 0 0 0 0 0 0.000171051 0.00696615 0.0170227 0.0166456 0.0160108 0.0134731 0.0251807 0.0229972 0.0199346 0.0195764 0.0216515 0.0250315 0.0240585 0.0313228 0.0282546 0.0327732 0.0318126 0.0290372 0.0330032 0.0305946 0.0277559 0.0313826 0.0288611 0.0299503 0.027369 0.0282602 0.0306359 0.0301101 0.0274773 0.0264288 0.0370053 0.0301618 0.0287042 0.026142 0.0297066 0.0258285 0.0271215 0.0385775 0.0305942 0.0258205 0.0237419 0.0113694 0.0155261 0.0177951 0.0130203 0.0165668 0.016631 0.0100046 0.00474524 0.00803387 0.0032222 2.39961e-05 0 0 0 0 0 0 0 0 
0 0 0 0 0 0 0 0 0 0.000221449 0.00607151 0.0157717 0.0111274 0.0133613 0.0137355 0.0157767 0.0148496 0.0155813 0.0137706 0.0156571 0.0169033 0.0243356 0.0258728 0.0191749 0.0224677 0.0294527 0.0279345 0.0288855 0.0210856 0.0207223 0.0290448 0.0334853 0.0291482 0.0376436 0.0448014 0.0523237 0.0402879 0.0278654 0.0220973 0.0224541 0.0196177 0.0205931 0.0218317 0.0241053 0.0261597 0.037321 0.0341527 0.0336221 0.0270301 0.0246305 0.0132785 0.0111767 0.0119001 0.0104249 0.0114854 0.0127339 0.0103585 0.0103113 0.0111879 0.00863575 0.00220088 8.11713e-06 0 0 0 0 0 0 0 
0 0 0 0 0 0 0 0 0 0.000866691 0.00844498 0.0127955 0.00852645 0.0131084 0.0082552 0.00670917 0.00984672 0.012755 0.00797675 0.0189959 0.0190029 0.0194887 0.0209313 0.0192374 0.0203334 0.0334114 0.0374674 0.0217076 0.0182142 0.0189399 0.0217391 0.0218693 0.0294096 0.0346979 0.0468032 0.0451382 0.0370851 0.0229973 0.0200942 0.0190149 0.017405 0.0224519 0.0215146 0.0210236 0.0305107 0.0298731 0.0276485 0.0333002 0.0246778 0.0342207 0.0215686 0.00775523 0.005333 0.0104052 0.0163039 0.0120349 0.00744884 0.0122292 0.0159737 0.014977 0.00682222 0.000705758 0 0 0 0 0 0 0 
0 0 0 0 0 0 0 0 0 0.000800962 0.00557045 0.0132023 0.0170442 0.0178015 0.00551154 0.00773811 0.0137561 0.0184605 0.0119172 0.0115632 0.0263474 0.0303318 0.0269846 0.0264284 0.0269815 0.0328323 0.0318567 0.0255262 0.0234639 0.0168748 0.0178013 0.0156383 0.0208639 0.0251776 0.0269548 0.0256623 0.0294561 0.029945 0.0239796 0.0243172 0.0224864 0.023507 0.0167854 0.0253917 0.0277396 0.0191293 0.0281682 0.0152379 0.0160383 0.0266324 0.0131141 0.0105534 0.00987896 0.0141573 0.0122127 0.00742864 0.00471687 0.0101077 0.0199912 0.0171883 0.0182493 0.011107 0.00304722 5.66684e-06 0 0 0 0 0 
0 0 0 0 0 0 0 0 0.000110504 0.000641671 0.00324628 0.0137286 0.0220626 0.0111104 0.00546846 0.0151267 0.0175551 0.0228549 0.0169148 0.0106799 0.0183158 0.0258167 0.0278847 0.0241252 0.025637 0.0225254 0.024364 0.027178 0.0245528 0.0171699 0.0214171 0.0181532 0.0257733 0.0234762 0.0309889 0.0280906 0.026161 0.0260608 0.0297441 0.0219449 0.0194478 0.055415 0.0472082 0.0494008 0.0269912 0.0243551 0.02228 0.0138783 0.0102577 0.0105078 0.0102283 0.0145304 0.00931338 0.0126903 0.0120314 0.0106682 0.010461 0.0126269 0.0182149 0.023318 0.0232114 0.0232121 0.0100805 0.000261762 0 0 0 0 0 
0 0 0 0 0 0 0 9.30464e-06 0.000169156 0.00547165 0.00463607 0.00227214 0.00321047 0.00217963 0.0113642 0.0192343 0.02134 0.0228912 0.0205352 0.0175372 0.0197897 0.0148403 0.0169803 0.0220681 0.0283582 0.0231847 0.0199909 0.0236016 0.0219529 0.0281014 0.0326414 0.0323501 0.0297602 0.0266093 0.029636 0.0310863 0.0304348 0.030684 0.0185118 0.026501 0.0481803 0.0393756 0.0406663 0.0394532 0.0314845 0.0345997 0.020809 0.0152765 0.014771 0.0133393 0.0163826 0.0163788 0.0100651 0.0109864 0.0120516 0.0109686 0.013219 0.00978978 0.0136687 0.0198541 0.0203744 0.0196386 0.0135631 0.00335648 0.000276121 0 0 0 0 
0 0 0 0 0 0.000139478 0.00117513 0.00375998 0.00105798 0.00600608 0.0126607 0.0105973 0.00655847 0.0034233 0.0146231 0.0234839 0.0262462 0.0251069 0.0198786 0.0235041 0.0291601 0.0300796 0.0285561 0.0230648 0.0256174 0.0256445 0.0193677 0.023248 0.0346204 0.033271 0.0329472 0.0337965 0.0237226 0.0235935 0.0258573 0.032481 0.0215553 0.0170988 0.0126951 0.03614 0.0531729 0.0364405 0.0355425 0.0507129 0.0646898 0.0399265 0.0193165 0.0260701 0.0163931 0.0168576 0.0240466 0.024906 0.0168067 0.0100705 0.0118496 0.0159229 0.0142397 0.00689722 0.0105541 0.0236971 0.0328396 0.0258174 0.0216898 0.00932507 0.00187378 0 0 0 0 
0 0 0 0 0.000199999 0.00477061 0.0126645 0.0145727 0.00797764 0.00462433 0.014488 0.0195849 0.0186177 0.0131472 0.0239719 0.027707 0.0257935 0.0215394 0.0226261 0.023681 0.0237758 0.0309523 0.0282507 0.0283871 0.0265772 0.018201 0.0253504 0.0329503 0.0250396 0.0266833 0.0287539 0.0297255 0.021813 0.0265604 0.0285935 0.0247597 0.0229674 0.0176252 0.0131342 0.0295965 0.0310529 0.0239152 0.0281763 0.0356373 0.0393553 0.028104 0.0332597 0.0278099 0.0172846 0.0192005 0.0283056 0.0264941 0.0195378 0.0141281 0.0167696 0.0143514 0.016633 0.0193399 0.0198788 0.0202366 0.0310486 0.0312129 0.0258665 0.0162652 0.00392245 3.62398e-05 0 0 0 
0 0 0 0 0.00174672 0.0115385 0.0187332 0.0222 0.0159576 0.0192934 0.0246187 0.0245861 0.0253942 0.0262509 0.0291949 0.0222193 0.0269762 0.0237234 0.0240201 0.0196636 0.0254258 0.0305849 0.0207546 0.0242268 0.0241306 0.0200772 0.0286282 0.0355573 0.0244501 0.0187956 0.0151879 0.0212033 0.024475 0.022739 0.0249948 0.0190077 0.0203856 0.0172959 0.0177368 0.0215318 0.0363595 0.0261451 0.029604 0.0340895 0.0439882 0.0298582 0.0344511 0.0371976 0.0218704 0.0171451 0.0192702 0.0170273 0.0155316 0.0208906 0.0239267 0.0155385 0.0258365 0.0250494 0.0212775 0.0247584 0.0283752 0.0258392 0.0213688 0.0183982 0.0100274 0.000509801 0 0 0 
0 0 0 0.000103522 0.00585433 0.0186557 0.0179952 0.0187146 0.0159363 0.0251591 0.0316053 0.0302826 0.0218194 0.0208316 0.0240485 0.0255196 0.025114 0.0239684 0.0212771 0.01737 0.0227295 0.0206028 0.0228822 0.0267227 0.025497 0.0236422 0.0271336 0.0253275 0.0196672 0.0195071 0.0190244 0.028815 0.027643 0.0163917 0.0159053 0.0191409 0.0266292 0.0219721 0.0219613 0.0149876 0.0207477 0.02552 0.0339315 0.0330584 0.0422114 0.0349267 0.0268417 0.0257368 0.0192251 0.0176129 0.0197487 0.0160786 0.0183038 0.0262244 0.0253472 0.0200707 0.030847 0.0227022 0.0155712 0.0158879 0.0191778 0.021047 0.0218625 0.0179188 0.00890434 0.00100361 0 0 0 
0 0 0 0.00228273 0.0142399 0.0192381 0.0201243 0.0209697 0.0198761 0.0309316 0.0366245 0.0302653 0.0269752 0.0225379 0.0166473 0.018863 0.0251146 0.024627 0.0210324 0.0203594 0.0239268 0.0218253 0.0254322 0.026871 0.0286204 0.0206258 0.0212636 0.0268226 0.0273671 0.0303441 0.0243805 0.0220439 0.0263479 0.0177212 0.0147485 0.0206518 0.0250167 0.0186221 0.0145907 0.00937627 0.0216276 0.0252556 0.0236806 0.0244634 0.0248328 0.0240423 0.0259004 0.0218931 0.0169165 0.0224235 0.0201351 0.01694 0.0155574 0.0182974 0.0240655 0.0274286 0.0317387 0.0196201 0.0118546 0.0160076 0.0197459 0.019801 0.0120141 0.0184277 0.0109649 0.00190787 0 0 0 
0 0 0.00016132 0.006927 0.0197402 0.0219071 0.0141397 0.0208942 0.0245697 0.0282606 0.0267256 0.0277389 0.0277288 0.0287133 0.0197312 0.0190558 0.020601 0.0208687 0.0286753 0.0382171 0.0252157 0.0276394 0.0289323 0.0263294 0.0296637 0.0220695 0.0198605 0.026354 0.0375942 0.031788 0.0237057 0.0217506 0.0221963 0.0217154 0.0177418 0.0219625 0.0243186 0.0198621 0.0249915 0.0165367 0.0217203 0.0295651 0.0252462 0.0255192 0.0191371 0.0245842 0.0269947 0.0226849 0.0203083 0.0168224 0.0220009 0.0191347 0.0167074 0.0197904 0.0226729 0.0250091 0.0252656 0.0200618 0.0153131 0.0223015 0.0173447 0.00972577 0.00678216 0.00740181 0.00371562 0.000597165 0 0 0 
0 0 0.001017 0.0130711 0.0206945 0.0149562 0.018344 0.0166522 0.0156508 0.016771 0.0199464 0.0177429 0.017636 0.0227875 0.0197675 0.0151525 0.0210804 0.0250505 0.0234081 0.0252017 0.022503 0.0281422 0.0325636 0.0212168 0.020136 0.018162 0.020109 0.0236317 0.0483697 0.0548942 0.0259218 0.0208305 0.0198855 0.0251718 0.0206548 0.0172616 0.0149205 0.0187872 0.0264971 0.0250719 0.0276644 0.0363739 0.0307557 0.0219439 0.023888 0.0205798 0.0284193 0.0287248 0.0202146 0.0164204 0.0181988 0.0212458 0.0195369 0.0204389 0.0179149 0.0146317 0.021546 0.0218604 0.0157288 0.023532 0.0209247 0.0137322 0.0117048 0.00714106 0.00510803 0.00526649 0.00109963 2.41535e-06 0 
0 0 0.00449486 0.0200611 0.0154469 0.0111096 0.0123946 0.00726718 0.011173 0.0159207 0.0228105 0.0181141 0.0159945 0.0155081 0.0156295 0.017579 0.0230805 0.0240116 0.0213636 0.0240885 0.0293924 0.0244334 0.0189611 0.0180979 0.0205073 0.0237907 0.0271225 0.0350437 0.0343516 0.0271072 0.0261728 0.0416091 0.0287396 0.018773 0.0185432 0.0166251 0.0151542 0.0214626 0.0227392 0.0250834 0.0271929 0.0347729 0.0344707 0.0271605 0.0288792 0.0267695 0.0224983 0.0339932 0.0341229 0.0239903 0.0140142 0.0221313 0.0278104 0.0250212 0.0197892 0.0165366 0.0182697 0.0226618 0.0155677 0.0220999 0.0242091 0.0174924 0.010944 0.00305774 0.0102674 0.0101005 0.00498479 0.00107885 0 
0 6.74967e-05 0.00631367 0.0208104 0.019259 0.0213467 0.022805 0.0105837 0.0141444 0.0207921 0.0245492 0.0215283 0.0227658 0.0234754 0.0181917 0.0154129 0.0217916 0.0189951 0.0182675 0.0242513 0.0252625 0.0231541 0.02425 0.0206075 0.0165032 0.0245086 0.024765 0.0223743 0.020806 0.0219021 0.0238975 0.0460913 0.0621463 0.0378919 0.0471122 0.0289427 0.0174042 0.0183934 0.0205111 0.027484 0.0300155 0.0364507 0.03312 0.025778 0.0259861 0.0356398 0.0293237 0.0261114 0.0294491 0.0274925 0.0236415 0.0222133 0.02766 0.0173721 0.0195019 0.0180305 0.0163509 0.0169809 0.0155852 0.0123436 0.0171464 0.0153441 0.0104255 0.00959393 0.0121213 0.00957573 0.00600312 0.00381615 0.000131197 
0 0.000648821 0.00765765 0.0165625 0.0191023 0.0244135 0.0344317 0.0253944 0.0237702 0.0218227 0.0197163 0.0174209 0.0206894 0.0256224 0.0203825 0.0152751 0.0215362 0.0260927 0.0236651 0.0243732 0.0284536 0.0295202 0.0223822 0.0235992 0.0186979 0.0248705 0.028446 0.0194226 0.0167227 0.0196551 0.0204432 0.0274483 0.0809486 0.0729154 0.0508988 0.0458641 0.0211967 0.0194471 0.0175796 0.0277984 0.0269675 0.0272821 0.0254549 0.0179498 0.0178744 0.0194495 0.0263666 0.0222875 0.0207376 0.0198669 0.0213315 0.025782 0.0264832 0.013107 0.0144916 0.0180865 0.010865 0.0120701 0.0114997 0.00985495 0.0189265 0.0160163 0.0115728 0.0161457 0.0135944 0.0135704 0.0062151 0.0045519 0.000293675 
0 0.00355025 0.0143362 0.0077196 0.013407 0.0203586 0.0289112 0.0304645 0.0191845 0.021572 0.0218635 0.0203249 0.022224 0.022277 0.0152597 0.015689 0.0232937 0.0240434 0.0194402 0.0285447 0.0268303 0.0240143 0.0215626 0.0232254 0.0261305 0.0285079 0.0287741 0.023186 0.0191512 0.0239679 0.0183548 0.0220933 0.0475952 0.0707941 0.0778017 0.0346673 0.0132197 0.012459 0.0198073 0.0236201 0.0294845 0.0285641 0.0195505 0.0200993 0.0196833 0.0123562 0.01342 0.010953 0.0139711 0.0208989 0.0213131 0.0282118 0.0222724 0.016262 0.0144652 0.0166094 0.0148488 0.0139839 0.0159373 0.0139824 0.0145937 0.0152416 0.0141266 0.0202589 0.0139487 0.00804494 0.0076548 0.00355249 0.000322141 
0 0.00525438 0.0144497 0.00892278 0.00903082 0.00937714 0.0214617 0.0253787 0.0194339 0.0314849 0.0283575 0.0229334 0.0190999 0.0193186 0.0212798 0.022422 0.0189175 0.0194012 0.0168213 0.0229489 0.0230351 0.0212291 0.0192168 0.0200849 0.024111 0.0234202 0.0228317 0.0234777 0.0209573 0.0257466 0.0267509 0.0319472 0.0205392 0.0325592 0.0305465 0.027361 0.0123947 0.0133241 0.0231264 0.0242647 0.0227515 0.0240175 0.0232114 0.0244521 0.0240488 0.0177842 0.00940017 0.0047152 0.00632354 0.0216664 0.0240858 0.024325 0.0187366 0.0136482 0.0161325 0.0206248 0.016996 0.01979 0.0175049 0.0159754 0.011851 0.0192907 0.020861 0.0189041 0.00822652 0.00916842 0.00940201 0.00251385 0.000191206 
0 0.00546156 0.0136194 0.0102148 0.00431352 0.00574714 0.0186706 0.024367 0.0240968 0.0292091 0.0247475 0.0211255 0.0276617 0.0253415 0.028385 0.0222405 0.0199184 0.0157828 0.0153087 0.0234895 0.0200316 0.0195386 0.0176253 0.0219257 0.0223725 0.0179147 0.0236252 0.0237345 0.0160028 0.0276851 0.0266338 0.0277035 0.0261694 0.0299934 0.0300916 0.0258551 0.0142857 0.0202296 0.0230778 0.0170565 0.0171374 0.0217928 0.0268731 0.0258845 0.0214644 0.0221708 0.0155522 0.0100331 0.00972635 0.0213031 0.031683 0.021356 0.0148968 0.0103293 0.0184094 0.0219499 0.0174188 0.014065 0.0121254 0.0135666 0.014282 0.0142417 0.0157037 0.0152735 0.00690588 0.0126447 0.0128611 0.00600217 0.000205732 
0 0.00136183 0.00723599 0.00593263 0.00396125 0.0116784 0.0180381 0.0230758 0.0244905 0.0208276 0.0216689 0.0286591 0.0452262 0.0443949 0.0336952 0.0256208 0.0196078 0.0148417 0.0166456 0.015357 0.0153458 0.0216435 0.0267848 0.0286566 0.0206288 0.019327 0.0272891 0.0252396 0.0184787 0.0198494 0.0296291 0.026385 0.0245419 0.0246815 0.0185724 0.015552 0.0157259 0.0203626 0.024044 0.024342 0.0227657 0.0208129 0.0209227 0.0180414 0.0140129 0.0200985 0.0167368 0.0116236 0.00973248 0.0191457 0.0208738 0.01814 0.0205974 0.0167637 0.0221378 0.0258425 0.0230168 0.0159576 0.011125 0.00538037 0.00515888 0.0149634 0.0185522 0.017135 0.0125668 0.0199188 0.0170744 0.00525017 9.2892e-05 
0 4.86709e-06 0.000247954 0.00286856 0.0134246 0.021978 0.0278235 0.0216108 0.0205952 0.0202009 0.0235561 0.0279644 0.053058 0.0416308 0.0272221 0.0221106 0.0161598 0.0203281 0.0196433 0.0183365 0.0189455 0.023724 0.0272617 0.0350306 0.0208367 0.021826 0.0244939 0.0253432 0.0255985 0.0179026 0.0251862 0.035588 0.0329509 0.0230218 0.0139391 0.0106578 0.0117816 0.0148749 0.0179034 0.0201569 0.0257779 0.0461862 0.0304441 0.0214138 0.0160856 0.0216991 0.0200862 0.0187077 0.0182422 0.0110797 0.015213 0.0117186 0.0165295 0.0214016 0.0232141 0.0214912 0.0208281 0.0221556 0.0133103 0.00493894 0.00252376 0.0115511 0.0176887 0.017733 0.0185308 0.0221753 0.0181031 0.00391408 0.000155218 
0 1.87922e-05 0.00217624 0.00904112 0.0195963 0.0279549 0.0274948 0.0257509 0.022787 0.0219361 0.020484 0.0287637 0.0289414 0.0336884 0.0182315 0.0174472 0.0139871 0.0164299 0.0147914 0.0135754 0.0268556 0.0260265 0.0326069 0.03932 0.0239562 0.0192569 0.023024 0.0239282 0.027364 0.0183117 0.0166924 0.0262038 0.0267818 0.0201008 0.0177867 0.0130035 0.0150449 0.0140575 0.0166066 0.0209428 0.0254644 0.0384819 0.0387033 0.029462 0.0129249 0.0194306 0.0191444 0.0190923 0.0188449 0.0164693 0.014103 0.0110026 0.0117398 0.0168106 0.0181919 0.0177788 0.0170355 0.0199727 0.0189016 0.0131013 0.0072062 0.0102589 0.0148353 0.0196194 0.0198125 0.0185294 0.01493 0.00276423 0.000552636 
0 0.000970906 0.00967604 0.0181279 0.0233251 0.0276842 0.0273454 0.0284898 0.0268411 0.0200231 0.0188897 0.0233857 0.0244606 0.0355528 0.0191218 0.0132592 0.0113808 0.0151882 0.0204295 0.0207979 0.0230785 0.0268951 0.0239692 0.0249692 0.0208818 0.0321347 0.0279662 0.0295102 0.02729 0.0203179 0.0201898 0.0148605 0.0195419 0.0211077 0.0355048 0.0338213 0.0311893 0.0165937 0.0190695 0.0222872 0.0279473 0.0313766 0.0346653 0.0245248 0.0214094 0.0171074 0.0178493 0.0176657 0.015025 0.0228803 0.0194385 0.0125661 0.0150209 0.0203822 0.0215837 0.0215968 0.0224591 0.0219196 0.020886 0.018504 0.0132499 0.0122753 0.0140796 0.0152606 0.0249295 0.0375409 0.0137703 0.00407408 0.00100134 
7.26512e-06 0.00457509 0.0103837 0.0178968 0.0204807 0.0200309 0.0221922 0.0333078 0.0257016 0.0175618 0.0211925 0.0246877 0.021369 0.033033 0.0276357 0.0137318 0.0108309 0.0146111 0.0260072 0.0257043 0.0246155 0.0238196 0.0230495 0.020979 0.0232168 0.0315777 0.0252217 0.048239 0.0275428 0.0212143 0.0199691 0.0181755 0.0194079 0.0223915 0.0308372 0.0472049 0.0598532 0.0842629 0.0279244 0.0166808 0.022809 0.0230437 0.0261225 0.0226868 0.0245387 0.0182856 0.0165394 0.0186871 0.0190133 0.0224169 0.0229516 0.0160628 0.0173652 0.0230008 0.0272554 0.0251995 0.0274944 0.023333 0.018952 0.0192794 0.0152557 0.00898144 0.0182317 0.0172044 0.0345969 0.057645 0.0194289 0.00620953 0.00289497 
0.000256858 0.00552508 0.0083829 0.00824168 0.015885 0.0221825 0.0202704 0.0204852 0.0212828 0.0199023 0.0276863 0.0282124 0.025757 0.0289437 0.0251011 0.0177176 0.0130033 0.0178926 0.0250433 0.0185517 0.0213394 0.0197413 0.0192698 0.0239106 0.0207492 0.0245806 0.0236848 0.0305696 0.0237234 0.0190189 0.017613 0.021194 0.0221727 0.0270388 0.0453856 0.0516441 0.0867686 0.115487 0.0627437 0.0201823 0.0177165 0.0185179 0.0208265 0.0218932 0.0210373 0.0184109 0.0207587 0.019338 0.0149376 0.0212968 0.0240231 0.0293216 0.0284598 0.0288724 0.0227456 0.0309283 0.0335779 0.0263653 0.0251543 0.0243791 0.0165728 0.00773684 0.00897899 0.0183619 0.0255336 0.0360872 0.0186729 0.00683842 0.00158715 
0.000376322 0.00786145 0.013982 0.00580192 0.0124056 0.0201232 0.0159178 0.0193175 0.0171692 0.0168731 0.0224762 0.0258391 0.0237931 0.0251883 0.0215839 0.0161472 0.0118923 0.0214557 0.0276788 0.0188306 0.0220567 0.0217708 0.0190361 0.0186258 0.0159986 0.0166407 0.0207696 0.0257171 0.0205733 0.0198125 0.0186128 0.0199386 0.024728 0.0407862 0.0771259 0.0796969 0.150706 0.172889 0.0563259 0.0179112 0.0188751 0.0214316 0.0225274 0.0269967 0.0231781 0.0225133 0.024008 0.0218343 0.0232067 0.0225527 0.0245277 0.0315496 0.031345 0.0297963 0.0321494 0.0382382 0.0301533 0.0269811 0.024241 0.0224028 0.0144545 0.0157307 0.0109772 0.0137519 0.0181428 0.0156077 0.0121834 0.00904206 0.00164182 
0 0.000554266 0.00212351 0.00401426 0.0101585 0.0142284 0.0158921 0.0178018 0.0155632 0.0265557 0.0251906 0.0211087 0.0194555 0.0201215 0.0151199 0.0146414 0.0144755 0.0216898 0.0260753 0.0172254 0.0235802 0.0160556 0.0140162 0.0176515 0.016704 0.0109959 0.020329 0.0188378 0.0237853 0.0217489 0.0208406 0.018583 0.0214148 0.0261528 0.0584116 0.0749872 0.154476 0.107845 0.0242059 0.0217454 0.0206903 0.0221353 0.0226008 0.022828 0.0238821 0.0224396 0.0265547 0.031026 0.0213418 0.0186993 0.0169588 0.0182584 0.0212594 0.036844 0.034452 0.0320841 0.0236929 0.0192839 0.0158035 0.0142457 0.0183203 0.0217658 0.0177038 0.0168518 0.0230526 0.0219125 0.0137738 0.0103949 0.00237839 
3.63225e-06 0 0.000380054 0.00605709 0.0146262 0.0175392 0.0184822 0.0240402 0.0227137 0.0267046 0.0269395 0.0136679 0.0146608 0.0116152 0.0128161 0.0161565 0.0204423 0.0261132 0.0186475 0.0150144 0.0161535 0.0176819 0.017051 0.0180977 0.0145401 0.015457 0.0226273 0.0186717 0.019023 0.0194569 0.0124158 0.0251656 0.0169793 0.0176297 0.0201416 0.0273837 0.0568942 0.0648537 0.0256628 0.0165411 0.0138461 0.0206358 0.0162629 0.0137682 0.0144377 0.023362 0.0274261 0.0245996 0.0209898 0.0246676 0.0204238 0.0164361 0.0228693 0.0369258 0.031204 0.0265298 0.0236706 0.0225933 0.0168765 0.0228809 0.0282378 0.0270745 0.0196876 0.0200999 0.024463 0.0267897 0.0189006 0.00682779 0.00186182 
2.70359e-05 1.63784e-05 0.002748 0.0130275 0.017922 0.0159805 0.0211273 0.0229412 0.0293866 0.0263263 0.0192499 0.0148296 0.0205956 0.0150104 0.0133477 0.0183644 0.0196705 0.0164366 0.0156456 0.0156879 0.0111425 0.0187421 0.0197727 0.0180297 0.021816 0.0211563 0.0270689 0.0277954 0.0213491 0.0199108 0.0154746 0.0319547 0.0264793 0.0196611 0.0206739 0.0226747 0.0474249 0.0598465 0.0203338 0.017295 0.0159738 0.0163288 0.0195841 0.0155128 0.010091 0.0152076 0.0241511 0.0194273 0.0178833 0.0209058 0.0219623 0.0175522 0.0171552 0.025329 0.0288725 0.0200737 0.0207515 0.0221067 0.0121379 0.0282149 0.0265703 0.0234298 0.0108771 0.0133631 0.0183479 0.0196363 0.0186029 0.00755555 0.00167191 
0 0.000427716 0.00420614 0.0164951 0.0191991 0.019487 0.0235935 0.0228004 0.0376577 0.0367443 0.0193224 0.0153283 0.0160578 0.016511 0.0116291 0.0192514 0.0203486 0.0132105 0.0147097 0.0163515 0.01716 0.0205638 0.0199635 0.015242 0.0138786 0.0213331 0.0255917 0.0210514 0.0166535 0.0156488 0.0201506 0.030392 0.0273753 0.024504 0.0267648 0.0181345 0.0374995 0.0349833 0.024032 0.0158483 0.0178813 0.0171188 0.0184266 0.0176635 0.0153087 0.0204771 0.025109 0.0205701 0.0197298 0.0226689 0.0257643 0.0191141 0.0236909 0.0283115 0.0272427 0.0203976 0.0192035 0.0199098 0.020621 0.0196174 0.017985 0.0116064 0.00893816 0.015307 0.0199906 0.0223661 0.0190951 0.00954239 0.00185245 
0 0.000204372 0.00378865 0.0144065 0.0242413 0.0202534 0.0201768 0.0246536 0.0335021 0.0224852 0.0204192 0.0160882 0.014619 0.0181537 0.0150372 0.0164681 0.0156983 0.0151984 0.0189026 0.017706 0.0237592 0.0206917 0.0172051 0.010997 0.00808137 0.0133432 0.0187071 0.0168305 0.0143371 0.0132493 0.0164227 0.0221837 0.0193746 0.021597 0.0243655 0.019483 0.0246058 0.0259563 0.026513 0.0204297 0.0214703 0.0217927 0.0267909 0.0240967 0.021915 0.0198641 0.0232509 0.019785 0.020897 0.0201109 0.0225989 0.0198156 0.0202131 0.0245498 0.0245181 0.019348 0.0203254 0.0203271 0.0202517 0.0156735 0.00882236 0.00994024 0.0135455 0.0194813 0.0187366 0.0142716 0.0143254 0.00880485 0.00180035 
0 0.00028298 0.00196769 0.0137213 0.02313 0.0278701 0.0235051 0.0192904 0.021001 0.0175048 0.0164385 0.01651 0.0229455 0.0188263 0.014612 0.0179671 0.0182008 0.0204096 0.0191559 0.0177695 0.0207305 0.02077 0.0181273 0.0100542 0.0121359 0.0178764 0.022579 0.0260846 0.0211993 0.0174414 0.0211548 0.0250694 0.0204241 0.0245817 0.0236341 0.0220322 0.0218741 0.0172652 0.0197151 0.0214231 0.0275626 0.0323986 0.0275241 0.0245473 0.0162112 0.0198887 0.0171163 0.0185111 0.0173631 0.0171373 0.0169678 0.0188504 0.0199331 0.0165504 0.0195658 0.0206755 0.0268228 0.0241312 0.0115977 0.00987207 0.00518786 0.0105957 0.0117151 0.0148063 0.0187244 0.0204939 0.0154605 0.00776607 0.00115033 
0 0.000140095 0.00156352 0.0125289 0.0267935 0.0326289 0.0219985 0.0126433 0.0139786 0.0176549 0.0164687 0.0180931 0.0237641 0.0182959 0.0172105 0.0124155 0.016223 0.0166143 0.0129263 0.014262 0.0214319 0.022286 0.0183384 0.0115996 0.0154494 0.020815 0.0213281 0.0189896 0.0170757 0.0219294 0.019283 0.0221482 0.0198359 0.0249805 0.0233979 0.020849 0.0221141 0.0185132 0.0264763 0.0249831 0.02593 0.0264296 0.0236938 0.0185392 0.0224551 0.0204681 0.0166211 0.0146274 0.0129187 0.0216409 0.022043 0.0205679 0.0226425 0.0173305 0.0189976 0.0205091 0.0265625 0.0192424 0.0107483 0.00724205 0.00536279 0.00658235 0.00901303 0.0124082 0.0117981 0.0187685 0.0106922 0.00459303 0.000446712 
0 0 0.00291798 0.0158178 0.0334543 0.03269 0.0166195 0.00967595 0.0139642 0.0147971 0.0157635 0.0150393 0.0189114 0.0131145 0.0124453 0.0118693 0.011893 0.0103089 0.0164359 0.0174825 0.020426 0.0156285 0.0174986 0.0107963 0.0148172 0.0128517 0.0152324 0.0155514 0.0234848 0.0197259 0.025822 0.0176534 0.0181784 0.019975 0.0188282 0.0217919 0.0256751 0.0226541 0.0247596 0.0270707 0.0226304 0.0171364 0.024389 0.0207867 0.0236942 0.016917 0.0142146 0.0214349 0.031216 0.0240147 0.0210617 0.0201626 0.0203484 0.0220626 0.0271529 0.0267168 0.0133314 0.0141591 0.0118436 0.01616 0.00790119 0.00717318 0.00710361 0.0112847 0.00799817 0.0132282 0.00806471 0.00246145 0.000130086 
0 0 0.00271304 0.0144139 0.0288988 0.0256877 0.025044 0.0138074 0.0112905 0.0175775 0.0209351 0.0204802 0.0144964 0.0129381 0.0102052 0.00852917 0.0106381 0.0132518 0.0180633 0.0158989 0.0146682 0.00792595 0.0126608 0.0185555 0.021181 0.0167123 0.0187706 0.0158806 0.0183118 0.0128558 0.0201547 0.0190752 0.0140597 0.0127355 0.0182297 0.0169285 0.0209297 0.0199832 0.0184899 0.0161346 0.0188614 0.0202964 0.0272883 0.0270686 0.0263562 0.0216465 0.0262939 0.0319055 0.0227611 0.0195651 0.0202493 0.0182548 0.0195183 0.0241568 0.0273228 0.0264062 0.0209437 0.0204301 0.018254 0.0227751 0.0101286 0.00966113 0.0101883 0.0146796 0.0126742 0.00895648 0.00614559 0.000572553 6.56864e-06 
0 0 0.000866297 0.00725963 0.0126616 0.0199871 0.0195555 0.0172219 0.0134705 0.0139042 0.0205158 0.0173172 0.0198743 0.0240219 0.017541 0.0166308 0.0142034 0.0152322 0.0153232 0.0132531 0.0139757 0.0102251 0.0120259 0.0130215 0.0166738 0.0210087 0.0157083 0.0195809 0.0187503 0.0129516 0.0171426 0.0235606 0.0128924 0.0148849 0.0179096 0.0174091 0.01891 0.0239856 0.019392 0.0153054 0.0174778 0.0179328 0.0244687 0.0324197 0.0216682 0.0186724 0.0285311 0.033043 0.0226037 0.0203518 0.0219839 0.0271796 0.0160198 0.0173891 0.0174937 0.0175484 0.0239971 0.0252432 0.0200763 0.0221587 0.0127796 0.0113369 0.0110985 0.0136166 0.0111677 0.00948385 0.00778584 8.50018e-05 0 
0 0 4.35935e-06 0.00259866 0.0103202 0.0124299 0.020525 0.0190324 0.0137235 0.0130684 0.0158424 0.0191751 0.02069 0.0190682 0.0154965 0.0145774 0.0155397 0.0181203 0.0150665 0.0124573 0.0149336 0.0168026 0.0193838 0.0253066 0.0193632 0.0182659 0.0168571 0.0158088 0.0150801 0.0172755 0.0163989 0.0139636 0.0182433 0.0149254 0.0158225 0.0155348 0.018237 0.0210218 0.021822 0.0187785 0.0136279 0.0168462 0.0193686 0.0252448 0.0225505 0.0201886 0.0223421 0.0255315 0.0266975 0.019681 0.0215053 0.0231062 0.020067 0.0161759 0.01918 0.0198332 0.0202706 0.0226717 0.0363541 0.0318084 0.0158685 0.0117517 0.00473564 0.00724623 0.0140224 0.00917717 0.00438212 0 0 
0 0 0 0.0011865 0.00867625 0.0162017 0.0205577 0.0158325 0.0134227 0.0153755 0.0182191 0.0163509 0.0155702 0.0164622 0.0152674 0.0115327 0.012807 0.0153273 0.0146268 0.0196781 0.0146448 0.0125742 0.0160248 0.0253852 0.0206307 0.024758 0.0205898 0.0184146 0.0148914 0.0217236 0.020675 0.0210626 0.0217658 0.013749 0.0148218 0.0103986 0.0106995 0.0154296 0.0158322 0.0167716 0.0120809 0.0186895 0.0191823 0.0160685 0.0206999 0.0293938 0.0253255 0.0224518 0.0253736 0.0216261 0.0191789 0.016391 0.0149451 0.0192732 0.0168267 0.0105092 0.0173731 0.0301577 0.0543876 0.030458 0.0175035 0.0172891 0.0066851 0.00423394 0.00796801 0.00643712 0.0014797 0 0 
0 0 0 6.94574e-05 0.00251995 0.0161552 0.022813 0.0154864 0.0147215 0.0189224 0.0296553 0.0190159 0.02559 0.0194321 0.0150592 0.0131749 0.0174024 0.0233695 0.0162584 0.0198499 0.0123114 0.0135387 0.0162246 0.0199944 0.0162955 0.0245618 0.0196333 0.0204737 0.0203036 0.0208233 0.0198419 0.0158022 0.0117353 0.00929394 0.0134466 0.0152468 0.0223702 0.0236731 0.0208421 0.0215342 0.0173924 0.0210379 0.0242538 0.0298734 0.0368108 0.0405472 0.0270334 0.019177 0.018051 0.017773 0.0196507 0.0134663 0.0153476 0.016462 0.0128399 0.0121752 0.0207386 0.0262854 0.0320571 0.0191084 0.0171755 0.030882 0.0156996 0.00477085 0.0013863 0.00119552 0.00011437 0 0 
0 0 0 0 2.71186e-05 0.0064264 0.014226 0.0192521 0.0185796 0.017976 0.0247376 0.0147261 0.0274153 0.0294574 0.0240904 0.0183539 0.0164002 0.015511 0.018358 0.0137044 0.0120718 0.0158983 0.0202583 0.0220542 0.0177135 0.0214694 0.0242255 0.0172926 0.0123838 0.0194168 0.0229022 0.00987353 0.00741277 0.00879844 0.00840907 0.0132608 0.0216235 0.020316 0.022439 0.0201114 0.021074 0.0254173 0.0245827 0.0351836 0.0344351 0.0274231 0.0177212 0.00994207 0.0146122 0.0137356 0.0167784 0.0173206 0.014962 0.0112989 0.0143747 0.013411 0.0187493 0.0160895 0.0208924 0.0202394 0.0162877 0.0215426 0.0222284 0.00783253 0.00116882 0.000263556 1.0019e-05 0 0 
0 0 0 0 0 0.000854574 0.00869671 0.0175179 0.0163613 0.0208921 0.0229121 0.0233785 0.0204572 0.0276574 0.0234988 0.0203874 0.0118786 0.0149977 0.0175692 0.0167818 0.0148204 0.0132423 0.0162252 0.0220944 0.0239567 0.0197777 0.0220337 0.018172 0.0134192 0.0249537 0.0231681 0.013444 0.0149046 0.00728543 0.00783919 0.0104689 0.0189854 0.022047 0.0216595 0.0164007 0.0216418 0.0213295 0.0317542 0.119194 0.0676233 0.0271606 0.0152616 0.00974823 0.0147607 0.0197218 0.0147196 0.0154392 0.016392 0.0157737 0.0195445 0.0170165 0.0174657 0.015472 0.0212259 0.0215906 0.0209257 0.0158354 0.0129782 0.0051433 0.000813031 0 0 0 0 
0 0 0 0 0 0.000642455 0.00588958 0.0165443 0.0257853 0.0226085 0.0223561 0.0267602 0.0188152 0.0163132 0.0193235 0.0169944 0.0111663 0.0166998 0.0185247 0.0185215 0.0186085 0.0219457 0.0185223 0.0221842 0.029615 0.0182142 0.0182311 0.0247562 0.0168508 0.018361 0.0197291 0.0180836 0.0145601 0.00739574 0.00606198 0.00681269 0.0220809 0.0196166 0.0173119 0.0205402 0.0217161 0.0182222 0.0279897 0.0660274 0.0455768 0.0225934 0.0122133 0.00863119 0.0134446 0.0179488 0.0169998 0.0155225 0.02054 0.0211873 0.0222252 0.0229819 0.017637 0.0232049 0.0226833 0.0319504 0.0256566 0.0165142 0.0109653 0.00385558 0.000129434 0 0 0 0 
0 0 0 0 0 0.000171252 0.00618848 0.0187036 0.0286295 0.0255205 0.024046 0.0233476 0.0205747 0.0221353 0.0192844 0.0179898 0.0170457 0.0199776 0.0189924 0.0203972 0.0234031 0.0287815 0.0219555 0.0190027 0.0187183 0.0204246 0.0221424 0.026941 0.0212633 0.0154681 0.0121958 0.00849019 0.00472989 0.00157326 0.00396456 0.00902363 0.0187374 0.0221544 0.0215909 0.0142406 0.0188097 0.0161211 0.0228349 0.027424 0.0303532 0.0238149 0.0135395 0.0130433 0.019547 0.0184439 0.0212011 0.0192745 0.0176962 0.019294 0.0250515 0.0312442 0.0258432 0.0218497 0.019216 0.0220317 0.0264041 0.0165919 0.0117557 0.00223162 0 0 0 0 0 
0 0 0 0 0 0 0.000657537 0.0124166 0.0311167 0.0286558 0.0209065 0.0256934 0.0280675 0.0208693 0.0260197 0.0253097 0.0215063 0.0167172 0.0139952 0.0142513 0.0250015 0.0286805 0.0229102 0.0202563 0.0211529 0.0171451 0.0220362 0.0222658 0.0162566 0.011043 0.00278695 0.00263639 0.00329405 0.00642344 0.00894453 0.0118124 0.0188569 0.0177882 0.0173485 0.0152797 0.0208149 0.0221597 0.024236 0.0265072 0.019631 0.0178067 0.0177197 0.0149643 0.0246725 0.0167839 0.0140284 0.0134704 0.0167047 0.0190821 0.0188794 0.0216993 0.0184791 0.0148549 0.0171663 0.0238974 0.0162482 0.00809677 0.00340021 0.000661896 0 0 0 0 0 
0 0 0 0 0 0 0 0.00158952 0.0140203 0.02544 0.0309233 0.0411049 0.0374675 0.0200813 0.0289536 0.0255554 0.0161201 0.0144588 0.00554065 0.00350953 0.00755132 0.00800377 0.00823227 0.0130565 0.018182 0.0169411 0.0154564 0.0184083 0.0115034 0.00763935 0.00580957 0.0107169 0.00871454 0.0132647 0.0136508 0.0167011 0.0162053 0.0135064 0.0141539 0.0208943 0.0196718 0.0214641 0.0192399 0.0241886 0.0166798 0.0192761 0.0169238 0.0128911 0.020024 0.0149008 0.0163052 0.0158542 0.0151832 0.0172044 0.0233005 0.0146954 0.0194364 0.0134979 0.02193 0.0258032 0.0129637 0.00493746 0.000650098 0 0 0 0 0 0 
0 0 0 0 0 0 0 0.000113365 0.00236722 0.00680308 0.0236189 0.0385739 0.0424061 0.0248629 0.0267607 0.0273384 0.0145831 0.00986603 0.00233027 0.00167453 0.0102004 0.0179238 0.0127876 0.0104622 0.0162006 0.0167722 0.0194393 0.0156274 0.00834112 0.00858963 0.015433 0.0163629 0.00631315 0.0111757 0.0118782 0.0120466 0.00807789 0.0106095 0.0192916 0.0265401 0.0165589 0.0209609 0.0197588 0.0192567 0.018524 0.0171895 0.0196903 0.0129491 0.0101818 0.0133379 0.0173819 0.0259048 0.0251217 0.0184912 0.019209 0.0188924 0.022093 0.0103437 0.0188718 0.0118266 0.00439675 0.00042896 5.59629e-06 0 0 0 0 0 0 
0 0 0 0 0 0 0 0 0 0.0016428 0.0122205 0.0197613 0.0268371 0.0246054 0.0202586 0.0207553 0.0170231 0.00754607 0.00211469 0.00791716 0.0244139 0.0272833 0.019569 0.0124561 0.0156125 0.0191739 0.0215819 0.0138334 0.00438564 0.00966648 0.0123429 0.00930871 0.00925955 0.0109823 0.00667032 0.00435755 0.00127776 0.00446518 0.0392008 0.0450336 0.0124229 0.0181802 0.0182692 0.0184974 0.014566 0.0177252 0.0188295 0.0141347 0.0136784 0.0139851 0.0104867 0.0217717 0.0214581 0.0195467 0.0152554 0.0189376 0.0192927 0.0168376 0.0157988 0.0111995 0.00283187 1.38668e-05 0 0 0 0 0 0 0 
0 0 0 0 0 0 0 0 0 8.29058e-06 0.00179214 0.0108637 0.0165533 0.0122459 0.00803579 0.0112533 0.0156638 0.0102062 0.00500402 0.0113599 0.0286539 0.0229755 0.0171071 0.0182814 0.020031 0.0260199 0.0236831 0.0156296 0.00736774 0.0136975 0.0183106 0.0120028 0.0134171 0.00978033 0.00398463 0.00349597 0.00162664 0.0010729 0.0109934 0.0115846 0.00489127 0.0118796 0.0173428 0.0262542 0.0241889 0.0178962 0.0197126 0.0135062 0.0125053 0.0155072 0.0177645 0.0138129 0.0153821 0.0145016 0.0125479 0.0187383 0.0252899 0.0199844 0.0122253 0.0049198 0.000204114 0 0 0 0 0 0 0 0 
0 0 0 0 0 0 0 0 0 0 0.000103251 0.00150552 0.00633585 0.00589489 0.002135 0.00944088 0.0221673 0.0257038 0.0128646 0.00469871 0.0157739 0.0176318 0.0186974 0.0165485 0.017662 0.0237587 0.0220493 0.0145466 0.016799 0.0568862 0.0465821 0.0209146 0.015647 0.0137157 0.0145248 0.0143059 0.00587142 0.00560598 0.00898381 0.00424743 0.00474238 0.0124343 0.0197966 0.0239115 0.0206765 0.0157863 0.0187499 0.0233059 0.0184032 0.0183176 0.0192584 0.0185117 0.0167928 0.015758 0.00842322 0.00598746 0.00631197 0.00726692 0.00393298 0.000234314 0 0 0 0 0 0 0 0 0 
0 0 0 0 0 0 0 0 0 0 0 0 0.000108296 0.000180303 0.000212112 0.00893634 0.023749 0.0288263 0.0127843 0.000811278 0.00804065 0.0144458 0.0171186 0.0135802 0.017648 0.0209 0.0191356 0.0180204 0.00985939 0.0285318 0.0254813 0.0152721 0.0163328 0.0143639 0.0208257 0.0164481 0.00889472 0.0130185 0.0136843 0.0116664 0.00616921 0.0137884 0.0191098 0.0224414 0.0258361 0.0226312 0.0225304 0.0223753 0.0210205 0.0265423 0.0190783 0.0133169 0.0220835 0.0254308 0.0189148 0.00694879 0.000425616 0.000673311 5.89752e-05 0 0 0 0 0 0 0 0 0 0 
0 0 0 0 0 0 0 0 0 0 0 0 0 0 0.000238477 0.00769965 0.0151269 0.0155776 0.00431357 0.00260695 0.00980637 0.0182658 0.0161638 0.0238557 0.0198369 0.0187861 0.0195062 0.0123296 0.00553964 0.00533061 0.00787767 0.0138905 0.0158888 0.018158 0.0237963 0.0205811 0.0154742 0.0113203 0.0114968 0.00720453 0.0044836 0.00954073 0.0187508 0.0207364 0.0276747 0.0264657 0.0217354 0.0200833 0.0246962 0.0337307 0.0177291 0.0111217 0.0149612 0.0235943 0.0155408 0.00631076 6.28051e-05 0 0 0 0 0 0 0 0 0 0 0 0 
0 0 0 0 0 0 0 0 0 0 0 0 0 0 0.000181611 0.00250598 0.00416527 0.00260815 0.000310399 0.00479661 0.0146505 0.0196704 0.019814 0.0237008 0.0167211 0.0156512 0.0184982 0.0120553 0.00381408 0.00876755 0.00645402 0.00688493 0.0113979 0.0202123 0.0220229 0.0182072 0.0160721 0.0152519 0.0109031 0.00556289 0.00599133 0.00682187 0.0198972 0.0239351 0.0330107 0.0246379 0.0156834 0.00908835 0.0142265 0.0146304 0.00825288 0.00894829 0.00670476 0.0122255 0.00894443 0.00111455 0 0 0 0 0 0 0 0 0 0 0 0 0 
0 0 0 0 0 0 0 0 0 0 0 0 0 0 0 0 0 2.25542e-05 0.00216822 0.00866228 0.016795 0.0229114 0.0191711 0.0176774 0.0123855 0.0161787 0.0141497 0.00642009 0.00175492 0.00517638 0.00747295 0.0052324 0.00801933 0.016021 0.0163077 0.0127819 0.0109764 0.0149578 0.0120728 0.00702636 0.00615998 0.00699777 0.00695204 0.0133214 0.0254031 0.0240883 0.0123008 0.00259452 0.00533733 0.00969256 0.0064156 0.00602889 0.00367994 0.00263613 0.000545057 0 0 0 0 0 0 0 0 0 0 0 0 0 0 
0 0 0 0 0 0 0 0 0 0 0 0 0 0 0 0 0 2.14514e-08 0.000248083 0.00519293 0.0176727 0.0187598 0.00682153 0.00867141 0.0179016 0.0293417 0.0185664 0.00612986 0.00195063 0.00744995 0.0109375 0.00782465 0.00790691 0.0129013 0.0201375 0.0127356 0.00358106 0.00902035 0.0094571 0.00617928 0.00297517 0.00868167 0.00883 0.00557517 0.00990478 0.0263086 0.0160303 0.0029681 0.00086775 0.00185587 0.00326163 0.00380223 0.00245644 4.49915e-05 0 0 0 0 0 0 0 0 0 0 0 0 0 0 0 
0 0 0 0 0 0 0 0 0 0 0 0 0 0 0 0 0 0 9.57059e-05 0.00150719 0.00577549 0.00520485 0.00263588 0.00499137 0.018204 0.0320248 0.0388753 0.0226098 0.0112023 0.0236211 0.025701 0.0160713 0.0103108 0.0116966 0.0128091 0.00852998 0.00246824 0.00391833 0.00423276 0.0018442 0.00224944 0.00681417 0.00664028 0.00554927 0.00994946 0.0176849 0.0120601 0.00368692 0 0 0 0 0 0 0 0 0 0 0 0 0 0 0 0 0 0 0 0 0 
0 0 0 0 0 0 0 0 0 0 0 0 0 0 0 0 0 0 0 1.33695e-05 0.00013535 0.000501789 0.00131214 0.00241553 0.0121587 0.0183781 0.0201522 0.0193294 0.0153672 0.0288217 0.0330781 0.0232056 0.00470377 0.0114756 0.00719311 0.00391232 0.000183595 0.000209817 0.000668014 0 0.000244237 0.00301264 0.00364143 0.00701896 0.012934 0.0107368 0.00322246 0.000136032 0 0 0 0 0 0 0 0 0 0 0 0 0 0 0 0 0 0 0 0 0 
0 0 0 0 0 0 0 0 0 0 0 0 0 0 0 0 0 0 0 0 0 0 0 0.000172833 0.00130329 0.0048808 0.0100488 0.0126304 0.0133073 0.0137234 0.0144807 0.00945339 0.00138129 0.00364437 0.00129109 0.000274389 0 0 0 0 0.000783989 0.00180761 0.00123005 0.00202409 0.0041985 0.00230662 0.000111987 0 0 0 0 0 0 0 0 0 0 0 0 0 0 0 0 0 0 0 0 0 0 
0 0 0 0 0 0 0 0 0 0 0 0 0 0 0 0 0 0 0 0 0 0 0 0 0 6.7945e-05 0.00113446 0.00135786 0.00182157 0.00144143 0.00158934 0.000476547 7.66979e-07 2.52311e-05 1.32813e-05 0 0 0 0 0 2.80652e-05 0.000195943 2.45653e-05 2.14209e-05 0 0 0 0 0 0 0 0 0 0 0 0 0 0 0 0 0 0 0 0 0 0 0 0 0 

