0 0 0 0 0 0 0 0 0 0 0 0 0 0 0 0 0 0 0 0 0 0 0 0 0 0 0 0 0 2.22638e-05 0.000425029 0.000823565 0.000387565 0.000109847 9.59601e-05 0 0 0 0 0 0 0 0 0 0 0 0 0 0 0 0 0 0 0 0 0 0 0 0 0 0 0 0 0 0 0 0 0 0 
0 0 0 0 0 0 0 0 0 0 0 0 0 0 0 0 0 0 0 0 0 0 0 0 0 0.000278785 0.00123242 0.00324082 0.00540966 0.00676588 0.0113187 0.0143209 0.00830437 0.00435835 0.00156197 0.000167821 0 0 0 0 0 0 0 0 0 0 0 0 0 0 0 0 0 0 0 0 0 0 0 0 0 0 0 0 0 0 0 0 0 
0 0 0 0 0 0 0 0 0 0 0 0 0 0 0 0 0 0 0 0 0 0 8.64456e-06 0.000174038 0.00132483 0.00656909 0.0143014 0.0179663 0.0143964 0.0147597 0.019914 0.0197009 0.014833 0.0161885 0.00638959 0.00263456 0.00124989 0.000529654 0 0.000311077 0.00133759 0.000315269 5e-05 0 0.000297924 0.000873548 9.7289e-06 0 0 0 0 0 0 0 0 0 0 0 0 0 0 0 0 0 0 0 0 0 0 
0 0 0 0 0 0 0 0 0 0 0 0 0 0 0 0 0 0 0 0 0 0 0.000692505 0.00511855 0.014921 0.0269804 0.0311961 0.0272173 0.0224682 0.0197253 0.0204557 0.0119292 0.014735 0.0221511 0.0164835 0.00692578 0.00569018 0.00304678 0.000371307 0.000278943 0.00378967 0.00778297 0.00332271 0.000200841 0.00159976 0.00374841 0.00104666 0.000323578 0.000144922 0.000209479 0 0 0 0 0 0 0 0 0 0 0 0 0 0 0 0 0 0 0 
0 0 0 0 0 0 0 0 0 0 0 0 0 0 0 0 0 0 0 0 0 0.000115641 0.00426761 0.00952724 0.017005 0.0345756 0.0396652 0.0259606 0.0220127 0.0192391 0.0217368 0.0131142 0.0136993 0.0189975 0.0198719 0.0153017 0.0127089 0.00880854 0.00355847 0.00252325 0.00358737 0.012556 0.0111844 0.00398996 0.00147498 0.00770168 0.00762136 0.0009293 0.000210572 0.000990906 0.000254451 0.000106155 0 0 0 0 0 0 0 0 0 0 0 0 0 0 0 0 0 
0 0 0 0 0 0 0 0 0 0 0 0 0 0 0 0 0 0 0 0 0.000445092 0.00248178 0.00834963 0.0140163 0.0162268 0.0194969 0.02684 0.0217817 0.0161937 0.0229893 0.022265 0.0138631 0.016655 0.0165928 0.021041 0.0174777 0.0172145 0.0149193 0.00937895 0.00611749 0.00807346 0.0095177 0.0125337 0.0127342 0.00374976 0.0019039 0.00572112 0.00161908 0.00244607 0.000499161 0.00112983 0.000906562 4.9812e-05 4.53675e-06 0 0 0 0 0 0 0 0 0 0 0 0 0 0 0 
0 0 0 0 0 0 0 0 0 0 0 0 0 0 0 0.000311659 0.0026953 0.00263129 6.10114e-05 4.75391e-05 0.00491562 0.014372 0.0142552 0.0142896 0.0155217 0.0120456 0.0118528 0.0126344 0.0189401 0.0255548 0.0137856 0.0132501 0.0180642 0.0211885 0.0197841 0.0197105 0.0199096 0.0195876 0.0140699 0.0108903 0.0115816 0.00964695 0.006738 0.00795434 0.00638464 0.00546081 0.00705805 0.00584342 0.00909792 0.00429518 0.00225626 0.0044005 0.00258397 0.00276309 0.000817132 2.17742e-06 0 0 0 0 0 0 0 0 0 0 0 0 0 
0 0 0 0 0 0 0 0 0 0 0 0 0 7.94553e-05 0.000820871 0.00568643 0.010131 0.00930458 0.00125331 0.00254829 0.0155863 0.029884 0.0243287 0.0178618 0.0171625 0.0187916 0.0154673 0.0179322 0.0216473 0.0262315 0.0179335 0.0158124 0.0201413 0.0198148 0.0183223 0.0169545 0.0236225 0.0212816 0.0168866 0.0141012 0.00934685 0.0083954 0.00503272 0.00687718 0.014971 0.0147516 0.0120659 0.0119087 0.0170141 0.00857741 0.00996553 0.0115544 0.00499567 0.00765798 0.00605817 0.000181699 0 0 0 0 0 0 0 0 0 0 0 0 0 
0 0 0 0 0 0 0 0 0 0 0 0 0 0.000312595 0.00586255 0.00580986 0.0125838 0.0154193 0.00534155 0.00979741 0.025857 0.0308028 0.0255792 0.0237581 0.0176705 0.0189983 0.0196526 0.0194238 0.0220696 0.0250429 0.0220133 0.0177468 0.0201821 0.017976 0.020721 0.0182924 0.0174015 0.0173278 0.0120233 0.0175411 0.0197462 0.0170394 0.0138257 0.0162468 0.0198819 0.021816 0.0153441 0.0169053 0.0152181 0.0127141 0.016686 0.0183265 0.0116594 0.00903168 0.00832478 0.00242795 7.16798e-05 0 0 0 0 0 0 0 0 0 0 0 0 
0 0 0 0 0 0 0 0 0 0 0 0 0 0.000824197 0.00507797 0.00577497 0.0152751 0.0170376 0.012641 0.0111185 0.0279418 0.0249003 0.0253732 0.0215518 0.0164975 0.0176734 0.0193927 0.0223134 0.0245706 0.0222485 0.0219498 0.0193483 0.0187776 0.0177335 0.023554 0.0248925 0.0163617 0.0187705 0.0162838 0.0120959 0.0180594 0.0189383 0.0117008 0.018421 0.0212942 0.0168753 0.0150015 0.0115786 0.0103107 0.0188511 0.0189747 0.0158855 0.0145404 0.0150736 0.0151583 0.00937895 0.000671527 7.76984e-05 6.42459e-05 0 0 0 0 0 0 0 0 0 0 
0 0 0 0 0 0 0 0 0 0 0 0 0.000122237 0.00218917 0.00688044 0.0145109 0.0305458 0.0200149 0.0161963 0.0151575 0.0173116 0.0213665 0.0253748 0.0198846 0.0147635 0.0169301 0.0189298 0.0215026 0.0250497 0.0246584 0.0253082 0.0178564 0.0152829 0.0166554 0.0222553 0.0272021 0.0189748 0.0208993 0.0149698 0.0123485 0.0139539 0.0164213 0.013055 0.0179026 0.0200197 0.0186064 0.0175061 0.014948 0.0173156 0.030424 0.0274989 0.0206234 0.0149558 0.0120171 0.0167876 0.0128 0.00295098 0.00366931 0.00324931 0.00010158 0 0 0 0 0 0 0 0 0 
0 0 0 0 0 0 0 0 0 0 0 0 0.000234638 0.00492651 0.0089981 0.0175433 0.0280046 0.0172765 0.0165559 0.0212872 0.0156154 0.0231945 0.0220467 0.0203705 0.0216648 0.020857 0.0165732 0.0197687 0.0191105 0.0161219 0.0220737 0.0202189 0.021514 0.018927 0.0199181 0.0258024 0.0245289 0.0249547 0.01828 0.0212897 0.0142728 0.0167974 0.0222422 0.0203103 0.026487 0.0177078 0.0268677 0.0238198 0.0204722 0.0299168 0.0438645 0.0249883 0.0162379 0.0125352 0.0168466 0.0127684 0.0076865 0.00904258 0.00455348 0.000647474 0 0 0 0 0 0 0 0 0 
0 0 0 0 0 0 0 0 0 3.44055e-05 6.26761e-05 0 0.00103977 0.00701361 0.00738421 0.0201833 0.022034 0.0182407 0.0229605 0.0207175 0.0222028 0.0258602 0.0277695 0.0215737 0.0239673 0.0221968 0.0202278 0.0265631 0.0268334 0.0218863 0.0316566 0.025939 0.0241708 0.0227295 0.0225407 0.01975 0.0198053 0.0194492 0.0259742 0.023819 0.0204761 0.0263833 0.063005 0.0322605 0.0341319 0.0224933 0.0264495 0.0264789 0.0302668 0.0300864 0.0379676 0.0192986 0.021318 0.00964327 0.012194 0.00955144 0.00570726 0.00598718 0.00463824 0.000908631 0 0 0 0 0 0 0 0 0 
0 0 0 0 0 0 0 4.25926e-05 0.00148586 0.00400696 0.00483911 0.00286534 0.00185739 0.00213016 0.00665327 0.0240269 0.0265816 0.0333552 0.0295149 0.0263063 0.0227714 0.0229473 0.0241467 0.0232358 0.0230761 0.0266781 0.0318884 0.0350251 0.0346378 0.0208051 0.0234611 0.023084 0.0182095 0.018443 0.0245183 0.024697 0.020484 0.0214581 0.0246673 0.0203315 0.0276479 0.0485146 0.136799 0.0462483 0.0246805 0.0182219 0.0137887 0.0179503 0.0238129 0.0259607 0.0250569 0.0237634 0.0168203 0.0127021 0.0111202 0.00381112 0.00483564 0.00519753 0.00439187 0.00128952 0.000250034 0 0 0 0 0 0 0 0 
0 0 0 0 0 0 1.47853e-05 0.00192978 0.01167 0.0185342 0.0219843 0.0177183 0.00951626 0.0144157 0.020944 0.0263803 0.0323181 0.0420547 0.0264454 0.0227852 0.0242682 0.0242619 0.0213948 0.025721 0.0246635 0.0207264 0.0236335 0.0328658 0.0234788 0.015679 0.0198058 0.02155 0.0161 0.0206269 0.0296003 0.0234841 0.0249151 0.0194928 0.0134194 0.0198603 0.0268589 0.0264936 0.0322435 0.0231488 0.0301699 0.0233524 0.0156507 0.0145548 0.0188106 0.0215485 0.0259599 0.0194905 0.0129006 0.0121865 0.00799154 0.00604149 0.00585137 0.00467186 0.00464085 0.00375524 0.002393 0.000194667 0 0 0 0 0 0 0 
0 0 0 0 0 0 0.00111785 0.00969047 0.0216564 0.024041 0.0239659 0.0255286 0.0187544 0.021895 0.0252677 0.0245297 0.0357972 0.0280577 0.0243993 0.0227034 0.0239343 0.0233445 0.0254448 0.0325723 0.0250528 0.019111 0.0168193 0.0173808 0.0145954 0.0184633 0.0240646 0.0220248 0.0154967 0.0170094 0.0192517 0.0216304 0.0248026 0.0191187 0.0142475 0.0227913 0.0198614 0.0174517 0.0256056 0.0245448 0.0247855 0.0253757 0.0182323 0.0170145 0.0171641 0.0213405 0.0204982 0.0181546 0.0160844 0.0133714 0.00540649 0.00665168 0.00818921 0.0141064 0.0123492 0.0107768 0.00723645 0.00068024 0 0 0 0 0 0 0 
0 0 0 0 0 0.00040899 0.0123927 0.019851 0.0192342 0.0264366 0.0288541 0.0255851 0.0232164 0.0223945 0.0173533 0.0256579 0.032578 0.0216722 0.0215012 0.0253336 0.0298954 0.0266388 0.0191496 0.0246561 0.0210316 0.0199542 0.0193872 0.021652 0.0169392 0.0212704 0.0257149 0.01703 0.0191374 0.0219185 0.0201111 0.0234194 0.0207625 0.0219221 0.0221364 0.025211 0.0224976 0.0199526 0.0230119 0.025253 0.0280805 0.0285104 0.0197204 0.0208766 0.0177114 0.0181806 0.0128052 0.0162293 0.0124264 0.0136168 0.00894598 0.00924658 0.0129701 0.0186352 0.0173144 0.0126279 0.00712722 0.00180962 0 0 0 0 0 0 0 
0 0 0 0 0 0.00321162 0.021312 0.0264184 0.0223961 0.0203713 0.0205219 0.0248096 0.0243469 0.0249369 0.0236345 0.0262559 0.0275683 0.0235903 0.0278484 0.0325662 0.0308355 0.0280415 0.0181187 0.0203572 0.0206538 0.0234206 0.0300963 0.0194799 0.01573 0.0137678 0.0187396 0.0167913 0.0191763 0.0210685 0.0221794 0.0245143 0.0223095 0.0206555 0.0182199 0.0198745 0.0225336 0.0188408 0.0227219 0.022969 0.0215176 0.0197285 0.018158 0.0178781 0.0186117 0.016453 0.0163347 0.00889604 0.0110729 0.00589445 0.00726077 0.0131026 0.0152176 0.0187346 0.0175786 0.016105 0.0118565 0.00280145 0.00091954 0.000427714 0 0 0 0 0 
0 0 0 0 0 0.0022527 0.0206459 0.0244209 0.0244389 0.021408 0.0267481 0.0281888 0.0280994 0.0259831 0.0207857 0.0204444 0.024372 0.0260126 0.0234423 0.0269434 0.0282793 0.0237815 0.0184099 0.0175163 0.0208138 0.0253382 0.0309143 0.0200001 0.0172447 0.0155909 0.0179835 0.0182902 0.0230281 0.026769 0.0222092 0.0220141 0.0205074 0.0211212 0.0170142 0.0175708 0.0135908 0.0191299 0.0223244 0.0228735 0.0237891 0.0234439 0.0200152 0.0224743 0.0264504 0.0189826 0.013747 0.00581091 0.0080495 0.00665702 0.0080326 0.0143117 0.0168156 0.013614 0.020616 0.0220716 0.0202083 0.00813024 0.0045543 0.00387183 5.18858e-05 0 0 0 0 
0 0 0 0 4.18649e-05 0.00321834 0.0142063 0.0216541 0.0224281 0.020715 0.0281942 0.0268299 0.0248226 0.0216926 0.020118 0.0189429 0.0251833 0.0321318 0.0358966 0.0301991 0.025062 0.0265154 0.0225546 0.0192691 0.0208437 0.0172784 0.0220631 0.0220499 0.0192078 0.0179986 0.0174441 0.013515 0.0216804 0.0274686 0.0285277 0.0241637 0.0214968 0.0228244 0.0191958 0.0216796 0.0172657 0.0211492 0.0253376 0.0250353 0.0230654 0.0257743 0.024366 0.0232189 0.0229266 0.0171451 0.0132047 0.0119368 0.0146087 0.0193863 0.0151043 0.0139268 0.0148442 0.0147676 0.0171312 0.0189366 0.0181532 0.00939176 0.00628129 0.00527895 0.00281139 0.00109173 0 0 0 
0 0 0 0.000114562 0.00331962 0.00855835 0.0100698 0.0140271 0.0265974 0.024203 0.0245592 0.0199556 0.0212255 0.0240231 0.0235359 0.0211247 0.0245845 0.031142 0.0371395 0.0342632 0.0248145 0.0220258 0.0245211 0.0261407 0.0235332 0.0192669 0.0206336 0.0214177 0.0196254 0.0221208 0.0220813 0.0152161 0.018824 0.0239293 0.0284653 0.0165049 0.0169888 0.0157131 0.0148291 0.0180465 0.0216635 0.0243865 0.0274843 0.0314308 0.0243507 0.0186818 0.023771 0.0244194 0.0221948 0.0207058 0.0159711 0.0126085 0.0156476 0.0177801 0.0161987 0.010257 0.0101801 0.011654 0.0104436 0.0130297 0.0148686 0.0109902 0.0033806 0.0150959 0.0132391 0.00643213 0.000343056 0 0 
0 0 0 0.00107102 0.00780211 0.0134588 0.0138847 0.0118803 0.019201 0.0173309 0.019942 0.021011 0.0276477 0.0314706 0.0312054 0.0300468 0.0293018 0.0432264 0.0431953 0.035584 0.0211085 0.0217284 0.0245565 0.0247201 0.0202807 0.0145937 0.0171251 0.0239879 0.0235264 0.0255116 0.0226077 0.0212331 0.0187614 0.025279 0.0209563 0.0155901 0.0204567 0.0236684 0.0198775 0.0176706 0.0181626 0.0200893 0.0220781 0.0275542 0.0292101 0.0235177 0.027386 0.024226 0.0240141 0.0212215 0.025161 0.0194617 0.0151062 0.0200263 0.0171169 0.0150412 0.0112316 0.0143544 0.015936 0.0101835 0.00965582 0.00820421 0.00662859 0.010069 0.010714 0.00826561 0.00208368 0 0 
0 0 0 0.00158437 0.00560454 0.0119856 0.0137978 0.0135054 0.0212327 0.0163177 0.0183597 0.0238039 0.0229774 0.0229719 0.0297294 0.0259914 0.0252361 0.0263443 0.0293405 0.0305152 0.0227536 0.0213093 0.0226986 0.0206164 0.0242734 0.024037 0.0228409 0.0214761 0.0261513 0.0324719 0.0259261 0.0229646 0.0252261 0.0208252 0.0193839 0.0217458 0.0233783 0.0253747 0.021405 0.0198461 0.0144419 0.0183788 0.0179344 0.0236547 0.0255042 0.0212104 0.0246242 0.0315282 0.0383571 0.0253417 0.0257588 0.0260261 0.01684 0.0128221 0.013126 0.0164888 0.0205696 0.0230836 0.0157113 0.00949577 0.0101323 0.0097407 0.0145863 0.0186031 0.0155845 0.0110269 0.00705129 0.000141496 0 
0 0 0.000341973 0.00339606 0.00921751 0.0189503 0.0162499 0.0146891 0.0210069 0.0152489 0.018185 0.0272438 0.0321486 0.0293198 0.0159945 0.0208089 0.0236018 0.0228594 0.0233408 0.022754 0.0181069 0.0192876 0.0219442 0.0261272 0.0303143 0.0282881 0.0224394 0.0212304 0.0232764 0.0309708 0.0261856 0.0205601 0.0195542 0.0182475 0.022563 0.0228248 0.0259835 0.024809 0.0170664 0.0171822 0.0185931 0.0179052 0.015127 0.0239778 0.0244311 0.0229235 0.0264693 0.0343838 0.0328011 0.022756 0.0241633 0.0193639 0.0185232 0.0148215 0.0201233 0.0235561 0.0481029 0.0373783 0.0106577 0.0126938 0.010842 0.00658806 0.0125443 0.0158132 0.017061 0.015475 0.00726751 0.000390507 0 
0 0 0.000104293 0.000995977 0.00782286 0.0213306 0.0193335 0.0136712 0.01682 0.0172389 0.0221157 0.0253991 0.0276256 0.0254113 0.0224126 0.020376 0.0210833 0.0283231 0.0200371 0.0170019 0.016939 0.0198541 0.0255409 0.0234929 0.0204425 0.0250274 0.0203814 0.0200017 0.0235115 0.0263516 0.0290624 0.0246034 0.0245857 0.0187576 0.0212396 0.0241223 0.0214927 0.031307 0.0219568 0.0186484 0.0170964 0.0155308 0.0156898 0.0243968 0.022361 0.0184071 0.0230634 0.031935 0.0277882 0.0243399 0.0165669 0.0227777 0.0208945 0.017162 0.0211219 0.0233543 0.0592668 0.0513606 0.0141985 0.0148272 0.0207215 0.00719262 0.0114955 0.0203514 0.0137128 0.00792166 0.00280183 0.000196636 0 
0 0 0 0.000902564 0.0083433 0.0194569 0.0227937 0.0204027 0.0166183 0.0186802 0.023687 0.0274052 0.0265814 0.0266732 0.0216733 0.0215875 0.0199304 0.0250203 0.0234239 0.025507 0.0223881 0.0232929 0.0285586 0.0244347 0.0162613 0.021975 0.0234851 0.0196028 0.0243041 0.0288313 0.0256611 0.0269198 0.0280655 0.0257441 0.0227285 0.0239131 0.0203039 0.0286571 0.0274064 0.0239794 0.0169326 0.0166556 0.0152008 0.0199827 0.0245317 0.0287379 0.0275403 0.0247618 0.017578 0.019 0.0251952 0.0275467 0.0165013 0.020019 0.0230887 0.0214816 0.0318511 0.0276238 0.0150069 0.0136961 0.0219458 0.0115158 0.0150487 0.00765799 0.00552553 0.003247 0.00145079 0.00187459 0.000115614 
0 0 0 0.00202074 0.0128481 0.0208272 0.0225722 0.0161488 0.0168615 0.0154225 0.022422 0.0250149 0.0199995 0.0215354 0.0220272 0.023168 0.0157717 0.0196818 0.0245694 0.0274979 0.0308703 0.0293458 0.0330512 0.0223234 0.0170356 0.0242652 0.0204743 0.0179507 0.0225122 0.0197227 0.0203364 0.0336582 0.0296548 0.0290212 0.0206023 0.0288461 0.0279996 0.0281315 0.0251536 0.0199475 0.0194144 0.0206607 0.0193586 0.021127 0.0259222 0.0279924 0.0281773 0.0183873 0.0151583 0.021212 0.0226488 0.0126696 0.0156105 0.0185798 0.0177285 0.0130167 0.0127162 0.0142931 0.0165885 0.0166724 0.0217825 0.00945327 0.0084484 0.00397008 0.0048931 0.00945898 0.0130928 0.0136262 0.00121911 
0 0 6.183e-05 0.00398978 0.0167808 0.0200263 0.0177677 0.0170873 0.0173478 0.0142171 0.0135642 0.0129793 0.0117032 0.0157633 0.0188636 0.02188 0.0216902 0.0239832 0.0300129 0.0266558 0.0287755 0.0241341 0.0306358 0.0277688 0.0215996 0.0182028 0.0155117 0.0201953 0.0231073 0.02697 0.0309077 0.0392112 0.0311112 0.0247161 0.0197781 0.0219863 0.0231088 0.0201431 0.0187631 0.0205945 0.0208368 0.0189733 0.0255861 0.0293552 0.0288565 0.0285336 0.0240571 0.0175079 0.0159345 0.0177688 0.0229692 0.0220117 0.0210769 0.0153796 0.0141233 0.0171547 0.0138403 0.00918852 0.00950741 0.0124104 0.0151924 0.00891625 0.00634261 0.0113609 0.0140694 0.0154114 0.0230646 0.0187649 0.00248287 
0 0 8.08392e-05 0.00589981 0.0203711 0.0253174 0.0172957 0.0176215 0.010679 0.0127767 0.0105052 0.00941383 0.00846341 0.013949 0.0185855 0.020552 0.0225687 0.0239368 0.023116 0.0288247 0.0298822 0.0259947 0.0252669 0.0231283 0.0214241 0.0151582 0.0194783 0.0211249 0.0230926 0.0224503 0.0265939 0.0286723 0.0297924 0.0259109 0.0213376 0.0228639 0.0237006 0.0230188 0.0226058 0.0187974 0.0272406 0.0302005 0.0248602 0.0288487 0.0312275 0.0404339 0.0307459 0.0270023 0.0229949 0.0230638 0.0300984 0.0195509 0.0208417 0.0161109 0.0118435 0.0167383 0.0224958 0.0163626 0.0159806 0.0129547 0.00995171 0.0077764 0.00959543 0.0193667 0.0134497 0.00706534 0.0101739 0.0121189 0.000527945 
0 5.25759e-05 0.000929934 0.00282195 0.0177516 0.0213494 0.0221477 0.0180909 0.019913 0.0173849 0.0140532 0.0128205 0.0123037 0.01773 0.0140509 0.0197924 0.0194079 0.0166674 0.0177245 0.0193183 0.0184965 0.0190417 0.0187544 0.021108 0.0189047 0.0154429 0.0254175 0.0322589 0.0294837 0.0223401 0.0306802 0.0415316 0.0351266 0.0314275 0.0215927 0.0234226 0.0206138 0.0208936 0.0155962 0.0225515 0.0231475 0.0249208 0.0167538 0.0151728 0.0222479 0.0238441 0.0229458 0.0237926 0.0212792 0.0168801 0.0193857 0.0168964 0.0133664 0.0114132 0.0115199 0.0171046 0.0233296 0.0177993 0.0202545 0.016002 0.0112796 0.00760692 0.0116064 0.0397262 0.0221772 0.00695328 0.01317 0.0127275 0.00321096 
0 0.00030353 0.00453672 0.00726473 0.0170602 0.0184907 0.0209717 0.0187169 0.0222993 0.022037 0.0135416 0.0149459 0.0141382 0.0111173 0.0152066 0.0175128 0.0154417 0.0160525 0.0101577 0.017917 0.0172838 0.0163374 0.0157677 0.0154904 0.01318 0.0143612 0.0237753 0.0408208 0.037908 0.0301147 0.032069 0.032685 0.0383556 0.0270936 0.0197962 0.0216092 0.021986 0.0221852 0.0196088 0.0190467 0.0164427 0.0172267 0.0204845 0.0174632 0.0163842 0.0230673 0.0311178 0.0212971 0.021186 0.00936026 0.0058898 0.0107721 0.0111028 0.0105226 0.0138199 0.0201117 0.0260607 0.0276671 0.0217071 0.0101389 0.014433 0.0105258 0.00638084 0.013858 0.0126535 0.0106536 0.0153755 0.00930811 0.000939623 
3.92524e-05 0.00081172 0.00475862 0.0133363 0.0154456 0.0236178 0.0250644 0.0293008 0.0221872 0.018761 0.0187201 0.0173921 0.0112835 0.0162016 0.0139666 0.0195493 0.0159373 0.0178411 0.0170826 0.017035 0.0206797 0.0195975 0.0141111 0.0180059 0.0168261 0.0164917 0.0246173 0.0351025 0.0434418 0.0398139 0.0310911 0.0291097 0.0260551 0.0313301 0.0213352 0.0244447 0.0228225 0.0294871 0.0362953 0.0259773 0.0238471 0.0267319 0.0417439 0.0414227 0.026889 0.0218365 0.0295369 0.0193019 0.0169032 0.0101378 0.00825421 0.00936779 0.0122812 0.0175226 0.0223763 0.0237121 0.0320588 0.0343076 0.0188541 0.00537257 0.0103848 0.0120954 0.0056288 0.00454171 0.00451418 0.0109042 0.010147 0.00336091 0.000384891 
4.34301e-05 0.00302664 0.00888463 0.0129007 0.0127042 0.0225708 0.0563035 0.085369 0.0327814 0.0195824 0.0164156 0.0152886 0.0112656 0.0130905 0.0122922 0.0136873 0.014526 0.0185996 0.0207777 0.0229963 0.0242052 0.021007 0.0191035 0.025722 0.0226057 0.0163059 0.0219763 0.0308513 0.0383077 0.0420422 0.0345505 0.0287704 0.0218144 0.0284937 0.021919 0.0228649 0.0314087 0.0286707 0.0255834 0.0264793 0.0404862 0.0258537 0.0482926 0.0407836 0.0282042 0.0212389 0.0201347 0.0226535 0.0159758 0.0157711 0.0103947 0.0116819 0.0176115 0.0191977 0.0252022 0.0215399 0.0262844 0.0240787 0.017914 0.00778624 0.0030178 0.00563098 0.00473448 0.00326457 0.00808343 0.0102653 0.00696107 0.00368743 0.000209197 
0.00030056 0.00476828 0.013581 0.0151899 0.0160723 0.0235499 0.0347574 0.0464037 0.0267755 0.019275 0.0157223 0.0109695 0.0105881 0.00864603 0.00894851 0.0162397 0.0177241 0.0213284 0.0197697 0.0172095 0.0158996 0.017618 0.0163386 0.0200419 0.02248 0.0221717 0.0204155 0.029207 0.0370316 0.0360748 0.0286366 0.0241686 0.0203651 0.0329196 0.0309011 0.0256532 0.0269366 0.0259158 0.0237608 0.0250282 0.0297252 0.0418695 0.0454431 0.0311831 0.0312633 0.0285604 0.020257 0.0275258 0.0234677 0.016166 0.0120625 0.0191931 0.0207604 0.0294704 0.0295366 0.0170149 0.0141584 0.0175119 0.015422 0.00545105 0.0031553 0.00366841 0.00487939 0.0101393 0.00920779 0.013059 0.0232908 0.020762 0.00261227 
0.000713394 0.00642106 0.0149764 0.0180827 0.0195168 0.0210468 0.024461 0.0193091 0.0213814 0.0103183 0.0111325 0.0125662 0.0125622 0.012713 0.0182953 0.022366 0.0255093 0.018286 0.0226056 0.01999 0.0176451 0.0211185 0.0167874 0.0192036 0.023951 0.019386 0.0184132 0.0275203 0.0262795 0.0277916 0.0239786 0.0228765 0.025876 0.03421 0.0313723 0.0287414 0.0279725 0.0375765 0.0348339 0.0388319 0.0375404 0.0327062 0.0381041 0.0391177 0.0395182 0.0353481 0.0156414 0.0178554 0.0161394 0.0164728 0.0147635 0.0177468 0.019892 0.0417807 0.0554198 0.0248149 0.0117876 0.0180261 0.010078 0.00468963 0.00551629 0.00992017 0.0136629 0.0134985 0.00889232 0.0209086 0.0310858 0.0190565 0.00422092 
0.000297022 0.00392414 0.0178687 0.0230141 0.021826 0.0182639 0.0187112 0.0159835 0.0194513 0.0153717 0.0112179 0.0141087 0.0176989 0.0139804 0.0229057 0.0256494 0.0187763 0.0148437 0.0179773 0.0191627 0.0135129 0.0215275 0.0200398 0.0176312 0.022829 0.0220696 0.0279092 0.0304752 0.0230685 0.0228758 0.0199224 0.0200172 0.0240093 0.0335953 0.0390656 0.0266095 0.046951 0.102505 0.0993403 0.0537874 0.0306429 0.0261999 0.0352027 0.0372928 0.0459601 0.0381545 0.0137137 0.0145683 0.0195627 0.0209775 0.0242285 0.0266692 0.0202539 0.0217605 0.0286136 0.0178212 0.0185511 0.0191945 0.0115304 0.011059 0.0163123 0.016406 0.0150457 0.0173879 0.0141971 0.0252404 0.0251165 0.013313 0.00266762 
0.00082109 0.00952935 0.0173815 0.0201688 0.0197499 0.0129432 0.0167053 0.0198898 0.0180557 0.0115935 0.0164899 0.0181563 0.0266595 0.0267962 0.0254328 0.0200086 0.0170449 0.0136827 0.0130776 0.0198893 0.0169275 0.0197397 0.0228092 0.0192748 0.0238275 0.0241741 0.0293294 0.0325097 0.0222841 0.0240503 0.0223756 0.0217507 0.0205138 0.0283615 0.037082 0.035179 0.0517008 0.116028 0.102362 0.0646762 0.0336644 0.0204571 0.032657 0.0344864 0.0353689 0.0352793 0.0146336 0.0133707 0.0204994 0.0303241 0.0254058 0.0198425 0.0194624 0.0174889 0.0199099 0.0204083 0.0247037 0.0180492 0.0120971 0.0153527 0.0134204 0.0101509 0.0153391 0.0259616 0.0199876 0.0150554 0.0153829 0.0098227 0.000941036 
0.000424754 0.00907159 0.0186336 0.0153297 0.0168675 0.0150238 0.0161192 0.0207413 0.0169025 0.0105724 0.0159681 0.0203177 0.0304508 0.0263972 0.0183208 0.0168722 0.0154269 0.0147761 0.0149581 0.0157457 0.0193633 0.0208928 0.0237237 0.0250648 0.0231481 0.029362 0.0374298 0.0310613 0.0297913 0.029411 0.0323566 0.0242457 0.0219777 0.0228124 0.0434616 0.0604695 0.0639883 0.087162 0.108292 0.0751997 0.0311375 0.0272359 0.0404755 0.0388173 0.0299519 0.0241921 0.0153654 0.01474 0.0156475 0.0206363 0.0257187 0.0214669 0.015982 0.0212156 0.0232331 0.0261805 0.022242 0.0202161 0.0182483 0.0198235 0.0142116 0.0158648 0.0148528 0.0127606 0.0143207 0.0103288 0.0117903 0.0077357 0.00133791 
0.000698714 0.0117421 0.0164417 0.0168176 0.022805 0.0222686 0.019455 0.018655 0.0154195 0.0127406 0.0160929 0.0182386 0.0184589 0.0205014 0.0214036 0.017982 0.0167212 0.0166193 0.0162222 0.0163391 0.0187902 0.0211574 0.0314913 0.025056 0.0304137 0.0298055 0.0328656 0.036403 0.0374458 0.0290699 0.0345165 0.0271302 0.0193667 0.0215908 0.0355396 0.0616681 0.0627671 0.0724685 0.080514 0.0696487 0.0389919 0.0405506 0.0396107 0.0335527 0.0208439 0.0202819 0.0199388 0.0183072 0.0149384 0.0158712 0.0195676 0.0157021 0.0178619 0.0269468 0.0366081 0.032546 0.0200593 0.0219002 0.021573 0.0202868 0.0297849 0.0693205 0.0354537 0.0219511 0.0149871 0.0136375 0.00730737 0.00818846 0.00093981 
0.000353106 0.0065288 0.0152481 0.0215733 0.0309291 0.0251385 0.0195409 0.0196025 0.0188924 0.014489 0.0168931 0.0194109 0.0174675 0.0207508 0.0252287 0.0122083 0.0124502 0.0140121 0.0146854 0.0114235 0.0180696 0.0207941 0.020819 0.0229537 0.0275827 0.0293107 0.0234826 0.0337214 0.0416407 0.0317406 0.0253461 0.020266 0.0188735 0.019729 0.0217859 0.0343357 0.0254475 0.02803 0.0371249 0.0434449 0.0335723 0.033044 0.0328315 0.0279557 0.0165452 0.021316 0.0298339 0.0279728 0.0200928 0.00911557 0.0113052 0.0105332 0.0151932 0.0234504 0.0302707 0.0266566 0.0223011 0.017917 0.0152995 0.0221975 0.0312655 0.0500691 0.0321557 0.0234527 0.018939 0.0143429 0.00601709 0.00466721 0.00105821 
3.22716e-05 0.00978727 0.0145461 0.0202105 0.0268194 0.0282441 0.0206088 0.0203928 0.0242005 0.0197287 0.0105675 0.0150692 0.0125171 0.0156196 0.0224164 0.0102084 0.00510678 0.0133158 0.0159234 0.017626 0.0171881 0.0105153 0.0134397 0.0146961 0.0224969 0.0299115 0.0257572 0.0260885 0.0286573 0.0195332 0.0272559 0.0215144 0.0215227 0.0234711 0.0255708 0.0244158 0.0157665 0.0169958 0.0284099 0.0353677 0.0232533 0.0311721 0.0325821 0.0209034 0.0176646 0.02711 0.0370216 0.0349769 0.0264888 0.0131595 0.0132393 0.0121697 0.0171801 0.025298 0.0270847 0.0294281 0.0246776 0.0213823 0.0172271 0.0234073 0.016229 0.0195898 0.0184612 0.0110998 0.0105336 0.0123512 0.00644116 0.00616234 0.00159166 
1.58334e-06 0.00434491 0.011147 0.0151963 0.0175808 0.027337 0.0226951 0.0150575 0.0145689 0.0132047 0.0135901 0.0142474 0.0150253 0.0201636 0.0180042 0.00976868 0.0104309 0.0189402 0.00953483 0.012672 0.00758696 0.00763729 0.0105039 0.0104787 0.0148567 0.0193329 0.0195561 0.0195539 0.0251503 0.0172247 0.0232448 0.0237179 0.0194732 0.0221174 0.0198978 0.0168401 0.0233811 0.0178611 0.0234422 0.0213983 0.0230242 0.0304586 0.026666 0.0192418 0.0230445 0.0226787 0.0274682 0.0333754 0.0259471 0.0194129 0.0207555 0.0220381 0.0249405 0.0285814 0.0215675 0.0293831 0.023025 0.0223365 0.0177834 0.0240019 0.0194563 0.0201561 0.0199873 0.017692 0.00908797 0.0101911 0.00512329 0.00406808 0.000840055 
0 0.000460114 0.00126496 0.0047648 0.0179422 0.0213149 0.0182922 0.0120468 0.0155704 0.0215657 0.0198566 0.0185404 0.0189205 0.024609 0.0173981 0.0123678 0.0114733 0.0185712 0.0139564 0.0159328 0.00663046 0.00927106 0.0148564 0.0171519 0.0140407 0.0142805 0.0171241 0.0136918 0.0197549 0.0171127 0.0156026 0.0160016 0.0154854 0.0145664 0.0173947 0.0138787 0.0174594 0.0218478 0.0221072 0.0174434 0.0288976 0.0349784 0.0239258 0.0247617 0.0263166 0.0254277 0.0291241 0.026353 0.0235306 0.0197763 0.0252035 0.0279451 0.0342642 0.0350579 0.0197324 0.0200605 0.0220717 0.0213814 0.0201728 0.027703 0.027132 0.0175917 0.0157928 0.0127358 0.0124309 0.011614 0.00778427 0.00589232 0.000405403 
0 0 0.000308528 0.00485975 0.0168471 0.0174856 0.0173538 0.00901595 0.0147678 0.0275041 0.0229265 0.0139916 0.0164247 0.0183157 0.0134704 0.0108901 0.013728 0.0141717 0.0112652 0.00573783 0.00684469 0.0111004 0.0158164 0.0202807 0.0139929 0.0164706 0.0165024 0.0139079 0.0152251 0.0113674 0.0103538 0.0105334 0.00797055 0.00995509 0.0221417 0.0226641 0.0214208 0.0204249 0.0209284 0.0241181 0.0293537 0.046459 0.0262277 0.0263278 0.0262837 0.0206972 0.0246344 0.0204458 0.0189675 0.0196016 0.0289792 0.0259649 0.0388266 0.0279177 0.025974 0.0205797 0.0227595 0.0204346 0.0188135 0.0185299 0.0196124 0.0204792 0.0181946 0.0175541 0.0170604 0.0145262 0.0103399 0.00446213 0.000294418 
0 0 0.00117437 0.012996 0.0221948 0.018293 0.0201033 0.0116522 0.0124455 0.0210634 0.0229976 0.0156113 0.0129411 0.0158937 0.0112752 0.0113415 0.0119941 0.0129334 0.0106958 0.0122298 0.0158979 0.0134738 0.0231731 0.0248009 0.0167352 0.0140678 0.0149928 0.014386 0.00968715 0.00615951 0.00890433 0.00947113 0.00804719 0.0105306 0.0166212 0.0266386 0.0204759 0.0203532 0.0216598 0.0173393 0.0247463 0.0402993 0.0297399 0.0324938 0.0262386 0.0262047 0.0135877 0.0149467 0.0218903 0.0169561 0.0275164 0.0371831 0.0326691 0.022637 0.0273854 0.0253962 0.0321396 0.0263222 0.018078 0.0133994 0.0210303 0.0246976 0.0292063 0.0229087 0.0173073 0.0150063 0.0156077 0.00792532 8.95532e-05 
0 0 0.000958623 0.0122534 0.0165272 0.0209963 0.0212902 0.0191468 0.0135165 0.0158699 0.0212719 0.0196326 0.0146986 0.0166111 0.0126506 0.0111088 0.0109205 0.0128238 0.0224519 0.0198517 0.0133205 0.0103776 0.0260098 0.0242623 0.019763 0.0133142 0.0140661 0.0166648 0.0105249 0.00950306 0.0128199 0.00939488 0.00931531 0.0134185 0.0186996 0.025798 0.02771 0.0192486 0.0164509 0.0139794 0.0229833 0.0289709 0.0343963 0.0258446 0.0226868 0.0282714 0.0282222 0.0270595 0.0221261 0.019427 0.035972 0.0411433 0.0249934 0.0236243 0.0299703 0.0275621 0.0297467 0.0345842 0.0268666 0.0164849 0.0221973 0.0269727 0.0310949 0.02446 0.0247498 0.0167792 0.0116904 0.00499317 0 
0 0 0.000137024 0.00961105 0.0201159 0.0230151 0.0290146 0.0249411 0.0219086 0.0153226 0.0177889 0.0225539 0.021828 0.0121729 0.00881037 0.00844218 0.0102235 0.0162417 0.0383139 0.0160043 0.00526167 0.007426 0.0156062 0.0218568 0.0160449 0.0201082 0.0189138 0.014737 0.0141381 0.0151194 0.0096784 0.00877315 0.0116661 0.013312 0.0149216 0.0182058 0.0171312 0.0183153 0.0129714 0.0135174 0.0190519 0.0294189 0.0386034 0.0349282 0.0297188 0.0338402 0.0376585 0.0336584 0.0295512 0.0270001 0.0334783 0.0401699 0.0253046 0.0233438 0.0278283 0.023527 0.0267923 0.0264109 0.0318928 0.0314194 0.0242591 0.029117 0.0340654 0.0249438 0.0323907 0.0147278 0.0047083 0.000830155 0 
0 0 0 0.00166595 0.0108931 0.0186631 0.0300826 0.0205118 0.0202451 0.0209022 0.0206867 0.0209398 0.0206997 0.019888 0.0225053 0.0157321 0.0111216 0.00883939 0.00625902 0.00483058 0.00467124 0.0100505 0.0106487 0.0169829 0.016573 0.0182802 0.0143126 0.0124782 0.0109962 0.0116119 0.0116278 0.0212746 0.0263455 0.0186769 0.0182451 0.0175738 0.0200571 0.0169366 0.0117848 0.0132458 0.0129931 0.0256393 0.0271835 0.0387318 0.0405485 0.0284298 0.039452 0.025458 0.0251502 0.0363934 0.0333596 0.0273386 0.0193018 0.0238332 0.0199941 0.0169229 0.0240906 0.0235898 0.0228757 0.0218902 0.0333249 0.0440996 0.040309 0.0305212 0.0258063 0.009588 0.00296225 2.45632e-05 0 
0 0 0 0 0.000820484 0.00601362 0.0143724 0.0161448 0.020472 0.018728 0.021613 0.0189489 0.0275673 0.0238935 0.0189913 0.00956196 0.010476 0.00793515 0.00729684 0.00459816 0.00602625 0.0101636 0.00905589 0.0113186 0.0200907 0.0197655 0.0144794 0.0133911 0.00978918 0.0119203 0.0235693 0.0396875 0.0225072 0.0207693 0.0264199 0.0266906 0.0244033 0.017185 0.0100366 0.00947251 0.0119819 0.0175779 0.0232777 0.0459603 0.0525642 0.03263 0.0377317 0.022888 0.0166004 0.0162486 0.0203152 0.0205098 0.0167746 0.0164154 0.0195624 0.0214921 0.0221351 0.0240202 0.0222609 0.0155641 0.0273884 0.0345458 0.0351247 0.0288192 0.018591 0.0100324 0.00136037 0 0 
0 0 0 0 0 0.00102311 0.00356097 0.00795023 0.0175407 0.0175316 0.00868302 0.0098752 0.019186 0.0188639 0.0163124 0.00835248 0.0141794 0.00935329 0.00779586 0.00746006 0.0101296 0.00906304 0.00833172 0.0067163 0.0153502 0.0297478 0.028822 0.0255216 0.0215098 0.0257175 0.0530154 0.0612141 0.0184051 0.0180991 0.0201731 0.0199258 0.0214734 0.0128801 0.00719129 0.0124481 0.011896 0.0164572 0.0249037 0.0371737 0.0376293 0.0309117 0.0328525 0.0285744 0.0288458 0.0211245 0.0223979 0.0188203 0.0148733 0.0157355 0.0110511 0.0168019 0.023939 0.0205081 0.0183188 0.0149601 0.0216923 0.027019 0.02752 0.0192556 0.0188194 0.00547992 0 0 0 
0 0 0 0 0 6.54995e-05 0.000703541 0.00192927 0.00949911 0.0142252 0.0121543 0.00790849 0.0126769 0.0184268 0.0234084 0.0107251 0.00709962 0.00477067 0.00431696 0.0128304 0.0126538 0.00945751 0.00880288 0.0108966 0.0183048 0.0252571 0.0466463 0.0662966 0.0424238 0.0398903 0.0445929 0.0340533 0.0253871 0.0255125 0.0229677 0.0166868 0.0106476 0.0110144 0.0157885 0.0190495 0.016782 0.0158409 0.0207057 0.0259828 0.0341589 0.0319682 0.0278438 0.0218122 0.0219997 0.0217692 0.0225645 0.020117 0.0242616 0.031107 0.0280545 0.0248737 0.0209112 0.0172047 0.0210011 0.0167648 0.0189167 0.0191302 0.0229022 0.0229706 0.013077 0.000640313 0 0 0 
0 0 0 0 0 0 0.00147299 0.00949409 0.0176075 0.0236106 0.0138748 0.00708839 0.00970636 0.0133062 0.0198387 0.0146359 0.00926918 0.00623952 0.00631616 0.0125634 0.0202175 0.0195131 0.0178521 0.0150419 0.0171967 0.0206923 0.0370393 0.0384214 0.0185534 0.0170162 0.0140132 0.0140209 0.0227121 0.0251569 0.01757 0.0120871 0.0110102 0.0190123 0.0219362 0.0163545 0.0206722 0.0185428 0.0229809 0.0348513 0.0309217 0.0301734 0.025234 0.0219672 0.0197585 0.0197354 0.0202683 0.020405 0.0322424 0.0404119 0.0240536 0.0292381 0.016435 0.0198597 0.0306515 0.0298591 0.0176672 0.0150062 0.021209 0.0136433 0.00333785 0.000113926 0 0 0 
0 0 0 0 0 0 0.00149634 0.00930299 0.0168458 0.0195548 0.0157349 0.00390206 0.00451377 0.0135213 0.0224005 0.018908 0.00785935 0.0117212 0.0114308 0.0157835 0.0234321 0.0226869 0.0215062 0.0197144 0.0171369 0.0168535 0.0242372 0.0293637 0.017753 0.0208141 0.0109553 0.0135247 0.0180294 0.0185609 0.0157785 0.0135812 0.0130909 0.0225683 0.0232483 0.0141596 0.0105164 0.0150036 0.0317516 0.0542932 0.0284491 0.0259071 0.0213935 0.0162545 0.0141721 0.0175528 0.0180711 0.0211897 0.0210248 0.0286261 0.0230693 0.0200377 0.0154061 0.0158705 0.0201374 0.028602 0.0306057 0.0254824 0.0206854 0.00639261 0.0008774 0 0 0 0 
0 0 0 0 0 0 0.0015483 0.00795107 0.0169201 0.0197125 0.0162586 0.00437549 0.000836131 0.0101609 0.0181228 0.015606 0.00760709 0.0169106 0.0256218 0.0257105 0.0204487 0.0237648 0.0212625 0.0222098 0.0215752 0.0205787 0.0286981 0.0295455 0.0227644 0.0196175 0.0112402 0.0125667 0.0203511 0.011889 0.0131316 0.01647 0.0185445 0.0232179 0.0155404 0.018562 0.0201087 0.0237979 0.0383652 0.0400416 0.0267229 0.0195586 0.0169363 0.0130176 0.0107913 0.0180788 0.0256769 0.024373 0.0175441 0.0156759 0.0151033 0.0158349 0.0119293 0.012802 0.0145926 0.0247717 0.0258037 0.0199963 0.0130206 0.00162648 0 0 0 0 0 
0 0 0 0 0 0 0.00109307 0.00803805 0.0158934 0.0207298 0.0179561 0.00837129 0.00107964 0.00784199 0.0176889 0.0124177 0.0122643 0.02007 0.0687182 0.0567131 0.0167672 0.0107291 0.0234009 0.0202007 0.0282197 0.027491 0.0288053 0.0222653 0.022145 0.019621 0.0177434 0.0151873 0.020687 0.012724 0.0175663 0.0177621 0.0139861 0.0136572 0.0158913 0.0269467 0.0303167 0.0270443 0.0255351 0.0243577 0.0209384 0.00979016 0.00980159 0.00534498 0.00688384 0.0254873 0.0300956 0.016722 0.0139382 0.012247 0.0128688 0.0183534 0.0162639 0.0185301 0.0278849 0.0276486 0.0208137 0.0137837 0.00279375 0.000408807 0 0 0 0 0 
0 0 0 0 0 0 4.55324e-05 0.000589038 0.00644843 0.0157901 0.0133308 0.00361339 0.000483354 0.00907273 0.018031 0.0206271 0.0175589 0.0197279 0.0388564 0.0357938 0.0136038 0.0132019 0.0226738 0.0361674 0.0282821 0.0273244 0.0212507 0.0154794 0.0200166 0.0383914 0.0176786 0.0141016 0.0236753 0.0207338 0.0191619 0.0246587 0.0228404 0.0209062 0.0299652 0.0261433 0.0196282 0.0265125 0.029908 0.0223994 0.0200033 0.0094897 0.00418049 0.00441196 0.00709309 0.0176778 0.0176791 0.0106973 0.0108479 0.0190719 0.0226307 0.0176899 0.0161506 0.0250216 0.0246957 0.0237933 0.0152811 0.00383658 0.000625161 0 0 0 0 0 0 
0 0 0 0 0 0 0 3.09379e-05 0.00161693 0.00748585 0.00668752 0.000828487 0.000859445 0.00456727 0.0142853 0.0179656 0.0230305 0.0218369 0.0234447 0.0153347 0.00895201 0.0166581 0.0224677 0.0203293 0.0186003 0.0228578 0.016729 0.0222567 0.0305491 0.037881 0.0157868 0.0173692 0.0230823 0.0246804 0.0297098 0.0410602 0.0346059 0.027422 0.0318232 0.0285582 0.0209491 0.0246702 0.0231826 0.016537 0.0122477 0.00923922 0.00647522 0.00775973 0.00454272 0.00851448 0.00600384 0.00788889 0.0145215 0.0200889 0.0224987 0.0123779 0.015385 0.0174675 0.0165332 0.0120097 0.00367357 0.000486077 3.6104e-05 0 0 0 0 0 0 
0 0 0 0 0 0 0 0 0 0.000173717 0.000137453 0.00336613 0.00948662 0.0053475 0.00877754 0.0135014 0.0230913 0.0263744 0.0236598 0.0182456 0.0144655 0.0226553 0.0281409 0.0158445 0.0174641 0.0231965 0.0211575 0.0220541 0.023612 0.0225769 0.0211561 0.020928 0.0215674 0.0278898 0.03033 0.0416646 0.0369761 0.0231489 0.0192803 0.0119104 0.00850613 0.00798428 0.00495292 0.0040237 0.00417935 0.00793832 0.00780058 0.00599843 0.00504401 0.00845377 0.00876125 0.0112179 0.0137856 0.0175726 0.0288154 0.0112017 0.00967777 0.0129991 0.00948537 0.00446208 0.000163076 0 0 0 0 0 0 0 0 
0 0 0 0 0 0 0 0 0 0 0.000578157 0.00831907 0.0154626 0.0119992 0.00906976 0.0121356 0.0211676 0.0344927 0.0313608 0.0213146 0.0261614 0.0196749 0.0126563 0.0136823 0.0178162 0.0219441 0.0246976 0.022564 0.0171932 0.0288325 0.0291706 0.02611 0.0204835 0.0275496 0.0290031 0.0300273 0.0256108 0.0223242 0.0111046 0.00906566 0.00689321 0.00877417 0.00613148 0.00329516 0.00383257 0.00223655 0.0033624 0.00382901 0.00551933 0.00600863 0.0103565 0.0131089 0.00772735 0.0121313 0.0133085 0.00504611 0.00901369 0.0120216 0.00153454 0.000131777 0 0 0 0 0 0 0 0 0 
0 0 0 0 0 0 0 0 0 0 9.21274e-06 0.00210769 0.00917931 0.0134919 0.0202448 0.0204364 0.0230026 0.0286528 0.0266921 0.0310046 0.0225549 0.01458 0.0113778 0.0116773 0.0232945 0.0218142 0.0208636 0.0157311 0.0184183 0.0290943 0.0308796 0.0258176 0.0265861 0.0320882 0.0344744 0.0266436 0.0153378 0.0102755 0.0103842 0.0116812 0.0072627 0.00767289 0.00401393 0.00262905 0.00186259 0.000781684 0.00248577 0.00418289 0.00487554 0.00724838 0.00979758 0.0163631 0.0116699 0.00935868 0.0113816 0.00613211 0.00982817 0.00895469 0.000339807 0 0 0 0 0 0 0 0 0 0 
0 0 0 0 0 0 0 0 0 0 0 0.000282117 0.00150655 0.00416906 0.0213885 0.04563 0.0469462 0.029526 0.0320642 0.0480198 0.033144 0.0157118 0.0126786 0.0136041 0.0148113 0.0176909 0.00986887 0.0107937 0.0175164 0.0239317 0.0246191 0.0238039 0.0237787 0.0271064 0.0283296 0.0273861 0.0174075 0.00562692 0.00600876 0.0133798 0.0140404 0.00921324 0.0037181 0.00399188 0.00944343 0.00431392 0.0100688 0.0121026 0.0128983 0.0123039 0.00816658 0.011318 0.00707653 0.00619978 0.00463147 0.00118588 0.00643636 0.00235716 0.000150785 0 0 0 0 0 0 0 0 0 0 
0 0 0 0 0 0 0 0 0 0 0 0 2.97442e-05 0.000581751 0.0127287 0.0344499 0.0298423 0.0299615 0.026207 0.0506202 0.0526533 0.0212904 0.0136137 0.0114503 0.00983405 0.00625879 0.00271722 0.0070101 0.0120764 0.018471 0.0211092 0.0285747 0.02414 0.0212757 0.031033 0.033142 0.0189284 0.0166795 0.0127396 0.0124346 0.0162736 0.00892563 0.00457102 0.00621578 0.011877 0.016163 0.0177394 0.0121517 0.0132603 0.0174427 0.0135446 0.0157069 0.00529945 0.00200287 0.00521689 0.0022343 0.00256391 0.000284719 0 0 0 0 0 0 0 0 0 0 0 
0 0 0 0 0 0 0 0 0 0 0 0 0 0 0.00137035 0.00830395 0.0142885 0.0141751 0.0183328 0.0453584 0.0343118 0.0149475 0.0113139 0.00577947 0.00110791 0.000366656 0.000711543 0.00751044 0.00713271 0.00499947 0.00839957 0.0161738 0.0257272 0.0227075 0.0197726 0.032506 0.0387725 0.0347894 0.0398186 0.0292265 0.0205121 0.0167286 0.00662483 0.00552957 0.00927965 0.0163222 0.00991508 0.00784958 0.010353 0.0116346 0.0125986 0.00960692 0.00380021 0.00169609 0.00561467 0.000775671 0.000102326 0 0 0 0 0 0 0 0 0 0 0 0 
0 0 0 0 0 0 0 0 0 0 0 0 0 0 3.17739e-05 0.000330046 0.00115666 0.00359038 0.013379 0.0311317 0.00812326 0.0035502 0.00815321 0.0104434 0.00975252 0.00151309 0.000942117 0.00590245 0.00902849 0.00705824 0.00302524 0.0101302 0.0207766 0.0223598 0.0116869 0.0208732 0.0383487 0.0375453 0.0500096 0.0391482 0.0261029 0.0173138 0.0120859 0.0111848 0.00918117 0.00949009 0.015902 0.0189221 0.00527372 0.00389597 0.0055683 0.00585493 0.00423353 0.0014578 0.000183572 0 0 0 0 0 0 0 0 0 0 0 0 0 0 
0 0 0 0 0 0 0 0 0 0 0 0 0 0 0 0 0.000164346 0.000789825 0.00410523 0.00744724 0.0011912 0.000316546 0.00549716 0.0163989 0.0162536 0.00351009 0.00172304 0.00768047 0.0142053 0.0195231 0.00910632 0.00759586 0.0136395 0.0154967 0.0176422 0.0197176 0.0240165 0.0259762 0.028565 0.0298052 0.0307583 0.026643 0.0254817 0.0174634 0.0143539 0.0194337 0.0354765 0.0366467 0.00691627 0.000534801 0.00246573 0.00198733 0.000356602 0 0 0 0 0 0 0 0 0 0 0 0 0 0 0 0 
0 0 0 0 0 0 0 0 0 0 0 0 0 0 0 0 0 0 0 0 0 0.000705276 0.0047754 0.0151165 0.0142395 0.0051126 0.00454457 0.0152523 0.0211527 0.0217523 0.0138091 0.0073225 0.0123849 0.0144661 0.0155232 0.0185948 0.018485 0.0287056 0.0440551 0.0361757 0.0537868 0.0561794 0.0448992 0.0308538 0.0194929 0.0161371 0.0266411 0.0261662 0.00425358 0.00144527 0.000456701 0.00010799 0 0 0 0 0 0 0 0 0 0 0 0 0 0 0 0 0 
0 0 0 0 0 0 0 0 0 0 0 0 0 0 0 0 0 0 0 0 0 0.000355911 0.00116585 0.00591352 0.00751684 0.00244718 0.00940488 0.0201312 0.0252042 0.0109264 0.00641236 0.00726117 0.011408 0.0101503 0.0136611 0.0141844 0.0174674 0.0218757 0.0308946 0.0294201 0.0412762 0.0457522 0.0566229 0.0265593 0.01264 0.0105356 0.00811533 0.00330254 0.000239804 0.000110819 0 0 0 0 0 0 0 0 0 0 0 0 0 0 0 0 0 0 0 
0 0 0 0 0 0 0 0 0 0 0 0 0 0 0 0 0 0 0 0 0 0 4.67064e-05 0.000347788 0.000149713 0.000784904 0.00449759 0.0168618 0.0212718 0.00452966 0.00097239 0.00744721 0.0141815 0.00686172 0.00676709 0.0086041 0.0114129 0.0133075 0.0197667 0.0209601 0.0222386 0.0202028 0.0194287 0.00880781 0.00343952 0.0028678 0.000580612 7.01255e-05 0 0 0 0 0 0 0 0 0 0 0 0 0 0 0 0 0 0 0 0 0 
0 0 0 0 0 0 0 0 0 0 0 0 0 0 0 0 0 0 0 0 0 0 0 0 0 1.54935e-05 0.00098858 0.00206721 0.00171996 8.09967e-05 4.71089e-05 0.00114166 0.00215421 0.000257919 0.00105428 0.00112154 0.00303803 0.00312543 0.00604291 0.00712159 0.00564806 0.00364769 0.00153105 0.000512117 5.30604e-05 0 0 0 0 0 0 0 0 0 0 0 0 0 0 0 0 0 0 0 0 0 0 0 0 

