0 0 0 0 0 0 0 0 0 0 0 0 0 0 0 0 0 0 0 0 0 0 0 0 0 0 0 0 0 0 0 0 0.000133307 0.000100823 4.1635e-05 0 0 0 0 0 0 0 0 0 0 0 0 0 0 0 0 0 0 0 0 0 0 0 0 0 0 0 0 0 0 0 0 0 0 
0 0 0 0 0 0 0 0 0 0 0 0 0 0 0 0 0 0 0 0 0 0 0 0 0 0 0.000267854 0.00262421 0.00306602 0.00211029 0.000539314 0.000727543 0.00306148 0.00472169 0.00310826 0.000120574 0.00138987 0.00120887 0.00152468 0.00316874 0.000758274 0 0.000242238 0.000779012 0.000344209 0 0 0 0 0 0 0 0 0 0 0 0 0 0 0 0 0 0 0 0 0 0 0 0 
0 0 0 0 0 0 0 0 0 0 0 0 0 0 0 0 0 0 0 0 0 0 0 0 3.46765e-05 0.000839948 0.00665946 0.0150944 0.0158722 0.0153679 0.0074305 0.00332641 0.00778481 0.00907924 0.00992287 0.0067332 0.00736194 0.0102313 0.0089568 0.00811737 0.00341993 0.000725695 0.00325027 0.00652604 0.0031102 0.000716322 7.0315e-05 0 0 0 0 0 0 0 0 0 0 0 0 0 0 0 0 0 0 0 0 0 0 
0 0 0 0 0 0 0 0 0 0 0 0 0 0 0 0 0 0 0 0 0.000250635 0.00179696 0.00310976 0.00212351 0.00146079 0.0100213 0.0190814 0.0246605 0.0230897 0.0224088 0.0177359 0.0122638 0.00777236 0.00872223 0.0110197 0.0146202 0.01457 0.0210288 0.013917 0.0108506 0.00737805 0.00477455 0.00396157 0.00191071 0.00424552 0.00346226 0.00349706 0.000727999 4.32547e-05 0 0 0 0 0 0 0 0 0 0 0 0 0 0 0 0 0 0 0 0 
0 0 0 0 0 0 0 0 0 0 0 0 0 0 0 0 0 0 0.000134265 0.00114789 0.00706544 0.0152236 0.0159189 0.0133924 0.00518754 0.010971 0.022906 0.0486005 0.0280583 0.03159 0.0276973 0.0210937 0.0130563 0.0123057 0.0153826 0.0228775 0.0222883 0.0159598 0.0169572 0.0137672 0.011745 0.00780203 0.00789405 0.00857606 0.00840912 0.0119746 0.0117522 0.0081805 0.00193642 0.000239621 6.01795e-05 0 0 0 0 0 0 0 0 0 0 0 0 0 0 0 0 0 0 
0 0 0 0 0 0 0 0 0 0 0 0 0 0 0 0 0 2.54873e-05 0.00424062 0.0118913 0.0174611 0.0233834 0.0227794 0.0211629 0.0173527 0.0115479 0.0196807 0.06181 0.0444933 0.0255039 0.0293189 0.0179601 0.0118481 0.013882 0.0187954 0.0192939 0.0211696 0.0157546 0.0151462 0.0147481 0.0117805 0.00328641 0.00300223 0.0103195 0.0139332 0.0162029 0.0146551 0.013541 0.0108295 0.00692727 0.00392351 0.00261192 0.000465094 0 0 0 0 0 0 0 0 0 0 0 0 0 0 0 0 
0 0 0 0 0 0 0 0 0 0 0 0 0 0 0 0.0004157 0.000770226 0.000304453 0.00872247 0.0173317 0.0173809 0.0224783 0.0277826 0.0299091 0.0274162 0.0219593 0.0271181 0.0238728 0.0264905 0.0213129 0.019771 0.0123276 0.0111017 0.0109178 0.0150515 0.0203689 0.0245937 0.0229429 0.020049 0.0162433 0.0112102 0.00442676 0.00180532 0.0033837 0.0109252 0.0169986 0.0189157 0.0120648 0.0134194 0.0133879 0.0113852 0.0123992 0.00884639 0.00105358 0.000179158 0 0 0 0 0 0 0 0 0 0 0 0 0 0 
0 0 0 0 0 0 0 0 0 0 0 0 0 6.25842e-05 0.00215792 0.0117162 0.0125762 0.00903871 0.0120553 0.0218458 0.0267702 0.0292266 0.0350922 0.0294361 0.0269588 0.0195073 0.0262505 0.028787 0.0182523 0.01774 0.0173188 0.0186425 0.0131864 0.0231528 0.0270666 0.0277427 0.0225359 0.0207029 0.0200453 0.018143 0.0157276 0.00736634 0.00489213 0.00321343 0.00961817 0.0185995 0.0175649 0.0155025 0.0110921 0.0139408 0.0115378 0.0101603 0.00769401 0.00692519 0.00233539 0 0 0 0 0 0 0 0 0 0 0 0 0 0 
0 0 0 0 0 0 0 0 0 0 0 0 0.000225745 0.00356618 0.010693 0.0118817 0.0210862 0.0237773 0.0192096 0.0206874 0.0251588 0.0249866 0.0267779 0.0306292 0.025108 0.018222 0.0177742 0.0293697 0.0181108 0.012126 0.01431 0.021371 0.0220571 0.0218152 0.0225168 0.0230897 0.0152159 0.0184224 0.0222 0.0179439 0.0162912 0.0147645 0.0155746 0.0171508 0.0131112 0.0210293 0.0179577 0.0181059 0.0134893 0.0132276 0.00979384 0.0124064 0.0126577 0.0115535 0.0041945 0.000823288 0.000706757 0.000122917 0 0 0 0 0 0 0 0 0 0 0 
0 0 0 0 0 0 0 0 0 0 0 4.84096e-05 0.00437865 0.0107925 0.00750158 0.0124185 0.0150971 0.0230128 0.0209729 0.0216002 0.0220682 0.0260108 0.0280727 0.0226811 0.0137555 0.0152263 0.0147003 0.0250998 0.012479 0.0159371 0.0173988 0.0255881 0.0338561 0.0235055 0.0145958 0.016073 0.0171265 0.0208573 0.0194352 0.017936 0.0245903 0.0144031 0.0169491 0.010273 0.0102813 0.0218794 0.0227274 0.018329 0.0141775 0.0184024 0.0161475 0.0238271 0.0148502 0.0134136 0.00796297 0.00576519 0.00435539 0.00375161 7.59704e-05 0 0 0 0 0 0 0 0 0 0 
0 0 0 0 0 0 0 0 0 0 0.000820224 0.00634281 0.0102209 0.0089244 0.00529476 0.00744196 0.0167088 0.0206459 0.0192984 0.0254191 0.017608 0.0256777 0.0248454 0.0177865 0.0133187 0.0136008 0.0170126 0.0141387 0.0109211 0.0141391 0.0216039 0.025126 0.0287087 0.017154 0.0178117 0.0194855 0.0173203 0.014076 0.0175478 0.0203152 0.0221449 0.0176145 0.0178675 0.010417 0.00757156 0.00906953 0.0212379 0.0246453 0.019507 0.0179356 0.0288188 0.048796 0.0162227 0.0166182 0.00849896 0.0136876 0.00916871 0.014222 0.0016901 0 0 0 0 0 0 0 0 0 0 
0 0 0 0 0 0 0 0 0 0 0.00236543 0.00884926 0.0161008 0.0157727 0.00996287 0.0166909 0.0421139 0.0418066 0.0210767 0.0228767 0.0234121 0.0233016 0.0236854 0.0143971 0.0125032 0.0110356 0.0191386 0.014207 0.0112967 0.0137676 0.0143345 0.0181532 0.0168065 0.0164835 0.0235637 0.0206708 0.0132881 0.0198437 0.0177405 0.0231103 0.0209662 0.020113 0.0124883 0.00790794 0.00874186 0.0104621 0.0150707 0.0168869 0.0169874 0.0112985 0.0157583 0.0273508 0.0204737 0.0129392 0.0136097 0.0153172 0.0141898 0.0149154 0.00479011 0.00027441 0 0 0 0 0 0 0 0 0 
0 0 0 0 0 0 0 0 0 0.000156077 0.0027101 0.00904979 0.0170497 0.0210504 0.0146821 0.0146841 0.0210372 0.017594 0.0123524 0.0162753 0.0130565 0.0119235 0.0132167 0.0107351 0.0172662 0.0201695 0.0223478 0.0143204 0.0152046 0.0181078 0.0197434 0.02238 0.0162889 0.0175927 0.0217968 0.0208239 0.0128369 0.018935 0.0240224 0.0255774 0.0256901 0.0205193 0.0117304 0.00869807 0.01528 0.0136469 0.0161162 0.0101104 0.00915675 0.0141451 0.0222099 0.0170513 0.013232 0.00943084 0.0103875 0.010847 0.0140661 0.0141413 0.00558135 0.0010306 0.000352928 8.49439e-05 0 0 0 0 0 0 0 
0 0 0 0 0 0 0 0 0 0.000411579 0.00750236 0.0133051 0.014574 0.0147478 0.0207511 0.0188894 0.0138375 0.0115116 0.0115325 0.0111767 0.0136329 0.0108404 0.0148765 0.0217964 0.017879 0.0177898 0.0185001 0.0144472 0.0187924 0.022299 0.0226295 0.0174795 0.0146246 0.0212344 0.0309729 0.0230698 0.0157538 0.0195619 0.0397558 0.0838301 0.0309593 0.0212459 0.0173092 0.0110796 0.0127027 0.0118167 0.0130288 0.0135905 0.0144629 0.0169609 0.017501 0.0107515 0.00756324 0.00640484 0.0111568 0.0128479 0.0139666 0.0124418 0.00617839 0.00345892 0.0056248 0.00124071 0 0 0 0 0 0 0 
0 0 0 0 0 0 0 0 0.000389632 0.00396257 0.0124669 0.0154781 0.0195086 0.0161611 0.0165967 0.0168464 0.0144069 0.0085857 0.0103342 0.0137608 0.0157931 0.0110427 0.0126837 0.0194958 0.0198033 0.0186717 0.0155928 0.0226828 0.0186549 0.0196582 0.0197643 0.0151797 0.01495 0.0210139 0.0205228 0.0207181 0.0159369 0.024625 0.0439561 0.0771227 0.0335963 0.0201156 0.0182934 0.0140688 0.0107887 0.0119971 0.0149163 0.0137932 0.0169338 0.0125812 0.015435 0.0135863 0.012195 0.00832633 0.0138559 0.0206475 0.0191768 0.0183768 0.0190342 0.0124729 0.0121818 0.00599629 0.00176055 1.32962e-05 0 0 0 0 0 
0 0 0 0 0 0 4.50557e-05 0.00146678 0.00395115 0.0117496 0.0171439 0.0150514 0.0131597 0.0200637 0.0237466 0.0240919 0.0138907 0.00868563 0.0107395 0.0112644 0.0173461 0.0149205 0.0125826 0.0148537 0.0213199 0.0331407 0.0285677 0.0222854 0.0189951 0.0194483 0.0182923 0.0162993 0.0168864 0.0170378 0.0146312 0.0160199 0.0167823 0.0224411 0.0293025 0.0248131 0.0189079 0.0170767 0.0196408 0.0163593 0.0199096 0.0147528 0.0125834 0.0103827 0.0107323 0.0153012 0.015903 0.0102602 0.0099247 0.0092474 0.0142956 0.0219506 0.0165772 0.019574 0.0230327 0.0224928 0.0225022 0.0164064 0.00770093 0.00195789 0 0 0 0 0 
0 0 0 0 0 0 0.000416236 0.00593462 0.013725 0.0162016 0.0110546 0.0116695 0.019745 0.0202866 0.0216979 0.0210059 0.0117205 0.0111347 0.00951196 0.0132564 0.0163629 0.0149209 0.0133814 0.0132464 0.024431 0.0574269 0.0326173 0.0195518 0.0222712 0.0139796 0.0186315 0.0148745 0.015273 0.0186736 0.0134831 0.0207951 0.0196 0.0165895 0.0175522 0.0225972 0.0180306 0.0192013 0.024733 0.0194728 0.0223309 0.0262546 0.0175713 0.0110396 0.0108804 0.012404 0.0108546 0.0106036 0.0143151 0.0134299 0.0119528 0.0180038 0.0127397 0.0149122 0.0189964 0.0178191 0.014635 0.0221957 0.0204814 0.0135361 5.31173e-05 0 0 0 0 
0 0 0 0 0 1.48032e-05 0.00186582 0.00935865 0.0163141 0.0146713 0.00982543 0.0156842 0.0218443 0.0211401 0.0290416 0.0169508 0.0137367 0.0120127 0.0142775 0.0171384 0.0171464 0.0218023 0.0188228 0.0156827 0.0189717 0.0317478 0.0235469 0.0176146 0.023104 0.0163314 0.0225573 0.0168799 0.0172914 0.0169407 0.0162328 0.0202777 0.0169204 0.014315 0.0142406 0.0182141 0.022529 0.022913 0.0205529 0.0157327 0.016455 0.0200273 0.01384 0.0132271 0.011398 0.00892326 0.0117654 0.0181907 0.0199643 0.0108287 0.0101193 0.0180805 0.0166326 0.0167744 0.0212763 0.0203495 0.0170575 0.0218928 0.0205474 0.0200934 0.00209634 0 0 0 0 
0 0 0 0 0 0.000622486 0.00569641 0.0141898 0.0167131 0.0179342 0.0180772 0.020385 0.0180009 0.0199733 0.0254579 0.0201405 0.0189892 0.0145666 0.0193648 0.0184162 0.0279943 0.0324489 0.0339376 0.0237315 0.0181722 0.0192366 0.0232908 0.0246026 0.0284511 0.018915 0.0151406 0.0182104 0.016583 0.0123128 0.0118121 0.0223358 0.0180007 0.0132658 0.0213857 0.0243727 0.0224982 0.0212454 0.0197651 0.0169737 0.0188313 0.022845 0.0142778 0.0108988 0.0108611 0.0131763 0.0145801 0.0166761 0.0102061 0.0144442 0.00887733 0.0123931 0.0194693 0.0164808 0.0166525 0.0238076 0.0210914 0.0219849 0.022013 0.0188714 0.00817553 0.000493825 0 0 0 
0 0 0 0 0 0.00263692 0.0100943 0.0173842 0.0179186 0.0228966 0.024727 0.0196514 0.0197319 0.0177277 0.0260971 0.0222235 0.0122541 0.0154807 0.0176461 0.0193904 0.0281579 0.0278853 0.0311981 0.0270652 0.0200579 0.0159874 0.0172332 0.0274444 0.0246811 0.0171393 0.0138617 0.0192314 0.0223473 0.0156733 0.0143838 0.02096 0.0189294 0.0164135 0.0258039 0.0201975 0.0216112 0.0239797 0.0198594 0.0283043 0.0214164 0.0169589 0.0148771 0.0137671 0.00967179 0.0171437 0.0174669 0.0246873 0.0177489 0.0157967 0.010579 0.00940221 0.0140893 0.0231439 0.0248187 0.024098 0.0253645 0.0215301 0.0196888 0.0199587 0.0103959 0.00104847 0 0 0 
0 0 0 0 5.26442e-05 0.00624866 0.0149702 0.0152735 0.0165432 0.0150457 0.0157128 0.0194356 0.0195569 0.0143237 0.0185403 0.012408 0.0108237 0.0251909 0.0209783 0.0181135 0.0205269 0.0240973 0.0171468 0.019611 0.0192841 0.015741 0.0235542 0.02512 0.0133097 0.0141865 0.0169005 0.0216324 0.0173139 0.0153153 0.0177617 0.0162257 0.0185684 0.0260831 0.0195875 0.0180603 0.0205633 0.0222509 0.0213978 0.0189832 0.0171095 0.0135677 0.0123825 0.0187379 0.0186975 0.0213762 0.0207838 0.0259397 0.0221141 0.0133069 0.0106781 0.011008 0.0191158 0.0227412 0.037673 0.0259762 0.0238808 0.0190502 0.0182765 0.021071 0.011126 0.0019538 0 0 0 
0 0 0 1.64467e-05 0.000492897 0.00898286 0.0120243 0.0130223 0.0144307 0.0151988 0.0151323 0.0153526 0.0156678 0.0184886 0.0140823 0.00836078 0.0138859 0.0201978 0.0165814 0.0136296 0.0128419 0.0119792 0.0115287 0.0206668 0.0249635 0.0136967 0.0252535 0.0327056 0.0235974 0.0188785 0.018704 0.0172993 0.0212408 0.0165548 0.0176201 0.0185636 0.0182776 0.0186625 0.0150221 0.0185935 0.0130363 0.0130608 0.0168664 0.0185296 0.0165682 0.0154705 0.0144259 0.0164051 0.0169054 0.0177701 0.0146917 0.0200833 0.0198922 0.0128379 0.00820921 0.0112338 0.019236 0.0242288 0.030239 0.0213698 0.0233832 0.0179834 0.0183639 0.0213817 0.0189654 0.00484346 1.16983e-05 0 0 
0 0 0 0.000637666 0.00597475 0.00833925 0.0148247 0.0157868 0.0136232 0.0127769 0.0133558 0.0159522 0.0190067 0.0228892 0.0116587 0.0125647 0.0204698 0.0199203 0.0154514 0.0138132 0.0153711 0.0182673 0.0114255 0.0220112 0.0361978 0.0222582 0.0299008 0.0325425 0.0215229 0.0239217 0.023047 0.0174424 0.0166915 0.0181163 0.0213178 0.0165776 0.018296 0.0202989 0.0151554 0.0154013 0.0116824 0.0101069 0.0133616 0.0192358 0.0212175 0.0170382 0.0177771 0.0165294 0.0189335 0.0138101 0.0113638 0.013116 0.0132858 0.011937 0.0105227 0.0108327 0.015948 0.0195297 0.0239362 0.021441 0.0269041 0.023639 0.0261842 0.015165 0.0199452 0.00902669 0.00019672 0 0 
0 0 0 0.00264699 0.00981981 0.0131776 0.0169805 0.0153225 0.0154907 0.0113871 0.0131229 0.0143347 0.0205577 0.0241592 0.0197101 0.0221904 0.0254671 0.0234983 0.0202705 0.0172842 0.019824 0.0168239 0.0177899 0.0157845 0.0148492 0.01714 0.0251158 0.0295771 0.0270111 0.0285124 0.0263904 0.0218541 0.0152702 0.0161653 0.0186347 0.0170616 0.0127122 0.012621 0.0178718 0.0156993 0.0136259 0.0165222 0.0173132 0.0178017 0.0226966 0.0117716 0.0142984 0.0199027 0.0188982 0.0132891 0.00849462 0.0146842 0.0225221 0.0222092 0.0137223 0.0202253 0.0209019 0.0205625 0.0229602 0.0247631 0.0242607 0.0226731 0.0252078 0.015046 0.00980951 0.00328467 0.000195386 0 0 
0 0 0.000381775 0.00279078 0.0084161 0.0143996 0.0195549 0.0218699 0.014644 0.0130605 0.0123661 0.0160664 0.0158026 0.022393 0.0398731 0.0540314 0.0434175 0.0237193 0.0295387 0.0264211 0.0211876 0.0165134 0.018563 0.0128604 0.00771916 0.00982598 0.0168706 0.0204252 0.0205018 0.0205657 0.0191524 0.0160996 0.0201472 0.0207527 0.0190919 0.0153736 0.0131841 0.0118443 0.0184113 0.0125915 0.015892 0.016844 0.0161299 0.0178447 0.0160426 0.0123799 0.0118277 0.0189641 0.0161436 0.0168524 0.0173755 0.0237123 0.0213524 0.0246312 0.0273541 0.0187628 0.023148 0.0193007 0.0272023 0.0235859 0.0166241 0.0229396 0.0383934 0.0364437 0.0106811 0.00238429 4.46124e-05 0 0 
0 0 0.00141145 0.00544976 0.0121726 0.0139064 0.0195553 0.0184865 0.0187898 0.013309 0.0109165 0.0141028 0.0117342 0.0154038 0.0250584 0.0331711 0.0306782 0.0261625 0.0271521 0.0252978 0.0136861 0.0135066 0.012423 0.0221278 0.0107858 0.014917 0.0186739 0.0186028 0.0150894 0.0166607 0.0150848 0.0106531 0.0174029 0.0224899 0.0204543 0.0195343 0.0172099 0.0176579 0.0166403 0.0141965 0.0159151 0.0140045 0.0159839 0.0161517 0.0136229 0.0143467 0.0129072 0.0192543 0.0159724 0.0165679 0.025952 0.0232148 0.016588 0.0246191 0.0245171 0.0252299 0.0275845 0.0223779 0.0224375 0.0167772 0.0103709 0.0231058 0.0526707 0.0630013 0.0396039 0.0110824 0.000391339 0 0 
0 0 0.00253425 0.00641284 0.0114878 0.0111771 0.0117938 0.012094 0.0120377 0.0121705 0.00822598 0.00921716 0.0130931 0.0227059 0.0192058 0.0190439 0.0181473 0.0218967 0.0234008 0.0249617 0.0214009 0.0108122 0.0176369 0.0270011 0.0133168 0.0130371 0.0162036 0.0167464 0.0276408 0.0236283 0.014992 0.0118052 0.0167634 0.0213149 0.0143284 0.0133171 0.0175278 0.0204247 0.017908 0.0212086 0.0176953 0.0146308 0.0180533 0.0176883 0.0150458 0.0148676 0.0197122 0.0154203 0.0143538 0.0115279 0.0145481 0.0127298 0.0126367 0.00893392 0.0120851 0.0189485 0.0224034 0.020872 0.0338535 0.0413371 0.0164674 0.0268774 0.0330383 0.0501826 0.0457145 0.0212219 0.00331262 0.000881987 0.000129065 
0 0.000190706 0.00263279 0.0142114 0.0129991 0.0111543 0.0112493 0.0105023 0.0103941 0.0156781 0.0120387 0.0122619 0.0113896 0.0212984 0.0169846 0.014785 0.0142633 0.0178103 0.024711 0.0335553 0.0290392 0.018045 0.0127307 0.0114598 0.0139851 0.0146101 0.0200908 0.0253364 0.0350014 0.0311033 0.0171529 0.0151338 0.0145419 0.0143566 0.012485 0.0139825 0.0188417 0.026051 0.0175242 0.018787 0.0188261 0.0161335 0.0187964 0.0221647 0.0179628 0.0151062 0.0217131 0.0177544 0.013625 0.0118911 0.0109502 0.0108912 0.0166865 0.0142259 0.0174405 0.0231707 0.0256716 0.0246697 0.0228569 0.0311736 0.0172909 0.0224877 0.0222356 0.0234495 0.0298991 0.0212581 0.00407463 0.00839494 0.00268192 
0 0.00156021 0.00626388 0.00952695 0.0118196 0.0118129 0.0120983 0.0110059 0.0141543 0.0120978 0.010107 0.0141699 0.017587 0.0181263 0.0157188 0.0149537 0.0189062 0.016632 0.0190682 0.0330412 0.0323433 0.0263695 0.00997072 0.0155279 0.012149 0.0149321 0.0249964 0.0332671 0.0491185 0.0382906 0.0177117 0.0169168 0.0154008 0.0147688 0.0169263 0.0199075 0.0218135 0.0221603 0.0160152 0.0185817 0.0221681 0.0256899 0.0268171 0.0221901 0.0247698 0.0197854 0.0158162 0.0158969 0.0128156 0.0144438 0.0141394 0.019467 0.0196558 0.0169467 0.0193228 0.0266311 0.0185232 0.0204005 0.0153702 0.0162729 0.0179003 0.0227844 0.0185869 0.0170012 0.0212319 0.0136474 0.0155342 0.0212172 0.00374466 
5.38067e-06 0.00328696 0.00847936 0.00697172 0.0100576 0.0117546 0.0148468 0.0169798 0.0166993 0.011503 0.00511298 0.00876724 0.0193037 0.0197479 0.0179168 0.0218266 0.0200162 0.0174518 0.0170936 0.0289567 0.0256037 0.0247564 0.0218008 0.00983448 0.0138918 0.0175748 0.0174532 0.0247237 0.0444327 0.0236015 0.0166513 0.0189091 0.0200076 0.0262251 0.030619 0.0221031 0.0198611 0.0127176 0.00959002 0.0147494 0.0177415 0.024049 0.0221301 0.0181551 0.0239318 0.025575 0.0166696 0.0101749 0.0177499 0.0160397 0.0224576 0.0227762 0.0245868 0.0226649 0.0149426 0.0248513 0.0210553 0.0155935 0.0121767 0.0131661 0.017074 0.0219825 0.0228183 0.0206884 0.0145284 0.00847859 0.0196029 0.0308599 0.00605119 
4.97369e-05 0.00405801 0.00582792 0.0084767 0.0109115 0.0157551 0.0151346 0.013285 0.00965415 0.00645017 0.00819138 0.0137947 0.0213572 0.0206445 0.0225642 0.0252436 0.0211893 0.0145844 0.020465 0.0216764 0.023211 0.0312874 0.0490467 0.0181115 0.0199084 0.0162077 0.0160179 0.0256923 0.0489073 0.0254975 0.019444 0.0156244 0.0197985 0.0267212 0.0268317 0.0170846 0.0190971 0.0124286 0.0102376 0.0134676 0.0133659 0.0168756 0.0154018 0.0193292 0.0201776 0.0257704 0.0201621 0.0164889 0.0178551 0.0218494 0.0288213 0.027166 0.0267415 0.0206434 0.0185266 0.0202999 0.0184902 0.0173322 0.0171847 0.0186517 0.0281133 0.022942 0.0227562 0.0252901 0.0187873 0.0117043 0.0148255 0.0263627 0.00657411 
0.000256381 0.00310735 0.00838153 0.0102486 0.0173913 0.0201092 0.0154778 0.0109201 0.00578643 0.00394631 0.0130233 0.0167744 0.0250588 0.0232496 0.0238983 0.0223299 0.0206754 0.0206683 0.0190503 0.01737 0.0204464 0.0273708 0.0343322 0.050065 0.0308864 0.0134386 0.0197415 0.0247826 0.0741986 0.0415682 0.0240085 0.0187123 0.0163487 0.0165107 0.0226667 0.0116119 0.00958706 0.0122658 0.0195512 0.0177949 0.0181231 0.023651 0.0220917 0.0217283 0.0207735 0.0222665 0.021201 0.0218774 0.0218024 0.0185232 0.0232008 0.0265382 0.0286638 0.0213905 0.019724 0.0226952 0.025503 0.018593 0.0208934 0.0186353 0.0233296 0.0250342 0.0268972 0.0312437 0.0255904 0.0157067 0.0231039 0.023664 0.0126096 
0.000348764 0.00241311 0.00250593 0.00700163 0.0190342 0.0129305 0.00787653 0.0145712 0.0197525 0.0109882 0.0177909 0.0236638 0.0290691 0.0248882 0.0244087 0.0230249 0.0176202 0.0165718 0.020841 0.0204825 0.0271397 0.0267111 0.0309715 0.0331837 0.0429576 0.030762 0.0145746 0.0315909 0.0748529 0.0482827 0.0227806 0.0155876 0.014884 0.0129454 0.00930112 0.00620865 0.0112051 0.0207972 0.0221681 0.0257498 0.0198918 0.0177049 0.0211456 0.0175316 0.0205404 0.0192119 0.02354 0.0244114 0.0237364 0.0237636 0.0242504 0.0226552 0.0276027 0.0210903 0.0206955 0.0185055 0.0158832 0.0154709 0.0176847 0.0207033 0.0237833 0.0382874 0.0302322 0.0321806 0.0309884 0.0221611 0.0292065 0.0273307 0.0136097 
0.000205238 0.000846827 0.00226905 0.00623205 0.0107791 0.0106219 0.0047982 0.011008 0.0230615 0.0218716 0.0219669 0.0248487 0.0268455 0.0282616 0.0210349 0.0206613 0.0244418 0.0204751 0.021558 0.0285379 0.0250347 0.0217232 0.019122 0.0193063 0.0275542 0.0550864 0.0592127 0.0517765 0.0717199 0.0346079 0.0181497 0.0109597 0.0137314 0.0150371 0.0117056 0.0102359 0.0176164 0.0203602 0.0172631 0.014468 0.0173403 0.0172538 0.0210458 0.0217791 0.0238363 0.0207642 0.0267521 0.0204753 0.0198429 0.0193149 0.0254366 0.0215138 0.0274805 0.0223422 0.024902 0.0208865 0.0192353 0.0167637 0.0118194 0.0266877 0.0325125 0.0369058 0.0299745 0.0224721 0.0159515 0.0178364 0.0292521 0.0240682 0.0106083 
0.000506329 0.00269904 0.00689025 0.0108858 0.0074069 0.00417937 0.00505811 0.0135655 0.026132 0.0226008 0.0240141 0.0251206 0.0254067 0.0253784 0.0163512 0.0161915 0.0228933 0.0197813 0.0223352 0.0256645 0.0199424 0.0161001 0.0212932 0.021403 0.0235982 0.0410957 0.0546574 0.0607762 0.056603 0.0323937 0.0174381 0.0186455 0.0133126 0.0110143 0.00936435 0.0135115 0.0131213 0.018876 0.0142617 0.0116475 0.0211063 0.020075 0.0261389 0.0263138 0.0259314 0.020996 0.0230026 0.0183081 0.0165286 0.017826 0.0194133 0.0236042 0.0261407 0.0185255 0.0175144 0.0212007 0.0186018 0.0203353 0.0137555 0.0294164 0.0465801 0.0329959 0.0287458 0.0337705 0.0208532 0.016323 0.0235123 0.0205529 0.00613366 
0.000125813 0.00312591 0.0113774 0.0113645 0.0100676 0.00300168 0.00539858 0.0140485 0.0244773 0.0230312 0.0226286 0.0236271 0.0257831 0.0237029 0.0156875 0.0184364 0.026876 0.0198146 0.0236891 0.0213913 0.0234038 0.0234563 0.0220933 0.0214036 0.0224738 0.0269377 0.0301783 0.0479693 0.0399638 0.0312807 0.0322268 0.0470668 0.029184 0.017406 0.0166728 0.010264 0.0130267 0.0223772 0.0218323 0.0252195 0.0206682 0.0224785 0.0210539 0.0280921 0.0275251 0.0277453 0.0300736 0.0298474 0.0310466 0.022438 0.0181552 0.0202543 0.022532 0.0226478 0.0220031 0.0221597 0.0223685 0.0176227 0.0162371 0.0220856 0.036664 0.0282846 0.0335237 0.0713405 0.0532036 0.0209826 0.0198662 0.0122046 0.00279277 
0 0.00156036 0.00275965 0.00455318 0.0104887 0.00330588 0.00221754 0.014407 0.0248038 0.0199815 0.0144561 0.0202436 0.021985 0.0174282 0.0148902 0.0180442 0.0166429 0.0312377 0.0233227 0.0155163 0.0201896 0.0257176 0.0276944 0.0244241 0.0178621 0.0216653 0.0217037 0.0278181 0.0313109 0.0453616 0.0336819 0.0473609 0.0359632 0.0305922 0.0266627 0.0100751 0.0135801 0.0232148 0.0284074 0.0300512 0.0241455 0.0166046 0.0177448 0.0233402 0.0275513 0.0220801 0.0249432 0.032188 0.0341281 0.0267321 0.0164673 0.0188448 0.0226793 0.02709 0.0327851 0.0264882 0.027541 0.0259828 0.0317947 0.030659 0.026774 0.0311125 0.0319617 0.0589939 0.0662111 0.032902 0.0125132 0.0053748 0.0011701 
0 0 0 0.000274906 0.00117906 0.000367896 0.00161248 0.0110985 0.0208031 0.0169873 0.014476 0.0199647 0.0197332 0.0155645 0.0185843 0.0211014 0.0193352 0.0337756 0.0277397 0.0221572 0.0252421 0.0243431 0.0245405 0.0208971 0.0135453 0.0250656 0.0225621 0.0196329 0.0207182 0.0350048 0.0610183 0.0491731 0.0285629 0.0300665 0.0263955 0.0142031 0.012597 0.0235586 0.0286914 0.0224171 0.0226316 0.016521 0.0180816 0.0154991 0.0214379 0.0228901 0.0274416 0.028247 0.0248658 0.024115 0.0296971 0.026653 0.0201036 0.0239777 0.0272215 0.0246114 0.0247078 0.0303128 0.0303568 0.0322762 0.0295845 0.0279747 0.0281454 0.037104 0.0453299 0.0316612 0.012813 0.00400305 0.000498402 
0 0 0 0 0 0.000164631 0.00110207 0.00756268 0.0108429 0.013151 0.0155463 0.0237927 0.026519 0.019875 0.020526 0.0225413 0.026503 0.0258765 0.0257258 0.0233353 0.0314832 0.0285169 0.0205947 0.0153163 0.0151661 0.0249134 0.0229515 0.0205499 0.0189422 0.0239352 0.0391105 0.0268383 0.017365 0.0329578 0.0237524 0.0172933 0.0138383 0.0184547 0.024828 0.025528 0.0304639 0.0228138 0.0226505 0.0194835 0.0186113 0.0233711 0.0190745 0.0147016 0.0161376 0.0207109 0.0280616 0.028778 0.0188917 0.019031 0.0249632 0.0186506 0.0234277 0.0327387 0.0340595 0.0261608 0.0228385 0.0236573 0.0216747 0.0293033 0.0350885 0.0307327 0.0160306 0.00418972 9.21047e-05 
0 0 9.87966e-06 0.000438615 0.000530494 0.00162437 0.00474254 0.004749 0.00739899 0.0107073 0.010957 0.0180842 0.0244637 0.0210754 0.0230096 0.0246431 0.0266589 0.0257415 0.0226141 0.0250493 0.0302589 0.0303966 0.0254713 0.0196708 0.021547 0.0246262 0.0207853 0.0155082 0.0168546 0.0197575 0.0339472 0.0281368 0.0254103 0.020946 0.0195076 0.0200708 0.0203586 0.0234789 0.0417013 0.0275089 0.024371 0.0281787 0.0226417 0.0165676 0.0230221 0.0259827 0.0147802 0.0182096 0.0132431 0.0190031 0.0249417 0.0248002 0.0195473 0.0156241 0.0200491 0.0191063 0.0227197 0.0333783 0.0302902 0.0239387 0.0259872 0.023824 0.0245804 0.0186366 0.0314457 0.0315471 0.0217805 0.00986316 0.000280473 
0 9.89361e-07 0.00071309 0.00389999 0.00507744 0.00394466 0.00457334 0.00502546 0.00801439 0.00708426 0.0122172 0.0188238 0.0277548 0.0192538 0.0189893 0.0215372 0.0219086 0.0206519 0.0177332 0.016497 0.0225929 0.0253676 0.0315283 0.0199263 0.0229971 0.0209819 0.0207963 0.0142182 0.0216423 0.0167838 0.0199325 0.0272358 0.0566011 0.0492142 0.0497773 0.0267351 0.0285758 0.0531029 0.0718732 0.0255052 0.0166409 0.0204338 0.0262286 0.0286438 0.0261113 0.0261875 0.0217075 0.0246774 0.017692 0.0230558 0.0218153 0.0248979 0.0252099 0.0246516 0.0217725 0.0179156 0.0216444 0.0359194 0.0264964 0.0251617 0.0312738 0.0271577 0.0244732 0.0174831 0.0342094 0.0344221 0.0273239 0.0138319 0.000711759 
0 9.16972e-05 0.00313159 0.00576524 0.0121961 0.00916075 0.00385124 0.00303423 0.00596712 0.0119696 0.0212237 0.0226665 0.0225791 0.0167381 0.0167073 0.0233177 0.0270205 0.0293311 0.0253831 0.0295779 0.0209697 0.0165455 0.0199217 0.0172053 0.0208146 0.0218921 0.0213008 0.0176099 0.0251784 0.0181898 0.0156512 0.0145364 0.021459 0.0414253 0.0797122 0.0513954 0.0513487 0.0630884 0.0638608 0.0229691 0.0194119 0.0243342 0.0314688 0.037859 0.025547 0.026394 0.0388964 0.0377782 0.015386 0.0190956 0.0252173 0.0276167 0.0267638 0.0213803 0.0202214 0.0172801 0.0263984 0.0279561 0.0268833 0.0256903 0.03305 0.0298257 0.023857 0.0219835 0.0236727 0.0310471 0.0280878 0.0144224 0.000958545 
0 0.000166727 0.00254259 0.00405451 0.00714568 0.00720878 0.00210297 0.00333748 0.0104615 0.0211987 0.0170207 0.0172094 0.0135907 0.0119854 0.0199231 0.0292168 0.0268368 0.0224836 0.0243713 0.031854 0.0229666 0.0215617 0.0210288 0.0136474 0.0178754 0.0190715 0.0320473 0.0229158 0.021536 0.0218984 0.0177655 0.021065 0.0221795 0.0207893 0.0341493 0.0391699 0.0324739 0.0267782 0.0274812 0.0151799 0.0229887 0.0319073 0.0372156 0.0381426 0.0345561 0.0309184 0.0326445 0.0290041 0.0247365 0.022371 0.0233295 0.0235674 0.0229652 0.0207558 0.0194924 0.0204068 0.0234604 0.0224049 0.0238866 0.0185811 0.03285 0.0337828 0.029908 0.0332678 0.0269223 0.0213436 0.0168549 0.00680693 0.000828876 
0 0.000149664 0.00148959 0.00649548 0.00620892 0.00470189 0.0016271 0.00381466 0.0134002 0.0155713 0.00700947 0.00597615 0.00737639 0.0131258 0.017991 0.0232036 0.0147584 0.0173562 0.0221942 0.0208652 0.0215997 0.02652 0.0185322 0.0139858 0.0176379 0.0254202 0.046589 0.0336517 0.0192927 0.0209591 0.0197244 0.0175257 0.0168821 0.0173256 0.0288927 0.0321052 0.013952 0.0182051 0.0164955 0.0149313 0.0213183 0.0309803 0.0369027 0.0328097 0.0385403 0.0311057 0.0213741 0.0202831 0.0299403 0.0255333 0.0206935 0.021555 0.0210616 0.0165093 0.0120262 0.0248628 0.0267494 0.0302742 0.0230847 0.0121973 0.0131642 0.0203329 0.0251878 0.027521 0.0168035 0.00946241 0.00843911 0.00609833 0.00031127 
0 0 0.00360344 0.0136222 0.014056 0.0064612 0.00242277 0.00604789 0.0101249 0.00681339 0.00161779 0.00167425 0.00606895 0.011397 0.014913 0.0122597 0.0168007 0.0240493 0.0246236 0.0218404 0.0201057 0.0196978 0.0240088 0.0190472 0.0184357 0.0192861 0.0270622 0.023316 0.0220401 0.0250392 0.0191579 0.0105203 0.00975452 0.0180945 0.0257434 0.0346474 0.02413 0.0292512 0.0217213 0.0232025 0.02004 0.0169053 0.0291661 0.027159 0.0240131 0.0208765 0.0197749 0.0212687 0.0295603 0.0289607 0.0242612 0.0196622 0.0197282 0.0181781 0.0164173 0.0226801 0.024495 0.0271307 0.0285947 0.0195005 0.0114948 0.0105095 0.0108056 0.0152663 0.0116796 0.00739368 0.0123152 0.00203194 2.37957e-06 
0 0 0.0021796 0.0169371 0.0193475 0.00893167 0.00157678 0.00490985 0.00879364 0.0052254 0.00718804 0.00351537 0.00346281 0.0072791 0.0140549 0.0197959 0.0213398 0.0252063 0.0259509 0.0256344 0.026692 0.023077 0.0242277 0.022672 0.0166083 0.0168812 0.0239994 0.0206098 0.0196963 0.0191722 0.0175217 0.0144577 0.0127393 0.0197639 0.0169897 0.0279316 0.0178445 0.0222238 0.0188402 0.0220184 0.0277449 0.0171723 0.016387 0.0217166 0.0233035 0.0200301 0.0147296 0.0180906 0.0318185 0.0412643 0.0295084 0.0207498 0.0192163 0.0225049 0.0223096 0.0271532 0.0277854 0.0284841 0.0288621 0.0232649 0.018933 0.0150886 0.0106106 0.0160886 0.0135621 0.00912392 0.0145066 0.00261419 0 
0 0 0.00110506 0.0100423 0.0203828 0.00956914 0.00347018 0.00485359 0.00912779 0.0108162 0.00876884 0.00152331 0.00152076 0.0017429 0.00677172 0.0134484 0.0216732 0.0229045 0.024302 0.0307183 0.0220453 0.0181925 0.0206729 0.0208029 0.019468 0.0152261 0.0213895 0.021388 0.0174408 0.0134301 0.0111416 0.0134904 0.0143409 0.0181013 0.0169256 0.0181073 0.0177943 0.0166281 0.027709 0.0408831 0.0201162 0.0199061 0.0207528 0.0245364 0.0197021 0.0185028 0.0156919 0.0204274 0.0253271 0.0318146 0.0280688 0.0208712 0.0201512 0.0275081 0.0232483 0.0245248 0.02641 0.0422297 0.0361995 0.0297648 0.0280774 0.0200765 0.0147464 0.0132499 0.0140265 0.0117287 0.00530618 0.000719457 0 
0 0 0.000133049 0.00313256 0.0096574 0.0074616 0.00433391 0.00818315 0.0160583 0.0096709 0.00456133 0.00352524 0.0025129 0.00172248 0.00317269 0.00601111 0.0124189 0.0136717 0.018759 0.0197676 0.0139467 0.0152091 0.0188294 0.0232576 0.037385 0.0307247 0.022424 0.0209822 0.0198086 0.0145489 0.0131748 0.0139811 0.0153678 0.0161236 0.0115715 0.0128882 0.016553 0.013999 0.0246536 0.0294915 0.0284779 0.0261876 0.0237346 0.0191379 0.0189983 0.0150532 0.0165988 0.0172129 0.0151181 0.021727 0.0286967 0.0158941 0.0163029 0.0252418 0.0248787 0.0259061 0.0293594 0.0495428 0.0452347 0.0259433 0.0215292 0.0212256 0.014908 0.00882547 0.0107622 0.0121784 0.00320349 0 0 
0 0 0 0 0.001107 0.00271811 0.00694605 0.00928953 0.0184048 0.024107 0.0109247 0.00266392 0.00547277 0.0110445 0.0110656 0.0103701 0.00860158 0.00756065 0.00725571 0.00715941 0.0108878 0.0154669 0.0240669 0.0371515 0.102418 0.0607156 0.0229516 0.0169253 0.0161588 0.0222445 0.01727 0.0171718 0.0184557 0.018042 0.0202516 0.0231572 0.0244985 0.0220581 0.0241157 0.0276116 0.0271777 0.0222334 0.023483 0.0167277 0.019916 0.0185193 0.017701 0.0210018 0.0216671 0.0212034 0.0213418 0.0212969 0.0212345 0.0229887 0.0243555 0.0274203 0.0281095 0.0318275 0.0289229 0.0254126 0.0206482 0.0195649 0.0102864 0.00499366 0.00774453 0.00569829 0.00160655 0 0 
0 0 0 0 0.00207583 0.00371115 0.0047551 0.00521343 0.0139391 0.04743 0.0328316 0.00239927 0.00765299 0.0171026 0.0183242 0.0187766 0.0204165 0.0110742 0.00289392 0.00353483 0.0103845 0.0154318 0.0310903 0.0323195 0.0495517 0.0344712 0.023477 0.0171332 0.0196181 0.0162832 0.0129394 0.0178357 0.0195581 0.0210699 0.0267461 0.029878 0.0317996 0.0288181 0.0236978 0.0226546 0.0222111 0.0206873 0.0198412 0.0278094 0.0290556 0.0225653 0.0228051 0.0249835 0.0223687 0.0198178 0.0188082 0.0255378 0.0355532 0.0285198 0.0240124 0.0285793 0.0257782 0.024969 0.0236018 0.0241024 0.0217774 0.0188699 0.0114531 0.00621574 0.00473487 0.000651179 0.000103226 0 0 
0 0 0 0 0.00036118 0.00215515 0.00613934 0.00529826 0.0162595 0.035617 0.0295694 0.00394359 0.00538283 0.0175719 0.0228721 0.0269921 0.0264129 0.0186264 0.00483444 0.00660088 0.0224652 0.0180953 0.0202241 0.0248642 0.0248128 0.0221414 0.023201 0.0291993 0.0254412 0.0193882 0.0226418 0.0211837 0.0220355 0.0180727 0.0279841 0.0347791 0.0274307 0.0279099 0.0210703 0.0223593 0.0301558 0.0220988 0.0284472 0.0365904 0.0344633 0.0180948 0.0219257 0.0239315 0.0167591 0.0198696 0.0200445 0.0204854 0.0290252 0.032332 0.0345882 0.0403036 0.0289049 0.0196917 0.0244264 0.0235956 0.0189538 0.0108265 0.00815788 0.00434465 0.00248384 0 0 0 0 
0 0 0 0 4.9544e-05 0.00100491 0.00334108 0.00445205 0.0107323 0.0113722 0.00734232 0.00185344 0.00911017 0.027184 0.0239084 0.0232037 0.0225915 0.0191325 0.0055466 0.0103037 0.0214655 0.0179669 0.0193417 0.0199424 0.0196943 0.0203096 0.0208197 0.0226442 0.0248767 0.0167043 0.0249547 0.0242099 0.0324295 0.0245626 0.0266275 0.0291527 0.0238613 0.0268239 0.0235919 0.0273954 0.034665 0.0276862 0.0403382 0.0400026 0.0311563 0.0211574 0.0222968 0.023715 0.0173475 0.0164332 0.0227594 0.0217449 0.0331332 0.036806 0.0403321 0.0396981 0.0275893 0.0237375 0.0212921 0.0177052 0.0361986 0.0181169 0.00401632 0.000357887 0.00016768 0 0 0 0 
0 0 0 0 0 0.000510545 0.0016521 0.00258261 0.00398881 0.0015985 0.00201873 0.0019377 0.00623238 0.0272959 0.0319167 0.0194848 0.0237714 0.0167658 0.0110685 0.0136161 0.0203876 0.0247364 0.0240601 0.0188583 0.0168157 0.0205098 0.0194978 0.0203839 0.0255762 0.0200477 0.02263 0.0271275 0.0262203 0.0273318 0.0273277 0.0210368 0.0227976 0.0277993 0.0281309 0.0263244 0.0290937 0.0321047 0.0253991 0.0260903 0.0254818 0.0197193 0.0269579 0.0306072 0.0202733 0.0182477 0.024885 0.0318123 0.0391052 0.0466173 0.0463554 0.0376282 0.0294947 0.0224933 0.0218062 0.0361523 0.0419813 0.0296823 0.0110206 3.29867e-05 0 0 0 0 0 
0 0 0 0 0 0 0.00149176 0.00528073 0.00231691 0.0023744 0.00103298 0.00149172 0.00217952 0.00976896 0.0225502 0.0178931 0.0139485 0.0131318 0.0127059 0.0154599 0.0247732 0.0292132 0.0281057 0.0240123 0.0170511 0.0181235 0.0311963 0.0304645 0.0240976 0.0175768 0.022507 0.0274807 0.0223974 0.0221538 0.0237702 0.0221612 0.0224564 0.0308742 0.0305194 0.0302013 0.0180139 0.0145982 0.0136257 0.0226025 0.0196975 0.01741 0.0209079 0.0262328 0.027593 0.0271282 0.0259341 0.0312637 0.0386248 0.0386108 0.0392956 0.0364041 0.0223534 0.0211892 0.0294425 0.0314671 0.0339884 0.0260456 0.00919553 4.81154e-05 0 0 0 0 0 
0 0 0 0 0 0 1.64904e-05 0.000148646 0.000268961 5.1592e-05 2.88417e-06 7.45466e-05 0.000293046 0.000696793 0.0114118 0.0162303 0.0173068 0.0137556 0.0157269 0.0251761 0.025717 0.0326238 0.0324471 0.0192934 0.0139549 0.0156203 0.0311942 0.0304993 0.0252045 0.0185228 0.0217997 0.0307068 0.0240992 0.0248337 0.0211017 0.020284 0.0187689 0.0260601 0.0236892 0.025528 0.0210164 0.0151278 0.0174277 0.0272678 0.0239169 0.0285484 0.0313281 0.028518 0.0357555 0.0690922 0.0725832 0.0298048 0.0255892 0.0285097 0.0314034 0.0260029 0.0277287 0.0264257 0.0338043 0.0257747 0.0186671 0.0130899 0.0017567 0 0 0 0 0 0 
0 0 0 0 0 0 0 0 0 0 0 0 0.00130843 0.00510819 0.0131132 0.0180325 0.0230005 0.0170124 0.0171968 0.0250132 0.024683 0.0296585 0.033331 0.029479 0.0124301 0.0173702 0.0208187 0.0210628 0.0220103 0.0183288 0.0191533 0.0236507 0.0279774 0.0178021 0.0198702 0.0225832 0.0230954 0.0190493 0.0252636 0.0162518 0.0146306 0.0114335 0.0145855 0.0263189 0.0228217 0.0269983 0.0313392 0.029697 0.0414544 0.0952585 0.081517 0.0277597 0.0245771 0.0208464 0.0232222 0.0216074 0.0263278 0.0325311 0.0346982 0.0117275 0.0044099 0.00289994 0.000165241 0 0 0 0 0 0 
0 0 0 0 0 0 0 0 0 0 0.00033005 0.00151941 0.00245493 0.009656 0.0188243 0.0230599 0.0282538 0.0279937 0.0240035 0.027093 0.0232846 0.0190964 0.0203708 0.024851 0.0178564 0.0170951 0.0246103 0.022984 0.0245026 0.0170431 0.013345 0.0199251 0.0240827 0.0310449 0.0265221 0.0351104 0.0354998 0.0195487 0.0137153 0.0128499 0.0169193 0.016527 0.0174039 0.0199374 0.0225611 0.0210915 0.0221993 0.0263028 0.0321951 0.0395248 0.0334364 0.0223678 0.0220137 0.0243545 0.0278577 0.031082 0.0285726 0.0340591 0.0250938 0.00704293 0.00208724 6.10922e-05 0 0 0 0 0 0 0 
0 0 0 0 0 0 0 0 0 0 0.00125212 0.00653982 0.00779286 0.0136906 0.0239828 0.0216981 0.035554 0.0331041 0.0387662 0.043141 0.0303108 0.00840946 0.00983052 0.0181272 0.0254342 0.0189619 0.042034 0.0303049 0.0260479 0.0259646 0.0193864 0.028327 0.0414362 0.0398678 0.0419119 0.0362563 0.0373544 0.0277785 0.0148951 0.0100635 0.0118396 0.0185602 0.0164462 0.0242441 0.029128 0.0184096 0.0135022 0.017714 0.0195187 0.0250519 0.0316453 0.0281735 0.0227549 0.0228949 0.0251607 0.0315021 0.0365817 0.0343623 0.0155527 0.0062114 0.000772471 7.8799e-06 0 0 0 0 0 0 0 
0 0 0 0 0 0 0 0 0 0 0.00126175 0.00574422 0.0137376 0.0212697 0.0178563 0.0164582 0.03034 0.0335412 0.0491023 0.0542056 0.030511 0.0083881 0.014056 0.0206583 0.0244858 0.0198796 0.0287411 0.0264759 0.0305459 0.0330685 0.0225586 0.0328745 0.0384286 0.0318763 0.0331457 0.0281194 0.0261736 0.0221162 0.0207197 0.0134118 0.0193872 0.0289603 0.0228422 0.026151 0.0314352 0.020657 0.00952197 0.00931389 0.0148726 0.0188509 0.0163806 0.0195047 0.0166763 0.019102 0.0241872 0.0266967 0.0351004 0.0271353 0.0200343 0.0101425 0.000177236 0 0 0 0 0 0 0 0 
0 0 0 0 0 0 0 0 0 0 0.000159627 0.00193478 0.00437903 0.010556 0.00643599 0.0090563 0.0195816 0.0343952 0.0360683 0.0347259 0.0154295 0.00745111 0.019177 0.0257799 0.0244717 0.0171972 0.0227107 0.0209389 0.0285648 0.0292261 0.0289089 0.0442377 0.0411554 0.0253093 0.0233273 0.0208791 0.019429 0.0234757 0.0245925 0.0239846 0.0275306 0.0322928 0.0294646 0.0363144 0.0334921 0.0328935 0.0175575 0.0093605 0.0119525 0.0131699 0.0102474 0.0145086 0.0168909 0.0133034 0.0163112 0.0301502 0.031986 0.0224558 0.0118322 0.000932512 0 0 0 0 0 0 0 0 0 
0 0 0 0 0 0 0 0 0 0 0 7.53915e-05 2.74017e-05 0.00141602 0.00547686 0.0112942 0.0178104 0.0245008 0.0282612 0.028747 0.015021 0.0104112 0.0202182 0.0284963 0.0285574 0.0209932 0.021871 0.0215761 0.0243459 0.0330202 0.0340477 0.0406771 0.0484281 0.0417026 0.0158791 0.0116025 0.0165481 0.0340264 0.0239619 0.0197353 0.0311945 0.0317068 0.0318465 0.0368321 0.0297467 0.0345583 0.0297979 0.0209611 0.0136552 0.0128175 0.01698 0.0230185 0.0220802 0.011886 0.0107125 0.0161782 0.0122076 0.00737864 0.000390389 0 0 0 0 0 0 0 0 0 0 
0 0 0 0 0 0 0 0 0 0 0 0 0 9.62524e-05 0.00631078 0.0162723 0.0279293 0.038069 0.0279899 0.0312923 0.0342174 0.0240023 0.0143982 0.025403 0.0286557 0.0249374 0.0217614 0.0200048 0.0231589 0.0324626 0.0371811 0.0320231 0.039224 0.0396473 0.0148729 0.00643149 0.0151214 0.0304037 0.0234892 0.0135213 0.0240669 0.0268848 0.0392597 0.0549587 0.0485775 0.0367828 0.0341488 0.0266286 0.017068 0.0140485 0.0159634 0.0155632 0.0128516 0.00525863 0.006104 0.00719477 0.00279125 1.75073e-05 0 0 0 0 0 0 0 0 0 0 0 
0 0 0 0 0 0 0 0 0 0 0 0 0 2.94927e-06 0.00116548 0.0112392 0.0271621 0.0342866 0.0299868 0.0363094 0.0339551 0.0144385 0.011008 0.0177967 0.0215822 0.0275237 0.0223314 0.0189893 0.0235197 0.0297523 0.033991 0.0338349 0.031814 0.0342977 0.0158135 0.00556058 0.00837334 0.0194981 0.024763 0.0193965 0.0135624 0.020148 0.0389735 0.064661 0.0497386 0.0347482 0.0328359 0.0268737 0.0114668 0.0108049 0.00518112 0.00233527 0.00136207 4.3442e-05 0.000982146 0.000616565 5.79546e-05 0 0 0 0 0 0 0 0 0 0 0 0 
0 0 0 0 0 0 0 0 0 0 0 0 0 0 0 0.00140338 0.0090189 0.0133863 0.0201085 0.0187696 0.0134924 0.00486013 0.00878478 0.0204021 0.0215067 0.0275139 0.0290853 0.0140083 0.0170086 0.0201898 0.0221526 0.0202216 0.0278722 0.0358707 0.0207663 0.00833868 0.0026257 0.0096084 0.0208579 0.029733 0.014838 0.013726 0.0440494 0.0546972 0.0405905 0.0444878 0.0406048 0.0293622 0.0152405 0.00260914 0.000327306 0 0 0 0 0 0 0 0 0 0 0 0 0 0 0 0 0 0 
0 0 0 0 0 0 0 0 0 0 0 0 0 0 0 0 0.00029398 0.000647243 0.00243538 0.00156983 0.000481781 0.00155999 0.00820391 0.0242152 0.0263033 0.0234529 0.025235 0.0247412 0.0198324 0.0180908 0.016535 0.0171699 0.0189458 0.0335289 0.0215556 0.00681019 0.00463135 0.00283504 0.00536942 0.016875 0.0311915 0.0359843 0.0473874 0.044483 0.0297983 0.0296063 0.0368718 0.0261962 0.00707041 0.000342161 0 0 0 0 0 0 0 0 0 0 0 0 0 0 0 0 0 0 0 
0 0 0 0 0 0 0 0 0 0 0 0 0 0 0 0 0 0 0 0 0.00131146 0.00305668 0.0100972 0.0251895 0.0264578 0.0306399 0.0253105 0.0257145 0.0224226 0.0227233 0.0145176 0.0137718 0.0180927 0.0270703 0.0195356 0.0109644 0.0149105 0.00777131 0.00481364 0.00514789 0.0193029 0.038223 0.0418045 0.0344546 0.03224 0.0396623 0.0941248 0.0389562 3.6141e-05 0 0 0 0 0 0 0 0 0 0 0 0 0 0 0 0 0 0 0 0 
0 0 0 0 0 0 0 0 0 0 0 0 0 0 0 0 0 0 0 0 0.000160971 0.000819695 0.00818133 0.0152644 0.0234089 0.0261129 0.0189822 0.0168719 0.0155816 0.0201779 0.0150656 0.015497 0.0232121 0.0253231 0.013316 0.0122025 0.0183251 0.0145358 0.0122919 0.00639764 0.00358747 0.0145579 0.0190715 0.0129243 0.00954527 0.0204475 0.0572248 0.0198845 0 0 0 0 0 0 0 0 0 0 0 0 0 0 0 0 0 0 0 0 0 
0 0 0 0 0 0 0 0 0 0 0 0 0 0 0 0 0 0 0 0 0 0 0.000435041 0.00173525 0.00555285 0.0058331 0.00601403 0.0105792 0.00679345 0.00645605 0.00320102 0.00665624 0.00907606 0.0116208 0.0124479 0.0131693 0.015074 0.0148745 0.0120197 0.0113093 0.00317471 0.00208854 0.00326583 0.00571314 0.00323253 0.00308538 0.00332514 0.00020475 0 0 0 0 0 0 0 0 0 0 0 0 0 0 0 0 0 0 0 0 0 
0 0 0 0 0 0 0 0 0 0 0 0 0 0 0 0 0 0 0 0 0 0 0 0 0 5.0785e-06 0.00032693 0.000834442 0.00213383 0.000705303 0.000869614 0.000759551 0.001687 0.00473476 0.00425307 0.00596526 0.00243476 0.00433024 0.00422608 0.00470707 0.00217954 0.000131001 0 0 0 0 0 0 0 0 0 0 0 0 0 0 0 0 0 0 0 0 0 0 0 0 0 0 0 

