0 0 0 0 0 0 0 0 0 0 0 0 0 0 0 0 0 0 0 0 0 0 0 0 0 0 0 0 0 0 0 0 3.14409e-05 7.22477e-05 8.56824e-06 0 0 0 3.92399e-05 1.35254e-05 0 0 0 0 0 0 0 0 0 0 0 0 0 0 0 0 0 0 0 0 0 0 0 0 0 0 0 0 0 
0 0 0 0 0 0 0 0 0 0 0 0 0 0 0 0 0 0 0 0 0 0 0 0 0 0 0.000690874 0.00234292 0.00247799 0.00133026 0.000992961 0.00100159 0.00288784 0.00805394 0.00798715 0.00421774 0.00248692 0.00158412 0.00478249 0.0026511 0.000798367 0.000888139 0.00373882 0.00123171 0.000103973 0 0 0 0 0 0 0 0 0 0 0 0 0 0 0 0 0 0 0 0 0 0 0 0 
0 0 0 0 0 0 0 0 0 0 0 0 0 0 0 0 0 0 0 0 0 0 0 0 0 0.000479792 0.00722401 0.0131271 0.0111195 0.0109081 0.0057655 0.00581337 0.00522518 0.00721081 0.0120062 0.0137758 0.011456 0.00978178 0.00972181 0.0108629 0.00578639 0.0046355 0.0188676 0.0159617 0.00774862 0.00209444 0.000673948 0.000195847 0 0 0 0 0 0 0 0 0 0 0 0 0 0 0 0 0 0 0 0 0 
0 0 0 0 0 0 0 0 0 0 0 0 0 0 0 0 0 0 0 0 0 0.000121517 0.00136434 0.00135247 0.000290201 0.00335992 0.0170085 0.017823 0.0138149 0.0179055 0.0154048 0.0183504 0.0156022 0.00978702 0.00801503 0.0118908 0.0169291 0.0205447 0.0110124 0.0115596 0.0137954 0.00808878 0.0192679 0.0251957 0.0235987 0.014834 0.010525 0.00490935 0.000124515 0 0 0 0 0 0 0 0 0 0 0 0 0 0 0 0 0 0 0 0 
0 0 0 0 0 0 0 0 0 0 0 0 0 0 0 0 0 0 0 0 0 0.00039032 0.00582248 0.00800821 0.00308674 0.00737698 0.0221609 0.0240294 0.0160843 0.0205985 0.0222111 0.0175488 0.0225549 0.0205533 0.014478 0.0119429 0.00975694 0.0151538 0.0101095 0.0133286 0.0234621 0.0211185 0.0214748 0.0241826 0.02388 0.0220534 0.0180944 0.0121672 0.0016166 4.9335e-05 5.18745e-05 0 0 0 0 0 0 0 0 0 0 0 0 0 0 0 0 0 0 
0 0 0 0 0 0 0 0 0 0 0 0 0 0 0 0 0 0 0.000596059 0.00518359 0.00235602 0.00131439 0.00202153 0.013391 0.0120082 0.00515616 0.0190362 0.0186033 0.0124956 0.0173416 0.0267663 0.0241109 0.0242689 0.0238432 0.0174441 0.0163588 0.0134055 0.0104213 0.0111951 0.0191357 0.0263149 0.0343824 0.0303662 0.0339915 0.0304274 0.021742 0.0183057 0.0128679 0.0054759 0.00354097 0.00282145 0.0017618 0.00016924 0 0 0 0 0 0 0 0 0 0 0 0 0 0 0 0 
0 0 0 0 0 0 0 0 0 0 0 0 0 0 1.74154e-06 0.000545403 0.00255955 0.00136877 0.000858667 0.0118021 0.0123027 0.00851283 0.00451693 0.00606011 0.0162374 0.00624146 0.006563 0.0164136 0.0117773 0.0166327 0.0217749 0.0266115 0.0204594 0.0290951 0.023977 0.0194274 0.0126307 0.00915423 0.0126461 0.0233605 0.0290237 0.025452 0.0233783 0.0265174 0.0199271 0.0186572 0.0207735 0.0119718 0.00750065 0.0048277 0.00798322 0.00431862 0.000417639 0 0 0 0 0 0 0 0 0 0 0 0 0 0 0 0 
0 0 0 0 0 0 0 0 0 0 0 0 0 0 0.00153518 0.00659667 0.0126877 0.00766569 0.0040659 0.00452961 0.0107946 0.0102008 0.00955417 0.00439368 0.0116587 0.0127832 0.00692125 0.0108793 0.0191932 0.0213828 0.0221139 0.0182922 0.0147595 0.0198516 0.0236603 0.0191111 0.0180514 0.00885318 0.0108854 0.0236664 0.0258613 0.0230836 0.0128514 0.0140133 0.0164235 0.0178652 0.0240948 0.0165346 0.0187679 0.01199 0.00849923 0.00520807 0.00302777 0.00013003 0.000886124 0.00036919 0 0 0 0 0 0 0 0 0 0 0 0 0 
0 0 0 0 0 0 0 0 0 0 0 0 0.000153323 0.00130983 0.00758989 0.017331 0.0233543 0.0173098 0.0135404 0.00464041 0.00264295 0.0100086 0.0160604 0.00925951 0.00553886 0.0116214 0.0111616 0.0131304 0.0276694 0.025173 0.0205603 0.0197896 0.0163589 0.0134211 0.0247576 0.0199598 0.0195323 0.0143138 0.0114108 0.0271619 0.0276425 0.0257196 0.0119597 0.00722927 0.0173567 0.0236894 0.0218578 0.0166423 0.0169668 0.0228908 0.0141209 0.00988313 0.00432135 0.00528354 0.00789779 0.0032973 0.00107793 0.000314705 0 0 0 0 0 0 0 0 0 0 0 
0 0 0 0 0 0 0 0 0 0 0 0.000734234 0.00427407 0.00761993 0.0163485 0.0228771 0.0220673 0.0175534 0.0182061 0.0100979 0.0104434 0.0190964 0.0211725 0.0175049 0.00894661 0.00778308 0.00763202 0.0152447 0.0210585 0.0222377 0.0240164 0.0249141 0.0203177 0.0174717 0.0241955 0.0202428 0.0191087 0.0147205 0.0124587 0.0217325 0.0214676 0.0169971 0.0144844 0.0102846 0.0161588 0.0323009 0.0218928 0.0167801 0.0150762 0.0225357 0.0170016 0.0181559 0.00820325 0.0102054 0.0131082 0.00508545 0.00707029 0.00590866 0.000577603 0 0 0 0 0 0 0 0 0 0 
0 0 0 0 0 0 0 0 0 0 0.000671615 0.00865574 0.0148503 0.0228617 0.0291144 0.032376 0.0207853 0.0205324 0.0162424 0.018516 0.017546 0.0226851 0.0279526 0.0267563 0.0200477 0.0124328 0.00431335 0.0124077 0.0137265 0.0213713 0.0268565 0.0258049 0.0272345 0.0294192 0.0262013 0.0264652 0.0212298 0.018363 0.0184785 0.0138928 0.0121208 0.0187496 0.0170743 0.0140039 0.0153775 0.0218106 0.0216344 0.0175829 0.0186884 0.0211752 0.0193681 0.0192962 0.0101789 0.0096044 0.0133935 0.0125888 0.0187056 0.0213469 0.00517937 0.00032915 0 0 0 0 0 0 0 0 0 
0 0 0 0 0 0 0 0 0 0.000523819 0.00700788 0.0175023 0.0206611 0.0232572 0.0306115 0.0318282 0.0252257 0.0258825 0.0221764 0.0216372 0.0259652 0.0265406 0.0294793 0.0269287 0.0243772 0.0145235 0.0070736 0.0102464 0.00938604 0.0169649 0.0200468 0.0244972 0.0387292 0.0339805 0.0220777 0.0216904 0.020489 0.0169658 0.0242309 0.0145485 0.014948 0.0176821 0.0130993 0.0112325 0.0119398 0.0199484 0.0314743 0.0144811 0.0164097 0.0228063 0.0209013 0.0170666 0.00930636 0.0142656 0.0152202 0.0159253 0.0191056 0.0205036 0.0108747 0.00576627 0.000415475 0 0 0 0 0 0 0 0 
0 0 0 0 0 0 0 0 0.000170958 0.00445964 0.0162259 0.0221484 0.0288939 0.0152646 0.0231463 0.0293108 0.0287117 0.0247707 0.0209485 0.0186797 0.017962 0.0170217 0.0270075 0.0202894 0.0239454 0.0177048 0.0137853 0.00641691 0.00488282 0.00888117 0.0136738 0.0200595 0.0306408 0.0240151 0.0238229 0.0232117 0.0209884 0.0229856 0.0178618 0.013069 0.0215696 0.0225609 0.0144776 0.0170226 0.0157246 0.0243769 0.0278974 0.0170117 0.0186156 0.0213695 0.0207189 0.0111955 0.0121811 0.0187132 0.0160838 0.00702947 0.0127635 0.0210908 0.0114418 0.00397654 0.000528708 0 0 0 0 0 0 0 0 
0 0 0 0 0 0 0 6.2874e-05 0.00157857 0.0094008 0.0172611 0.0233227 0.0264453 0.0146328 0.0227249 0.0279575 0.0270674 0.0198073 0.0196279 0.0223936 0.0158061 0.017679 0.0190625 0.0202445 0.0245853 0.0203105 0.0168732 0.0135796 0.00783851 0.0111496 0.018177 0.0195281 0.0295762 0.0220012 0.0237215 0.0270545 0.0214075 0.0179189 0.0207344 0.0272642 0.0340246 0.0294862 0.0291623 0.0265454 0.0243871 0.023031 0.03109 0.0256131 0.0229021 0.0179851 0.0186844 0.00908673 0.0101472 0.0124825 0.015771 0.00563865 0.0100097 0.016649 0.0188328 0.0113486 0.00387387 0.00062404 0 0 0 0 0 0 0 
0 0 0 0 0 0 0 0.00180605 0.00845251 0.0132174 0.00484761 0.00980499 0.0203221 0.0160285 0.0223547 0.0346207 0.0297581 0.0262103 0.0202567 0.021082 0.0212422 0.0191816 0.0187032 0.018153 0.0231845 0.0203201 0.0128996 0.0160703 0.018312 0.0251348 0.018769 0.026519 0.0302254 0.0249954 0.0257279 0.0205963 0.0246383 0.0279937 0.0248224 0.0260647 0.0258327 0.0215614 0.0253761 0.0224747 0.0203591 0.018186 0.0298856 0.0213174 0.0132845 0.0158307 0.0123158 0.0126422 0.0130323 0.0114133 0.0108014 0.00946713 0.00981899 0.0139636 0.0155479 0.0093741 0.00577957 0.00329851 0.000781785 1.97828e-05 0 0 0 0 0 
0 0 0 0 0 0 9.09143e-05 0.00839459 0.0160794 0.00916116 0.00680694 0.00801779 0.0117609 0.017253 0.0210335 0.0306455 0.0259687 0.0285621 0.0270487 0.0287238 0.0255297 0.0262219 0.0296423 0.0248185 0.0276929 0.0267855 0.0224481 0.0187424 0.0191388 0.0268583 0.0284166 0.0326882 0.0364612 0.0277382 0.0287906 0.0330436 0.0373645 0.0453602 0.0291067 0.0225256 0.0199554 0.0178525 0.0202692 0.0219256 0.0172091 0.0237785 0.0257829 0.015049 0.010852 0.0164133 0.0149523 0.0177435 0.0179741 0.0159496 0.0120928 0.0123524 0.0152282 0.0190981 0.0157895 0.0129206 0.0132746 0.0116171 0.00714085 0.000921152 0 0 0 0 0 
0 0 0 0 0 0 0.000127597 0.006064 0.0097331 0.00608651 0.0136457 0.0168443 0.0158121 0.0227444 0.0200287 0.0279327 0.0316065 0.0334411 0.0305727 0.027531 0.0274329 0.026448 0.0287747 0.0259118 0.0257207 0.0207629 0.0235731 0.0227621 0.0211176 0.0288269 0.0411468 0.0354621 0.0288241 0.0308716 0.0364433 0.0373829 0.0306996 0.0310026 0.0229091 0.0176722 0.0149753 0.0139533 0.0197669 0.0244048 0.0193863 0.0219895 0.0208964 0.0119192 0.0067108 0.0135472 0.0116518 0.0155891 0.0233061 0.0205763 0.0137355 0.0127399 0.0145446 0.0150953 0.0187299 0.0210409 0.0215155 0.026158 0.0164725 0.00254298 8.86976e-05 0 0 0 0 
0 0 0 0 0 0 0 0.00351586 0.00839403 0.0101762 0.0138442 0.0112828 0.0127977 0.0234109 0.0250905 0.0243452 0.0258516 0.0356703 0.0349373 0.0277428 0.0310279 0.0199787 0.0250637 0.0331551 0.0307287 0.0333307 0.0301208 0.0219676 0.0207535 0.0196992 0.0257608 0.0263669 0.0304459 0.0328519 0.0243551 0.0316302 0.0248989 0.0303543 0.0278328 0.0232756 0.0230436 0.0191657 0.0165771 0.0231576 0.0169645 0.0156818 0.0221057 0.0223162 0.010633 0.00936995 0.00731981 0.00866066 0.0166438 0.017097 0.0163433 0.0118489 0.0107045 0.0090456 0.00807229 0.0129473 0.0201542 0.0315644 0.0317855 0.00975498 0.00123825 0 0 0 0 
0 0 0 0 0 0 0 0.00315011 0.0127416 0.010307 0.012305 0.0183439 0.0187236 0.0200739 0.0243893 0.0215035 0.0236054 0.0339389 0.0341338 0.0284764 0.0295578 0.0199816 0.0286809 0.0324746 0.0312363 0.0305227 0.026723 0.0278114 0.0247689 0.0244125 0.0253667 0.0216336 0.0273894 0.0317495 0.0328762 0.0316458 0.0272513 0.039124 0.0287996 0.0239954 0.0229369 0.0177647 0.0150748 0.027591 0.0273705 0.0126491 0.0142848 0.0162017 0.0100175 0.0101322 0.0115757 0.00788595 0.0159161 0.0292266 0.0233539 0.0156194 0.0098238 0.00874068 0.00622868 0.00819234 0.0179218 0.0257201 0.0316263 0.0164373 0.00631434 3.55552e-05 0 0 0 
0 0 0 0 6.34095e-05 0.00104511 0.00256016 0.00403793 0.00515896 0.00469222 0.00833868 0.0151142 0.0256934 0.0253833 0.019447 0.0186413 0.0200892 0.0232446 0.0268555 0.029406 0.0291554 0.026317 0.0206743 0.0236554 0.0285561 0.0200323 0.0339478 0.041642 0.0347364 0.034444 0.0274233 0.0316193 0.0293815 0.0222939 0.0265873 0.0296125 0.025892 0.0381452 0.0304391 0.0360453 0.0270685 0.0183096 0.0147876 0.019665 0.0278797 0.0102243 0.01121 0.00810371 0.00684406 0.0111866 0.0140452 0.0117176 0.0216172 0.0329861 0.0344842 0.0270606 0.0154568 0.00969964 0.0157219 0.0171215 0.0162418 0.015417 0.0293707 0.0237143 0.00858115 0.000222815 0 0 0 
0 0 0 0 0.00119169 0.00560741 0.00548103 0.00193875 0.000242288 0.00293081 0.0104603 0.0152177 0.0198531 0.0240231 0.0232825 0.0210298 0.0187203 0.0180381 0.0255158 0.0319093 0.0297854 0.0282439 0.0228755 0.0254546 0.025438 0.0308499 0.0367254 0.0358036 0.0326756 0.034265 0.0187481 0.0215234 0.0223416 0.0221283 0.0311714 0.0250185 0.0222035 0.0302569 0.0387473 0.0542351 0.0402507 0.0235466 0.0194328 0.0162223 0.0204649 0.0132231 0.00741917 0.0075386 0.014434 0.0215762 0.0215181 0.0163121 0.027346 0.026177 0.0336262 0.0359522 0.0252485 0.0209119 0.0264276 0.0267473 0.0122693 0.0105644 0.0167065 0.0201486 0.00944567 0.000522952 0 0 0 
0 0 0 0 0.00304217 0.0125147 0.0120864 0.00376486 6.80092e-05 0.00179787 0.0130137 0.0172826 0.018709 0.0238704 0.0314683 0.0145895 0.0130613 0.0229665 0.0276947 0.0273629 0.0260643 0.0304024 0.0242055 0.0284062 0.0323218 0.0275373 0.0331758 0.0251177 0.02938 0.0335877 0.0205343 0.0191371 0.0201238 0.0241803 0.0496358 0.0541369 0.0333183 0.0295194 0.0377289 0.0514863 0.0394118 0.0298683 0.0251401 0.0211868 0.021101 0.0178738 0.0121301 0.0131834 0.0259974 0.0194819 0.0202292 0.0196255 0.0230751 0.0224357 0.0346012 0.0320018 0.033844 0.0270925 0.0177142 0.0110429 0.0103103 0.0108344 0.0195573 0.0178033 0.01001 0.00478008 0.000887695 0 0 
0 0 0 0 0.00131645 0.00375575 0.00374987 0.00315417 0.0019473 0.00334896 0.0104359 0.0130306 0.0252385 0.021449 0.0222075 0.0147637 0.011322 0.0231858 0.0228928 0.0240745 0.0228652 0.0286944 0.0308742 0.0372659 0.0297705 0.0277156 0.024382 0.0192683 0.0266035 0.0359826 0.0299073 0.0273344 0.0178436 0.0229898 0.0335973 0.0391558 0.0340008 0.0266248 0.0290588 0.0274772 0.0268968 0.0292646 0.0259037 0.0265078 0.0223313 0.0225297 0.0146793 0.0157846 0.019227 0.0238845 0.0199821 0.0174274 0.0186515 0.0255946 0.030071 0.0211967 0.0188811 0.0157372 0.0126559 0.00891152 0.00971574 0.0221373 0.0182139 0.0172755 0.0110266 0.00994753 0.00301351 0 0 
0 0 0.000147487 0.00132265 0.00264878 0.00606804 0.010605 0.0123684 0.00901939 0.00373297 0.0114564 0.0161508 0.0217431 0.0196629 0.0197458 0.0151563 0.0130306 0.0154395 0.0203651 0.0287306 0.0220127 0.0269462 0.0387475 0.041617 0.0252782 0.0248136 0.0275128 0.0227609 0.0245227 0.0286873 0.0258878 0.0165112 0.0164382 0.0165805 0.0189224 0.0222207 0.033788 0.024638 0.025008 0.0280205 0.0252689 0.0261119 0.0237256 0.0231449 0.0217984 0.0182321 0.0213305 0.0197112 0.0179517 0.0259184 0.0215679 0.0168866 0.0167062 0.0320085 0.0333999 0.0252198 0.0185501 0.0140777 0.0152762 0.0130965 0.0195192 0.0229125 0.0190774 0.0181381 0.0184711 0.0167735 0.00796618 0.000117839 0 
0 0 0.0017419 0.00692066 0.0101698 0.0151984 0.0185857 0.0231263 0.0201303 0.0133116 0.0220595 0.0171181 0.0241179 0.0200986 0.0155629 0.0164823 0.0192617 0.0230546 0.0240174 0.0251802 0.0273311 0.0276426 0.0299661 0.0306123 0.0221743 0.0260282 0.0221495 0.0235218 0.0243747 0.0304097 0.0250678 0.0168108 0.0197876 0.0197969 0.0146707 0.0203092 0.0279366 0.0272812 0.0347551 0.0359416 0.0390559 0.0348405 0.035362 0.0311313 0.0192029 0.0156032 0.0209009 0.0196945 0.0303638 0.0255249 0.0174925 0.0191635 0.0275025 0.0540326 0.0526743 0.0376252 0.023596 0.018755 0.0206144 0.0179608 0.0238184 0.0284618 0.0225549 0.019091 0.0123606 0.0118589 0.00535092 0.000369453 0 
0 0.000117489 0.00236234 0.00861002 0.0121727 0.0201801 0.0239096 0.0216076 0.0190097 0.0150356 0.0185372 0.0184578 0.0236117 0.0179897 0.0125486 0.0133385 0.0173242 0.0220197 0.024519 0.0280233 0.0277678 0.0296825 0.0278515 0.0235974 0.021546 0.0295377 0.0229819 0.0230263 0.0207359 0.0206079 0.0235834 0.0166153 0.0169151 0.0206596 0.014269 0.0262615 0.0431257 0.0360448 0.0444135 0.0306827 0.0186774 0.0239797 0.0369059 0.0299954 0.0238262 0.0217837 0.0270437 0.0258826 0.0317808 0.0245546 0.0319734 0.027477 0.0440108 0.0413692 0.0425009 0.03614 0.0313315 0.020745 0.0182588 0.0136594 0.0169093 0.0196968 0.0213898 0.0178141 0.0136765 0.0175095 0.00519103 0.000236404 0 
0 0.000195304 0.00236463 0.0137598 0.0154999 0.0149306 0.0157714 0.0192435 0.0195501 0.019811 0.0184869 0.0190173 0.0257509 0.0166327 0.0157914 0.0138545 0.0213331 0.0199769 0.0232835 0.0275862 0.033182 0.0307064 0.0202592 0.0237746 0.0223886 0.0306275 0.0314643 0.030391 0.0238257 0.0292448 0.0182128 0.0157521 0.0259777 0.0306148 0.0174804 0.0266242 0.029111 0.0288331 0.0323873 0.0363148 0.0196343 0.0189536 0.0231384 0.0306606 0.0260392 0.0274652 0.026574 0.0300905 0.0274106 0.0287227 0.0444483 0.0467347 0.040146 0.0400138 0.03555 0.0262497 0.0203978 0.0180979 0.0206913 0.0146948 0.0166641 0.018037 0.0140176 0.0132467 0.015138 0.0135448 0.00714731 0.00493593 0.000661394 
0 0.00067043 0.00504893 0.00982736 0.0145818 0.0163551 0.0166147 0.0195853 0.0201176 0.0186603 0.0177896 0.0167103 0.0137484 0.0119049 0.0176145 0.0198841 0.0241614 0.0260986 0.0259784 0.0285027 0.0280558 0.0278953 0.0216473 0.0193482 0.0213629 0.0261277 0.030966 0.0272339 0.0288845 0.0269132 0.0235268 0.0174256 0.0248741 0.026844 0.0192504 0.026692 0.0258587 0.0293219 0.0323238 0.0516681 0.0406035 0.044507 0.0361128 0.026154 0.0232938 0.0240535 0.0284417 0.0259177 0.0272954 0.0273714 0.0437725 0.0523602 0.0484753 0.0417133 0.0329422 0.0199682 0.0204344 0.0208251 0.0243944 0.0190195 0.0208101 0.0171527 0.0189626 0.0201615 0.0162486 0.017201 0.0254918 0.0389352 0.00340064 
0 0.00109921 0.0130761 0.00882659 0.0136899 0.0168584 0.0187421 0.0232129 0.0183282 0.0197684 0.0189852 0.0220585 0.0216349 0.0125606 0.0124235 0.0226453 0.033794 0.028556 0.0238302 0.0260348 0.0287664 0.0257513 0.0242956 0.0220656 0.014956 0.0192423 0.0172852 0.0220795 0.0278895 0.0209943 0.023622 0.019443 0.0143889 0.0244302 0.0153958 0.0337466 0.0244578 0.0212779 0.0408355 0.0537153 0.0320851 0.0248736 0.0226905 0.0208031 0.0183757 0.0242736 0.0296554 0.0320236 0.032703 0.0371015 0.0483905 0.0481576 0.0439433 0.0327226 0.0338675 0.0310181 0.0229262 0.019773 0.0172328 0.0253899 0.027246 0.0184513 0.0219044 0.0268517 0.0231748 0.0188951 0.0226598 0.0276841 0.00397323 
0 0.000391847 0.0115767 0.0182653 0.0128393 0.0188162 0.0234479 0.0264473 0.0230981 0.0211345 0.0220932 0.025708 0.0249857 0.0125905 0.0140811 0.0156955 0.0248045 0.026761 0.0291932 0.0329 0.0263239 0.0261952 0.028103 0.0267051 0.0208443 0.0271124 0.0168515 0.017715 0.0230119 0.0161859 0.0230664 0.0179452 0.0130659 0.0172544 0.0237884 0.0263802 0.0186324 0.0212272 0.0626753 0.0519252 0.0397518 0.0250862 0.0219462 0.0183413 0.0159086 0.0211761 0.0303913 0.0305939 0.0329151 0.0409365 0.0474495 0.0416875 0.03749 0.0312564 0.0341775 0.0359349 0.0262972 0.0241902 0.0171075 0.022661 0.0191886 0.0194528 0.024979 0.0324736 0.0248893 0.0181284 0.0173354 0.0155175 0.00262855 
0 0 0.00384112 0.00882448 0.0070305 0.0141505 0.0216175 0.0229977 0.0284642 0.0224475 0.0201802 0.0245137 0.024909 0.0210133 0.0168619 0.016751 0.015328 0.0172832 0.0189636 0.02089 0.0207574 0.0245742 0.0259562 0.0319937 0.0206402 0.0232758 0.0240425 0.0205102 0.0211217 0.0149319 0.0186613 0.0117182 0.0135556 0.0181189 0.0235067 0.0273961 0.0383193 0.0480092 0.0551744 0.0400962 0.038655 0.028196 0.027992 0.0181634 0.0146844 0.0136687 0.0177801 0.031605 0.0355635 0.0347894 0.0363276 0.0395657 0.0344368 0.0321781 0.0408336 0.0258265 0.023079 0.0230813 0.018287 0.0184352 0.0154561 0.0205391 0.0208782 0.0293002 0.0195033 0.0173073 0.0178336 0.00775871 0.000648507 
2.82311e-05 0 0.000382884 0.00107357 0.00204015 0.00626165 0.0175479 0.0338095 0.0435225 0.0336106 0.0233487 0.0271947 0.0262718 0.0219583 0.0198788 0.0195302 0.0163059 0.0170645 0.0228349 0.0239941 0.0219475 0.0165844 0.0209059 0.0158135 0.0169511 0.0155322 0.0221891 0.0183107 0.0189974 0.0143887 0.0169757 0.0133433 0.0184932 0.0177311 0.0160061 0.0253958 0.0428658 0.0505236 0.0344988 0.0200379 0.0225205 0.0188079 0.0182097 0.0121934 0.0162501 0.0134453 0.0152303 0.0190444 0.037471 0.0372236 0.0306678 0.0289666 0.0272246 0.0235299 0.0254223 0.0217863 0.0287669 0.0260306 0.0174312 0.0144381 0.0213274 0.0247365 0.0236389 0.0212835 0.0153747 0.00827647 0.016194 0.0116592 0.00466227 
0.000570165 0.000226283 0.0028989 0.00684257 0.013161 0.0169732 0.019366 0.0300769 0.0435648 0.0460754 0.0311453 0.0324028 0.021358 0.0218575 0.0188394 0.0184104 0.0206554 0.0177777 0.0192377 0.0202137 0.0165305 0.0178091 0.0202351 0.0132763 0.0151895 0.0171272 0.0199907 0.0203042 0.0180389 0.0162544 0.0160759 0.0145988 0.0176667 0.016187 0.0205029 0.0274404 0.0491145 0.0234462 0.0132797 0.0146019 0.018769 0.016859 0.0220437 0.0216366 0.0254887 0.0206768 0.0166549 0.018708 0.0259954 0.0312044 0.0315573 0.029299 0.0191425 0.0202015 0.0163589 0.0247075 0.0204306 0.0270717 0.0260649 0.0150927 0.0187537 0.0254582 0.0258068 0.0131902 0.0107203 0.0129504 0.019963 0.0113688 0.0064019 
0.000660786 0.00167179 0.0126294 0.0205542 0.0268452 0.0275097 0.023268 0.0280288 0.0361477 0.0439464 0.0251399 0.0265032 0.0218642 0.0225362 0.0168755 0.0207313 0.0172617 0.0167795 0.0157685 0.0174672 0.0150549 0.0154878 0.017622 0.0207012 0.0202452 0.0171282 0.0160138 0.0216089 0.0228934 0.0230344 0.0193793 0.0171583 0.0191938 0.0180152 0.0221696 0.0423844 0.0283316 0.0154003 0.0127962 0.0201543 0.0211442 0.0231051 0.0252997 0.0250717 0.0287371 0.0214239 0.0186358 0.0171261 0.0167327 0.0219837 0.0308032 0.0205129 0.0190071 0.0220945 0.0229027 0.0339959 0.0237495 0.0246492 0.0315026 0.0211701 0.0217592 0.0234333 0.0288169 0.018451 0.0158384 0.0227879 0.0241694 0.0118604 0.00625598 
0.000644191 0.00219725 0.0159441 0.0225073 0.0238894 0.0235775 0.017334 0.0164275 0.0208113 0.0297558 0.0272325 0.0293737 0.0266771 0.0202651 0.0221018 0.0164609 0.0161804 0.0190437 0.0157203 0.0174889 0.014103 0.0153068 0.0152984 0.0205971 0.0217928 0.0284972 0.023846 0.0218574 0.0236375 0.0245643 0.0213204 0.019518 0.0178344 0.0163636 0.0343212 0.035409 0.0139041 0.0213829 0.0263069 0.0226768 0.0220039 0.0270203 0.0230727 0.0244433 0.0247426 0.0194734 0.0184194 0.0161959 0.0175244 0.027014 0.0212313 0.020206 0.027675 0.0326005 0.0419951 0.0512128 0.0333457 0.034733 0.0408876 0.0394903 0.0314519 0.0308647 0.0270047 0.0209025 0.0194962 0.020499 0.0173046 0.0103912 0.00387871 
0.000178533 0.0011579 0.00928858 0.0208582 0.0263533 0.0227937 0.0227799 0.0155837 0.0153818 0.0224048 0.0217365 0.0219469 0.0194944 0.0195261 0.0196959 0.0166274 0.0175105 0.0201322 0.0141526 0.0190479 0.0142437 0.0176611 0.0165376 0.0205376 0.0235883 0.0282899 0.0351439 0.02341 0.0231633 0.0253533 0.0232504 0.018152 0.0159151 0.0167578 0.0294188 0.0175215 0.0151133 0.0239381 0.0235286 0.0231262 0.0153308 0.0205334 0.021451 0.0210417 0.0189326 0.0150882 0.0171661 0.0144703 0.0146892 0.0209248 0.0216021 0.0162379 0.0256519 0.0353553 0.051562 0.0486391 0.0334035 0.0284566 0.0470035 0.061745 0.0479185 0.0301761 0.0229316 0.0230088 0.0196924 0.0220928 0.0162042 0.00921747 0.00451171 
0.000290974 0.00267262 0.013542 0.024109 0.0255494 0.0240527 0.0197823 0.0192881 0.0185485 0.0232508 0.0177888 0.0174881 0.0161412 0.0154102 0.0187781 0.0173809 0.0139283 0.0165352 0.0113887 0.0174142 0.0234773 0.019356 0.0191923 0.0202573 0.0231633 0.0233793 0.0252972 0.0202104 0.018387 0.0199367 0.0243451 0.0238759 0.0174658 0.0188159 0.0157441 0.0117538 0.0149087 0.0190637 0.022172 0.0215708 0.0176499 0.0143898 0.0162824 0.0164534 0.0130581 0.0168376 0.018459 0.0203771 0.0187545 0.0145579 0.0167753 0.0140238 0.0228309 0.0358673 0.0470611 0.0515617 0.0322439 0.0346103 0.0492853 0.0406701 0.0239479 0.0223553 0.020862 0.0203709 0.0198473 0.0240705 0.0212386 0.0162367 0.00605921 
0.000644969 0.00477987 0.0197139 0.0230666 0.0229921 0.0221836 0.0180281 0.0190865 0.0170583 0.0226461 0.0164393 0.0149928 0.0155683 0.0195217 0.0182001 0.0176795 0.018388 0.0212902 0.0199067 0.019302 0.0218918 0.0229086 0.0208241 0.0222541 0.0150526 0.0201763 0.0208721 0.0162721 0.015912 0.0167182 0.0198358 0.0259458 0.021893 0.0192045 0.0163213 0.0211827 0.0167424 0.0254417 0.02185 0.020211 0.0251842 0.0185053 0.0178383 0.0174778 0.013612 0.0181815 0.0167589 0.0128714 0.0199684 0.0268265 0.020354 0.0229251 0.0269803 0.024447 0.032793 0.0331765 0.0376703 0.0352585 0.0291382 0.019922 0.0139345 0.0172837 0.0265747 0.0257529 0.0226939 0.0178895 0.0222996 0.0178913 0.00558076 
0.000341857 0.00581792 0.0179384 0.0229594 0.0236125 0.023738 0.0232101 0.0187947 0.0168103 0.0183609 0.0193429 0.0255109 0.0150834 0.0194856 0.0155284 0.0194295 0.0189964 0.0226796 0.0192147 0.0185266 0.0193894 0.0235337 0.0204613 0.0200942 0.0164678 0.0169266 0.0175131 0.0166846 0.0163498 0.0173044 0.0207225 0.0206459 0.0200752 0.0214346 0.0186059 0.0234118 0.0214388 0.0229679 0.0236783 0.0189647 0.0215594 0.0171263 0.0144146 0.0168172 0.0154936 0.0103799 0.0157146 0.0181647 0.0216674 0.0249086 0.0241424 0.035857 0.0241655 0.0230922 0.0371397 0.0357355 0.0298849 0.0273481 0.0237999 0.0253569 0.0222483 0.015929 0.0167688 0.0207493 0.0242396 0.012247 0.018058 0.0133277 0.00200259 
0.000161722 0.0049672 0.0105437 0.0167989 0.0211765 0.0166016 0.0216953 0.0294738 0.0306249 0.0243484 0.0285701 0.028234 0.0231894 0.0213599 0.0166295 0.0169272 0.0250506 0.0272253 0.0247198 0.018334 0.0258614 0.0204012 0.01773 0.0171352 0.0173807 0.0210965 0.0247249 0.0183451 0.0153215 0.0151181 0.025422 0.0211155 0.0204587 0.0144205 0.0141163 0.0164247 0.0238485 0.0245163 0.0221015 0.015645 0.0162909 0.0165656 0.0152953 0.015374 0.017045 0.0188603 0.0220396 0.0192175 0.0160967 0.0205881 0.0283293 0.0328737 0.0293277 0.0296841 0.0356063 0.041484 0.0219862 0.0246533 0.0301316 0.0529936 0.0443959 0.022913 0.0147233 0.0148812 0.0141501 0.0110781 0.0104493 0.00834646 0.00130686 
4.2674e-05 0.00595051 0.0111363 0.0104352 0.0131184 0.0167057 0.0263266 0.0311522 0.0318445 0.035293 0.0271738 0.0299771 0.0292875 0.0239825 0.0165611 0.0214756 0.0240437 0.0305396 0.0259964 0.0214306 0.0220757 0.0214665 0.0212102 0.0183517 0.0158624 0.0263192 0.0229946 0.0233368 0.0214156 0.0165364 0.0210539 0.0173872 0.0191339 0.0181248 0.0154384 0.0161397 0.019841 0.0177926 0.017014 0.0118979 0.012499 0.0167254 0.0166963 0.0162008 0.0167921 0.0217001 0.034166 0.0249044 0.0137975 0.0167092 0.0201018 0.0322712 0.0399552 0.0395331 0.0414377 0.028035 0.0224552 0.0251213 0.0420483 0.0874284 0.052959 0.0247367 0.013778 0.0126069 0.0130173 0.0164601 0.0129973 0.00652235 0.0015999 
4.1515e-07 0.00520322 0.0167499 0.0125784 0.00686661 0.00769734 0.0101263 0.0201358 0.020531 0.0158475 0.0144045 0.0166419 0.0234121 0.0244901 0.0222057 0.0271738 0.0232923 0.0162841 0.0128742 0.0131116 0.0162133 0.019567 0.0189554 0.0168186 0.0202601 0.0190471 0.0252867 0.0228916 0.0177955 0.0156713 0.0151592 0.0146855 0.0163279 0.0216702 0.0196527 0.0234499 0.0241467 0.0154785 0.0143671 0.0123729 0.0154608 0.0155767 0.0162451 0.0190485 0.0269799 0.0261418 0.0221535 0.0169457 0.0124299 0.0151332 0.0194108 0.0236845 0.0293391 0.03587 0.0297868 0.0237737 0.0221401 0.0190995 0.0301694 0.0541589 0.0377186 0.0269675 0.0144248 0.00959097 0.0119859 0.0169981 0.0157516 0.00804722 0.00142601 
0 0.00291892 0.0120565 0.0144627 0.0117717 0.00976934 0.00332079 0.00332982 0.0029448 0.00268513 0.00347003 0.00793027 0.0172361 0.0180446 0.018237 0.016159 0.0127747 0.0128036 0.0091191 0.015039 0.0215443 0.0167993 0.0228136 0.0318091 0.027983 0.0233655 0.0271946 0.0266036 0.018735 0.0168142 0.0156453 0.0170422 0.0176283 0.0221625 0.0238902 0.0269522 0.017232 0.0124444 0.0115931 0.0174162 0.0213866 0.0185384 0.0137294 0.0210332 0.0247112 0.0228732 0.0161099 0.0168437 0.0131005 0.0173046 0.0260631 0.0257105 0.0308121 0.0276058 0.0229951 0.0253 0.0224285 0.0191787 0.0184678 0.0254033 0.024538 0.0242725 0.0164149 0.0131604 0.0124215 0.0229933 0.012178 0.00310174 0.000964643 
0 0.00100141 0.00902096 0.017118 0.0167103 0.00830452 0.000445644 0.000133027 0.000318634 0.000107967 0.000345876 0.00339936 0.00923459 0.0149698 0.0167069 0.0185465 0.0126234 0.0131307 0.0142533 0.0184633 0.0235644 0.0245886 0.0271381 0.0320066 0.0246047 0.0283235 0.0346933 0.0314191 0.0182887 0.0148212 0.018434 0.0254733 0.0169901 0.0176332 0.0204217 0.0142272 0.0176606 0.0123085 0.0177271 0.0174662 0.0171336 0.0140263 0.0182853 0.0230006 0.0188781 0.0233282 0.02235 0.0224366 0.0154773 0.0126605 0.0203807 0.0298831 0.0273533 0.0226302 0.0214666 0.0170982 0.0220145 0.0218433 0.0160472 0.0157139 0.0230415 0.0179139 0.0138861 0.0124753 0.0189017 0.0194395 0.0112102 0.0025791 0 
0 1.75997e-05 0.000672117 0.00302074 0.00267461 0.000831126 0.00234685 0.00562652 0.00279562 0.00124121 0.000167873 0.00118739 0.0023443 0.0105277 0.0211003 0.0156105 0.0160483 0.0192253 0.0188481 0.0236656 0.0177134 0.0249784 0.0232938 0.0281839 0.0231742 0.027412 0.0230205 0.0214618 0.0240003 0.0157497 0.0226584 0.0270229 0.0192538 0.0164357 0.0130029 0.0116337 0.0142599 0.0116398 0.0169943 0.015833 0.0196042 0.0142059 0.0196936 0.0260493 0.0176531 0.0210867 0.0247829 0.0231815 0.0121415 0.0096818 0.0114086 0.0233005 0.0342741 0.0321853 0.0253319 0.0176836 0.0157306 0.0215418 0.0216132 0.0156296 0.0180485 0.0173866 0.0154565 0.0161354 0.0236898 0.0192203 0.0110222 0.00255064 0 
0 0 0 0 0.000661231 0.0065258 0.00959873 0.0123221 0.0124018 0.00742488 0.00123386 0.00189557 0.00556377 0.0141438 0.0253178 0.0199871 0.0160959 0.0177148 0.0216334 0.0204515 0.0155109 0.0204671 0.02632 0.0242528 0.0237025 0.03118 0.0251755 0.0295399 0.0341788 0.0237325 0.018696 0.0238348 0.0149035 0.014958 0.0145504 0.01233 0.0174837 0.0193267 0.0163358 0.019966 0.0116457 0.0160944 0.0256135 0.0265153 0.0209884 0.0183542 0.0124569 0.0169019 0.0175174 0.0118223 0.0093321 0.0292722 0.0842538 0.055263 0.0246524 0.0137074 0.0109474 0.0203638 0.0232764 0.0196114 0.0230928 0.0184124 0.0196808 0.0218217 0.0234613 0.0191953 0.00609396 0.00159019 0 
0 0 0 0.000113491 0.00305537 0.00820698 0.00867335 0.0152626 0.020829 0.0121815 0.0050487 0.0101777 0.0193761 0.0236931 0.0290761 0.022842 0.0170818 0.0151737 0.0185485 0.0226087 0.0197093 0.0166494 0.0186548 0.0185517 0.0258855 0.0283236 0.023618 0.0214276 0.0265258 0.0249306 0.0204203 0.01689 0.0155836 0.0123016 0.0109855 0.0161556 0.0200982 0.0187354 0.0136869 0.0273224 0.0216504 0.018195 0.0189055 0.0131762 0.0172119 0.0153836 0.0120213 0.0194854 0.02567 0.0182088 0.0108419 0.02037 0.0421956 0.0316763 0.020729 0.0129736 0.0115428 0.018441 0.0135496 0.0211354 0.0304123 0.0294348 0.0252059 0.0233483 0.018621 0.0185835 0.00624312 0.00056873 0 
0 0 0 0.000269842 0.00504952 0.00938963 0.0103028 0.0134587 0.0153706 0.0122336 0.0114882 0.0172213 0.0220861 0.0333188 0.0373181 0.0238187 0.0154962 0.0147871 0.0153326 0.0217789 0.0224799 0.0189606 0.0230273 0.0250899 0.0342861 0.0295277 0.0208762 0.0192377 0.0186279 0.0226433 0.0214512 0.0152026 0.0208972 0.0142762 0.0128867 0.0173185 0.0172441 0.0209389 0.0144842 0.0201354 0.0206636 0.0221757 0.0192517 0.0187878 0.0175724 0.0146503 0.0129371 0.0154128 0.0152872 0.0162412 0.0217204 0.0227233 0.020341 0.0158605 0.0146995 0.0138571 0.0114966 0.0140161 0.0133608 0.0214469 0.0366498 0.0317106 0.0222081 0.0250718 0.0193859 0.0136825 0.00233091 3.19698e-05 0 
0 0 0 9.30892e-05 0.00334695 0.00558082 0.00762667 0.0112942 0.0111179 0.0141941 0.0184094 0.0215338 0.0221076 0.0181743 0.0249524 0.0272638 0.0267127 0.0216269 0.0225553 0.022755 0.020205 0.0187638 0.0229946 0.0215986 0.0268741 0.0145709 0.016533 0.0139701 0.0186624 0.0187202 0.0212609 0.0202077 0.019844 0.0148474 0.0106655 0.0110073 0.0117203 0.0165327 0.0208124 0.0188617 0.0181525 0.0177005 0.0212856 0.0240361 0.0157333 0.0119901 0.00916051 0.0150012 0.0108173 0.00636806 0.00950844 0.0159166 0.0146901 0.0139242 0.0170117 0.0149451 0.0152626 0.0146115 0.0128278 0.0305859 0.0366195 0.0408278 0.0295706 0.0256023 0.0202327 0.00998217 0.000895552 0 0 
0 0 0 1.54811e-05 0.000934121 0.00334267 0.00332009 0.00897768 0.0134418 0.0216936 0.0284485 0.0305193 0.020641 0.0172014 0.0209001 0.031102 0.059809 0.0394072 0.0231074 0.0154619 0.0144508 0.0152366 0.017596 0.0188001 0.0152856 0.0149628 0.0147956 0.0183017 0.0205904 0.0207042 0.0204497 0.01736 0.0234038 0.0215311 0.012656 0.00831633 0.0153617 0.0163344 0.0154297 0.0219544 0.021709 0.0155307 0.0190133 0.0181887 0.011969 0.0125645 0.0196901 0.0227311 0.0156908 0.00905688 0.00632006 0.00899262 0.00642757 0.00555899 0.0145176 0.0180845 0.0151663 0.0179361 0.0162621 0.0280848 0.0296417 0.0307537 0.0232253 0.0179549 0.0142856 0.00484892 9.5688e-05 0 0 
0 0 0 0 0.000391987 0.0018734 0.0050424 0.0105908 0.0155957 0.0174312 0.0191601 0.015261 0.0161731 0.0174815 0.0134852 0.0214121 0.0473526 0.0558637 0.0309688 0.0149975 0.0114178 0.0118279 0.00869398 0.00914252 0.011373 0.018755 0.0232687 0.0246878 0.0223611 0.0175648 0.0172849 0.0178057 0.0257201 0.0255331 0.012368 0.0100623 0.0179813 0.0149539 0.0166812 0.0251504 0.0231442 0.0179236 0.0185371 0.0154404 0.0142729 0.0181202 0.0232277 0.0190125 0.0117692 0.00571941 0.00255987 0.00232823 0.000323435 0.000441068 0.00555903 0.0110748 0.0181991 0.0157825 0.0126087 0.0192708 0.0210293 0.0289571 0.0116797 0.00367725 0.00231833 0.000280838 0 0 0 
0 0 0 0 0 0.00180559 0.00858972 0.0118924 0.00956118 0.0173913 0.0187055 0.0170587 0.0207796 0.0181212 0.0233001 0.0155224 0.0302206 0.0334929 0.0214056 0.0163015 0.0121777 0.011998 0.00910255 0.00781846 0.011964 0.022786 0.0265806 0.0302475 0.0240712 0.0157994 0.0148415 0.0115201 0.0186027 0.0168822 0.0145258 0.0155879 0.0137372 0.0164604 0.0210114 0.0215002 0.0253881 0.0223113 0.02283 0.022109 0.0171976 0.0271879 0.0255477 0.0141877 0.00414089 0.000653766 0.000429766 0.00011479 0.00155164 0.00179311 0.00471354 0.0130749 0.0137858 0.0102182 0.01236 0.0136095 0.0123888 0.0248905 0.00654832 0.000185101 2.74938e-06 0 0 0 0 
0 0 0 0 0 0.00117387 0.00299614 0.001874 0.0108076 0.0350713 0.0363769 0.0316378 0.0270784 0.0232495 0.0194111 0.018108 0.0209348 0.0249758 0.0168698 0.0230932 0.0180343 0.0185604 0.0152282 0.0153186 0.0171219 0.0247333 0.0254523 0.0237241 0.0173141 0.0142356 0.00943681 0.0101337 0.0133315 0.0138044 0.00942311 0.0172104 0.0172277 0.0142715 0.0191195 0.0186402 0.0178676 0.0279841 0.0219434 0.0356959 0.0352395 0.018933 0.0277622 0.0162661 0.00412022 0.000684458 0.000934639 0.00372134 0.00693382 0.00723801 0.0114175 0.0145948 0.0154087 0.0149884 0.0169352 0.0103888 0.00705987 0.00982044 0.00279733 0.00230566 0.000370955 0 0 0 0 
0 0 0 0 0 1.5116e-05 2.0605e-05 0.000682419 0.0128203 0.0568374 0.0658567 0.029079 0.0242038 0.0210097 0.0173551 0.0169449 0.0245408 0.020437 0.0154826 0.020764 0.0251978 0.0235275 0.020048 0.0180469 0.0234628 0.019368 0.0214818 0.0202552 0.0213546 0.0165566 0.0127873 0.0119182 0.0103931 0.010011 0.00949809 0.0135501 0.0194472 0.0221365 0.0325413 0.0353638 0.0281734 0.0219843 0.017365 0.0376566 0.0363062 0.0168968 0.0290605 0.0266776 0.014416 0.00387952 0.00218687 0.00609097 0.00574376 0.00773452 0.0130835 0.00948229 0.00960221 0.0111754 0.011996 0.00807871 0.00355947 0.00262569 0.00505168 0.00143799 0.000102315 0 0 0 0 
0 0 0 0 0 0 0 9.37949e-05 0.00739927 0.0440182 0.053234 0.0238816 0.0195051 0.0174006 0.0132273 0.0145248 0.0233983 0.0383784 0.0259355 0.0171646 0.0145423 0.0169156 0.0167649 0.014193 0.0144277 0.0180334 0.0152066 0.0180154 0.016098 0.0113787 0.0108354 0.0120913 0.0210908 0.0239711 0.0154302 0.0166185 0.0193969 0.0245186 0.0268685 0.0281643 0.0243869 0.0150318 0.0136381 0.0162266 0.0174717 0.0119077 0.0181836 0.0324161 0.0406641 0.020145 0.00941451 0.00937768 0.0111316 0.013275 0.00896029 0.00575462 0.0116194 0.0114659 0.0146393 0.0113282 0.00274468 0.00115944 0.00176228 0.000350004 0 0 0 0 0 
0 0 0 0 0 0 0 1.01472e-05 0.00239108 0.0136341 0.0219167 0.0292344 0.0212137 0.0210989 0.0182309 0.0149051 0.0325666 0.064125 0.0377797 0.0183828 0.0141575 0.0154035 0.01178 0.0121869 0.013174 0.0188471 0.0176004 0.0283298 0.0229879 0.0180937 0.022235 0.0214901 0.029593 0.0223432 0.0170514 0.0138617 0.0121054 0.0108154 0.0153703 0.0171697 0.0154579 0.0144515 0.0113537 0.00843011 0.0100926 0.0113296 0.0174005 0.0538542 0.0859299 0.0343044 0.0187775 0.0151132 0.0128235 0.0229275 0.0183212 0.00754167 0.0062042 0.0150277 0.0223143 0.00951731 0.00470403 0.00375237 0.000437447 0 0 0 0 0 0 
0 0 0 0 0 0 0 0 0.000231052 0.00313711 0.00928696 0.0141761 0.0186805 0.0206562 0.0211783 0.0217218 0.0283998 0.0332813 0.0253862 0.0150895 0.0121217 0.0127551 0.0122627 0.015756 0.0147194 0.0152935 0.0170087 0.0257326 0.0259219 0.0156011 0.019038 0.0206975 0.0174029 0.0116988 0.0163001 0.0172427 0.0152305 0.0149983 0.0115774 0.0144682 0.016871 0.0189096 0.0232197 0.0135853 0.0160581 0.0220864 0.017351 0.0272885 0.0339118 0.0231268 0.0208025 0.0194455 0.00996587 0.019963 0.0209643 0.00646926 0.00486799 0.0093765 0.0142437 0.00938272 0.00573622 0.00223241 4.19733e-05 0 0 0 0 0 0 
0 0 0 0 0 0 0 0 0 0.000534115 0.00663659 0.0241362 0.0240436 0.0203618 0.0258275 0.0221019 0.0252418 0.0152141 0.0171753 0.0135322 0.0167885 0.0156082 0.017269 0.0159438 0.0229916 0.0223878 0.014507 0.0111443 0.0119911 0.0130539 0.0214634 0.0206699 0.0209832 0.0139246 0.0107853 0.0142885 0.0114789 0.0142823 0.0150095 0.0186276 0.0192948 0.0206799 0.0258956 0.0158405 0.0171797 0.0167975 0.0191747 0.0208992 0.0231692 0.0271116 0.0224602 0.022334 0.014349 0.0179111 0.0274019 0.0116427 0.00314496 0.00902694 0.0124824 0.00672722 0.00111227 4.21725e-06 0 0 0 0 0 0 0 
0 0 0 0 0 0 0 0 0 1.33927e-07 0.00356714 0.0182225 0.0272097 0.0249392 0.0259438 0.019579 0.0138011 0.0183903 0.0204294 0.013142 0.0115555 0.0135098 0.0193576 0.0223057 0.0402742 0.0373571 0.0139997 0.00817541 0.00785452 0.0128734 0.0183251 0.0111857 0.0142171 0.00946862 0.00778891 0.00957416 0.0109879 0.0116938 0.0209954 0.0230309 0.0237078 0.0203599 0.0255153 0.0229308 0.0146049 0.0129839 0.0137152 0.0189829 0.0260571 0.0234928 0.0192522 0.0149307 0.0111532 0.0134814 0.0194678 0.00460138 0.00121182 0.00527459 0.00607064 0.003051 8.33636e-05 0 0 0 0 0 0 0 0 
0 0 0 0 0 0 0 0 0 0 0.000769347 0.00871566 0.0170254 0.0171215 0.0242523 0.022245 0.0151501 0.0158801 0.0144261 0.00692904 0.0094208 0.0113523 0.0142012 0.0254824 0.0306905 0.0248797 0.0116958 0.011217 0.0161173 0.0166124 0.0193952 0.0194881 0.014114 0.0120472 0.0102721 0.0127275 0.0125528 0.0109766 0.01724 0.0214441 0.0266786 0.0211959 0.0252878 0.0295186 0.0166492 0.0140485 0.0141214 0.0150863 0.0118137 0.0103322 0.011518 0.0124511 0.00966371 0.013102 0.00797967 0.00276905 0.00109177 0.00257287 0.00122915 2.92042e-05 0 0 0 0 0 0 0 0 0 
0 0 0 0 0 0 0 0 0 0 0 4.31762e-05 0.000445929 0.00610887 0.0183019 0.0250537 0.0169988 0.0116433 0.00584738 0.0024359 0.0100661 0.0123646 0.0106365 0.0110315 0.0101758 0.00865735 0.00786593 0.0120802 0.0167237 0.019785 0.0180167 0.0170252 0.0151628 0.0169879 0.0222402 0.0154978 0.0135354 0.00918808 0.0161304 0.0221621 0.020329 0.0216835 0.0212442 0.0246675 0.0128204 0.00756453 0.00674516 0.00520888 0.00523402 0.00603336 0.00751807 0.0115865 0.0110582 0.0102216 0.00527913 0.00167481 0.000652822 0.00015672 4.33336e-06 0 0 0 0 0 0 0 0 0 0 
0 0 0 0 0 0 0 0 0 0 0 0 0 0.00192949 0.0120446 0.0185378 0.0183428 0.0140278 0.00679958 0.00401851 0.00365098 0.0050415 0.00133118 0.000865113 0.00151435 0.0022355 0.00402815 0.0116987 0.0212874 0.0194379 0.0202776 0.0214227 0.0171559 0.0164369 0.0263693 0.0190158 0.0109864 0.0062873 0.00615852 0.00904419 0.018323 0.0173604 0.015241 0.0129825 0.00623138 0.00274321 0.00215085 0.00255144 0.00468975 0.0108253 0.0152308 0.018765 0.0160642 0.00905417 0.0026781 3.37219e-05 0 0 0 0 0 0 0 0 0 0 0 0 0 
0 0 0 0 0 0 0 0 0 0 0 0 0 9.62944e-05 0.00117015 0.0060124 0.00911861 0.0137527 0.00792061 0.00252126 0.00493951 0.00988266 0.00350976 0.000260134 0.00146301 0.00268831 0.00714808 0.0136221 0.0191522 0.0174675 0.0208401 0.0212866 0.0182704 0.0142525 0.0110409 0.00869915 0.00647612 0.00823419 0.0155906 0.0103905 0.0122025 0.0228537 0.0168509 0.00311904 0.00761382 0.0105981 0.00971299 0.00254395 0.000410457 0.00233196 0.00967911 0.0145749 0.00883157 0.00302631 0.000145412 0 0 0 0 0 0 0 0 0 0 0 0 0 0 
0 0 0 0 0 0 0 0 0 0 0 0 0 0 0 0.000281166 0.00146219 0.00483427 0.0072797 0.00402666 0.012098 0.0202192 0.0136112 0.00159412 0.00298316 0.00780258 0.00943783 0.00912904 0.0117496 0.0129034 0.019482 0.0185666 0.0163893 0.0101952 0.00589354 0.0100843 0.0144481 0.0409639 0.0418334 0.0227704 0.0123689 0.0199336 0.0204642 0.00571748 0.0111068 0.0179665 0.0279617 0.00832853 0.00181444 0.00028851 0.00108588 0.0019627 0.000738543 0 0 0 0 0 0 0 0 0 0 0 0 0 0 0 0 
0 0 0 0 0 0 0 0 0 0 0 0 0 0 0 0 0 0.00102681 0.00296584 0.00316056 0.00434917 0.00915929 0.00964492 0.00182102 0.00468771 0.0126174 0.0131385 0.0142845 0.0155776 0.0183589 0.0147245 0.0203311 0.020248 0.0221779 0.0212209 0.0154541 0.0254013 0.0534762 0.052359 0.0206257 0.0170776 0.0142115 0.0161005 0.0148653 0.0125058 0.0129529 0.0195446 0.0128377 0.0060847 0.000673413 0 0 0 0 0 0 0 0 0 0 0 0 0 0 0 0 0 0 0 
0 0 0 0 0 0 0 0 0 0 0 0 0 0 0 0 0 0 2.10851e-06 0.000505479 0.00179093 0.000127558 0.00061775 0.000109234 0.00145722 0.00644046 0.0124938 0.0161682 0.0225144 0.0146623 0.0145543 0.0143548 0.0188012 0.0207692 0.022206 0.0162352 0.0231646 0.0275959 0.0287639 0.0180396 0.0159026 0.0126772 0.0102234 0.0130511 0.0106847 0.00249453 0.004851 0.00865824 0.00442101 3.56317e-05 0 0 0 0 0 0 0 0 0 0 0 0 0 0 0 0 0 0 0 
0 0 0 0 0 0 0 0 0 0 0 0 0 0 0 0 0 0 0 0 0 0 0 0 0.000795241 0.00741697 0.0121884 0.0135893 0.0174226 0.0194432 0.0194278 0.0165924 0.0140027 0.0161683 0.0213031 0.0209686 0.0223535 0.0269194 0.0210663 0.0194916 0.0191003 0.0176999 0.00681762 0.00332161 0.00395164 0.0011934 0.00141758 0.00128694 0.00083154 2.67388e-05 0 0 0 0 0 0 0 0 0 0 0 0 0 0 0 0 0 0 0 
0 0 0 0 0 0 0 0 0 0 0 0 0 0 0 0 0 0 0 0 0 0 0 0 0.000104643 0.00211912 0.00577395 0.0105809 0.0103734 0.0140505 0.0133515 0.0155382 0.00999837 0.0147003 0.0166467 0.0172494 0.0178166 0.0231561 0.011766 0.00619146 0.0181998 0.0169752 0.00916691 0.00124929 9.32164e-05 7.56946e-05 8.77992e-05 4.14931e-05 0 0 0 0 0 0 0 0 0 0 0 0 0 0 0 0 0 0 0 0 0 
0 0 0 0 0 0 0 0 0 0 0 0 0 0 0 0 0 0 0 0 0 0 0 0 0 6.1081e-05 0.000153779 0.000663515 0.000336581 0.00111862 0.00329525 0.00449818 0.00333397 0.00586283 0.00721743 0.0044228 0.00391198 0.00337577 0.000497505 0.000142004 0.00273284 0.00430451 0.00142343 0.000145659 0 0 0 0 0 0 0 0 0 0 0 0 0 0 0 0 0 0 0 0 0 0 0 0 0 

