0 0 0 0 0 0 0 0 0 0 0 0 0 0 0 0 0 0 0 0 0 0 0 0 0 0 0 0 0 0 2.14353e-05 1.69428e-05 9.75905e-06 0.000186182 0 0 1.24251e-05 0.000711855 0.000406847 0.000188075 8.84642e-05 0 0 0 0 0 0 0 0 0 0 0 0 0 0 0 0 0 0 0 0 0 0 0 0 0 0 0 0 
0 0 0 0 0 0 0 0 0 0 0 0 0 0 0 0 0 0 0 0 0 0 0 0 0 0 0 0 0 2.16093e-06 0.00125853 0.00264374 0.00405565 0.00307938 0.0027081 0.00145117 0.00440649 0.0081665 0.00882387 0.00888646 0.00791435 0.00172365 0.000396807 9.36148e-05 2.03312e-05 0 0 0 0 0 0 0 0 0 0 0 0 0 0 0 0 0 0 0 0 0 0 0 0 
0 0 0 0 0 0 0 0 0 0 0 0 0 0 0 0 0 0 0 0 0 0 0 0 0 0 0 0 2.42063e-05 0.00162294 0.00593592 0.00546165 0.00876834 0.00984523 0.00913978 0.00705343 0.0132109 0.0122277 0.023372 0.0158506 0.0108017 0.00888358 0.00702707 0.00298861 0.00115931 0.000664808 0.000338444 0 0 0 0 0 0 0 0 0 0 0 0 0 0 0 0 0 0 0 0 0 0 
0 0 0 0 0 0 0 0 0 0 0 0 0 0 0 0 0 0 0 0 0.000551385 0.00160497 0.000672666 0.000129705 0.000186925 0.00157226 0.00018114 0.000325971 0.00311373 0.00297044 0.00503401 0.00521188 0.00559946 0.00641603 0.0101769 0.0101802 0.0135467 0.0142433 0.0149375 0.0183076 0.0169905 0.0144391 0.0125185 0.00870481 0.00205939 0.00333996 0.0054506 0.00241526 0.000799314 6.86878e-06 0 0 0 0 0 0 0 0 0 0 0 0 0 0 0 0 0 0 0 
0 0 0 0 0 0 0 0 0 0 0 0 0 0 0 0 0 2.35144e-06 0.00012741 0.00178788 0.00672424 0.0163699 0.00919769 0.00189895 0.00279292 0.00888289 0.00310863 0.00173419 0.00483142 0.00606594 0.00994235 0.0084818 0.0104609 0.00731157 0.00501908 0.00970653 0.00816063 0.00823352 0.0122259 0.0229944 0.0206319 0.0204359 0.0145966 0.0145004 0.0117023 0.0129838 0.0131264 0.00851904 0.00694331 0.00271133 2.1072e-05 0 0 0 0 0 0 0 0 0 0 0 0 0 0 0 0 0 0 
0 0 0 0 0 0 0 0 0 0 0 0 0 0 0 0 5.11926e-05 0.00302809 0.0104862 0.0131006 0.0138848 0.0227467 0.0223765 0.0103223 0.0029521 0.0157546 0.016208 0.00884224 0.00859627 0.0057895 0.00444606 0.00375962 0.006045 0.0106866 0.00739349 0.0105718 0.00897125 0.0055999 0.0163744 0.0225499 0.0128315 0.0175902 0.0209121 0.0136674 0.0166223 0.0155322 0.012078 0.00981769 0.0113745 0.00795918 0.00179515 0 0 0 0 0 0 0 0 0 0 0 0 0 0 0 0 0 0 
0 0 0 0 0 0 0 0 0 0 0 0 0 0 0 4.31028e-05 0.000326818 0.00542663 0.0206278 0.0215583 0.0162284 0.0170063 0.0237883 0.0215429 0.00938154 0.00920997 0.0140595 0.0124387 0.0131052 0.00676347 0.00896477 0.013172 0.00901836 0.0139965 0.0122719 0.0162238 0.013194 0.0104631 0.0136638 0.0211972 0.0155295 0.0155027 0.0165678 0.0143038 0.0186973 0.0171627 0.0138988 0.010957 0.0123736 0.0146347 0.00550787 0.000897628 0.000937124 0 0 0 0 0 0 0 0 0 0 0 0 0 0 0 0 
0 0 0 0 0 0 0 0 0 0 0 0 0 6.55159e-06 0.00253895 0.00752204 0.00945063 0.00907111 0.0165785 0.0203764 0.0215925 0.0260179 0.0203772 0.0159372 0.015896 0.0105869 0.00955122 0.0109716 0.0157715 0.0126846 0.019241 0.0205356 0.0219816 0.0148304 0.0159738 0.0135474 0.0117597 0.0116302 0.0154237 0.017687 0.0158424 0.0143752 0.0217524 0.0198723 0.0165425 0.0129078 0.0169841 0.0116926 0.0166461 0.0227467 0.00934263 0.00223398 0.00420267 0.000652133 0 0 0 0 0 0 0 0 0 0 0 0 0 0 0 
0 0 0 0 0 0 0 0 0 0 0 0 5.96616e-05 0.00291467 0.0116018 0.0193599 0.0229799 0.0172026 0.0119224 0.0172602 0.0156537 0.0220846 0.030675 0.0177392 0.0224895 0.0200897 0.0154285 0.0163059 0.020063 0.0206259 0.0284441 0.0261371 0.0306439 0.026739 0.0303785 0.0223012 0.0198434 0.0282436 0.0203713 0.0168514 0.0175577 0.0193134 0.024427 0.0203195 0.0181637 0.012859 0.0154714 0.0163956 0.0174856 0.0247592 0.0126863 0.00269612 0.00448591 0.00218765 0.00123747 0.000230731 0.000740391 0.00015855 0 0 0 0 0 0 0 0 0 0 0 
0 0 0 0 0 0 0 0 0 0 0 0.000455457 0.00531468 0.0176397 0.0240795 0.0268279 0.0229731 0.027008 0.0184067 0.0147076 0.0177014 0.0225821 0.0238983 0.0201481 0.0272277 0.028606 0.0323216 0.0268573 0.0203925 0.0204325 0.0210643 0.0176774 0.0162604 0.0254823 0.0300459 0.0291398 0.025478 0.0240203 0.0169454 0.0234444 0.023358 0.0258663 0.0256904 0.0221119 0.0218565 0.0142456 0.0132112 0.0159706 0.0162622 0.0250491 0.0195524 0.00932776 0.00611297 0.00621806 0.00280965 0.000600277 0.00296831 0.00167686 5.30353e-05 0 0 0 0 0 0 0 0 0 0 
0 0 0 0 0 0 0 0 0 0 0.00128815 0.0103499 0.0209777 0.0231541 0.0240105 0.0300945 0.0245434 0.0281293 0.0227064 0.01883 0.0302207 0.0189953 0.0175306 0.0255014 0.028555 0.0354371 0.0453866 0.0287994 0.0258111 0.0166862 0.0219032 0.0203333 0.020724 0.0207165 0.0254617 0.0261502 0.0219043 0.0180973 0.0233087 0.0294303 0.0303419 0.0330002 0.0276947 0.0199593 0.0180411 0.0103946 0.0147228 0.0188132 0.0233333 0.0287624 0.0230103 0.0180171 0.0112561 0.0064153 0.00298778 0.00218301 0.00408305 0.00430798 0.000639068 0 0 0 0 0 0 0 0 0 0 
0 0 0 0 0 0 0 0 0 0.00116432 0.010811 0.0233081 0.0299554 0.0265657 0.0334699 0.0213332 0.0201247 0.0240019 0.0292834 0.0237137 0.028662 0.024027 0.0206717 0.0234119 0.0334189 0.0505635 0.0557921 0.0231153 0.0174816 0.0241462 0.0246773 0.0199552 0.022143 0.0203687 0.0228152 0.0221509 0.0158043 0.0135222 0.0245186 0.0366654 0.0255245 0.019377 0.0183765 0.0193679 0.0210353 0.0154841 0.0151896 0.0185688 0.0215573 0.0305622 0.0206333 0.0217168 0.0132924 0.0114566 0.00947604 0.00352267 0.00571967 0.00558566 0.000386196 0 0 0 0 0 0 0 0 0 0 
0 0 0 0 0 0 0 0 0.00020602 0.00802532 0.0228326 0.0250118 0.0182327 0.0204836 0.023211 0.026752 0.0215283 0.0242036 0.0277606 0.0304504 0.0236 0.0272326 0.0290018 0.0249043 0.0311112 0.0382899 0.0378506 0.024574 0.0177829 0.020609 0.0216902 0.0184086 0.0206262 0.0237248 0.0272256 0.0225465 0.0159395 0.0125359 0.0200033 0.0264327 0.0179183 0.020254 0.0207116 0.015744 0.0169082 0.0173779 0.0211064 0.022796 0.0313 0.0313966 0.0180961 0.0143758 0.011134 0.0102968 0.0111863 0.0121792 0.0117036 0.00749014 0.00117742 0.000650658 0.000147686 2.70779e-05 0 0 0 0 0 0 0 
0 0 0 0 0 0 0 0 0.000772823 0.0166555 0.0272083 0.0299743 0.0212904 0.0175059 0.0203195 0.025664 0.0264686 0.0213011 0.0250681 0.0211093 0.025308 0.0267923 0.0303413 0.029473 0.0303062 0.0340876 0.0321688 0.0176639 0.017589 0.0220697 0.0161639 0.0182736 0.0196214 0.0284118 0.0261032 0.0230572 0.0199018 0.0240988 0.0231016 0.0316322 0.0219156 0.0229266 0.0215021 0.0189268 0.0238405 0.0214582 0.0232855 0.0306119 0.0313203 0.021872 0.0206311 0.019174 0.0151198 0.0120155 0.00754947 0.0105909 0.0125672 0.00808646 0.00497587 0.00521534 0.00740535 0.00205737 1.29772e-05 0 0 0 0 0 0 
0 0 0 0 0 0 0 0 0.00115472 0.0170991 0.0275487 0.0232607 0.0175949 0.00973962 0.017399 0.0309805 0.0260005 0.0231157 0.0200018 0.0200212 0.0328128 0.0343354 0.0391019 0.0271761 0.0256636 0.0252331 0.0236544 0.0223419 0.0186104 0.0173953 0.0201302 0.0256226 0.0309275 0.037416 0.0221136 0.0253547 0.0234202 0.0207775 0.0205195 0.0283856 0.0270845 0.01915 0.0263057 0.0271862 0.0255319 0.0264478 0.0220803 0.0299822 0.0296724 0.0232967 0.0253255 0.0166328 0.0128283 0.012939 0.0146966 0.0100553 0.00764455 0.00851636 0.00427842 0.0070749 0.012162 0.00940957 0.00174669 1.22076e-05 0 0 0 0 0 
0 0 0 0 0 0 0 0.00086673 0.00818484 0.0205151 0.0318825 0.018908 0.0185539 0.00791439 0.0132739 0.0220189 0.0250891 0.0221831 0.0190512 0.0246901 0.0304801 0.0311367 0.0334647 0.0253388 0.0239529 0.0210042 0.0229744 0.0227508 0.0236821 0.0213962 0.0249232 0.0202877 0.0267915 0.0243678 0.0208394 0.0274291 0.0186919 0.0179046 0.0167282 0.0207819 0.0212973 0.022311 0.0212762 0.0253505 0.0272519 0.0238818 0.016357 0.025594 0.0412057 0.0366151 0.0222995 0.0163901 0.0139569 0.0119225 0.0116092 0.0127994 0.010387 0.00662406 0.00356005 0.00457444 0.0112516 0.0162566 0.00691362 0.000735256 0 0 0 0 0 
0 0 0 0 0 0 2.26325e-05 0.00639746 0.0197466 0.017958 0.0133594 0.0131363 0.0181888 0.006464 0.00824105 0.0159977 0.0232148 0.0202014 0.0265685 0.0216705 0.0263777 0.0259208 0.0213502 0.0210117 0.0267152 0.0217073 0.0215017 0.0264452 0.0313061 0.0244746 0.0255481 0.0142432 0.0212527 0.0217597 0.026169 0.0207714 0.0181491 0.0176615 0.00948441 0.0126913 0.0169582 0.0227217 0.0209311 0.0219246 0.0211173 0.0192034 0.0143999 0.0270607 0.0576059 0.0977513 0.0417057 0.0173079 0.0158264 0.00758979 0.012838 0.0229949 0.0213639 0.0179359 0.00981107 0.00760178 0.0103782 0.0204125 0.0153959 0.00529832 0.000313711 0 0 0 0 
0 0 0 0 0 0 5.26514e-06 0.00203967 0.00840954 0.00683067 0.00290644 0.00798105 0.0148522 0.0114093 0.00934092 0.00988489 0.0160858 0.0201538 0.022568 0.0225705 0.0224307 0.0232272 0.0240574 0.0182071 0.0208862 0.0167174 0.0234206 0.0263271 0.0326464 0.0249607 0.0270775 0.0105117 0.0131737 0.0202144 0.0306749 0.0281747 0.025983 0.0162562 0.0171578 0.0132783 0.0174156 0.0215713 0.0201721 0.026259 0.0245496 0.0198478 0.016284 0.0281551 0.0686175 0.113418 0.0411695 0.0149286 0.0166509 0.00929793 0.0191879 0.0342778 0.0405118 0.0310573 0.0209927 0.0108337 0.00631893 0.0238007 0.0198407 0.0129005 0.00216484 0 0 0 0 
0 0 0 0 0 0 0 0.00139367 0.00894847 0.00619375 0.00743012 0.00991144 0.0112941 0.018442 0.0149849 0.011678 0.0141435 0.0265077 0.0243112 0.0207826 0.0229056 0.025213 0.02896 0.0282169 0.0238885 0.0208721 0.025772 0.0279556 0.0237576 0.0238646 0.0351842 0.0263539 0.01856 0.0249628 0.0243837 0.0330077 0.0262949 0.0151331 0.0196101 0.0177652 0.0175188 0.0166139 0.0183055 0.021642 0.0192839 0.0194215 0.0267728 0.0394645 0.0430451 0.0420156 0.0277803 0.0256718 0.018261 0.0145582 0.0158744 0.0316611 0.0369727 0.028293 0.0231115 0.0116437 0.00576223 0.0109089 0.0160018 0.0177971 0.0067281 0.000371408 0 0 0 
0 0 0 0 0 0 0 0.00387447 0.00683159 0.00943716 0.00927086 0.0128688 0.0123044 0.0153639 0.0141392 0.0106516 0.0175705 0.0269238 0.0274759 0.0235541 0.0187333 0.0267797 0.0249994 0.026986 0.02239 0.0284771 0.024629 0.0199816 0.0144919 0.0197602 0.0421335 0.0314727 0.0225497 0.021838 0.0218401 0.0333205 0.0308681 0.0242599 0.0235854 0.0190312 0.0232003 0.0159875 0.0201445 0.0220664 0.0220192 0.0154554 0.0273124 0.0316408 0.0270397 0.0299421 0.0212672 0.0189372 0.019537 0.0185891 0.0213694 0.0210051 0.0238885 0.0181276 0.0144458 0.0105754 0.00752814 0.00398516 0.0116636 0.0184151 0.00791236 0.000638551 0 0 0 
0 0 0 0 0 0 0.000144321 0.00193275 0.00554561 0.0150983 0.0179085 0.0150451 0.0111181 0.0171581 0.0169724 0.0133803 0.0232245 0.0260114 0.0249088 0.0283601 0.0165697 0.0226478 0.0313391 0.0272069 0.0253528 0.0273716 0.0204112 0.021559 0.016331 0.0226778 0.0374903 0.0345731 0.0341573 0.0247342 0.0199766 0.0232846 0.0250407 0.0247755 0.025319 0.0212626 0.0215804 0.0214632 0.0199095 0.021222 0.0190465 0.0195573 0.0197922 0.023998 0.0242524 0.0240412 0.0321971 0.019469 0.0227868 0.0219326 0.0262572 0.0224775 0.0215279 0.0140692 0.0208153 0.0233017 0.0108072 0.00660952 0.018465 0.0215759 0.0107269 0.00153905 0 0 0 
0 0 0 1.74658e-05 0.000476782 0.00206256 0.00585694 0.0079397 0.00877622 0.0108705 0.0172692 0.0160483 0.0111279 0.0178754 0.0230163 0.0239557 0.0270587 0.0205673 0.0203317 0.0254841 0.0221201 0.0257077 0.0272845 0.0234301 0.0217221 0.0288671 0.0245371 0.0244733 0.0218608 0.020247 0.0213444 0.0280873 0.0278593 0.0152123 0.0197209 0.0270782 0.0255257 0.0231341 0.0169998 0.0193208 0.0201061 0.0229631 0.0170655 0.0216548 0.026007 0.0220254 0.0208073 0.0233538 0.0334439 0.0323856 0.0483906 0.0300343 0.0165454 0.0244056 0.0250996 0.019698 0.0221151 0.0221167 0.0285423 0.0230194 0.0154851 0.0168075 0.0181588 0.0185445 0.0109091 0.00451157 0.000415658 0 0 
0 0 0 0.000299093 0.00394359 0.0080902 0.00751748 0.00356827 0.00582955 0.00709693 0.0101551 0.0164688 0.0147332 0.0201233 0.0319046 0.0373681 0.0276845 0.0222146 0.0162623 0.018123 0.0199864 0.0210032 0.0219273 0.0198585 0.0177356 0.0194099 0.0203675 0.0256894 0.0284402 0.0213689 0.0198945 0.0238555 0.0194423 0.0168496 0.0137205 0.0315953 0.0419945 0.0231427 0.0161166 0.0194156 0.0234668 0.018184 0.0222241 0.0261693 0.0232914 0.0189341 0.017128 0.0197478 0.0261934 0.0256195 0.037285 0.0303606 0.0207717 0.022487 0.0174483 0.0162571 0.0203275 0.0322431 0.0267836 0.0150378 0.017836 0.0201771 0.0175289 0.0125631 0.00971032 0.00653856 0.00171948 0 0 
0 0 0 0.000505247 0.00595914 0.0125244 0.0064794 0.00558059 0.00699031 0.0105779 0.0131432 0.0155406 0.0222464 0.0237056 0.0257811 0.0303839 0.0248391 0.0133202 0.0140082 0.0148252 0.0154784 0.020714 0.0256316 0.0271628 0.0176441 0.0168258 0.0230185 0.0259607 0.0205593 0.0196469 0.00977602 0.00910287 0.0193148 0.0168856 0.0197077 0.0280678 0.0270183 0.0222567 0.0174783 0.0232878 0.0198665 0.0176354 0.0228628 0.0269528 0.0248177 0.0200899 0.0212853 0.0212199 0.0222752 0.0251707 0.0253853 0.0184228 0.0173591 0.0199516 0.0109402 0.0129717 0.0150682 0.0228627 0.0287583 0.0157421 0.0174954 0.0187648 0.0122213 0.0136234 0.0127438 0.00943078 0.00301176 3.80436e-05 0 
0 0 5.59528e-05 0.00169295 0.00388228 0.00985665 0.0103028 0.0165907 0.0102032 0.0134686 0.0133972 0.0194598 0.0250415 0.0246895 0.0218909 0.0156326 0.0180038 0.0153734 0.0153955 0.0154697 0.0116319 0.018392 0.0194666 0.023815 0.0195526 0.0201239 0.0242823 0.0187846 0.0154905 0.0153894 0.0127307 0.0144775 0.0219029 0.0241294 0.0228138 0.0230029 0.0205927 0.0166627 0.0196132 0.0190349 0.0187753 0.014584 0.0265792 0.0159575 0.0185199 0.0237477 0.0249132 0.0207273 0.0223277 0.0235894 0.0150933 0.0105097 0.0103048 0.0117182 0.0124252 0.0200315 0.0222697 0.0246468 0.0217353 0.0179981 0.0200828 0.0177629 0.0197179 0.0141544 0.0188165 0.011305 0.00346868 3.51232e-05 0 
0 0 4.36912e-05 0.00151277 0.00258777 0.00939737 0.0152862 0.0205354 0.0102284 0.0106612 0.0120812 0.0186601 0.0234492 0.019795 0.0206487 0.0157896 0.0107474 0.014344 0.0205297 0.0201192 0.0173435 0.0152821 0.0155379 0.0255227 0.0249779 0.029339 0.0226892 0.0233252 0.0213493 0.0232797 0.016457 0.0155017 0.0211333 0.0263876 0.0282897 0.0231763 0.0182728 0.0156325 0.0187787 0.0171403 0.0207657 0.0186854 0.0207269 0.0223966 0.0224496 0.0245326 0.0192186 0.016774 0.019284 0.0215295 0.0125816 0.0191268 0.0205266 0.0140638 0.0125396 0.0175638 0.0205909 0.0246648 0.0273102 0.0182334 0.022062 0.0127904 0.0108358 0.0135358 0.0150958 0.0124457 0.00377803 0.000695195 0 
0 0 0 0 0.00213699 0.00752955 0.012453 0.0128342 0.00592237 0.0135028 0.0153022 0.0160769 0.0209196 0.0201649 0.0182484 0.0182899 0.0182843 0.0168668 0.0188739 0.0183876 0.0215086 0.0183002 0.0255262 0.0256758 0.0246788 0.0313369 0.03072 0.030691 0.0426088 0.031157 0.0202308 0.0165412 0.020168 0.0261579 0.0332579 0.0257727 0.019142 0.0198731 0.0178244 0.0193813 0.0213911 0.0188523 0.0158953 0.022655 0.0242471 0.0220703 0.0296893 0.0246789 0.0235824 0.0203644 0.0184705 0.0255558 0.0283683 0.0197013 0.0150316 0.0186008 0.0197926 0.0204653 0.0215657 0.0228931 0.0210263 0.0153597 0.0147103 0.0132901 0.0135914 0.0125076 0.00832943 0.00446144 0.000232823 
0 0 0.000505659 0.000384799 0.000658543 0.00249337 0.00507003 0.00477802 0.00848787 0.0173479 0.0164697 0.0177001 0.0210273 0.0221323 0.0157424 0.0200372 0.0219142 0.0166918 0.0177196 0.0193061 0.0281492 0.0252748 0.0267448 0.0274391 0.0268574 0.0305984 0.0336116 0.0327039 0.0505591 0.0318319 0.0204959 0.0133768 0.0195555 0.0239459 0.0256014 0.0211944 0.0167153 0.02018 0.0253096 0.0244704 0.0206488 0.0196859 0.0181296 0.0202417 0.0299617 0.0295919 0.0336286 0.0345053 0.0295495 0.0265882 0.022017 0.0235539 0.0256664 0.0138343 0.0125318 0.0178412 0.0173516 0.0175481 0.015873 0.0165675 0.0203659 0.0262037 0.0253764 0.0164719 0.0195291 0.0216305 0.0173521 0.0100662 0.00183541 
0 0.00159453 0.00526339 0.00609525 0.00253979 0.00198694 0.00156144 0.00129442 0.00907994 0.0156205 0.0167358 0.0154242 0.0203759 0.0211873 0.0135966 0.0200271 0.0222334 0.013527 0.0162465 0.0214193 0.0329488 0.0322848 0.0266023 0.0251327 0.0306363 0.0351899 0.032631 0.0286648 0.0440877 0.025608 0.0277904 0.0245062 0.0183972 0.0242231 0.01998 0.0217582 0.0195184 0.025345 0.0192431 0.0223936 0.0262659 0.0245567 0.0291699 0.0241799 0.0296315 0.0338207 0.0278477 0.0245575 0.02849 0.0267125 0.0212036 0.0278634 0.0304528 0.0216112 0.0120024 0.00996607 0.0169028 0.0144926 0.0142447 0.0138075 0.0233557 0.0365649 0.0307695 0.0207028 0.0184915 0.0195412 0.0166168 0.0131703 0.00442181 
0 0.00418848 0.015344 0.0156096 0.00911364 0.00860082 0.00611904 0.00454839 0.00723287 0.0147155 0.01681 0.0149794 0.0200977 0.029356 0.0201326 0.0175989 0.0200521 0.012917 0.0138144 0.023533 0.0192114 0.032664 0.0338331 0.0274074 0.0286939 0.0261972 0.02913 0.0305175 0.0262943 0.0271473 0.0305999 0.0441678 0.0268038 0.0171655 0.0178557 0.0200599 0.0184072 0.0260082 0.0226025 0.0286805 0.0239318 0.0318042 0.0276512 0.0276324 0.0294991 0.0279749 0.0302919 0.02233 0.0217597 0.0235371 0.0216662 0.0207477 0.0301074 0.026355 0.0169606 0.0146321 0.0189622 0.0172651 0.0144214 0.0109051 0.0203692 0.0281955 0.0205174 0.0199999 0.0247882 0.0149714 0.0102719 0.0111822 0.00346008 
0.000204721 0.0105654 0.0213927 0.0205223 0.0179869 0.0114518 0.00789093 0.00945099 0.0111421 0.0138078 0.0129852 0.0186548 0.0188048 0.0203869 0.0172571 0.0183638 0.021535 0.021226 0.0198399 0.0248379 0.0253271 0.0298531 0.0298988 0.0273608 0.0310213 0.0294688 0.0287529 0.0329849 0.039547 0.0405187 0.0313057 0.0335224 0.0391555 0.0197371 0.0160824 0.0217365 0.0208034 0.025392 0.0310461 0.0351776 0.0241715 0.0262731 0.0328234 0.0273603 0.0247914 0.0261877 0.0258271 0.0191369 0.022812 0.0241497 0.0195613 0.0182045 0.0246258 0.0205608 0.026101 0.0157273 0.0152659 0.0125014 0.012594 0.0141672 0.0200782 0.0198461 0.0188353 0.0217328 0.0261905 0.02492 0.0131689 0.0112258 0.00386673 
0.000205579 0.0060164 0.015086 0.0203822 0.0226272 0.0163448 0.0134037 0.0147724 0.0119938 0.0135954 0.0181651 0.0197241 0.028665 0.0230043 0.01625 0.0119578 0.0157176 0.0194934 0.0199227 0.0159964 0.0173066 0.0215233 0.0232298 0.0244157 0.028708 0.0237839 0.0251656 0.0386758 0.040381 0.0318026 0.0358371 0.0273392 0.0367139 0.0251365 0.0242765 0.0207291 0.0231695 0.0258613 0.0299838 0.0270219 0.0214902 0.0272686 0.0385676 0.0285245 0.0188133 0.0153603 0.0187486 0.0210453 0.0267644 0.0216964 0.0188743 0.0193317 0.0184242 0.0229866 0.0231398 0.0223654 0.0189647 0.0108288 0.0101761 0.0168671 0.0135876 0.0152822 0.0202853 0.02459 0.0191652 0.0207728 0.0162991 0.0119349 0.00183897 
6.05173e-05 0.00456875 0.00884079 0.0190824 0.0194928 0.0171638 0.0147388 0.0192386 0.0194771 0.0200584 0.0215877 0.0252008 0.0236624 0.0198311 0.0216816 0.0224171 0.0166069 0.0235502 0.0197504 0.0191411 0.0144548 0.0175872 0.0169363 0.020123 0.0269318 0.0239804 0.0274855 0.0279645 0.0350743 0.0319289 0.0309177 0.0247745 0.0262413 0.023359 0.0224478 0.0329025 0.0366305 0.0317886 0.034152 0.0262664 0.0227366 0.0193571 0.0282513 0.0229955 0.0181354 0.0152957 0.0181426 0.0244062 0.0274197 0.0276937 0.0244995 0.0191734 0.0191599 0.0218132 0.0208095 0.0230863 0.0217256 0.00969283 0.00993605 0.013447 0.0137324 0.0137268 0.0140556 0.0168559 0.0118532 0.00981473 0.00786792 0.00853168 0.000942113 
2.73813e-05 0.00252584 0.00734131 0.0140409 0.0145764 0.0148033 0.0195721 0.0212479 0.0216361 0.0194494 0.0164674 0.0189731 0.0180259 0.0190181 0.0220264 0.0256071 0.0205802 0.0228058 0.0160788 0.0184219 0.0136243 0.0133639 0.0123902 0.0146945 0.0236977 0.0209329 0.0278946 0.024115 0.0358009 0.0269553 0.028161 0.0311788 0.0252314 0.0284874 0.0341196 0.0467824 0.0463195 0.0519105 0.0704919 0.0375874 0.0264265 0.0213672 0.027767 0.0323179 0.0288022 0.0214877 0.0180975 0.018183 0.0191918 0.0231469 0.0218678 0.0172134 0.0127487 0.0168002 0.0220395 0.0158434 0.0134626 0.0111312 0.0102066 0.0149354 0.0157435 0.0187922 0.0198154 0.0163743 0.00958321 0.00872521 0.00290185 0.000488922 3.2406e-05 
0.000139807 0.00549373 0.0113861 0.0152936 0.0194998 0.0219991 0.0205417 0.0208633 0.0188151 0.0252543 0.0240163 0.0197282 0.0188548 0.0185612 0.0239419 0.0224028 0.0204392 0.0195932 0.0193425 0.0173274 0.0169267 0.0152003 0.0147705 0.0158478 0.0217028 0.0206516 0.0258449 0.0302672 0.0283469 0.0230315 0.0211327 0.0217998 0.0174458 0.0258938 0.0356965 0.0529449 0.0638312 0.0447075 0.0518303 0.0387869 0.022821 0.0192107 0.0346322 0.0413734 0.0259704 0.0192473 0.0136809 0.0139289 0.0143017 0.0165067 0.0178174 0.0163851 0.0140097 0.01732 0.0211264 0.016383 0.0117283 0.0115942 0.0126195 0.0162157 0.023864 0.035961 0.02556 0.0186885 0.0195062 0.0124262 0.00775267 0.00355663 0.000260818 
0.000221432 0.00592534 0.0107993 0.013503 0.0204491 0.0219518 0.0260419 0.016659 0.0211972 0.0234827 0.0243301 0.0174582 0.0179056 0.0178911 0.022655 0.0204576 0.0167706 0.016558 0.0180253 0.0141781 0.0167043 0.0141283 0.0176875 0.0176403 0.0246636 0.0258178 0.0286476 0.0242595 0.0260244 0.0189126 0.0174748 0.0211042 0.0249727 0.0239893 0.0381117 0.0663186 0.0461633 0.0311618 0.0455296 0.0467791 0.0260474 0.0194738 0.032739 0.0434701 0.0467499 0.0269873 0.0149216 0.00949946 0.0131582 0.0144375 0.0178694 0.015164 0.0143837 0.0139663 0.0133984 0.0144285 0.0134955 0.0162217 0.0142004 0.0145476 0.0226616 0.0330199 0.0286215 0.0211725 0.0161241 0.0113095 0.0150274 0.00673999 0.000482827 
0.000226866 0.00618018 0.012948 0.0170831 0.0161883 0.0153564 0.0233293 0.0189344 0.0170176 0.0222239 0.0236346 0.021041 0.0244668 0.0170626 0.0188034 0.0178962 0.0154033 0.0134872 0.0139568 0.0175807 0.0158844 0.0128584 0.0177991 0.0278738 0.0240951 0.0233096 0.0238366 0.0208058 0.0213244 0.0216846 0.0198379 0.0223837 0.0272726 0.0331974 0.0269467 0.0556091 0.10364 0.0731786 0.109938 0.0721382 0.0305962 0.0224903 0.0242392 0.0295754 0.0607338 0.0352552 0.0219508 0.0159315 0.0175508 0.0159426 0.0267778 0.0195263 0.0165927 0.0172134 0.0148047 0.0204833 0.0184197 0.0179819 0.0186092 0.0193909 0.020754 0.0299702 0.0284078 0.0150968 0.0132172 0.0134603 0.0142716 0.00873723 0.000744218 
0.00026645 0.0090733 0.0139829 0.0164933 0.0107304 0.00844392 0.0185547 0.0202466 0.0164947 0.0252987 0.0259299 0.0277607 0.0221169 0.0172621 0.0186623 0.0187529 0.0128135 0.0135218 0.015263 0.0155634 0.0143211 0.0136251 0.0179263 0.0160648 0.0190446 0.0157177 0.0206822 0.0185827 0.0188016 0.0234357 0.0247132 0.0309173 0.0316185 0.0314217 0.028254 0.0278573 0.0548703 0.0788666 0.0957744 0.0768517 0.033271 0.0314091 0.0401241 0.0364431 0.0438978 0.0328844 0.0292843 0.0200587 0.0154211 0.0320664 0.0442122 0.032153 0.0220101 0.0123571 0.0204973 0.0288342 0.0216469 0.020766 0.0207705 0.0208386 0.0168894 0.0257909 0.0169491 0.00978519 0.00701508 0.00662524 0.00779607 0.00825534 0.00133997 
0.000260088 0.00529615 0.0111296 0.0113975 0.0101946 0.0131106 0.017213 0.0274529 0.0208844 0.019474 0.0168451 0.0210059 0.0152067 0.0159949 0.0208085 0.0230408 0.0205084 0.0166268 0.0147125 0.0157574 0.0195892 0.0189204 0.0167711 0.0171747 0.0201582 0.0166913 0.0238916 0.0307771 0.0264421 0.0305171 0.0336147 0.0355222 0.0244716 0.0212593 0.0208053 0.0248102 0.0241454 0.0276862 0.0333796 0.0847317 0.0707166 0.044153 0.0397945 0.0242963 0.0402048 0.0560835 0.0373937 0.0285057 0.0227059 0.028552 0.0300532 0.0244703 0.0217535 0.021179 0.0238012 0.0260572 0.017735 0.0197588 0.0241412 0.0177712 0.0144714 0.0179481 0.019062 0.0207282 0.013986 0.012347 0.0146549 0.00570779 0.000496677 
0 0.00392319 0.0122537 0.0100959 0.0112625 0.0144579 0.0292547 0.0278204 0.0168438 0.0156217 0.0141781 0.0177633 0.0188943 0.0189931 0.0256205 0.0256407 0.0274036 0.024859 0.022728 0.0223397 0.0216897 0.0189135 0.0142112 0.0189143 0.023568 0.0216409 0.0246845 0.0306828 0.0324018 0.0245496 0.0196336 0.0222943 0.0193729 0.0223037 0.0244735 0.0224235 0.0209846 0.026306 0.0297983 0.0702163 0.076782 0.0555288 0.034949 0.0274971 0.0364323 0.0527994 0.0367309 0.0340766 0.0367235 0.0349713 0.0247198 0.0181854 0.0197711 0.0195162 0.0196197 0.0193074 0.0119806 0.0127582 0.0225806 0.0183743 0.0163718 0.014939 0.0156595 0.0294818 0.0181133 0.0177796 0.0164823 0.00831266 0.000486924 
0 0.000330359 0.00478346 0.0113306 0.0145731 0.0199533 0.0189239 0.0146943 0.014044 0.0187486 0.0146251 0.0185135 0.0190076 0.022756 0.022444 0.026719 0.022459 0.0213502 0.0251083 0.0287216 0.0247246 0.020634 0.0173375 0.0238859 0.0280117 0.0247574 0.0245312 0.0325371 0.0355237 0.0213128 0.0179767 0.0154914 0.0157423 0.0224291 0.029523 0.0185789 0.0153964 0.0156863 0.0237195 0.0431787 0.0359775 0.0217575 0.0171698 0.0147536 0.0268033 0.0534814 0.0476759 0.0309185 0.0390622 0.025234 0.0264922 0.0209689 0.0225411 0.0272138 0.0174667 0.0127515 0.00804481 0.0114183 0.0157263 0.0187803 0.0158717 0.0141161 0.0254205 0.0364455 0.0276864 0.0268144 0.0197917 0.00737907 0.00120045 
0 0.000126464 0.00522334 0.0117288 0.0115348 0.0136509 0.0126729 0.0132461 0.019309 0.0198588 0.0148295 0.0152333 0.0168408 0.0197172 0.0208728 0.0206178 0.0185763 0.0259227 0.0221773 0.025996 0.0278805 0.0256964 0.0234797 0.0294067 0.031789 0.0236267 0.0213435 0.0248744 0.0284038 0.0264765 0.0150391 0.0244272 0.0217918 0.0181915 0.0188418 0.0140388 0.0142758 0.0179346 0.0264645 0.0303953 0.0210517 0.0171972 0.0166946 0.0137496 0.0295753 0.0415991 0.0450202 0.0385647 0.0403365 0.0248408 0.0242538 0.0337757 0.0506049 0.0742818 0.0277838 0.0125505 0.0127233 0.0116192 0.015569 0.0236863 0.018416 0.0183676 0.0221887 0.0314604 0.0332063 0.0299031 0.0220187 0.00735392 0.00136346 
0 0.000292285 0.00759492 0.0189572 0.0177048 0.0148012 0.00742287 0.0140336 0.0210268 0.0288741 0.0240557 0.0159163 0.0168584 0.0149618 0.0178903 0.0170967 0.018763 0.0211991 0.0234522 0.0224269 0.0220943 0.0214658 0.0255197 0.0202715 0.0256535 0.0235615 0.0298197 0.0273038 0.0338654 0.0260163 0.0190198 0.0237761 0.0205848 0.0169997 0.0207511 0.017481 0.0197729 0.0233645 0.0243984 0.0331063 0.0306798 0.0198379 0.0234642 0.0250848 0.0321019 0.0211572 0.0280073 0.0384004 0.0383897 0.0258954 0.0215245 0.0230992 0.037655 0.0382865 0.0175765 0.0132457 0.0138705 0.016591 0.0181229 0.0183239 0.0198461 0.0233483 0.0212041 0.0373746 0.0327555 0.0282887 0.0177005 0.0059958 0.000475191 
0 0.000271555 0.00662016 0.013898 0.01448 0.0158011 0.00756778 0.0133486 0.0213299 0.036165 0.0274667 0.0164838 0.0140623 0.0128249 0.0209831 0.0212786 0.0201616 0.0202664 0.0175208 0.0176018 0.0207507 0.0279715 0.0254852 0.0253219 0.023066 0.0247486 0.0275134 0.0273385 0.0259422 0.019503 0.0174624 0.0182844 0.0182225 0.0226407 0.0273644 0.029788 0.0231099 0.0318226 0.0290663 0.0246826 0.0264664 0.025968 0.0305241 0.0357872 0.0254362 0.0275515 0.0318799 0.0361524 0.0339588 0.0347814 0.0273595 0.014961 0.0123854 0.0169901 0.0210068 0.0195132 0.0183897 0.0207849 0.0225194 0.0187291 0.0194645 0.0251792 0.0222361 0.0308921 0.0337762 0.0279144 0.0236003 0.00615691 6.49978e-05 
0 0.000165991 0.00654718 0.0139883 0.0203474 0.0160819 0.012686 0.0113654 0.0254639 0.0358934 0.0263465 0.00936982 0.00579954 0.004636 0.0102759 0.012897 0.0238392 0.0182742 0.0156106 0.0261507 0.0253148 0.031001 0.023983 0.0188876 0.0183763 0.0225349 0.0231099 0.0232653 0.019446 0.0177911 0.0152898 0.0157177 0.0187692 0.02302 0.0296174 0.04063 0.0355882 0.0311758 0.0261902 0.0265301 0.0266629 0.0237369 0.0269248 0.0346387 0.026894 0.0330592 0.0343995 0.0206162 0.0312304 0.0354345 0.0313603 0.0140572 0.00885389 0.0132082 0.0143148 0.0145114 0.0187624 0.0184714 0.016971 0.0152683 0.0180066 0.0193298 0.0230956 0.026071 0.0256874 0.0267377 0.0177059 0.00606761 0 
0 0 0.00199967 0.0133534 0.0181359 0.0121498 0.0118977 0.0171437 0.0206587 0.032519 0.0227715 0.0126777 0.00469846 0.00645985 0.00964317 0.0135714 0.0184191 0.0206038 0.0303811 0.0252669 0.025735 0.0236804 0.023504 0.0164837 0.0141812 0.01213 0.0131621 0.0152715 0.0186078 0.0185295 0.0166066 0.013128 0.0166784 0.0177438 0.0234266 0.0287329 0.0315473 0.0240695 0.0285019 0.0322565 0.0254545 0.0226887 0.0205214 0.0221682 0.0280873 0.04067 0.0302759 0.0263373 0.0236826 0.0246279 0.0297176 0.0221277 0.0152677 0.0150382 0.0149274 0.0114272 0.0186493 0.019926 0.0111369 0.0122992 0.0136433 0.0216214 0.0245294 0.0184962 0.0228405 0.0196284 0.00932867 0.00316305 0 
0 0 0.000388939 0.00811892 0.0189104 0.0116146 0.014713 0.0201013 0.0200648 0.023153 0.0141669 0.0120548 0.0121345 0.0153924 0.015418 0.0115573 0.0186827 0.0179455 0.020322 0.0172295 0.0171297 0.0235185 0.0196037 0.0145401 0.010008 0.0116555 0.0146342 0.0146293 0.0151182 0.0204951 0.0142955 0.0123636 0.00999978 0.00928743 0.0151806 0.0204389 0.0190329 0.0250001 0.0268924 0.0324928 0.0318477 0.0250577 0.0145961 0.0231646 0.0317006 0.031486 0.0306833 0.0254034 0.0250837 0.0254987 0.0260356 0.0277334 0.0285162 0.0283201 0.0285535 0.0205511 0.0197427 0.0158329 0.0215469 0.0185823 0.0146296 0.0200459 0.0236096 0.0191154 0.0155173 0.0122113 0.00443024 0.000344072 0 
0 0 5.22663e-05 0.00620861 0.0160301 0.0160545 0.0157433 0.0153275 0.0217245 0.0263769 0.0170913 0.012368 0.0146204 0.015735 0.0164361 0.0165964 0.0194779 0.020089 0.0149087 0.0175794 0.0200319 0.0191615 0.0189527 0.0145169 0.0125597 0.0154372 0.023821 0.0112423 0.00949047 0.0131564 0.0136449 0.012972 0.0144959 0.0105438 0.0155251 0.0172424 0.0121546 0.0190092 0.0184235 0.0258712 0.0292645 0.0181538 0.0139101 0.0207924 0.0251668 0.0227536 0.0289679 0.023898 0.0251233 0.0250455 0.0272461 0.0285819 0.0242533 0.0263247 0.02363 0.02513 0.0231123 0.0239779 0.0343053 0.0283852 0.02156 0.0161313 0.0240629 0.0211018 0.0179782 0.0105886 0.00364394 0.000145303 0 
0 0 0 0.00175814 0.0105844 0.0178887 0.0180327 0.0181007 0.0183501 0.020296 0.0193141 0.0279434 0.0176409 0.0115217 0.0173463 0.0174842 0.0199208 0.0198412 0.0129298 0.018156 0.016966 0.014622 0.0162891 0.0520377 0.0512368 0.0162716 0.0270589 0.0126829 0.00586931 0.00410124 0.00379127 0.00611859 0.0114243 0.0104074 0.0179831 0.0185092 0.016511 0.0167925 0.0161232 0.0204091 0.020657 0.0248698 0.0206274 0.0193113 0.0241504 0.0331825 0.0343135 0.030603 0.0269179 0.0262404 0.0226019 0.0256213 0.028805 0.0279772 0.0192984 0.0205638 0.0243544 0.0301395 0.0286249 0.0380122 0.0373064 0.0282539 0.0280648 0.024389 0.0202783 0.0070399 0.00130083 0 0 
0 0 0 0.000175534 0.00738004 0.0189479 0.0141982 0.0116898 0.017218 0.0188498 0.0243994 0.0340993 0.0220091 0.0230818 0.0203243 0.0192467 0.0254835 0.0236826 0.0135399 0.00995998 0.0149734 0.0164179 0.0156012 0.0307863 0.0229833 0.0161902 0.0121111 0.011726 0.00286243 0.00201203 0.00406622 0.0117754 0.0163345 0.0167767 0.0162334 0.0195309 0.0162659 0.0116524 0.0195942 0.0262897 0.0227125 0.0236681 0.0210997 0.0151754 0.0207081 0.0383499 0.0499444 0.0426536 0.0423972 0.035756 0.0291982 0.0315682 0.0296471 0.0266643 0.0220969 0.0239713 0.026475 0.0246174 0.0262136 0.0261459 0.0219959 0.0374438 0.0363386 0.0269357 0.0200611 0.00568077 5.19078e-05 0 0 
0 0 0 0 0.000588636 0.00310995 0.00233046 0.0106876 0.0254987 0.0275101 0.0179751 0.0210112 0.0168459 0.0223651 0.0518637 0.0459608 0.0270122 0.0125141 0.00728203 0.0062685 0.0127051 0.019196 0.0164503 0.0151129 0.0108605 0.00956092 0.00986709 0.0111901 0.00229673 0.00418891 0.0178797 0.0256758 0.0333405 0.0260151 0.020455 0.0161468 0.0153081 0.0132362 0.0275337 0.0365343 0.0225667 0.0188369 0.0201167 0.024735 0.022253 0.0352455 0.0677274 0.0418921 0.03728 0.0374603 0.0375447 0.0375651 0.0322896 0.0215097 0.0146095 0.0182138 0.0193797 0.0226263 0.0286539 0.0232677 0.0177733 0.0180616 0.0208332 0.0157436 0.0129355 0.0028362 0 0 0 
0 0 0 0 0 0.000121709 0.000288621 0.00563405 0.018176 0.0280287 0.0225032 0.0177946 0.0191369 0.0199253 0.0375899 0.0445342 0.0258998 0.0122955 0.00605706 0.00441985 0.00588364 0.0115707 0.0107924 0.0122755 0.00963751 0.0145276 0.0112646 0.00378241 0.00259542 0.00861892 0.0190049 0.02421 0.0280976 0.0217639 0.020778 0.0172244 0.0198504 0.0144529 0.017535 0.0262502 0.0227109 0.0214696 0.0243167 0.0303209 0.0311135 0.0532639 0.0763491 0.0387532 0.0420673 0.0348905 0.0294409 0.0287435 0.0254636 0.0217902 0.0149128 0.0129315 0.0209328 0.0309203 0.0303387 0.0247265 0.0222941 0.0194926 0.0104395 0.00662179 0.00158362 0.000245204 0 0 0 
0 0 0 0 0 0 2.79824e-05 0.000752924 0.00835401 0.0158172 0.0197856 0.0168156 0.0176106 0.0199124 0.0287824 0.0253395 0.0183371 0.01421 0.00836352 0.00154686 0.00216786 0.012021 0.0148525 0.0118278 0.013406 0.0125649 0.00251089 0.00116958 0.00373863 0.00908161 0.0178556 0.0263279 0.0313694 0.0203552 0.0194974 0.0238155 0.0214387 0.020147 0.0255984 0.0261075 0.0254721 0.0287757 0.0322582 0.0306922 0.0460389 0.0720453 0.0672617 0.0385332 0.0263971 0.0295887 0.0300684 0.0333546 0.0241396 0.0199759 0.016804 0.0174875 0.0257076 0.0389695 0.0406235 0.0328121 0.0232885 0.0259259 0.0117887 0.00423395 0.000412495 0 0 0 0 
0 0 0 0 0 0 0 6.94222e-05 0.00214786 0.00787669 0.0073889 0.0104894 0.020734 0.0184035 0.0146743 0.0143964 0.0148281 0.0245098 0.01333 0.00148705 0.00280933 0.00749603 0.0124999 0.0135492 0.0148439 0.0105526 0.00225081 0.00285051 0.00738354 0.0171757 0.0218836 0.0284758 0.031773 0.0286152 0.0301273 0.0329927 0.0310475 0.0306207 0.0404434 0.0327158 0.0284168 0.0277643 0.02362 0.022245 0.0266252 0.0363578 0.0407682 0.0347085 0.023625 0.0227818 0.0204834 0.0254476 0.026748 0.0255072 0.0225474 0.0191229 0.0217752 0.0302024 0.029579 0.0286241 0.019398 0.0236907 0.00945161 0.000341512 0 0 0 0 0 
0 0 0 0 0 0 0 0 0 0.000733196 0.00349328 0.011442 0.0131368 0.01125 0.0088052 0.00955712 0.014956 0.026188 0.0199136 0.0118322 0.00529101 0.00623112 0.0053041 0.00998327 0.0185218 0.0203207 0.0056359 0.00860723 0.0190909 0.0223991 0.0222863 0.0222863 0.0247567 0.0247544 0.0279453 0.0318913 0.0266644 0.0290319 0.0468731 0.0384471 0.0321077 0.0279141 0.0229827 0.0134998 0.0190126 0.0247004 0.0289936 0.0300466 0.0259544 0.0243728 0.0227233 0.0164445 0.0149162 0.0155346 0.0259653 0.0199752 0.0223512 0.0216947 0.023711 0.0244861 0.0268773 0.0192112 0.00818993 0.000123754 0 0 0 0 0 
0 0 0 0 0 0 0 0 0 0.00058762 0.00768212 0.0135538 0.0161688 0.0153093 0.0104676 0.00828423 0.00945349 0.0146711 0.0198894 0.0237249 0.00939533 0.00920939 0.0104168 0.00869122 0.0226655 0.0255376 0.0109954 0.0150611 0.0309468 0.0260615 0.0152443 0.0140728 0.0169864 0.02732 0.0238267 0.0285434 0.0230868 0.0291535 0.0424827 0.0410587 0.0356339 0.0321806 0.0161143 0.0106859 0.0146159 0.0198259 0.0313819 0.0354582 0.0313476 0.0213974 0.0162903 0.018302 0.0136179 0.0165146 0.0225631 0.0177778 0.0182751 0.0210827 0.0261442 0.0187394 0.0194133 0.0105258 0.0019391 1.00161e-05 0 0 0 0 0 
0 0 0 0 0 0 0 0 0 0.00108681 0.00753967 0.01836 0.0432082 0.0471588 0.0180405 0.00728042 0.00313987 0.00602698 0.0133163 0.0188967 0.0109494 0.00563834 0.00856423 0.0123065 0.0157373 0.017438 0.00990297 0.0158239 0.0297996 0.0203728 0.0124279 0.0129407 0.0148399 0.0233346 0.0221095 0.0200275 0.0307138 0.0248125 0.0275907 0.0374954 0.0195902 0.02342 0.0217544 0.0186415 0.0241151 0.0229914 0.0255511 0.0416811 0.0374476 0.0224935 0.020675 0.0229212 0.0205061 0.0197535 0.0185141 0.0214685 0.0266616 0.0285257 0.0290953 0.0356763 0.033579 0.00439028 8.13174e-05 0 0 0 0 0 0 
0 0 0 0 0 0 0 0 0 0.00135371 0.0106097 0.0204255 0.0573385 0.0610858 0.0261216 0.00786213 0.00116043 0.00883247 0.0144372 0.0181552 0.0120728 0.00388827 0.00874766 0.0124263 0.0170431 0.0146354 0.00621335 0.014584 0.028456 0.0183454 0.0218985 0.0213329 0.0180476 0.0201758 0.022924 0.0236198 0.0292693 0.0227188 0.0223304 0.0217957 0.0248561 0.0303211 0.0327056 0.0283539 0.0233354 0.0269847 0.0266255 0.038332 0.0377923 0.0237911 0.0191806 0.0251566 0.0248352 0.0229055 0.0177311 0.00969254 0.0136827 0.0167248 0.0187737 0.0200789 0.00769787 7.50653e-05 0 0 0 0 0 0 0 
0 0 0 0 0 0 0 0 0 0.000210576 0.00378698 0.0122265 0.0227503 0.0273334 0.0149715 0.00374367 0.000637741 0.0067328 0.0100565 0.0106477 0.0056837 0.00576887 0.011458 0.0126879 0.0243293 0.018224 0.00857598 0.0118133 0.0271736 0.0211165 0.0251749 0.0162614 0.0110939 0.0186202 0.0216216 0.0197641 0.0199855 0.0225048 0.0217909 0.0269945 0.0235504 0.0357198 0.0403209 0.0179887 0.0115822 0.0154316 0.0198924 0.0262204 0.0229723 0.0215441 0.0170817 0.0238152 0.0333879 0.0329013 0.0248772 0.0178129 0.00610445 0.00421068 0.00596094 0.00430401 0.000317452 0 0 0 0 0 0 0 0 
0 0 0 0 0 0 0 0 0 0 0.000249112 0.00393994 0.00709939 0.00359248 0.00284076 0.000296473 0.000593642 0.00384916 0.00376488 0.00309627 0.00699937 0.0112589 0.0144478 0.0164681 0.0206047 0.0172289 0.00802611 0.0167236 0.0333918 0.0183066 0.0222113 0.0107051 0.00327232 0.00849121 0.0148527 0.0178827 0.0166641 0.0135696 0.0268085 0.0337449 0.0281267 0.0286665 0.0275257 0.0221298 0.0146715 0.0143343 0.0114793 0.0139437 0.0169499 0.0104872 0.0119336 0.0253675 0.0297339 0.0321143 0.0247646 0.0184361 0.0098256 0.000686252 0 0 0 0 0 0 0 0 0 0 0 
0 0 0 0 0 0 0 0 0 0 0 0 0.000134138 3.67183e-05 0 0 0 5.74519e-05 0.00109831 0.00372994 0.00848919 0.0204834 0.0225094 0.0222916 0.0215665 0.0129015 0.00733746 0.0262706 0.0223042 0.0128536 0.0125356 0.00689743 0.00366417 0.00716925 0.0134067 0.0156534 0.0266589 0.0182082 0.0251718 0.0199462 0.0231727 0.022632 0.0161952 0.0160687 0.01307 0.0116394 0.0139657 0.0163826 0.0112693 0.00953218 0.0115455 0.0186419 0.0263694 0.0310113 0.0200404 0.00811225 0.0045166 0.000916461 0 0 0 0 0 0 0 0 0 0 0 
0 0 0 0 0 0 0 0 0 0 0 0 0 0 0 0 0 1.50896e-07 0.00180827 0.00661285 0.00866851 0.0172517 0.0240389 0.0291153 0.019103 0.0105397 0.00905621 0.0103602 0.00842065 0.0208543 0.0225502 0.0149049 0.00510586 0.00762437 0.0135609 0.0182992 0.0370408 0.0216211 0.0163209 0.0206217 0.0239367 0.0220513 0.0214488 0.0189481 0.0200295 0.0135271 0.0136009 0.0162201 0.00799113 0.00309397 0.00977521 0.0121269 0.0222403 0.0348416 0.0175941 0.00262649 0.000193995 0.000185472 0 0 0 0 0 0 0 0 0 0 0 
0 0 0 0 0 0 0 0 0 0 0 0 0 0 0 0 0 0 0.0011771 0.00717071 0.0131682 0.0125159 0.0145985 0.0277161 0.0307935 0.0350904 0.0137814 0.0151218 0.0100368 0.0316866 0.0472685 0.0354771 0.0117531 0.00718699 0.0131915 0.0236111 0.0225672 0.0121877 0.0168545 0.0291858 0.0390115 0.0319897 0.0280508 0.019634 0.0268277 0.0230073 0.013376 0.00974056 0.00580055 0.00196904 0.00667828 0.00631743 0.0111455 0.0204234 0.00911803 0.000324001 0 0 0 0 0 0 0 0 0 0 0 0 0 
0 0 0 0 0 0 0 0 0 0 0 0 0 0 0 0 0 0.000264022 0.00468372 0.00936081 0.017177 0.0167359 0.0157056 0.017537 0.0347401 0.0354218 0.0103229 0.00764832 0.00784943 0.0122049 0.0351118 0.0364503 0.0125804 0.0137211 0.0220513 0.0228821 0.0159469 0.00912563 0.0118621 0.0268508 0.0380315 0.0353627 0.0310157 0.0160151 0.0207385 0.0254776 0.0193012 0.00707156 0.000296678 0.00390804 0.00555712 0.0070701 0.00336002 0.0040615 0.000668256 0 0 0 0 0 0 0 0 0 0 0 0 0 0 
0 0 0 0 0 0 0 0 0 0 0 0 0 0 0 0 0 6.72842e-05 0.00262986 0.0101367 0.0170963 0.0165423 0.0149442 0.0147299 0.0234652 0.0211266 0.0136457 0.00373848 0.00834241 0.0160492 0.0329695 0.0222567 0.0107481 0.0158745 0.0274145 0.0313045 0.0150853 0.0176363 0.0119891 0.019238 0.0267833 0.028777 0.029104 0.0212144 0.018345 0.0160921 0.0143907 0.00445351 0.000293077 0.000358976 0.000765523 0.00182833 0.000187489 0.000133616 0 0 0 0 0 0 0 0 0 0 0 0 0 0 0 
0 0 0 0 0 0 0 0 0 0 0 0 0 0 0 0 0 0 2.53036e-05 0.00234514 0.00539279 0.00824882 0.0139501 0.0148985 0.0175939 0.0152848 0.0111293 0.00787135 0.0191952 0.0221763 0.0194579 0.0155166 0.0118935 0.00750426 0.0214306 0.030897 0.0239436 0.0197187 0.0141351 0.0161953 0.0192852 0.0224453 0.0313634 0.028411 0.0152014 0.0139049 0.00931915 0.000796844 1.21462e-05 0 1.37025e-05 2.79089e-05 0 0 0 0 0 0 0 0 0 0 0 0 0 0 0 0 0 
0 0 0 0 0 0 0 0 0 0 0 0 0 0 0 0 0 0 0 0 0.000235502 0.000907486 0.00479263 0.00610667 0.00958413 0.00936223 0.01139 0.010967 0.0209472 0.0197343 0.016356 0.0130603 0.00965885 0.00279083 0.0123616 0.0182843 0.019195 0.0205081 0.0215856 0.0240711 0.0191685 0.0193134 0.030565 0.0155297 0.00455736 0.0055834 0.00164107 2.75887e-07 0 0 0 0 0 0 0 0 0 0 0 0 0 0 0 0 0 0 0 0 0 
0 0 0 0 0 0 0 0 0 0 0 0 0 0 0 0 0 0 0 0 0 0 8.84151e-05 0.000611081 0.00166681 0.00447263 0.0104585 0.0112171 0.016906 0.0110285 0.00409247 0.0013986 0.00142143 0.00072193 0.00439381 0.0130681 0.0142935 0.0167114 0.0197558 0.0168897 0.0128514 0.0109636 0.00668544 0.00373508 0.000830199 0.000539536 9.39574e-05 0 0 0 0 0 0 0 0 0 0 0 0 0 0 0 0 0 0 0 0 0 0 
0 0 0 0 0 0 0 0 0 0 0 0 0 0 0 0 0 0 0 0 0 0 0 0 0 3.44916e-05 0.000524061 0.00175419 0.00253139 0.00114811 2.84541e-05 2.81676e-05 0.00017816 9.87004e-05 0.00079291 0.0033396 0.00438587 0.00460267 0.00233488 0.00228001 0.00196247 0.00121154 5.11277e-06 0 0 0 0 0 0 0 0 0 0 0 0 0 0 0 0 0 0 0 0 0 0 0 0 0 0 

