0 0 0 0 0 0 0 0 0 0 0 0 0 0 0 0 0 0 0 0 0 0 0 0 0 0 0 0 0 0 0 4.18524e-06 0.000503353 0.00109793 0.00048646 0.000191501 6.15968e-06 0 0 0 0 0 0 0 0 0 0 0 0 0 0 0 0 0 0 0 0 0 0 0 0 0 0 0 0 0 0 0 0 
0 0 0 0 0 0 0 0 0 0 0 0 0 0 0 0 0 0 0 0 0 0 0 0 0 0 5.38666e-06 1.81847e-05 8.12883e-05 0.000641093 0.000669912 0.000231621 0.00327202 0.0058209 0.00761794 0.00466203 0.00367254 0.00315316 0.00273616 0.00372898 0.00021613 0.000247896 0.000144925 0 0 0 0 0 0 0 0 0 0 0 0 0 0 0 0 0 0 0 0 0 0 0 0 0 0 
0 0 0 0 0 0 0 0 0 0 0 0 0 0 0 0 0 0 0 0 0 0 0.000186646 0.00236002 0.00323604 0.0031355 0.00359569 0.00219429 0.000866792 0.00660141 0.00724186 0.00362595 0.00530052 0.0100194 0.020898 0.0150304 0.0118339 0.0119728 0.0120094 0.00920207 0.00382912 0.00685494 0.00428507 0.00079281 0.0010525 9.10421e-05 7.74858e-06 0 0 0 0 0 0 0 0 0 0 0 0 0 0 0 0 0 0 0 0 0 0 
0 0 0 0 0 0 0 0 0 0 0 0 0 0 0 0 0 0 0 0 0.000260074 0.00269364 0.0102621 0.0120681 0.0185012 0.0174855 0.00850319 0.00464723 0.00142039 0.00872117 0.0122993 0.0110687 0.0118615 0.0131885 0.0195964 0.0201267 0.0215669 0.0249287 0.0200869 0.0164649 0.0141608 0.0145467 0.0181553 0.00909403 0.00864433 0.00215452 9.67893e-05 0.00023849 0.000608258 0.000178737 0 0 0 0 0 0 0 0 0 0 0 0 0 0 0 0 0 0 0 
0 0 0 0 0 0 0 0 0 0 0 0 0 0 0 0 0 0 0 0.00028366 0.00517445 0.0192726 0.0229105 0.0153466 0.0217232 0.0196583 0.013116 0.0114665 0.00657509 0.00535429 0.00758537 0.012317 0.0101778 0.0118343 0.0116109 0.0151761 0.0190148 0.0227152 0.0156982 0.0215421 0.0182904 0.0166686 0.0143122 0.0158636 0.0123989 0.0031098 0.000498043 0.00340601 0.00483035 0.00176674 0.00176897 3.53031e-05 0 0 0 0 0 0 0 0 0 0 0 0 0 0 0 0 0 
0 0 0 0 0 0 0 0 0 0 0 0 0 0 0 0 6.3477e-05 0.000535401 0.00126654 0.00253968 0.0132975 0.0190008 0.0145667 0.0152659 0.0202873 0.0190567 0.0209914 0.0130822 0.0155056 0.0121914 0.0117786 0.0180007 0.0102995 0.0119152 0.0106891 0.0152725 0.0157637 0.0194159 0.0194018 0.0210986 0.0166958 0.0150877 0.0109978 0.0114293 0.0108802 0.00472801 0.00409269 0.00774677 0.00587206 0.00610069 0.00865185 0.00368541 0.000853786 0 0 0 0 0 0 0 0 0 0 0 0 0 0 0 0 
0 0 0 0 0 0 0 0 0 0 0 0 0 0 0 0.000477088 0.00423728 0.00544516 0.00832099 0.00867864 0.0141233 0.0153305 0.0139092 0.0155855 0.0228644 0.0170678 0.0200558 0.0119388 0.0159852 0.0168124 0.0154801 0.0135069 0.0124121 0.0117201 0.0105298 0.0105255 0.0167197 0.0231095 0.028715 0.0188857 0.0189452 0.0215787 0.0190127 0.0139854 0.0166088 0.00942589 0.00183225 0.00347672 0.00527242 0.0103713 0.0139066 0.0103002 0.00800689 0.000902967 0 0 0 0 0 0 0 0 0 0 0 0 0 0 0 
0 0 0 0 0 0 0 0 0 0 0 0 0 0 8.92871e-07 0.00269595 0.00947583 0.00924744 0.0100373 0.00982061 0.0104524 0.0148245 0.0128468 0.0174624 0.0289459 0.0236622 0.0201991 0.0154185 0.0145505 0.018639 0.0205199 0.0160256 0.0144137 0.011243 0.0126231 0.0091791 0.0113767 0.015069 0.0234384 0.0211036 0.0150181 0.0230307 0.0209368 0.0164998 0.0157206 0.0112176 0.00232186 0.000339172 0.00447573 0.0110868 0.010611 0.00984048 0.00763854 0.00469572 4.17086e-05 0 0 0 0 0 0 0 0 0 0 0 0 0 0 
0 0 0 0 0 0 0 0 0 0 0 0 0 0 5.69506e-05 0.00304302 0.00817049 0.00464783 0.0100122 0.0147266 0.0110587 0.0111804 0.00701669 0.0202497 0.0211336 0.017431 0.0164729 0.0148 0.0154912 0.0149361 0.0204008 0.0182395 0.0174546 0.0151006 0.0190644 0.0180425 0.0187809 0.013143 0.0151973 0.0183349 0.017986 0.0219474 0.0182951 0.0186077 0.0113703 0.00434128 0.00100062 0.000909066 0.0101173 0.0231079 0.021408 0.0145309 0.00788505 0.00428657 0.00233834 0.000130274 0 0 0 0 0 0 0 0 0 0 0 0 0 
0 0 0 0 0 0 0 0 0 0 0 0.000428942 0.00270752 0.00332787 0.00271078 0.00325521 0.00678292 0.00641303 0.00470394 0.00988493 0.00902488 0.0130124 0.0104949 0.0171432 0.0181667 0.0130638 0.0127786 0.0234042 0.0256241 0.0220303 0.0156802 0.0205666 0.018813 0.0155399 0.0165731 0.0197031 0.0232424 0.013806 0.0157228 0.0213952 0.0168579 0.0174194 0.0175513 0.0147484 0.00604326 0.00300466 0.00351478 0.00392625 0.0160966 0.0312161 0.0288835 0.0240726 0.0124952 0.00820822 0.00468655 0.00270649 0.00131485 0.0023012 0.000298 0 0 0 0 0 0 0 0 0 0 
0 0 0 0 0 0 0 0 0 0 0 0.0014428 0.00554245 0.00503115 0.00666177 0.0081288 0.0101893 0.0127961 0.0114088 0.0112171 0.0108396 0.0133998 0.0106089 0.0104905 0.0153677 0.01095 0.0107415 0.0185116 0.0242788 0.0263696 0.0204218 0.0187663 0.0192701 0.0192164 0.0193578 0.017703 0.0241303 0.0211777 0.0155498 0.0163658 0.0197521 0.0179082 0.0211748 0.0207864 0.00993362 0.0086404 0.00465531 0.00591654 0.0190522 0.0316432 0.0249506 0.0281385 0.0295456 0.0222945 0.0143798 0.0138045 0.0141443 0.0188519 0.00928569 0.000143596 0 0 0 0 0 0 0 0 0 
0 0 0 0 0 0 0 0 0 0 0 0.000432194 0.00294463 0.00720605 0.00661693 0.00737103 0.0108125 0.0116023 0.00955286 0.00944314 0.0118525 0.0134643 0.0156396 0.0144959 0.0172907 0.0103552 0.00946249 0.0191415 0.0199364 0.0273079 0.0249979 0.023606 0.0231625 0.0234954 0.0150784 0.0163444 0.017418 0.0200645 0.0174801 0.0175819 0.0268414 0.0147663 0.0140736 0.0160284 0.017385 0.0161682 0.00817819 0.00969977 0.0130696 0.0218499 0.022788 0.0353204 0.0340454 0.021984 0.0157531 0.0177085 0.017315 0.013961 0.00815487 0.00312222 3.70144e-05 0 0 0 0 0 0 0 0 
0 0 0 0 0 0 0 0 0 0 0 0.000473095 0.00210704 0.00706732 0.00818998 0.00920976 0.00717014 0.0073815 0.00449719 0.00469809 0.00912511 0.00838024 0.00675142 0.0108443 0.017735 0.0140325 0.0090469 0.0134216 0.0209933 0.0303448 0.025697 0.0215586 0.0240653 0.0264874 0.0260883 0.0226365 0.0231356 0.0198325 0.0213567 0.0210158 0.0232002 0.0182202 0.0173827 0.0181309 0.0170226 0.0186468 0.0135526 0.0150706 0.0165614 0.0244871 0.0228154 0.0316339 0.0287963 0.0266148 0.0166216 0.0222921 0.0232391 0.0114593 0.00721696 0.00302209 0.00283801 0.000154359 0 0 0 0 0 0 0 
0 0 0 0 0 0 0 9.29587e-06 0.0012696 0.00212336 7.36932e-05 0.000544256 0.00170838 0.00621036 0.0114409 0.00858237 0.00802771 0.0118938 0.00778846 0.00547167 0.00722545 0.00453127 0.00205572 0.00685762 0.00846444 0.0093658 0.00888684 0.0119188 0.018291 0.025261 0.0248504 0.021151 0.0215888 0.0338095 0.0348124 0.0289244 0.028248 0.0255439 0.0285445 0.0320208 0.0354967 0.0230409 0.0234362 0.0219895 0.0196623 0.0196259 0.0196022 0.0184532 0.0183069 0.0255064 0.0225564 0.0212724 0.0266551 0.0181899 0.013884 0.02144 0.0244092 0.0112981 0.00851273 0.00603265 0.00720663 0.00455896 0.000150174 0 0 0 0 0 0 
0 0 0 0 0 0 0 0.00024788 0.0122241 0.013536 0.000769414 0.00281057 0.00878011 0.00993524 0.0151173 0.0158069 0.0105594 0.00723745 0.00424387 0.00302128 0.00402119 0.00150581 0.00213849 0.00546638 0.00756062 0.00930184 0.0102103 0.00823107 0.0206158 0.0221723 0.0192636 0.0256157 0.0178263 0.0251956 0.0410434 0.0356607 0.0304051 0.0340302 0.0336445 0.0265639 0.024726 0.0271211 0.0270292 0.0190175 0.013335 0.0199678 0.0189035 0.0208633 0.0188075 0.0213564 0.0205193 0.0213905 0.0256073 0.0165821 0.0142172 0.0175696 0.0180553 0.012447 0.0139437 0.0122938 0.0102478 0.0106 0.000934256 0 0 0 0 0 0 
0 0 0 0 0 0 0 5.72385e-05 0.004036 0.00555734 0.00144165 0.00670659 0.0177676 0.0208664 0.0175975 0.0198566 0.0180463 0.00971326 0.00858847 0.0109932 0.00466346 0.000455558 0.0100894 0.0190197 0.0122209 0.00806901 0.00849116 0.00727329 0.00902069 0.0193095 0.0188767 0.0280612 0.0245764 0.0196111 0.0308978 0.037156 0.0315609 0.0306993 0.0404919 0.0305576 0.0272662 0.0339322 0.0236524 0.0142853 0.0138067 0.0200432 0.0220581 0.0146466 0.015705 0.0148199 0.0193472 0.018739 0.0202444 0.0147381 0.0119701 0.0126812 0.0229608 0.0240449 0.0177181 0.0114957 0.0120496 0.0130843 0.00492035 0.000846978 0 0 0 0 0 
0 0 0 0 0 0 2.23574e-05 0.000326449 0.000215469 0.00172392 0.00670818 0.0106471 0.0173676 0.0259046 0.0190942 0.0216709 0.0238688 0.0163403 0.00840514 0.0103123 0.00528425 0.00222197 0.00952276 0.0147723 0.0202318 0.0115258 0.00535839 0.00653253 0.00847085 0.0203745 0.0170447 0.0243996 0.0297549 0.0232378 0.0298527 0.037201 0.0264706 0.0249345 0.023222 0.0242486 0.0273547 0.0264168 0.0186543 0.0191808 0.0234366 0.0177171 0.0208234 0.0241991 0.0228431 0.0122576 0.0169649 0.0225404 0.0237344 0.0200018 0.0191678 0.0128744 0.0298135 0.0359566 0.0219821 0.0175026 0.0114816 0.0184559 0.0152451 0.00564212 6.07991e-06 0 0 0 0 
0 0 0 0 0 0 0.00076476 0.00716088 0.00669222 0.00982543 0.015606 0.0200802 0.0219526 0.0208592 0.0180821 0.0180095 0.0199525 0.0168736 0.0110366 0.00836563 0.00367919 0.00134747 0.00679878 0.0166458 0.0140842 0.0149634 0.0138658 0.0110191 0.00441126 0.010807 0.0169499 0.0347217 0.0338651 0.0245194 0.024315 0.0238974 0.0173969 0.0260031 0.0275666 0.0257854 0.030296 0.0232674 0.0250949 0.0222326 0.0226875 0.0208413 0.0167044 0.0189557 0.0145243 0.0129239 0.0129714 0.0287833 0.0324298 0.0202604 0.0199696 0.0188289 0.0221333 0.0268887 0.0251856 0.0208163 0.0214143 0.0254706 0.0226855 0.011394 0.00104473 0 0 0 0 
0 0 0 0 0 3.87508e-05 0.00255166 0.00916778 0.0134372 0.014346 0.0193847 0.019691 0.0258903 0.0202024 0.015337 0.0142957 0.0126641 0.0116387 0.0165736 0.00974303 0.00520323 0.00424956 0.00951989 0.0179606 0.0167416 0.0188288 0.0144208 0.0105308 0.00626128 0.0109128 0.0195898 0.0289816 0.0293419 0.0244765 0.0220107 0.0233702 0.0213716 0.0281798 0.028962 0.0239716 0.0273549 0.0295729 0.0334185 0.036008 0.0305169 0.0295528 0.0140656 0.0148863 0.0112173 0.0175061 0.018592 0.0261301 0.0286083 0.0215874 0.0179852 0.0208365 0.0246665 0.019603 0.0194806 0.0186311 0.0198658 0.0269927 0.0230791 0.0140144 0.00147616 0 0 0 0 
0 0 0 0 0 7.13409e-07 0.000783726 0.00444239 0.01568 0.015397 0.0160261 0.0163834 0.0187369 0.0129847 0.0141765 0.0139604 0.0128976 0.0185275 0.018576 0.0126336 0.0125345 0.0110825 0.0168401 0.0162418 0.0175946 0.0161131 0.0153041 0.00844157 0.00338345 0.0107033 0.0231109 0.0237257 0.0226331 0.0193265 0.0278674 0.0311973 0.029335 0.0299757 0.0353343 0.0254488 0.0222217 0.0288624 0.0277326 0.0298519 0.031446 0.0243513 0.0194997 0.0150494 0.0161035 0.0199983 0.0244554 0.0223201 0.0196773 0.0178678 0.0201914 0.0245227 0.0282676 0.0221147 0.0198451 0.0179029 0.0207268 0.0225101 0.0217308 0.00855646 0.00143844 0.000219052 0 0 0 
0 0 0 2.36102e-05 0.00189498 0.0053201 0.00676287 0.00702005 0.0136543 0.0149884 0.013482 0.0128719 0.0168315 0.0124358 0.0164335 0.0183976 0.0141972 0.0229508 0.0190647 0.0156437 0.0166727 0.016104 0.0197626 0.017557 0.0148985 0.0135245 0.00958332 0.00625088 0.00489949 0.00894296 0.0179641 0.0161299 0.0188934 0.026276 0.0375908 0.0351195 0.0337062 0.0292757 0.0311919 0.0263951 0.0232494 0.0250634 0.0240706 0.0247905 0.0332459 0.0263727 0.0221559 0.019352 0.025017 0.0231064 0.0288295 0.0178454 0.0173952 0.0154258 0.0213948 0.024046 0.0291129 0.0257996 0.0158274 0.0153645 0.0215689 0.025642 0.0211707 0.00773283 0.000536 3.10412e-05 0 0 0 
0 0 1.09195e-06 0.00178962 0.0089936 0.0138051 0.0128766 0.011846 0.0136395 0.0145168 0.0167348 0.0182512 0.0175241 0.013396 0.0175552 0.0173705 0.0191257 0.0233263 0.0227043 0.0206998 0.0197328 0.0227982 0.020017 0.0151595 0.0169133 0.0159299 0.0109898 0.0074691 0.00956671 0.0117766 0.0171161 0.020631 0.032068 0.0464509 0.0393561 0.0362249 0.0261445 0.0220906 0.0290025 0.0305492 0.0296383 0.0323892 0.0285959 0.0226203 0.0272028 0.023757 0.0171693 0.0249177 0.0269106 0.0251935 0.0226788 0.0177462 0.0249939 0.0184353 0.0181975 0.0245627 0.0269438 0.0208829 0.0177203 0.022913 0.0217292 0.0239944 0.0178813 0.00433938 0.00515791 0.00409051 0.000278266 0 0 
0 0 2.84371e-06 0.00545448 0.0149632 0.0149201 0.0126285 0.0124362 0.0159024 0.016336 0.0140717 0.019197 0.0176373 0.0181698 0.0224324 0.0187901 0.0152721 0.0192547 0.0242583 0.0281742 0.0178878 0.0176292 0.0179187 0.0207746 0.0180479 0.0191174 0.0192855 0.0144617 0.0136339 0.0118497 0.0221799 0.0259666 0.0544777 0.0599673 0.03822 0.034953 0.0197126 0.0213626 0.0293413 0.0290977 0.0315735 0.0337802 0.0312005 0.0278108 0.0302614 0.0266303 0.0275261 0.0335375 0.0404528 0.0273196 0.0197317 0.0211675 0.0177387 0.0204815 0.0203253 0.0230544 0.0228173 0.0205707 0.0159948 0.0185051 0.0261992 0.0310041 0.0235824 0.00941878 0.0138994 0.015027 0.00326657 0.000114677 0 
0 0 0.000867378 0.0078308 0.00862654 0.0106364 0.0117072 0.0141944 0.0163452 0.0146769 0.0168744 0.0139365 0.0239565 0.0225208 0.0269339 0.0171196 0.0142318 0.0205686 0.0211596 0.0198672 0.0162196 0.015957 0.0186548 0.0217625 0.0207287 0.0219132 0.0201864 0.0272298 0.020979 0.0195513 0.0177975 0.0346979 0.043555 0.048174 0.0369416 0.0242613 0.0180595 0.0218133 0.0272972 0.029409 0.0294841 0.0257062 0.0224706 0.0229094 0.0259666 0.0257783 0.0322082 0.02814 0.0351718 0.0404324 0.0354314 0.0271194 0.0207617 0.0165992 0.028474 0.0287418 0.0259368 0.0220807 0.0260951 0.0266959 0.0305652 0.0276274 0.020543 0.0109578 0.0222139 0.0229007 0.00773576 0.000336937 0 
0 0 0.00111138 0.00583657 0.00271216 0.00426766 0.0024163 0.00908008 0.0149933 0.010097 0.0134725 0.0151153 0.0199676 0.0219459 0.0214005 0.0172816 0.0144416 0.0178764 0.0186166 0.0228127 0.0220125 0.0197284 0.0184451 0.0182122 0.0213952 0.0269668 0.0185451 0.0222917 0.0186523 0.0210007 0.0248075 0.0315329 0.0324695 0.0218278 0.0271394 0.0242311 0.020308 0.0254177 0.0276254 0.0309709 0.0420387 0.0252697 0.0273031 0.0211316 0.0277757 0.0320599 0.0292454 0.0288255 0.0301622 0.0552696 0.0523145 0.0276481 0.017141 0.0130337 0.0216845 0.0367358 0.0334157 0.0247371 0.0380951 0.0624487 0.0385035 0.0162489 0.014256 0.00919924 0.0115203 0.0182627 0.0166902 0.00251868 0 
0 0 0.00255779 0.00270577 0.00219341 0.00232471 0.00146959 0.00556714 0.0114751 0.00801645 0.00967302 0.0169141 0.0155376 0.0136426 0.0162134 0.017797 0.016383 0.0191002 0.0244239 0.0332724 0.0310741 0.0195819 0.0198973 0.019846 0.0192511 0.023807 0.0238657 0.0202422 0.016143 0.0193571 0.0206661 0.025621 0.0240077 0.0243724 0.0186115 0.0176347 0.0188922 0.0238881 0.0278258 0.0339181 0.0362235 0.0314879 0.0273452 0.0168054 0.0177312 0.0244089 0.0290623 0.0284974 0.026438 0.042997 0.0542558 0.0294061 0.0149961 0.010181 0.015284 0.0181164 0.0195343 0.0283968 0.0397112 0.0744793 0.04291 0.0159016 0.0193325 0.0124668 0.0111818 0.0136983 0.0180171 0.00722395 0.000164557 
0 0 0.00038689 0.00166028 0.00292644 0.00106508 0.00451202 0.00650082 0.0125799 0.012148 0.0128466 0.0158039 0.0155559 0.009606 0.0137881 0.0173389 0.0188284 0.0172364 0.0183189 0.0218514 0.0245923 0.0180902 0.0183213 0.0202015 0.0124431 0.0153875 0.0222762 0.0215213 0.020153 0.0207885 0.0165636 0.0195736 0.0165026 0.0226125 0.0212162 0.0157067 0.0211921 0.018258 0.0219514 0.0308731 0.0297511 0.0281764 0.0299173 0.0204793 0.0271688 0.0242973 0.0304715 0.0291454 0.0284087 0.0355634 0.0333346 0.0289982 0.0264811 0.0225643 0.0146653 0.00774842 0.0131197 0.0207683 0.0246361 0.0415882 0.030737 0.0221355 0.0207045 0.015349 0.0183268 0.0223599 0.0206607 0.0120621 0.000253665 
0 0 0 0.000335852 0.0015256 0.00924132 0.0117713 0.00908054 0.00924365 0.0146064 0.0186316 0.0150976 0.0208985 0.0146112 0.0208167 0.0252351 0.0185269 0.0221116 0.0168594 0.0223145 0.0233295 0.0205495 0.0173535 0.0186045 0.0131497 0.0155619 0.0169322 0.0199092 0.025546 0.0194466 0.0152323 0.0142587 0.0110294 0.0205427 0.0293293 0.025484 0.0243533 0.0212063 0.0251853 0.0339389 0.0356508 0.0366982 0.0404344 0.0378064 0.0364855 0.0310443 0.0328486 0.0280102 0.0209033 0.0190431 0.0254491 0.0304612 0.0282123 0.0372544 0.0250782 0.0166522 0.0121104 0.0158404 0.0210711 0.0221259 0.0171583 0.0256465 0.0175597 0.0204758 0.0277987 0.0314802 0.0325883 0.0138927 0.000833479 
0 0.000286395 0.0012761 0.00257509 0.00562672 0.00929185 0.0130166 0.0106349 0.0123845 0.0105767 0.0128306 0.0226393 0.0236992 0.0137116 0.0144154 0.0182198 0.0204701 0.0221015 0.0238148 0.0260333 0.0220027 0.0248366 0.0198671 0.0160506 0.014011 0.0118659 0.0136421 0.015348 0.0248751 0.0187075 0.0185773 0.0180076 0.0192068 0.0206194 0.0213594 0.0219268 0.0306641 0.0239238 0.0185278 0.0298274 0.0344178 0.0436771 0.0504776 0.0579933 0.0408952 0.0292387 0.0256055 0.0294733 0.0197682 0.0181456 0.0239506 0.0307504 0.0314431 0.033998 0.027067 0.0163969 0.0104135 0.0182971 0.0221414 0.0208937 0.0161774 0.0232348 0.0259349 0.0279275 0.0357692 0.0299432 0.0340475 0.0130405 0.000978888 
0 0.00153759 0.00520496 0.0070431 0.00661353 0.00242837 0.0030717 0.0101542 0.0166075 0.0133872 0.010598 0.0169284 0.0168113 0.0185429 0.0115087 0.0118176 0.01665 0.0200316 0.02414 0.024946 0.018805 0.0180952 0.0200831 0.0139026 0.0168811 0.0180867 0.017817 0.0140562 0.0214186 0.0165669 0.0186041 0.0277786 0.0292817 0.0238656 0.0259777 0.0215943 0.0268002 0.0210145 0.0217453 0.0307221 0.0376881 0.0376365 0.0487344 0.0602179 0.0431678 0.0294987 0.0245094 0.0281906 0.0229117 0.0266884 0.0303241 0.0392587 0.0325681 0.0323755 0.0285566 0.0161342 0.0115515 0.0209954 0.0200876 0.0170745 0.019619 0.0247584 0.0276904 0.0248586 0.0274796 0.0246099 0.0296749 0.0172838 0.00332488 
0 0.000447625 0.00729013 0.00998438 0.0056431 0.00425244 0.0039433 0.00920818 0.017948 0.0122528 0.0116807 0.0160964 0.0170382 0.0202777 0.01475 0.0175586 0.017875 0.0178618 0.0193864 0.0181697 0.0184526 0.0189526 0.0176912 0.0144768 0.0160249 0.016361 0.0196895 0.0157752 0.0203369 0.0236701 0.0216244 0.0233226 0.0259353 0.0272393 0.0217314 0.018064 0.0245456 0.0196153 0.0243262 0.025415 0.0318017 0.0340312 0.0320236 0.0439352 0.0450414 0.0350524 0.023773 0.0190236 0.0190276 0.0263194 0.0337934 0.0346483 0.0316158 0.0355137 0.0265328 0.0119743 0.0154936 0.016985 0.0222891 0.0157225 0.020366 0.0258759 0.0275908 0.0199702 0.0240931 0.0343315 0.0344423 0.0299794 0.00859759 
0.000198079 0.000217818 0.00452864 0.00595796 0.00419328 0.00723495 0.00911819 0.00832027 0.0129732 0.0139881 0.0131318 0.01789 0.0185356 0.00977924 0.00993255 0.0145864 0.0231084 0.024257 0.021513 0.0165286 0.0187447 0.0176683 0.016068 0.0165445 0.013376 0.0168012 0.0220948 0.0126858 0.0188509 0.0234861 0.0206249 0.022317 0.0162587 0.0212083 0.0144946 0.0127871 0.0226551 0.0220206 0.0301034 0.0320083 0.040761 0.0333828 0.0276554 0.0335769 0.0375798 0.0336291 0.018012 0.01898 0.0181218 0.0243815 0.02611 0.0272746 0.030301 0.0321036 0.0224374 0.0148727 0.0157707 0.0160423 0.0227998 0.0159329 0.0151516 0.0239616 0.0290207 0.0251512 0.0274484 0.0309697 0.0346322 0.0324916 0.0103765 
0.000288298 0 0.000732625 0.000794972 0.00607392 0.0142331 0.013527 0.010599 0.0118585 0.0140428 0.0112509 0.0138929 0.017833 0.0167878 0.0123673 0.0165336 0.0238388 0.0207673 0.0189235 0.0186638 0.0214445 0.0193011 0.0214811 0.0213006 0.0184005 0.020132 0.0228949 0.0172676 0.0133551 0.0126908 0.0238738 0.0244423 0.0201234 0.0222592 0.0191293 0.0174421 0.0203841 0.0177926 0.0292835 0.0362769 0.0340005 0.0231091 0.0240134 0.0259318 0.0252575 0.0241084 0.0232469 0.0256395 0.025822 0.0267655 0.0220986 0.0250278 0.0330701 0.0312244 0.0344655 0.0299699 0.0297697 0.0280572 0.0289504 0.0286766 0.0229414 0.0333089 0.0277516 0.0224838 0.023741 0.029922 0.0369171 0.0299296 0.00953038 
4.69476e-05 0.000968023 0.00455615 0.00742353 0.0147176 0.0204952 0.011726 0.00996179 0.0135161 0.0119613 0.0136975 0.0160968 0.0159247 0.0198757 0.015794 0.0160191 0.0228251 0.0260024 0.0173758 0.0238192 0.0229922 0.0239738 0.0243142 0.0272595 0.0255705 0.024174 0.0193035 0.0239145 0.016838 0.0180194 0.0288941 0.0204704 0.0212802 0.020363 0.0219451 0.0231483 0.0215608 0.0191893 0.0320316 0.0333362 0.0354872 0.0319162 0.0407576 0.048035 0.042643 0.032648 0.0320756 0.0225695 0.0254347 0.0217058 0.0169178 0.0238124 0.0279008 0.0240187 0.0337001 0.0470316 0.0440035 0.0342523 0.0231354 0.0329983 0.0292955 0.0287597 0.0223123 0.0201851 0.0221773 0.0315122 0.0355474 0.0240207 0.00435248 
0 0.0020775 0.00864152 0.0143142 0.0157783 0.0134144 0.0150468 0.0190732 0.0128429 0.0171123 0.0185802 0.018144 0.0152073 0.0214519 0.0171494 0.0263699 0.0309561 0.0232268 0.0197124 0.0134973 0.0140757 0.0207116 0.0207707 0.0219168 0.0266353 0.0224947 0.0200032 0.023121 0.0221664 0.0212539 0.0195441 0.0206279 0.0167448 0.0194299 0.0222975 0.0212822 0.0228958 0.0160537 0.0255728 0.0300822 0.033615 0.038679 0.0462063 0.0499631 0.0528627 0.0448089 0.0309907 0.0259308 0.0289186 0.0325426 0.0231825 0.0327848 0.039476 0.0370546 0.035483 0.0531427 0.0509185 0.029175 0.0179432 0.0324967 0.0325101 0.0269094 0.0184519 0.0155236 0.0197144 0.0245249 0.0325981 0.0274725 0.00574727 
0.000383353 0.00624058 0.00667442 0.0109888 0.0187184 0.00927198 0.020126 0.0222757 0.0167656 0.0180274 0.0132129 0.0176435 0.0211216 0.0191993 0.0186572 0.0213626 0.0243008 0.0223325 0.0175288 0.0154049 0.016589 0.0145535 0.0173133 0.02239 0.0191705 0.0221447 0.0216921 0.0201665 0.018402 0.0161641 0.0182877 0.0204086 0.0144954 0.0211575 0.0225216 0.0204532 0.045916 0.036092 0.0271716 0.0248122 0.0327229 0.0351812 0.0518815 0.0487154 0.0472744 0.0748045 0.038811 0.0275254 0.0286703 0.0389297 0.0351151 0.0307514 0.0393519 0.0454213 0.0477632 0.0427225 0.0364286 0.0317806 0.0211346 0.0270244 0.032112 0.0254842 0.0159212 0.0206845 0.0212457 0.0201852 0.0268197 0.0148505 0.00347807 
0.000514808 0.00549979 0.00407156 0.00992138 0.0178045 0.0103857 0.0174882 0.0223603 0.0172952 0.0246311 0.0207042 0.0222127 0.0238904 0.0215182 0.0250877 0.0193494 0.0194783 0.0172959 0.0163767 0.0156986 0.0239456 0.0204462 0.0152052 0.0150772 0.015662 0.0193196 0.0197588 0.0129972 0.0128779 0.012033 0.0161439 0.022126 0.0152396 0.0171135 0.0246967 0.0255928 0.0499456 0.0673409 0.0437445 0.0271777 0.034507 0.0339754 0.0435252 0.0403417 0.0360282 0.0552849 0.036941 0.0291563 0.0337711 0.034333 0.0348217 0.0304317 0.0346442 0.03628 0.0384098 0.0428914 0.0345326 0.0429357 0.0417441 0.0292377 0.0247056 0.0252052 0.0164211 0.0139292 0.0227944 0.0282937 0.030396 0.017427 0.00350704 
0 0.00224115 0.00239205 0.00438983 0.0131303 0.0115064 0.0154967 0.0178512 0.0233764 0.0239537 0.0207306 0.0239794 0.0227868 0.0231218 0.0205679 0.0207789 0.0165416 0.0164879 0.0204067 0.020789 0.0239056 0.0222579 0.0189281 0.0195223 0.0181043 0.0153896 0.0156478 0.0208195 0.0149509 0.0144798 0.0186875 0.0198856 0.0181474 0.018296 0.027101 0.0436726 0.0690004 0.0418398 0.0270774 0.0214524 0.0254639 0.0324274 0.0374602 0.0338286 0.0287489 0.0367656 0.0462666 0.0348824 0.0321342 0.0436554 0.0443415 0.0316306 0.0255879 0.03239 0.031531 0.0306808 0.0380542 0.0417581 0.044548 0.0236462 0.0242234 0.0263316 0.0162836 0.0111499 0.0180643 0.0167178 0.0228147 0.0143593 0.00227965 
0 0.000147356 0.00102877 0.00581444 0.0173196 0.0122956 0.011788 0.0172115 0.0241002 0.0227053 0.0192672 0.0223903 0.0195191 0.0201007 0.0204792 0.0215331 0.0168876 0.0160393 0.0228407 0.0178113 0.0202474 0.0294656 0.0280229 0.0273985 0.0198631 0.0174114 0.0183107 0.021555 0.0177852 0.0181307 0.0186195 0.0186346 0.0211915 0.0208696 0.0285969 0.0631015 0.0751177 0.0370961 0.0316683 0.0233809 0.0268483 0.0257103 0.0264736 0.0281426 0.0190164 0.0230457 0.0266651 0.0344175 0.0474871 0.0403423 0.0297757 0.0206732 0.0189967 0.026295 0.0388952 0.0408206 0.0325373 0.0248127 0.0297423 0.0227256 0.0230159 0.0233803 0.0277104 0.017829 0.0166242 0.0203007 0.0152637 0.00892444 0.000836026 
0 0 0.00149052 0.00547491 0.0150693 0.0201369 0.020161 0.0164574 0.0245819 0.0259877 0.0257698 0.0224583 0.0198251 0.0168038 0.0158804 0.0243831 0.0190044 0.0215791 0.0222552 0.0269622 0.0274356 0.0248663 0.0273856 0.0194074 0.0207598 0.0210727 0.0253367 0.0293102 0.0220326 0.0209705 0.017752 0.0200259 0.0218931 0.0218931 0.0324286 0.0663336 0.069769 0.0405105 0.0382763 0.0397259 0.0316093 0.0218611 0.0197222 0.0173708 0.0167257 0.0263825 0.0260475 0.0223786 0.022081 0.0357264 0.0232742 0.0116017 0.0163762 0.0174471 0.0257744 0.0227333 0.0186575 0.0249448 0.0369576 0.0296022 0.0241824 0.0237373 0.0288374 0.0249372 0.0244867 0.0235787 0.0165379 0.00368788 0.000645154 
0 0 0.000696957 0.00576663 0.0101823 0.0207338 0.028914 0.0242065 0.0196963 0.0252704 0.0238434 0.0200255 0.0187792 0.0215384 0.0199577 0.0187306 0.0192637 0.0241434 0.0214612 0.025888 0.0237978 0.0215611 0.0238945 0.021217 0.0207344 0.0227819 0.0265065 0.0371263 0.0277315 0.0217963 0.0197297 0.0170057 0.0219533 0.0240878 0.0379558 0.0370317 0.0266244 0.0253189 0.0273373 0.029228 0.02074 0.0197399 0.016124 0.0128558 0.0242474 0.0252725 0.0279372 0.0348787 0.0270391 0.0316718 0.0198843 0.0129206 0.0114359 0.0158635 0.0176237 0.0208987 0.0193213 0.0198613 0.0333115 0.0358056 0.0296747 0.036061 0.0267887 0.0233781 0.0208553 0.0211651 0.02254 0.00753906 0.000914058 
0 0.000589407 0.00491635 0.00944882 0.0106275 0.0167911 0.0231141 0.0252872 0.0192586 0.0176346 0.0191295 0.0271917 0.0196435 0.0177171 0.0225911 0.0266316 0.0210426 0.02073 0.0225169 0.0227617 0.0188968 0.0248321 0.0263892 0.0206289 0.0240081 0.0203966 0.0224693 0.0297513 0.0256741 0.0130499 0.0190651 0.0145936 0.0126891 0.0194053 0.0281316 0.0264407 0.0234769 0.0230295 0.0249493 0.02134 0.0185167 0.0222128 0.0150297 0.0234201 0.0250374 0.0276477 0.0383623 0.046406 0.0258683 0.0172672 0.0166522 0.0178928 0.020173 0.0189886 0.0198722 0.0314749 0.037113 0.030159 0.0342176 0.063784 0.0355266 0.0276577 0.0227 0.0217344 0.016594 0.0211982 0.0200135 0.0108679 0.00221095 
0 0.00132404 0.00741692 0.011459 0.0137646 0.0154593 0.0187952 0.0277273 0.0254022 0.0213969 0.0248337 0.0237684 0.0196934 0.0184509 0.0176512 0.0182374 0.0192574 0.0174401 0.0216136 0.0169437 0.0171183 0.019991 0.0230054 0.0267419 0.0204714 0.0179487 0.0204222 0.0180968 0.0178016 0.0148142 0.0186911 0.0146509 0.0148066 0.017608 0.023918 0.0206006 0.0236994 0.0242512 0.0208605 0.0234351 0.0197088 0.0230292 0.0233141 0.0428255 0.0382711 0.0302233 0.026998 0.0219682 0.0144445 0.0163113 0.0200769 0.0305631 0.0259201 0.0226265 0.0229706 0.0226155 0.0326125 0.0363363 0.0371403 0.0395578 0.0311858 0.0309383 0.029618 0.0277135 0.0296414 0.0281501 0.0157179 0.00705579 0.00207096 
0 0.000272463 0.00380533 0.0108077 0.0143493 0.0129903 0.0157579 0.021489 0.0251524 0.0194533 0.0206402 0.0217781 0.0213255 0.0215159 0.0184275 0.0199429 0.0189508 0.0178988 0.0198089 0.0193244 0.0209324 0.0242338 0.0358692 0.0281753 0.0183861 0.016895 0.0186915 0.0159877 0.02015 0.0141807 0.0136042 0.0177795 0.0226136 0.0179726 0.0199341 0.0214061 0.0261559 0.0258406 0.0186123 0.0181599 0.0219934 0.0259848 0.0325853 0.0329885 0.0262748 0.0190415 0.0156398 0.0147975 0.0186232 0.0199109 0.0289178 0.0298177 0.0251524 0.0226009 0.0206594 0.0243653 0.0275315 0.0241872 0.0231184 0.0243487 0.0252921 0.0272128 0.0295896 0.0314876 0.0344929 0.0291655 0.0187936 0.00350316 1.56453e-06 
0 7.94719e-05 0.00293316 0.00952855 0.0118349 0.0120872 0.0200487 0.0191135 0.0153937 0.0149019 0.0158814 0.0198611 0.0232205 0.0212366 0.0149091 0.0208993 0.017661 0.0203748 0.0218652 0.0270634 0.0291452 0.0345366 0.0509864 0.0265992 0.0214548 0.0230262 0.0212275 0.0230483 0.0176494 0.0181476 0.0179914 0.0209179 0.018702 0.0178631 0.0167582 0.0195641 0.023245 0.0201889 0.0251401 0.0259866 0.0219177 0.0225824 0.0272901 0.017853 0.0224669 0.0220746 0.0227668 0.0208851 0.0220925 0.0192111 0.0291896 0.0315537 0.0138471 0.0134658 0.0186026 0.0272985 0.0234922 0.0208668 0.0247952 0.0250501 0.02493 0.0229932 0.0229698 0.0441441 0.0426858 0.0295878 0.0244914 0.00706363 7.78115e-06 
0 0 0.00323935 0.016749 0.0181983 0.012176 0.00768425 0.00556005 0.00677776 0.0129448 0.0172443 0.0196619 0.0236893 0.0188176 0.0138924 0.0185098 0.0229129 0.0172589 0.0190485 0.0280138 0.0300142 0.0275275 0.040112 0.032652 0.0232567 0.0187974 0.0210106 0.0230988 0.0194103 0.0176339 0.0176342 0.019709 0.0248221 0.0280673 0.0216432 0.0177094 0.0232875 0.0241267 0.0340401 0.044459 0.0423976 0.0209939 0.0218231 0.019359 0.0242006 0.0340568 0.0314304 0.0217998 0.024606 0.0142354 0.0139103 0.0150984 0.0179652 0.0122369 0.0258007 0.0264555 0.0215036 0.0186237 0.020261 0.0222322 0.0207744 0.0252625 0.0289912 0.0329381 0.0288172 0.0183933 0.0138239 0.00313365 0 
0 0 0.00101457 0.0117127 0.0162288 0.00562947 0.00303064 0.00640433 0.00925631 0.0148176 0.0192925 0.0203269 0.0234129 0.0180229 0.0200339 0.0161352 0.0122615 0.0131142 0.0177026 0.0237867 0.0258856 0.0353541 0.0393847 0.0284555 0.0188413 0.0220796 0.0299264 0.0242619 0.0251278 0.0229454 0.0227086 0.015208 0.0304646 0.0280242 0.0199073 0.0181871 0.0238215 0.0232742 0.024074 0.0397434 0.0422313 0.0246855 0.0186575 0.0211668 0.0262676 0.0401687 0.0522944 0.0290355 0.0152977 0.0125158 0.0111972 0.00719203 0.017254 0.0215151 0.0216159 0.0314146 0.0256412 0.0224388 0.0240777 0.0237416 0.0230823 0.0221955 0.0270101 0.0218086 0.0190189 0.018868 0.00831276 0.000457836 0 
0 0 0.000211018 0.00576072 0.010356 0.00669252 0.00669042 0.0121092 0.013225 0.0185834 0.0208555 0.0201202 0.0227179 0.0204956 0.0160682 0.015613 0.0144555 0.0126608 0.0117304 0.0113058 0.019517 0.025426 0.0229409 0.0291795 0.0209794 0.0334973 0.0270757 0.0212822 0.0252768 0.025964 0.0224811 0.0169468 0.0228388 0.0270215 0.0184975 0.0214295 0.0273663 0.026891 0.0229828 0.0187844 0.0213595 0.022809 0.0181661 0.0223803 0.0294325 0.0313973 0.0392574 0.0312498 0.0196512 0.0185559 0.0149807 0.0183026 0.0271082 0.031951 0.026403 0.032847 0.03397 0.0262966 0.0282323 0.0288169 0.0173546 0.0135073 0.0152725 0.0140231 0.0116235 0.0102694 0.00341886 7.75639e-06 0 
0 0 0 0.000577953 0.00318331 0.00620672 0.0123408 0.0111885 0.011879 0.018827 0.0189928 0.0169517 0.022394 0.0153262 0.0159581 0.0215112 0.0195938 0.0169656 0.0172112 0.0180637 0.018233 0.017785 0.0173795 0.0234049 0.0284741 0.0425317 0.0310494 0.021424 0.0246733 0.0248225 0.0163717 0.0187768 0.0215087 0.0266238 0.0192423 0.0168312 0.0201202 0.0203091 0.0262609 0.0166262 0.0157371 0.0210741 0.0266325 0.0313963 0.0260504 0.0273255 0.0256248 0.026988 0.021104 0.0160953 0.0146922 0.022921 0.0315547 0.0262126 0.0248195 0.0258794 0.0255367 0.0236542 0.0340082 0.0303176 0.0180975 0.00901928 0.0145265 0.0230531 0.0196224 0.00234575 7.05541e-05 0 0 
0 0 0 0 8.86651e-05 0.00434989 0.0117428 0.0169492 0.0196898 0.026021 0.0205965 0.0177528 0.0174994 0.0236913 0.0261447 0.0263951 0.0236052 0.0220774 0.0259044 0.0209709 0.0217846 0.0245853 0.0182818 0.0148453 0.0289883 0.0305216 0.0294946 0.0258847 0.0333128 0.0253041 0.0112931 0.017065 0.02294 0.0296911 0.0272318 0.0158189 0.0158331 0.0233821 0.0232994 0.0240568 0.0237365 0.0241144 0.0295009 0.0327424 0.0223281 0.025471 0.0188924 0.0172776 0.0140865 0.00967419 0.0201822 0.025598 0.0248579 0.0243339 0.0263649 0.0219366 0.0183108 0.0216071 0.0358803 0.0322046 0.0186977 0.00645183 0.0163742 0.026051 0.018625 0.00297412 0 0 0 
0 0 0 0 0 0.00405641 0.0161651 0.0178272 0.0137337 0.011654 0.0139875 0.0178512 0.0181415 0.0216868 0.0197909 0.0174297 0.0219314 0.0222196 0.0183203 0.0261242 0.0265059 0.020306 0.0110127 0.00953303 0.021823 0.0221304 0.0208658 0.0299215 0.0384084 0.0219962 0.0165583 0.0188531 0.0222985 0.0298676 0.0317612 0.0251425 0.0236849 0.0244274 0.0180686 0.0214979 0.0291893 0.0210027 0.0182391 0.0197161 0.0237002 0.0171656 0.0175058 0.0195855 0.0237875 0.0166712 0.01845 0.0285732 0.0278739 0.0299986 0.022572 0.0115618 0.0127719 0.0215956 0.0250382 0.0272921 0.0195387 0.0106993 0.0136723 0.00993607 0.00560269 0.000494303 0 0 0 
0 0 0 0 0 0.000475755 0.00427017 0.00454212 0.00157609 0.00167874 0.00884756 0.0202227 0.0223142 0.0206163 0.00957018 0.0142786 0.0134836 0.0116414 0.0152602 0.0177748 0.0118785 0.00524042 0.00385219 0.00332187 0.0130096 0.0294596 0.033538 0.0449018 0.0318154 0.0264785 0.0240505 0.0243328 0.0241937 0.0274316 0.0311884 0.0328815 0.0279687 0.0253202 0.02031 0.0231776 0.0281382 0.0209528 0.0177984 0.0187495 0.0181193 0.0195033 0.0236041 0.0198062 0.021889 0.0221457 0.0172955 0.0153371 0.0170848 0.0176631 0.0159559 0.0108967 0.0150739 0.0229159 0.021001 0.0152309 0.00964839 0.00577497 0.00615751 0.00404181 0.00453867 0.000111218 0 0 0 
0 0 0 0 0 0 0.00978608 0.0239635 0.00987942 0.000739434 0.00495239 0.0215199 0.0402032 0.026736 0.0147351 0.0271612 0.0268373 0.0204069 0.00372003 0.00172595 0.000302162 0.000444482 0.0001548 0.000792188 0.00936596 0.021411 0.022467 0.0251147 0.0297001 0.0224722 0.0179748 0.0191409 0.0191505 0.0250248 0.0227997 0.0350938 0.0362953 0.0234158 0.0126972 0.0219141 0.0227744 0.0183595 0.0199719 0.018237 0.0168529 0.0206224 0.0197854 0.0234529 0.0274464 0.0222677 0.0186332 0.0199184 0.0178423 0.0219732 0.0146061 0.0140666 0.0143619 0.0164464 0.0128277 0.00589481 0.00312496 0.000337376 0.00034817 0.00310459 0.00157849 1.60855e-06 0 0 0 
0 0 0 0 0 0 0.0105776 0.0283343 0.00652627 0.000163895 0.00358059 0.0100433 0.0161607 0.0168368 0.0215687 0.0585647 0.0624972 0.0236182 0.00540497 0.000175903 0.00248595 0.00410108 0.000948736 0.000463935 0.00235629 0.0115656 0.0177585 0.017473 0.0244479 0.0238056 0.0229179 0.0200951 0.0202678 0.0225839 0.0277278 0.0322349 0.0287897 0.0231985 0.0171902 0.0207064 0.026953 0.0248567 0.0333182 0.0218183 0.0192978 0.0134298 0.00973492 0.0210757 0.0255556 0.0156671 0.0139321 0.0267395 0.0192147 0.0148772 0.0126109 0.0173953 0.0153406 0.0152453 0.0109127 0.0116409 0.00644472 6.21649e-05 0 0.000274074 0.000127417 0 0 0 0 
0 0 0 0 0 0 0.00306589 0.00863158 0.000320067 2.65253e-05 0.00254828 0.0057213 0.00894104 0.0127634 0.0226278 0.0479513 0.073532 0.0286172 0.0117948 0.000621162 0.00458038 0.0107032 0.00775569 0.00320505 0.000803309 0.00700701 0.0188584 0.0231664 0.0198935 0.0198566 0.0270725 0.0291778 0.0296276 0.0309682 0.0298805 0.0228967 0.0277062 0.0245751 0.0253942 0.0214527 0.0235313 0.0248756 0.0321002 0.0259278 0.0140232 0.0114632 0.0179828 0.0218361 0.0155576 0.0122215 0.0149554 0.0181965 0.0169378 0.0181017 0.0104622 0.0131794 0.0104806 0.00744805 0.00962363 0.0337719 0.0171859 0.00030514 0 0 0 0 0 0 0 
0 0 0 0 0 0 9.97848e-06 4.15677e-05 2.92295e-06 1.3733e-05 0.00197779 0.003549 0.00824954 0.0148187 0.0228404 0.0247009 0.0348068 0.024953 0.0126991 0.00499103 0.009723 0.0138913 0.0168806 0.0130944 0.00605965 0.0155804 0.0190544 0.0250393 0.0244665 0.0234005 0.0255725 0.0315181 0.0352724 0.0304053 0.0282294 0.0241962 0.0280448 0.0243204 0.0219587 0.0255407 0.028304 0.0258049 0.0232284 0.0287722 0.0154183 0.0102907 0.0211602 0.0245436 0.0183973 0.0130305 0.015573 0.0120864 0.0135947 0.0150696 0.0121758 0.0127965 0.0113809 0.0030096 0.00407003 0.0271314 0.0108944 0.000379814 0 0 0 0 0 0 0 
0 0 0 0 0 0 0 0 0 4.42035e-05 0.00143063 0.00531508 0.0133971 0.0196064 0.0234187 0.0212315 0.0182086 0.0174709 0.0227169 0.0107575 0.0194168 0.0217033 0.0204891 0.0145852 0.0133747 0.0142979 0.0187917 0.0201645 0.0191744 0.0214067 0.0240956 0.0293523 0.0337902 0.0226535 0.0251803 0.0361412 0.0266795 0.0206134 0.0271534 0.0319938 0.0238906 0.0239559 0.0269653 0.0224747 0.0214548 0.0157421 0.0245464 0.0263878 0.0238578 0.0180293 0.01892 0.0189594 0.0170428 0.01898 0.0148867 0.00893672 0.0138206 0.0087336 0.00463959 0.00624133 0.00246001 0.00021391 0 0 0 0 0 0 0 
0 0 0 0 0 0 0 0 0 0 0.00159542 0.00884581 0.0188537 0.0258039 0.0237127 0.0141618 0.00890955 0.0133139 0.0253373 0.0216863 0.0313802 0.0252929 0.0176469 0.0176756 0.0120478 0.0163543 0.0181735 0.0173587 0.0173357 0.0193807 0.0196645 0.0278166 0.0368736 0.0321434 0.0402489 0.0356885 0.0200523 0.022301 0.0240004 0.0284604 0.0188159 0.0128772 0.0164564 0.0162185 0.0145561 0.0163721 0.0217727 0.0264355 0.0246616 0.0182476 0.0210092 0.0215959 0.0158726 0.0121585 0.0105762 0.0104494 0.0194979 0.0147182 0.00919945 0.0053472 0.000162662 2.36958e-06 0 0 0 0 0 0 0 
0 0 0 0 0 0 0 0 0 0 0.00133943 0.0058868 0.0111582 0.0151156 0.00917405 0.00263769 0.00403418 0.0111442 0.0192163 0.0289156 0.0247903 0.0196455 0.0175919 0.0136382 0.00610699 0.00780912 0.0123103 0.0300954 0.029787 0.0189664 0.0212429 0.0304099 0.0518405 0.050889 0.048184 0.0401395 0.0199145 0.0193041 0.023065 0.0168336 0.0143456 0.0203305 0.0247573 0.0120566 0.0139961 0.0170363 0.0127108 0.0194962 0.0213731 0.0149608 0.0171963 0.0186604 0.0186842 0.0164065 0.0189894 0.0117327 0.0153912 0.0148659 0.00887009 0.00212717 1.99215e-05 0 0 0 0 0 0 0 0 
0 0 0 0 0 0 0 0 0 0 4.59328e-05 0.00189317 0.00186901 0.00141135 0.000227516 0.000519354 0.00304787 0.0206748 0.0271758 0.02659 0.0168535 0.0127424 0.0101602 0.007214 0.0018081 0.00309052 0.0128171 0.0330703 0.0273764 0.0185391 0.017234 0.0228536 0.0468471 0.0467697 0.0409499 0.0335804 0.0179775 0.0224886 0.0211338 0.0219275 0.0228085 0.0279493 0.0268064 0.0108456 0.0102349 0.0136169 0.0149932 0.0230984 0.0204126 0.0127332 0.0113721 0.0151719 0.0211846 0.0182899 0.0115996 0.00829372 0.0118164 0.00724868 0.00411489 0.000451584 0 0 0 0 0 0 0 0 0 
0 0 0 0 0 0 0 0 0 0 0 0 0 0 0 0.000249274 0.00272653 0.0109346 0.0200844 0.024171 0.0168132 0.00895319 0.00558919 0.00685429 0.001167 0.00329599 0.0196273 0.0372818 0.020341 0.026371 0.0270856 0.0227819 0.0258742 0.0316972 0.0405489 0.0301763 0.0118191 0.0146709 0.0126595 0.0115535 0.0216933 0.0238223 0.0199937 0.00955459 0.0117105 0.0155183 0.0236104 0.0218998 0.0129103 0.0115828 0.00987638 0.012135 0.0198772 0.0160253 0.0046088 0.00328461 0.00295686 0.00132908 0.000163366 0 0 0 0 0 0 0 0 0 0 
0 0 0 0 0 0 0 0 0 0 0 0 0 0 0.000234442 0.00313409 0.0089106 0.0116197 0.0153201 0.01582 0.0261919 0.0206597 0.00441906 0.00398618 0.000879269 0.00491886 0.0241448 0.0306119 0.026001 0.0330435 0.0296908 0.0252586 0.029952 0.0481298 0.046141 0.0268595 0.0141129 0.020352 0.017581 0.0158381 0.0137059 0.0110748 0.0141292 0.00819638 0.0213556 0.020702 0.0265606 0.0221557 0.0165825 0.0117685 0.0125823 0.0129798 0.0128746 0.0109348 0.00361859 0.00146756 0.000229268 0 0 0 0 0 0 0 0 0 0 0 0 
0 0 0 0 0 0 0 0 0 0 0 0 0 0 8.67453e-05 0.00289839 0.010135 0.0135337 0.0193553 0.0198468 0.0251679 0.0198191 0.00589226 0.000483628 0.00204172 0.0144213 0.0232883 0.0183103 0.0281216 0.0321474 0.0317031 0.0292757 0.0382378 0.0440082 0.0385769 0.0226078 0.0189812 0.0222315 0.020692 0.0172764 0.0137662 0.0166789 0.0140141 0.0123038 0.0192162 0.0232084 0.025179 0.031976 0.0338031 0.0145962 0.0149346 0.0171298 0.0116552 0.00592567 0.000637454 0.000245797 0 0 0 0 0 0 0 0 0 0 0 0 0 
0 0 0 0 0 0 0 0 0 0 0 0 0 0 0 0.000171439 0.00240415 0.00495172 0.0133004 0.0187132 0.0205048 0.0207761 0.00702962 0.000833232 0.00695379 0.0227161 0.0352047 0.0207334 0.0315419 0.0383598 0.0383096 0.0381857 0.038421 0.031839 0.025958 0.0205099 0.0244776 0.0268745 0.0179937 0.0197265 0.0158269 0.015729 0.0208365 0.0276749 0.0252836 0.0284557 0.0191012 0.0288278 0.0243292 0.00813379 0.00682225 0.00737862 0.00375643 0.000465954 0 0 0 0 0 0 0 0 0 0 0 0 0 0 0 
0 0 0 0 0 0 0 0 0 0 0 0 0 0 0 0 0 0.000799522 0.00585677 0.0113191 0.0129424 0.010971 0.00511035 0.000173742 0.00750647 0.0305573 0.0313335 0.0216745 0.0219586 0.0264639 0.0374661 0.0423017 0.0291866 0.0209665 0.0173769 0.0187811 0.0216731 0.0188709 0.0171021 0.0168185 0.0181837 0.0263693 0.0237489 0.0212392 0.0250343 0.022226 0.0149033 0.0131599 0.00600128 0.0014064 5.19341e-05 0.000389318 9.16587e-05 0 0 0 0 0 0 0 0 0 0 0 0 0 0 0 0 
0 0 0 0 0 0 0 0 0 0 0 0 0 0 0 0 0 1.81747e-05 0.000189889 0.00144251 0.00269984 0.00253121 0.00160861 0.000612078 0.00841964 0.0310161 0.0359812 0.0275751 0.0211884 0.0289883 0.0392588 0.0409007 0.0314633 0.00986681 0.00779358 0.016723 0.021518 0.0199713 0.0180854 0.0206995 0.0276468 0.0374201 0.0294103 0.0166593 0.0209895 0.0230681 0.0166129 0.012479 0.0052366 0.000226605 0 0 0 0 0 0 0 0 0 0 0 0 0 0 0 0 0 0 0 
0 0 0 0 0 0 0 0 0 0 0 0 0 0 0 0 0 0 0 0 0 0 0 0.000324635 0.00715972 0.0192605 0.0383956 0.047012 0.0381321 0.0275811 0.0470672 0.047189 0.0272144 0.00639037 0.00107607 0.00447234 0.0149418 0.0211719 0.0219581 0.0270892 0.0217127 0.021741 0.0204641 0.0167804 0.0137823 0.0113449 0.00668008 0.00307131 0.000987369 0 0 0 0 0 0 0 0 0 0 0 0 0 0 0 0 0 0 0 0 
0 0 0 0 0 0 0 0 0 0 0 0 0 0 0 0 0 0 0 0 0 0 0 0 0.000532412 0.00322848 0.0153341 0.0365566 0.0191288 0.0175004 0.0248009 0.0493572 0.0472923 0.0184509 1.17879e-05 6.70493e-05 0.00392931 0.011782 0.0118862 0.0150509 0.0146659 0.00979224 0.0104725 0.00748114 0.00362627 0.000904347 0.000632055 1.19866e-05 1.05056e-06 0 0 0 0 0 0 0 0 0 0 0 0 0 0 0 0 0 0 0 0 
0 0 0 0 0 0 0 0 0 0 0 0 0 0 0 0 0 0 0 0 0 0 0 0 0 8.65572e-05 0.000982859 0.00337576 0.00215572 0.0132037 0.0216338 0.0142573 0.00621762 0.00135462 0 0 5.60857e-05 0.0022199 0.00286562 0.00190106 0.000589042 0.00122932 0.00169681 0.0005031 0 0 0 0 0 0 0 0 0 0 0 0 0 0 0 0 0 0 0 0 0 0 0 0 0 

