0 0 0 0 0 0 0 0 0 0 0 0 0 0 0 0 0 0 0 0 0 0 0 0 0 0 0 0 0 5.03295e-05 0.000508006 0.00102817 0.000733476 0.000206454 1.94687e-05 0 0 0 0 0 0 0 0 0 0 0 0 0 0 0 0 0 0 0 0 0 0 0 0 0 0 0 0 0 0 0 0 0 0 
0 0 0 0 0 0 0 0 0 0 0 0 0 0 0 0 0 0 0 0 0 0 0 0 0 0.000123558 0.000433989 0.000263191 6.21215e-05 0.00336679 0.00764607 0.0102317 0.011431 0.00612874 0.00175181 2.92396e-05 0 0 0 0.00398047 0.00360765 0.00144942 0.00199934 0.00110348 0.00045746 0 0 0 0 0 0 0 0 0 0 0 0 0 0 0 0 0 0 0 0 0 0 0 0 
0 0 0 0 0 0 0 0 0 0 0 0 0 0 0 0 0 0 0 0 0 0 4.54416e-05 0.000810215 0.0015688 0.00483772 0.00791613 0.00604583 0.00210966 0.00466489 0.0135913 0.0166963 0.0144455 0.0135061 0.00941555 0.00183375 0.000178414 0.000592475 0.00192682 0.00770238 0.0130379 0.0136068 0.0257006 0.0256173 0.011535 0.00297735 0.00122793 8.3676e-07 0 0 0 0 0 0 0 0 0 0 0 0 0 0 0 0 0 0 0 0 0 
0 0 0 0 0 0 0 0 0 0 0 0 0 0 0 0 0 0 0 2.78519e-05 0.000131639 0.000926335 0.00219902 0.00688116 0.0140118 0.0237083 0.0247525 0.0210632 0.0174836 0.0143723 0.0201975 0.0171955 0.0168965 0.0172283 0.0220082 0.0127705 0.00755024 0.00643483 0.00843173 0.0116546 0.0182672 0.0240325 0.0405735 0.0396076 0.0180646 0.0105777 0.0093918 0.0027953 0.000245985 0 0 0 0 0 0 0 0 0 0 0 0 0 0 0 0 0 0 0 0 
0 0 0 0 0 0 0 0 0 0 0 0 0 0 0 0 0 0 2.29913e-05 0.00160658 0.00448477 0.00751449 0.0104553 0.0126479 0.0206886 0.0248554 0.0236111 0.0234187 0.019254 0.023524 0.0187122 0.0158545 0.0169064 0.015616 0.0158476 0.0162056 0.0200164 0.0180681 0.0159897 0.0117152 0.017601 0.0362384 0.0427877 0.0348652 0.0235422 0.0202201 0.0134964 0.00683577 0.000406396 2.19731e-05 2.31228e-06 0 0 0 0 0 0 0 0 0 0 0 0 0 0 0 0 0 0 
0 0 0 0 0 0 0 0 0 0 0 0 0 0 0 0 0 0.000477139 0.00121157 0.00537913 0.0103248 0.0182269 0.0197604 0.0207746 0.023973 0.0277993 0.0292533 0.0264374 0.0195393 0.0208653 0.0192201 0.0185648 0.0178424 0.0110224 0.0162692 0.0179587 0.0121731 0.0146241 0.017831 0.0130959 0.0100966 0.0286471 0.0289401 0.0245022 0.0203745 0.0251056 0.0218709 0.00558108 0.000730567 0.00574722 0.00292949 0.00398312 0.00137342 6.00523e-05 0 0 0 0 0 0 0 0 0 0 0 0 0 0 0 
0 0 0 0 0 0 0 0 0 0 0 0 0 0 0 0 0 0.0016369 0.00036333 0.000596094 0.00137948 0.00667878 0.0160395 0.0318039 0.0356629 0.0312403 0.0232998 0.0214039 0.0256286 0.016422 0.0145789 0.0178174 0.0186331 0.0166644 0.0168535 0.0164016 0.0158209 0.0153983 0.0133105 0.0141604 0.00895672 0.00955486 0.00574025 0.013793 0.0151864 0.0223408 0.0231173 0.00735282 0.00724257 0.0216174 0.0185918 0.0154918 0.0140184 0.00569878 0.00120652 0 0 0 0 0 0 0 0 0 0 0 0 0 0 
0 0 0 0 0 0 0 0 0 0 0 0 0 1.28926e-05 0.00094039 0.00200232 0.00113749 0.000909341 0.000467379 0.000386421 0.000607697 0.00507144 0.00758452 0.0155303 0.032425 0.0320615 0.0204867 0.0208662 0.0181978 0.0148532 0.0143162 0.01646 0.0183096 0.0225552 0.0167352 0.0239512 0.0192484 0.0167039 0.0157272 0.0211013 0.0170246 0.0158864 0.00953888 0.00925784 0.0117689 0.0177181 0.0168742 0.0166013 0.017773 0.029481 0.0294566 0.0270791 0.0268508 0.0186586 0.00827265 0.00138411 1.11999e-05 0 0 0 0 0 0 0 0 0 0 0 0 
0 0 0 0 0 0 0 0 0 0 0 0 0.000572204 0.00401218 0.0106929 0.0139321 0.0121633 0.0122768 0.00797468 0.00542311 0.00521878 0.0055457 0.0126621 0.01783 0.0204036 0.0262634 0.020832 0.0149758 0.0141791 0.0207659 0.0171875 0.0190715 0.018995 0.0211369 0.0200436 0.0217459 0.0192822 0.0200807 0.0242368 0.0306003 0.0291354 0.0265402 0.0138955 0.0108635 0.0150253 0.0141095 0.0155933 0.0251956 0.0201551 0.028628 0.0362734 0.0345035 0.0271273 0.0213924 0.0210767 0.00868207 0.00183149 2.39706e-05 0 0 0 0 0 0 0 0 0 0 0 
0 0 0 0 0 0 0 0 0 0 0 0.000857361 0.00958418 0.0227872 0.0243541 0.0169882 0.021821 0.0219814 0.0185793 0.0198247 0.0171402 0.011064 0.0156821 0.0188495 0.0137176 0.0162615 0.0148015 0.0137383 0.012698 0.0175351 0.0183958 0.0208163 0.0186524 0.0185356 0.0183256 0.0241283 0.0214719 0.0295975 0.0382157 0.0391305 0.0374758 0.0393961 0.0244489 0.0232447 0.016414 0.0154958 0.0148028 0.0190094 0.0182318 0.0269392 0.0316075 0.0342137 0.0293789 0.0174286 0.0245976 0.0187742 0.012282 0.00567525 0.000394592 0 0 0 0 0 0 0 0 0 0 
0 0 0 0 0 0 0 0 0 0 0.000403887 0.0126944 0.0157877 0.0171811 0.0215569 0.0245905 0.0214559 0.0178187 0.01745 0.0191411 0.0230411 0.016294 0.0131557 0.0190116 0.0170345 0.0158006 0.013301 0.0142258 0.0137627 0.00948164 0.0112697 0.0194184 0.0157342 0.0186625 0.0179485 0.0245273 0.0283027 0.0275486 0.0309701 0.0356442 0.0290837 0.0364473 0.0335145 0.0300445 0.0268185 0.0158696 0.0168771 0.0201204 0.0168777 0.0265699 0.0279171 0.0300236 0.0231541 0.0252358 0.0259969 0.0183147 0.0182678 0.0197197 0.00766248 0.000463681 0 0 0 0 0 0 0 0 0 
0 0 0 0 0 0 0 0 0 0 0.00253107 0.0105026 0.0050368 0.00505595 0.0138706 0.0246008 0.0176184 0.0162462 0.0192634 0.018186 0.0212302 0.0157272 0.0138167 0.0177548 0.0144459 0.0185291 0.0187974 0.0239359 0.0136119 0.00733284 0.00689865 0.0183055 0.0189349 0.0198535 0.0234076 0.0264338 0.0313597 0.0408842 0.0392125 0.032436 0.0367469 0.0289468 0.0305504 0.0397003 0.0312083 0.0211095 0.0187498 0.0178886 0.0182901 0.0235345 0.0316393 0.0269751 0.0195569 0.0193546 0.0195638 0.0152665 0.018946 0.0243931 0.0142572 0.00447763 0.000201684 0 0 0 0 0 0 0 0 
0 0 0 0 0 0 0 0 0 0 0.000103484 0.000440827 0.00154638 0.00474905 0.0174247 0.0237561 0.0223991 0.028241 0.0256893 0.0200722 0.0198831 0.0132491 0.0115689 0.0128189 0.0141354 0.021593 0.0180017 0.0193634 0.0209175 0.0201257 0.0161226 0.0183233 0.0206004 0.0208052 0.0281767 0.031283 0.0309536 0.0450933 0.0393573 0.0292735 0.0319268 0.0253702 0.0203697 0.0343233 0.0383092 0.028771 0.0242234 0.0294683 0.0234171 0.0300572 0.0330756 0.0274318 0.0240641 0.0243313 0.0191019 0.0136767 0.0185291 0.0218767 0.0175508 0.0128631 0.00139797 0 0 0 0 0 0 0 0 
0 0 0 0 0 0 0 0 0 0 0.000131128 0.00417508 0.0122801 0.0154394 0.0175759 0.0193579 0.0232734 0.0292101 0.0226992 0.0171739 0.0219048 0.020628 0.0157315 0.0205976 0.0211571 0.0302998 0.0262549 0.0250708 0.0190236 0.0181628 0.0193805 0.0267672 0.0213865 0.0175853 0.0294338 0.0375354 0.0320426 0.0285307 0.0318281 0.0315486 0.0309371 0.0280825 0.0193505 0.0429391 0.036433 0.0314273 0.0307259 0.0295411 0.0337755 0.0264242 0.0298063 0.0273155 0.0236123 0.0197104 0.0190224 0.0156077 0.0192185 0.024492 0.0198343 0.0127234 0.00189564 9.45503e-06 0 0 0 0 0 0 0 
0 0 0 0 0 0 0 0 0 0.00120364 0.00562514 0.0181918 0.0220896 0.0210992 0.0155025 0.0216339 0.0217795 0.0234781 0.0284037 0.020984 0.0223239 0.0219637 0.0286648 0.034086 0.0374379 0.0408987 0.0354985 0.0386356 0.022005 0.0170223 0.0187115 0.0221377 0.0213497 0.0193081 0.0291217 0.0356944 0.0386752 0.0399706 0.0419983 0.0316388 0.0290119 0.033102 0.0259024 0.0349162 0.0392558 0.0227071 0.0243104 0.0306865 0.0329915 0.0331593 0.0298897 0.0215367 0.0231359 0.0175686 0.0165421 0.0152555 0.0167742 0.0221859 0.0274446 0.0151831 0.00259435 5.61704e-05 0 0 0 0 0 0 0 
0 0 0 0 0 0 0 0 0.00028327 0.00517008 0.0100569 0.018659 0.020174 0.0226573 0.0191627 0.0229715 0.0238459 0.0207743 0.019004 0.0321588 0.02698 0.0238165 0.0333772 0.0493135 0.0387101 0.0373295 0.0280402 0.0322177 0.0297076 0.0226558 0.0176981 0.0121491 0.0146684 0.0199461 0.0224379 0.0336504 0.0348391 0.0266069 0.0255144 0.0295883 0.0344921 0.0389916 0.0373435 0.0279936 0.0391376 0.0340126 0.0273504 0.024672 0.0254923 0.0278919 0.0275006 0.0253599 0.0198571 0.0180265 0.0162322 0.018315 0.0182186 0.0201727 0.0242428 0.0232539 0.00328615 0.000600348 0 0 0 0 0 0 0 
0 0 0 0 0 0 0 0 0.000481393 0.00241899 0.00372208 0.00872496 0.018809 0.0211674 0.0175448 0.0216053 0.023223 0.0181786 0.0222874 0.0236327 0.0308283 0.0315702 0.0315754 0.0415763 0.0236616 0.0287456 0.0280813 0.023756 0.020542 0.0190742 0.0196865 0.0148607 0.0117807 0.0152524 0.0157674 0.0286524 0.038552 0.0298218 0.0272452 0.0330002 0.036887 0.0339498 0.0279273 0.0279684 0.0359805 0.0383656 0.0330443 0.0239178 0.0223145 0.0310077 0.0328406 0.0269153 0.0155773 0.0182566 0.0180915 0.0182894 0.0176045 0.0201725 0.020403 0.0256795 0.00923824 0.00355777 0.000682273 0 0 0 0 0 0 
0 0 0 0 9.38439e-06 0.000116955 0.000517265 0.000759823 0.00101952 0.00850614 0.00777032 0.0117077 0.0244672 0.0257875 0.0145776 0.0175033 0.0201677 0.0218496 0.024239 0.0286652 0.0266501 0.03785 0.043257 0.0322019 0.0222703 0.0226366 0.0210545 0.0262511 0.0208367 0.0188639 0.025055 0.0204868 0.019673 0.0193783 0.0151204 0.0218865 0.0363609 0.0332392 0.0274871 0.0322266 0.0300534 0.0318657 0.0347356 0.028147 0.0336526 0.0419509 0.0314417 0.0211638 0.0196102 0.0311324 0.0312592 0.0270132 0.016717 0.0147312 0.0189476 0.0190367 0.0156451 0.0117273 0.0100575 0.0239617 0.0205928 0.0202575 0.00643315 0.000244261 0 0 0 0 0 
0 0 0 0 0.000394322 0.00390299 0.0103954 0.00797783 0.00272192 0.0103126 0.0157643 0.0190906 0.0197813 0.019181 0.0135405 0.0207838 0.0269223 0.0281254 0.0264174 0.0327076 0.0312937 0.0270255 0.030364 0.0259613 0.0281646 0.0247636 0.0261829 0.0236142 0.0243018 0.0231232 0.0292197 0.0258769 0.0217105 0.019925 0.0165133 0.0202398 0.0289743 0.0359985 0.0488316 0.0333096 0.0290095 0.0252484 0.0245969 0.020342 0.0283913 0.0321917 0.0238035 0.0187816 0.016462 0.0277748 0.0353639 0.0202983 0.0150312 0.0164453 0.0197741 0.0190643 0.0197747 0.0189853 0.0241604 0.0199812 0.0175598 0.0211875 0.0171951 0.00179321 2.3994e-05 0 0 0 0 
0 0 0 0 0.00415641 0.0119096 0.0197827 0.0136219 0.00745125 0.0096671 0.0175711 0.0190605 0.0190649 0.014978 0.0144397 0.0228735 0.0464665 0.0319185 0.0284693 0.0267397 0.0273372 0.0217518 0.0189561 0.0145587 0.0173935 0.0373274 0.0346924 0.0233031 0.0242834 0.030538 0.0259915 0.0209422 0.0220999 0.0221153 0.0232733 0.0299614 0.0269866 0.0396431 0.0440764 0.0321184 0.0235202 0.0267353 0.0227449 0.0171889 0.0239491 0.0266321 0.0244509 0.0292293 0.0210284 0.0212486 0.0210892 0.017495 0.0184481 0.0206584 0.0207783 0.0189287 0.0178289 0.0260775 0.0274306 0.0174345 0.0108874 0.0164769 0.016092 0.00675755 0.000862768 3.17817e-05 0 0 0 
0 0 0 0.000476179 0.00882236 0.0191502 0.0250156 0.0237156 0.0162594 0.00695983 0.0100897 0.0164714 0.0190661 0.010138 0.00437101 0.0194199 0.0445406 0.0252798 0.0185668 0.0220431 0.0252938 0.0206916 0.017991 0.0152455 0.0149163 0.0405575 0.0381494 0.0241188 0.0235411 0.0263638 0.0264516 0.0191345 0.0239249 0.0289124 0.0292181 0.030883 0.0354092 0.0247332 0.0214382 0.024219 0.0204361 0.0260643 0.0234584 0.0185479 0.0264924 0.036158 0.0282367 0.0204142 0.0161616 0.0219707 0.0158138 0.0137272 0.0176474 0.0200236 0.0270215 0.0207388 0.0200737 0.0203961 0.0225732 0.0164398 0.00605652 0.00874237 0.0127269 0.0104302 0.00561971 0.00242047 0.000584246 0 0 
0 0 0 0.000674213 0.0124533 0.0208553 0.0273249 0.0221431 0.0242882 0.0133079 0.00537188 0.00894796 0.00698053 0.00339655 0.00452518 0.0123766 0.0313894 0.0267342 0.0248331 0.0253357 0.0180402 0.0159059 0.0171507 0.0158342 0.0153521 0.0312814 0.0393867 0.0303636 0.0253697 0.0229718 0.0266906 0.0218503 0.0239662 0.0286006 0.0300133 0.0304415 0.0221659 0.0187804 0.0191798 0.0182039 0.0183941 0.0223311 0.020608 0.0230511 0.0264814 0.0272917 0.0221447 0.0198648 0.0262148 0.0266004 0.0245505 0.0200548 0.0190297 0.0227197 0.027324 0.0234945 0.025296 0.0181792 0.0230972 0.0164243 0.00639924 0.0122685 0.0195047 0.0121711 0.00317563 0.00317117 0.00128186 0 0 
0 0 9.48738e-07 0.00135923 0.0121498 0.0253132 0.0273638 0.0255644 0.0237457 0.0221768 0.0111238 0.00925022 0.00401137 0.00165286 0.00164642 0.0090331 0.0315914 0.0307642 0.024781 0.0188269 0.0204576 0.0189336 0.0164632 0.0150383 0.0216928 0.0226651 0.0301062 0.033997 0.0257388 0.0288072 0.0302791 0.0190945 0.0150661 0.0233702 0.0256719 0.0222986 0.018795 0.0222094 0.0153101 0.019819 0.0243718 0.0241492 0.0183323 0.0157545 0.0222197 0.029634 0.0218736 0.0213739 0.0262083 0.0234801 0.0267113 0.0206219 0.0241901 0.0247802 0.0227977 0.0307309 0.027775 0.0196149 0.0160332 0.00970261 0.00595866 0.0154245 0.0156582 0.00727964 0.00704026 0.00581151 0.00171881 2.41362e-05 0 
0 0 0.000297838 0.00472293 0.0175612 0.0217914 0.0225732 0.024598 0.0223809 0.0248899 0.0219546 0.0216796 0.0143931 0.00740553 0.00250828 0.0106308 0.0324197 0.0323762 0.0290446 0.0267866 0.023712 0.0277254 0.0249693 0.0205853 0.0258265 0.0188415 0.0217636 0.0260908 0.0261905 0.0234366 0.0228858 0.0217295 0.021164 0.0199703 0.0234005 0.0321646 0.0209888 0.022201 0.0192668 0.0252897 0.0292086 0.0343183 0.024619 0.0237517 0.0246921 0.024609 0.0234425 0.0233127 0.0235415 0.0238391 0.0197139 0.0244999 0.0173347 0.0150497 0.0186818 0.0317819 0.0286555 0.0153541 0.00839422 0.0077788 0.00599589 0.0198726 0.015615 0.00735592 0.00958009 0.00821061 0.00407607 0.000792975 0 
0 0 0.00415267 0.00863166 0.0138464 0.0186511 0.019033 0.0226576 0.0232629 0.0204547 0.0194345 0.0204953 0.0130402 0.00770341 0.00425539 0.0179845 0.0407692 0.0355955 0.0291606 0.0346839 0.023259 0.0238796 0.0201699 0.0187199 0.0174955 0.0154513 0.0220681 0.0227501 0.0227371 0.0202577 0.0196687 0.0211746 0.0260977 0.0243153 0.0230514 0.0358096 0.0209307 0.0218993 0.0274898 0.0340384 0.0345391 0.0315462 0.02161 0.0236616 0.0241234 0.025044 0.026295 0.0225895 0.0206739 0.0326968 0.0264482 0.0236972 0.0149816 0.0113982 0.0163401 0.0240751 0.0251928 0.0238854 0.0139685 0.00984128 0.0115096 0.0260429 0.0150084 0.00634723 0.0134 0.0172359 0.00794425 0.00120934 0 
0 0.0001268 0.0047299 0.0114472 0.0177871 0.0232779 0.0213962 0.0229017 0.025212 0.0263902 0.0200123 0.0152513 0.0157361 0.0112505 0.0121242 0.019824 0.0276454 0.0259943 0.0318306 0.0248468 0.0208491 0.0252103 0.0215981 0.0210964 0.0192988 0.0186088 0.0212302 0.0155956 0.0169001 0.0114992 0.0143782 0.0146684 0.0248389 0.0220792 0.0188172 0.037846 0.0296468 0.0295709 0.0401804 0.0280097 0.0274396 0.0268374 0.0218091 0.0212877 0.0252866 0.0256812 0.0262573 0.0244853 0.0195835 0.0318342 0.0325245 0.0304296 0.0226333 0.0199063 0.0157463 0.022793 0.0329272 0.034427 0.0263023 0.0172402 0.0206025 0.0238561 0.0150094 0.0153526 0.0253499 0.0284598 0.0169395 0.00528927 0.000252803 
0 0.000794644 0.00857469 0.0154842 0.021163 0.0149963 0.0181862 0.017614 0.019712 0.0201807 0.0190467 0.0161162 0.0185783 0.0159172 0.0148985 0.0157634 0.0286041 0.0394451 0.0313819 0.023478 0.0189529 0.0204179 0.0229049 0.0245347 0.0181354 0.0137808 0.0180455 0.0150286 0.0161864 0.011601 0.0142939 0.0134066 0.0256755 0.021501 0.0187568 0.0222647 0.0257474 0.0314295 0.0393393 0.0358935 0.0297016 0.0250864 0.0307022 0.0201918 0.0278946 0.0253317 0.0205825 0.0334037 0.0307339 0.0189861 0.0272755 0.0438099 0.0393081 0.0258428 0.0128193 0.0180881 0.0283886 0.0305687 0.026304 0.0145725 0.0137874 0.0148658 0.0169335 0.0269014 0.0303613 0.0273033 0.0273825 0.0131683 0.000880379 
0 0.00174972 0.0147227 0.0268297 0.0273918 0.0132723 0.0087031 0.0188234 0.0192466 0.0168893 0.0173231 0.0221279 0.0204792 0.0250255 0.0194189 0.0167117 0.0280755 0.0298752 0.0274949 0.0223123 0.0176343 0.0195197 0.0270292 0.0267311 0.021119 0.0132326 0.0143452 0.0177763 0.0234135 0.0199825 0.0164311 0.0156908 0.0154085 0.0262491 0.0446814 0.0358371 0.0228598 0.0363567 0.0296904 0.0214799 0.0197555 0.0204469 0.0244805 0.0247048 0.0306425 0.0239405 0.0185804 0.0297368 0.0302399 0.0236014 0.023477 0.0264696 0.0288911 0.0172796 0.0119676 0.0109283 0.0206577 0.0213616 0.0173898 0.0119431 0.0134853 0.0227832 0.0218139 0.023283 0.0188782 0.020267 0.0213752 0.0220804 0.00318941 
0 0.00269249 0.0149834 0.0276366 0.0307645 0.0121598 0.00982696 0.0193084 0.0181239 0.0191679 0.0154523 0.0183362 0.0193313 0.0259823 0.0219191 0.0169439 0.0236239 0.0251153 0.0212453 0.0259289 0.0221532 0.0169619 0.0185478 0.0194147 0.020283 0.0135663 0.0197741 0.0275463 0.0528658 0.0286173 0.0155055 0.0160817 0.0236853 0.0349392 0.0399664 0.0220076 0.0218179 0.0343802 0.0237184 0.0189188 0.0187261 0.0153631 0.012963 0.0202447 0.0220069 0.0308873 0.0251358 0.0325272 0.0216859 0.0226521 0.0238911 0.0203837 0.0267566 0.0158163 0.0183315 0.0178735 0.0157117 0.017736 0.0174899 0.0228194 0.0240671 0.0341645 0.0344378 0.021435 0.0120908 0.0120903 0.0152974 0.00869512 0.00260258 
0 0.000418701 0.00760656 0.0135323 0.0216972 0.00939875 0.0074793 0.01596 0.0203791 0.0325983 0.033757 0.0326866 0.0208357 0.0291855 0.0295352 0.0238514 0.0209007 0.0250818 0.022116 0.0236479 0.0184351 0.013848 0.0156099 0.0178763 0.0207304 0.0203288 0.0195561 0.0305208 0.0474863 0.0243739 0.017318 0.0233804 0.0268416 0.0323352 0.0313823 0.0204691 0.0247486 0.0285464 0.0204328 0.0227721 0.0213406 0.0187462 0.00763219 0.012005 0.0178165 0.0280422 0.0272057 0.0282461 0.0256587 0.0197224 0.0231278 0.0211996 0.0218067 0.0199273 0.0187441 0.0139348 0.0178398 0.021676 0.0201067 0.0253331 0.033625 0.0359169 0.0342639 0.02632 0.0255595 0.0119857 0.0141695 0.00274657 0.000434452 
0 3.81816e-07 0.000706825 0.00277444 0.00524606 0.00204381 0.00440901 0.0165332 0.0207157 0.0292926 0.019175 0.0262936 0.0249093 0.0341309 0.0324347 0.0458351 0.0335733 0.0244335 0.0275138 0.0268469 0.0170632 0.0178943 0.0182028 0.0189369 0.0255437 0.0240147 0.0223261 0.0279638 0.0362268 0.0306586 0.0254824 0.0310845 0.0284203 0.0229555 0.0264575 0.0370331 0.0455001 0.0282246 0.0189185 0.0201241 0.0185183 0.0163312 0.0161251 0.0197689 0.0109806 0.0166261 0.0264199 0.0305735 0.0281586 0.0314641 0.0227248 0.0240803 0.020786 0.0229138 0.0288662 0.0153696 0.0185376 0.0149667 0.0263849 0.0275909 0.0286536 0.0318876 0.0347493 0.0357317 0.0257341 0.0117051 0.0103954 0.0015048 0.000105281 
0 0.000724874 0.00515986 0.00683098 0.00590412 0.0050668 0.00857715 0.028357 0.0206103 0.0230494 0.0169662 0.0212418 0.0267457 0.0248532 0.0382165 0.0729997 0.0501639 0.0275814 0.0264084 0.0239685 0.0191421 0.0231586 0.0190122 0.0175005 0.0232236 0.0241684 0.0176101 0.0198312 0.0222406 0.0236108 0.0205542 0.0312047 0.0280428 0.0221428 0.0207093 0.0671905 0.117419 0.063748 0.0295008 0.0163363 0.016745 0.0191232 0.0178079 0.0169178 0.0143961 0.0127761 0.0247675 0.0303211 0.0332125 0.0269997 0.0208696 0.0216432 0.023145 0.0225753 0.0191957 0.0182316 0.0138882 0.00769589 0.019974 0.0294355 0.0266638 0.0254888 0.0264795 0.0342766 0.0238023 0.00908349 0.00766669 0.000783203 2.20184e-06 
0 0.00424852 0.0135107 0.0190566 0.0199327 0.0180938 0.0203913 0.028656 0.021649 0.0236647 0.0247417 0.0208864 0.0288569 0.0311979 0.0372126 0.0624569 0.0423645 0.0253452 0.0264256 0.0188705 0.0197731 0.0224261 0.0172053 0.0172321 0.0149282 0.0162511 0.0178017 0.0171624 0.0222786 0.0198486 0.0229122 0.0308806 0.0266881 0.0278394 0.0308397 0.0346397 0.0653189 0.0670809 0.0317891 0.0175306 0.0164441 0.0215336 0.0187737 0.0203033 0.0144828 0.0120429 0.0176066 0.0214519 0.0226495 0.0239776 0.0244085 0.0225835 0.0258636 0.0161659 0.0185218 0.0204104 0.0106991 0.0048089 0.0117081 0.0243271 0.0240737 0.0230363 0.0168738 0.0240089 0.022491 0.014667 0.00407988 0.00113228 5.09867e-05 
0.000221984 0.00886664 0.0201509 0.0231211 0.0243582 0.0200398 0.0233827 0.0222361 0.0239387 0.0213961 0.020793 0.0209241 0.025391 0.030891 0.0264095 0.0275724 0.0288704 0.0236447 0.0208297 0.0215443 0.0236843 0.0195877 0.0183172 0.0215872 0.0134285 0.0151631 0.0148268 0.0177294 0.025908 0.0337812 0.0339949 0.0313316 0.0262944 0.0243773 0.0175394 0.0215563 0.0270151 0.0414081 0.0251233 0.0177041 0.0236204 0.0214616 0.0210534 0.0169918 0.0166659 0.0167269 0.0191619 0.0190841 0.0181245 0.0192024 0.0272183 0.0268122 0.0197862 0.0187495 0.0184796 0.0122772 0.00915781 0.00780935 0.0184934 0.0226325 0.0272159 0.0253874 0.0204159 0.0257124 0.0284827 0.0106347 0.00345695 0.00131823 0.000135865 
0.000596956 0.0122051 0.0248649 0.0247267 0.0179644 0.0180949 0.0186985 0.0230225 0.0224649 0.0210212 0.0196924 0.0195896 0.0205056 0.0200147 0.0260466 0.0220531 0.0260001 0.0245082 0.017017 0.0206258 0.0203544 0.0162706 0.0212083 0.0217737 0.0178565 0.0133923 0.0164623 0.0186703 0.0378424 0.0415654 0.0308083 0.0239202 0.022437 0.016618 0.0139384 0.0149401 0.0147503 0.0258661 0.0279063 0.0201087 0.0188039 0.0162071 0.017973 0.0264968 0.0225595 0.0267294 0.0187729 0.018661 0.0293452 0.0283787 0.0266369 0.0234338 0.0180816 0.0146018 0.0143221 0.00727653 0.00698725 0.0188948 0.0319191 0.0255912 0.0261668 0.0249442 0.0222009 0.027688 0.0244226 0.00708458 0.0118329 0.00541681 0.000729774 
0.000585705 0.0103748 0.0224894 0.0241852 0.0207472 0.0241751 0.0242716 0.0215757 0.0184225 0.023638 0.0183428 0.0176246 0.0166558 0.0173254 0.0212143 0.0232595 0.0320755 0.0236296 0.0163043 0.0154342 0.0190896 0.0163123 0.0183247 0.0212141 0.0166896 0.0196393 0.0190055 0.0251379 0.0466428 0.0369507 0.0242365 0.0169583 0.021625 0.0249355 0.0169254 0.0185133 0.0133249 0.0108938 0.0196597 0.0191228 0.0180494 0.0243844 0.0166088 0.0274995 0.0206692 0.0159993 0.0151169 0.0163974 0.0163298 0.0231045 0.0232306 0.0211276 0.0153312 0.0131657 0.0184713 0.01893 0.014283 0.0247457 0.03069 0.0281275 0.0253733 0.021516 0.0157461 0.0150567 0.00977717 0.00739659 0.0146938 0.00991296 0.000534047 
0.000397947 0.0118494 0.0250326 0.0270441 0.02502 0.0216516 0.0211689 0.0181541 0.0136836 0.017415 0.0132697 0.0156661 0.0212427 0.0227626 0.024192 0.0291448 0.0269696 0.0244732 0.0217969 0.0198053 0.0228068 0.0188548 0.0204203 0.0198001 0.0188219 0.0211053 0.0175604 0.0200959 0.0190016 0.0217443 0.0185503 0.0162634 0.014512 0.0185912 0.0187968 0.0128924 0.0177384 0.0181591 0.0189889 0.0134757 0.0127621 0.0196094 0.0199259 0.0291446 0.0239632 0.0204328 0.0204625 0.0151862 0.0146586 0.0220755 0.0190637 0.023187 0.0173286 0.0156955 0.0174377 0.0228712 0.0170006 0.0199192 0.0241687 0.0207281 0.0203664 0.0161985 0.017915 0.0114916 0.00972612 0.00642791 0.00952595 0.0113713 0.00112194 
0.000598181 0.0102931 0.0245537 0.0258015 0.0218194 0.0194337 0.0273345 0.0253092 0.0208668 0.0152572 0.0183583 0.017749 0.0247967 0.0237124 0.0251527 0.0272738 0.021977 0.0304188 0.0274519 0.0231379 0.0222302 0.0148113 0.0137737 0.0150735 0.0196684 0.0231387 0.0234599 0.0191397 0.0161849 0.0216119 0.0205785 0.0134077 0.00922043 0.0153109 0.0136173 0.0159036 0.0207296 0.0193395 0.0202091 0.0188294 0.0149132 0.0173715 0.0163936 0.0204907 0.0193158 0.0223349 0.0213448 0.0137579 0.0174808 0.0191024 0.0187085 0.024933 0.0249841 0.0211665 0.0197592 0.018213 0.0190468 0.0155446 0.0223259 0.020586 0.0159698 0.0190053 0.016559 0.0087479 0.00644779 0.00949286 0.0169599 0.0107134 0.000533638 
0.000350902 0.0101746 0.021746 0.0309091 0.0315301 0.0269427 0.0293664 0.0270031 0.0216037 0.0215691 0.0291087 0.0220269 0.0219374 0.0177117 0.0155473 0.0168288 0.0164134 0.0165008 0.0165962 0.0184046 0.0164251 0.0135864 0.0127716 0.0193147 0.0224808 0.0207046 0.0215022 0.0185032 0.0184898 0.0205514 0.0236091 0.014585 0.0146528 0.0147382 0.0146458 0.0151151 0.019937 0.0203289 0.017764 0.0180036 0.0175448 0.0203077 0.0183827 0.0187284 0.0242796 0.0233143 0.0217342 0.019519 0.0214998 0.0225074 0.0155269 0.0194382 0.0185965 0.018013 0.0174705 0.0205284 0.0274455 0.018275 0.0190866 0.0272814 0.0221479 0.0254581 0.024443 0.0129423 0.014248 0.0209871 0.0170215 0.00795656 0.000496309 
8.98926e-05 0.00511619 0.0179102 0.0263464 0.026588 0.0250525 0.0295761 0.0332201 0.035904 0.0323839 0.0256857 0.0182547 0.0183697 0.0147653 0.0180286 0.0123447 0.0174063 0.0169852 0.0129886 0.0124438 0.0107629 0.00942296 0.0129701 0.0215548 0.0206652 0.0150811 0.0156852 0.0173245 0.020779 0.0166697 0.0175619 0.019428 0.0124175 0.0119928 0.0168383 0.0205787 0.0193173 0.0222948 0.0217811 0.0212397 0.0213843 0.0165222 0.0154255 0.0125471 0.0134373 0.0197299 0.019531 0.022722 0.0233654 0.0183895 0.0210971 0.0223776 0.0188061 0.0212786 0.019945 0.0185155 0.0272682 0.0261397 0.0322297 0.0339358 0.0301601 0.0257139 0.0335811 0.0316877 0.031977 0.0239672 0.022168 0.00843822 0.000554243 
0 0.00129828 0.00450033 0.0136441 0.0225527 0.0214981 0.0230446 0.0264636 0.0344567 0.029449 0.0248237 0.0211634 0.0181071 0.0152157 0.0178043 0.0174841 0.0190413 0.0143631 0.0144905 0.0167756 0.0163054 0.00972839 0.013359 0.0141744 0.015812 0.0172528 0.0111208 0.0148085 0.0153629 0.0133283 0.0176859 0.0150488 0.0147005 0.0112406 0.0168231 0.0199212 0.0223672 0.020322 0.0243735 0.0235265 0.0152333 0.0148154 0.014265 0.01593 0.0146374 0.0183479 0.0211264 0.0254597 0.0241913 0.0204556 0.0240658 0.0210655 0.0175601 0.0180334 0.0147489 0.0197495 0.026592 0.0268235 0.0319501 0.0279796 0.0310019 0.0332785 0.0288681 0.0295674 0.0270199 0.0222209 0.0216242 0.00740092 0.000291759 
0 0.000710165 0.000842644 0.00155009 0.00637291 0.0126087 0.0228497 0.0249546 0.0289022 0.024708 0.0260227 0.0238788 0.0176816 0.0170637 0.0202738 0.0203496 0.0200647 0.0168799 0.0131673 0.016725 0.0166244 0.0150839 0.0152765 0.0124575 0.0134182 0.0154563 0.0113563 0.0155135 0.00863706 0.00968019 0.0158071 0.0160359 0.0162491 0.0111427 0.0165992 0.0135604 0.0147624 0.0179926 0.0148601 0.0166802 0.01358 0.0193146 0.0185109 0.0227413 0.0156665 0.0182942 0.0270029 0.0274144 0.0182979 0.0244675 0.0269111 0.0269321 0.0202612 0.0162607 0.0190818 0.0180952 0.0242281 0.0185563 0.0290157 0.0224154 0.0314669 0.0263854 0.0265091 0.0215205 0.0164642 0.0223537 0.0126187 0.00300081 0.000666296 
0 0.000106385 0.00630116 0.00564683 0.00599144 0.0107487 0.0128777 0.0152939 0.022318 0.0308235 0.0339159 0.022083 0.0197547 0.0133718 0.0157573 0.0124563 0.00997197 0.0145654 0.016832 0.0166486 0.0163228 0.0205481 0.0173025 0.0158378 0.0134517 0.01429 0.0113852 0.0158633 0.0108322 0.0107064 0.0145207 0.0159361 0.0174617 0.01003 0.0185057 0.0177678 0.0191129 0.0163124 0.0143667 0.015899 0.0179009 0.0213811 0.0234172 0.0220687 0.0247334 0.0183015 0.0195902 0.0268169 0.024751 0.0279158 0.0301262 0.0436185 0.0302222 0.0151155 0.0130236 0.0161139 0.0230773 0.0196676 0.0178018 0.0247635 0.0240161 0.0249446 0.0239813 0.0194492 0.00924502 0.00773077 0.00649318 0.00167192 0.00068772 
0 8.61994e-05 0.00720768 0.0117984 0.00464937 0.0143168 0.0234869 0.0248607 0.0207902 0.0324659 0.0329427 0.0227721 0.0214203 0.0190973 0.018034 0.0129836 0.0158822 0.0163663 0.0196551 0.0141919 0.0125739 0.0161912 0.0122316 0.0134459 0.016652 0.0130194 0.0175016 0.0170935 0.013629 0.0113747 0.0157901 0.0239786 0.0169475 0.0116085 0.0131444 0.0139426 0.016415 0.0153684 0.0160096 0.01421 0.014905 0.0184377 0.0267633 0.0274711 0.0237079 0.0188244 0.0140044 0.0169823 0.0257253 0.0229428 0.0343933 0.0660197 0.0471989 0.0197176 0.0176921 0.0201514 0.0270585 0.0186622 0.0165012 0.0226222 0.0283476 0.0205455 0.0215622 0.0187293 0.0152334 0.00866988 0.007987 0.0013478 0 
0 0.000121449 0.00361672 0.00574852 0.000533237 0.00648327 0.0190827 0.023029 0.0283738 0.0320456 0.0240854 0.0154969 0.0176708 0.0215456 0.0168906 0.0154866 0.0157596 0.022484 0.0167917 0.0118173 0.0126832 0.0129513 0.0148048 0.0225502 0.0188981 0.0234775 0.0195099 0.0202162 0.0192518 0.013856 0.0161714 0.0165407 0.0187556 0.014835 0.0150315 0.0155816 0.0128711 0.0123676 0.0184715 0.0239591 0.0221153 0.0152245 0.0145667 0.0164957 0.0200294 0.0143532 0.0114169 0.0132653 0.014593 0.013163 0.0273701 0.0350809 0.0297207 0.03019 0.027634 0.0253385 0.0213202 0.0173111 0.0188696 0.0259982 0.024377 0.0172396 0.0135374 0.011853 0.0135967 0.00877042 0.00688562 0.00203572 0 
0 0 0 8.29382e-05 4.20734e-05 0.00169379 0.0114187 0.0122586 0.0205426 0.0222728 0.0157981 0.0190137 0.0121416 0.017028 0.0196224 0.0213773 0.0158033 0.0247832 0.0179135 0.0151529 0.0145706 0.0123679 0.00994484 0.0164119 0.0194746 0.0195469 0.0198123 0.0197616 0.0179103 0.0146882 0.0131227 0.0180508 0.0183907 0.0227645 0.019793 0.0147238 0.0150537 0.0179383 0.0274458 0.0338447 0.0201077 0.0167875 0.0142289 0.0131622 0.0185337 0.0159484 0.0158129 0.0155268 0.0145257 0.0144492 0.0147143 0.0236086 0.0224829 0.024326 0.0261455 0.0165305 0.0226909 0.0235706 0.0170442 0.018858 0.0199148 0.00882955 0.00771496 0.00811755 0.00991015 0.0107679 0.0145469 0.00289629 0 
0 0 0 0 0.000259635 0.00391977 0.0123524 0.0108585 0.0137973 0.0160087 0.0142662 0.014651 0.0117546 0.0156722 0.0166959 0.0163071 0.0207105 0.019058 0.0126621 0.0135285 0.0150819 0.012433 0.013582 0.0213988 0.0215408 0.0201289 0.017187 0.0130315 0.0151447 0.0102685 0.0149344 0.0203128 0.0206626 0.0227415 0.0210991 0.0119169 0.0135519 0.0166649 0.0224151 0.023308 0.025203 0.0178317 0.0209831 0.0187379 0.0169087 0.0188322 0.0115223 0.013076 0.0138785 0.0164886 0.0139023 0.0138773 0.024376 0.0257248 0.0242261 0.0238077 0.0220432 0.0208297 0.0152604 0.015697 0.0139714 0.00474637 0.0067965 0.00438422 0.00643708 0.00757573 0.00526211 0.000145263 0 
0 0 0 0 0.00117098 0.00781124 0.0142326 0.0171345 0.0186087 0.0189981 0.0152558 0.0147803 0.0143496 0.015848 0.0237061 0.018103 0.0126073 0.0153302 0.0167853 0.0206468 0.0170901 0.014779 0.0178788 0.0212564 0.0242893 0.0203404 0.0156402 0.0221624 0.0187745 0.0181677 0.0145111 0.0140247 0.0170871 0.0185598 0.0242528 0.0196851 0.015925 0.0192223 0.0201088 0.0202156 0.026574 0.0246412 0.022558 0.0151353 0.0155921 0.0252782 0.0131462 0.0106476 0.0131956 0.0151551 0.00849867 0.00852988 0.0180151 0.025858 0.0252885 0.021215 0.0168539 0.0243721 0.0148027 0.0131851 0.0108396 0.00640097 0.00997153 0.0100963 0.00954514 0.0049141 0.00146759 0 0 
0 0 0 0 0.00132018 0.00559768 0.00849809 0.0155211 0.0213076 0.0227486 0.0195817 0.0184196 0.0136588 0.0154615 0.0217678 0.0163802 0.013599 0.0222671 0.0207017 0.0167896 0.0146995 0.0123871 0.0117886 0.0159817 0.022946 0.0192351 0.0178482 0.0204045 0.0190625 0.0178959 0.0177873 0.0188806 0.0153411 0.0197282 0.0246496 0.0216807 0.0186701 0.0210652 0.02515 0.0223522 0.0325637 0.034052 0.025522 0.0137533 0.0160096 0.0131724 0.00934333 0.016737 0.0134811 0.00919597 0.00617961 0.00714175 0.00796097 0.0165044 0.0164099 0.0199441 0.0140682 0.0148075 0.0127706 0.0108142 0.00816212 0.0134114 0.0160321 0.0103349 0.00829888 0.00246729 0.000105015 0 0 
0 0 0 0 0.000636444 0.00499678 0.00840335 0.0159062 0.022177 0.0254944 0.0256253 0.0185371 0.0181935 0.0138739 0.00961071 0.0101225 0.0130886 0.0268391 0.0240829 0.0225879 0.0224448 0.014813 0.010812 0.016849 0.026044 0.0373899 0.0236368 0.0152814 0.0155854 0.0177882 0.0232314 0.0161548 0.0129382 0.0183417 0.0184033 0.0184364 0.0221364 0.0220286 0.0248405 0.0245871 0.0279336 0.0272199 0.0256388 0.0183092 0.0160504 0.0141421 0.0106417 0.011572 0.00717886 0.00966707 0.0134038 0.00948226 0.0137629 0.0171461 0.0134509 0.00892989 0.00682838 0.0064084 0.00910966 0.00607839 0.0110604 0.0154696 0.0180145 0.00785904 0.00359001 0.00084575 0 0 0 
0 0 0 0 0.000316967 0.00219099 0.00572636 0.0154262 0.0180902 0.0224303 0.0199976 0.0190587 0.0174695 0.0137667 0.0119619 0.0139413 0.01508 0.020202 0.0244839 0.0195611 0.0238044 0.0225505 0.0184161 0.019294 0.0242516 0.0285938 0.0238229 0.0209156 0.0243008 0.0226776 0.0159177 0.0156185 0.012834 0.0142862 0.0185778 0.0282743 0.0196929 0.0201325 0.0228238 0.0190176 0.0259769 0.0247451 0.0258231 0.0199173 0.015251 0.0127732 0.0144249 0.0132323 0.00945138 0.0156196 0.0138361 0.00888726 0.0115025 0.0197334 0.0127322 0.00634672 0.0108293 0.013064 0.00948437 0.0104566 0.00846993 0.00979289 0.00605536 0.00518613 0.00147673 0.000278332 0 0 0 
0 0 0 0 0 0.00159102 0.00837324 0.0155173 0.0179859 0.015228 0.0177762 0.0184918 0.0160565 0.0188346 0.0167003 0.0223177 0.0160652 0.013514 0.0187115 0.0298575 0.0290524 0.0212106 0.0204607 0.0140271 0.0173624 0.0210175 0.0185042 0.0150787 0.0250913 0.0245539 0.0177188 0.0127191 0.0117167 0.0220879 0.0167591 0.0196545 0.0226399 0.0198474 0.0167698 0.021216 0.0293344 0.0208446 0.0211464 0.0123686 0.0133787 0.0182719 0.0187179 0.0178505 0.0193919 0.0164749 0.0126801 0.00871477 0.014284 0.019278 0.0167361 0.0125772 0.0141983 0.0103695 0.00739224 0.0112892 0.012514 0.0110027 0.00410926 0.00201507 0.000517068 0 0 0 0 
0 0 0 0 0 0.0013312 0.0100397 0.0137977 0.0184753 0.0150944 0.014719 0.0211788 0.0196447 0.0193858 0.0158238 0.0181878 0.0192727 0.0196552 0.0176254 0.0233734 0.0270947 0.0236204 0.0123218 0.0111548 0.0144677 0.0118002 0.0106365 0.0154564 0.0276394 0.025447 0.0178923 0.0156286 0.0152251 0.0196967 0.0195189 0.0227442 0.0195259 0.018788 0.0230904 0.0190452 0.0228672 0.0169091 0.0141955 0.00638316 0.0100657 0.0227236 0.0324925 0.0285603 0.0288101 0.0217873 0.0178922 0.0109328 0.0137316 0.0140675 0.0164572 0.0157529 0.00858124 0.00985488 0.00751536 0.00939615 0.0159184 0.00916898 0.00572108 0.00155353 0 0 0 0 0 
0 0 0 0 0 0.000186782 0.00262354 0.0111681 0.0175508 0.0187792 0.0218214 0.0219829 0.0158115 0.0142655 0.0138426 0.00946463 0.0135363 0.0202335 0.0151774 0.0126822 0.0161983 0.0187777 0.0135898 0.0158664 0.0138503 0.0118434 0.00856409 0.0147124 0.0185173 0.0175894 0.021441 0.0187403 0.016644 0.016375 0.0181786 0.0225266 0.0186885 0.0167913 0.0202096 0.0166163 0.0200561 0.0195483 0.0118009 0.0107876 0.0133814 0.0247229 0.0255661 0.0241521 0.0288752 0.0263541 0.0185789 0.00916405 0.0127806 0.00966663 0.0154535 0.0162955 0.0144046 0.0174418 0.0103709 0.0110374 0.0113545 0.00872866 0.00562409 0.00181883 0 0 0 0 0 
0 0 0 0 0 0 0.000290231 0.00784546 0.0128604 0.0130244 0.0349006 0.0385932 0.0201363 0.0175736 0.0234231 0.0149764 0.0141592 0.019408 0.014647 0.0142495 0.0142259 0.0125556 0.00927517 0.0106315 0.0037057 0.00537055 0.00672071 0.00643185 0.0105187 0.0136794 0.0172753 0.0199369 0.0205703 0.0215798 0.0207321 0.0227379 0.0190938 0.0151234 0.0152685 0.0153722 0.0165377 0.0162108 0.0152297 0.0118429 0.0121592 0.0157117 0.0179833 0.0141637 0.0237543 0.0225843 0.017674 0.00818363 0.0122887 0.0142795 0.0132937 0.0157958 0.0120923 0.0112069 0.0125538 0.00880726 0.00500259 0.00581897 0.00111655 0.000320778 0 0 0 0 0 
0 0 0 0 0 0 1.27612e-05 0.00173705 0.0057119 0.00761615 0.0147949 0.0232322 0.0192907 0.0194286 0.0214378 0.0131434 0.0163598 0.0149631 0.0152122 0.0132524 0.00897424 0.0118041 0.0128014 0.00309496 0.00100412 0.00542105 0.00850157 0.00419767 0.00837603 0.0100381 0.0135462 0.0170847 0.0190389 0.0207227 0.0214726 0.0212994 0.0222351 0.0163933 0.0148478 0.0120038 0.0120958 0.0175795 0.0129149 0.0091649 0.0145944 0.00914762 0.0127048 0.0179822 0.0174487 0.0219425 0.0172537 0.0117313 0.00951158 0.013969 0.0124267 0.0108079 0.00706748 0.00595161 0.00664942 0.00684881 0.00401654 0.001132 0.000123953 0 0 0 0 0 0 
0 0 0 0 0 0 0 3.00994e-05 0.000429864 0.00145173 0.0118016 0.0205762 0.0212521 0.0244958 0.0110757 0.00649722 0.0154571 0.0140267 0.00967558 0.0111922 0.00970127 0.0124515 0.00974654 0.00297124 0.00279571 0.00958334 0.0138881 0.006971 0.00886424 0.00568684 0.00901016 0.0197929 0.0185343 0.0193631 0.0150663 0.0175956 0.019391 0.0111601 0.0123155 0.0172381 0.0155431 0.0180769 0.0124649 0.0147926 0.015452 0.0135194 0.0129982 0.0175655 0.0148965 0.0224196 0.0156261 0.00991353 0.00746521 0.0115225 0.0125319 0.0068054 0.0019295 0.0018454 0.00250558 0.00724851 0.00351882 0.00030176 0 0 0 0 0 0 0 
0 0 0 0 0 0 0 0 0 0.002039 0.00785194 0.0121043 0.0152091 0.0113319 0.00509975 0.00492804 0.0141554 0.0151349 0.00935759 0.0063534 0.00753624 0.00944544 0.0126275 0.019756 0.0149341 0.0124505 0.0105129 0.00732727 0.00769246 0.0130284 0.0107219 0.0178711 0.0180697 0.0147443 0.0106195 0.0221003 0.0268955 0.0192793 0.0151847 0.019389 0.0158764 0.0221148 0.0273004 0.0163087 0.0132305 0.00952272 0.0141568 0.0197361 0.0226165 0.0206874 0.00995876 0.0107182 0.0147964 0.0131168 0.0161161 0.00605256 0.00322137 0.0018893 0.00182481 0.00133223 0.000375567 0 0 0 0 0 0 0 0 
0 0 0 0 0 0 0 0 0 0.000341928 0.00263375 0.0029646 0.00788628 0.00870352 0.0123968 0.0113194 0.00944878 0.012166 0.00796332 0.00570737 0.0108258 0.0127095 0.0246268 0.0552287 0.0407595 0.0112916 0.00907668 0.0100558 0.0133858 0.0150729 0.0190943 0.0134901 0.014955 0.0112241 0.0181713 0.0429385 0.0309363 0.0186043 0.0151248 0.0265777 0.0229861 0.0260479 0.0292163 0.0220723 0.0121976 0.0120129 0.0171974 0.0201229 0.0301298 0.027937 0.00870692 0.0115373 0.0170518 0.0233164 0.0217066 0.0188265 0.0112998 0.00689495 0.00282713 7.094e-05 0 0 0 0 0 0 0 0 0 
0 0 0 0 0 0 0 0 0 0 0.000142485 0.000237176 0.00590515 0.0121404 0.0232882 0.0140845 0.0068794 0.00501384 0.00801181 0.00880147 0.0180938 0.0211115 0.0252175 0.0404443 0.0306447 0.0112421 0.0109735 0.0159147 0.0162784 0.0135707 0.0143331 0.0161822 0.0152376 0.0118894 0.019231 0.0645674 0.0448747 0.0210753 0.019827 0.0244616 0.0268046 0.0376065 0.0238301 0.0207298 0.0184773 0.0167907 0.0214833 0.0243521 0.024602 0.0191809 0.0103868 0.00771317 0.0130358 0.0201923 0.0152754 0.0158544 0.0088156 0.00575051 0.000942172 5.43594e-06 0 0 0 0 0 0 0 0 0 
0 0 0 0 0 0 0 0 0 0 0 0 0.000387377 0.00393226 0.015362 0.0162418 0.00628039 0.00557871 0.0114406 0.0141075 0.0184073 0.0162191 0.0198825 0.02088 0.0162973 0.00868379 0.0150154 0.0242437 0.0226441 0.00891329 0.0118242 0.0181992 0.020848 0.0223237 0.021704 0.0264176 0.0238156 0.0175219 0.0169337 0.0236347 0.0289504 0.0326942 0.022555 0.0169995 0.0150013 0.0144414 0.0144712 0.0234733 0.0222439 0.018821 0.0144425 0.0203306 0.0227044 0.0185518 0.00809729 0.00491233 0.00212516 0.00122763 6.83011e-05 0 0 0 0 0 0 0 0 0 0 
0 0 0 0 0 0 0 0 0 0 0 0 0 0.000245993 0.00195051 0.00901204 0.0024015 0.00441659 0.0107707 0.0148224 0.0167566 0.0174485 0.0233921 0.019341 0.0126965 0.0129626 0.0207969 0.0188444 0.0120694 0.00530051 0.0106552 0.0168937 0.0270906 0.0241632 0.0203159 0.0155739 0.0107473 0.0153303 0.0177428 0.0290088 0.0294995 0.0355246 0.022305 0.0171516 0.0226293 0.0159874 0.011478 0.015107 0.0205089 0.0216757 0.0234679 0.036764 0.0393569 0.0293147 0.0164098 3.52588e-06 0 0 0 0 0 0 0 0 0 0 0 0 0 
0 0 0 0 0 0 0 0 0 0 0 0 0 0 0 0 0.000256832 0.00430821 0.00933329 0.0138998 0.018899 0.0189452 0.0229947 0.0182591 0.0130062 0.0118482 0.0134481 0.0110432 0.00891862 0.0053664 0.0109566 0.0151852 0.0215467 0.0257027 0.019958 0.00634142 0.00541422 0.0137594 0.0206368 0.0300195 0.027159 0.0232746 0.0224117 0.0123198 0.0181048 0.0184823 0.0142298 0.0131 0.0186128 0.0267568 0.0278679 0.0259717 0.02119 0.0105545 0.00457397 9.73308e-07 0 0 0 0 0 0 0 0 0 0 0 0 0 
0 0 0 0 0 0 0 0 0 0 0 0 0 0 0 0 0.000330829 0.00162828 0.00403551 0.0106169 0.0145339 0.0212231 0.0278452 0.020527 0.0170376 0.0117932 0.0078188 0.0052477 0.00245981 0.00372078 0.00504033 0.00768697 0.0138237 0.0197216 0.0190663 0.00766955 0.00378414 0.00398116 0.00822135 0.0103143 0.0164933 0.0148238 0.0144529 0.0128585 0.0156595 0.0292726 0.0177806 0.00944947 0.0104324 0.0222031 0.0183186 0.0198405 0.007992 0.000892983 9.21882e-06 0 0 0 0 0 0 0 0 0 0 0 0 0 0 
0 0 0 0 0 0 0 0 0 0 0 0 0 0 0 0 0 0 0.00108088 0.00533634 0.00748534 0.00857258 0.0170938 0.0168197 0.0152538 0.0133488 0.00286699 0.00078794 0.000255729 0.00146321 0.000694366 0.00131255 0.00261142 0.00661066 0.00497885 0.00366866 0.00467917 0.00697603 0.00873203 0.0137134 0.0168004 0.014066 0.0130649 0.015249 0.0162823 0.0209879 0.0157721 0.00673494 0.000987484 0.00596295 0.00765427 0.00770392 0.0012456 4.14703e-05 0 0 0 0 0 0 0 0 0 0 0 0 0 0 0 
0 0 0 0 0 0 0 0 0 0 0 0 0 0 0 0 0 0 0 0.000599292 0.000639676 0.000939696 0.00541794 0.00801451 0.0134177 0.00786337 0.0014696 0 0 0 0 0 6.96714e-05 0.00240333 0.00450071 0.00724248 0.0122541 0.0167465 0.0178572 0.0171889 0.015184 0.0136529 0.0156491 0.0148049 0.0135442 0.0154856 0.0129258 0.011224 0.00115231 0.0010459 0.000743048 4.59641e-05 0 0 0 0 0 0 0 0 0 0 0 0 0 0 0 0 0 
0 0 0 0 0 0 0 0 0 0 0 0 0 0 0 0 0 0 0 0 0 0 0.000260451 0.00131395 0.00554661 0.0040294 6.25146e-05 0 0 0 0 0.000150071 0.00200224 0.00378039 0.00247303 0.00560989 0.0143618 0.0135504 0.0118422 0.0113309 0.00721133 0.00761534 0.0133721 0.0159027 0.00331948 0.00318503 0.00724832 0.00770678 0.000396516 0 0 0 0 0 0 0 0 0 0 0 0 0 0 0 0 0 0 0 0 
0 0 0 0 0 0 0 0 0 0 0 0 0 0 0 0 0 0 0 0 0 0 2.22553e-05 0.00028235 0.00174962 0.000479772 0 0 0 0 0 0.000642445 0.00380011 0.000608227 3.44945e-05 0.00129836 0.00284112 0.00228425 0.00202814 0.00547437 0.0020115 0.00414354 0.00490761 0.00287637 0.000515937 0.000171916 0.00093392 7.69902e-05 0 0 0 0 0 0 0 0 0 0 0 0 0 0 0 0 0 0 0 0 0 
0 0 0 0 0 0 0 0 0 0 0 0 0 0 0 0 0 0 0 0 0 0 0 0 0 0 0 0 0 0 0 0 0.000127721 5.29069e-06 0 2.33516e-05 5.69555e-05 2.14893e-06 0.000407315 0.000832524 0.000776983 0.000567262 0.000714425 4.93958e-05 0 0 0 0 0 0 0 0 0 0 0 0 0 0 0 0 0 0 0 0 0 0 0 0 0 

