0 0 0 0 0 0 0 0 0 0 0 0 0 0 0 0 0 0 0 0 0 0 0 0 0 0 0 0 0 3.28397e-05 1.51831e-05 0 0 0 0 0 0 0 0 0 0 0 0 0 0 0 0 0 0 0 0 0 0 0 0 0 0 0 0 0 0 0 0 0 0 0 0 0 0 
0 0 0 0 0 0 0 0 0 0 0 0 0 0 0 0 0 0 0 0 0 0 0 0 0 0 0.000257367 4.31625e-05 0.000519404 0.00307582 0.00281148 0.00227983 0.00237107 0.000173045 7.55569e-07 0 0.000203659 0.000367567 0.000131879 0.000873441 0.001188 0.000982777 0.000312019 0.000317994 6.94375e-05 0 0 0 0 0 0 0 0 0 0 0 0 0 0 0 0 0 0 0 0 0 0 0 0 
0 0 0 0 0 0 0 0 0 0 0 0 0 0 0 0 0 0 0 0 0 0 0 0 0 7.2776e-06 0.00166399 0.000801593 0.00614609 0.0080253 0.00738801 0.00585451 0.00554357 0.00377926 0.00537719 0.00550331 0.00215956 0.0012651 0.000343062 0.000913703 0.00409609 0.00582724 0.00736435 0.00381614 0.00278304 0.0023206 0.000112215 0 0 0 0 0 0 0 0 0 0 0 0 0 0 0 0 0 0 0 0 0 0 
0 0 0 0 0 0 0 0 0 0 0 0 0 0 0 0 0 0 0 0 0 4.40805e-05 3.61205e-06 0 0 0.000559706 0.00341476 0.00178602 0.0114505 0.00851193 0.0059369 0.00678486 0.00812374 0.00782936 0.0152189 0.0167717 0.011531 0.00286381 0.000670169 0.00142572 0.000622484 0.0035833 0.00732768 0.00516751 0.00811542 0.0100735 0.00335249 0.00284619 0.000132537 1.80656e-05 0 0 0 0 0 0 0 0 0 0 0 0 0 0 0 0 0 0 0 
0 0 0 0 0 0 0 0 0 0 0 0 0 0 0 0 0 0 0 0 0.000806968 0.00495604 0.00347635 0.000785977 0.0015486 0.00303989 0.0025792 0.00335031 0.00912768 0.00711914 0.00533512 0.00486786 0.00345603 0.00422677 0.013316 0.026235 0.0271971 0.0118753 0.00273032 0.00159933 0.00135235 0.0031473 0.00686903 0.00718397 0.00672664 0.00810965 0.0115433 0.0106217 0.0046144 0.00211568 0.000968661 0.000269686 6.06193e-06 0 0 0 0 0 0 0 0 0 0 0 0 0 0 0 0 
0 0 0 0 0 0 0 0 0 0 0 0 0 0 0 0 0 0 0 0 0.00193596 0.0102229 0.015789 0.00792344 0.00591421 0.00720557 0.00275205 0.00346614 0.00798323 0.0123069 0.0129643 0.00583707 0.00415376 0.0040171 0.0104055 0.0147203 0.0255887 0.0265332 0.0102199 0.0045135 0.002151 0.00147012 0.00660847 0.0102817 0.00959708 0.0100098 0.0118728 0.0111133 0.0117388 0.00844021 0.00410121 0.00285189 0.00052066 1.338e-05 0 0 0 0 0 0 0 0 0 0 0 0 0 0 0 
0 0 0 0 0 0 0 0 0 0 0 0 0 0 0 0 0 1.181e-05 0.000413332 0.000226902 0.00291932 0.0132392 0.0182809 0.013591 0.011631 0.0144146 0.00993065 0.0140747 0.0193278 0.0254891 0.0191117 0.0119761 0.0115139 0.0133759 0.0168685 0.0149408 0.0236349 0.034827 0.0302177 0.0129342 0.00344717 0.00112603 0.00659555 0.0113131 0.0143636 0.0145656 0.0156022 0.0145731 0.0152545 0.0135144 0.01255 0.010021 0.00403826 0.000905637 7.28259e-05 0 0 0 0 0 0 0 0 0 0 0 0 0 0 
0 0 0 0 0 0 0 0 0 0 0 0 0 0 0 0.000503553 0.00259581 0.00476062 0.00875584 0.0051107 0.00457874 0.0187369 0.0265226 0.0217088 0.0225964 0.0242658 0.016535 0.0184827 0.0200723 0.0284444 0.0222503 0.0173665 0.0176664 0.0234435 0.0222986 0.0218666 0.0297924 0.0285147 0.0329331 0.0233419 0.0124841 0.00545072 0.00668882 0.011517 0.0117281 0.0150261 0.0203976 0.017876 0.0168836 0.0179889 0.0125558 0.0119028 0.00547092 0.0041125 0.00041143 0 0 0 0 0 0 0 0 0 0 0 0 0 0 
0 0 0 0 0 0 0 0 0 0 0 0 0 0 0 0.00404613 0.0146979 0.0158496 0.0163342 0.0147279 0.0147507 0.0185944 0.0229893 0.0197601 0.0124266 0.0179566 0.016392 0.0153477 0.0139193 0.0352587 0.0195722 0.0246243 0.0198813 0.0263423 0.0271415 0.0272302 0.0214482 0.0186612 0.0149589 0.016422 0.0203769 0.0100125 0.00530764 0.00771843 0.0103146 0.0160884 0.029001 0.0221814 0.014261 0.0196034 0.0119147 0.0118521 0.0125182 0.00561838 0.000807386 3.7993e-06 0 0 0 0 0 0 0 0 0 0 0 0 0 
0 0 0 0 0 0 0 0 0 0 0 8.94724e-05 0.000647564 0.00253175 0.00397387 0.00479089 0.0140537 0.0182183 0.0194813 0.0196872 0.0217392 0.0209264 0.0191842 0.0165611 0.017523 0.0182706 0.0167028 0.0148266 0.015147 0.0281526 0.0237263 0.0237647 0.0230972 0.0187063 0.0221375 0.0289518 0.0298349 0.0128876 0.0091505 0.0131736 0.0118861 0.00857794 0.00806685 0.0123679 0.014152 0.0149966 0.0264651 0.0195375 0.0119152 0.0129719 0.00996723 0.00844405 0.0114049 0.00697628 0.00152592 9.99674e-05 1.8918e-05 0.000173094 6.02742e-07 0 0 0 0 0 0 0 0 0 0 
0 0 0 0 0 0 0 0 0 0 0.000528496 0.00573264 0.0119717 0.0140831 0.0169672 0.0156686 0.0167035 0.0229579 0.0268881 0.0158515 0.0162182 0.0188531 0.022277 0.0219148 0.0297666 0.0238029 0.0195972 0.0222148 0.0301237 0.0194507 0.0256791 0.0194439 0.0236258 0.0188693 0.0256313 0.0296557 0.0274203 0.00928342 0.00379229 0.00495074 0.00648054 0.0161897 0.0155285 0.0167097 0.019196 0.0154141 0.0163678 0.0145222 0.0161514 0.0117761 0.0107501 0.0128102 0.0147489 0.00732547 0.00117625 0.00272473 0.00173868 0.00154836 0.000423623 0.000134405 0 0 0 0 0 0 0 0 0 
0 0 0 0 0 0 0 0 0 0.000250689 0.00455254 0.0109852 0.0153178 0.0153182 0.0197195 0.0215001 0.0188835 0.0230268 0.018663 0.0183328 0.0181721 0.019528 0.0182422 0.0181863 0.0217979 0.0211421 0.0281277 0.0235446 0.0250248 0.0218227 0.0289227 0.0266646 0.0137422 0.019 0.0267432 0.029365 0.0252199 0.0134615 0.00181277 0.00207771 0.00691742 0.0170446 0.0155067 0.0149056 0.018391 0.0185167 0.0158904 0.0127853 0.00775128 0.0110645 0.0128411 0.0154076 0.0203389 0.0101418 0.00347957 0.00168814 0.00279159 0.0054411 0.00946417 0.00209528 3.27764e-05 0 0 0 0 0 0 0 0 
0 0 0 0 0 0 0 0 6.28499e-05 0.00205065 0.00870978 0.0131566 0.0226135 0.0141764 0.0170414 0.0180007 0.0207002 0.0233051 0.021989 0.0191475 0.0170898 0.0179016 0.0165432 0.0168793 0.0176836 0.0191976 0.0293968 0.0272904 0.0225867 0.0198601 0.0264328 0.0265039 0.0169221 0.0202234 0.0242708 0.025954 0.0247385 0.0132292 0.0021674 0.00424641 0.0113328 0.0256948 0.015891 0.0215085 0.0249699 0.0269314 0.0230119 0.0176279 0.0106263 0.00971697 0.00867439 0.0128169 0.0203392 0.0153517 0.0134201 0.00472767 0.00658632 0.0139413 0.0138821 0.00774047 0.00186306 4.76187e-05 0 0 0 0 0 0 0 
0 0 0 0 0 0 0 0 0.00111097 0.00298771 0.00656909 0.0120816 0.0213768 0.0245341 0.0312814 0.0261251 0.023943 0.0236241 0.0239954 0.0215875 0.0174754 0.0171849 0.0162508 0.0219963 0.0220331 0.02386 0.0208338 0.014191 0.0174625 0.0237014 0.0242696 0.0261639 0.0228141 0.020344 0.0216268 0.0145851 0.0138863 0.00663088 0.00709373 0.0121451 0.0152778 0.0268393 0.0234271 0.0209964 0.0218993 0.0275001 0.0257956 0.025613 0.0130566 0.0102662 0.0114153 0.011382 0.011019 0.0112336 0.0143635 0.0108278 0.0098444 0.0147862 0.0136 0.0178906 0.00502275 0.000103781 0 0 0 0 0 0 0 
0 0 0 0 0 0 3.74784e-06 0.00208408 0.00643625 0.00946438 0.0103357 0.0102056 0.0210665 0.0339206 0.034696 0.0291613 0.0288386 0.0302022 0.0328268 0.0266815 0.0157288 0.0159836 0.0153385 0.0181183 0.0243764 0.0261363 0.0177112 0.0138129 0.0122567 0.0205668 0.0186937 0.0201023 0.0202869 0.0191817 0.013704 0.0113864 0.00627068 0.00616229 0.0156468 0.0155034 0.0209831 0.0284805 0.0253554 0.0210799 0.0202839 0.0165754 0.0256351 0.0211304 0.0127418 0.0141688 0.0151971 0.0154142 0.0124184 0.0114457 0.0176112 0.0101325 0.00938002 0.0149838 0.0258711 0.0166711 0.0027985 0.00040719 0 0 0 0 0 0 0 
0 0 0 0 0 0 0.00064354 0.0110749 0.0184817 0.0270594 0.0304276 0.0148433 0.0217174 0.0501824 0.0386271 0.0287032 0.0306036 0.0246567 0.024412 0.0288793 0.0212223 0.0175253 0.015247 0.0172976 0.0223952 0.0301664 0.0249666 0.0170095 0.0111089 0.0174799 0.0118328 0.0129491 0.0174961 0.0206624 0.0129864 0.0110104 0.00532068 0.00891407 0.019051 0.0176054 0.0161936 0.0209796 0.0192449 0.0201027 0.0196456 0.015776 0.0209002 0.0241009 0.0150448 0.0132126 0.01857 0.0204481 0.014025 0.0125426 0.0169665 0.0133674 0.0120473 0.0155599 0.023619 0.0129944 0.008468 0.00810511 0.00158307 0.000132148 0 0 0 0 0 
0 0 0 0 0 0.000232145 0.00902321 0.0157524 0.0255301 0.0324691 0.0360505 0.0223495 0.012115 0.0337857 0.0353244 0.0374716 0.0385805 0.0370819 0.0245587 0.023738 0.0284622 0.0204621 0.0190296 0.0238341 0.0227622 0.0224969 0.0264834 0.0233661 0.0162959 0.0133395 0.0119155 0.0124493 0.0175324 0.0137409 0.0140628 0.0130307 0.00702388 0.0069249 0.0122927 0.014675 0.0126572 0.0123944 0.0101492 0.0137606 0.017742 0.0251573 0.0220184 0.017016 0.0115451 0.0128439 0.0183613 0.0299533 0.015066 0.0173413 0.0168871 0.0163547 0.0168236 0.0175306 0.0156988 0.011656 0.0179428 0.0146261 0.0042986 0.0013768 0.000138584 0 0 0 0 
0 0 0 0 0 0.000966975 0.0213299 0.0277148 0.0190151 0.0190352 0.0369202 0.0311496 0.0174669 0.0261039 0.0259112 0.0353721 0.0414157 0.0423913 0.0248041 0.0176415 0.0198389 0.0246753 0.0243859 0.0291298 0.0279947 0.030123 0.0291945 0.0278352 0.0160177 0.0142922 0.0123513 0.00944714 0.0113262 0.0100692 0.017832 0.0294782 0.03191 0.0325782 0.0311431 0.0307401 0.0299216 0.0229193 0.0167993 0.0147156 0.0194041 0.0252325 0.0177769 0.0128536 0.00845522 0.011419 0.0199685 0.0268979 0.0141906 0.0158447 0.0152747 0.0170286 0.0211449 0.0183992 0.013188 0.00819113 0.0168218 0.0181932 0.00609309 0.00281099 0.00112456 0 0 0 0 
0 0 0 0 0 0.00243717 0.0144431 0.0402051 0.0271517 0.0230121 0.0381308 0.0320325 0.0207652 0.024248 0.0249691 0.0284417 0.0303352 0.0397293 0.0242614 0.0183708 0.0216741 0.0273444 0.0286853 0.0290356 0.0303795 0.0322162 0.0253127 0.0248896 0.0201596 0.02093 0.0153089 0.011677 0.0117051 0.0113928 0.0180988 0.0274718 0.0350433 0.0368017 0.0344735 0.0320103 0.0441776 0.0317318 0.0171789 0.0207865 0.021706 0.0224624 0.0213447 0.0137987 0.00724126 0.00959205 0.016745 0.018982 0.0182566 0.0140884 0.01128 0.014463 0.018907 0.0181976 0.0118144 0.0103753 0.0137184 0.00970483 0.00793076 0.00496957 0.00115928 0 0 0 0 
0 0 0 0 0.000190476 0.00307832 0.0112476 0.025682 0.0259846 0.0260562 0.0278233 0.0365746 0.0190148 0.0213855 0.0268593 0.0232475 0.0211926 0.0351667 0.0289937 0.0180622 0.0210817 0.0214473 0.0319033 0.0299794 0.0277509 0.0237018 0.0235849 0.0233415 0.0199603 0.0223945 0.0167127 0.0101499 0.0129076 0.0169692 0.0212584 0.0256142 0.0312954 0.0335311 0.0279896 0.0266489 0.0243325 0.0246449 0.0210145 0.0226525 0.0174483 0.0190766 0.0198411 0.0116073 0.008054 0.00881434 0.0157466 0.0154988 0.0155228 0.0118707 0.0117198 0.0121781 0.0189145 0.0159372 0.00994869 0.0142411 0.011191 0.00862078 0.0108837 0.0105666 0.00217604 4.58698e-05 0 0 0 
0 0 0 0.00061782 0.0055909 0.0135704 0.0267381 0.0284315 0.0162535 0.0246997 0.0328332 0.0365983 0.0141259 0.0330126 0.0529428 0.026159 0.0177996 0.024028 0.022225 0.0192958 0.0148954 0.0167329 0.0261137 0.0217221 0.0212247 0.0243554 0.0225942 0.0204794 0.0198763 0.0206408 0.018875 0.0151 0.0205972 0.0212279 0.0249518 0.0228244 0.0250475 0.026005 0.0226338 0.0190231 0.0328378 0.0293325 0.0118517 0.014115 0.0151813 0.0279694 0.0163138 0.0106364 0.0144809 0.0116912 0.0140751 0.0134997 0.0139193 0.0124992 0.00980158 0.0127489 0.0148897 0.0148647 0.0137247 0.0172732 0.0109645 0.0085969 0.00726745 0.012437 0.00454378 0.000534383 0 0 0 
0 0 0 0.00937992 0.0253518 0.0215793 0.0172913 0.00717747 0.00883221 0.0243383 0.028851 0.0303685 0.0301538 0.025025 0.0272648 0.0288133 0.0210591 0.0226702 0.0166852 0.0162636 0.0167946 0.0154802 0.0182439 0.0224511 0.0256321 0.0285147 0.0276666 0.0275434 0.0253553 0.0195404 0.021964 0.0190137 0.0159979 0.0251789 0.0240011 0.0211428 0.0158457 0.0167442 0.0208329 0.0205707 0.0353696 0.0281997 0.0205202 0.0190273 0.0202325 0.0179925 0.0109157 0.0136438 0.0204901 0.0204857 0.0200053 0.0191878 0.0188152 0.0146063 0.0137824 0.0118119 0.0109353 0.00950906 0.00857375 0.0158018 0.0130122 0.00939049 0.00833541 0.0145804 0.0110668 0.0020597 8.17306e-05 0 0 
0 0 0.000165343 0.0207877 0.0254596 0.0213663 0.0249949 0.0148024 0.0139217 0.0243385 0.0232866 0.0251207 0.026397 0.0209653 0.0206634 0.0152368 0.0154976 0.015587 0.0192594 0.0219724 0.0232321 0.0172926 0.0144455 0.0219989 0.0224577 0.0327398 0.0523708 0.0317082 0.0224031 0.0188234 0.0232042 0.0218479 0.0216489 0.0198353 0.0226899 0.0198318 0.0190015 0.0156604 0.0149819 0.0190878 0.028238 0.0232871 0.0162437 0.0133838 0.0158976 0.0133607 0.0142513 0.0172979 0.0160659 0.0162867 0.0204027 0.0214252 0.0157258 0.0146844 0.0119211 0.0122309 0.0193796 0.0140198 0.00768177 0.0108443 0.0133652 0.0170694 0.0103893 0.0102502 0.0171937 0.0150273 0.0022067 0 0 
0 0 0.00360221 0.0238926 0.0219574 0.0261376 0.0231594 0.0257191 0.0176826 0.01608 0.018354 0.0298439 0.0286997 0.0204394 0.01584 0.0157827 0.0199135 0.0229245 0.0187804 0.0285031 0.0260496 0.0235909 0.0199101 0.0225264 0.0213842 0.0218157 0.0282339 0.0351556 0.0234483 0.017718 0.0219426 0.0194802 0.0260057 0.0219785 0.0224865 0.0182938 0.025064 0.028301 0.0221256 0.0206472 0.0248363 0.0190011 0.0114008 0.0152452 0.0156221 0.0182038 0.0161032 0.0155106 0.0180784 0.0177005 0.0196999 0.0154021 0.0161107 0.0125351 0.0146708 0.0143106 0.0190953 0.0172215 0.0101622 0.00773532 0.00681038 0.00986129 0.0132618 0.0109989 0.0166623 0.0203726 0.00508127 4.87955e-05 0 
0 0 0.022664 0.0500573 0.0263217 0.0298478 0.013099 0.00721125 0.0166311 0.01998 0.0286769 0.0366649 0.0292208 0.0207085 0.0171023 0.0181577 0.0171187 0.0217597 0.0184568 0.023494 0.0245639 0.0237382 0.0198425 0.0210791 0.0204767 0.0186933 0.0225203 0.0269931 0.0268303 0.0340317 0.0409645 0.0348293 0.0316049 0.0274734 0.0224644 0.0183542 0.020271 0.0189918 0.0211061 0.0297419 0.0262691 0.018689 0.0183591 0.0153723 0.0151122 0.0183454 0.0149208 0.0128174 0.0160691 0.0209643 0.0166753 0.0122229 0.0120009 0.0131611 0.0223047 0.0160574 0.014744 0.0140648 0.011224 0.0087821 0.00501657 0.00499703 0.00871887 0.0118577 0.015998 0.0136057 0.00564717 0.000910999 0 
0 0 0.0249106 0.0547348 0.0245741 0.0126143 0.00420051 0.00335515 0.0100721 0.0214352 0.0308684 0.0323595 0.0284389 0.0150021 0.0246263 0.0256555 0.0187362 0.0173642 0.0155112 0.018433 0.0226572 0.0221097 0.0163424 0.0185337 0.0206652 0.0181059 0.0257203 0.0358497 0.0522632 0.0395442 0.0337087 0.0367424 0.0337541 0.026483 0.0261818 0.0212171 0.0208526 0.0189438 0.0220777 0.0204878 0.0215719 0.0177056 0.0129897 0.0129159 0.0122797 0.0119433 0.0101562 0.012061 0.00932238 0.0143408 0.0141258 0.0146214 0.0135392 0.0172312 0.0220641 0.0196593 0.0181258 0.0201984 0.0171212 0.0122475 0.00741566 0.00482435 0.00586742 0.00825622 0.00977651 0.0112098 0.00901336 0.003483 5.27548e-05 
0 0 0.00374998 0.0124335 0.0099294 0.00803834 0.0123013 0.0159573 0.0190528 0.0204377 0.026 0.0308259 0.0281167 0.0179864 0.0152917 0.0168084 0.0204651 0.0265284 0.01832 0.0195498 0.0244949 0.0246439 0.023735 0.0233343 0.0240609 0.0208651 0.0247226 0.0443933 0.109988 0.0661826 0.0196387 0.02214 0.0332388 0.0298955 0.0239721 0.0292644 0.0232243 0.023045 0.0286758 0.0241486 0.0168647 0.0157435 0.0124246 0.012365 0.0142989 0.0133587 0.0093607 0.0113788 0.0124941 0.0171349 0.0142223 0.0149255 0.0146265 0.023524 0.0245397 0.0202588 0.0186179 0.0189156 0.0162228 0.0188065 0.0113741 0.00772624 0.0119656 0.0083893 0.00722315 0.0113213 0.00954312 0.00683569 0.000506672 
0 0.000594078 0.00392621 0.00635464 0.0153082 0.0225053 0.0290764 0.0285232 0.0217234 0.0182588 0.024512 0.0234209 0.0214972 0.0274044 0.0289908 0.0266666 0.0315631 0.0393295 0.028724 0.0230428 0.036914 0.0420426 0.0269588 0.0192608 0.0229518 0.0172753 0.0238815 0.0259891 0.0596918 0.0447821 0.0203364 0.0176148 0.0263554 0.037798 0.0216784 0.0195437 0.0218155 0.0201657 0.023791 0.0305997 0.0195761 0.0192918 0.0188442 0.019326 0.0239593 0.0187272 0.0197958 0.016327 0.0126018 0.00935304 0.0112346 0.0167413 0.0170748 0.0194255 0.0183676 0.0155822 0.0186792 0.0221148 0.0172834 0.0155939 0.015404 0.0154834 0.0111187 0.0113918 0.0126998 0.0141827 0.0137479 0.0104441 0.000826097 
0 0.00392445 0.0204463 0.0231459 0.0293273 0.0321132 0.0346928 0.0271036 0.0202083 0.0160764 0.0192206 0.0219799 0.0193335 0.0218295 0.0258155 0.0284677 0.0231356 0.0246494 0.025293 0.0259724 0.0251705 0.0418867 0.0247089 0.0159559 0.0176291 0.0173294 0.0187647 0.0165882 0.0237504 0.024891 0.0189525 0.0228558 0.0248638 0.0446469 0.0248956 0.0108457 0.00847971 0.0108263 0.012937 0.0135001 0.0211987 0.0189496 0.0180453 0.0223751 0.0246485 0.0234308 0.0185988 0.0282709 0.0237537 0.0151154 0.0129448 0.0166182 0.0244995 0.0217383 0.0193368 0.0170876 0.0190948 0.0195467 0.0131412 0.0116718 0.0191487 0.0145608 0.0125736 0.0152478 0.0139353 0.011516 0.0136621 0.0118488 0.000892458 
1.15245e-05 0.00616218 0.0188757 0.0175775 0.0199323 0.029522 0.0380148 0.0438429 0.0235394 0.0130507 0.0177456 0.0235823 0.0239554 0.0234346 0.0210875 0.0206173 0.02666 0.0293428 0.0404357 0.0282187 0.0252019 0.0209031 0.0169411 0.013834 0.0097201 0.0143224 0.013128 0.019049 0.0158499 0.01589 0.0241736 0.029823 0.0243419 0.0436825 0.023609 0.0124787 0.0137718 0.0173292 0.0174794 0.0128704 0.0148194 0.0161294 0.0192359 0.023039 0.02488 0.025613 0.0197158 0.0190393 0.0171015 0.0179292 0.0174693 0.0148772 0.0245054 0.0241703 0.013275 0.0112429 0.0141988 0.0145233 0.0113368 0.0111959 0.0145405 0.0197045 0.0169049 0.013979 0.0137354 0.00860338 0.0103566 0.0106165 0.00184471 
0.00017952 0.00584672 0.0116263 0.011459 0.0196898 0.0261037 0.0276156 0.033651 0.0226117 0.017363 0.0167076 0.0234513 0.0212327 0.0237824 0.0253128 0.025452 0.0252795 0.036655 0.0579501 0.0367803 0.0227679 0.0184289 0.0189259 0.0128568 0.0156826 0.0234587 0.0235656 0.0258689 0.0240279 0.0247806 0.0222679 0.0250758 0.0280054 0.0433515 0.032881 0.032916 0.041853 0.0465492 0.0524485 0.0400765 0.0245114 0.0182942 0.0184814 0.0201175 0.0255371 0.0230383 0.0216471 0.0160689 0.0111339 0.0181698 0.0196838 0.0212123 0.0417576 0.0474822 0.0199045 0.016303 0.0122905 0.0123093 0.0106599 0.0136374 0.0194671 0.0225282 0.018871 0.0148195 0.0131755 0.0157724 0.0148638 0.0098028 0.00104203 
6.72067e-06 0.00499963 0.0108978 0.0129936 0.0236548 0.0283352 0.0266206 0.0243948 0.0132298 0.0174126 0.0211034 0.0255849 0.0284062 0.0225276 0.020874 0.0243904 0.0273465 0.0371578 0.0364115 0.0265218 0.0207267 0.0248147 0.0339581 0.0228067 0.0207391 0.0197705 0.0291778 0.0321588 0.0268725 0.0244441 0.0251668 0.022851 0.0232583 0.0403019 0.0433167 0.052161 0.0989544 0.097973 0.0593009 0.052337 0.0356135 0.0227042 0.0165024 0.0227526 0.0313272 0.0235502 0.0133571 0.0155545 0.0149981 0.0172506 0.0161885 0.0230729 0.0260252 0.0352198 0.0229791 0.014813 0.0157201 0.0154749 0.0120927 0.0204314 0.0222907 0.0179103 0.0256356 0.0232171 0.0192067 0.0190413 0.0129437 0.0049181 7.90331e-05 
4.99621e-05 0.00498699 0.00985589 0.0105536 0.0113244 0.0180333 0.0259975 0.0180426 0.0138221 0.0143654 0.028882 0.0315497 0.0277326 0.0210403 0.013887 0.0223166 0.0230277 0.0246902 0.0241623 0.0241692 0.0222083 0.0225765 0.025098 0.0285636 0.0198295 0.0231137 0.0357605 0.0344499 0.0303907 0.0247075 0.0176577 0.018784 0.0262892 0.0342626 0.0396841 0.0847843 0.171297 0.13198 0.0473061 0.041507 0.0344553 0.0281292 0.0190184 0.0194723 0.0250361 0.0187184 0.0193885 0.0119406 0.0183728 0.0227104 0.0164112 0.0178677 0.0190284 0.0262311 0.0179642 0.0157906 0.0161436 0.0159219 0.0148034 0.0211729 0.013384 0.0140185 0.0178298 0.0175057 0.0198055 0.013035 0.0084919 0.00135321 2.3122e-05 
9.74077e-05 0.0064739 0.0114021 0.00516432 0.00244487 0.0163342 0.0204162 0.018897 0.0139986 0.0104839 0.0327537 0.0323942 0.0260793 0.0158683 0.0150866 0.0257633 0.0240421 0.0170423 0.0175656 0.01572 0.0239144 0.0323592 0.0263454 0.0265822 0.0254321 0.0263693 0.0325939 0.0404537 0.0312102 0.0265879 0.0204585 0.0166256 0.016161 0.0210006 0.0292522 0.0366826 0.0454107 0.0371481 0.0370475 0.0338802 0.0298987 0.0344276 0.0186237 0.0103303 0.0177363 0.0163333 0.0135147 0.0107498 0.019833 0.0224721 0.0160171 0.0131571 0.0206402 0.0230205 0.0203844 0.0177155 0.0164009 0.0181263 0.0168652 0.0149479 0.0134336 0.0161663 0.0208035 0.0191706 0.0164781 0.0131588 0.00860864 0.00561374 0.00157947 
0.000426009 0.00559081 0.00699047 0.00639098 0.00529474 0.0170789 0.0240661 0.0179016 0.0155155 0.0151821 0.0242774 0.018889 0.0263236 0.0230032 0.0204709 0.0212308 0.0165281 0.0212717 0.0188842 0.0214116 0.0267161 0.0281188 0.0237024 0.0255559 0.0305014 0.0280061 0.0326089 0.030862 0.0376683 0.0328294 0.0240927 0.0180407 0.0230334 0.0251154 0.0256818 0.0249395 0.0394215 0.0411341 0.0369592 0.0404695 0.0294912 0.0375894 0.0434091 0.0228968 0.0225511 0.0215095 0.0160247 0.0152248 0.019921 0.0221643 0.0198826 0.0221085 0.0185423 0.0213909 0.0249131 0.0246785 0.0245495 0.0185432 0.0227887 0.012862 0.0130452 0.0138542 0.0276268 0.0325736 0.0223246 0.0211916 0.0232362 0.0138671 0.00396396 
2.8051e-05 0.00149596 0.00365898 0.00180607 0.00571588 0.0199308 0.0187793 0.0206976 0.0185358 0.016481 0.0180174 0.0210201 0.0350869 0.0314801 0.0161199 0.0195421 0.0166773 0.0203297 0.0232973 0.0249096 0.0234565 0.0244542 0.0284944 0.024267 0.0339066 0.0321134 0.0246281 0.0282059 0.0280434 0.0291443 0.0282287 0.0226637 0.0314851 0.0317575 0.0232024 0.0277398 0.0354601 0.0377662 0.0325365 0.0406811 0.0342633 0.0275307 0.04051 0.0441662 0.06013 0.0452051 0.0256079 0.0196798 0.0176485 0.0218878 0.024945 0.0262826 0.0230701 0.0171315 0.0210486 0.0212094 0.016736 0.0160726 0.016692 0.0186444 0.0155448 0.0149688 0.0225035 0.0253058 0.0235711 0.0210858 0.0204182 0.016093 0.0034031 
0 9.15361e-05 0.000624807 0.000334543 0.0102768 0.0233363 0.0207909 0.0221192 0.0195938 0.0125345 0.0180311 0.0232168 0.0297092 0.0298683 0.0175634 0.0138267 0.0135656 0.0185262 0.0185373 0.0162445 0.0167794 0.021706 0.0257457 0.0215739 0.0315134 0.0324982 0.0269913 0.0266773 0.0173187 0.0172344 0.0171747 0.0300714 0.0347109 0.0327415 0.0245427 0.0256896 0.0268165 0.021199 0.0204034 0.0295731 0.0472213 0.0273574 0.0298927 0.0301909 0.0317531 0.0434438 0.0210809 0.0167053 0.0148176 0.0143676 0.0236039 0.0340811 0.035432 0.0227659 0.0206682 0.0166909 0.0182612 0.0163352 0.0156497 0.0140622 0.0143579 0.0137764 0.0115399 0.0166878 0.019775 0.0202407 0.0147741 0.0105192 0.00112416 
0 1.25611e-05 0.00228621 0.00486366 0.0160165 0.0313132 0.0334821 0.0253868 0.0169644 0.0253356 0.0208901 0.0231173 0.0273182 0.0264705 0.0205189 0.014798 0.0142524 0.0107706 0.0121876 0.0195785 0.0249716 0.0248549 0.0216363 0.0246073 0.0345312 0.0270161 0.0253244 0.0311976 0.0207002 0.020743 0.0198107 0.0289641 0.0333289 0.0241077 0.0232459 0.0232343 0.0248199 0.0181197 0.0192302 0.0205858 0.0290545 0.0218712 0.0271113 0.0256694 0.0216066 0.0310542 0.0216776 0.0191738 0.0156647 0.0150475 0.0144206 0.0240323 0.0331557 0.0196427 0.0198494 0.0182312 0.0178435 0.0206782 0.0201125 0.0165353 0.0160831 0.0153866 0.0161082 0.0174444 0.0188101 0.0197662 0.0133972 0.00568421 0.000501099 
0 0.00103334 0.0148196 0.0175132 0.0192693 0.0249056 0.0215348 0.0152781 0.0150843 0.0226794 0.0192834 0.0208382 0.0217002 0.0226653 0.0223431 0.0186487 0.0189453 0.0179234 0.0110678 0.020806 0.0239498 0.0221024 0.0259655 0.0272069 0.0302641 0.0231904 0.0254057 0.0249732 0.0217459 0.0205797 0.0218432 0.0234331 0.0271756 0.0282902 0.0249695 0.0289743 0.0242128 0.0205621 0.0263503 0.026844 0.0198558 0.0177433 0.0184538 0.0161063 0.0277195 0.0408095 0.0344249 0.0193158 0.0149233 0.016515 0.0139914 0.0186107 0.0230784 0.0166658 0.0133721 0.020165 0.0209616 0.0180677 0.020744 0.0177183 0.0114931 0.00571037 0.00842653 0.0152753 0.0148928 0.019068 0.0146555 0.00443673 0.000130041 
0 0.00541074 0.0281903 0.0291897 0.0216742 0.0182267 0.0175756 0.0104656 0.0167928 0.0254598 0.0209285 0.0251559 0.0239637 0.0199251 0.0176872 0.0168051 0.0177495 0.0229537 0.0177027 0.0252859 0.025151 0.0251484 0.0214599 0.0263637 0.0239614 0.0256621 0.0254989 0.0253485 0.0229556 0.0225498 0.0203503 0.0196365 0.0219891 0.0216187 0.0225864 0.0247969 0.0215366 0.0166485 0.0208119 0.0303166 0.0185405 0.0194283 0.0196562 0.022818 0.0332918 0.0604791 0.0333951 0.0189742 0.0233759 0.0198635 0.0206799 0.0171375 0.0209932 0.0205672 0.0185652 0.017238 0.0158392 0.0196768 0.0205279 0.0184358 0.0155246 0.00909694 0.00947416 0.019432 0.0230749 0.0162439 0.0147719 0.00724891 0.000567285 
0 0.00419617 0.0167136 0.0144991 0.0129855 0.0166653 0.0149528 0.0133545 0.0144661 0.0190962 0.0258305 0.0284334 0.0342359 0.0219802 0.020809 0.021509 0.018766 0.0226642 0.027663 0.0222119 0.0198002 0.020415 0.0187465 0.0212181 0.0194124 0.0190582 0.0192908 0.0249102 0.0229121 0.0229904 0.0227143 0.0170457 0.0192567 0.0233634 0.0233216 0.0226466 0.0231349 0.0154707 0.0225635 0.0252585 0.0238635 0.0203989 0.0195295 0.0190164 0.0226076 0.0269247 0.0213973 0.017834 0.0208998 0.0235098 0.0213542 0.0153866 0.018296 0.0173174 0.0177734 0.0136274 0.0133402 0.0204009 0.0180131 0.0227043 0.0176037 0.0128911 0.0128914 0.0133947 0.0172143 0.0199481 0.0160354 0.00897063 0.000434086 
0 0.00113837 0.0115811 0.014457 0.0128308 0.0173953 0.0194485 0.0203496 0.0142612 0.0180627 0.0168481 0.0235387 0.0283541 0.0238106 0.016464 0.0145006 0.0247826 0.0412725 0.0281476 0.0200338 0.0244083 0.0211793 0.0221612 0.0238742 0.0182132 0.0181878 0.0217918 0.0221122 0.0196467 0.0271949 0.0212924 0.0224801 0.0175289 0.0240908 0.0199046 0.0203913 0.0233381 0.0145851 0.0231911 0.0210832 0.0259939 0.0216958 0.0176776 0.014717 0.0151479 0.0220726 0.0236481 0.0230296 0.0225655 0.0242387 0.0228902 0.0155399 0.0209565 0.0202941 0.0123978 0.011568 0.0156346 0.0160926 0.0196543 0.0188368 0.0157812 0.0132806 0.0137495 0.0122821 0.0155232 0.0117152 0.00530513 0.000794533 0 
0 0.00194338 0.0132862 0.0239902 0.0241453 0.0301799 0.0229149 0.0178298 0.0172279 0.0194079 0.0129869 0.0154673 0.0197372 0.0203369 0.021794 0.0204103 0.0242313 0.0280154 0.0192142 0.0145891 0.0211274 0.0209632 0.0238342 0.0201747 0.018094 0.0199822 0.0230889 0.0243924 0.0223183 0.0202559 0.0176067 0.0228551 0.0189909 0.0218927 0.0225605 0.0243612 0.0170378 0.0121251 0.0221223 0.0138948 0.0164719 0.0229629 0.01974 0.0187926 0.0230997 0.0265542 0.0261953 0.0281048 0.0220712 0.0197028 0.0170167 0.0166461 0.0187157 0.0159717 0.0124274 0.012393 0.0188571 0.0229998 0.0189442 0.0147546 0.013478 0.0108691 0.0109364 0.0104689 0.00648836 0.00174339 0.000641518 0.00043447 0 
0 0.00116279 0.00542673 0.0215654 0.0378179 0.0472782 0.0204088 0.0135427 0.0172571 0.0241444 0.0165182 0.0138851 0.0186765 0.0193348 0.0237792 0.0298462 0.0186434 0.0242227 0.0240409 0.0224491 0.0201361 0.0215986 0.0248525 0.0190001 0.0221132 0.0203948 0.021251 0.0250888 0.0208088 0.0276921 0.0175379 0.0165209 0.0247548 0.0263346 0.026205 0.0225301 0.0117118 0.0148404 0.0234768 0.020384 0.0154542 0.0197746 0.0190649 0.019312 0.0289864 0.0325671 0.0271482 0.0224484 0.0194415 0.0129009 0.0183043 0.0195382 0.0155092 0.0138677 0.0136988 0.0183898 0.0193381 0.0239898 0.0181936 0.0160581 0.0169247 0.0144761 0.00741466 0.00946279 0.00155807 4.2898e-05 2.65766e-05 3.82498e-05 0 
0 1.7939e-05 0.00223452 0.0153264 0.0325688 0.028657 0.0145562 0.0179707 0.0221132 0.0179609 0.018341 0.0227646 0.0313998 0.025645 0.0272112 0.0258566 0.0194076 0.0221271 0.0241279 0.0233108 0.0283532 0.0259238 0.019287 0.0180944 0.0195365 0.022828 0.0238922 0.02434 0.0227913 0.0219242 0.0226426 0.0193406 0.0214958 0.0298286 0.0334588 0.0227493 0.0174905 0.0188218 0.0251141 0.0230902 0.0189163 0.0149236 0.0242226 0.0234546 0.030237 0.0253006 0.019363 0.0186332 0.0142167 0.0151127 0.0198304 0.0188926 0.0155436 0.0176074 0.0146823 0.0167917 0.0170641 0.0277603 0.0212739 0.0157415 0.0166112 0.0166108 0.00578736 0.00477244 0.00150708 0.00100214 0.000700529 0 0 
0 0 0.000238004 0.00178721 0.00845433 0.00813039 0.00554556 0.0106737 0.0157671 0.012599 0.0189796 0.0191501 0.0294992 0.0310386 0.0287157 0.0256366 0.0268868 0.017134 0.0223644 0.020398 0.026129 0.0296885 0.0270377 0.0239073 0.0214727 0.0215347 0.0207004 0.0378722 0.038329 0.0217798 0.022998 0.0161754 0.0218478 0.0189092 0.0229579 0.0245467 0.0221172 0.0155393 0.017926 0.0269882 0.0245476 0.0207091 0.0232552 0.0258527 0.0285274 0.0244405 0.0185051 0.0189366 0.015908 0.0169772 0.0194373 0.0201258 0.0141591 0.0165105 0.0148484 0.0186563 0.0243982 0.0326014 0.0263552 0.0150968 0.0145869 0.0178951 0.0105279 0.00311706 0.00178045 0.000685218 0.000135492 0 0 
0 0 0 3.62621e-05 0.000437809 0.00113229 0.00497784 0.0105859 0.0118559 0.0145271 0.0146211 0.0136767 0.011602 0.0115598 0.0104846 0.0232359 0.0274087 0.0175401 0.0194148 0.0213498 0.0341836 0.0419173 0.0398459 0.033222 0.0231281 0.0186573 0.0187846 0.026142 0.0316885 0.0213166 0.0125549 0.0132639 0.0157488 0.0144045 0.0169494 0.0184413 0.0205877 0.0197328 0.0166675 0.0170332 0.0139486 0.0182135 0.0265891 0.0311805 0.0286657 0.019035 0.0171812 0.0166069 0.0135577 0.0175199 0.0217375 0.0189751 0.0151216 0.0177431 0.0233595 0.0246503 0.021534 0.0225397 0.0195573 0.0101214 0.0134585 0.00962727 0.00984221 0.00505627 0.00223949 0.00124894 0.000344494 0 0 
0 0 0 0.000198439 0.00194165 0.00618279 0.0144117 0.011476 0.0101455 0.0112829 0.0142414 0.0159256 0.0130271 0.0134644 0.0148272 0.0228476 0.0195017 0.0148628 0.0208614 0.0239431 0.0286976 0.029719 0.0339457 0.0347624 0.0273086 0.0157875 0.0125852 0.00996744 0.0152346 0.0211371 0.0210103 0.0165409 0.0144601 0.0176762 0.0172747 0.0123288 0.0144306 0.0229002 0.020886 0.0227196 0.0183687 0.0203954 0.0256046 0.0243427 0.0314321 0.024063 0.0188431 0.0183632 0.01443 0.0217689 0.0170881 0.0192212 0.0173972 0.0150228 0.0263742 0.0301384 0.0270374 0.0207279 0.0154899 0.0174124 0.0142571 0.0126965 0.0144475 0.00766831 0.00481754 0.00368492 0.00123913 0 0 
0 0 0 8.63703e-05 0.00220329 0.00831321 0.0126382 0.00949823 0.0104659 0.0165893 0.0210708 0.0254385 0.0247905 0.024323 0.0253311 0.0195446 0.0175005 0.0226937 0.0236861 0.0250681 0.0151085 0.0171065 0.0260855 0.0283735 0.0234767 0.0140664 0.0158472 0.013692 0.0114188 0.0158659 0.0162898 0.0195417 0.0199799 0.0126172 0.0112868 0.0171736 0.0169858 0.029541 0.0274617 0.0167077 0.0223823 0.0266094 0.0226968 0.0222812 0.0251549 0.0223038 0.0180015 0.0169327 0.0200934 0.0206269 0.0195605 0.0181643 0.0174316 0.0149892 0.0207813 0.0331657 0.0208319 0.0144429 0.0120863 0.0243611 0.0187659 0.0185895 0.0141523 0.0106964 0.00563014 0.00424032 0.00147458 0 0 
0 0 0 0.0001875 0.00314094 0.00837318 0.00424722 0.00986055 0.00846061 0.0103836 0.0194373 0.0213653 0.0185516 0.0208014 0.0243486 0.0180265 0.0185659 0.0221016 0.019299 0.0206063 0.0191378 0.0168248 0.0163937 0.0220064 0.0223008 0.0166646 0.0138465 0.0138407 0.0173306 0.0171549 0.0192217 0.0206795 0.0227819 0.016668 0.0191623 0.0301383 0.033249 0.0247021 0.0179086 0.0214909 0.0325014 0.0240298 0.0187782 0.025844 0.021173 0.0213937 0.016045 0.0161544 0.0202229 0.0167999 0.0167708 0.0136017 0.0130529 0.0162662 0.0186686 0.0194368 0.0170219 0.0204167 0.0190883 0.0192528 0.0255178 0.0248333 0.0177897 0.00868585 0.00276594 0.00250974 0.000304838 0 0 
0 0 0 0 0.00134739 0.00734813 0.0093273 0.0419814 0.0256392 0.00490401 0.0171391 0.0207202 0.0183718 0.0188556 0.0219757 0.0190751 0.0215065 0.0226839 0.0122852 0.0157951 0.0191432 0.0189745 0.0211013 0.0271312 0.0203383 0.015637 0.0157258 0.0165584 0.0164582 0.0203045 0.0334408 0.0344686 0.0225726 0.0275403 0.0343386 0.032267 0.026754 0.0233267 0.0334155 0.0260588 0.0272928 0.0258859 0.0282564 0.0222592 0.0186138 0.0138688 0.0123234 0.0160492 0.0178319 0.0176213 0.0162977 0.00867841 0.00937278 0.0153841 0.017952 0.0172056 0.0159963 0.0156613 0.0186641 0.0196912 0.0167785 0.0167977 0.0129224 0.00309979 0.00145686 0.000176255 0 0 0 
0 0 0 0 0.000119758 0.00674382 0.00873221 0.022377 0.0151597 0.00274968 0.0137745 0.0237949 0.0157163 0.0191574 0.0222137 0.0197416 0.0225222 0.022913 0.012068 0.0101856 0.0153456 0.0222165 0.0249394 0.024455 0.0165909 0.0190466 0.0193199 0.0172663 0.0206581 0.0257542 0.0431706 0.0439065 0.0267297 0.0291271 0.0363454 0.0241381 0.0202209 0.0269624 0.0298315 0.0229692 0.0249134 0.0257518 0.0256127 0.0225868 0.0201025 0.0209613 0.0293103 0.0175592 0.0121562 0.0157178 0.0136698 0.0108522 0.00749752 0.0100773 0.0135896 0.0163154 0.0114759 0.00974768 0.0117135 0.0127917 0.00659625 0.00633741 0.0068481 0.0053129 0.0016932 0 0 0 0 
0 0 0 0 1.83056e-06 0.00120958 0.00457983 0.00245588 0.00132799 0.00529792 0.0199029 0.0233305 0.0194532 0.0200749 0.0228092 0.0376484 0.036079 0.0247153 0.0108019 0.0103911 0.0222526 0.0219951 0.0245913 0.0209107 0.0194194 0.019039 0.0198817 0.0178638 0.0163813 0.0223919 0.0279979 0.0461165 0.0289413 0.0258277 0.0294371 0.0234333 0.0131571 0.014099 0.0212949 0.0195192 0.0252377 0.0261552 0.0268588 0.0229032 0.0228477 0.0360408 0.0507786 0.0297456 0.0116705 0.016084 0.0186483 0.0141306 0.0201663 0.0170079 0.0196933 0.01745 0.0128597 0.0107679 0.0112664 0.00698612 0.00698746 0.00681185 0.00257372 0.0044169 0.00097555 0 0 0 0 
0 0 0 0 0 4.85493e-05 0.000671479 0.000586243 0.00102169 0.00832911 0.0245828 0.0257794 0.0223177 0.0181758 0.0192065 0.0485902 0.0501614 0.0203747 0.006937 0.00832968 0.01517 0.0238483 0.0284565 0.0221303 0.0185435 0.0182975 0.0158589 0.0193781 0.0165925 0.0223898 0.0280396 0.0417996 0.0385535 0.0395893 0.0251193 0.0135098 0.0106151 0.00952256 0.0139932 0.0153386 0.0218603 0.0304965 0.0327464 0.0309443 0.019829 0.0276196 0.0276749 0.0192846 0.0147651 0.0129428 0.011591 0.013815 0.0160465 0.0252154 0.039971 0.036528 0.0270464 0.0119062 0.00829388 0.00551733 0.0105758 0.0144224 0.00211951 7.61484e-05 2.73131e-05 0 0 0 0 
0 0 0 0 0 0 0 0 0.00229312 0.0138373 0.0242886 0.0274978 0.0303756 0.0233715 0.0190989 0.0275373 0.0267123 0.0153674 0.00504967 0.00910601 0.0148001 0.0150993 0.0158705 0.0149247 0.0185008 0.0208839 0.0211232 0.020273 0.0285014 0.0205669 0.0213882 0.0257593 0.0357934 0.0416893 0.022012 0.0140393 0.0099427 0.011244 0.0132475 0.0126392 0.017895 0.0215356 0.0280551 0.0267786 0.0206366 0.0217022 0.0212753 0.0212736 0.0217477 0.0157274 0.0108888 0.0080853 0.00915539 0.0286245 0.053913 0.0709533 0.0355486 0.0131161 0.0118393 0.0114134 0.0100057 0.0103539 0.00171166 0 0 0 0 0 0 
0 0 0 0 0 0 0 0 0.00279128 0.0145271 0.0255474 0.0270852 0.0197365 0.0200044 0.0215167 0.0149577 0.0113139 0.00922653 0.0101614 0.0123002 0.013715 0.0122968 0.0109476 0.0108916 0.0138333 0.0231158 0.0256975 0.0231212 0.0248 0.0189556 0.0207159 0.0234678 0.0296621 0.0289295 0.0201474 0.0142192 0.00967446 0.0107503 0.0112377 0.00659544 0.0124808 0.0163649 0.020965 0.0216575 0.0203376 0.0243244 0.0232654 0.0217716 0.0241192 0.0235919 0.0166231 0.00994069 0.0079728 0.0127429 0.0232695 0.027762 0.0299099 0.0190474 0.0154675 0.0121619 0.00434817 0.00200267 0.00011269 0 0 0 0 0 0 
0 0 0 0 0 0 0 0 0.000874342 0.00513747 0.0203054 0.0326206 0.0247134 0.0145255 0.0117565 0.0120842 0.00927353 0.0115929 0.0078024 0.00552706 0.00220538 0.00679329 0.00766314 0.0103647 0.0125029 0.0154733 0.0221424 0.0231685 0.0230428 0.0208086 0.0240361 0.0207137 0.0240859 0.0175861 0.0125061 0.0103146 0.011686 0.0154607 0.00920122 0.00509845 0.00838457 0.0153914 0.0184196 0.0275386 0.0203142 0.0227427 0.0227001 0.022774 0.0267538 0.0279792 0.0199317 0.0103267 0.0104597 0.0102881 0.0146265 0.0278116 0.0292119 0.023779 0.0203272 0.00896273 0.00199691 0.0004117 0 0 0 0 0 0 0 
0 0 0 0 0 0 0 0 0.000125043 0.00210351 0.0131898 0.0278832 0.0264477 0.0163388 0.0142824 0.0108143 0.0109517 0.0112319 0.00601924 0.0096765 0.00480615 0.00453029 0.00825662 0.0120623 0.0199767 0.0157127 0.0209833 0.0229673 0.0213736 0.018633 0.0198254 0.0163583 0.0136773 0.0140575 0.011838 0.0135232 0.0166368 0.0193853 0.0191263 0.0175255 0.0187072 0.0228079 0.0244162 0.0224132 0.0154303 0.0145312 0.0183367 0.0167818 0.0193944 0.0273617 0.0223562 0.0149721 0.024017 0.0152927 0.0121486 0.019372 0.0179273 0.0151634 0.0141551 0.00852676 0.000920879 1.50701e-06 0 0 0 0 0 0 0 
0 0 0 0 0 0 0 0 0 0.000188735 0.0104259 0.0237579 0.0209778 0.0256695 0.0207506 0.0112398 0.00766769 0.0070339 0.0216004 0.0868227 0.0385552 0.00429152 0.00713479 0.0127485 0.0196798 0.0184824 0.0177386 0.0185088 0.0229512 0.0320743 0.0240028 0.0153034 0.0135537 0.0124452 0.0128925 0.012875 0.0228676 0.0287021 0.0280982 0.0304416 0.0268831 0.0310101 0.0260976 0.0221638 0.0197213 0.0197011 0.0163741 0.0167977 0.0238243 0.025412 0.0246911 0.0136219 0.0175702 0.0215222 0.0159475 0.0137162 0.0135283 0.0133497 0.00974732 0.00524962 0.000388948 0 0 0 0 0 0 0 0 
0 0 0 0 0 0 0 0 0 0 0.00159025 0.0041784 0.0089552 0.0167778 0.0107209 0.00873451 0.00789258 0.00486508 0.0127295 0.0621761 0.033582 0.00291843 0.00766717 0.0144949 0.0191304 0.0208243 0.021029 0.0175419 0.0211403 0.0274084 0.0236188 0.0138009 0.014085 0.0161096 0.0148474 0.0154106 0.0332917 0.0323637 0.040748 0.0328495 0.0265073 0.0223695 0.0151551 0.0137133 0.0135161 0.0169846 0.0135545 0.0180452 0.0249341 0.0212528 0.0188256 0.0141943 0.017386 0.0201709 0.019718 0.0134187 0.00714882 0.00538861 0.00391896 0.000239412 0 0 0 0 0 0 0 0 0 
0 0 0 0 0 0 0 0 0 0 0 6.29869e-06 0.00112618 0.005798 0.0135984 0.0144269 0.0100117 0.0078815 0.00652789 0.00873745 0.00431776 0.00544415 0.0117062 0.0208807 0.0225374 0.024472 0.035129 0.0246332 0.0256737 0.0209995 0.020518 0.00897661 0.0109762 0.0138056 0.0163772 0.0109615 0.041853 0.0452637 0.0466907 0.0312185 0.0176542 0.0163399 0.015288 0.011045 0.00923512 0.00965658 0.016618 0.0270458 0.022548 0.0158557 0.00962616 0.0188926 0.0254176 0.0314058 0.0244162 0.00642409 0.00327937 0.000573201 0.000275645 0 0 0 0 0 0 0 0 0 0 
0 0 0 0 0 0 0 0 0 0 0 0 2.38065e-05 0.000506757 0.00644126 0.0163923 0.0111047 0.00972266 0.0101299 0.00977464 0.00661528 0.00445365 0.0154596 0.024841 0.0316745 0.0416867 0.0385775 0.0323254 0.0286308 0.0185536 0.0150153 0.0130776 0.0150494 0.0147967 0.0119813 0.00979777 0.0179081 0.0273768 0.0344604 0.0241075 0.0177329 0.0110956 0.0146348 0.0146404 0.0120628 0.00986569 0.0136382 0.0206102 0.014851 0.00748835 0.00863318 0.0238453 0.0280133 0.0233151 0.0146565 0.00221167 0.000241937 4.92555e-05 0 0 0 0 0 0 0 0 0 0 0 
0 0 0 0 0 0 0 0 0 0 0 0 0 0 0.00128475 0.00589773 0.00797969 0.0033999 0.00494365 0.00318975 0.00236902 0.00454725 0.0261969 0.0326834 0.0258495 0.0349963 0.0323455 0.0281522 0.0224699 0.0172684 0.0212153 0.0197389 0.0173473 0.00915123 0.0101144 0.0118462 0.0129651 0.0167331 0.0186683 0.0204134 0.0142927 0.00926967 0.0117537 0.0238835 0.0194576 0.0171372 0.0166601 0.0140596 0.0115027 0.0107137 0.0120283 0.0135883 0.0204254 0.0161125 0.0036748 0.000451723 0 0 0 0 0 0 0 0 0 0 0 0 0 
0 0 0 0 0 0 0 0 0 0 0 0 0 0 0 0.000364844 0.00105801 0.001094 0.00303523 0.00160671 0.00113391 0.00508875 0.0258885 0.0332312 0.0201899 0.0197672 0.0206857 0.0201611 0.0290739 0.0227902 0.0142239 0.0151575 0.014978 0.0173551 0.0144497 0.0142875 0.0151591 0.012597 0.0230325 0.0182142 0.0166331 0.00962795 0.00984661 0.0188927 0.019497 0.0216614 0.0224901 0.0172817 0.0148818 0.0173025 0.00887005 0.00467665 0.0113242 0.0059149 0.000352672 0 0 0 0 0 0 0 0 0 0 0 0 0 0 
0 0 0 0 0 0 0 0 0 0 0 0 0 0 0 0 0 0 0.000393879 0.000517277 0.00126148 0.0016272 0.0126132 0.0196587 0.0140603 0.00920718 0.0102198 0.016313 0.0227659 0.0177423 0.0103772 0.00858545 0.0132425 0.017015 0.0166532 0.0370266 0.0425104 0.0179649 0.017161 0.0166109 0.0129238 0.00891732 0.00719643 0.0234377 0.026512 0.0243965 0.0198844 0.0178782 0.0125096 0.0108361 0.00302792 0.00159238 0.000656909 8.95897e-05 0 0 0 0 0 0 0 0 0 0 0 0 0 0 0 
0 0 0 0 0 0 0 0 0 0 0 0 0 0 0 0 0 0 0 0 0.000267399 0.00037694 0.000646263 0.00442873 0.0220092 0.0164729 0.00714519 0.0176373 0.0219329 0.0148942 0.00918011 0.011873 0.0114655 0.0084195 0.0171039 0.0364916 0.0445144 0.0237516 0.0180374 0.0207675 0.0172095 0.011394 0.00915614 0.0132085 0.0120108 0.0121063 0.0134272 0.0135246 0.00321158 0.00118198 0.000295309 0.00016353 0 0 0 0 0 0 0 0 0 0 0 0 0 0 0 0 0 
0 0 0 0 0 0 0 0 0 0 0 0 0 0 0 0 0 0 0 0 0 0 0 0.00519721 0.0219086 0.0159026 0.00548429 0.013014 0.019332 0.00597327 0.00959179 0.0168648 0.0127654 0.0116962 0.0206294 0.0206644 0.0229269 0.0170079 0.0166368 0.0148863 0.0110488 0.00840719 0.00828489 0.0109605 0.00401621 0.00317711 0.00240551 0.00155882 0.000358418 0 0 0 0 0 0 0 0 0 0 0 0 0 0 0 0 0 0 0 0 
0 0 0 0 0 0 0 0 0 0 0 0 0 0 0 0 0 0 0 0 0 0 0 0.000554077 0.00916978 0.00317807 0.00035983 0.00440759 0.00320283 0.00220888 0.00745691 0.0136268 0.0173192 0.0211983 0.0245969 0.0200906 0.00870905 0.00696083 0.00913458 0.00911866 0.00758994 0.00930832 0.00466741 0.00353982 0.00175027 0.000221774 0 0 0 0 0 0 0 0 0 0 0 0 0 0 0 0 0 0 0 0 0 0 0 
0 0 0 0 0 0 0 0 0 0 0 0 0 0 0 0 0 0 0 0 0 0 0 0 7.63966e-06 6.40083e-05 2.72151e-05 0.00139563 0.000347256 0.000168605 0.000979685 0.00610255 0.00633676 0.00752086 0.0107585 0.00524316 0.000602084 0.000144265 0.000794579 0.00213986 0.00168567 0.00268744 0.000654463 7.87897e-05 0 0 0 0 0 0 0 0 0 0 0 0 0 0 0 0 0 0 0 0 0 0 0 0 0 

