0 0 0 0 0 0 0 0 0 0 0 0 0 0 0 0 0 0 0 0 0 0 0 0 0 0 0 0 0 0 0 5.32937e-05 0.000399135 0.000851569 0.00118814 0.000575966 0.00016481 0 1.26051e-06 9.33184e-05 3.92892e-05 0 0 0 0 0 0 0 0 0 0 0 0 0 0 0 0 0 0 0 0 0 0 0 0 0 0 0 0 
0 0 0 0 0 0 0 0 0 0 0 0 0 0 0 0 0 0 0 0 0 0 0 0 0 1.83357e-05 2.36375e-05 0.000919375 0.00425162 0.00288875 0.00128871 0.00504167 0.0102666 0.0140869 0.0154544 0.0115353 0.00547068 0.0022897 0.00266785 0.007226 0.00606876 0.00195413 0.000127079 0 0 0 0 0 0 0 0 0 0 0 0 0 0 0 0 0 0 0 0 0 0 0 0 0 0 
0 0 0 0 0 0 0 0 0 0 0 0 0 0 0 0 0 0 0 0 0 0 0 0 5.48991e-05 0.000358647 0.00184488 0.00994492 0.0246813 0.0241341 0.00778991 0.0058973 0.0180945 0.0314716 0.0305663 0.0231393 0.0146895 0.00938286 0.00793401 0.0181923 0.0188567 0.0106182 0.00212688 0.00039393 0 0 0 0 0 0 0 0 0 0 0 0 0 0 0 0 0 0 0 0 0 0 0 0 0 
0 0 0 0 0 0 0 0 0 0 0 0 0 0 0 0 0 0 0 0 0 0.000229125 0.00284543 0.00468626 0.00482452 0.00513994 0.012417 0.0203664 0.0322101 0.0259487 0.0219111 0.011238 0.0225437 0.0355951 0.0333602 0.0256563 0.0236922 0.0252671 0.0177891 0.0209083 0.0252473 0.0157347 0.00578929 0.003528 0.000418125 0.00011553 3.08935e-06 0 0 0 0 0 0 0 0 0 0 0 0 0 0 0 0 0 0 0 0 0 0 
0 0 0 0 0 0 0 0 0 0 0 0 0 0 0 0 0 0 8.80524e-05 0.000335154 0.00297718 0.00734807 0.0133427 0.0100271 0.012702 0.0172071 0.0199796 0.0263877 0.0294004 0.0271978 0.0237814 0.0206705 0.0321308 0.0284084 0.0278306 0.0235092 0.0232718 0.0278703 0.0256233 0.0375147 0.0213138 0.0105405 0.011177 0.00713175 0.00617294 0.00682712 0.00388692 0.000365283 0.000983372 0.000391176 0 0 0 0 0 0 0 0 0 0 0 0 0 0 0 0 0 0 0 
0 0 0 0 0 0 0 0 0 0 0 0 0 0 0 0 9.0771e-07 0.00113228 0.00382616 0.00617275 0.0121494 0.018331 0.0208261 0.0138929 0.020039 0.0243637 0.0278023 0.0189266 0.0197581 0.0245631 0.0235917 0.0222981 0.0224416 0.0218588 0.0175932 0.0192857 0.0216131 0.0292365 0.0241049 0.0251737 0.0200201 0.0155636 0.0209626 0.016406 0.014103 0.00962678 0.0115477 0.00498008 0.00491813 0.00476319 0.00128611 0.00117667 0.00182281 0.000308828 0 0 0 0 0 0 0 0 0 0 0 0 0 0 0 
0 0 0 0 0 0 0 0 0 0 0 0 0 0 0 1.00946e-05 0.000601953 0.00396194 0.00498995 0.00485066 0.00572319 0.00962307 0.0158306 0.017401 0.0232778 0.0251817 0.0254468 0.0276408 0.0197726 0.0183697 0.0217807 0.0212643 0.0265629 0.0278998 0.027973 0.0235057 0.0196794 0.0236277 0.0258581 0.0256195 0.01941 0.0270278 0.0267925 0.0220008 0.0193783 0.0187704 0.0205659 0.00545822 0.00906207 0.0196997 0.00991003 0.00446156 0.00903243 0.00459876 0.000119842 0 0 0 0 0 0 0 0 0 0 0 0 0 0 
0 0 0 0 0 0 0 0 0 0 0 0 0 0 0 2.38646e-05 0.000592077 0.00346004 0.00889745 0.00251881 0.00108024 0.00440351 0.0136004 0.0139963 0.0221537 0.027789 0.0269359 0.0251766 0.0174337 0.0160124 0.0199977 0.0204711 0.0266045 0.0417547 0.0443735 0.0335278 0.0252627 0.0218148 0.0277504 0.0311159 0.0253974 0.0248032 0.0249191 0.0187387 0.0214235 0.0232277 0.0158076 0.0018617 0.00501836 0.0131536 0.0158283 0.00687034 0.00909369 0.00714314 0.00254546 0.00114624 2.07765e-06 0 0 0 0 0 0 0 0 0 0 0 0 
0 0 0 0 0 0 0 0 0 0 0 0 0.000182684 0.000901001 0.000363356 0.00030209 3.65962e-06 0.0013596 0.00399919 0.00538166 0.00175016 0.00220312 0.0127155 0.0103543 0.0111811 0.0116495 0.0122797 0.0220667 0.0221878 0.0161696 0.0207637 0.0228299 0.035111 0.0616488 0.0427952 0.0278118 0.0262616 0.0253625 0.0224212 0.0293772 0.029162 0.0187344 0.0214222 0.0217431 0.0217706 0.0220875 0.00915216 0.000797243 0.00526155 0.0104293 0.0186472 0.0167181 0.0216218 0.0166251 0.0114352 0.00861591 0.00045977 0.000125044 0 0 0 0 0 0 0 0 0 0 0 
0 0 0 0 0 0 0 0 0 0 0 0.000109241 0.00266134 0.00489289 0.00454016 0.00438095 0.00216217 0.000275399 0.0016986 0.00326107 0.00259462 0.00280872 0.0102647 0.0129123 0.00966231 0.00991245 0.0110351 0.0177129 0.0195431 0.018251 0.0193967 0.016394 0.0182549 0.0309722 0.031288 0.0267515 0.0202737 0.0174744 0.0246128 0.0359601 0.033848 0.0289635 0.0201102 0.0229991 0.0234971 0.0265714 0.0147182 0.00779745 0.0112758 0.0160444 0.019574 0.0167737 0.0196595 0.0213506 0.0141935 0.00826786 0.00717085 0.00567987 0.000420251 0 0 0 0 0 0 0 0 0 0 
0 0 0 0 0 0 0 0 0 0 0 4.72765e-05 0.00304742 0.00714545 0.00641608 0.00641536 0.00627651 0.00574672 0.0030007 0.00609964 0.00800654 0.00440503 0.0106239 0.013053 0.0140428 0.0134909 0.0111861 0.00891008 0.00839106 0.0141073 0.0203098 0.0175877 0.013247 0.0142601 0.0237868 0.0212559 0.0183438 0.0178619 0.0232495 0.0353707 0.0329097 0.035294 0.0256011 0.025167 0.0271535 0.0256989 0.0211559 0.0135642 0.0199613 0.0254725 0.0244608 0.0209033 0.0225061 0.022579 0.0152851 0.0120407 0.0121921 0.0109947 0.00288704 0 0 0 0 0 0 0 0 0 0 
0 0 0 0 0 0 0 0 0 0.000169717 0.00211336 0.00162082 0.000895126 0.00483749 0.00770521 0.0124499 0.0100739 0.0043121 0.00505923 0.00948226 0.0124723 0.00859035 0.0105888 0.0113508 0.0145419 0.0118854 0.010515 0.00878602 0.00755739 0.0115761 0.0164295 0.0100223 0.0106326 0.0136982 0.011309 0.0177493 0.0143192 0.0179563 0.0226236 0.0266997 0.0362102 0.0409255 0.0340339 0.0290268 0.0386617 0.0287378 0.0196657 0.0238542 0.0324922 0.0318711 0.0294341 0.0226659 0.0245915 0.0218623 0.0137527 0.0125067 0.0165699 0.0140241 0.00576538 0.00276478 0 0 0 0 0 0 0 0 0 
0 0 0 0 0 0 0 0 0.000174707 0.00639283 0.0124838 0.00833519 0.00414048 0.0056882 0.00709586 0.0103703 0.0119559 0.00719627 0.00426919 0.00470678 0.0104473 0.0130795 0.0114458 0.013568 0.0145962 0.0133984 0.00984629 0.0117171 0.00843346 0.0102776 0.0115016 0.0135436 0.0168219 0.0151653 0.014015 0.0113956 0.0177543 0.0231703 0.0232574 0.0264216 0.0281574 0.02137 0.0250698 0.0279742 0.0292635 0.0279076 0.0279867 0.0282187 0.0331912 0.0263646 0.0204476 0.0183377 0.0199291 0.0239824 0.0208623 0.0241055 0.021288 0.0165632 0.0102366 0.00215855 0 0 0 0 0 0 0 0 0 
0 0 0 0 0 0 0 0.000169615 0.00589513 0.0141866 0.0130295 0.0121375 0.0110568 0.00675184 0.00683768 0.0109123 0.0145764 0.00968146 0.00604836 0.00480595 0.00628668 0.0105198 0.0133609 0.0137562 0.0154837 0.0170633 0.00976304 0.0142717 0.0103264 0.0102179 0.017885 0.012413 0.0189544 0.018604 0.0146629 0.0124707 0.0205206 0.0187222 0.0195926 0.0248305 0.0230752 0.0177308 0.0188537 0.0272826 0.0265946 0.0259923 0.0266273 0.0277675 0.0266267 0.0250193 0.0169692 0.0152677 0.019673 0.0228886 0.0232751 0.0281247 0.0242387 0.0179038 0.0118029 0.00166153 0.000601414 1.6137e-05 0 0 0 0 0 0 0 
0 0 0 0 0 0 3.18591e-06 0.00379323 0.0173322 0.0176106 0.0180888 0.0150461 0.00631846 0.010018 0.00802162 0.00850022 0.0121483 0.0103839 0.0120458 0.0127279 0.00818548 0.00798916 0.0123896 0.0105888 0.0156875 0.0164782 0.0122072 0.0140908 0.0119088 0.0170433 0.0209999 0.0182889 0.0200172 0.0161537 0.0165972 0.0176785 0.0157559 0.0203967 0.0166481 0.0170955 0.0217187 0.0226836 0.0216442 0.0214606 0.0267669 0.0225341 0.0191127 0.0186888 0.0244223 0.0230337 0.0195655 0.0235706 0.0206155 0.0214365 0.0227458 0.0250738 0.0201864 0.0160855 0.0193779 0.00788383 0.0140367 0.0064008 0.000328376 0 0 0 0 0 0 
0 0 0 0 0 0 0.000654061 0.0418008 0.0592718 0.0243381 0.0191804 0.0134538 0.00583101 0.00777274 0.0060896 0.00844016 0.0118683 0.0107835 0.0196278 0.0160227 0.0156535 0.0141577 0.0106504 0.012266 0.0122601 0.0103422 0.0161591 0.012278 0.0151756 0.0213342 0.021438 0.0193903 0.0243486 0.0206431 0.0184232 0.0149646 0.0155802 0.0166731 0.0188331 0.0160543 0.0258035 0.0273796 0.0242231 0.0210752 0.0207308 0.0277845 0.0201076 0.0206866 0.0225928 0.0233782 0.0276638 0.0299756 0.0225096 0.0197605 0.0198303 0.0206203 0.0216226 0.0121431 0.0128439 0.0125972 0.0246403 0.0216037 0.00739336 0.000530451 0 0 0 0 0 
0 0 0 0 0 0 0.00222742 0.0483201 0.0596996 0.0232699 0.0180152 0.0201389 0.0116117 0.00621203 0.00397688 0.00625242 0.00894767 0.014894 0.0219998 0.0179578 0.0219879 0.0227819 0.0192671 0.0187743 0.0230763 0.0121276 0.0110633 0.0132165 0.0213479 0.0175697 0.0146738 0.020088 0.0222544 0.0270048 0.0186756 0.0173599 0.0131632 0.0150239 0.0139638 0.0171659 0.0186189 0.018768 0.0221122 0.021585 0.0217544 0.026161 0.0227719 0.0224283 0.0234895 0.0261964 0.0288879 0.0215772 0.0149106 0.0140337 0.0124488 0.0197721 0.0215487 0.0164182 0.0131499 0.0126227 0.0272488 0.036037 0.0273344 0.00500221 4.44988e-05 0 0 0 0 
0 0 0 0 0 0 0.00130297 0.0110588 0.0195406 0.0167287 0.00650022 0.00867338 0.00730026 0.00772839 0.00350338 0.00254797 0.00979719 0.0150243 0.0113434 0.0154795 0.0131757 0.018469 0.0169687 0.0156239 0.0180936 0.0170198 0.0144413 0.0149019 0.0245482 0.020581 0.0147122 0.015334 0.0187678 0.0206268 0.0184222 0.0213313 0.0180588 0.0159218 0.0149997 0.0174739 0.019344 0.0176909 0.0211357 0.0209547 0.0232687 0.0262287 0.0214688 0.0253027 0.0278276 0.0314726 0.0272317 0.0125102 0.0081218 0.00671238 0.00782307 0.0159817 0.0195469 0.0168963 0.0153995 0.0144054 0.0252388 0.0375124 0.0313867 0.0135685 0.000450163 0 0 0 0 
0 0 0 0 0 0.000127492 0.00197447 0.00361632 0.00487938 0.00497769 0.00108554 0.000563323 0.000354309 0.00139365 0.00180623 0.00347676 0.0111505 0.0172549 0.0117219 0.0150556 0.0145744 0.0209436 0.0190057 0.0195891 0.0181223 0.0192918 0.0169181 0.0133321 0.0227016 0.0227891 0.0232824 0.0223421 0.0224172 0.0172477 0.0191323 0.0220034 0.0195488 0.0185436 0.0138322 0.0173456 0.0180923 0.0249578 0.0265852 0.0241713 0.0226199 0.0203838 0.0278984 0.0218866 0.0232008 0.0333973 0.028786 0.0171466 0.0135918 0.010241 0.0150033 0.0177039 0.0215476 0.022179 0.0140272 0.0193313 0.0313299 0.0416391 0.0308446 0.0185081 0.00334153 0.000137994 0 0 0 
0 0 0 0 0 2.38358e-05 0.00014446 0.00143429 0.00175863 0.002121 0.00276242 0.00209179 0.00279057 0.00435188 0.00738255 0.0077039 0.0183779 0.0177409 0.0121675 0.00992733 0.0145068 0.0141684 0.0185148 0.0186194 0.012735 0.0114716 0.0174118 0.016096 0.026459 0.0266381 0.0247489 0.0205456 0.0170643 0.02052 0.0148914 0.0147457 0.0130809 0.0155382 0.0155763 0.0196921 0.0191432 0.0240401 0.0303766 0.0265467 0.0263465 0.0212417 0.0264637 0.0198998 0.0178601 0.0248033 0.0222991 0.02013 0.0205828 0.0186173 0.021489 0.0203513 0.0230989 0.0219693 0.0155975 0.023273 0.0494924 0.0727175 0.0362561 0.0235065 0.0088375 0.00118591 5.13992e-06 0 0 
0 0 0 0 0 0 0 2.87606e-05 0.000714537 0.00316536 0.00721582 0.00910476 0.0115651 0.00921227 0.0115881 0.0111417 0.0203686 0.0171335 0.0129828 0.00843257 0.0142989 0.0153026 0.019881 0.0155629 0.0139117 0.0133043 0.013083 0.0156517 0.0209456 0.0218641 0.0183069 0.0255881 0.0178258 0.0182102 0.0180391 0.0150477 0.0177143 0.0170762 0.0130474 0.0135791 0.0164861 0.0279418 0.0278769 0.0311286 0.0265831 0.0204531 0.0221523 0.0146133 0.0187427 0.0249039 0.0241749 0.0192352 0.0216892 0.0216371 0.0270586 0.0192073 0.0188309 0.0206399 0.0166623 0.0249267 0.0456839 0.0748479 0.0410073 0.0312572 0.0194277 0.0112048 0.000144998 0 0 
0 0 0 0 0 0 1.07515e-05 0.00155137 0.00767238 0.0123784 0.0119131 0.0170058 0.0176687 0.01067 0.0106893 0.0186247 0.0202774 0.0181291 0.016857 0.0110473 0.0124186 0.0161292 0.0141779 0.0155889 0.021812 0.0219468 0.0220149 0.0165496 0.0132511 0.0220232 0.0216152 0.0232865 0.0141534 0.0183294 0.0150951 0.0165152 0.0198038 0.0199053 0.0168763 0.017881 0.0173397 0.0217002 0.0239685 0.0296932 0.0198687 0.0174764 0.016777 0.0254426 0.0273657 0.023189 0.0196679 0.0222954 0.0228677 0.0262846 0.0205419 0.0226201 0.0253517 0.0229401 0.0186727 0.0240962 0.0296061 0.0287612 0.0224559 0.025051 0.0295211 0.0210001 0.00147135 0 0 
0 0 0 0.000123536 0.00046705 8.21049e-05 0.0007841 0.00639829 0.0123043 0.0139078 0.0118882 0.0156854 0.0160781 0.013855 0.0124885 0.0150239 0.0183541 0.03008 0.0266357 0.0137925 0.0154868 0.0176486 0.0164458 0.0155034 0.0166312 0.024195 0.020673 0.0172264 0.0185441 0.0223134 0.0212268 0.0197166 0.0170727 0.019196 0.0160621 0.0161104 0.0172345 0.0176002 0.0168332 0.0169956 0.0203159 0.0217854 0.022679 0.0260707 0.0274161 0.0221782 0.014461 0.0246129 0.029458 0.0221972 0.024143 0.0264751 0.0315199 0.0190246 0.0218226 0.0171281 0.0173155 0.0236589 0.0239437 0.0222023 0.0205623 0.0179616 0.0211374 0.0225747 0.0286686 0.0329559 0.00673235 9.06861e-05 0 
0 0 6.54527e-07 0.00227503 0.00363331 0.00219583 0.00558825 0.015498 0.0182645 0.0165255 0.00701091 0.0132116 0.0140819 0.0119526 0.0136106 0.0153701 0.0187153 0.0423765 0.0431033 0.0143306 0.0149011 0.0195506 0.0135811 0.0137578 0.0161058 0.0201154 0.0191708 0.0213767 0.0165563 0.016749 0.022132 0.0202354 0.0237048 0.0173498 0.0133997 0.0193686 0.0186141 0.0156164 0.0157451 0.0172066 0.0208371 0.0226752 0.0190907 0.0237438 0.0277541 0.0299482 0.0270837 0.026433 0.0217987 0.022166 0.0255959 0.0265338 0.0336264 0.0252888 0.0298439 0.0258392 0.0174853 0.0184203 0.0187461 0.023844 0.0173723 0.0198261 0.0258404 0.0192939 0.0257801 0.0268069 0.00974736 0.000448536 0 
0 0 0.000843623 0.0076035 0.0130228 0.0136902 0.016093 0.0136686 0.0191464 0.0185346 0.0114065 0.0173025 0.0184332 0.0173003 0.0154568 0.0156125 0.0174446 0.032632 0.0289496 0.0140322 0.0130263 0.0180806 0.0171501 0.0155251 0.0150373 0.0128282 0.0159994 0.0168199 0.0154318 0.0141604 0.0156783 0.0233561 0.0206077 0.0160521 0.020114 0.0175063 0.0196626 0.0145822 0.0178734 0.0202639 0.0208435 0.0240417 0.0280899 0.0326966 0.0285071 0.0329694 0.0323896 0.0212353 0.0257636 0.0268141 0.034251 0.029817 0.0209648 0.0208201 0.0184161 0.0146896 0.0217253 0.0206952 0.0212149 0.0188537 0.0160486 0.0212216 0.024677 0.0261015 0.0213199 0.028768 0.0148693 0.00241649 0 
0 0.000146501 0.00484057 0.0131714 0.0156033 0.0146002 0.0159544 0.0104031 0.00914865 0.0143853 0.0145545 0.0165003 0.0184089 0.0210635 0.0149287 0.0166313 0.0163496 0.0181413 0.0148646 0.0187529 0.018544 0.0195299 0.0180875 0.016405 0.0166754 0.0142986 0.0184623 0.0171541 0.0185698 0.016861 0.0197359 0.0173154 0.0238077 0.0233405 0.0221091 0.0164473 0.0167221 0.0157523 0.0197038 0.0185156 0.0238936 0.0151619 0.0281445 0.0397691 0.0350963 0.0293517 0.0357884 0.0336337 0.0342708 0.0323517 0.0293607 0.0250873 0.0270652 0.0246219 0.0240783 0.0152624 0.0195741 0.0226797 0.0214103 0.013028 0.0176974 0.0220762 0.0189697 0.0292049 0.0258843 0.0322688 0.019968 0.00606371 0.000223253 
0 0.000707502 0.01113 0.0147375 0.0128129 0.0199808 0.0133224 0.0100988 0.01075 0.0141719 0.0122854 0.0157782 0.0169992 0.0199083 0.0215375 0.0151607 0.0115151 0.0141891 0.0183006 0.0171695 0.0170785 0.0170701 0.020644 0.0185899 0.0181582 0.0137066 0.0151482 0.0179217 0.0182086 0.0268639 0.0323817 0.0183193 0.0194325 0.0160728 0.0252419 0.021481 0.0191814 0.0187746 0.0184115 0.0216479 0.0201423 0.0176962 0.0263413 0.0300704 0.0323807 0.0246371 0.0241939 0.0297845 0.0382331 0.0350612 0.0274404 0.0220476 0.0232429 0.0276365 0.024883 0.0208514 0.0205088 0.0267125 0.0265902 0.0143572 0.0184433 0.0230601 0.0254675 0.025703 0.029741 0.0295867 0.022506 0.0094815 0.000658899 
0 0.000762667 0.00812563 0.00893655 0.00908335 0.0109917 0.011954 0.0102202 0.014078 0.0172006 0.0168753 0.0166871 0.0145278 0.0126162 0.0217214 0.0189292 0.0152602 0.014801 0.0170258 0.0161569 0.0163397 0.0181492 0.0198483 0.0197705 0.0231346 0.0193432 0.0133949 0.0166608 0.0212948 0.0259432 0.033179 0.0220737 0.0229217 0.0141929 0.0208137 0.0220564 0.0189181 0.0177634 0.0161228 0.0192636 0.0165582 0.0216209 0.0168439 0.0177056 0.0217093 0.0226718 0.0231292 0.0275998 0.0322877 0.0298339 0.0293882 0.0240817 0.0199874 0.0225675 0.027458 0.026658 0.025685 0.0296807 0.0212473 0.0152961 0.0248142 0.025427 0.0288185 0.0310242 0.0367083 0.0370678 0.0257723 0.00861794 0.00045051 
0 0.0039871 0.0107953 0.00729072 0.0055247 0.00930112 0.011216 0.0109575 0.011739 0.0144871 0.0202895 0.0142276 0.0202459 0.0159956 0.0213298 0.0142162 0.0119874 0.0154702 0.0181178 0.0175202 0.0172215 0.0196538 0.0240713 0.0269409 0.0240956 0.0181495 0.0222904 0.0182486 0.0208117 0.0206727 0.01898 0.0251283 0.0307921 0.019719 0.019584 0.0186279 0.0183732 0.0183663 0.0188965 0.0187444 0.0126262 0.0181156 0.0124358 0.0133832 0.0144713 0.02063 0.0223699 0.0220608 0.0235076 0.0225911 0.0288915 0.0278497 0.023595 0.018809 0.0232201 0.0258133 0.0274258 0.028859 0.0197084 0.0197616 0.0223559 0.0277923 0.030389 0.0336994 0.0423203 0.0402339 0.0342957 0.0119056 0.00100449 
4.6862e-05 0.0056331 0.0123625 0.0103334 0.00549158 0.00730333 0.0127662 0.0133374 0.0143156 0.0203337 0.0274515 0.0183305 0.0163462 0.0183685 0.0193506 0.0130956 0.0132141 0.0158242 0.0225048 0.0195594 0.0133903 0.0145614 0.0234778 0.0231078 0.0246625 0.0168169 0.0187322 0.0222193 0.0199219 0.0140871 0.0195523 0.0224273 0.0221859 0.0166684 0.0198653 0.0171754 0.0196281 0.023544 0.0192776 0.016929 0.0160782 0.0177333 0.0145957 0.0137813 0.0196917 0.0243988 0.0211348 0.0198166 0.0237811 0.020306 0.0242448 0.0237423 0.0179576 0.0180626 0.0207564 0.0253885 0.0300567 0.0293212 0.0186093 0.0132051 0.0167605 0.023137 0.0349111 0.0273182 0.0331777 0.0360635 0.0336683 0.0160566 0.00253271 
6.80954e-06 0.00837844 0.0309032 0.0142355 0.00320239 0.00525631 0.0169604 0.0187074 0.0147151 0.0160102 0.0165215 0.0137043 0.0128368 0.0149297 0.0151541 0.0175028 0.0166686 0.0141677 0.0202154 0.0199867 0.0210065 0.0184678 0.0161287 0.0167457 0.0222529 0.0218146 0.015485 0.0168849 0.0193841 0.0150389 0.0166289 0.0173108 0.0122376 0.0163596 0.0159337 0.0180142 0.0229274 0.0244656 0.0230789 0.019579 0.0183253 0.0229118 0.0224664 0.018845 0.0171108 0.0190237 0.0250464 0.0208326 0.0196203 0.0170118 0.0170663 0.0229184 0.0300309 0.0205417 0.014326 0.0140904 0.0163103 0.0200325 0.0230939 0.0271944 0.0283318 0.0222326 0.0345537 0.0302566 0.0302669 0.0344097 0.0321886 0.0149852 0.0011279 
0 0.00486549 0.0234988 0.00851774 0.000389458 0.00562997 0.0225243 0.0239987 0.0165308 0.0092517 0.00704381 0.0101306 0.012122 0.0121442 0.0136139 0.0159904 0.0104449 0.0125542 0.0251796 0.0236191 0.0204553 0.0234003 0.0162347 0.0139677 0.0166127 0.0174001 0.0153602 0.0134842 0.0171835 0.0158835 0.0204839 0.0143954 0.0116774 0.0173498 0.0171613 0.0234256 0.0222867 0.0208122 0.0251496 0.0224075 0.0251571 0.0299509 0.0261215 0.0234758 0.0231169 0.0230227 0.0222999 0.0274273 0.0192425 0.0137944 0.0169929 0.0238861 0.0211895 0.018994 0.0184528 0.0103165 0.0119919 0.0228918 0.0329917 0.0357755 0.0361894 0.0303487 0.0263972 0.0215868 0.0272563 0.026332 0.0225165 0.0101177 0.000213603 
0 1.98153e-05 0.000222829 0.000153469 0.00169747 0.00452027 0.0111066 0.0138807 0.0109364 0.0128357 0.0111056 0.0125781 0.0154599 0.0170502 0.0158173 0.0159855 0.014174 0.0119695 0.0150997 0.0154164 0.0178545 0.0371298 0.0291675 0.0229042 0.0180786 0.0312525 0.0261869 0.0138716 0.0188524 0.0223104 0.024559 0.0145491 0.0164259 0.0180725 0.0219494 0.0261699 0.022197 0.0152498 0.0187974 0.0187183 0.0264523 0.0372207 0.030828 0.0213034 0.0184251 0.0176929 0.0182066 0.0239208 0.021605 0.018183 0.0206137 0.0245327 0.0261033 0.0245096 0.0193504 0.0147207 0.0181367 0.0262408 0.0292238 0.0289187 0.0440999 0.0372012 0.0228725 0.0144976 0.0179095 0.0203712 0.0153894 0.00634609 0.000125051 
0 0 0.000157177 0.000439573 0.00551174 0.00917554 0.0108497 0.0142551 0.0120519 0.0131865 0.0126963 0.0148977 0.0134598 0.0121001 0.0129413 0.0107028 0.0124618 0.0128662 0.0158604 0.0161793 0.0177173 0.022645 0.0282168 0.0250088 0.0173467 0.0248875 0.0316019 0.0253136 0.0281361 0.0287895 0.0235768 0.0180894 0.0194753 0.0174579 0.0235413 0.0261948 0.0219949 0.0204236 0.0215508 0.0251073 0.0271554 0.029758 0.0278371 0.0227739 0.0177362 0.0169479 0.0192488 0.0226529 0.0284334 0.029524 0.0258237 0.0244095 0.0202801 0.0222651 0.0198456 0.0163693 0.0189476 0.0255521 0.0257125 0.0302369 0.0395452 0.0325429 0.0241567 0.0251665 0.0281819 0.0263644 0.0228763 0.00652587 0.000185404 
0 0 0.00104823 0.00174525 0.00344237 0.00642304 0.0117552 0.0142453 0.0161692 0.0106224 0.0130399 0.0170035 0.0197542 0.0181273 0.0173355 0.0134549 0.0137178 0.0136652 0.013697 0.0162779 0.0142556 0.019609 0.0245681 0.0299096 0.0249798 0.0220051 0.0256209 0.0384899 0.0315516 0.0313914 0.0282227 0.0213319 0.0155181 0.0143767 0.0270996 0.035121 0.0273329 0.018986 0.0239835 0.0291869 0.02559 0.0316085 0.0318567 0.0291752 0.0214199 0.0215291 0.0220529 0.0294621 0.0257216 0.0314276 0.0226515 0.0187783 0.0270615 0.027682 0.0224577 0.0153073 0.0200386 0.0191399 0.0219943 0.025089 0.030634 0.0311626 0.0321297 0.0304022 0.0357145 0.0264716 0.0209115 0.00909626 0.0021463 
0 0.000231771 0.00142193 0.00185769 0.00621616 0.00707082 0.00725144 0.011532 0.0107063 0.0106981 0.0101312 0.0155918 0.0209257 0.017677 0.0121727 0.0137087 0.0159807 0.0141733 0.0168428 0.0184851 0.022587 0.0184027 0.0243134 0.0220809 0.0200684 0.0193642 0.0297006 0.0327913 0.0234783 0.022564 0.0263645 0.0257621 0.0246365 0.0507398 0.0810377 0.145863 0.104465 0.0495635 0.0491825 0.0338789 0.0389388 0.0358469 0.0294372 0.0266014 0.0210606 0.0235789 0.0294362 0.026659 0.028884 0.032564 0.0260931 0.0131028 0.015226 0.0180584 0.0225889 0.0179182 0.0170963 0.0150332 0.0178898 0.0196519 0.0222043 0.0238659 0.0255949 0.0270031 0.0225141 0.0249755 0.0312664 0.0195394 0.0025997 
0 4.93159e-05 0.0024571 0.0086959 0.0107758 0.00655538 0.00710359 0.013491 0.0123335 0.0126117 0.0112628 0.0151007 0.0184129 0.012991 0.0128817 0.015114 0.0203026 0.0180735 0.0185533 0.0231619 0.0295916 0.0168339 0.0205163 0.0200345 0.0195591 0.0214411 0.0249682 0.0282162 0.0204191 0.0203763 0.0231255 0.0371281 0.0528389 0.104813 0.154951 0.134335 0.0583445 0.0435153 0.0409887 0.0391851 0.0380083 0.0301257 0.0372216 0.0371064 0.0258503 0.0331391 0.0310786 0.0171376 0.0214207 0.0244835 0.023231 0.010294 0.0180896 0.0227861 0.0223878 0.0261565 0.0281393 0.0201625 0.0154333 0.0214782 0.0223272 0.0215897 0.0238891 0.0284534 0.0323846 0.0304795 0.0338411 0.0229003 0.0047309 
0 0.000210471 0.00348398 0.00779031 0.00952651 0.00900397 0.00631732 0.0111477 0.0113665 0.0132852 0.0141976 0.0168082 0.0167381 0.0148764 0.0143067 0.0221838 0.0224106 0.0153206 0.0206474 0.0194818 0.0265354 0.0192607 0.0177457 0.0183751 0.0217462 0.0212199 0.0229284 0.0252021 0.0245561 0.0188823 0.0253664 0.0295756 0.0310199 0.0313625 0.0794705 0.0390197 0.0224775 0.0200098 0.0186 0.0188092 0.0205548 0.0174031 0.0246849 0.0284888 0.025687 0.025385 0.0330724 0.0277365 0.0221274 0.0230393 0.0248322 0.0183693 0.0170705 0.0229151 0.029105 0.0242445 0.0254657 0.0204847 0.0157833 0.0230225 0.0227423 0.0209795 0.0210871 0.0250062 0.0265999 0.0320869 0.0304573 0.0143485 0.00197053 
9.83839e-06 0.000181473 0.00305152 0.00606373 0.00533642 0.00635921 0.00382815 0.00942565 0.0121283 0.0142332 0.0170107 0.0173366 0.0157802 0.0196348 0.0126364 0.0139936 0.0139964 0.0141029 0.0162585 0.0182761 0.0256191 0.0246271 0.0200702 0.0228102 0.025261 0.0185238 0.0192015 0.0204222 0.0201261 0.0176461 0.0196095 0.021945 0.0255103 0.0263609 0.0474903 0.0387382 0.0341908 0.021884 0.0155296 0.0177823 0.0220017 0.0186446 0.0212864 0.0243949 0.0221476 0.0328435 0.0332016 0.0309684 0.0229197 0.0221229 0.0355371 0.0388728 0.0281125 0.0232509 0.023543 0.0206904 0.0250602 0.017839 0.0180879 0.0216994 0.0241789 0.0220561 0.0216455 0.0247907 0.0238132 0.0303896 0.0238085 0.0101213 0.00119423 
8.86134e-07 0 0.000822339 0.00384014 0.00455962 0.00322222 0.0059888 0.0133037 0.0102492 0.0197345 0.0194408 0.0130305 0.0133217 0.0141694 0.00914951 0.00574791 0.0062029 0.0133391 0.0140558 0.0128214 0.0141557 0.0176054 0.0225373 0.0226995 0.0208559 0.017661 0.0172605 0.0139783 0.0194609 0.0156472 0.0156232 0.0179143 0.0211214 0.0266263 0.0372522 0.0468053 0.0337524 0.0232983 0.0190411 0.0145937 0.0169435 0.0167651 0.0206188 0.0259115 0.0290205 0.0420651 0.0450827 0.034576 0.022734 0.0243392 0.0303536 0.0325159 0.0203418 0.020851 0.0199435 0.0220731 0.0182201 0.0161529 0.0315018 0.0387872 0.0335087 0.0221273 0.0176376 0.0253855 0.0311214 0.0340285 0.0276826 0.0131155 0.00157908 
0 0 0.00140431 0.00392032 0.00527683 0.00292945 0.00623048 0.0151291 0.0117126 0.01355 0.00887303 0.00924666 0.00841732 0.00929812 0.00886978 0.00752119 0.0118801 0.0140918 0.0117009 0.0166256 0.0123382 0.0144996 0.0227721 0.0221706 0.0139199 0.0153681 0.0229053 0.0204856 0.0243049 0.0238076 0.0201224 0.0217516 0.0238343 0.0338006 0.0375057 0.040009 0.029208 0.0236955 0.0243202 0.0235884 0.0262093 0.0250973 0.0195677 0.0274747 0.0351632 0.0364288 0.0314601 0.0176906 0.0233782 0.0250346 0.0301546 0.0272816 0.0218117 0.0202193 0.0223062 0.0229234 0.0261679 0.0217781 0.0278316 0.0363614 0.032453 0.0297486 0.026381 0.0285489 0.0350698 0.0343037 0.0370297 0.0247968 0.00577133 
0 0.000234158 0.00391052 0.00735919 0.00549408 0.00245998 0.00498431 0.0119132 0.00913337 0.00701581 0.00381072 0.00316657 0.00568342 0.004575 0.00868873 0.00925014 0.0134397 0.015077 0.0125353 0.0185168 0.0194888 0.0236498 0.0332048 0.0307046 0.0222388 0.0218016 0.0249725 0.0262727 0.0273078 0.0192176 0.0263403 0.0294251 0.0266933 0.0302548 0.0268583 0.0289306 0.0208191 0.0200656 0.0228283 0.0252742 0.0286484 0.0308323 0.0220766 0.0325561 0.03576 0.0299827 0.0213924 0.0170903 0.0201968 0.0211509 0.0279184 0.032772 0.0229288 0.0222824 0.0229855 0.0171749 0.0269401 0.0244259 0.0231006 0.0297937 0.0274689 0.0315353 0.0246192 0.0270306 0.0316626 0.036803 0.0388173 0.0243789 0.00383502 
0 0.000196961 0.00345891 0.00627147 0.00652281 0.00775512 0.00869511 0.0104091 0.0109544 0.020042 0.0139466 0.00244592 0.00452248 0.00663983 0.00673231 0.00847565 0.0148776 0.015225 0.0151646 0.0145972 0.020906 0.0249246 0.0294503 0.0290109 0.0225323 0.0189294 0.0189758 0.0163488 0.0178125 0.0136673 0.0220733 0.0250704 0.0261312 0.0199272 0.0241371 0.025745 0.0220716 0.0197811 0.0238701 0.0283703 0.0260497 0.022221 0.0261437 0.0444417 0.0369708 0.029896 0.024426 0.0182254 0.0183637 0.0203035 0.0315188 0.03079 0.0195119 0.0218123 0.0184982 0.0148283 0.0257165 0.0286361 0.0175753 0.0240615 0.0257137 0.0289285 0.0241348 0.0258851 0.0269835 0.0310838 0.0267479 0.012887 0.00134488 
0 0.000353459 0.0029301 0.0091607 0.0114344 0.0109329 0.0062781 0.0107927 0.0157342 0.00947053 0.00765044 0.00475584 0.00550663 0.00597347 0.0183588 0.0203601 0.0122601 0.0160044 0.0176455 0.0228665 0.0234144 0.0240725 0.0251853 0.0228879 0.0269681 0.0181307 0.0120192 0.0115796 0.00980952 0.0148553 0.0147903 0.0144339 0.0162994 0.0160294 0.019087 0.0149185 0.0185303 0.021145 0.0245887 0.019941 0.0257999 0.0295136 0.025685 0.0293652 0.0274946 0.0321821 0.0261744 0.020969 0.0140733 0.0181079 0.0213591 0.0200004 0.0158931 0.0163967 0.0182355 0.0240248 0.0292599 0.0276705 0.0275451 0.0246785 0.0291099 0.0296313 0.0213457 0.0254271 0.0236982 0.0273821 0.0235422 0.0106651 0.000406984 
0 0 0.00037454 0.00643677 0.0112724 0.0090752 0.0108917 0.0124272 0.0177486 0.0120097 0.010168 0.00685646 0.00718486 0.00489624 0.0117394 0.0140659 0.00893455 0.0149479 0.0171418 0.0202154 0.026155 0.0272649 0.0190604 0.0163833 0.01496 0.0181787 0.0134167 0.0170587 0.0107012 0.0118596 0.00968082 0.00610523 0.00897905 0.0122934 0.017399 0.0129749 0.0149081 0.0178722 0.0263401 0.0262654 0.0342676 0.0281393 0.0265437 0.0270816 0.0252528 0.0352218 0.0322167 0.0224053 0.0136847 0.02148 0.0209984 0.0296879 0.0254163 0.0194432 0.0209983 0.0249168 0.0290516 0.0299801 0.0350643 0.0306565 0.0281924 0.028753 0.0237778 0.0286746 0.0223649 0.0269977 0.0233823 0.00971725 0.000196805 
0 0 9.83977e-05 0.00219178 0.00798087 0.0110057 0.0173186 0.0113207 0.0127872 0.00880204 0.0047457 0.00641754 0.00787977 0.00549317 0.0076884 0.0148612 0.00884452 0.011056 0.0158041 0.0150955 0.0206939 0.019205 0.0174795 0.0143593 0.0101229 0.0158823 0.0169863 0.0134713 0.0173765 0.0210945 0.0208514 0.0177197 0.0177446 0.0189056 0.0252067 0.02159 0.0234953 0.0229897 0.0236506 0.0232709 0.0330074 0.0367773 0.0410294 0.0317103 0.0335294 0.0444135 0.0269404 0.0299356 0.0171201 0.0217284 0.0221675 0.0327208 0.0365223 0.0331084 0.0267443 0.01858 0.0227438 0.0315354 0.0391011 0.032139 0.0237618 0.0281204 0.0314595 0.0332821 0.0247205 0.0298315 0.0226894 0.00495123 8.91272e-06 
0 0 0 0.000996647 0.00452134 0.00922515 0.0112676 0.0106287 0.00756889 0.00544402 0.00437593 0.0087835 0.0103881 0.00387465 0.00438372 0.00910454 0.0111898 0.0154824 0.0156872 0.0117356 0.0123378 0.0152264 0.020577 0.0182567 0.0172637 0.0144186 0.0153733 0.018024 0.0292751 0.0305731 0.0232928 0.0248129 0.0255253 0.0295187 0.0241452 0.018848 0.0204186 0.0217692 0.0223194 0.0180167 0.017596 0.0344573 0.0468269 0.0277763 0.0364536 0.0376609 0.0210538 0.0252623 0.0218879 0.0260424 0.0236432 0.0333816 0.030862 0.0288001 0.0198524 0.0232446 0.0241611 0.0258769 0.0268996 0.0276719 0.0278577 0.0256687 0.0324374 0.0380986 0.0305813 0.0275126 0.0161742 0.000512984 0 
0 0 0 0.00106569 0.00546582 0.00695507 0.00771599 0.0152755 0.0150537 0.0063509 0.00146524 0.0112176 0.0107565 0.00212632 0.000745466 0.00120207 0.00417366 0.00476673 0.00877171 0.0115397 0.0101965 0.0111529 0.0181388 0.0165116 0.0186737 0.0165835 0.0169135 0.033824 0.0684296 0.0483675 0.0187456 0.0212622 0.0235227 0.0274413 0.0210244 0.0223471 0.0271317 0.0253578 0.0213869 0.020842 0.0151305 0.023901 0.0313333 0.0313362 0.0369497 0.0454408 0.0276742 0.0334369 0.0290782 0.0268505 0.0243738 0.0285279 0.0253502 0.0254776 0.0207595 0.0265328 0.0261827 0.0223827 0.0283458 0.0229388 0.0178111 0.0227892 0.025266 0.0315238 0.0242439 0.0149545 0.00747608 0.000151497 0 
0 0 0 0.0001825 0.00144796 0.00204308 0.00394337 0.0142748 0.0179937 0.00509514 0.00215171 0.00479968 0.00599648 0.00920841 0.00323486 0.00112148 0.00487398 0.00175441 0.00183914 0.00267326 0.00682469 0.00774205 0.0196365 0.0261467 0.0227422 0.0211364 0.0153991 0.0303303 0.0495027 0.0382399 0.0288467 0.0151402 0.0143849 0.0197803 0.0187128 0.0237997 0.0277354 0.0321426 0.0248981 0.0218132 0.0255806 0.0458252 0.0360452 0.0387288 0.0318436 0.0359382 0.0275147 0.0330434 0.0258624 0.029124 0.0156406 0.0186054 0.0230774 0.0232031 0.0214246 0.0230055 0.017962 0.0173203 0.018061 0.0215468 0.014954 0.0205472 0.0186343 0.0317844 0.0268441 0.0103649 0.0026438 0 0 
0 0 0 0 0.00133894 0.00332364 0.00772926 0.00995595 0.0156149 0.00554188 0.00303975 0.00235787 0.0175297 0.0174422 0.00539013 0.00248328 0.01256 0.00824838 0.00195997 0.00208303 0.00890095 0.0165767 0.0207107 0.0241355 0.0183956 0.0179105 0.0263156 0.0205064 0.0191875 0.0234953 0.0226197 0.0126312 0.0106712 0.0130555 0.0252455 0.0235835 0.0242495 0.0292834 0.0273482 0.0315566 0.0163193 0.0303156 0.0352581 0.0296146 0.0247814 0.0248182 0.0350653 0.0327079 0.0215702 0.020517 0.0193084 0.0115542 0.0169565 0.0250615 0.0213993 0.0172959 0.0155146 0.0180854 0.0132176 0.0195579 0.0258005 0.0343131 0.0224469 0.0313886 0.0162634 0.00531672 0.00018692 0 0 
0 0 0 0 0.000451942 0.00240402 0.00865482 0.00930011 0.0136 0.00823268 0.00232204 0.0027827 0.0165534 0.0171939 0.00679238 0.0030831 0.0120165 0.0132878 0.00522944 0.00321566 0.0124046 0.017961 0.0200436 0.0205757 0.0150793 0.0148963 0.0231904 0.0208617 0.023932 0.0197532 0.0216654 0.0167175 0.0151603 0.0244343 0.0205292 0.0215512 0.0238931 0.0424244 0.0364489 0.0331 0.013629 0.0139825 0.0178349 0.0204395 0.0276112 0.0344975 0.0392467 0.0309165 0.0240717 0.0208324 0.0168833 0.0144346 0.0210002 0.0256445 0.0163351 0.0142308 0.0185004 0.0166533 0.0165319 0.0245221 0.0305735 0.0402688 0.022405 0.0208197 0.0100007 0.00188633 1.48947e-05 0 0 
0 0 0 0 0 0.00297231 0.00764179 0.0111796 0.012891 0.00733048 0.00772402 0.0222401 0.0207688 0.0109017 0.00567143 0.00433819 0.00575661 0.0173684 0.00965511 0.00869485 0.0171562 0.0165876 0.0208752 0.0142398 0.0106739 0.0148145 0.018938 0.0194313 0.0236112 0.0196645 0.01775 0.0275483 0.0261278 0.0298389 0.0225297 0.0177186 0.0240595 0.0354702 0.0379109 0.0282892 0.0131325 0.0116055 0.0236022 0.026484 0.0312814 0.0330132 0.0216569 0.0211609 0.0265867 0.0184918 0.016602 0.0165003 0.0152761 0.0202954 0.0229732 0.0194311 0.0137011 0.00764938 0.0119185 0.0373398 0.0321703 0.029337 0.0185763 0.0179704 0.00651824 0.000296222 0 0 0 
0 0 0 0 0 0.00122305 0.00341174 0.00806491 0.0131828 0.0109561 0.0184131 0.0306431 0.0220783 0.00737775 0.00541762 0.00125249 0.00295766 0.0172839 0.00897692 0.016957 0.0187028 0.0165135 0.0203427 0.0100482 0.00686263 0.00954837 0.0115009 0.00961763 0.0150069 0.013317 0.00953529 0.0186265 0.0216122 0.0205615 0.0166516 0.0210023 0.0236955 0.0352083 0.0318773 0.0248614 0.0136752 0.0215297 0.0352975 0.0267292 0.0221433 0.0195799 0.0161315 0.0180279 0.0203574 0.0170535 0.01821 0.0143029 0.0161838 0.026096 0.0234551 0.0177444 0.00741327 0.00111459 0.00461746 0.0169652 0.0253892 0.0206645 0.0199177 0.0108276 0.000754351 0 0 0 0 
0 0 0 0 0 0 0 0.00341315 0.0100487 0.0177081 0.0250212 0.016919 0.01465 0.00351799 0.00159766 0.0023078 0.00639939 0.0154422 0.0102888 0.012178 0.00966268 0.0135687 0.0150289 0.00864201 0.0073498 0.0105719 0.0117117 0.00904372 0.0127177 0.0136298 0.013662 0.0223305 0.0368295 0.0352786 0.0281599 0.0275016 0.0244644 0.027502 0.0258932 0.0222955 0.0209449 0.0232727 0.0508685 0.0486202 0.0327958 0.0225646 0.0181349 0.0190491 0.0133783 0.0147777 0.0140454 0.0162812 0.0228918 0.028071 0.0291952 0.026431 0.00810814 0.0032359 0.0188036 0.0144035 0.00427101 0.00682714 0.00890986 0.0042179 0 0 0 0 0 
0 0 0 0 0 0 0 0.0014015 0.00603278 0.0141022 0.0149228 0.00993036 0.00493998 0.00218927 0.00663877 0.0114788 0.0140621 0.0195393 0.0140832 0.0113515 0.00677619 0.00805403 0.0116796 0.0117993 0.0144896 0.0151414 0.0142236 0.0118836 0.0119362 0.0200356 0.0263817 0.0330839 0.0279907 0.0258727 0.0274865 0.026588 0.023023 0.0243868 0.0337649 0.0272701 0.022338 0.0314298 0.0396726 0.0415269 0.0399315 0.0298939 0.0127433 0.0130336 0.0111421 0.0116377 0.010773 0.018015 0.0180585 0.0222496 0.0226109 0.0245009 0.0100265 0.00974155 0.029994 0.0187149 0.00251276 0.000340919 0.000559187 9.16196e-06 0 0 0 0 0 
0 0 0 0 0 0 0 2.67938e-05 0.000439121 0.00298278 0.00264136 0.00177194 0.00127888 0.00583183 0.0164691 0.0172702 0.0141855 0.016364 0.0158294 0.011674 0.0134949 0.0132192 0.0147615 0.0145286 0.0174397 0.013809 0.00956627 0.0108276 0.0115761 0.026285 0.0273019 0.0267345 0.0292136 0.0373578 0.0312076 0.0270517 0.0326698 0.0349947 0.0622225 0.0528972 0.0467833 0.0445396 0.0399949 0.0313901 0.0314333 0.0245351 0.0106685 0.00801225 0.00755762 0.00931859 0.0114398 0.0155633 0.0169317 0.022294 0.0181606 0.0231664 0.0120255 0.0141237 0.0242621 0.0245453 0.00546361 0 0 0 0 0 0 0 0 
0 0 0 0 0 0 0 0 0 0 0 0.00185808 0.0107156 0.0141055 0.017981 0.0231866 0.0230236 0.0124777 0.0164796 0.0150125 0.013205 0.0132303 0.0201989 0.0368882 0.0190113 0.0149877 0.0182099 0.0164907 0.0186314 0.0290132 0.0214537 0.0197142 0.0305231 0.0372064 0.0309042 0.0217116 0.0378122 0.0328533 0.035548 0.0423712 0.0388626 0.0416489 0.0309007 0.0265149 0.0326017 0.0243038 0.0191204 0.00713066 0.00905096 0.00964991 0.0164245 0.0216012 0.0195829 0.0243461 0.0207799 0.0186261 0.010467 0.0159827 0.00928305 0.0114459 0.00280644 0 0 0 0 0 0 0 0 
0 0 0 0 0 0 0 0 0 0 0 0.00689222 0.0214389 0.0190401 0.0200788 0.0197875 0.0238518 0.0179034 0.020991 0.0266226 0.0298051 0.0269204 0.0247888 0.0215812 0.0167055 0.0185784 0.0183357 0.0231511 0.0458909 0.046837 0.0145112 0.00911512 0.0125887 0.0213024 0.0266723 0.0284507 0.0412571 0.0424785 0.0286756 0.0324476 0.031385 0.0278164 0.020932 0.0203344 0.0180113 0.013419 0.0120658 0.00521209 0.00653056 0.00830855 0.0197495 0.0213004 0.0217017 0.0201426 0.0106548 0.00861727 0.0055436 0.0126412 0.0179579 0.0137182 0.00176914 0 0 0 0 0 0 0 0 
0 0 0 0 0 0 0 0 0 0 0 0.00241566 0.010029 0.0150862 0.0245868 0.0153366 0.0176312 0.0142788 0.0241176 0.0410179 0.0301721 0.0235161 0.0288985 0.0199278 0.0149358 0.0147249 0.0171173 0.0222743 0.0420668 0.042688 0.00999571 0.00769767 0.00600606 0.00912448 0.0212569 0.0191883 0.02496 0.0447303 0.0516729 0.0400013 0.024349 0.0202739 0.0184553 0.0140414 0.0138874 0.00922281 0.00657147 0.00980728 0.0106184 0.0114854 0.021006 0.0261227 0.020117 0.0177475 0.025077 0.0109026 0.00490037 0.00819146 0.0170151 0.00765468 0.000113424 0 0 0 0 0 0 0 0 
0 0 0 0 0 0 0 0 0 0 0 2.58877e-05 0.00159728 0.0113921 0.0241164 0.0123796 0.0116976 0.00942567 0.0110146 0.0219139 0.0276935 0.0261338 0.0249517 0.0176023 0.0136291 0.0113123 0.0129886 0.0179231 0.0185079 0.0144978 0.00803413 0.00470456 0.00670973 0.00728237 0.0127046 0.013319 0.0146522 0.0187711 0.0326228 0.0230097 0.0243331 0.0190525 0.0144276 0.0149615 0.0144873 0.0120795 0.0151866 0.0132256 0.015622 0.0157619 0.0195826 0.0261384 0.0195484 0.0231558 0.0462404 0.0225646 0.0037217 0.00070105 0.00145999 0.000330416 0 0 0 0 0 0 0 0 0 
0 0 0 0 0 0 0 0 0 0 0 0 6.99951e-05 0.0061481 0.0151175 0.0148164 0.0115709 0.00726042 0.00647266 0.00819805 0.0154164 0.0243193 0.0160429 0.0162245 0.0158572 0.0147161 0.0189727 0.0180014 0.013342 0.00863299 0.00765839 0.00250452 0.0034182 0.00653161 0.0148062 0.0148969 0.0102755 0.0111939 0.0229096 0.0227129 0.0228065 0.0135498 0.0100866 0.0138742 0.0109472 0.014697 0.0177881 0.0166872 0.0189792 0.0204608 0.017391 0.0269253 0.013492 0.0201459 0.0362 0.0171357 0.00120606 0 0 0 0 0 0 0 0 0 0 0 0 
0 0 0 0 0 0 0 0 0 0 0 0 0 0.000198132 0.00292524 0.0123703 0.0202323 0.0115737 0.00415245 0.00533809 0.0212237 0.0264897 0.0130739 0.0119117 0.00869805 0.00590302 0.0144455 0.0138158 0.00672922 0.0202386 0.0238487 0.00769128 0.00420752 0.00581573 0.00550549 0.0129748 0.0179471 0.0168578 0.0211025 0.0201777 0.0234587 0.0115099 0.00587111 0.0113044 0.0121161 0.0152888 0.0181517 0.0151254 0.0152151 0.0175243 0.0156021 0.0253353 0.0187421 0.0212398 0.0172429 0.00768438 0.000752906 0 0 0 0 0 0 0 0 0 0 0 0 
0 0 0 0 0 0 0 0 0 0 0 0 0 0 0.000330049 0.00329281 0.00921908 0.0099382 0.00711465 0.0067064 0.0176249 0.0189692 0.0141431 0.0120013 0.00797275 0.00337976 0.00657485 0.00910644 0.0133428 0.046186 0.0468864 0.0205368 0.0110824 0.00722993 0.00921779 0.0137155 0.0216293 0.015312 0.0139904 0.017064 0.0309335 0.0223267 0.0106449 0.0111311 0.0162285 0.0162914 0.0144413 0.0100825 0.00482563 0.00862588 0.0146708 0.0209795 0.0193831 0.0172577 0.00834585 0.000598314 0 0 0 0 0 0 0 0 0 0 0 0 0 
0 0 0 0 0 0 0 0 0 0 0 0 0 0 0 0 0.0023962 0.00501721 0.0114855 0.010626 0.0177462 0.0145914 0.0114431 0.0139583 0.0147926 0.0228403 0.0210295 0.0130572 0.0101762 0.0260346 0.0273345 0.0121616 0.00761323 0.0076688 0.0147191 0.0171495 0.0156805 0.0183539 0.0218492 0.0167277 0.0305595 0.0229856 0.0297279 0.0219241 0.0184314 0.0145706 0.015667 0.00946949 0.00991105 0.0105351 0.0111911 0.00747532 0.00369745 0.00233297 0.000530251 0 0 0 0 0 0 0 0 0 0 0 0 0 0 
0 0 0 0 0 0 0 0 0 0 0 0 0 0 0 0 9.2182e-05 0.00121418 0.00386815 0.00560265 0.00655959 0.013267 0.0138494 0.0157169 0.0160757 0.0222759 0.0142507 0.017256 0.0208903 0.0130493 0.0111744 0.00997074 0.00536069 0.00537456 0.0126031 0.013462 0.0139193 0.0251858 0.0230956 0.0143909 0.017115 0.0136919 0.0321135 0.0397084 0.0247471 0.016006 0.0181625 0.00683869 0.00846248 0.0121217 0.00595169 0.00355338 0.00128686 7.75367e-05 0 0 0 0 0 0 0 0 0 0 0 0 0 0 0 
0 0 0 0 0 0 0 0 0 0 0 0 0 0 0 0 0 0 0 6.90318e-05 0.00132306 0.00540722 0.0128034 0.0189385 0.0192348 0.00872006 0.00159551 0.00507468 0.0158834 0.0196144 0.0229858 0.0135906 0.00579812 0.00510257 0.0108993 0.0114191 0.018198 0.0239349 0.0202894 0.0102645 0.00837991 0.00949745 0.0262301 0.0327695 0.0171598 0.008135 0.00350069 0.000912564 0.00355228 0.0028541 0.000700327 9.05235e-05 4.03439e-06 0 0 0 0 0 0 0 0 0 0 0 0 0 0 0 0 
0 0 0 0 0 0 0 0 0 0 0 0 0 0 0 0 0 0 0 0 0 0.000464526 0.00483069 0.0130425 0.0140397 0.00345575 0.00128083 0.00411782 0.0124257 0.0183213 0.018594 0.0072004 0.00212055 0.00335246 0.0109595 0.0143881 0.0231118 0.0204745 0.0185019 0.0139114 0.0167043 0.0137594 0.0232356 0.0257807 0.00896331 0.000413383 0 0 8.20618e-05 1.83719e-05 0 0 0 0 0 0 0 0 0 0 0 0 0 0 0 0 0 0 0 
0 0 0 0 0 0 0 0 0 0 0 0 0 0 0 0 0 0 0 0 0 0 1.35968e-05 0.00132978 0.00081192 2.18589e-05 0.00131957 0.00966684 0.013542 0.0130207 0.00546031 0.000429247 0.00107004 0.00142744 0.00289916 0.00569195 0.0175563 0.0176758 0.0236638 0.0086251 0.00791139 0.0112733 0.0143919 0.00505424 0.0013202 6.37917e-05 0 0 0 0 0 0 0 0 0 0 0 0 0 0 0 0 0 0 0 0 0 0 0 
0 0 0 0 0 0 0 0 0 0 0 0 0 0 0 0 0 0 0 0 0 0 0 0 0 0 0 0.000830156 0.000548864 0.00038556 1.49953e-06 0 0 0 0.000127659 0.00126284 0.00321337 0.00316691 0.00520105 0.00222623 0.000932389 0.00065365 0.0012716 0.00035099 3.08124e-05 0 0 0 0 0 0 0 0 0 0 0 0 0 0 0 0 0 0 0 0 0 0 0 0 

