0 0 0 0 0 0 0 0 0 0 0 0 0 0 0 0 0 0 0 0 0 0 0 0 0 0 0 0 0 3.31978e-05 3.52493e-05 0 0 0 0 0 6.87632e-06 0.00014107 0.000301967 7.22438e-05 3.92309e-05 0 0 0 0 0 0 0 0 0 0 0 0 0 0 0 0 0 0 0 0 0 0 0 0 0 0 0 0 
0 0 0 0 0 0 0 0 0 0 0 0 0 0 0 0 0 0 0 0 0 0 0 0 0 0 0.000233894 0.00192996 0.00329394 0.00263 0.00139358 0.000228106 0.000210335 0.000474237 0.00137075 0.000480016 0.000711795 0.0026093 0.00304307 0.00205499 0.00279907 0.00281174 0.000730793 1.99409e-05 0 0 0 0 0 0 0 0 0 0 0 0 0 0 0 0 0 0 0 0 0 0 0 0 0 
0 0 0 0 0 0 0 0 0 0 0 0 0 0 0 0 0 0 0 0 0 0 0 0 0 0.000526658 0.00338474 0.00659624 0.00464023 0.00630456 0.00625442 0.00588942 0.00445317 0.00612778 0.00853792 0.00900931 0.00686582 0.00916212 0.00841303 0.00309322 0.0052228 0.0123393 0.00565917 0.00285849 0.00355324 0.00244494 0.0007631 2.64859e-05 4.82958e-07 0 0 0 0 0 0 0 0 0 0 0 0 0 0 0 0 0 0 0 0 
0 0 0 0 0 0 0 0 0 0 0 0 0 0 0 0 0 0 0 0 0 0 0 0 0 0.00104495 0.00616178 0.00493613 0.0028237 0.00468906 0.00783255 0.0113136 0.0090563 0.0129131 0.0125578 0.0228963 0.0150745 0.0147842 0.0191421 0.0135266 0.00807893 0.00989176 0.0133761 0.0100707 0.0126381 0.0150131 0.00878857 0.00625404 0.000681379 7.22412e-06 0 0 0 0 0 0 0 0 0 0 0 0 0 0 0 0 0 0 0 
0 0 0 0 0 0 0 0 0 0 0 0 0 0 0 0 0 0 0 0 0 0.000752319 0.00142678 0.00127053 0.00079347 0.000593292 0.00357058 0.00385787 0.00212923 0.0056729 0.0100369 0.0128635 0.0135437 0.0077401 0.00883201 0.0124733 0.0139434 0.0139299 0.0170282 0.0175509 0.0134354 0.0164316 0.0197806 0.0122583 0.0171281 0.0189366 0.0149818 0.0136073 0.00592167 0.00154578 0.000331902 0 0 0 0 0 0 0 0 0 0 0 0 0 0 0 0 0 0 
0 0 0 0 0 0 0 0 0 0 0 0 0 0 0 0 0 0 0 1.33275e-05 0.000113352 0.00184009 0.00288476 0.00325523 0.00140049 0.00231075 0.00257419 0.00176319 0.00339349 0.014113 0.0105345 0.00653715 0.0068152 0.0117502 0.0133804 0.00757008 0.00935152 0.0155064 0.0160971 0.0163976 0.0192709 0.0209957 0.0211644 0.0181626 0.0145072 0.0247389 0.0217211 0.0194762 0.0150098 0.0102 0.00555986 0.000143999 0 0 0 0 0 0 0 0 0 0 0 0 0 0 0 0 0 
0 0 0 0 0 0 0 0 0 0 0 0 0 0 0 0 0 0 0 9.6312e-05 0.00105479 0.00347282 0.00194462 0.00297596 0.00336361 0.00342074 0.00388781 0.0038156 0.00735274 0.0137402 0.0115371 0.00792174 0.0068675 0.0141046 0.014507 0.00762753 0.00730806 0.0128284 0.0190362 0.0205646 0.0236938 0.0200188 0.0209728 0.0182396 0.0124909 0.0200976 0.0209647 0.0240215 0.0201524 0.0139026 0.00783632 0.000249067 0 0 0 0 0 0 0 0 0 0 0 0 0 0 0 0 0 
0 0 0 0 0 0 0 0 0 0 0 0 0 4.37191e-05 0.00017432 2.25708e-05 0 0.000196136 4.75874e-05 0.000971424 0.000617456 0.000594091 0.00332428 0.00497137 0.00822683 0.00977577 0.009062 0.004964 0.00801197 0.00952718 0.00666103 0.00675137 0.00793796 0.016089 0.0166487 0.0147241 0.0120714 0.0188209 0.0175977 0.0155889 0.0181683 0.0182044 0.023088 0.0235441 0.0144135 0.0170056 0.0232208 0.0272606 0.0288556 0.0243365 0.0121042 0.002192 0.000323463 0.0055826 0.0101762 0.00132585 0 0 0 0 0 0 0 0 0 0 0 0 0 
0 0 0 0 0 0 0 0 0 0 0 0 0 0.000886349 0.0050497 0.00134674 0.0010404 0.00463758 0.00357267 0.00286178 0.00183872 0.00238337 0.00719369 0.00693233 0.0110388 0.00984963 0.0130286 0.00714229 0.00672472 0.0154171 0.0118333 0.00866257 0.0074063 0.0124214 0.0148415 0.0163783 0.0143195 0.0187687 0.0199005 0.0144548 0.0135154 0.0184389 0.0184473 0.0199321 0.0165015 0.0172817 0.0154073 0.0227978 0.0255677 0.0281646 0.0155593 0.00438174 0.00268334 0.0142447 0.0291471 0.0205921 0.00424319 0.00013688 0 0 0 0 0 0 0 0 0 0 0 
0 0 0 0 0 0 0 0 0 0 0 0.000119966 0.00225467 0.00441925 0.0110745 0.00763491 0.00601088 0.0114092 0.014794 0.0074501 0.00356682 0.00408277 0.0103765 0.012392 0.0157545 0.0195121 0.0163605 0.0129753 0.0118815 0.0184251 0.0119475 0.0103423 0.0131539 0.00941832 0.0146093 0.0139499 0.0177852 0.017477 0.016254 0.0171781 0.0200528 0.0188523 0.0182549 0.0178685 0.016667 0.0144965 0.0138449 0.0125586 0.0193644 0.022447 0.0170002 0.0125529 0.00895844 0.014206 0.0247135 0.0256519 0.00966168 0.00213829 0.000376416 0 0 0 0 0 0 0 0 0 0 
0 0 0 0 0 0 0 0 0 0 5.06031e-06 0.00258266 0.00497007 0.00809008 0.0114294 0.0163541 0.0125638 0.0220068 0.0264966 0.0236739 0.020949 0.0162225 0.0151977 0.0184219 0.0239181 0.0260876 0.0220182 0.0157528 0.0159326 0.0148723 0.010504 0.0135374 0.0123482 0.0155637 0.0138683 0.0133551 0.0139291 0.0151879 0.015564 0.0149801 0.0203675 0.0189331 0.0188257 0.0184519 0.0167145 0.0109833 0.0152898 0.00950438 0.0145458 0.017774 0.0196908 0.0206139 0.0182291 0.0179864 0.0216484 0.0224437 0.0144531 0.00924225 0.0112479 0.00155621 0 0 0 0 0 0 0 0 0 
0 0 0 0 0 0 0 0 0 0.000123027 0.000892705 0.00514451 0.0119862 0.0125707 0.0148829 0.0177522 0.0111905 0.0175236 0.0227813 0.023442 0.0175866 0.0162953 0.0199879 0.026042 0.0202995 0.0192699 0.016138 0.0127739 0.0179318 0.0136377 0.00752763 0.0103463 0.0102886 0.0166841 0.0153815 0.0142552 0.0131435 0.0127027 0.0235271 0.0200336 0.0171485 0.0189289 0.0209156 0.0162666 0.0171042 0.0160147 0.0108471 0.00791966 0.0095385 0.0160262 0.0199933 0.0185987 0.0176933 0.0212053 0.0214688 0.0224542 0.0220725 0.0152812 0.0222829 0.00757942 0.000191351 0 0 0 0 0 0 0 0 
0 0 0 0 0 0 0 0 0 0.000594588 0.00380562 0.00624012 0.00686406 0.0110335 0.014723 0.0136968 0.0199415 0.0204233 0.0187003 0.0203565 0.0166636 0.0191225 0.0177495 0.0186124 0.0152169 0.016669 0.0184698 0.0122214 0.0162136 0.012555 0.0129025 0.0171151 0.0146722 0.0161389 0.00940647 0.0100794 0.0160613 0.0132949 0.0204541 0.0167157 0.0178666 0.0200929 0.0220777 0.0167765 0.0136756 0.0150421 0.00998717 0.0106593 0.00956584 0.0108735 0.015227 0.01482 0.0190044 0.0230368 0.0211477 0.0253498 0.0259735 0.0214589 0.0162459 0.00825675 0.00246313 0.000115633 0 0 0 0 0 0 0 
0 0 0 0 0 0 0 0 0.000316143 0.00202955 0.00738071 0.00943299 0.00639205 0.0100834 0.00990892 0.0112984 0.0158137 0.021433 0.0182388 0.0242038 0.0205475 0.0185407 0.0168507 0.0157194 0.0206282 0.0168509 0.0204419 0.0188901 0.0236987 0.0203428 0.0221883 0.0254172 0.0178254 0.0217198 0.0110897 0.0102971 0.0126355 0.0160843 0.0231259 0.0165349 0.0138181 0.022213 0.0146932 0.0134806 0.0112081 0.010066 0.00876684 0.0114459 0.00720133 0.0154763 0.01719 0.012472 0.0190972 0.0218679 0.0218131 0.0252115 0.0269008 0.0257038 0.0152967 0.0109027 0.00412512 7.74472e-05 0 0 0 0 0 0 0 
0 0 0 0 0 0 0 0.00117941 0.00487866 0.00914385 0.0113665 0.00893165 0.00621902 0.0106469 0.00941006 0.0117608 0.0145672 0.0189337 0.0160866 0.0175245 0.0145251 0.019336 0.0200417 0.0156939 0.0173711 0.0195375 0.0180045 0.0172742 0.0211242 0.0215993 0.0205696 0.015482 0.0159468 0.0205861 0.0117482 0.014146 0.0147446 0.0198949 0.0183377 0.0137902 0.0214506 0.0249493 0.0154483 0.00911706 0.0106378 0.0134155 0.0133925 0.0136951 0.0153295 0.0159684 0.00868887 0.0190366 0.0193262 0.0278185 0.028597 0.0224113 0.0214984 0.0203449 0.0195973 0.0155076 0.00276526 0.000200167 4.40902e-05 0 0 0 0 0 0 
0 0 0 0 0 0 0.000720129 0.00846722 0.0103336 0.0154394 0.0172111 0.016364 0.0135895 0.0152095 0.0129161 0.00745365 0.0123785 0.0116916 0.0112982 0.0143391 0.0200907 0.0203055 0.0184387 0.0168977 0.0188135 0.0189752 0.0205367 0.0214572 0.0200681 0.0209986 0.0175623 0.015403 0.020682 0.0228299 0.0143787 0.01494 0.0128927 0.0213461 0.0165388 0.0144722 0.0263169 0.0197672 0.0137329 0.0101096 0.0194174 0.0197825 0.0179469 0.0148544 0.0158083 0.0145506 0.0159983 0.0176276 0.0204702 0.0249755 0.0223103 0.0129417 0.0123266 0.0145605 0.0215219 0.0153002 0.00620751 0.00511019 0.00395956 0.000153042 0 0 0 0 0 
0 0 0 0 0 0.000310354 0.00406438 0.0124743 0.0135524 0.0136112 0.0130679 0.0164356 0.0190453 0.0169731 0.0168286 0.0120861 0.00555543 0.00875819 0.0150629 0.0127413 0.0178326 0.0225828 0.0222222 0.0188226 0.0185189 0.0214905 0.0195196 0.016434 0.0223312 0.0232559 0.0160271 0.0125787 0.0132479 0.0223682 0.0223626 0.0157192 0.0143248 0.0162712 0.0177784 0.0288813 0.0311446 0.0218275 0.0159475 0.0159335 0.0200321 0.0174979 0.020466 0.0129021 0.0170696 0.0167639 0.0175178 0.0216933 0.0211109 0.0232766 0.0194705 0.0167778 0.0218423 0.0189699 0.0199708 0.0178869 0.0121104 0.0150709 0.0132664 0.00258203 2.879e-05 0 0 0 0 
0 0 0 0 0 0.00120206 0.00901559 0.0134256 0.0169469 0.0166531 0.0174681 0.0150086 0.0151618 0.0127622 0.00980963 0.00868517 0.00777914 0.0111616 0.0155497 0.0110697 0.0128273 0.0185547 0.0207448 0.0217671 0.0150338 0.0191469 0.0177543 0.0173381 0.0170746 0.0215825 0.0229346 0.0214146 0.0155808 0.0175028 0.0183183 0.0196917 0.0249291 0.0230234 0.0264822 0.0295124 0.0240972 0.019292 0.0175434 0.0140396 0.0187506 0.0140335 0.0197381 0.014653 0.0184899 0.014715 0.0205614 0.0231097 0.018816 0.0196339 0.0185661 0.0169293 0.0189056 0.015079 0.0141796 0.0190021 0.021223 0.0260027 0.0200203 0.00906366 0.00192258 0 0 0 0 
0 0 0 0 0 0.00190545 0.00947476 0.0126437 0.0170362 0.0180012 0.0232421 0.0200193 0.0132066 0.0114252 0.00873896 0.00750411 0.00924625 0.0180635 0.0157408 0.014206 0.0146911 0.013579 0.0163087 0.0241953 0.0219199 0.0191054 0.0208248 0.0213193 0.0200644 0.0182383 0.0264381 0.0247212 0.020934 0.0190146 0.0179339 0.0205269 0.0372893 0.0318183 0.0318954 0.0293551 0.023665 0.0222352 0.0206067 0.0193404 0.0221367 0.0175612 0.0160336 0.0161203 0.0192966 0.0187864 0.0197006 0.0234628 0.0147666 0.016039 0.0196808 0.0225533 0.015903 0.0152296 0.0202444 0.0173885 0.0200458 0.0268529 0.0246635 0.0146961 0.00283407 0.000125422 0 0 0 
0 0 0 0 0.000326036 0.00321976 0.012077 0.0166427 0.0166327 0.0205246 0.0229201 0.018982 0.018026 0.0130034 0.0119249 0.00593238 0.0105947 0.0227738 0.0227789 0.0201911 0.0156507 0.015364 0.0199833 0.0276823 0.0235048 0.0232685 0.0251077 0.0205571 0.025832 0.021178 0.0205489 0.0302338 0.0298612 0.026647 0.027457 0.0318247 0.0340076 0.0206482 0.0299183 0.0246344 0.0265448 0.0411282 0.0330349 0.0269756 0.0245216 0.0209615 0.0206081 0.0214899 0.0170734 0.0217072 0.0245118 0.0304273 0.0138909 0.01904 0.0353254 0.0258699 0.0181895 0.0180941 0.0221456 0.01649 0.020204 0.0288439 0.0331416 0.0179369 0.00468519 0.000317272 0 0 0 
0 0 0 0 1.33118e-05 0.000785463 0.00879546 0.0156456 0.0153163 0.0222032 0.022657 0.0325666 0.0249415 0.021306 0.0122516 0.00737912 0.0154126 0.0237661 0.0178459 0.0244476 0.0196953 0.0201985 0.0168102 0.0226038 0.0222781 0.0205841 0.0269115 0.0245334 0.0275464 0.023552 0.0225105 0.029883 0.0410288 0.0386196 0.0349395 0.0307365 0.029777 0.0221432 0.0243933 0.0321147 0.0211315 0.0380503 0.0422404 0.0330932 0.0238219 0.0206595 0.0244787 0.0312678 0.0267748 0.020131 0.0396731 0.0521352 0.0203604 0.0157372 0.0363384 0.0344201 0.0289971 0.0267806 0.0244726 0.0219519 0.0205984 0.021691 0.0225508 0.0243454 0.00985113 0.00102782 0 0 0 
0 0 0 0.00012112 0.00046934 0.00103189 0.00999637 0.0196832 0.0195414 0.0258234 0.0245137 0.0306056 0.0313591 0.0283454 0.0244264 0.0146046 0.0188012 0.0240461 0.0183492 0.0210847 0.0230688 0.0211463 0.0131037 0.0262825 0.0247057 0.0238996 0.0238574 0.0246549 0.0191489 0.0188824 0.029407 0.0404268 0.0376484 0.0330826 0.0364075 0.0375175 0.0678239 0.0591863 0.0215141 0.0327076 0.0294437 0.0226542 0.036722 0.0418999 0.0480634 0.0361061 0.0271545 0.0206343 0.0187585 0.0172023 0.0207935 0.0300837 0.0242618 0.0152869 0.0162036 0.0224837 0.0259906 0.026543 0.020982 0.0199681 0.0148114 0.0193597 0.0202607 0.0221605 0.0176709 0.00258018 0.000122115 0 0 
0 0 2.35105e-05 0.00143119 0.00536331 0.00713309 0.012303 0.0200244 0.0176076 0.0184777 0.0214631 0.0272434 0.0573433 0.0470508 0.0196962 0.0221489 0.0174921 0.0131623 0.0133139 0.0190517 0.0273427 0.0220728 0.0171431 0.0221393 0.0257034 0.0223998 0.0119968 0.0201374 0.015346 0.0167669 0.0339792 0.0499357 0.0492872 0.0486874 0.0526022 0.0496362 0.0631672 0.061047 0.0319447 0.0252588 0.0299731 0.025552 0.0265533 0.030773 0.0296588 0.0212177 0.0230782 0.0204838 0.0175306 0.0157321 0.0133091 0.0146765 0.015653 0.0191367 0.0185388 0.0215431 0.029035 0.0295633 0.0210513 0.0194045 0.0247287 0.0297685 0.0287814 0.0222119 0.0153542 0.00879158 0.00219799 0 0 
0 0 0.000487605 0.00605013 0.00728576 0.0113732 0.012986 0.0155324 0.0133488 0.0100356 0.0147547 0.0212553 0.068007 0.0565932 0.026739 0.0186203 0.016011 0.0151047 0.0150507 0.0176404 0.0195484 0.0180702 0.0236237 0.0220067 0.0241034 0.0175254 0.0136044 0.0191004 0.0201436 0.0184885 0.0319186 0.0460124 0.0295 0.0347666 0.0358662 0.0383287 0.0306479 0.0379271 0.0475826 0.0235288 0.0223172 0.0260808 0.023829 0.0277055 0.0292323 0.0260199 0.0206063 0.0232115 0.0227625 0.0124246 0.0113121 0.0162582 0.017367 0.0188584 0.0194036 0.0209851 0.0298197 0.0240747 0.0249739 0.0211368 0.0210004 0.0245695 0.0181463 0.0194089 0.0147471 0.0135321 0.00515947 0.000155699 0 
0 0 0.000622196 0.00502241 0.00517849 0.00421118 0.0061003 0.0111272 0.00830764 0.0153205 0.0210815 0.0198651 0.0262137 0.0284632 0.025361 0.018341 0.0136637 0.0176541 0.0131045 0.0170689 0.0173398 0.0180545 0.0215181 0.0188868 0.019453 0.0254692 0.0204833 0.0177412 0.0267293 0.0172987 0.0275893 0.0321412 0.0236778 0.0326606 0.0300533 0.0460018 0.0316975 0.0258054 0.0411176 0.0275092 0.0202838 0.0194181 0.0301197 0.0279744 0.0224708 0.0294791 0.021371 0.021222 0.0133929 0.017544 0.0199711 0.0197594 0.0147579 0.0140015 0.0173957 0.0155185 0.0228294 0.0257558 0.0257244 0.0221432 0.0195889 0.0162979 0.0129034 0.0143303 0.0178321 0.0237166 0.0142285 0.00170545 0 
0 0 0.00114794 0.00402885 0.0080748 0.00476632 0.00568987 0.00741832 0.00769009 0.0205002 0.0256019 0.01791 0.0150076 0.0164795 0.0240936 0.018982 0.0187123 0.0171138 0.0171833 0.0177929 0.0144555 0.0169247 0.0220449 0.0226265 0.0219356 0.0314346 0.0242179 0.0204407 0.0282487 0.0267201 0.0261671 0.0402665 0.045797 0.0465238 0.025059 0.0346464 0.0266391 0.028614 0.0342025 0.0241874 0.0183927 0.0162167 0.020853 0.0292801 0.0249048 0.0326311 0.0347871 0.0240592 0.0246307 0.0222212 0.0277357 0.0203574 0.020479 0.0196111 0.0185188 0.0184122 0.0232907 0.0260409 0.0206937 0.0207685 0.0202103 0.0180319 0.011507 0.016356 0.0240704 0.0202408 0.0144935 0.00354203 0.000118823 
0 1.28872e-06 0.00239979 0.00688052 0.00974363 0.0106853 0.00980541 0.00467562 0.00991908 0.0199753 0.0161156 0.015468 0.0170015 0.0112324 0.0145397 0.0186198 0.0195787 0.0193003 0.0196929 0.0197384 0.0161683 0.0178293 0.0233261 0.0228701 0.0188175 0.0305089 0.0225864 0.0170073 0.0120786 0.0166152 0.0245527 0.0273182 0.0383613 0.0448149 0.0255043 0.0238899 0.0327478 0.033303 0.0322855 0.0377909 0.0377644 0.0174285 0.0142579 0.0367412 0.0365834 0.0299652 0.0353954 0.0343911 0.0308733 0.0194302 0.0284998 0.031975 0.0238118 0.0199758 0.0189917 0.0190559 0.0221333 0.0302894 0.0355492 0.029138 0.0191149 0.0169746 0.0236847 0.0326748 0.0382485 0.0242307 0.0166858 0.00823608 0.00131418 
0 0.000871616 0.00647239 0.00992339 0.00490652 0.00813695 0.0130477 0.0080713 0.00870318 0.0170117 0.0145964 0.0132856 0.0140367 0.0100459 0.0111743 0.0132503 0.0130464 0.0161366 0.0225054 0.0198544 0.02099 0.0189907 0.0160211 0.0174678 0.0168492 0.0187944 0.0179443 0.0144558 0.0193219 0.0180521 0.0130471 0.0233512 0.0268585 0.031315 0.0248975 0.0194693 0.0283663 0.032544 0.0562918 0.0495653 0.0325261 0.0192519 0.0149704 0.0207628 0.0268298 0.019546 0.0338106 0.0460662 0.0384134 0.0266674 0.0322504 0.0305412 0.0256165 0.0168989 0.0224245 0.018935 0.0196595 0.0218455 0.0299636 0.02061 0.0216834 0.0211579 0.0304331 0.0324491 0.039911 0.0328731 0.0234674 0.0168481 0.00412899 
0 0.00150838 0.00770051 0.00996046 0.00656432 0.00529567 0.011784 0.00768572 0.00964825 0.0182642 0.0165997 0.0143286 0.0144347 0.0163332 0.0162739 0.0153957 0.011851 0.0139713 0.016656 0.0145575 0.0194688 0.0145698 0.0215658 0.0192307 0.0222482 0.0126971 0.0147982 0.014944 0.0150351 0.0151535 0.0225612 0.0261567 0.024855 0.0315684 0.0336569 0.0258042 0.0251949 0.044077 0.0723275 0.0571592 0.0203917 0.0189215 0.0181923 0.017772 0.0215115 0.0188846 0.026377 0.0280805 0.042923 0.02971 0.030584 0.0252015 0.0202357 0.0171422 0.0220466 0.0237429 0.0226401 0.0225542 0.0249013 0.0192896 0.0277314 0.0219233 0.0287881 0.0284766 0.0368161 0.0245791 0.0203832 0.0110329 0.00363361 
0 0.000204099 0.00335591 0.00855588 0.00908515 0.00685512 0.00863674 0.00838898 0.0160587 0.0158262 0.0154083 0.017851 0.0179841 0.019706 0.0197314 0.0195378 0.0159131 0.0203813 0.0146171 0.0128684 0.0143695 0.0164074 0.0246176 0.0245075 0.0221398 0.0160198 0.0117041 0.0135289 0.0170761 0.0150162 0.0214527 0.0217013 0.0246145 0.0372292 0.0360818 0.0275059 0.0250187 0.035916 0.0639987 0.0580993 0.016761 0.0204557 0.0205905 0.015005 0.0186714 0.0148787 0.0203947 0.0243319 0.0218663 0.0237273 0.0272747 0.0300204 0.0232444 0.0179534 0.018865 0.0258571 0.020377 0.0184699 0.0267904 0.0215197 0.0185262 0.0204063 0.0203636 0.0305087 0.0452205 0.0314185 0.0229226 0.0176299 0.00346658 
0 9.75665e-05 0.00398561 0.00505093 0.0120639 0.010722 0.0113146 0.0169923 0.0223283 0.0151284 0.0158972 0.016976 0.0247145 0.0153712 0.0201146 0.0164 0.0159784 0.0168474 0.0154691 0.0131267 0.0154956 0.0182764 0.0257829 0.0249698 0.0241428 0.0169676 0.0068737 0.00671159 0.0114555 0.0113047 0.0188896 0.0220478 0.0208615 0.0299916 0.0266073 0.019771 0.0258956 0.0383415 0.041073 0.0337292 0.0309003 0.0271463 0.0242685 0.0216421 0.0260765 0.0138907 0.0184246 0.0284399 0.0303446 0.0283773 0.0206813 0.0244415 0.0297674 0.0134845 0.00978818 0.0195367 0.0194684 0.0162903 0.0184156 0.0288716 0.0245719 0.0227152 0.0219765 0.0278304 0.037788 0.0337305 0.0321414 0.0199762 0.00407377 
0 0.000684442 0.00979237 0.00854744 0.0117252 0.0104311 0.0112001 0.0282558 0.0234829 0.0135103 0.016673 0.013843 0.0212123 0.0185156 0.0158407 0.0142747 0.0205331 0.0173933 0.0140784 0.0144454 0.0148976 0.0181158 0.0205732 0.0145385 0.0173222 0.0230889 0.0137212 0.00872275 0.0122376 0.0107208 0.0126432 0.0167688 0.01975 0.0217725 0.0183791 0.0212059 0.023012 0.0297446 0.0310899 0.0328735 0.0294721 0.0310205 0.0212095 0.0224925 0.0274303 0.018854 0.0228064 0.0361176 0.032798 0.0197365 0.0239801 0.015541 0.0207084 0.0227242 0.0182561 0.01647 0.0221846 0.0226123 0.0174588 0.0262511 0.0286227 0.0281539 0.0225436 0.0291503 0.0312015 0.0255856 0.0309534 0.0269339 0.005774 
0 0.000430838 0.00315118 0.00431399 0.00422795 0.00734706 0.00892791 0.0164603 0.0179987 0.0182939 0.0172561 0.015275 0.0145393 0.0163834 0.0209303 0.0187587 0.01689 0.0127207 0.0104773 0.014905 0.0157582 0.0186238 0.0176351 0.0105566 0.0180905 0.0205457 0.0135089 0.012715 0.0112907 0.0153026 0.00898333 0.0127008 0.0186003 0.0203368 0.0181601 0.022332 0.0184141 0.0237721 0.037443 0.0411199 0.023649 0.0259448 0.0218822 0.0187253 0.0296386 0.0282842 0.0250072 0.0241582 0.0199724 0.0218548 0.0222451 0.0138034 0.0191431 0.0239891 0.019642 0.0265154 0.0240597 0.0214018 0.0172439 0.0215023 0.0369594 0.0330614 0.0214024 0.0269724 0.0359947 0.0363628 0.0334558 0.0255029 0.00317693 
0 0 3.98411e-05 0.000592975 0.00308847 0.00911156 0.0107964 0.0196078 0.0189 0.0179185 0.0181206 0.0126933 0.0118342 0.0185223 0.0178104 0.0197159 0.0148788 0.0100087 0.0127018 0.0184907 0.0173309 0.018438 0.0160154 0.0120542 0.0163114 0.0145275 0.0155761 0.017634 0.013895 0.0226316 0.0172823 0.0148666 0.0200267 0.0223981 0.0249483 0.0230662 0.0187289 0.0216302 0.0372879 0.0524853 0.0215489 0.0205932 0.022469 0.0226741 0.0229968 0.0262119 0.0222712 0.0182791 0.0189452 0.0203374 0.0232166 0.0191033 0.0136184 0.0170501 0.0325393 0.0292756 0.0181071 0.0255701 0.0330343 0.0351345 0.0430758 0.0316083 0.0269801 0.0409855 0.0373863 0.0551023 0.0350742 0.0181408 0.00171246 
0 0 0 0.00199931 0.0090504 0.0137776 0.0103073 0.012604 0.0192644 0.0208662 0.0195935 0.0126981 0.0141655 0.015589 0.0205564 0.0174371 0.0125914 0.0123653 0.0162467 0.0174166 0.0142402 0.0156759 0.0197757 0.0186066 0.0215864 0.0218404 0.027965 0.0262484 0.0241048 0.0284227 0.022151 0.016703 0.017968 0.0195114 0.0298121 0.0368022 0.0441594 0.0334838 0.0423266 0.06073 0.053304 0.0285763 0.0242243 0.01584 0.0218564 0.0179222 0.0205853 0.0235326 0.0267855 0.0174383 0.0204725 0.0167385 0.0146689 0.018938 0.0209072 0.025157 0.018539 0.0147858 0.0285246 0.0421611 0.0265498 0.0217764 0.0234671 0.0261528 0.0312577 0.0319854 0.0284729 0.0136091 0.00139705 
0.000113906 0 3.87616e-05 0.00212179 0.00915172 0.0170053 0.0111397 0.0139557 0.0244129 0.0193264 0.018564 0.0134713 0.00935074 0.00692936 0.0135839 0.0141124 0.0181469 0.015968 0.0157536 0.0165677 0.0154221 0.0120747 0.0212077 0.0228772 0.0211464 0.0180221 0.0242054 0.0255576 0.0306076 0.0301776 0.0218296 0.0172995 0.0164403 0.0186981 0.0339006 0.0528397 0.054134 0.0408103 0.0574197 0.0672114 0.0607732 0.0345492 0.024484 0.0219022 0.0300118 0.0201519 0.0248177 0.0276398 0.0206884 0.0143552 0.0165091 0.0156565 0.0187438 0.0176997 0.0164353 0.018113 0.0184578 0.013132 0.0147566 0.0258052 0.0238327 0.0212003 0.0227002 0.0247876 0.021253 0.018411 0.0244099 0.00938607 0.000426291 
6.37212e-05 0 0.0012035 0.00648594 0.0135831 0.0216358 0.0170892 0.014896 0.0174769 0.0170097 0.0167163 0.00968018 0.00978508 0.011866 0.0123441 0.0187074 0.0230381 0.0304243 0.0227492 0.0174702 0.0131669 0.0126431 0.0181933 0.0200405 0.0170389 0.0205976 0.0176592 0.0151551 0.0227571 0.0229262 0.0186491 0.0156153 0.0153678 0.0175 0.0288228 0.0429929 0.0545549 0.0497086 0.067821 0.0502467 0.0361758 0.0321555 0.0202537 0.0218472 0.0185515 0.017134 0.0201603 0.0227909 0.0196757 0.0123013 0.0138508 0.017733 0.0227764 0.0287677 0.0342028 0.0269753 0.0203566 0.0185982 0.0214308 0.0233459 0.0255882 0.0176892 0.0190153 0.0250897 0.0221041 0.0192594 0.0214738 0.0075224 0 
0 1.53497e-05 0.00243012 0.0102213 0.0174228 0.0204867 0.0130525 0.0168572 0.0171598 0.0172347 0.0120324 0.0089522 0.0130363 0.0143043 0.013422 0.0152422 0.0211733 0.0279968 0.028475 0.015916 0.0117842 0.00823142 0.00921499 0.0133558 0.0103084 0.013931 0.0154788 0.0149608 0.0152296 0.0233751 0.0166989 0.0171125 0.0162708 0.0181569 0.0220112 0.0423896 0.049022 0.0540913 0.115588 0.0809501 0.029117 0.0292772 0.0217804 0.0255283 0.0184042 0.0207727 0.0265372 0.0218255 0.0247335 0.0168881 0.0173334 0.0127449 0.0159306 0.0298377 0.034378 0.0281483 0.0228313 0.0180783 0.0208638 0.0133164 0.012411 0.0142257 0.0169019 0.0214655 0.0221042 0.0148704 0.00989819 0.00238456 0.000592643 
0 0.000997065 0.0060551 0.0122155 0.0138698 0.0107873 0.0134178 0.016574 0.0128119 0.0110079 0.00802537 0.0139485 0.0159545 0.0178645 0.0185866 0.023063 0.0165802 0.0244732 0.0216845 0.0168791 0.0143973 0.0201935 0.0118776 0.00969944 0.00905552 0.0115068 0.0118289 0.0146605 0.0143235 0.0201007 0.0168618 0.0187269 0.0230446 0.0207386 0.0217318 0.0362523 0.0446278 0.0529544 0.0817396 0.0560418 0.0261789 0.0242716 0.0266881 0.0204851 0.0192126 0.0177628 0.0163514 0.0219163 0.0252439 0.0341559 0.0178441 0.0130613 0.0214048 0.0197669 0.0214898 0.0221074 0.01812 0.00648006 0.00835902 0.0133758 0.0124882 0.0199953 0.0166328 0.0111892 0.0108679 0.0064577 0.00606346 0.00256302 0.000261988 
0 0.000725362 0.00520958 0.0122402 0.0105798 0.00713027 0.015545 0.0139785 0.00922644 0.0138142 0.0138855 0.0152505 0.0207327 0.0230658 0.0190882 0.0204621 0.0142003 0.0155593 0.0136783 0.0133486 0.016238 0.019185 0.0179743 0.0166684 0.0127148 0.0108642 0.00820215 0.0119507 0.0198919 0.0200885 0.0184329 0.0154172 0.0216735 0.0171791 0.0161309 0.0230087 0.028198 0.0294991 0.020504 0.0132991 0.0170398 0.0256294 0.0240066 0.02096 0.0188011 0.0208634 0.016547 0.0231435 0.0277383 0.0292207 0.0200446 0.016841 0.0229079 0.0206807 0.0255072 0.0273039 0.0177174 0.00577499 0.0119494 0.0163559 0.0220141 0.0179693 0.0127187 0.00621932 0.00402478 0.00648572 0.0065839 0.00278011 0.000261248 
0 0.000102439 0.00163362 0.00402571 0.00794836 0.0122856 0.0148276 0.016095 0.0182164 0.0213359 0.0164286 0.0121095 0.0134039 0.0165851 0.015445 0.014791 0.0218265 0.0139007 0.0127273 0.0146739 0.0167249 0.0163787 0.0182848 0.0327418 0.0179684 0.0125703 0.0155812 0.0132617 0.016413 0.01529 0.0175186 0.011671 0.011623 0.0162863 0.0166223 0.0207956 0.0229891 0.0214873 0.0126156 0.0145349 0.0182651 0.0232367 0.0262871 0.0249205 0.024059 0.0219918 0.0210542 0.0178154 0.0195404 0.0247275 0.0255699 0.019728 0.0214798 0.021992 0.0170368 0.0254483 0.0170259 0.0154701 0.0250819 0.0180725 0.0146696 0.0109367 0.00878037 0.0119231 0.00876525 0.00590652 0.00700938 0.00538328 0.00113832 
0 0.000209527 0.00175462 0.00450936 0.0142776 0.0178939 0.0192247 0.0176736 0.0330857 0.0369291 0.0183757 0.0104985 0.0107086 0.0115601 0.0145708 0.0228187 0.0194892 0.0165026 0.0174738 0.0191273 0.0196635 0.0177655 0.0180693 0.0222643 0.0141092 0.0104924 0.015095 0.0149116 0.0186024 0.0131369 0.0137501 0.0104242 0.0186025 0.0232793 0.0189247 0.0190214 0.0166205 0.0145168 0.0160371 0.0188433 0.0192097 0.0215702 0.0300584 0.0302137 0.0258658 0.0254188 0.0230252 0.0197443 0.0134794 0.0170286 0.0176852 0.0214936 0.0223883 0.021097 0.0162309 0.018314 0.0235785 0.0223939 0.0211021 0.0176965 0.0104516 0.00327715 0.00603252 0.00957733 0.0114282 0.0070521 0.00919809 0.00548925 0.000646272 
0 0 0.0014987 0.00908367 0.0170688 0.0123516 0.0169249 0.0201033 0.0250125 0.0194648 0.0190141 0.0124666 0.0115641 0.0116673 0.0158625 0.0299599 0.0220263 0.0194851 0.0224413 0.019933 0.0197176 0.0131234 0.0177332 0.0291751 0.0164575 0.0169722 0.0178324 0.018321 0.0207767 0.0151176 0.0160742 0.0139909 0.0241119 0.0229378 0.0240224 0.0181096 0.0122438 0.0105297 0.0169982 0.0229227 0.0217352 0.0173465 0.0198586 0.0228849 0.024483 0.0235366 0.0257101 0.0205471 0.0203875 0.0190832 0.0171276 0.0227431 0.0365569 0.0282349 0.0197907 0.0167132 0.0252228 0.0271755 0.0142328 0.0160744 0.0124665 0.00429173 0.00886899 0.0138586 0.0197565 0.0115131 0.0117748 0.004461 0.000183814 
0 0 0.00294967 0.0128237 0.0156879 0.0143351 0.0171692 0.0205035 0.0192126 0.0163802 0.0173218 0.0175683 0.0181129 0.019756 0.0218995 0.0249306 0.0159485 0.021429 0.0282571 0.0216574 0.0158475 0.010638 0.0128135 0.0229453 0.0147008 0.0202035 0.0254494 0.0224707 0.0194435 0.0178372 0.0174802 0.0186302 0.0210362 0.0189381 0.0169654 0.021813 0.0122128 0.0156986 0.0211028 0.0173978 0.027549 0.0193013 0.0186711 0.0289813 0.0284709 0.0203372 0.0235415 0.0191044 0.0164895 0.0146843 0.016064 0.02372 0.0354111 0.0321325 0.0320564 0.0168428 0.0231358 0.0275455 0.0162227 0.0113398 0.009588 0.00765446 0.0138274 0.016691 0.0151438 0.0137206 0.00478979 0.00170635 0 
0 0 0.00154306 0.0119878 0.0192601 0.0140545 0.020939 0.016396 0.0109298 0.0133404 0.0242479 0.0228922 0.0195874 0.0189102 0.0182523 0.0244393 0.022121 0.0181117 0.018851 0.0163385 0.0128341 0.0114763 0.0128011 0.0124969 0.012756 0.016748 0.0207548 0.0200856 0.016051 0.0186497 0.021142 0.0183913 0.0194811 0.0163216 0.0137322 0.0140974 0.0155348 0.0165091 0.017447 0.0138805 0.0235312 0.0245166 0.0264712 0.0357872 0.027186 0.0276581 0.0227848 0.0230136 0.0154192 0.0137325 0.0202754 0.0348974 0.0347198 0.0243866 0.0323583 0.0253747 0.0193252 0.0195667 0.0240078 0.0241125 0.0179627 0.0103206 0.0152021 0.0178598 0.0145924 0.00812209 0.0038115 0.000833379 0 
0 0 0.000209866 0.00444845 0.0137044 0.0165949 0.0183827 0.0171347 0.0176244 0.0213626 0.0243858 0.0208493 0.0156675 0.0176347 0.016098 0.0239745 0.0204839 0.0134025 0.0113185 0.0119496 0.0118672 0.0121214 0.00609524 0.00705532 0.00790315 0.0157587 0.0182001 0.0206555 0.0221295 0.023565 0.0156175 0.0123443 0.0139379 0.0136871 0.0169479 0.0195436 0.0214684 0.0174635 0.0138883 0.0146035 0.0174331 0.0207643 0.0242404 0.0222925 0.0250511 0.0250719 0.0188783 0.0159906 0.0173893 0.0153689 0.0199138 0.0287712 0.0379048 0.0311929 0.0302736 0.0268071 0.0174523 0.0159367 0.0263923 0.0243478 0.0222766 0.0119579 0.0168203 0.0204015 0.0135056 0.0145301 0.00629408 0.000614541 0 
0 0 2.16741e-05 0.00280502 0.0124348 0.0222443 0.0182205 0.0189152 0.0196643 0.0214721 0.0160579 0.0215201 0.0188606 0.0140041 0.0152515 0.0219108 0.0191774 0.0121043 0.0148662 0.0177888 0.0192973 0.0179253 0.0105261 0.00782604 0.00950831 0.0168317 0.0232005 0.025143 0.0217956 0.0197166 0.0207262 0.0169428 0.0173423 0.0203777 0.0251435 0.018368 0.0249293 0.0234449 0.0159152 0.0145388 0.0176248 0.0198937 0.0175695 0.0190409 0.02564 0.0230757 0.021386 0.0196045 0.0236572 0.0197687 0.0153882 0.026474 0.0323294 0.0251312 0.0245387 0.0278421 0.0203617 0.0151024 0.0213569 0.0267318 0.0222754 0.0148906 0.0189828 0.0179219 0.0212686 0.0139013 0.00676898 0.000168471 0 
0 0 0 0.00071344 0.00969363 0.0188265 0.0174583 0.0237073 0.0220316 0.0192138 0.0190004 0.023192 0.0193811 0.0208896 0.0233503 0.0212109 0.014539 0.0119938 0.0305548 0.0281794 0.0212202 0.0177138 0.015409 0.00820726 0.00766325 0.0174533 0.0228008 0.0198687 0.020726 0.0166029 0.0201045 0.0173651 0.0259766 0.0325661 0.0290892 0.0244811 0.0196046 0.0177061 0.0170894 0.022025 0.0180594 0.0185605 0.0209261 0.0195938 0.0244146 0.0283044 0.033415 0.0258445 0.022037 0.0225611 0.0181655 0.0229692 0.0198908 0.0286076 0.0225259 0.0236154 0.0239081 0.0246211 0.0340511 0.0261858 0.0180859 0.00957158 0.0116733 0.0165272 0.0155698 0.00813046 0.00213288 9.04689e-05 0 
0 0 0 0.000259615 0.00628666 0.0149122 0.0178843 0.0244374 0.022076 0.0130651 0.0106705 0.0143902 0.0172248 0.0150373 0.0188189 0.0155342 0.0108861 0.0150367 0.0292385 0.0346191 0.0163222 0.0119123 0.0156126 0.0110039 0.00571993 0.0111119 0.0121509 0.0138608 0.0184088 0.0155656 0.018985 0.0182678 0.0223761 0.0328223 0.0254115 0.0200669 0.0204106 0.0162112 0.017502 0.0235385 0.0284041 0.025381 0.0235203 0.0201992 0.0229886 0.0207479 0.0272532 0.0233296 0.0208012 0.0295737 0.0309524 0.024072 0.0257542 0.0256028 0.023757 0.0233513 0.0243585 0.0271 0.0352537 0.0241092 0.0177738 0.015812 0.0103961 0.0149636 0.0168728 0.00558019 0.000575137 0 0 
0 0 0 3.37706e-05 0.00324789 0.0102921 0.0169052 0.0203454 0.0172665 0.01205 0.00587378 0.0098013 0.0162891 0.0172993 0.0176957 0.0198168 0.0123996 0.0136211 0.0294048 0.0208433 0.00942388 0.0162715 0.0148784 0.00589744 0.00745593 0.0158303 0.0154482 0.0144204 0.0207532 0.0113326 0.0152042 0.0196836 0.0198007 0.0277779 0.0261403 0.0248236 0.0218347 0.0177715 0.0157359 0.0238982 0.0376552 0.0331928 0.0210454 0.0220544 0.0223739 0.0241669 0.027203 0.0309851 0.0268418 0.0345287 0.0355411 0.0215647 0.019198 0.0216767 0.0253603 0.0233287 0.0232521 0.0249697 0.0253316 0.026804 0.0213907 0.0190368 0.0109747 0.0119993 0.00942418 0.00490486 0.000181762 0 0 
0 0 0 0 0.000339271 0.00164992 0.0207671 0.0138002 0.00702008 0.00923186 0.00258873 0.0053161 0.0124724 0.0183394 0.0186886 0.0322623 0.0307397 0.022863 0.025217 0.0129452 0.0108698 0.0149795 0.00876257 0.00385241 0.00545233 0.0130593 0.0191912 0.0233012 0.0154733 0.00911661 0.0102964 0.00825857 0.0104298 0.0162038 0.0121173 0.0166326 0.0243191 0.0183708 0.016904 0.0246954 0.0275291 0.0283515 0.0278969 0.029778 0.0311352 0.021 0.0222086 0.0274599 0.030274 0.02913 0.0264167 0.0170435 0.0134526 0.0183114 0.0147746 0.0136536 0.0243937 0.0202777 0.0271463 0.0270387 0.0209585 0.0132296 0.00921129 0.00478855 0.00244158 0.00136617 0 0 0 
0 0 0 0 0 0.0050542 0.0258192 0.00530809 0.00479076 0.00771253 0.00191503 0.00172656 0.0080966 0.0125743 0.0161901 0.0237909 0.0240151 0.0216854 0.0179809 0.00933375 0.0108998 0.0136713 0.00638391 0.00331113 0.00216596 0.010672 0.0174422 0.0127367 0.00890348 0.00964404 0.00723498 0.00637995 0.00497969 0.00508287 0.00848359 0.0125144 0.0125269 0.0222876 0.0261076 0.0298598 0.0262557 0.0319786 0.0306323 0.0279421 0.0301191 0.0215968 0.0268901 0.0218693 0.0188585 0.0208038 0.0187276 0.0176766 0.0164152 0.0196024 0.0212181 0.0228123 0.0270939 0.0275406 0.0276739 0.0238674 0.0201177 0.0125374 0.0112441 0.00392227 0.000507448 3.16079e-05 0 0 0 
0 0 0 0 0 0.00320656 0.00752045 0.00118474 0.00711181 0.00731071 0.00352853 0.00191088 0.00606836 0.00822407 0.00970323 0.0140751 0.015345 0.0159504 0.0138661 0.0122562 0.0174984 0.0145146 0.00454663 0.00608131 0.0127144 0.0122837 0.0101271 0.00458078 0.00392144 0.00481084 0.00223782 0.00122448 0.00264198 0.00462863 0.0122714 0.0139567 0.0135014 0.0202903 0.0258339 0.0239044 0.0238541 0.0230295 0.0303148 0.029548 0.0228881 0.0229358 0.0228086 0.0203157 0.0144879 0.0143976 0.0141403 0.0201971 0.026053 0.031198 0.045112 0.0425623 0.0276888 0.029244 0.0226095 0.0195078 0.0187951 0.0195734 0.0156121 0.0033334 0.000152855 0 0 0 0 
0 0 0 0 0 0 0 0.00313885 0.0103398 0.0106273 0.0154506 0.00564555 0.00991138 0.0122888 0.0143397 0.0147532 0.0203431 0.0169919 0.0128879 0.0188157 0.0251267 0.0208673 0.00571858 0.0119138 0.0150433 0.0116452 0.00448555 0.00158038 0.00350932 0.00306935 0.00243049 0.00248936 0.010141 0.0147592 0.0138274 0.0179575 0.01808 0.0161089 0.0211961 0.0293516 0.027463 0.0246825 0.0264097 0.0275351 0.0248238 0.0279118 0.022189 0.0203289 0.0246548 0.0194791 0.013907 0.014883 0.02492 0.0297932 0.0371855 0.0445043 0.0327238 0.0229357 0.0270987 0.0209139 0.0175396 0.0152157 0.00932552 0.00133327 0 0 0 0 0 
0 0 0 0 0 0 0 0.00268501 0.0100863 0.020877 0.0283961 0.0126198 0.0130973 0.0212607 0.0208761 0.0113338 0.0155312 0.0150331 0.0173609 0.0170315 0.0247357 0.0220372 0.0100984 0.0174293 0.0175655 0.00914171 0.00517084 0.00311176 0.00449033 0.00643159 0.0104768 0.0117793 0.0160668 0.0142896 0.018473 0.0142405 0.020803 0.024584 0.0206553 0.0303746 0.0285339 0.0260936 0.0268512 0.027893 0.024678 0.0294384 0.0287202 0.0358105 0.0315802 0.0246354 0.0215119 0.0198122 0.0176376 0.021428 0.0200711 0.0263597 0.0161926 0.019933 0.022887 0.0185837 0.0136554 0.0148152 0.00497212 0.00030656 0 0 0 0 0 
0 0 0 0 0 0 0 0.00131464 0.0047886 0.0154827 0.0155047 0.00397553 0.00906037 0.0232396 0.0126461 0.0100761 0.0142733 0.0152004 0.0161464 0.0185913 0.0191456 0.0158508 0.00919815 0.00565745 0.00878465 0.00603735 0.00575308 0.00451532 0.01086 0.0162011 0.0173151 0.0158813 0.0192236 0.0165189 0.0239852 0.0172716 0.022411 0.0230193 0.0193443 0.0194019 0.0167186 0.0160828 0.0245421 0.024422 0.0288525 0.0317662 0.028398 0.0258291 0.0234851 0.0240366 0.0250503 0.0184307 0.0101989 0.0102465 0.0156645 0.0179581 0.0153223 0.0277765 0.0269533 0.0128801 0.0070369 0.00553126 0.00034532 0 0 0 0 0 0 
0 0 0 0 0 0 0 1.06274e-05 4.60756e-05 0.002865 0.00307399 0.000298342 0.00342247 0.014597 0.0123392 0.0235733 0.0331347 0.0169834 0.0129976 0.0181018 0.0127564 0.0119476 0.0103902 0.00800632 0.00661338 0.00231744 0.00427948 0.00847602 0.0166368 0.0228276 0.0209651 0.0217856 0.0223065 0.0224868 0.0168222 0.0143074 0.00967057 0.0167462 0.0246312 0.0251599 0.0188639 0.0180908 0.0215531 0.0246014 0.0425387 0.0483241 0.0337658 0.0230429 0.0136152 0.0186631 0.0201326 0.0199605 0.0198146 0.015527 0.010781 0.0135506 0.0202913 0.0232354 0.0243828 0.0106698 0.00430778 0.00149887 0 0 0 0 0 0 0 
0 0 0 0 0 0 0 0 0 0 0 0.000189867 0.00423369 0.00966849 0.0182769 0.10548 0.173144 0.0343652 0.0100673 0.0130874 0.0183368 0.0132315 0.0236283 0.0277482 0.0118347 0.00403523 0.0142956 0.0170284 0.018602 0.0262095 0.0294082 0.0283563 0.0279613 0.0228559 0.0102044 0.010413 0.00759287 0.0146635 0.024421 0.0285316 0.0255413 0.020168 0.0218206 0.0294709 0.0511486 0.0366139 0.0334109 0.0252684 0.0254009 0.0233653 0.0290879 0.0316335 0.0230657 0.0228414 0.0123457 0.0142005 0.0220303 0.0159668 0.0145376 0.00757788 0.000238545 0 0 0 0 0 0 0 0 
0 0 0 0 0 0 0 0 0 0 0 0.000422542 0.00685615 0.0145843 0.0232421 0.084469 0.117099 0.0264692 0.00779094 0.00810153 0.0134281 0.0171069 0.0219037 0.0331856 0.0219262 0.0141688 0.0262938 0.0249124 0.0205831 0.0234186 0.040775 0.0265314 0.0245933 0.0308877 0.0162624 0.0154064 0.00922154 0.0140187 0.0262269 0.0384645 0.0306648 0.0267495 0.0216134 0.0218722 0.0307194 0.0287421 0.0314777 0.0365552 0.0304317 0.0345089 0.0439542 0.0325958 0.0224281 0.0172456 0.0135117 0.0186254 0.027041 0.01692 0.00711261 0.00115641 0 0 0 0 0 0 0 0 0 
0 0 0 0 0 0 0 0 0 0 0 0.000487171 0.00698559 0.019727 0.0228012 0.0256394 0.0227398 0.014779 0.00646534 0.00306574 0.00413624 0.00750102 0.0131588 0.0230074 0.0254089 0.0306048 0.0250191 0.0192138 0.0234608 0.0212747 0.0258771 0.0232769 0.0257411 0.0254762 0.0387978 0.0278575 0.0207601 0.01879 0.0298399 0.043301 0.030821 0.0248596 0.0187572 0.0218057 0.0211036 0.0269433 0.039274 0.0400781 0.0461543 0.0427553 0.036787 0.0336078 0.0241455 0.022975 0.0272969 0.0288724 0.0224304 0.00872766 0.00104579 0 0 0 0 0 0 0 0 0 0 
0 0 0 0 0 0 0 0 0 0 0 1.88257e-05 0.000722912 0.00297312 0.00934934 0.0109553 0.00873059 0.00638946 0.00152022 0.00307166 0.00856264 0.0116464 0.0104019 0.0228695 0.0200757 0.0258964 0.0212359 0.0165776 0.0262712 0.0208219 0.0228577 0.025474 0.0269495 0.0166864 0.0229832 0.0224867 0.0264362 0.0247409 0.0253285 0.0276592 0.0306208 0.027141 0.0207232 0.0203363 0.027019 0.0299419 0.0371221 0.0391632 0.0457922 0.0416485 0.0376943 0.0352277 0.0293708 0.0361784 0.0328648 0.0212831 0.00734301 0.00277404 6.49612e-05 0 0 0 0 0 0 0 0 0 0 
0 0 0 0 0 0 0 0 0 0 0 0 0 4.61222e-05 0.00126334 0.00339716 0.0030527 0.000834051 0.000956175 0.0064699 0.0104339 0.0130669 0.0129661 0.0178111 0.018411 0.0259227 0.0261282 0.0177026 0.0245961 0.0227526 0.0207359 0.0192883 0.0198762 0.0225793 0.0233866 0.0252738 0.0245081 0.02603 0.0168184 0.0221644 0.0329047 0.0258685 0.0202478 0.0237353 0.0290312 0.0233716 0.0409722 0.0354241 0.0373061 0.0401132 0.0584116 0.0369221 0.0224187 0.0262989 0.0222433 0.0105743 0.000637713 0.000166263 0 0 0 0 0 0 0 0 0 0 0 
0 0 0 0 0 0 0 0 0 0 0 0 0 0 0 0 0 0 0.00229371 0.0100001 0.010953 0.0154571 0.0144902 0.00861333 0.0210745 0.0238084 0.0190757 0.0132563 0.0276808 0.031976 0.0271993 0.0221821 0.0205129 0.0190378 0.0250023 0.0245742 0.0285449 0.0252252 0.0216543 0.0232973 0.0271545 0.0236979 0.0197856 0.0232658 0.0273103 0.0347476 0.0442337 0.0379658 0.0356155 0.0334047 0.0500591 0.0321894 0.0122559 0.00564999 0.00344635 0.00103311 1.54047e-05 0 0 0 0 0 0 0 0 0 0 0 0 
0 0 0 0 0 0 0 0 0 0 0 0 0 0 0 0 0 0 0.000684713 0.00681129 0.00991525 0.0125781 0.00641893 0.00423815 0.0174251 0.0178844 0.00540009 0.00682599 0.0234201 0.02924 0.0299728 0.0240319 0.0204941 0.0252922 0.0257646 0.0230326 0.0236199 0.0264701 0.0273773 0.0268306 0.0321294 0.0297556 0.0284334 0.0188685 0.0208269 0.0239888 0.0227924 0.0337608 0.0284653 0.0239164 0.02036 0.0155174 0.00666133 0.000205965 5.79375e-05 0 0 0 0 0 0 0 0 0 0 0 0 0 0 
0 0 0 0 0 0 0 0 0 0 0 0 0 0 0 0 0 0 0 0.000285157 0.00247444 0.00222674 0.00056237 0.00326926 0.0206522 0.0162103 0.000719935 0.00452422 0.0197594 0.0290277 0.0242003 0.0232171 0.0200776 0.0245806 0.0240952 0.0228913 0.0220461 0.0234332 0.0259797 0.0257308 0.023426 0.0364897 0.030458 0.0234973 0.0165695 0.0162712 0.0236583 0.0241468 0.0217492 0.0137421 0.00631497 0.0026161 0.000332698 0 0 0 0 0 0 0 0 0 0 0 0 0 0 0 0 
0 0 0 0 0 0 0 0 0 0 0 0 0 0 0 0 0 0 0 0 0 0 0 0.00463784 0.013438 0.00431395 0.000208411 0.00444268 0.020018 0.0285634 0.0285284 0.0188274 0.00964925 0.0164593 0.0212693 0.0192521 0.0212525 0.0262721 0.0323755 0.0279803 0.0321134 0.0329065 0.0218535 0.0255325 0.0167849 0.011246 0.0173664 0.0160241 0.00786267 0.0024728 0.00207844 4.66482e-05 4.1467e-06 0 0 0 0 0 0 0 0 0 0 0 0 0 0 0 0 
0 0 0 0 0 0 0 0 0 0 0 0 0 0 0 0 0 0 0 0 0 0 0 0.00207764 0.00118888 0.00116911 0.00131157 0.0108877 0.0203983 0.0213963 0.0209379 0.0103425 0.0045491 0.0158878 0.0232915 0.021009 0.0238855 0.0299614 0.0317403 0.0222033 0.0203634 0.021666 0.0210502 0.0151704 0.00650607 0.00151251 0.00454075 0.00239982 0.000431297 0 0 0 0 0 0 0 0 0 0 0 0 0 0 0 0 0 0 0 0 
0 0 0 0 0 0 0 0 0 0 0 0 0 0 0 0 0 0 0 0 0 0 0 1.24218e-05 5.54454e-05 0.000461921 0.00178504 0.01113 0.00626095 0.0108019 0.00985281 0.00228946 0.00135037 0.00611457 0.0158588 0.0174816 0.022128 0.0254346 0.021879 0.0223614 0.0198527 0.0212284 0.0165573 0.00700688 0.000841125 0 0 0 0 0 0 0 0 0 0 0 0 0 0 0 0 0 0 0 0 0 0 0 0 
0 0 0 0 0 0 0 0 0 0 0 0 0 0 0 0 0 0 0 0 0 0 0 0 0 0 4.74599e-05 0.00148943 0.000518796 0.00195559 0.00174347 7.76094e-05 0 8.95504e-05 0.00207817 0.00473945 0.00828699 0.00865872 0.00747945 0.00823557 0.00538954 0.00719639 0.00290722 0.00105114 0 0 0 0 0 0 0 0 0 0 0 0 0 0 0 0 0 0 0 0 0 0 0 0 0 

