0 0 0 0 0 0 0 0 0 0 0 0 0 0 0 0 0 0 0 0 0 0 0 0 0 0 0 0 0 0 0 0 0 0 0 0 0 0 0 0 0 0 0 0 0 0 0 0 0 0 0 0 0 0 0 0 0 0 0 0 0 0 0 0 0 0 0 0 0 
0 0 0 0 0 0 0 0 0 0 0 0 0 0 0 0 0 0 0 0 0 0 0 0 0 0 0 0 0 0 0 0 0 0 0 0 0 0 0 0 0 0 0 0 0 0 0 0 0 0 0 0 0 0 0 0 0 0 0 0 0 0 0 0 0 0 0 0 0 
0 0 0 0 0 0 0 0 0 0 0 0 0 0 0 0 0 0 0 0 0 0 0 0 0 0 0 0 0 0 0 0 0 0 0 0 0 0 0 0 0 0 0 0 0 0 0 0 0 0 0 0 0 0 0 0 0 0 0 0 0 0 0 0 0 0 0 0 0 
0 0 0 0 0 0 0 0 0 0 0 0 0 0 0 0 0 0 0 0 0 0 0 0 0 0 0 0 0 0 0 0 0 0 0 0 0 0 0 0 0 0 0 0 0 0 0 0 0 0 0 0 0 0 0 0 0 0 0 0 0 0 0 0 0 0 0 0 0 
0 0 0 0 0 0 0 0 0 0 0 0 0 0 0 0 0 0 0 0 0 0 0 0 0 0 0 0 0 0 0 0 0 0 0 0 0 0 0 0 0 0 0 0 0 0 0 0 0 0 0 0 0 0 0 0 0 0 0 0 0 0 0 0 0 0 0 0 0 
0 0 0 0 0 0 0 0 0 0 0 0 0 0 0 0 0 0 0 0 0 0 0 0 0 0 0 0 0 0 0 0 0 0 0 0 0 0 0 0 0 0 0 0 0 0 0 0 0 0 0 0 0 0 0 0 0 0 0 0 0 0 0 0 0 0 0 0 0 
0 0 0 0 0 0 0 0 0 0 0 0 0 0 0 0 0 0 0 0 0 0 0 0 0 0 3.17775e-05 0.000607186 0.00257753 0.000693636 2.06518e-06 0 0 0 0 0 0 0 0 0 0 0 0 0 0 0 0 0 0 0 0 0 0 0 0 0 0 0 0 0 0 0 0 0 0 0 0 0 0 
0 0 0 0 0 0 0 0 0 0 0 0 0 0 0 0 0 0 0 0 0 0 0 0 0 0 0.0007112 0.00530152 0.0106982 0.00424113 4.25742e-05 0 0 0 0 0 0 0 0 0 0 0 0 0 0 0 0 0 0 0 0 0 0 0 0 0 0 0 0 0 0 0 0 0 0 0 0 0 0 
0 0 0 0 0 0 0 0 0 0 0 0 0 0 0 0 0 0 0 0 0 0 0 1.16565e-06 0.000184743 0.00127266 0.00361157 0.0114598 0.0171612 0.00487174 0 0 0 0 0 7.222e-05 0.000113159 0.000185813 4.98773e-05 0 0 0 0.000161335 3.30993e-05 0 0 0 0 0 0 0 0 0 0 0 0 0 0 0 0 0 0 0 0 0 0 0 0 0 
0 0 0 0 0 0 0 0 0 0 0 0 0 0 0 0 0 0 0 0 0 0 0.000452094 0.002119 0.0031367 0.00197064 0.00622204 0.0169377 0.0122599 0.00170252 9.99712e-05 2.80215e-05 0 0.000993682 0.00156804 0.00221828 0.000438841 0.000445813 0.000119669 0 0 0 0.000503451 0.000103287 0 0 0 0 0 0 0 0 0 0 0 0 0 0 0 0 0 0 0 0 0 0 0 0 0 
0 0 0 0 0 0 0 0 0 0 0 0 0 0 0 0 0 0 0 0 3.09436e-05 0.000455328 0.000803545 0.00259068 0.00228357 0.00223582 0.0068046 0.00939822 0.00644312 0.00589298 0.00303383 0.000235095 0.0016156 0.00432928 0.00131632 0.000829511 2.94654e-05 0 0.000152433 0.000637086 0.00571316 0.00199724 0.00121123 0.000494523 0 0 0 0 0 0 0 0 0 0 0 0 0 0 0 0 0 0 0 0 0 0 0 0 0 
0 0 0 0 0 0 0 0 0 0 0 0 0 0 0 0 0 0 0 0 5.82137e-05 0.001126 0.000932669 0.000511927 0.00293253 0.00313357 0.00543303 0.00676834 0.000840645 0.00911926 0.00997391 0.00426543 0.00308984 0.000766395 5.86026e-07 0 0 0 0.000999478 0.00463244 0.0105631 0.00934368 0.00758658 0.00225184 0 0 0 0 0 0 0 0 0 0 0 0 0 0 0 0 0 0 0 0 0 0 0 0 0 
0 0 0 0 0 0 0 0 0 0 0 0 0 0 0 0 0 0 0 0 0.000115161 0.00124699 0.00188654 0.00129367 0.00123175 0.00238854 0.000805715 0.000391338 0.000231751 0.00128006 0.00191196 0.00121988 0.00215792 0.000196616 0 0 0 0 0.00086713 0.00388834 0.0028377 0.00419178 0.00180706 8.06972e-05 0 0.000791364 0.00208779 0.000260164 0 0 0 0 0 0 0 0 0 0 0 0 0 0 0 0 0 0 0 0 0 
0 0 0 0 0 0 0 0 0 0 0 0 0 0 0 0 0 0 0 0 0.000420928 0.00411568 0.00445729 0.00400916 0.00335115 0.00493379 0.00188732 0.000585863 7.80142e-05 0.000111218 0 1.83809e-05 6.48557e-05 0 5.38273e-05 3.50376e-06 0 0 0 0.000117202 0.000149371 0.00022347 0.000342424 0 0 0.00023277 0.00057898 5.47929e-05 0 0 0 0 0 0 0 0 0 0 0 0 0 0 0 0 0 0 0 0 0 
0 0 0 0 0 0 0 0 0 0 0 0 0 0 0 0 0 0 0 0 2.02652e-05 0.0038834 0.00537526 0.00550873 0.00192241 0.00548398 0.000810419 0.000237413 3.60493e-05 0 0 0 1.69563e-05 0.00010014 0.00216356 0.000574533 8.71053e-08 0 0 0 0 0 0 0 0 0 0 0 0 0 0 0 0 0 0 0 0 0 0 0 0 0 0 0 0 0 0 0 0 
0 0 0 0 0 0 0 0 0 0 0 0 0 0 0 0 0 0 0 0 0 0.00204574 0.00614409 0.0026375 0.00408298 0.00927737 0.00366015 0.00234816 0.000389336 0.000332142 0.00105747 0.00117444 0.00264837 0.00290383 0.00719363 0.00665369 0.000961586 0 0 0 0 0 0 0 0 0 0 0 0 0 0 0 0 0 0 0 0 0 0 0 0 0 0 0 0 0 0 0 0 
0 0 0 0 0 0 0 0 0 0 0 0 0 0 0 0 0 0 0 0 0 1.05674e-05 0.000364759 0.000885753 0.00480676 0.00167718 0.000479614 1.47521e-05 0.000447662 0.00343045 0.00584687 0.0100923 0.0140935 0.0157809 0.0210517 0.0101291 0.0026742 0 0 0 0 0 0 0 0 0 0 0 0 0 0 0 0 0 0 0 0 0 0 0 0 0 0 0 0 0 0 0 0 
0 0 0 0 0 0 0 0 0 0 0 0 0 0 1.22746e-06 0.000661272 0.00341462 0.000738383 0 0 8.69441e-05 2.61193e-05 0.000780488 0.0019753 0.00291091 0.000598684 0.000417077 0.00177639 0.00766121 0.012204 0.0155819 0.0182852 0.0255362 0.0263913 0.0232692 0.0136782 0.00220542 0 0 0 0 0 0 0 0 0 0 0 0 0 0 0 0 0 0 0 0 0 0 0 0 0 0 0 0 0 0 0 0 
0 0 0 0 0 0 0 0 0 0 0 0 0 0 0.000764172 0.00186376 0.0150554 0.0046933 0 0.000916772 0.00971723 0.00145566 0.00180891 0.00334868 0.00118636 0.000184475 0.0032872 0.00886156 0.0119484 0.0128287 0.0116555 0.010574 0.00775479 0.00453172 0.00324764 0.00269931 0.000634628 0.00209256 0.000341474 0 0 0 0 0 0 0 0 0 0 0 0 0 0 0 0 0 0 0 0 0 0 0 0 0 0 0 0 0 0 
0 0 0 0 0 0 0 0 0 0 0 0 0 1.39071e-05 0.000370079 0.000977315 0.00597195 0.00258621 0.000319118 0.00305722 0.00832413 0.000682044 0.00206544 0.00206772 0.00129913 0.00165412 0.00539568 0.0129742 0.0109606 0.0120427 0.00747707 0.00456764 0.00996442 0.00829853 0.00675915 0.00584482 0.00611752 0.00760095 0.00334766 0.00266312 0.000350734 0.000570817 0.00172454 0.00161526 0.000443568 4.52248e-05 0 0 0 0 0 0 0 0 0 0 0 0 0 0 0 0 0 0 0 0 0 0 0 
0 0 0 0 0 0 0 0 0 0 0 0 8.63304e-06 0.000324655 0.00149433 0.000624935 0.000432932 0.00229562 0.000806261 0.00157716 0.00420521 0.00186975 0.00298759 0.00263725 0.000886446 0.00163002 0.00319283 0.00926625 0.00930453 0.00796855 0.0117363 0.011731 0.0100572 0.00820663 0.00576534 0.00576934 0.00775841 0.0101467 0.00760561 0.00901693 0.00898847 0.0133504 0.0153879 0.0132478 0.00604246 0.000196364 0 0 0 0 0 0 0 0 0 0 0 0 0 0 0 0 0 0 0 0 0 0 0 
0 0 0 0 0 0 0 0 0 0 0 0 0.000171671 0.000869919 0.000781599 0.000498815 0.000174289 0.000238079 0.000831956 0.00064387 0.00183556 0.00117121 0.00212598 0.00201828 0.00241948 0.00457331 0.0082788 0.0139722 0.0161514 0.0208697 0.028424 0.0223068 0.0133202 0.00770804 0.00713364 0.00422502 0.00987716 0.0113433 0.00756143 0.00302472 0.0115001 0.0104647 0.0109311 0.00927837 0.0030451 1.08933e-05 0 0 0 0 0 0 0 0 0 0 0 0 0 0 0 0 0 0 0 0 0 0 0 
0 0 0 0 0 0 0 0 0 0 0 0 0.000631669 0.000499555 0.000942007 0.00094131 0.000552745 0.000405303 0.000323375 0.00134687 0.00228834 0.00559729 0.00275766 0.00384548 0.00628782 0.0126719 0.0186056 0.0188868 0.0189435 0.0222575 0.0140259 0.00822638 0.00619907 0.00955966 0.00549127 0.00183303 0.00251778 0.00468825 0.00352628 0.002078 0.00550681 0.00513497 0.00544706 0.00467323 0.000990065 7.76547e-06 0 0 0 0 0 0 0 0 0 0 0 0 0 0 0 0 0 0 0 0 0 0 0 
0 0 0 0 0 0 0 0 0 0 0 0 0.000623331 0.000909502 0.0030875 0.00138086 0.00106972 0.0010086 0.000605569 0.000948785 0.00256173 0.0100465 0.00424793 0.00474838 0.00815338 0.0077231 0.0123234 0.0101167 0.0147459 0.0149955 0.00778541 0.00660269 0.0123673 0.0223924 0.00405911 0.000485832 0.000624744 0.00607199 0.00912287 0.0039875 0.00809259 0.0088789 0.0099545 0.00406191 0.000643862 0.000240621 8.07117e-06 0 0 0 0 0 0 0 0 0 0 0 0 0 0 0 0 0 0 0 0 0 0 
0 0 0 0 0 0 0 0 0 0 0 0.000457977 0.00284925 0.00612978 0.00517709 0.00402516 0.00697365 0.00823845 0.00388204 0.00253539 0.00109969 0.0010121 0.00014173 0.00529217 0.00451027 0.00639835 0.0106485 0.0153412 0.0157287 0.0129815 0.0097293 0.00974634 0.0127781 0.0195639 0.00408058 0.00134675 0.000364318 0.00790369 0.0144979 0.00779309 0.01096 0.0104453 0.0119931 0.0103731 0.0059666 0.00173043 0.00154124 0.000560082 3.65154e-05 0 0 0 0 0 0 0 0 0 0 0 0 0 0 0 0 0 0 0 0 
0 0 0 0 0 0 0 0 0 0 0 0.00213636 0.0072362 0.0097698 0.0106588 0.00787763 0.0160148 0.0119523 0.00891526 0.00385597 0.00177756 0.00154522 0.000684449 0.00322082 0.0102341 0.00526427 0.00747524 0.01295 0.00970532 0.00852623 0.0108685 0.0145584 0.0183275 0.0283673 0.0248777 0.0156977 0.0135014 0.00966358 0.00875697 0.00789169 0.00389761 0.00268272 0.00577418 0.00600103 0.00590731 0.00223758 0.00195933 0.000888675 0.00234444 0.000630624 0 0 0 0 0 0 0 0 0 0 0 0 0 0 0 0 0 0 0 
0 0 0 0 0 0 0 0 0 0 0 0.00163896 0.00163146 0.00775806 0.012115 0.0106023 0.00915431 0.00373745 0.0132144 0.00681646 0.00288761 0.00121551 0.000309359 0.000329181 0.00734441 0.00812336 0.0096431 0.00852373 0.00844538 0.00798801 0.0130363 0.0164468 0.0149275 0.0257998 0.021972 0.0217189 0.0187182 0.0150567 0.0191886 0.0180873 0.0135426 0.00353224 0.000365931 0.00161411 0.00194982 0.00046955 0.000880598 0.000578798 0.00155253 0.000494366 0 0 0 0 0 0 0 0 0 0 0 0 0 0 0 0 0 0 0 
0 0 0 0 0 0 0 0 0 0 0 0.00222296 0.00449209 0.00693988 0.0132518 0.009975 0.00669764 0.00217865 0.0191682 0.0135864 0.00187883 0.000948097 0.000324204 5.11057e-05 0.00312586 0.00517759 0.0131747 0.0113934 0.00679992 0.00898882 0.0152448 0.0168633 0.014928 0.0180137 0.0134749 0.0158425 0.0114608 0.00888845 0.00698479 0.00597493 0.018316 0.00899063 0.00207684 0.000159673 0.000813944 0.000424385 0.00171585 0.00134794 0.000644837 0.00158502 0 0 0 0 0 0 0 0 0 0 0 0 0 0 0 0 0 0 0 
0 0 0 0 0 0 0 0 0 0 0 0.00115859 0.010214 0.0150942 0.0118538 0.00755477 0.00443338 0.00552029 0.0285904 0.0211641 0.00229907 0.000661959 0.000560165 0.000326451 0.0018837 0.0047588 0.0081571 0.00879385 0.00484853 0.0137812 0.0210139 0.0172649 0.0192056 0.0217992 0.0127554 0.0093678 0.00780261 0.0077927 0.0023794 0.0015093 0.011216 0.0132491 0.00680613 0.00243552 0.00174504 0.0012147 0.00112744 0.000439467 0.0010641 0.000413768 0.000826228 0.000100278 0 0 0 0 0 0 0 0 0 0 0 0 0 0 0 0 0 
0 0 0 0 0 0 0 0 0 0 0 0.000154283 0.00647848 0.0128625 0.00946483 0.0120348 0.00843655 0.0076898 0.00628686 0.00560112 0.00168626 0.000389026 0.00122582 0.0010943 0.00146001 0.0072353 0.017723 0.0135045 0.00988994 0.0161563 0.0171434 0.0149395 0.0157845 0.0148969 0.0114471 0.010781 0.0105766 0.00964296 0.00528206 0.00359788 0.0068043 0.0120866 0.0156701 0.0126998 0.0109353 0.0118555 0.00389211 0.000410743 0.00132844 0.0025924 0.00302519 0.000451885 0 0 0 0 0 0 0 0 0 0 0 0 0 0 0 0 0 
0 0 0 0 0 0 0 0 0 0 0 0 0.000424421 0.00268719 0.0106876 0.0170057 0.0106205 0.00784762 0.00451372 0.000988369 0.000381929 0.000174282 0.000188449 0 0.000567649 0.0037127 0.0165638 0.0205465 0.0243078 0.0224149 0.020905 0.0145829 0.0127741 0.0106211 0.0133383 0.013475 0.0204017 0.0191131 0.0148338 0.00687199 0.00642155 0.00730101 0.0104656 0.0122063 0.0149393 0.0187395 0.0148451 0.00248528 0.00340575 0.00305749 0.00212213 0.000736854 0 0 0 0 0 0 0 0 0 0 0 0 0 0 0 0 0 
0 0 0 0 0 0 0 0 0 0 0 0 0 3.63916e-06 0.00120447 0.00454258 0.00987061 0.00595786 0.0133746 0.00213199 0.000669322 0.00244763 0.00241825 0.00144054 0.0017815 0.00995452 0.0170805 0.0207809 0.0155714 0.0172781 0.0143806 0.0131235 0.0133825 0.0114813 0.013539 0.0199453 0.0338509 0.0402309 0.0199254 0.00912676 0.0168766 0.0157899 0.0157642 0.0187514 0.0276233 0.0291221 0.0176603 0.00205998 0.000566071 0.00159528 0.00204703 0.00205113 0.000221881 0 0 0 0 0 0 0 0 0 0 0 0 0 0 0 0 
0 0 0 0 0 0 0 0 0 0 0 0 0 0 0 0.000476153 0.00927754 0.00586001 0.0135586 0.0041881 0.000438895 0.00294265 0.00686579 0.0134252 0.0125648 0.0180659 0.0254549 0.019353 0.0188199 0.014081 0.0116369 0.0149916 0.00875317 0.0223726 0.0259994 0.0319489 0.0290934 0.0410629 0.0209171 0.0136759 0.0168587 0.0133201 0.0128016 0.0219641 0.0234149 0.0166091 0.00688849 0.00131802 0.000290667 0.00102053 0.00027466 0.00226824 0.00177354 0.000841949 5.00667e-05 0 0 0 0 0 0 0 0 0 0 0 0 0 0 
0 0 0 0 0 0 0 0 0 0 0 0 0 0 0 0 0.000330025 0.00119223 0.0132174 0.0122175 0.00152323 0.00413083 0.0151034 0.0137651 0.0163582 0.013457 0.0198664 0.0173879 0.0216334 0.0129707 0.0165403 0.0229839 0.0182492 0.0194828 0.0317921 0.040897 0.0331164 0.0406217 0.0317347 0.0223526 0.0199685 0.0129192 0.0104489 0.0152946 0.0149565 0.0130866 0.00275871 0.00300332 0.0039411 0.00253121 0.00162963 0.000385453 0.00109367 0.00160153 0.000284536 0 0 0 0 0 0 0 0 0 0 0 0 0 0 
0 0 0 0 0 0 0 0 0 0 0 0 0 0 0 0 0 0.000174214 0.00977534 0.0130238 0.00240933 0.00682668 0.0111161 0.0122095 0.0114295 0.0111287 0.0176027 0.0178862 0.0161287 0.0140924 0.0319532 0.0408466 0.0213607 0.0238253 0.0380562 0.0467499 0.038894 0.0400006 0.0452877 0.0370605 0.0304154 0.0223283 0.0120201 0.00989926 0.0167036 0.0238441 0.0163754 0.0183977 0.011422 0.0112321 0.00505579 0.00612463 0.00474782 0.00128949 3.67315e-06 0 0 0 0 0 0 0 0 0 0 0 0 0 0 
0 0 0 0 0 0 0 0 0 0 0 0 0 0 0 0 0 0 0.00406884 0.0139693 0.00887175 0.00161549 0.00726136 0.0128763 0.00950548 0.0142776 0.0172435 0.0111533 0.0166843 0.0193461 0.0360994 0.0296817 0.0215557 0.0433326 0.0629278 0.0589597 0.0403214 0.0241983 0.0291971 0.0312443 0.0237851 0.0148846 0.0149074 0.00849655 0.0109166 0.0142446 0.0205033 0.0273538 0.0208506 0.0274013 0.0151696 0.0122174 0.00843903 0.00280361 0.000322313 0 0 0 0 0 0 0 0 0 0 0 0 0 0 
0 0 0 0 0 0 0 0 0 0 0 0 0 0 3.84085e-05 4.34092e-06 0 0 0.00316393 0.0116159 0.011974 0.00481455 0.00559355 0.00703413 0.00882848 0.0147782 0.015431 0.0205871 0.0239635 0.0152212 0.0220709 0.0347356 0.0658217 0.0819519 0.0686359 0.0772773 0.0527346 0.0344092 0.0382554 0.0328756 0.0264833 0.021868 0.0169316 0.0134722 0.0112177 0.0152681 0.0184292 0.018987 0.0255599 0.0249074 0.024214 0.0112848 0.0092177 0.00306702 9.86942e-05 0 0 0 0 0 0 0 0 0 0 0 0 0 0 
0 0 0 0 0 0 0 0 0 0 0 0 0.00016179 7.55377e-06 0.00068141 7.70128e-05 0 0 0.00027074 0.00430834 0.0175138 0.0116413 0.00647241 0.00868382 0.00852798 0.0102202 0.0147355 0.0289391 0.0220137 0.0204789 0.0384327 0.0529428 0.0909429 0.0803029 0.0683366 0.0665701 0.0538378 0.0290337 0.0406858 0.0302904 0.0271379 0.0220116 0.0138965 0.01257 0.00898889 0.0115354 0.0161088 0.0113045 0.0180505 0.0218902 0.0325845 0.0128197 0.00839741 0.0026905 2.85845e-06 0 0 0 0 0 0 0 0 0 0 0 0 0 0 
0 0 0 0 0 0 0 0 0 0 0 0 0.000617195 0.000176557 0.000148872 0.000549053 0.000942055 0 0 0.00140209 0.0114049 0.0159047 0.0170558 0.00711716 0.00698452 0.0123693 0.0131071 0.0243705 0.0207576 0.02736 0.0444635 0.0641926 0.088866 0.0803792 0.060517 0.0478288 0.0384711 0.0275654 0.0518197 0.0368685 0.0307972 0.0146152 0.0119346 0.0144124 0.00877986 0.0129851 0.0107729 0.0129805 0.015711 0.0194659 0.0203012 0.00761742 0.00450898 0.000747279 0.000391826 0 0 0 0 0 0 0 0 0 0 0 0 0 0 
0 0 0 0 0 0 0 0 0 0 0 8.44942e-05 0.000402565 0.00073586 0.00152185 0.00211361 0.00208485 0 0.000143619 0.000699587 0.00555729 0.010881 0.0126541 0.0169084 0.0110935 0.0167871 0.0257412 0.0196293 0.0182194 0.0252862 0.0358519 0.0452829 0.0637634 0.0525854 0.0364507 0.0343728 0.0353034 0.0324756 0.0392684 0.049581 0.0390918 0.0131936 0.0129691 0.00699114 0.0109626 0.0133269 0.0126638 0.0109968 0.0117488 0.00759119 0.00647969 0.00454698 0.00293065 4.86782e-05 0 0 0 0 0 0 0 0 0 0 0 0 0 0 0 
0 0 0 0 0 0 0 0 0 0 0 0.000310452 0.0038438 0.00105125 0.00189381 0.00162265 0 8.01298e-05 0.005149 0.00717648 0.00634094 0.00942401 0.00727722 0.0192135 0.0208655 0.0114139 0.0125291 0.0266427 0.0204186 0.0250337 0.0326829 0.0304695 0.0346242 0.0307102 0.0312772 0.0417098 0.0414444 0.0438544 0.0462406 0.0551946 0.0518003 0.0137921 0.00934378 0.00936467 0.00858863 0.00623895 0.0112401 0.0119449 0.00423623 0.00701584 0.00317177 0.00397395 0.00160293 0.000931201 4.77812e-05 0 0 0 0 0 0 0 0 0 0 0 0 0 0 
0 0 0 0 0 0 0 0 0 0 0 0.00232779 0.00633315 0.00200841 0.00238006 0.0035021 2.24687e-05 9.69332e-05 0.00743778 0.00811471 0.00928903 0.00902936 0.00848903 0.0105612 0.017101 0.0172776 0.00810563 0.0230518 0.0303748 0.0296069 0.0300153 0.0189719 0.0219894 0.0340827 0.0413196 0.0226379 0.0135646 0.0157238 0.0230836 0.0345723 0.0391345 0.0183549 0.010281 0.0105267 0.0101809 0.00815436 0.0135091 0.0101893 0.00562045 0.00692945 0.0024254 0.00524608 0.00236047 0.00153368 0.000172656 0 0 0 0 0 0 0 0 0 0 0 0 0 0 
0 0 0 0 0 0 0 0 0 0 0 0.000770406 0.000942871 0.00346772 0.00235636 0.00209481 0.00281864 0.00031352 0.00357604 0.00554647 0.00943178 0.0138397 0.013891 0.014844 0.0196832 0.0129895 0.00452237 0.0137422 0.0279719 0.029429 0.0410961 0.0376658 0.0440064 0.0471204 0.0265049 0.0106982 0.0102715 0.0127013 0.0145716 0.0169196 0.0109794 0.011076 0.00843317 0.00818047 0.0145803 0.0179368 0.0137364 0.00953933 0.0131995 0.0100721 0.00231624 0.00679963 0.00244437 0 0 0 0 0 0 0 0 0 0 0 0 0 0 0 0 
0 0 0 0 0 0 0 0 0 0 0 0.000172179 0.000196987 0.00204689 0.00157949 0.00152118 0.0071097 0.00718075 0.00305543 0.00161991 0.00403792 0.0114609 0.0110236 0.0142924 0.0162046 0.012629 0.0105357 0.013876 0.027849 0.0451944 0.0526117 0.0498074 0.0333804 0.0182862 0.0158243 0.00872117 0.00860929 0.0110015 0.0132493 0.0115306 0.0097362 0.0108097 0.0162917 0.0192001 0.0173321 0.0137915 0.00756558 0.00770932 0.00830579 0.00351338 0.00089376 0.00776488 0.00370251 0.000123167 0 0 0 0 0 0 0 0 0 0 0 0 0 0 0 
0 0 0 0 0 0 0 0 0 0 0 0 0.00010324 0.000680014 0.00273535 0.00109954 0.00595905 0.00874819 0.00183787 0.0014442 0.0002995 0.00384773 0.0104781 0.0182488 0.0156476 0.0170952 0.0144592 0.0119609 0.0241238 0.0372624 0.0361813 0.0312257 0.018905 0.015988 0.0140784 0.00987056 0.00624792 0.0135086 0.0190802 0.00697305 0.0107398 0.0162986 0.0172514 0.0105383 0.0138837 0.0177118 0.0103218 0.00616745 0.00369116 0.000522182 0.000491835 0.00645525 0.00276081 0.000117124 0 0 0 0 0 0 0 0 0 0 0 0 0 0 0 
0 0 0 0 0 0 0 0 0 0 0 0 0.000195978 0.000849949 0.000626358 0.00102708 0.00102331 0.00186568 0.00127114 0.000108838 0.000138813 0.000947362 0.00509064 0.00962694 0.0153114 0.0148311 0.0173537 0.017225 0.0201325 0.0161788 0.0189705 0.0208915 0.0117967 0.0117466 0.0146521 0.0154809 0.0166434 0.0189088 0.0130553 0.00778736 0.010005 0.0147062 0.016434 0.00718943 0.0115689 0.0163138 0.0148058 0.00407241 0.000735069 0.000679999 0.000223894 0.00107008 0.000423414 0 0 0 0 0 0 0 0 0 0 0 0 0 0 0 0 
0 0 0 0 0 0 0 0 0 0 0 0.00104308 0.0103089 0.00947946 0.00323473 0.00434449 0.00215059 0.00427942 0.0046413 0.00090887 0.00256481 0.000731338 0.000194375 0.00084653 0.00696726 0.0127754 0.0174689 0.0214241 0.0230653 0.0134565 0.0141038 0.0102265 0.0120621 0.0129402 0.0178953 0.0137542 0.00789829 0.00824581 0.00742282 0.0112131 0.0133134 0.0227797 0.00976976 0.00692642 0.0239696 0.0236826 0.00965269 0.00237274 0.000586034 0.00092697 1.5018e-05 0 0 0 0 0 0 0 0 0 0 0 0 0 0 0 0 0 0 
0 0 0 0 0 0 0 0 0 0 1.11942e-05 0.00831505 0.0104008 0.00238766 0.00200534 0.0077591 0.0104204 0.00823934 0.00644668 0.00563211 0.0067222 0.00767541 0.000476898 0 0.00195697 0.00637184 0.00681539 0.0117039 0.00765332 0.00804564 0.00627352 0.00731249 0.00907198 0.0131786 0.0142545 0.0124613 0.0113812 0.0119424 0.0133567 0.012684 0.0140271 0.0157627 0.00791107 0.00367417 0.00858033 0.00807445 0.00377742 0.000825272 0.00082618 0.00138758 0.000554943 0.000340989 0 0 0 0 0 0 0 0 0 0 0 0 0 0 0 0 0 
0 0 0 0 0 0 0 0 0 0 7.30549e-06 0.00990427 0.00866606 0.000841781 0.00248895 0.0102108 0.00955215 0.00716751 0.0110624 0.0111706 0.00789692 0.00592844 0.00146152 8.46127e-05 0 0.000713274 0.00189809 0.0036409 0.00519966 0.00425782 0.00936896 0.0103542 0.00806373 0.00670486 0.011995 0.00773659 0.00627771 0.0175465 0.0330765 0.0251644 0.0170978 0.0164581 0.00725104 0.0015256 0.00181161 0.00320879 0.00110655 0.00146473 0.000303524 0.000854512 0.0022125 0.000182524 0 0 0 0 0 0 0 0 0 0 0 0 0 0 0 0 0 
0 0 0 0 0 0 0 0 0 0 0 0.000257191 0.00249511 0.00494888 0.00343246 0.011218 0.00660913 0.00545496 0.010267 0.0132988 0.00654455 0.00381082 0.00133662 0.000460987 0.000602846 0.00318657 0.00699599 0.00582445 0.00875108 0.00442305 0.00614834 0.00839418 0.0088336 0.00997552 0.00726478 0.00249133 0.00227367 0.0168198 0.0240506 0.0269044 0.0122428 0.0148748 0.00357603 0.000656903 0.00438321 0.00150882 0.00153339 0.00037768 0.000586465 0.000365137 0 0 0 0 0 0 0 0 0 0 0 0 0 0 0 0 0 0 0 
0 0 0 0 0 0 0 0 0 0 0 0 0.000430116 0.00490449 0.00666419 0.00724967 0.0090889 0.00823919 0.00644505 0.00957752 0.0127261 0.00902196 0.00711414 0.0074296 0.00788619 0.00627479 0.00514247 0.00162019 0.00118928 0.000741415 0.00207297 0.00266891 0.00575567 0.00550885 0.00153648 0.000161288 0.00500473 0.020769 0.0261056 0.0112791 0.00797651 0.0100018 0.00142249 0.000671993 0.000224122 3.32459e-06 0.00073392 0.000724811 0.000384121 3.9803e-05 0 0 0 0 0 0 0 0 0 0 0 0 0 0 0 0 0 0 0 
0 0 0 0 0 0 0 0 0 0 0 0 0 0.000780318 0.00495016 0.00707332 0.0104802 0.00471386 0.00221407 0.000362926 0.00385515 0.00715763 0.00805589 0.00852084 0.00338735 0.00126481 0.0010898 0.000196327 0.000661582 0.000452813 0.000255393 0.00113555 0.00085051 0.0017505 0.00174716 0.00123338 0.0114452 0.0331407 0.0253445 0.00512165 0.00542614 0.00326089 0.00241032 0.001105 0.00166348 0.000897461 0.00044086 0.00118572 0.000118576 0 0 0 0 0 0 0 0 0 0 0 0 0 0 0 0 0 0 0 0 
0 0 0 0 0 0 0 0 0 0 0 0 0 0 0.000694871 0.0013287 0.00329766 0.0015792 0.000992577 0 6.65837e-05 0.000143059 0.000874877 0.000713404 6.86146e-06 0.000336496 0.000800236 0.000381593 0.000231044 0.000652979 0.000405355 0.00510192 0.00109521 0.00330837 0.00192715 0.00262739 0.0141191 0.0204803 0.0134112 0.00429138 0.00305757 0.00021109 0.000289551 0.00016408 0.00072481 0.000222217 0.000350342 0.000321129 3.91562e-05 0 0 0 0 0 0 0 0 0 0 0 0 0 0 0 0 0 0 0 0 
0 0 0 0 0 0 0 0 0 0 0 0 0 0 0 0 0 0 0 0 0 0 0 0 0 0 0.00110559 0.0027589 0.00104721 0.00142873 0.00029855 0.000619117 0.000757417 0.00148011 0.000203273 0.00113419 0.0022216 0.00279083 0.00232271 0.002106 0.00179654 0.00109238 0.00197917 0.000989318 0.000533013 0 0 0 0 0 0 0 0 0 0 0 0 0 0 0 0 0 0 0 0 0 0 0 0 
0 0 0 0 0 0 0 0 0 0 0 0 0 0 0 0 0 0 0 0 0 0 0 0 0 0 0.000313228 0.00121304 0.000689278 0.00343339 0.0002466 0.00164432 0.00114847 0.000436937 0.00128794 0.00301225 0.0015662 0.00248569 0.00077589 0.00028132 0.000592049 0.000688936 0.000171144 3.18503e-05 4.20398e-05 0 0 0 0 0 0 0 0 0 0 0 0 0 0 0 0 0 0 0 0 0 0 0 0 
0 0 0 0 0 0 0 0 0 0 0 0 0 0 0 0 0 0 0 0 0 0 0 0 0 0 0 0 0.000482767 0.00207019 0.000669054 0.00314296 0.000147499 6.77777e-05 0.000817222 0.000492086 0.00206564 0.00371338 0.000965779 0 0 2.74707e-05 5.79509e-06 0 0 0 0 0 0 0 0 0 0 0 0 0 0 0 0 0 0 0 0 0 0 0 0 0 0 
0 0 0 0 0 0 0 0 0 0 0 0 0 0 0 0 0 0 0 0 0 0 0 0 0 0 0 0 0.000349032 0.00045528 0.000187805 0.000728374 0 2.85136e-05 0.000208728 0 0.00016992 0.000169034 0.000143897 0 0 0 0 0 0 0 0 0 0 0 0 0 0 0 0 0 0 0 0 0 0 0 0 0 0 0 0 0 0 
0 0 0 0 0 0 0 0 0 0 0 0 0 0 0 0 0 0 0 0 0 0 0 0 0 0 0 0 0 0 2.27748e-05 0.000147039 0 0 0 0 0 0 0 0 0 0 0 0 0 0 0 0 0 0 0 0 0 0 0 0 0 0 0 0 0 0 0 0 0 0 0 0 0 
0 0 0 0 0 0 0 0 0 0 0 0 0 0 0 0 0 0 0 0 0 0 0 0 0 0 0 0 0 0 0 0 0 0 0 0 0 0 0 0 0 0 0 0 0 0 0 0 0 0 0 0 0 0 0 0 0 0 0 0 0 0 0 0 0 0 0 0 0 
0 0 0 0 0 0 0 0 0 0 0 0 0 0 0 0 0 0 0 0 0 0 0 0 0 0 0 0 0 0 0 0 0 0 0 0 0 0 0 0 0 0 0 0 0 0 0 0 0 0 0 0 0 0 0 0 0 0 0 0 0 0 0 0 0 0 0 0 0 
0 0 0 0 0 0 0 0 0 0 0 0 0 0 0 0 0 0 0 0 0 0 0 0 0 0 0 0 0 0 0 0 0 0 0 0 0 0 0 0 0 0 0 0 0 0 0 0 0 0 0 0 0 0 0 0 0 0 0 0 0 0 0 0 0 0 0 0 0 
0 0 0 0 0 0 0 0 0 0 0 0 0 0 0 0 0 0 0 0 0 0 0 0 0 0 0 0 0 0 0 0 0 0 0 0 0 0 0 0 0 0 0 0 0 0 0 0 0 0 0 0 0 0 0 0 0 0 0 0 0 0 0 0 0 0 0 0 0 
0 0 0 0 0 0 0 0 0 0 0 0 0 0 0 0 0 0 0 0 0 0 0 0 0 0 0 0 0 0 0 0 0 0 0 0 0 0 0 0 0 0 0 0 0 0 0 0 0 0 0 0 0 0 0 0 0 0 0 0 0 0 0 0 0 0 0 0 0 
0 0 0 0 0 0 0 0 0 0 0 0 0 0 0 0 0 0 0 0 0 0 0 0 0 0 0 0 0 0 0 0 0 0 0 0 0 0 0 0 0 0 0 0 0 0 0 0 0 0 0 0 0 0 0 0 0 0 0 0 0 0 0 0 0 0 0 0 0 
0 0 0 0 0 0 0 0 0 0 0 0 0 0 0 0 0 0 0 0 0 0 0 0 0 0 0 0 0 0 0 0 0 0 0 0 0 0 0 0 0 0 0 0 0 0 0 0 0 0 0 0 0 0 0 0 0 0 0 0 0 0 0 0 0 0 0 0 0 
0 0 0 0 0 0 0 0 0 0 0 0 0 0 0 0 0 0 0 0 0 0 0 0 0 0 0 0 0 0 0 0 0 0 0 0 0 0 0 0 0 0 0 0 0 0 0 0 0 0 0 0 0 0 0 0 0 0 0 0 0 0 0 0 0 0 0 0 0 
0 0 0 0 0 0 0 0 0 0 0 0 0 0 0 0 0 0 0 0 0 0 0 0 0 0 0 0 0 0 0 0 0 0 0 0 0 0 0 0 0 0 0 0 0 0 0 0 0 0 0 0 0 0 0 0 0 0 0 0 0 0 0 0 0 0 0 0 0 
0 0 0 0 0 0 0 0 0 0 0 0 0 0 0 0 0 0 0 0 0 0 0 0 0 0 0 0 0 0 0 0 0 0 0 0 0 0 0 0 0 0 0 0 0 0 0 0 0 0 0 0 0 0 0 0 0 0 0 0 0 0 0 0 0 0 0 0 0 
0 0 0 0 0 0 0 0 0 0 0 0 0 0 0 0 0 0 0 0 0 0 0 0 0 0 0 0 0 0 0 0 0 0 0 0 0 0 0 0 0 0 0 0 0 0 0 0 0 0 0 0 0 0 0 0 0 0 0 0 0 0 0 0 0 0 0 0 0 

