0 0 0 0 0 0 0 0 0 0 0 0 0 0 0 0 0 0 0 0 0 0 0 0 0 0 0 0 0 0 0 2.61883e-05 0.000560797 0.00136799 0.00027506 7.76255e-05 3.84848e-05 0.0002701 0.000285955 6.40941e-05 7.53276e-05 0 0 0 0 0 0 0 0 0 0 0 0 0 0 0 0 0 0 0 0 0 0 0 0 0 0 0 0 
0 0 0 0 0 0 0 0 0 0 0 0 0 0 0 0 0 0 0 0 0 0 0 0 0 0 2.14888e-07 2.76301e-05 0.000628075 0.000472896 0.00090479 0.00182548 0.0141013 0.0118665 0.00472805 0.00218465 0.00265365 0.00365459 0.00713049 0.00586683 0.0071116 0.00264164 0.000515261 0.000282466 0 0 0 0 0 0 0 0 0 0 0 0 0 0 0 0 0 0 0 0 0 0 0 0 0 
0 0 0 0 0 0 0 0 0 0 0 0 0 0 0 0 0 0 0 0 0 0 0 8.52101e-05 0.000465992 0.00105748 0.00112573 0.00369326 0.00752295 0.0109541 0.00624294 0.00666464 0.0177186 0.023528 0.0120172 0.0132576 0.014568 0.0120105 0.00769149 0.00871406 0.0142288 0.012667 0.00695094 0.00498189 0.00167293 0.0020985 0.000431232 3.45179e-05 0 0 0 0 0 0 0 0 0 0 0 0 0 0 0 0 0 0 0 0 0 
0 0 0 0 0 0 0 0 0 0 0 0 0 0 0 0 0 0 0 0 0 2.2773e-05 0.000752787 0.00233729 0.00292048 0.0064628 0.0036456 0.00568415 0.0148603 0.021306 0.0168981 0.0166799 0.0153746 0.0143309 0.0151458 0.0362009 0.0777797 0.0344297 0.0119002 0.0104756 0.0139106 0.0157707 0.00935692 0.00780109 0.0040174 0.00491533 0.00212617 0.0009694 0 0 0 0 0 0 0 0 0 0 0 0 0 0 0 0 0 0 0 0 0 
0 0 0 0 0 0 0 0 0 0 0 0 0 0 0 0 0 0 0 0 0 0.000232016 0.00531762 0.00684776 0.00655459 0.00632913 0.00554072 0.00709706 0.0145069 0.0165717 0.0129594 0.0161237 0.0173547 0.0157727 0.0205515 0.0424571 0.0825619 0.0303854 0.0140335 0.0177229 0.0203836 0.0112892 0.0106847 0.0132168 0.00948755 0.00700959 0.00455668 0.0012327 0 0 0 0 0 0 0 0 0 0 0 0 0 0 0 0 0 0 0 0 0 
0 0 0 0 0 0 0 0 0 0 0 0 0 0 0 0 4.61277e-06 8.93854e-05 0 0 0 0.000114266 0.00150811 0.0061092 0.0059789 0.00388405 0.00309164 0.00423014 0.00558442 0.00802996 0.01017 0.0147427 0.0087008 0.0071956 0.0165917 0.0193886 0.0164323 0.0132474 0.0148364 0.0189799 0.0245565 0.0207405 0.0194579 0.00952677 0.00975292 0.0079703 0.00731224 0.00207809 0 7.64411e-07 0.00131866 0.00763904 0.00347147 0.000254225 0 0 0 0 0 0 0 0 0 0 0 0 0 0 0 
0 0 0 0 0 0 0 0 0 0 0 0 0 0 0 0.000122698 0.00498092 0.00363233 0.000379972 0.000577712 0.000589553 0.000412982 0.000312734 0.00260717 0.00254323 0.00732584 0.00549669 0.0043329 0.00150211 0.00504118 0.00691164 0.0104248 0.00983946 0.00941091 0.0161981 0.0189261 0.0152258 0.0149843 0.0234508 0.0235483 0.023902 0.017791 0.0178918 0.00391115 0.00886245 0.00741004 0.00838624 0.0023614 0.000335026 3.34537e-05 0.0117817 0.0340239 0.0218975 0.00688025 7.81854e-05 0 0 0 0 0 0 0 0 0 0 0 0 0 0 
0 0 0 0 0 0 0 0 0 0 0 0 0 0 0 0.00126426 0.011179 0.0130211 0.00458564 0.00491365 0.00427182 0.00428917 0.00289414 0.00187661 0.00650362 0.0129123 0.0135484 0.0146809 0.00898107 0.00859737 0.0095066 0.0126926 0.0195385 0.0196092 0.022441 0.0247315 0.0170449 0.0205161 0.0219814 0.0262808 0.0238504 0.0184186 0.0120661 0.00691534 0.00681782 0.00618864 0.00518047 0.00420884 0.00469795 0.00135175 0.0135286 0.0324549 0.0206823 0.0104825 0.00248359 0.00044083 6.14723e-05 0 0 0 0 0 0 0 0 0 0 0 0 
0 0 0 0 0 0 0 0 0 0 0 0 0 1.50632e-05 4.88706e-05 0.00328936 0.0139358 0.0149369 0.00839908 0.00784008 0.00706965 0.00780601 0.0125406 0.0103295 0.0139058 0.0153718 0.0186182 0.019192 0.0202794 0.0174719 0.0181952 0.0275648 0.0371527 0.031778 0.0307244 0.0253996 0.0173305 0.016346 0.0173045 0.0205179 0.0229489 0.0244541 0.0159566 0.0126452 0.0121252 0.0072301 0.00428889 0.00383696 0.0077627 0.00889903 0.0137774 0.0113894 0.00863698 0.0092758 0.0117872 0.00496831 0.000303376 9.23832e-05 0 0 0 0 0 0 0 0 0 0 0 
0 0 0 0 0 0 0 0 0 0 0 0.000216075 0.00158462 0.00279664 0.00303702 0.00379559 0.00775807 0.00325163 0.00185082 0.0015935 0.00635469 0.00844827 0.0145477 0.0157632 0.0210263 0.0168772 0.0173802 0.0155731 0.0206598 0.0236699 0.026276 0.034917 0.0346414 0.024986 0.0263233 0.031202 0.0176767 0.0164708 0.0169063 0.0230759 0.0197688 0.0208843 0.0142476 0.0153437 0.0165358 0.0106233 0.00493995 0.00434486 0.00521095 0.00734258 0.00926172 0.00997966 0.0117566 0.0151494 0.0144738 0.00868673 0.00526766 0.000720019 0 0 0 0 0 0 0 0 0 0 0 
0 0 0 0 0 0 0 0 0 0 0.000593807 0.00365206 0.00871008 0.0127521 0.0100827 0.00773191 0.00653525 0.00172172 0.000703702 0.00338986 0.0093443 0.0101946 0.0129801 0.0152783 0.0175929 0.0211017 0.0224165 0.0135657 0.0226467 0.0271857 0.0280528 0.0329817 0.032027 0.0368597 0.0262458 0.0252296 0.0174 0.0220248 0.0256159 0.02681 0.0254569 0.0194122 0.0163853 0.0150035 0.0115405 0.0129493 0.0102565 0.0126183 0.00598458 0.0046594 0.00850792 0.011891 0.0178059 0.014891 0.0136214 0.0169294 0.0110281 0.000857921 0 0 0 0 0 0 0 0 0 0 0 
0 0 0 0 0 0 0 0 0 0.000460672 0.00445009 0.01222 0.0137056 0.0213189 0.0178432 0.0162903 0.0181838 0.0142572 0.00769665 0.00726553 0.0113071 0.0150632 0.0153258 0.0182835 0.0190848 0.0195501 0.0175262 0.019843 0.0351752 0.0311832 0.0258221 0.0276024 0.0335413 0.0410275 0.0251226 0.0245942 0.0415817 0.0364651 0.0249253 0.030794 0.0288906 0.0153998 0.0123505 0.0158613 0.0197922 0.0136248 0.0157949 0.0174569 0.012996 0.00714446 0.0115671 0.0188603 0.0192193 0.0156158 0.0209959 0.0252501 0.00866719 0.000645008 0.00186204 0.00109281 5.15769e-05 0 0 0 0 0 0 0 0 
0 0 0 0 0 0 0 0 3.81243e-05 0.00203842 0.00686545 0.00747788 0.00964384 0.0199408 0.0240619 0.0156892 0.0222638 0.0218258 0.0201547 0.0169114 0.0173056 0.0162909 0.0229939 0.0193928 0.0210126 0.023426 0.0236841 0.0272115 0.0289924 0.025849 0.0255342 0.0210764 0.0260175 0.0351429 0.0238889 0.0256378 0.0472368 0.0433584 0.020428 0.0270527 0.0237352 0.0140896 0.0100749 0.0142374 0.0210236 0.0172543 0.0202896 0.0193191 0.0114532 0.0129873 0.0157038 0.018447 0.017924 0.0181094 0.0189087 0.0195935 0.00907894 0.00465055 0.0120493 0.0122594 0.000673585 0 0 0 0 0 0 0 0 
0 0 0 0 0 0 0 0 0.000126845 0.00529228 0.00583805 0.00221181 0.00643131 0.0138981 0.0170911 0.0127762 0.0147583 0.0141513 0.0209065 0.0143263 0.0131304 0.013051 0.0209314 0.0249261 0.0229293 0.0240156 0.0299304 0.0301901 0.024334 0.0203738 0.0217947 0.020302 0.0290115 0.0282249 0.0359939 0.0523163 0.0544438 0.0387348 0.0416806 0.0285946 0.0285063 0.0135316 0.0106633 0.00935321 0.0129095 0.0138973 0.0192125 0.0181021 0.0129103 0.00993684 0.0135023 0.0151444 0.0183443 0.0153056 0.0262307 0.0236801 0.018702 0.0163282 0.0128653 0.0167516 0.0026 0 0 0 0 0 0 0 0 
0 0 0 0 0 0 0 0 0.00154458 0.00571068 0.00315071 0.00085649 0.00246402 0.00800646 0.0112544 0.00603425 0.00567155 0.00629416 0.0143937 0.0117617 0.0146933 0.0161735 0.0256983 0.0236419 0.0253497 0.027207 0.0282292 0.0273082 0.0149662 0.0162945 0.0232642 0.0160971 0.0196227 0.0224894 0.0361308 0.0626235 0.0625119 0.0290322 0.0367062 0.0292554 0.0319874 0.0203209 0.0136649 0.00925114 0.00661281 0.0113232 0.0165568 0.0163866 0.0104797 0.0146055 0.0163229 0.0129874 0.0138877 0.0192734 0.0327218 0.0289371 0.0256648 0.0255219 0.0274326 0.017114 0.00490886 0.00151935 0.00034483 4.70264e-06 0 0 0 0 0 
0 0 0 0 0 0 0 0 0.00299924 0.00902612 0.00945468 0.00372195 0.00347124 0.00723215 0.00611096 0.00490676 0.00406641 0.00575427 0.0120811 0.0127487 0.0166665 0.019583 0.0325437 0.0317394 0.0304687 0.036232 0.0328723 0.0256033 0.0167114 0.0221932 0.0268235 0.0161835 0.018846 0.0189687 0.0194259 0.0256822 0.0320199 0.034034 0.0261971 0.0220665 0.0253097 0.0238614 0.0142147 0.013572 0.0135466 0.0121344 0.0145688 0.0164845 0.013771 0.0136632 0.0228439 0.0199464 0.0156754 0.0185424 0.0268788 0.0220766 0.020498 0.0283756 0.0264177 0.0185648 0.0151168 0.0144997 0.00717745 0.00110684 0 0 0 0 0 
0 0 0 0 0 0 0 0 0.00256298 0.0085734 0.00877633 0.00961134 0.0155164 0.0188483 0.0179791 0.0123342 0.00913029 0.00857226 0.0101517 0.0147527 0.0211884 0.0178496 0.0228636 0.0247298 0.0263664 0.0260401 0.0204922 0.0234051 0.0215563 0.0286573 0.0276749 0.0229591 0.0274587 0.0199332 0.0180252 0.0158707 0.0209542 0.0230574 0.0170156 0.0181332 0.0215799 0.0156176 0.0189062 0.0146072 0.0141899 0.0210353 0.0181031 0.018043 0.0178331 0.00959861 0.0149543 0.0216468 0.0178902 0.0145128 0.0236144 0.0209793 0.0220992 0.0241861 0.0150999 0.0238307 0.0253231 0.0220614 0.0124036 0.00687651 8.4834e-05 0 0 0 0 
0 0 0 0 0 0 0.00104171 0.00477053 0.0100774 0.0129784 0.0110231 0.0201439 0.0190087 0.0270127 0.0314717 0.0235901 0.0240386 0.0195532 0.0209955 0.013955 0.0202111 0.0212094 0.0211373 0.020857 0.0252235 0.0191687 0.0234462 0.0192073 0.020639 0.0252241 0.0235825 0.0240087 0.0220054 0.01613 0.0172531 0.0198051 0.0241727 0.0201505 0.0150557 0.0199331 0.0225844 0.0133071 0.02259 0.0187879 0.0138912 0.0159812 0.0145806 0.0152089 0.0105714 0.00823312 0.0125582 0.0170529 0.0207811 0.0145367 0.011205 0.0165809 0.0229357 0.0276266 0.0306835 0.0251164 0.0208895 0.0207294 0.0207214 0.0142255 0.00160515 0 0 0 0 
0 0 0 0 0 0 0.00460681 0.0192633 0.0267757 0.026589 0.0247518 0.0275894 0.0194143 0.0218868 0.0271822 0.0270311 0.0219558 0.021061 0.0195875 0.0160405 0.0208943 0.0256139 0.0179377 0.0148881 0.0218688 0.0229333 0.0275888 0.0230618 0.0160385 0.0234799 0.019538 0.0221326 0.0205462 0.0237311 0.0240689 0.0220143 0.0266972 0.0187866 0.0192861 0.0234066 0.0187224 0.0163559 0.0164702 0.0178098 0.0174689 0.0142304 0.0122599 0.0150506 0.0119697 0.00888984 0.0202655 0.0256807 0.0245692 0.0169801 0.0121651 0.0165807 0.0209255 0.0341927 0.0283075 0.0303016 0.0209861 0.0218308 0.0222122 0.0169178 0.00387669 0 0 0 0 
0 0 0 0 0.000395148 0.00227043 0.00445743 0.010512 0.0259826 0.0270459 0.0222054 0.0236645 0.0177632 0.0162327 0.0185512 0.0206314 0.0222309 0.0242197 0.0211365 0.0233225 0.0241928 0.019103 0.0134269 0.0134086 0.0155651 0.0247545 0.0303211 0.0195761 0.0204103 0.0238906 0.0208952 0.0147607 0.019477 0.0268179 0.0214043 0.0298603 0.0281161 0.0202679 0.0205607 0.01968 0.0194316 0.0192784 0.0184171 0.0180777 0.018812 0.0155662 0.0124215 0.0101397 0.00937898 0.00849929 0.0275465 0.0243741 0.0198958 0.0124183 0.016395 0.0198517 0.0193107 0.0213895 0.0230411 0.0179706 0.0142038 0.0199846 0.0184525 0.0190056 0.00936386 0.000599631 0 0 0 
0 0 0 0.000489916 0.007985 0.0123561 0.0187492 0.0195658 0.0243651 0.026687 0.0235383 0.0227096 0.0205243 0.017732 0.0235676 0.0281943 0.0219286 0.024846 0.0270974 0.0238408 0.0182355 0.0145018 0.0103291 0.011464 0.0160417 0.0212986 0.0306497 0.0425293 0.0351077 0.0291117 0.0252162 0.0143773 0.0158343 0.028798 0.0259359 0.0253015 0.0298343 0.0244231 0.0252795 0.0233174 0.0173112 0.0155965 0.0215343 0.0222453 0.0174321 0.0112492 0.0134275 0.00839238 0.00638486 0.0131066 0.0179903 0.0196698 0.0166464 0.0116122 0.0123128 0.0148254 0.0126969 0.0104517 0.0155127 0.0131396 0.0151175 0.0230439 0.0158454 0.0274767 0.0225809 0.00348947 0 0 0 
0 0 0 0.00486363 0.0218895 0.0247656 0.0294652 0.0246729 0.0276492 0.0331539 0.0309821 0.0250869 0.0227271 0.0218253 0.0224692 0.0212958 0.0258768 0.0271877 0.0276979 0.0185129 0.0122944 0.0165353 0.0152066 0.0149923 0.0174311 0.0223619 0.0192811 0.0249751 0.0390319 0.0399986 0.0281713 0.0177552 0.0171397 0.0187668 0.0235048 0.024646 0.0383133 0.0337858 0.0250645 0.0282272 0.017374 0.020471 0.0194298 0.0165211 0.0143841 0.0127864 0.00903664 0.00788213 0.0137184 0.019136 0.0179227 0.0205402 0.0195204 0.0169048 0.0134145 0.0140382 0.0140817 0.0117613 0.0199481 0.020854 0.0200974 0.026237 0.0289511 0.029301 0.0273619 0.0104707 0.000636709 0 0 
0 0 0.000110539 0.00998614 0.0244985 0.0274188 0.0256704 0.0265692 0.0282526 0.0320971 0.0300447 0.0242485 0.0220651 0.0275198 0.0271242 0.0249513 0.0226686 0.0238439 0.0253168 0.0274913 0.0172017 0.0212925 0.0179056 0.0159117 0.0197152 0.0206776 0.0214601 0.0250328 0.0421783 0.0323411 0.0382702 0.0224379 0.0240753 0.0164565 0.0190488 0.0307298 0.0298721 0.0329589 0.023012 0.0236501 0.02029 0.020705 0.0145729 0.0172226 0.0161988 0.0111427 0.0105447 0.0122066 0.0155914 0.0191223 0.0180074 0.0230284 0.0255236 0.0231816 0.0213681 0.0184374 0.0122813 0.0146869 0.0191239 0.0219437 0.0264561 0.0392423 0.0378212 0.0268871 0.0181319 0.0140863 0.00207332 0 0 
0 0 0.000834119 0.0134848 0.0213455 0.0286192 0.0200672 0.0194895 0.0229617 0.0210771 0.0207362 0.0248564 0.0206011 0.0237703 0.0281805 0.0270102 0.0256607 0.0256415 0.0283285 0.0267932 0.0215649 0.0183102 0.0153146 0.017665 0.0207 0.0265834 0.0280731 0.0261632 0.0324674 0.0269201 0.0252423 0.0218822 0.029996 0.0197314 0.017542 0.0329405 0.0355651 0.0243105 0.0303306 0.0307081 0.0197417 0.0230442 0.0190584 0.0191467 0.0228732 0.0152463 0.0136729 0.0146482 0.020387 0.0175608 0.0242783 0.0192771 0.0226901 0.0251876 0.0269655 0.0166115 0.0149421 0.0151662 0.0162061 0.0193594 0.0265301 0.0305818 0.0289025 0.0304127 0.018337 0.00791183 0.00104424 0 0 
0 0 0.00383849 0.0176797 0.0243347 0.0273908 0.025173 0.0179849 0.0211955 0.0159371 0.0284468 0.0343537 0.0215824 0.0256798 0.0280862 0.0245454 0.0261564 0.0202121 0.0194827 0.0255102 0.0246087 0.0147128 0.0236862 0.0249908 0.0224962 0.0297087 0.031112 0.0303873 0.0251695 0.0236407 0.0217956 0.0257512 0.0258112 0.0197171 0.0184169 0.0278737 0.0474783 0.0467126 0.0304248 0.0394253 0.0236412 0.0188922 0.0209045 0.0236421 0.0185064 0.0129038 0.013639 0.0159786 0.0173344 0.0122253 0.0179038 0.0203184 0.0240419 0.0303964 0.0286067 0.0270209 0.0196289 0.0176007 0.0179763 0.0214884 0.0406671 0.0227164 0.0217999 0.0221567 0.0183308 0.0117116 0.0038509 0.000547611 0 
0 0 0.00803278 0.021667 0.0250543 0.0244853 0.0282358 0.0407438 0.03453 0.0248019 0.0249188 0.0229072 0.0205442 0.026312 0.0265899 0.0268943 0.0311122 0.026261 0.026007 0.0216737 0.0141188 0.014532 0.0215892 0.0302315 0.0357788 0.0245181 0.02012 0.0218042 0.0219888 0.0198377 0.0225848 0.0268136 0.0286913 0.0194395 0.019811 0.0283097 0.0559628 0.059888 0.0180342 0.0184389 0.0184347 0.0198179 0.0235303 0.0194322 0.0126737 0.0137243 0.0104045 0.0128185 0.0103565 0.0150823 0.016971 0.023158 0.0203453 0.0288125 0.0298824 0.0236636 0.0161673 0.0210798 0.0197506 0.0146019 0.0357241 0.0253059 0.0219614 0.0205604 0.0218149 0.0195375 0.0146967 0.00380541 1.1974e-05 
0 0.000241167 0.00743308 0.0273271 0.0218072 0.0182342 0.0274367 0.045098 0.0281261 0.0226241 0.0262224 0.0230343 0.0256347 0.0313068 0.0273057 0.0458478 0.0317463 0.0238282 0.0210817 0.0195365 0.0172495 0.0191093 0.0282741 0.027538 0.0270576 0.0176434 0.0168651 0.020399 0.0232441 0.0188803 0.020087 0.0234375 0.0284266 0.0230594 0.0205248 0.0205824 0.0406085 0.044181 0.0131864 0.0105132 0.0122222 0.0233318 0.0185213 0.0106666 0.010249 0.0107064 0.00848081 0.0110624 0.0131549 0.0183525 0.0214344 0.0190345 0.0171446 0.0213082 0.0204098 0.0197607 0.0197234 0.0191814 0.018463 0.0151475 0.0189472 0.0219958 0.0283895 0.0216919 0.0217368 0.0161167 0.0225128 0.0214566 0.00162198 
0 0.000825995 0.0110662 0.0234816 0.021299 0.0166998 0.0120598 0.015564 0.0212303 0.0315851 0.0308205 0.0241243 0.0318521 0.0310067 0.0405873 0.0560239 0.0460792 0.0310737 0.0243078 0.0256029 0.0233923 0.0277322 0.0337371 0.028541 0.026657 0.0231284 0.0228877 0.0243865 0.0273727 0.0187192 0.0221085 0.0245816 0.0276381 0.0255161 0.0223402 0.0161875 0.0318011 0.0223899 0.0150863 0.0148444 0.0156572 0.022024 0.0115235 0.00916824 0.0140656 0.0096382 0.0081085 0.00902035 0.0108454 0.0206224 0.0227581 0.0178944 0.0194939 0.0152431 0.0197229 0.017123 0.0182785 0.0180521 0.0230075 0.0259545 0.0196966 0.019676 0.0233749 0.0256827 0.0264442 0.0228826 0.0263871 0.0221076 0.00194236 
0 0.0013003 0.0151563 0.031025 0.0194256 0.00873356 0.00492106 0.00544797 0.014704 0.0273089 0.0296868 0.0276782 0.0237727 0.0299521 0.0374942 0.0448463 0.0297343 0.0210075 0.022608 0.0230399 0.0358852 0.0403463 0.0330063 0.0263187 0.023799 0.0278945 0.0246391 0.0305901 0.0301189 0.0195302 0.0243345 0.0335222 0.0207067 0.0232682 0.0317991 0.0407204 0.0456463 0.0253751 0.0260445 0.0246162 0.0222844 0.0220873 0.016009 0.0197001 0.0220343 0.0160149 0.0115103 0.00889555 0.0144143 0.0120827 0.0114888 0.0159991 0.0162169 0.0181157 0.0150774 0.0149952 0.0258614 0.0264 0.029971 0.0293407 0.0208841 0.0202249 0.0220069 0.0231667 0.0173841 0.0235876 0.0241376 0.0174796 0.00505106 
0 0.00301682 0.014513 0.0249778 0.0248663 0.0114859 0.0106148 0.0080908 0.0161744 0.0205364 0.0267789 0.0251402 0.0265585 0.0285117 0.0383536 0.037568 0.0236759 0.0174596 0.0214985 0.0267391 0.0388761 0.0397814 0.0341669 0.0222552 0.022555 0.0218833 0.0226669 0.0245919 0.0297355 0.0208654 0.0230214 0.0357794 0.0263068 0.0245584 0.030644 0.0504816 0.0622058 0.04738 0.0310098 0.0288948 0.0232642 0.0191141 0.0255644 0.0273669 0.0257542 0.0186481 0.0100286 0.0118501 0.0183106 0.013719 0.0131282 0.0162265 0.022513 0.0224279 0.0161622 0.019689 0.0303063 0.0257309 0.0232642 0.0260829 0.027085 0.0248659 0.0219319 0.0220446 0.00899606 0.0171274 0.0180298 0.0224541 0.0102663 
0 0.0029184 0.0089957 0.0211093 0.0301894 0.0273316 0.0157082 0.0138975 0.0173682 0.018566 0.0188206 0.0250925 0.031051 0.0291831 0.0274889 0.0254669 0.0237777 0.0211147 0.0246162 0.0239306 0.0263402 0.0294797 0.0328987 0.0277991 0.0239263 0.0215003 0.0186851 0.0240602 0.0193414 0.0199352 0.0188753 0.0222851 0.0184394 0.023212 0.0333641 0.0471727 0.0828438 0.0851775 0.0533777 0.0290467 0.0169551 0.0215051 0.0240517 0.0210523 0.0212688 0.0161079 0.00941921 0.0186979 0.021725 0.017229 0.0165682 0.0117803 0.0209459 0.0162845 0.0138797 0.0129673 0.0222165 0.0352687 0.0240911 0.0166999 0.0208712 0.0257397 0.0204968 0.0232197 0.00744372 0.0101469 0.0189346 0.0231786 0.00919226 
0.000126058 0.00434247 0.0134741 0.0239811 0.0375171 0.03597 0.0214982 0.0217818 0.0265697 0.0199119 0.0148532 0.0238846 0.0255057 0.0313748 0.0224829 0.0231779 0.020877 0.0272203 0.0244281 0.0228676 0.0198067 0.0277026 0.0318044 0.0248263 0.0182531 0.0158125 0.0144254 0.0145547 0.0234378 0.023811 0.0214302 0.0218796 0.0278803 0.0552561 0.0487836 0.122345 0.160542 0.0893241 0.0401777 0.0312439 0.0192681 0.0206341 0.017453 0.0191897 0.023202 0.0206956 0.0178562 0.0204839 0.0221619 0.0248444 0.0234396 0.0177421 0.0190907 0.0142911 0.0135761 0.0178696 0.0207552 0.0362848 0.0348692 0.0170264 0.0187819 0.0178123 0.0130744 0.00946295 0.0106361 0.0121744 0.0159069 0.0159391 0.00510113 
4.62784e-05 0.0024058 0.0107462 0.0186595 0.02463 0.0196031 0.0207973 0.0238011 0.0328426 0.0241442 0.0165382 0.0216755 0.0226231 0.0214188 0.0211524 0.0248908 0.0224874 0.0257537 0.0270986 0.0249574 0.0213027 0.0208197 0.0247497 0.0207646 0.0202458 0.017884 0.0148985 0.0177549 0.0260079 0.032574 0.0280134 0.0266898 0.0789329 0.14375 0.0871973 0.0888992 0.0383422 0.0221516 0.0312561 0.032464 0.0218003 0.019004 0.0208004 0.0231734 0.0210094 0.0233912 0.0228055 0.0188468 0.0224787 0.0250431 0.0247142 0.0194597 0.0225815 0.0211815 0.0222671 0.0226454 0.0291122 0.0190585 0.0181412 0.0184691 0.0237208 0.0167608 0.00842076 0.00516449 0.0161635 0.0156992 0.0156736 0.0171376 0.00489733 
1.13265e-05 0.000692004 0.00543971 0.00821921 0.0144913 0.014739 0.0204506 0.0254679 0.0294378 0.0236853 0.0238592 0.0262268 0.0244681 0.0156548 0.0136862 0.0189698 0.0216583 0.0235975 0.02503 0.0263537 0.0252483 0.024529 0.0269935 0.0165983 0.019943 0.0185264 0.0198849 0.0177792 0.0158408 0.0301398 0.041021 0.0489095 0.0921956 0.0678975 0.0301545 0.028978 0.0143119 0.0153429 0.0164863 0.0313138 0.0268448 0.0195392 0.0202714 0.0185176 0.0208621 0.026463 0.0207579 0.0134597 0.0125765 0.0189764 0.0206051 0.0257337 0.0235199 0.0173109 0.018173 0.0198167 0.0155453 0.0223834 0.0141197 0.0177371 0.0178511 0.0165001 0.00924047 0.00775843 0.0171192 0.0213753 0.0196849 0.0183818 0.00501492 
0.000134965 4.09575e-05 0.000943609 0.00664521 0.0203266 0.0319578 0.0254688 0.0269767 0.0311976 0.0285023 0.0278946 0.0240262 0.0238507 0.0189331 0.0151484 0.0146166 0.0211665 0.024455 0.0247176 0.0335514 0.0293607 0.02235 0.0197667 0.0193786 0.0245467 0.0253798 0.0233728 0.0206256 0.0154952 0.0351043 0.0991874 0.0782813 0.041647 0.0241654 0.0236275 0.0192029 0.0193734 0.0161345 0.0175202 0.0208565 0.0228433 0.0184764 0.0249792 0.0202971 0.0151393 0.0154643 0.0197886 0.0124857 0.00897936 0.0150385 0.0161803 0.0161562 0.0142553 0.014521 0.0172828 0.0318422 0.0180436 0.0136218 0.0165809 0.0152305 0.0188234 0.0187906 0.00962702 0.017574 0.0229234 0.0238782 0.0189982 0.0140039 0.00151911 
9.86056e-06 0 0.00144942 0.00700544 0.0114277 0.0259156 0.0222651 0.0222593 0.0293407 0.0230179 0.0184494 0.0257755 0.0182149 0.0171913 0.0136968 0.0199252 0.03031 0.0302013 0.0241728 0.0334623 0.0418949 0.0258578 0.0183852 0.0235599 0.0175274 0.0202135 0.0204734 0.0162473 0.0169748 0.0266522 0.0794314 0.0429378 0.023337 0.0174884 0.0188442 0.0183231 0.0170894 0.0170447 0.0154634 0.0219357 0.0211158 0.019891 0.0201248 0.0164746 0.0123666 0.0172382 0.0175582 0.0160189 0.0125022 0.0160171 0.023038 0.0162338 0.0112936 0.0137795 0.0182495 0.0259588 0.0221095 0.00972067 0.0163803 0.0178807 0.0269549 0.0240753 0.0143338 0.0293147 0.0294874 0.0174356 0.0201818 0.00783573 0.000125486 
0 0 0.000459378 0.007498 0.00915868 0.0160357 0.0189763 0.0143785 0.0213479 0.0231216 0.0165823 0.0136475 0.0134311 0.0184896 0.0199572 0.0228303 0.0265063 0.0256095 0.0280291 0.0306464 0.0360539 0.0234017 0.0189496 0.0234804 0.0189 0.0196034 0.0239072 0.0200121 0.0185738 0.0190493 0.0200537 0.022133 0.0179721 0.0192108 0.0202203 0.0199483 0.0141745 0.014013 0.0106125 0.0161827 0.0191844 0.0213015 0.0246197 0.0155621 0.0131981 0.0125048 0.0138765 0.0162092 0.014175 0.0148061 0.0222348 0.0205159 0.0210501 0.0261201 0.0270975 0.0277384 0.0190678 0.00849669 0.0158469 0.0161755 0.0227105 0.0297615 0.0237791 0.0187818 0.0203777 0.0232119 0.0123198 0.00353714 0.000609113 
0 0 0.000793673 0.00677282 0.0163508 0.0192667 0.013361 0.0104414 0.0145188 0.0185427 0.0156222 0.0138897 0.0225741 0.0231211 0.0217746 0.0199061 0.0208211 0.0275983 0.0280349 0.0255152 0.0254984 0.0282282 0.0304726 0.0292292 0.0250062 0.0257071 0.023208 0.0261606 0.0208929 0.0250875 0.021912 0.016404 0.0167424 0.0199554 0.0222934 0.0200627 0.0140693 0.0128734 0.00970019 0.013691 0.017407 0.0218481 0.0244946 0.0183066 0.0167253 0.0117437 0.0145362 0.012558 0.0119844 0.0147265 0.0168336 0.0181448 0.0226209 0.0259645 0.0276249 0.0246187 0.0164053 0.0119063 0.0139783 0.0113822 0.0202954 0.032818 0.0347869 0.0384599 0.0199419 0.0159047 0.0126545 0.00645991 0.000564958 
0 0 0.00132667 0.0070271 0.0148667 0.0132467 0.0113837 0.0166871 0.019368 0.0233946 0.0154179 0.0150012 0.0293097 0.0267483 0.0177806 0.0127983 0.0160241 0.0162846 0.0180711 0.0206798 0.0231594 0.0299173 0.0331182 0.0265423 0.0268664 0.0294808 0.024144 0.0242003 0.0263943 0.03098 0.0271553 0.0164099 0.0117927 0.0170078 0.0206152 0.0248844 0.0147702 0.0113859 0.0096714 0.0141633 0.0216276 0.0253168 0.0221146 0.0162038 0.0134546 0.0145336 0.0179991 0.0227545 0.0233928 0.0198354 0.0178965 0.018314 0.0164838 0.0198537 0.0230848 0.0177179 0.0143754 0.0139532 0.0162073 0.0172421 0.0175282 0.0223843 0.0316867 0.026555 0.0251362 0.0175939 0.00731908 0.00247084 0.000176823 
0 0.000258649 0.00646774 0.0139877 0.0144864 0.0101618 0.0169825 0.0192426 0.024102 0.020181 0.0182836 0.0200719 0.0284642 0.0210628 0.0212569 0.0182129 0.0161772 0.0104142 0.0149846 0.0175118 0.0186992 0.0233526 0.0268236 0.0219114 0.0205768 0.0219805 0.0214096 0.0224249 0.0259913 0.0310213 0.0264174 0.0216 0.0141042 0.0117972 0.0163912 0.0206715 0.015958 0.013444 0.014474 0.019905 0.0241927 0.0279674 0.0234633 0.0202374 0.0213508 0.0250652 0.0187053 0.0207633 0.0269516 0.0231523 0.0233472 0.0182859 0.0167106 0.016859 0.0213588 0.0185492 0.0155749 0.0138398 0.0155549 0.0185063 0.0194638 0.0187275 0.0233237 0.0234225 0.0218693 0.019436 0.0166342 0.0079384 0.000278733 
0 0.00160845 0.00917838 0.0113069 0.00994987 0.0117499 0.0186051 0.0319666 0.0204031 0.0155746 0.0204166 0.0255058 0.0218718 0.0178177 0.0224849 0.0224491 0.0153307 0.016109 0.0152085 0.0149695 0.0171009 0.0183686 0.020368 0.023753 0.021272 0.0181292 0.0196713 0.0205715 0.0287145 0.0253192 0.0218453 0.0177083 0.0145093 0.0145086 0.0162871 0.0197769 0.0184617 0.0181652 0.0218191 0.0228647 0.0265182 0.0307572 0.0216563 0.0197116 0.0244349 0.0222165 0.0202534 0.0186599 0.0174931 0.0206343 0.0243358 0.0265824 0.025249 0.0235416 0.0227008 0.0176078 0.0164261 0.00960875 0.0120048 0.0173819 0.0248892 0.0190865 0.0199145 0.0228583 0.0197287 0.0194184 0.0144572 0.0113439 0.000696456 
0 0.00103927 0.0158732 0.0199726 0.0125282 0.0162043 0.0215258 0.0274024 0.0174419 0.0119316 0.0222972 0.0212314 0.0206217 0.0222481 0.0202215 0.0206162 0.0177143 0.0233287 0.0244668 0.0231025 0.0207382 0.0199256 0.0215374 0.0236546 0.0207943 0.0186443 0.0183825 0.0194775 0.0255716 0.0286019 0.0193154 0.0210944 0.0178767 0.0131934 0.0205478 0.0253844 0.0208195 0.0172537 0.0187626 0.0163656 0.0162885 0.0254357 0.014515 0.0138097 0.0163578 0.0171366 0.0172715 0.0194884 0.0123996 0.018263 0.0295181 0.0222608 0.0155456 0.0206899 0.0132348 0.017685 0.0240125 0.0110441 0.0115956 0.0125502 0.012922 0.0154982 0.0180839 0.0160399 0.0137964 0.0190278 0.0147481 0.00938974 0.000793206 
0 0.000934974 0.0122693 0.0181512 0.0192369 0.023348 0.0219402 0.018466 0.0134599 0.0158342 0.023362 0.0194124 0.021537 0.0259839 0.0293088 0.0235634 0.0221067 0.0218954 0.0221504 0.0283778 0.0257881 0.024487 0.0206879 0.0259448 0.0224639 0.0266076 0.0209554 0.0234279 0.0296574 0.0242974 0.0178295 0.0218191 0.021583 0.0204144 0.0273876 0.0233167 0.0163333 0.0176479 0.0165122 0.0139224 0.0155037 0.0164127 0.0116494 0.0112956 0.0106908 0.0145025 0.0131062 0.0159697 0.0152277 0.0172973 0.0239778 0.0147601 0.0177926 0.0200526 0.0162226 0.0218574 0.0227564 0.019565 0.0136306 0.0142273 0.0134422 0.0155066 0.0196032 0.0184732 0.0151006 0.0162723 0.01342 0.00613169 0.00108276 
0 0.000614869 0.0050113 0.0181463 0.0222254 0.0202332 0.0137793 0.0157155 0.0167823 0.0216032 0.0251496 0.0251595 0.0189246 0.022813 0.0261106 0.0209338 0.0202546 0.0209267 0.0268583 0.0365598 0.0297928 0.0277504 0.0203924 0.0192864 0.0230695 0.020111 0.0209806 0.0209193 0.0336669 0.0272262 0.018827 0.0189461 0.0229775 0.0233666 0.0258719 0.0208254 0.0181773 0.0169625 0.0119698 0.012471 0.021997 0.0209168 0.015944 0.0134083 0.00981768 0.0161783 0.012104 0.021692 0.0195994 0.0170789 0.0217792 0.0237072 0.0272539 0.0229303 0.0211793 0.0220634 0.0215541 0.028526 0.0241343 0.0182534 0.0194337 0.018108 0.0215494 0.0219774 0.0125545 0.0103554 0.011055 0.00278855 0.000195546 
0 4.93857e-08 0.00134292 0.00837866 0.0171694 0.0126249 0.0159477 0.0174701 0.0177926 0.0222537 0.0258242 0.0216172 0.0192321 0.0216653 0.0197227 0.0190043 0.017744 0.0185124 0.0227049 0.0295802 0.033384 0.0287586 0.0213982 0.0153893 0.0223667 0.0182619 0.015324 0.0145484 0.0265297 0.0284922 0.0279415 0.0181408 0.0193212 0.0252088 0.0315779 0.0271299 0.0224098 0.0220143 0.0172929 0.0178429 0.020893 0.017487 0.0142854 0.0151238 0.0136745 0.0168137 0.017002 0.0231277 0.0161036 0.0165224 0.0143494 0.0172574 0.024858 0.021054 0.0219939 0.0205134 0.0204934 0.0261147 0.0210065 0.0189502 0.0264689 0.0192878 0.0199316 0.0126496 0.00542884 0.00553887 0.00367285 0.000295018 1.14167e-05 
0 0 8.49112e-05 0.00650139 0.012756 0.0140888 0.020232 0.0144331 0.0153298 0.0147084 0.0132293 0.0170591 0.0259 0.0218151 0.0139591 0.0117706 0.0149499 0.0184257 0.0189791 0.0207986 0.0182391 0.020475 0.0205789 0.0149282 0.0220555 0.0220251 0.0186275 0.0129948 0.0123154 0.0215398 0.0270706 0.0214618 0.0198833 0.0261652 0.0285361 0.0255113 0.0331314 0.0275718 0.0204036 0.0217559 0.0212776 0.0147101 0.0130747 0.0233238 0.0187171 0.018561 0.0160769 0.0248153 0.0175516 0.013121 0.0119191 0.0137565 0.015027 0.0164175 0.015582 0.0179707 0.0222951 0.0167579 0.0142106 0.0140583 0.0182051 0.0161417 0.0148194 0.00841666 0.00550792 0.0166425 0.0033684 2.95185e-05 0 
0 0 7.15025e-05 0.00819726 0.0161402 0.0153502 0.0197714 0.0149983 0.00826112 0.0102445 0.0169704 0.0193813 0.0223177 0.0234751 0.0179727 0.0170049 0.0134695 0.0124864 0.0084793 0.0119918 0.0166925 0.0184312 0.0147541 0.0241644 0.0266334 0.0286122 0.0248857 0.0164259 0.0154889 0.0190655 0.0205589 0.0172546 0.0156455 0.0174317 0.0205419 0.0215777 0.027085 0.0210165 0.0222597 0.0249933 0.022913 0.0198574 0.0132816 0.0199733 0.0227629 0.0135842 0.013707 0.015396 0.0167519 0.0217391 0.0179198 0.0136517 0.00986209 0.00841132 0.0109564 0.0165409 0.0233322 0.0234999 0.0234717 0.00995066 0.00929932 0.00914631 0.0163001 0.0106229 0.00609805 0.00650634 0.00140589 0 0 
0 0 1.69286e-05 0.004059 0.00872619 0.0142722 0.0161099 0.0270132 0.026573 0.0154815 0.017605 0.0220996 0.0321368 0.0288926 0.0190754 0.019042 0.0180576 0.0142027 0.0178933 0.0198698 0.0172655 0.0183949 0.0171856 0.0274522 0.0327776 0.0329198 0.0270799 0.0194714 0.0134962 0.0146804 0.0191846 0.0210624 0.0187134 0.0186655 0.0216468 0.0196191 0.0198166 0.0256329 0.0271135 0.0260875 0.0256779 0.0202004 0.0186311 0.0212631 0.0208429 0.0111069 0.0116951 0.013572 0.0249728 0.0305206 0.025735 0.0255315 0.0142233 0.0156951 0.0217036 0.0230519 0.0190656 0.0165139 0.022479 0.0141724 0.007688 0.00931689 0.0199139 0.0218772 0.0133626 0.00475701 0.00117269 0 0 
0 0 0 0.000571276 0.00288339 0.00782041 0.0114467 0.0281015 0.0366444 0.0310693 0.0235322 0.0173771 0.0210747 0.0260776 0.0175688 0.0276575 0.0213146 0.0149815 0.0211578 0.016535 0.0153049 0.0166469 0.0207769 0.0348506 0.0244293 0.0197374 0.0225154 0.0212923 0.0185385 0.0195875 0.0194279 0.0225229 0.0275323 0.0200157 0.0173096 0.0184005 0.026429 0.0231172 0.0293857 0.0263869 0.0234112 0.0173562 0.022934 0.0191528 0.0208999 0.018489 0.0135611 0.0176529 0.033929 0.0690627 0.0606482 0.0282362 0.0201503 0.0151248 0.0181135 0.0218876 0.0193583 0.0206385 0.0164878 0.00927295 0.00529449 0.0148679 0.0233692 0.0228176 0.0203694 0.00662235 0.00120859 0 0 
0 0 0 0 3.41694e-06 0.00289777 0.00613123 0.0189978 0.0273312 0.0354212 0.0296831 0.0217227 0.0178158 0.0205667 0.02059 0.0228871 0.0237106 0.0185492 0.0190485 0.0166877 0.0148102 0.0149344 0.0137202 0.0220219 0.0184054 0.0147986 0.0156177 0.0216511 0.031483 0.0252369 0.0190787 0.0203645 0.0238312 0.0166518 0.0177945 0.0200434 0.021082 0.0198788 0.0221502 0.0200077 0.0257646 0.0286561 0.0230908 0.027044 0.0189077 0.0175798 0.0185497 0.0171222 0.0238253 0.0419986 0.0493942 0.0271158 0.0299099 0.0153768 0.0151907 0.0143788 0.0167675 0.0177481 0.0105275 0.00385965 0.00188395 0.00843421 0.01779 0.013056 0.00906361 0.0044915 0.000270322 0 0 
0 0 0 0 0 3.83634e-05 0.00110924 0.00590134 0.0161804 0.0287893 0.0251737 0.023232 0.0181424 0.0171087 0.0198229 0.0208748 0.0215594 0.0182699 0.0141624 0.0106109 0.0105852 0.0166724 0.0145357 0.0249342 0.0219694 0.0241857 0.0221663 0.0217705 0.025725 0.0310952 0.0292922 0.0240812 0.0236725 0.024589 0.0215219 0.0175094 0.0140436 0.0196158 0.0276808 0.0197506 0.0219528 0.0304627 0.0306173 0.0327009 0.0234164 0.0135181 0.0193242 0.0171136 0.0160288 0.0179416 0.0139954 0.0189386 0.0282946 0.0186665 0.0201468 0.0245775 0.02226 0.00992413 0.00477607 0.00359448 0.00176419 0.00389918 0.0075967 0.00785061 0.00576889 0.00101142 0 0 0 
0 0 0 0 0 0 0 0.000220279 0.0112155 0.0230595 0.0220788 0.0232375 0.0202465 0.0206471 0.0193192 0.0181193 0.0117378 0.0168148 0.033934 0.0211887 0.0217369 0.0143909 0.0155534 0.0317716 0.0299522 0.0334929 0.0261315 0.0200432 0.0204639 0.020599 0.0275466 0.0196647 0.0195902 0.0195547 0.0166158 0.0154502 0.0167211 0.0213086 0.0256537 0.024938 0.0201504 0.0154454 0.0209047 0.0243329 0.0245611 0.0132491 0.0164763 0.0136082 0.0140702 0.014165 0.0120647 0.0113895 0.0135632 0.0191113 0.0340805 0.0439067 0.0396471 0.0153124 0.00296793 0.00426586 0.00573944 0.00327595 0.00271844 0.00162608 0.000660102 9.60948e-06 0 0 0 
0 0 0 0 0 0 6.27594e-05 0.00423627 0.0189471 0.021648 0.0189388 0.0173789 0.0213314 0.0184145 0.0187653 0.0148666 0.0175169 0.0199676 0.0270711 0.0233068 0.0280287 0.0111887 0.00911451 0.012686 0.0140938 0.0182932 0.0198233 0.0131347 0.0134326 0.0197119 0.0221965 0.0208511 0.0232971 0.0158276 0.0174554 0.0135389 0.0169093 0.0248713 0.0238087 0.0228197 0.0182916 0.0149715 0.020846 0.0189881 0.0238889 0.0155035 0.0101264 0.0125116 0.010069 0.0134784 0.0106309 0.0103926 0.0124653 0.015744 0.0290393 0.0415324 0.0373163 0.0139383 0.00168481 0.00392659 0.00388652 0.0051403 0.00544242 0.000644154 0 0 0 0 0 
0 0 0 0 0 0 0.000114968 0.00873585 0.0256448 0.0300698 0.0207517 0.0263927 0.0256461 0.0161656 0.0112656 0.00435996 0.00835177 0.0158662 0.0164314 0.0204894 0.0244299 0.0158447 0.00835412 0.00650791 0.0085327 0.0110088 0.0186098 0.0180273 0.0168029 0.0191417 0.0181912 0.021947 0.0221489 0.0156632 0.0135595 0.0151975 0.0186519 0.0159551 0.0119238 0.0153045 0.0128885 0.0138602 0.0147126 0.0204297 0.0293539 0.0190276 0.0192488 0.023153 0.0178904 0.0163829 0.0164043 0.0207539 0.0162072 0.0157357 0.0189175 0.0197031 0.0225627 0.0152653 0.0030721 0.00165525 0.00238767 0.00386282 0.000832437 6.15762e-05 0 0 0 0 0 
0 0 0 0 0 0 1.42054e-05 0.00457958 0.0136466 0.0205069 0.0232319 0.0330939 0.0395917 0.0264913 0.0160518 0.0067286 0.0137696 0.0206354 0.0193676 0.0240419 0.0137446 0.0108052 0.0100096 0.0139084 0.0172502 0.0172744 0.0253387 0.0202913 0.0228532 0.0204687 0.0222864 0.0198481 0.0169494 0.0144603 0.0163873 0.0168664 0.0247614 0.0192374 0.0200885 0.0204377 0.00790041 0.0103443 0.0220339 0.0280858 0.023154 0.0192793 0.0235441 0.0245272 0.0273367 0.0189042 0.0224876 0.0253809 0.0204923 0.0152423 0.01727 0.0213455 0.0195821 0.00710276 0.00237214 0.00171421 0.00365969 0.00180171 0.000587731 0 0 0 0 0 0 
0 0 0 0 0 0 0 0.00019909 0.00286343 0.00695351 0.0200324 0.0255645 0.0275989 0.0243937 0.0246273 0.0216348 0.0358443 0.0262282 0.0236649 0.0259954 0.0150876 0.0102988 0.016991 0.0154908 0.0169333 0.0169365 0.0272747 0.0365603 0.0304809 0.021785 0.021731 0.0203594 0.0214159 0.0236606 0.0162742 0.0172355 0.0206472 0.0256619 0.0399482 0.0312275 0.0135405 0.0067979 0.00819278 0.0132548 0.0148926 0.0155045 0.0183935 0.0186827 0.0195239 0.0191028 0.0164634 0.0214108 0.0185296 0.0174181 0.0206609 0.0330527 0.0174893 0.00761265 0.00465068 0.00181937 0.00158464 0.000291479 0.000583212 0 0 0 0 0 0 
0 0 0 0 0 0 0 0 0.000144506 0.00251736 0.0186573 0.024918 0.026149 0.0227391 0.0274239 0.0309738 0.0366223 0.0277786 0.0186904 0.0179986 0.0167796 0.0176159 0.0203412 0.0159817 0.0184386 0.0188216 0.0259275 0.0343359 0.0298261 0.0249845 0.0173605 0.0253417 0.0236428 0.0203365 0.0177513 0.0216751 0.0193169 0.0255416 0.0293218 0.0315181 0.0171113 0.00338459 0.00195538 0.00384726 0.00848164 0.0221837 0.0203467 0.0147109 0.0215514 0.0192159 0.0167631 0.0224773 0.017088 0.0221478 0.0242601 0.0258155 0.0192889 0.0142777 0.0131699 0.00267726 0.000641003 0 0 0 0 0 0 0 0 
0 0 0 0 0 0 0 0 0 0.00236021 0.0178574 0.030892 0.0316414 0.0247566 0.0272582 0.0268696 0.0265152 0.0215782 0.00977057 0.008864 0.00782889 0.00766334 0.0110235 0.0155127 0.0210159 0.0194731 0.024459 0.031075 0.0258261 0.0249997 0.023558 0.0223789 0.0149155 0.0138947 0.0158521 0.0151707 0.0304357 0.0258798 0.0237827 0.0257842 0.0198438 0.00613378 0.00156638 0.0024925 0.0169332 0.0319651 0.0250761 0.0197743 0.0200322 0.0226262 0.0359287 0.0319848 0.0198827 0.0242223 0.0285327 0.0292715 0.0289463 0.0182918 0.0146137 0.00249977 0.000113385 0 0 0 0 0 0 0 0 
0 0 0 0 0 0 0 0 0 0.000700439 0.00760322 0.026099 0.028597 0.0295835 0.0268173 0.0306044 0.0262449 0.0190903 0.00728922 0.00370755 0.00136453 0.0055671 0.0116909 0.0149708 0.0140689 0.0165289 0.0226492 0.0255018 0.0396626 0.0316188 0.0223535 0.0206142 0.016102 0.0168753 0.0184408 0.0197455 0.0399876 0.0327943 0.0211659 0.026304 0.0222779 0.00849898 0.00418378 0.00341093 0.0148866 0.0250308 0.0159549 0.0184137 0.0215887 0.0259057 0.0525146 0.0430448 0.0182607 0.0203064 0.0284066 0.0330573 0.0319251 0.028657 0.00931571 0.000357533 0 0 0 0 0 0 0 0 0 
0 0 0 0 0 0 0 0 0 0 0.000849228 0.0100392 0.0104587 0.0136439 0.0162305 0.0303403 0.033192 0.0309588 0.0213408 0.00501012 0.000586429 0.00783657 0.0162873 0.0193829 0.0143306 0.0223633 0.0194237 0.0225988 0.0336821 0.0321811 0.0291876 0.0273744 0.020598 0.0174492 0.024265 0.0198103 0.0331226 0.0284074 0.0187418 0.0231852 0.0165211 0.0134098 0.0116937 0.00888747 0.015593 0.0256431 0.0291368 0.0241799 0.0216096 0.0215673 0.0454859 0.035542 0.0176838 0.0120744 0.0171129 0.0193856 0.0131438 0.0139446 0.00186664 0 0 0 0 0 0 0 0 0 0 
0 0 0 0 0 0 0 0 0 0 0 6.54129e-05 0.00257647 0.0042422 0.00390664 0.0123598 0.026049 0.0270212 0.0215978 0.0121981 0.00609376 0.00991475 0.0173088 0.0186754 0.0193608 0.0258567 0.0233211 0.0226812 0.0258764 0.0365095 0.0242738 0.0310391 0.0310183 0.0264373 0.0299504 0.0303403 0.0280344 0.0273131 0.0222204 0.0242097 0.0152693 0.0121877 0.011952 0.00716289 0.0173141 0.0302278 0.0300808 0.0253495 0.0202609 0.0173307 0.0229024 0.0141119 0.00474756 0.00356901 0.00984608 0.00650762 0.00370783 0.00297787 0.000108069 0 0 0 0 0 0 0 0 0 0 
0 0 0 0 0 0 0 0 0 0 0 0 0 5.80361e-05 0.000969783 0.0106927 0.0262368 0.0225309 0.011962 0.0168534 0.0114198 0.00552471 0.0115205 0.0173679 0.0176791 0.0355878 0.0599378 0.0404025 0.0230599 0.0312305 0.0293726 0.0320523 0.0348924 0.0283636 0.0259096 0.0218377 0.0240429 0.0221665 0.0246638 0.0365234 0.0304667 0.0180426 0.0128853 0.00679868 0.0110935 0.0149657 0.0150425 0.0235109 0.0199977 0.0247928 0.0240506 0.0138394 0.00522242 0.000269858 0.00363342 0.00137936 0.000124844 2.66921e-05 0 0 0 0 0 0 0 0 0 0 0 
0 0 0 0 0 0 0 0 0 0 0 0 0 0 0.000503691 0.00785548 0.0189954 0.01849 0.0109582 0.0082875 0.0123707 0.00405048 0.00742814 0.0198244 0.0231251 0.0514565 0.0754776 0.0508541 0.0224647 0.0195792 0.0275897 0.0355122 0.0439353 0.0296495 0.0214787 0.0254163 0.0145015 0.0116738 0.0220163 0.0317944 0.0466541 0.0325604 0.0170946 0.0175752 0.0127666 0.00623514 0.0113988 0.0365602 0.0289584 0.0316455 0.0236507 0.0183359 0.00456817 3.4516e-05 0.000143166 1.60018e-05 0 0 0 0 0 0 0 0 0 0 0 0 0 
0 0 0 0 0 0 0 0 0 0 0 0 0 0 0 0.000263553 0.00376594 0.00865068 0.00335358 0.0081066 0.00877216 0.000808792 0.00234824 0.0176209 0.0232996 0.0295709 0.0314735 0.0191574 0.0182431 0.0187742 0.0208829 0.0240437 0.0246508 0.0224338 0.018325 0.0178126 0.0101757 0.0136765 0.0212284 0.0299463 0.0332597 0.0369258 0.0243323 0.0209217 0.0228292 0.0200263 0.01959 0.0359593 0.0269243 0.0147614 0.00628931 0.00393748 0.000176801 0 0 0 0 0 0 0 0 0 0 0 0 0 0 0 0 
0 0 0 0 0 0 0 0 0 0 0 0 0 0 0 0 0 0.000506375 0.000528433 0.00165092 0.00290857 0.000241024 0.00166525 0.0114889 0.0193383 0.0212458 0.0172091 0.0137519 0.0154144 0.0178712 0.0166806 0.0191805 0.0215205 0.0262486 0.0242887 0.0130326 0.0108125 0.0166786 0.0140239 0.017394 0.0206386 0.0279447 0.0329387 0.0327933 0.0212585 0.0304906 0.0243976 0.0222834 0.0146043 0.00427352 0.000201112 0 0 0 0 0 0 0 0 0 0 0 0 0 0 0 0 0 0 
0 0 0 0 0 0 0 0 0 0 0 0 0 0 0 0 0 0 0 0 0 0 0.000146064 0.0093457 0.0155191 0.0128542 0.00616216 0.00606971 0.0119475 0.00956163 0.0136227 0.0204248 0.0257737 0.0227522 0.0160116 0.00934464 0.0122847 0.0166215 0.0142893 0.0144515 0.0132244 0.0180546 0.0347034 0.0310408 0.0179072 0.0158816 0.0144026 0.0123978 0.00461199 0.000393073 0 0 0 0 0 0 0 0 0 0 0 0 0 0 0 0 0 0 0 
0 0 0 0 0 0 0 0 0 0 0 0 0 0 0 0 0 0 0 0 0 0 7.60893e-06 0.00127976 0.00210939 0.00240419 0.0024909 0.00802127 0.0116341 0.0172639 0.0195533 0.0188684 0.0198146 0.0197365 0.0215884 0.0278189 0.0232343 0.018518 0.0127589 0.0129506 0.0119008 0.0112557 0.0233058 0.018446 0.00686186 0.00443563 0.00178219 0.00142996 0.000125747 0 0 0 0 0 0 0 0 0 0 0 0 0 0 0 0 0 0 0 0 
0 0 0 0 0 0 0 0 0 0 0 0 0 0 0 0 0 0 0 0 0 0 0 3.23641e-05 0.000236363 0.000419912 0.00301155 0.00644104 0.0117603 0.0164234 0.0153242 0.00565261 0.0049622 0.0108881 0.0162876 0.0228722 0.018861 0.0116006 0.00746129 0.008178 0.00907321 0.0116844 0.0126853 0.00607502 0.00163766 0.000383607 0 0 0 0 0 0 0 0 0 0 0 0 0 0 0 0 0 0 0 0 0 0 0 
0 0 0 0 0 0 0 0 0 0 0 0 0 0 0 0 0 0 0 0 0 0 0 0 0 0 0.000199835 0.00114736 0.00241429 0.00405349 0.00207373 0.000292757 2.15162e-05 0.000147063 0.000928083 0.00372234 0.00229659 0.000882569 0.00101554 0.000723457 0.00177485 0.00159874 0.00162854 0.000206442 0 0 0 0 0 0 0 0 0 0 0 0 0 0 0 0 0 0 0 0 0 0 0 0 0 

