0 0 0 0 0 0 0 0 0 0 0 0 0 0 0 0 0 0 0 0 0 0 0 0 0 0 0 0 0 0 0 0 0 0 0 0 4.35891e-05 0.000367637 0.000200102 0 0 0 0 0 0 0 0 0 0 0 0 0 0 0 0 0 0 0 0 0 0 0 0 0 0 0 0 0 0 
0 0 0 0 0 0 0 0 0 0 0 0 0 0 0 0 0 0 0 0 0 0 0 0 0 0 6.6609e-05 2.50036e-05 0 0 0 0 0 0 0.000185165 0.00209768 0.00283691 0.00732027 0.00490109 0.00336462 0.00388365 0.00520625 0.00455322 0.00130866 0.000192626 0 0 0 0 0 0 0 0 0 0 0 0 0 0 0 0 0 0 0 0 0 0 0 0 
0 0 0 0 0 0 0 0 0 0 0 0 0 0 0 0 0 0 0 0 0 0 0.000107041 0.000370388 0.00113206 0.00546384 0.0038853 0.00205935 0.000790984 0.000661822 0.000154406 0 0.000812795 0.00278845 0.00401615 0.00915695 0.00708852 0.0104165 0.0126694 0.0105743 0.0274613 0.0638214 0.0500791 0.0156632 0.00363602 0.0014608 0.000658434 4.33669e-05 0 0 0 0 0 0 0 0 0 0 0 0 0 0 0 0 0 0 0 0 0 
0 0 0 0 0 0 0 0 0 0 0 0 0 0 0 0 0 0 0 0 0.000123978 0.0026046 0.0065998 0.00767362 0.00913769 0.0149118 0.0128224 0.00851142 0.00491848 0.00332183 0.0010909 0.00025233 0.00277582 0.00654518 0.00657418 0.00822055 0.00506305 0.00561282 0.0124311 0.0217116 0.0534095 0.11772 0.0843812 0.0335519 0.014872 0.0105622 0.00573622 0.00218777 0.000497457 0.000125466 0 0 0 0 0 0 0 0 0 0 0 0 0 0 0 0 0 0 0 
0 0 0 0 0 0 0 0 0 0 0 0 0 0 0 0 0 0 0.00042837 0.00213638 0.00211948 0.0113021 0.0137233 0.0156599 0.0185716 0.0137487 0.0221737 0.0147507 0.00936134 0.00810679 0.00985389 0.00531665 0.00286816 0.00373082 0.00577913 0.00756413 0.00776312 0.00737466 0.00750413 0.0133373 0.0227576 0.0605791 0.0498321 0.0307525 0.0205939 0.014145 0.00989583 0.0124138 0.0109468 0.00375727 0.000617912 6.19501e-05 0 0 0 0 0 0 0 0 0 0 0 0 0 0 0 0 0 
0 0 0 0 0 0 0 0 0 0 0 0 0 0 0 0 0.000178887 0.00143018 0.00552799 0.0111335 0.00841166 0.0133385 0.0142132 0.0187293 0.0213576 0.0161941 0.0169735 0.0156117 0.0141519 0.0143298 0.0147347 0.0174097 0.0166797 0.0145201 0.0147352 0.00594019 0.00908962 0.0139848 0.007305 0.00735055 0.0128915 0.0193793 0.0219177 0.0208214 0.020651 0.0167246 0.010297 0.0125218 0.0139435 0.0125262 0.00781099 0.00508556 0.00127844 9.46987e-05 0 0 0 0 0 0 0 0 0 0 0 0 0 0 0 
0 0 0 0 0 0 0 0 0 0 0 0 0 0 0 0.000257549 0.00577808 0.00847334 0.00890315 0.0113833 0.0111993 0.0141984 0.0226498 0.0224137 0.0185871 0.0170214 0.0155318 0.0183185 0.0207613 0.0230193 0.0191122 0.0190552 0.0249634 0.023587 0.0221657 0.0145954 0.013332 0.00864549 0.00643856 0.00911095 0.00729091 0.0106685 0.0179978 0.0288794 0.0278743 0.0217292 0.0181291 0.0183326 0.014442 0.012929 0.0153989 0.0162185 0.0141899 0.00398884 0.000214827 0 0 0 0 0 0 0 0 0 0 0 0 0 0 
0 0 0 0 0 0 0 0 0 0 0 0 0 0 0 0.000437353 0.00819308 0.0142326 0.0103557 0.00896919 0.00642393 0.0129802 0.0172662 0.0176205 0.0188254 0.0243253 0.0196148 0.0209847 0.0239272 0.0312532 0.0273374 0.0227675 0.0262314 0.0263749 0.0165039 0.0185421 0.0234525 0.0184143 0.0116095 0.00905587 0.00880943 0.0184369 0.0227 0.0340272 0.0255421 0.0264484 0.0219022 0.0221399 0.027294 0.013815 0.0183117 0.0203379 0.021321 0.0119035 0.00505283 0.000860111 8.85221e-05 0 0 0 0 0 0 0 0 0 0 0 0 
0 0 0 0 0 0 0 0 0 0 0 0 0 0 0 0.000557394 0.00902208 0.0135438 0.0159379 0.0153369 0.00579106 0.0122944 0.0188693 0.0166553 0.0163485 0.0220147 0.0205271 0.0220064 0.0225315 0.022556 0.0178437 0.0154758 0.0219114 0.0183282 0.0144893 0.0201425 0.0205803 0.0247785 0.0173003 0.0119292 0.0148952 0.0206076 0.026723 0.0314736 0.0239804 0.0269137 0.025546 0.0238589 0.0225382 0.0192953 0.0170197 0.0234531 0.023256 0.0189425 0.0166977 0.00522925 0.00123108 0.000117825 0 0 0 0 0 0 0 0 0 0 0 
0 0 0 0 0 0 0 0 0 0 0 8.15693e-05 9.26765e-05 0.000720631 0.00229198 0.00144034 0.0104201 0.0179789 0.0198778 0.0174278 0.0121469 0.017619 0.017924 0.0162183 0.0193919 0.0191562 0.0174187 0.0171279 0.0171664 0.0186007 0.0205094 0.0168761 0.0158227 0.0180111 0.016895 0.0237316 0.0213729 0.0195763 0.0190996 0.0127651 0.0205408 0.0237267 0.0187946 0.0220704 0.0200837 0.0210485 0.0253933 0.0198702 0.0148301 0.0175902 0.0215766 0.0252844 0.0301993 0.0279105 0.0179037 0.0162307 0.00987034 0.002953 0.00030086 0 0 0 0 0 0 0 0 0 0 
0 0 0 0 0 0 0 0 0 0 0.000349229 0.00270449 0.00109277 0.00124763 0.00369619 0.00493996 0.014457 0.0162561 0.021689 0.0206241 0.0156392 0.0199257 0.0207065 0.0167927 0.0176679 0.01772 0.0258468 0.0232952 0.0147712 0.0135558 0.0151664 0.0179083 0.0175201 0.0190168 0.0147372 0.0119763 0.012257 0.015179 0.0165445 0.0140123 0.0150597 0.0166768 0.0174234 0.0182641 0.024195 0.0246417 0.023371 0.0219416 0.0224323 0.019535 0.0206304 0.0232876 0.0294717 0.0328417 0.0343435 0.0275304 0.0247418 0.0123712 0.00599321 0.000310672 0 0 0 0 0 0 0 0 0 
0 0 0 0 0 0 0 0 0 0.000281021 0.00658869 0.00683133 0.00670072 0.00639675 0.0114347 0.0136385 0.0143144 0.0173961 0.0182757 0.0157658 0.0200176 0.0167092 0.0167443 0.0165057 0.0179362 0.0148882 0.0179224 0.0171086 0.0183817 0.0175942 0.0226281 0.0197832 0.0220145 0.0212336 0.0126506 0.0168594 0.020726 0.0166259 0.0159895 0.0122112 0.0176391 0.0231128 0.0161186 0.0190006 0.0244262 0.0190737 0.0193842 0.0240399 0.0237377 0.0222529 0.0219932 0.0248029 0.0310843 0.0331627 0.0333501 0.0323652 0.0257735 0.0201457 0.0110876 0.00198173 0 0 0 0 0 0 0 0 0 
0 0 0 0 0 0 0 0 3.61962e-05 0.00154852 0.0123584 0.0147457 0.01367 0.0124314 0.0183252 0.0190836 0.0171938 0.0175724 0.0156915 0.0150617 0.0179792 0.0172033 0.0186662 0.0151692 0.0168098 0.0151911 0.016268 0.0197491 0.0166926 0.0186279 0.0252231 0.0266829 0.0254864 0.020149 0.0222686 0.024498 0.0252419 0.0241454 0.0160098 0.0228949 0.0295453 0.0240669 0.0225431 0.0224686 0.0263296 0.0223972 0.0303894 0.0238678 0.0282355 0.0265504 0.0206674 0.0274544 0.0373137 0.0257128 0.0239958 0.0254969 0.0259418 0.0154287 0.00792975 0.00128836 7.20171e-05 0 0 0 0 0 0 0 0 
0 0 0 0 0 0 0 0 0.00191996 0.0100159 0.019031 0.0195643 0.0170996 0.00799897 0.0096659 0.0156246 0.0178831 0.01622 0.0169078 0.0193769 0.0176024 0.0195091 0.0234965 0.0210304 0.0191999 0.0183402 0.0221259 0.022298 0.0197603 0.0155605 0.0230778 0.0266032 0.0230331 0.0240916 0.0242372 0.0274069 0.0195598 0.0176351 0.0203985 0.0231801 0.0287727 0.0180433 0.0200774 0.0148954 0.018064 0.0232073 0.0227763 0.0258827 0.0250609 0.0255698 0.0225631 0.0235367 0.0319771 0.0253066 0.0181395 0.0147668 0.0178058 0.0122545 0.00622279 0.00349494 0.00212064 0.00161253 7.01629e-05 0 0 0 0 0 0 
0 0 0 0 0 0 0 0 0.0038113 0.0148001 0.0198177 0.0197512 0.0133 0.00855059 0.00983361 0.0131299 0.0189593 0.020029 0.0276553 0.0273455 0.0170375 0.0210508 0.0242225 0.0215298 0.016837 0.0222928 0.01873 0.0225116 0.0197733 0.0181254 0.0173509 0.0207792 0.0290834 0.028516 0.0183106 0.0211903 0.0177542 0.0143479 0.0155224 0.0188797 0.0215922 0.015397 0.0202139 0.017407 0.018935 0.0212386 0.0223226 0.0255749 0.0281245 0.0278281 0.0244927 0.020812 0.0266178 0.0256681 0.0164948 0.0151323 0.0186848 0.0205855 0.0140263 0.0157835 0.014273 0.00863783 0.00207966 0 0 0 0 0 0 
0 0 0 0 0 0 0 0 0.00172386 0.0160913 0.0186838 0.0169242 0.0137184 0.0114818 0.0128521 0.0106164 0.0156182 0.0212129 0.0229057 0.0262825 0.0236687 0.0213311 0.0207977 0.0169882 0.0158119 0.0159553 0.0202203 0.0198349 0.0174006 0.0165737 0.0166387 0.0170698 0.0235235 0.0296179 0.0319707 0.0241585 0.0254948 0.0153617 0.0151516 0.0166194 0.0148538 0.0194207 0.020283 0.0244252 0.022993 0.0195652 0.0277334 0.0286195 0.0297807 0.0250897 0.0311302 0.0270026 0.0213927 0.0197343 0.0215546 0.0204798 0.0243636 0.0264022 0.0267346 0.0222584 0.0213745 0.016788 0.00782672 0.000744581 0 0 0 0 0 
0 0 0 0 0 0 0 0 0.00211737 0.0106259 0.0153658 0.0120154 0.00988003 0.0101144 0.0127653 0.0071213 0.0100769 0.0102329 0.0172403 0.0243681 0.0220682 0.0253016 0.0182803 0.0135314 0.0148345 0.0177395 0.0165681 0.0173829 0.0181323 0.0144682 0.0155552 0.017502 0.0254275 0.0300299 0.0321688 0.0272077 0.0287749 0.0209688 0.0182398 0.018471 0.0182107 0.0210544 0.0272886 0.0363317 0.0266483 0.0234854 0.0280754 0.0212412 0.0235903 0.0198578 0.0278884 0.022323 0.0178511 0.0211981 0.0303863 0.029925 0.0255322 0.0246813 0.0196995 0.0236196 0.0231072 0.017009 0.0188286 0.00382116 6.54429e-05 0 0 0 0 
0 0 0 0 0 0 7.85944e-06 0.000681439 0.00193454 0.00768039 0.0115708 0.0118855 0.0134429 0.0107532 0.00785959 0.00484304 0.0107442 0.00902368 0.0150925 0.017857 0.0149554 0.013397 0.014314 0.0162846 0.0155963 0.0235227 0.0197553 0.0210001 0.0194989 0.0192819 0.0189603 0.0181548 0.0227583 0.0248369 0.0252118 0.0191172 0.0276872 0.0217035 0.0181608 0.019621 0.0187174 0.0154732 0.0250032 0.0546636 0.0748452 0.0331571 0.0188749 0.0197997 0.0289376 0.030667 0.0347286 0.0325391 0.0292563 0.0308226 0.0323115 0.0342907 0.0305954 0.025298 0.0165847 0.0224702 0.0366069 0.0232407 0.0180697 0.0101551 0.000799932 0 0 0 0 
0 0 0 0 0 1.66305e-05 0.00175496 0.00331091 0.0038817 0.00589151 0.0105959 0.00924129 0.00906452 0.00945282 0.007371 0.00830095 0.0108684 0.00947105 0.0121586 0.010149 0.0162709 0.0168908 0.0147133 0.0195583 0.020609 0.0195262 0.0215362 0.0217098 0.027173 0.0229122 0.0297256 0.0266504 0.023447 0.021432 0.0182893 0.0210046 0.0224132 0.0203858 0.018918 0.0222043 0.0195215 0.0198213 0.0307616 0.0683709 0.0954861 0.0415662 0.0163631 0.0178699 0.0333664 0.0345957 0.0342809 0.0346448 0.0254895 0.0223772 0.0256799 0.0312163 0.0321095 0.0217969 0.0145374 0.0137087 0.0202783 0.0180528 0.0209775 0.0160431 0.00183068 0 0 0 0 
0 0 0 0 0 0.00101459 0.00326989 0.0118652 0.0109746 0.00984624 0.0322704 0.028023 0.00939509 0.0081822 0.00719445 0.00905265 0.0111539 0.00784858 0.0143611 0.0089986 0.0143917 0.0180571 0.0165588 0.0150536 0.0145613 0.0145223 0.0145791 0.017096 0.0241357 0.0286704 0.0291426 0.0273855 0.0217808 0.0192937 0.0197224 0.0182158 0.0193626 0.0277971 0.0288698 0.0292547 0.0258225 0.0283181 0.0287739 0.0349462 0.0405929 0.0259601 0.0159975 0.0138041 0.0232046 0.0370651 0.042265 0.032775 0.0267481 0.017344 0.019111 0.0243816 0.0310125 0.0286009 0.026169 0.0273242 0.0237254 0.0250882 0.0294617 0.0243393 0.00546705 4.34446e-05 0 0 0 
0 0 0 7.48627e-05 0.00122997 0.00425929 0.00564716 0.0139441 0.013016 0.0192281 0.0759022 0.044566 0.0110393 0.00759329 0.00601735 0.00928195 0.00750874 0.00938285 0.0106709 0.00930514 0.00999246 0.0147797 0.0134749 0.00815377 0.0122373 0.0145265 0.0148729 0.0202874 0.0275354 0.0330369 0.0410548 0.0213589 0.0193533 0.0214353 0.0235349 0.0207861 0.0200726 0.0326848 0.0285193 0.0302672 0.0216456 0.0211943 0.0231954 0.0276895 0.029691 0.0252569 0.01923 0.0153953 0.0167578 0.0275717 0.036152 0.0359085 0.033889 0.0212254 0.0184666 0.0207877 0.026077 0.028991 0.040382 0.0334353 0.0249286 0.0283818 0.0376786 0.0386116 0.0122746 0.00158987 0 0 0 
0 0 0 0.00100362 0.00772358 0.010254 0.00965498 0.0134559 0.0112784 0.012379 0.0308045 0.0240489 0.0132774 0.0134976 0.00955165 0.00830934 0.00608096 0.00820264 0.00990231 0.00697805 0.00797312 0.0117758 0.0173297 0.0144282 0.0153394 0.0195143 0.0174357 0.0185162 0.0252352 0.031114 0.0359615 0.0280757 0.0253583 0.0212875 0.0197327 0.0170234 0.0226405 0.0248312 0.029312 0.0288194 0.0209332 0.0210163 0.0201669 0.0250342 0.0273471 0.0299427 0.0258075 0.0210827 0.0198229 0.0199375 0.0188963 0.0273965 0.0347981 0.0214041 0.0135755 0.0244146 0.0340699 0.038641 0.0330697 0.0254915 0.0286883 0.026556 0.0289067 0.0274915 0.0190674 0.00302524 0 0 0 
0 0 3.88705e-05 0.00441779 0.00755043 0.0113942 0.0101448 0.0132785 0.0142601 0.00873586 0.00743142 0.00874375 0.0112785 0.0105591 0.0118025 0.00866963 0.00898321 0.00928678 0.0130148 0.0144605 0.00953316 0.010479 0.0106784 0.0134816 0.0157725 0.0240279 0.0267442 0.0161751 0.0199199 0.0243743 0.0177519 0.0260172 0.037515 0.0240457 0.0201885 0.0222825 0.0226586 0.0216184 0.0230795 0.017864 0.0128717 0.0176063 0.0268373 0.0327269 0.0324456 0.03462 0.0310122 0.026849 0.0200846 0.0165304 0.0146064 0.018665 0.0276432 0.029934 0.0225203 0.0268268 0.042118 0.0496073 0.0348416 0.0257913 0.0242145 0.0203861 0.0187178 0.0276766 0.0216439 0.00718606 0.000107715 0 0 
0 0 0.000318949 0.00294563 0.00431917 0.00661366 0.00869569 0.0130452 0.0146314 0.0126396 0.0092209 0.011682 0.0107931 0.00712574 0.0107964 0.013062 0.00933169 0.0104646 0.0147529 0.0326806 0.0321368 0.013024 0.012015 0.013495 0.0188554 0.0205385 0.0247728 0.0182018 0.0269285 0.0405987 0.0324312 0.0403987 0.0423042 0.0264654 0.0331331 0.0272434 0.0196409 0.0185437 0.0200846 0.0138905 0.018263 0.021832 0.026415 0.0286363 0.0390082 0.0428475 0.0297234 0.022416 0.019499 0.0198007 0.02478 0.0226208 0.0225352 0.0303621 0.03683 0.0320984 0.0362477 0.0447524 0.0424734 0.0397768 0.0296293 0.0230347 0.0197933 0.0239096 0.028451 0.0135426 0.00328898 2.20609e-05 0 
0 0 0 0.000324783 0.00507802 0.00937699 0.010082 0.0099502 0.0109439 0.0113562 0.00768438 0.00666319 0.00906296 0.00571503 0.00797329 0.0111848 0.00990321 0.0121894 0.0206681 0.0235232 0.0347859 0.0142595 0.0109562 0.0152702 0.026213 0.0253271 0.0234149 0.0220918 0.0355085 0.0366828 0.0251884 0.03072 0.0282014 0.0269953 0.021336 0.0193278 0.020917 0.0258613 0.0158529 0.0161744 0.0153689 0.0235459 0.0243995 0.0309254 0.0527241 0.0431689 0.0287098 0.0231311 0.0100742 0.0170812 0.037085 0.033166 0.0269287 0.0265415 0.0322359 0.0315809 0.0257082 0.0342138 0.055464 0.0589483 0.0445605 0.0205529 0.0177064 0.025093 0.0296036 0.0205073 0.00645023 0.000888392 1.45636e-05 
0 0 0.000375209 0.00278374 0.00765486 0.00630618 0.00604975 0.00582709 0.00557298 0.00597976 0.00551778 0.00475372 0.00151372 0.0011889 0.00506599 0.00754283 0.00955977 0.0152291 0.0173372 0.0159237 0.0145828 0.00820783 0.009481 0.0154636 0.0243442 0.0261836 0.0317641 0.0329893 0.0283705 0.0185219 0.0208266 0.0228814 0.0270108 0.0230089 0.0193907 0.020863 0.022656 0.0196933 0.0128435 0.0142473 0.0149278 0.0232642 0.0243143 0.0281821 0.0327363 0.0229178 0.0217407 0.0223293 0.0137029 0.0205422 0.036812 0.0370058 0.0311874 0.0327312 0.0230796 0.0256591 0.0309769 0.0282165 0.052506 0.0603086 0.0336745 0.0193731 0.021693 0.0192642 0.019669 0.0246409 0.0164369 0.00563503 0.000155627 
0 0 0.00106481 0.00613303 0.00636717 0.00316051 0.00248457 0.00206421 0.00343185 0.0048086 0.00255831 0.00167191 0.000375017 0.00185759 0.00719536 0.00935372 0.0151396 0.0225231 0.0185834 0.0201882 0.0151158 0.0117516 0.0164334 0.0164626 0.0241435 0.0260457 0.0314516 0.0405187 0.0422822 0.019077 0.0112154 0.0238322 0.0274349 0.0273473 0.0253954 0.0270131 0.03237 0.0255899 0.0176558 0.0201742 0.0260734 0.027905 0.0310372 0.0268155 0.0206527 0.0216214 0.0258028 0.0260635 0.0224152 0.0261869 0.0360989 0.0387131 0.0214717 0.0207873 0.0254794 0.0299469 0.0301302 0.0314974 0.0325837 0.0316965 0.0305312 0.0211203 0.0192553 0.0219527 0.0187385 0.0235912 0.0256669 0.0160695 0.00119469 
0 0 0.00290957 0.00889518 0.0131703 0.00277616 0.000922526 0.000959649 0.00271464 0.00351448 0.00338215 0.0059003 0.004165 0.0052907 0.0068938 0.010537 0.0174618 0.0221736 0.0222042 0.0254402 0.0243712 0.0222427 0.0215167 0.0165598 0.0197982 0.0231646 0.025976 0.0343347 0.0329621 0.0187554 0.0188497 0.0200932 0.0177888 0.0263498 0.0290387 0.0265665 0.0264276 0.0265354 0.0216507 0.0279246 0.0325388 0.029599 0.0255583 0.0202457 0.016509 0.0186722 0.0258556 0.0410706 0.039764 0.0314694 0.0317954 0.0285841 0.0160582 0.0184356 0.0265201 0.0246408 0.0276161 0.0259324 0.0237243 0.0236805 0.0286999 0.0184357 0.0170675 0.0201457 0.0200829 0.0318736 0.0310243 0.0229676 0.00460939 
0 0 0.000812573 0.00446462 0.00297784 0.00201287 0.0064967 0.00448269 0.00747963 0.00948246 0.0113899 0.0115812 0.00850741 0.00871693 0.00739109 0.0169841 0.0201071 0.0203627 0.0302001 0.0301205 0.0300926 0.0330608 0.0280175 0.021014 0.0222562 0.0261238 0.0243444 0.025113 0.0185797 0.0133082 0.0184986 0.0226359 0.0173905 0.0222548 0.0304227 0.0219466 0.0233647 0.0247737 0.0268037 0.0277117 0.0288057 0.0274921 0.0247498 0.0205413 0.0172494 0.0169071 0.0203703 0.046998 0.0607922 0.0476882 0.0274019 0.0243372 0.014774 0.0140429 0.0198754 0.0260567 0.0249341 0.0241685 0.0246933 0.0169259 0.0160425 0.0194132 0.0148459 0.0202524 0.0236724 0.0412428 0.0264204 0.018777 0.00429746 
0 0 0 0.000213444 0.000893338 0.00530261 0.0126312 0.015353 0.0116555 0.0126508 0.0149795 0.0129501 0.0140872 0.0133232 0.011368 0.0198896 0.0205027 0.0199689 0.0375417 0.031751 0.0243769 0.0285347 0.0218131 0.0215017 0.0256716 0.0230242 0.0184297 0.0110885 0.0156428 0.0172664 0.0227703 0.0227982 0.0236891 0.0302496 0.0303655 0.0227113 0.0227268 0.0228806 0.0214016 0.025462 0.022291 0.0250033 0.0237854 0.0194946 0.017808 0.0222919 0.0243551 0.0403883 0.0344565 0.0418968 0.0210034 0.018531 0.0208675 0.0225613 0.0223356 0.026812 0.0199354 0.0239465 0.0235233 0.0178795 0.0155458 0.0158915 0.0115277 0.0219072 0.0266686 0.0312659 0.0275838 0.0196449 0.00198896 
0 0 0 0.000377729 0.00441534 0.00618379 0.0100514 0.0121587 0.0144674 0.0151786 0.0106704 0.0092643 0.00900295 0.00964087 0.0180206 0.0252522 0.0229165 0.0238767 0.0272363 0.0207154 0.0195149 0.0202455 0.0231597 0.0336676 0.0216831 0.0158169 0.0182002 0.0137289 0.0187288 0.0253419 0.0293187 0.0346888 0.0294589 0.0418922 0.0485343 0.0477312 0.0335483 0.0321491 0.0228715 0.0195274 0.019546 0.0199496 0.0306787 0.0234706 0.0215516 0.0242412 0.0284683 0.0351601 0.0263297 0.0263443 0.0305988 0.0215651 0.023034 0.019675 0.0241943 0.0259536 0.024898 0.0333536 0.0385652 0.0340863 0.0246252 0.0188808 0.0112067 0.0196112 0.0207717 0.0252609 0.0299101 0.0130993 6.54786e-05 
0 8.92871e-05 0.000805023 0.000586861 0.0060678 0.00786606 0.00769377 0.0125313 0.0176023 0.0125302 0.0106619 0.00819138 0.00687026 0.013147 0.0180011 0.0224785 0.026061 0.0190696 0.0223243 0.0183536 0.0120598 0.0112703 0.0128421 0.0247375 0.0295738 0.0158271 0.0233212 0.0255591 0.0181045 0.025138 0.030278 0.0323928 0.0412985 0.0387165 0.0373343 0.0429308 0.0298316 0.0376447 0.0238299 0.0156234 0.0251223 0.0273808 0.03201 0.0280975 0.0452628 0.0495174 0.0327308 0.0250944 0.0212114 0.0233209 0.0295618 0.0238499 0.020325 0.0216706 0.0239685 0.0288974 0.0284929 0.0335233 0.0397028 0.0386763 0.0307698 0.0244702 0.022605 0.0214997 0.025453 0.0244028 0.028283 0.0130405 0.00180945 
4.61838e-05 0.000642272 0.00730475 0.00830784 0.00919373 0.00874417 0.00769774 0.0113866 0.0202155 0.0150626 0.00985171 0.0086598 0.00902387 0.0121797 0.0145719 0.0193711 0.024531 0.0186362 0.0294395 0.0222047 0.00997559 0.00770179 0.0111016 0.0128676 0.0198964 0.0203811 0.0365096 0.0377332 0.0247063 0.0233842 0.0322589 0.0351903 0.0326025 0.0269496 0.0623089 0.0911341 0.0375739 0.0260618 0.0258988 0.0268669 0.0274626 0.0256438 0.0293645 0.0328717 0.0368389 0.0396811 0.0335963 0.0194057 0.0212272 0.0273146 0.0246181 0.0336788 0.0262886 0.0251535 0.0286967 0.0407751 0.0372553 0.0362166 0.0323888 0.031453 0.0265086 0.0248277 0.0219831 0.0275021 0.0278448 0.0302499 0.028994 0.018756 0.00518456 
0.000259562 0.00253668 0.0139011 0.0137213 0.0121463 0.0124952 0.0121141 0.0093786 0.0124069 0.0151853 0.0125743 0.0121334 0.0129636 0.00807203 0.0101804 0.0225087 0.0204734 0.0245278 0.0335321 0.0266181 0.0146243 0.0145107 0.0128484 0.0117045 0.0134395 0.0188625 0.0265845 0.0230773 0.0256554 0.0279094 0.0259552 0.0351145 0.0492231 0.043622 0.0751812 0.156551 0.0682248 0.0376169 0.0292923 0.0276776 0.0245896 0.0260986 0.02825 0.0302162 0.0324991 0.0273456 0.0255493 0.0261526 0.017455 0.0178631 0.015442 0.030315 0.0321076 0.0291645 0.0297782 0.0310502 0.0372477 0.0349026 0.0241853 0.0306782 0.022063 0.0157988 0.0189087 0.0286736 0.0311388 0.0295941 0.0166159 0.0153546 0.0090811 
0.000416597 0.00228991 0.0119577 0.0144897 0.014096 0.0115738 0.0146772 0.0134475 0.012689 0.0157239 0.00938935 0.00815365 0.0113159 0.00985389 0.0247766 0.0358464 0.0360778 0.0362353 0.0286514 0.0247602 0.0258514 0.033547 0.0232788 0.0207872 0.0132641 0.0155616 0.0141811 0.0102811 0.0180794 0.0416981 0.0260105 0.0168288 0.0214089 0.0272212 0.0731675 0.136929 0.0886188 0.0433461 0.0325826 0.0237282 0.0225538 0.0287579 0.030276 0.0310036 0.0283101 0.0192684 0.013681 0.0191851 0.0176117 0.0168558 0.0177639 0.0177468 0.0226385 0.0305426 0.036179 0.0376535 0.0405949 0.0329072 0.0198099 0.0200011 0.015297 0.012896 0.0269426 0.0251546 0.0247179 0.0164599 0.0178073 0.0179191 0.00673121 
0.000207304 0.000484745 0.00848686 0.0160435 0.0164445 0.011832 0.0108479 0.0139399 0.0255676 0.019394 0.0149948 0.00846118 0.00625809 0.0103267 0.025662 0.025207 0.0307898 0.0409641 0.031313 0.0249964 0.0241546 0.0258814 0.0254971 0.0209372 0.0167483 0.0111709 0.0150016 0.0147779 0.0289973 0.0521261 0.0334331 0.0171148 0.0146194 0.0133868 0.0145671 0.0295304 0.0771421 0.0710809 0.0216093 0.0121815 0.0142306 0.013276 0.0202489 0.0157671 0.0137473 0.0178192 0.0138359 0.0120653 0.0156959 0.013801 0.0127319 0.0166601 0.0153593 0.0217349 0.02825 0.0294602 0.024726 0.0224667 0.0252269 0.0184415 0.0174459 0.0213732 0.023744 0.0235005 0.020797 0.0282991 0.0191154 0.0143086 0.00406681 
4.63207e-06 5.91101e-06 0.00265769 0.0118583 0.0160745 0.0125299 0.014394 0.01537 0.0249756 0.0124614 0.0134374 0.0105798 0.00748895 0.010768 0.0188618 0.0141448 0.0172496 0.0247185 0.026296 0.0232082 0.0203261 0.0192627 0.021079 0.0238413 0.0126877 0.0065769 0.0171013 0.0184151 0.0269738 0.0233348 0.0222241 0.0153117 0.0173217 0.0220219 0.0199066 0.0136797 0.0184876 0.0154036 0.0129889 0.0134817 0.0116146 0.0109464 0.011803 0.0183538 0.0158687 0.0200723 0.0195261 0.0146677 0.0137955 0.0102506 0.0154831 0.0223843 0.0237608 0.0210905 0.0210038 0.025521 0.0212221 0.0224198 0.0213153 0.0187932 0.0153068 0.0185573 0.0205654 0.0310872 0.0282451 0.03573 0.0205819 0.0145214 0.00356904 
2.14408e-05 0 0.000193669 0.00251483 0.00814679 0.0111597 0.0153522 0.0126236 0.0130428 0.0192701 0.0181178 0.0120784 0.00842628 0.00966209 0.0112949 0.0119905 0.0147971 0.02438 0.0316162 0.0256015 0.0190614 0.0161971 0.0138409 0.017329 0.0120063 0.0154279 0.0172701 0.0180678 0.0174763 0.0123626 0.0175146 0.0163289 0.0156269 0.0219177 0.0192607 0.0154801 0.0151424 0.0136281 0.0146719 0.0158829 0.0184994 0.0168379 0.0163368 0.0179649 0.0168955 0.0143807 0.013589 0.0146461 0.0163977 0.0183386 0.0151818 0.0259941 0.0262226 0.0303792 0.026155 0.0210446 0.0150279 0.0231975 0.0243147 0.0177236 0.00841029 0.0168357 0.017303 0.018031 0.0281749 0.0262508 0.0229506 0.0125083 0.00312821 
0 0.000384779 0.00257525 0.00911519 0.0189689 0.0187943 0.0170028 0.01002 0.0152547 0.0201768 0.0148583 0.0105356 0.00870884 0.00751469 0.00964501 0.0108987 0.0183977 0.0300533 0.0354406 0.0242677 0.0172904 0.0133766 0.0123952 0.0150609 0.0134123 0.019679 0.0145091 0.0192058 0.0155495 0.0197145 0.0170769 0.0159233 0.0160233 0.017789 0.0202183 0.0163845 0.0174717 0.0136171 0.0150588 0.0136429 0.0215702 0.0203563 0.0223656 0.0174912 0.0152292 0.017043 0.0145408 0.0109742 0.0150995 0.0186533 0.0145285 0.0235236 0.0333285 0.0518245 0.0241692 0.01958 0.0147596 0.0227071 0.0257568 0.018101 0.0135682 0.0242341 0.0296986 0.0188095 0.035835 0.0387368 0.0280289 0.014681 0.00392599 
1.84763e-06 0.0024717 0.0136991 0.0230379 0.0217541 0.0148792 0.0174133 0.0110589 0.0177426 0.0126449 0.00853535 0.0117537 0.0105721 0.0150658 0.0149511 0.016476 0.0218215 0.0208481 0.019076 0.0204028 0.018966 0.0135184 0.013143 0.0113612 0.0138293 0.0147317 0.0200079 0.0197134 0.0198209 0.0301663 0.025128 0.0249 0.0205058 0.0193462 0.0216322 0.0205454 0.0184204 0.0173768 0.0102784 0.0110507 0.0187406 0.0244464 0.0228725 0.0255265 0.0198473 0.0236278 0.017505 0.0158422 0.0119631 0.0127842 0.0159476 0.0193007 0.0217239 0.0416981 0.0240491 0.0203056 0.0143241 0.0170751 0.0215176 0.0219607 0.0243518 0.0224324 0.0221567 0.0289673 0.026694 0.0317071 0.0348126 0.0153002 0.00178235 
3.39352e-05 0.00425811 0.013977 0.0167044 0.0167248 0.0172174 0.0185673 0.0169958 0.0140246 0.0114997 0.00957676 0.0105837 0.0176553 0.0180696 0.0190805 0.0245142 0.0220678 0.0197097 0.019868 0.0213294 0.0165432 0.0111748 0.0115586 0.0104885 0.0136216 0.0160557 0.013307 0.0138733 0.0200872 0.0264033 0.0370619 0.0318769 0.020332 0.0163491 0.0201839 0.0178117 0.0152455 0.0288212 0.0212218 0.0267871 0.0228137 0.026607 0.0251234 0.0320781 0.0298052 0.0322648 0.0217869 0.0197392 0.0185174 0.0140572 0.0193626 0.0204349 0.0264852 0.0234154 0.0203678 0.0247486 0.0173329 0.0123761 0.0152929 0.0206634 0.0212759 0.0246202 0.0241322 0.0206907 0.0220946 0.0215167 0.0376221 0.0199285 0.00134336 
0 0.00217355 0.0110485 0.0172615 0.0144911 0.0157635 0.0128399 0.0130185 0.00643142 0.00934648 0.0157246 0.0157764 0.0212285 0.0211 0.0173322 0.0186555 0.0205346 0.0158811 0.0203477 0.0197003 0.00805212 0.00930377 0.0113542 0.0125095 0.0127238 0.0139962 0.0145892 0.014895 0.0150038 0.0166581 0.0238503 0.0180411 0.0198947 0.0207589 0.0231302 0.0253765 0.01889 0.0253828 0.0339421 0.0366874 0.0243602 0.024494 0.0314577 0.0231047 0.0185737 0.0189946 0.0310282 0.0255758 0.0175764 0.0174903 0.0256791 0.0268438 0.0288175 0.0235946 0.0282311 0.0222102 0.018108 0.0141833 0.0170956 0.0247032 0.0246389 0.0321173 0.0271014 0.0249227 0.0308563 0.0398044 0.0332228 0.0241659 0.00415036 
0 0.000779142 0.00602046 0.0139035 0.0155305 0.0235525 0.0186151 0.0152004 0.0129794 0.0100789 0.0112274 0.0172388 0.0262272 0.0212098 0.0162633 0.0141327 0.0178951 0.0121953 0.0189668 0.0171095 0.00975667 0.0131677 0.011611 0.014689 0.01112 0.0125371 0.0096182 0.0138487 0.0111109 0.0102288 0.0180384 0.0241817 0.0210538 0.0249887 0.0288535 0.0403124 0.0269893 0.0197927 0.0235869 0.0233178 0.02148 0.0239013 0.0223743 0.020685 0.0153431 0.017665 0.0334816 0.0242861 0.0277174 0.0248151 0.0273365 0.0324478 0.0229783 0.02349 0.0207174 0.0143641 0.0161642 0.0136981 0.0188893 0.0172872 0.0230749 0.041222 0.0321155 0.0328973 0.0284869 0.0285322 0.0248381 0.0151044 0.00178203 
0 0.000348903 0.00418063 0.0156993 0.0163074 0.0151827 0.0219586 0.0172486 0.0126025 0.0110575 0.0110959 0.0195068 0.0235332 0.0194209 0.0205395 0.0152626 0.0167398 0.0195001 0.0227419 0.0179868 0.0160756 0.0134987 0.0103871 0.0128043 0.0127302 0.0150089 0.013246 0.0135737 0.0156378 0.0135128 0.0127341 0.017351 0.0184051 0.0174017 0.0341944 0.0717558 0.0374711 0.018931 0.0135299 0.0138639 0.0158338 0.0163441 0.0186653 0.0208789 0.0208724 0.0189058 0.0222663 0.0230537 0.0292744 0.0203607 0.0187962 0.0250124 0.0249161 0.0249909 0.0151768 0.011934 0.0195316 0.0177503 0.0235169 0.0244229 0.0313428 0.0502069 0.0417133 0.0297303 0.01863 0.0216419 0.0214891 0.00544831 3.62264e-05 
0 0.000154749 0.0050277 0.0157173 0.0174459 0.0189822 0.0207678 0.0160969 0.0140506 0.0131224 0.0111138 0.0141332 0.020161 0.0155638 0.0217822 0.0173332 0.0108936 0.0195672 0.0143783 0.0144248 0.0193758 0.0175478 0.0154063 0.015788 0.0140889 0.0131863 0.0121367 0.0110402 0.0141137 0.0161038 0.0158521 0.0166214 0.0161809 0.0181965 0.0183942 0.0449185 0.0329203 0.0187159 0.0138975 0.0134118 0.0121733 0.00769436 0.0119056 0.0119331 0.0199034 0.0273234 0.0303473 0.0211475 0.0182866 0.0217059 0.0167303 0.0186791 0.0254662 0.0245404 0.0171373 0.0196338 0.0215133 0.022585 0.0213544 0.0218056 0.0316193 0.0400579 0.0371107 0.040229 0.0307692 0.0174872 0.0133529 0.00468151 1.23296e-05 
0 0 0.00418246 0.0115229 0.0145354 0.017389 0.0208263 0.0187846 0.0137309 0.0121722 0.0110923 0.0120427 0.0143205 0.0257973 0.0291763 0.0254467 0.0158935 0.0119158 0.00927096 0.0116371 0.0121389 0.0148038 0.016066 0.0149066 0.0194445 0.0196014 0.0164838 0.0168189 0.0191022 0.0235924 0.0227136 0.0195017 0.0142398 0.0181852 0.0184915 0.0236703 0.0220849 0.0191078 0.0126526 0.0087411 0.00851918 0.00694623 0.0123096 0.0166011 0.0207058 0.0222672 0.0239533 0.0222697 0.0244555 0.027971 0.0189479 0.0179549 0.0138309 0.0137864 0.0171001 0.0279564 0.026916 0.0242994 0.0266257 0.0204476 0.0209277 0.0306716 0.0417917 0.0477216 0.0349083 0.0183076 0.00876167 0.00210414 0 
0 0 0.00115265 0.00964702 0.0169034 0.0227273 0.0176409 0.0187446 0.0181902 0.0176529 0.0157887 0.0150207 0.0141794 0.0276928 0.0320482 0.0212126 0.0122767 0.013165 0.0133589 0.00858792 0.00839897 0.019462 0.025803 0.0195743 0.0159354 0.0151592 0.0182961 0.0225309 0.0232075 0.0241282 0.0167224 0.0149862 0.0140345 0.0197625 0.017539 0.0197315 0.0193417 0.0184582 0.0113705 0.00792916 0.00845786 0.00351994 0.00626569 0.0235783 0.0289394 0.0256393 0.0230106 0.0203702 0.0236906 0.0213793 0.0184992 0.0237451 0.0202002 0.0178288 0.0222679 0.0305508 0.0292611 0.0255742 0.0267365 0.0288812 0.0237351 0.0309702 0.0436413 0.0349452 0.0209382 0.0109769 0.00380017 0.00011574 0 
0 0 0.00010684 0.00669963 0.022482 0.0232933 0.0233664 0.0194048 0.0203352 0.0167664 0.0136161 0.0129722 0.0149817 0.0176979 0.0266447 0.0149364 0.0126518 0.0136448 0.010881 0.0124131 0.0113686 0.0151759 0.0204719 0.00815938 0.00842613 0.0101287 0.0134581 0.016366 0.0114157 0.010663 0.0125663 0.0101566 0.0110612 0.0127616 0.0129269 0.013963 0.020705 0.0213156 0.0152494 0.00904985 0.0118112 0.0127656 0.0117922 0.0212346 0.0224649 0.0218143 0.0246573 0.0257403 0.0250294 0.0243344 0.027387 0.0204304 0.0153578 0.0163651 0.0250068 0.0327071 0.0343984 0.0298214 0.0258775 0.0230411 0.0238534 0.0249548 0.0217106 0.0147521 0.00678649 0.00176084 0.00115253 4.83104e-05 0 
0 0 0 0.00264794 0.0146955 0.0215603 0.0224339 0.0225194 0.0196482 0.0165968 0.01133 0.0102707 0.0101731 0.00998971 0.0194919 0.0104136 0.00809544 0.0116146 0.00923347 0.00941945 0.012798 0.013519 0.0180528 0.0157283 0.011387 0.0067634 0.00713986 0.0115343 0.0122739 0.00952078 0.0135581 0.0140968 0.0125016 0.0087527 0.0185641 0.0270817 0.0281129 0.0244331 0.0222941 0.0123629 0.0188174 0.0137212 0.0127818 0.0202022 0.028054 0.025983 0.0221436 0.0216001 0.0225433 0.0269997 0.0252262 0.0241875 0.0206578 0.0225353 0.0257322 0.0333197 0.0349816 0.0264095 0.0173345 0.0137011 0.0152975 0.0096196 0.00572078 0.00685503 0.00534071 0.00348359 0.000806782 0 0 
0 0 0 0.000417689 0.0148322 0.0335296 0.025607 0.0196621 0.0174007 0.0219494 0.0154721 0.00974824 0.0114042 0.00953263 0.00554576 0.00362192 0.00184255 0.00603604 0.00431339 0.00249486 0.00802377 0.0126827 0.0190071 0.0193278 0.00846213 0.0020701 0.00375219 0.00976063 0.00788003 0.00627719 0.00864384 0.0116719 0.0111406 0.00955154 0.0177771 0.0232775 0.0330836 0.0223891 0.0138297 0.00911783 0.0180645 0.0169929 0.00854934 0.0163399 0.0210411 0.0198213 0.0220919 0.018732 0.0212437 0.0246817 0.0255936 0.0213124 0.0292975 0.0362896 0.0391055 0.0365325 0.0369594 0.0213336 0.0174533 0.0167239 0.0195225 0.0149382 0.014607 0.0146806 0.00738845 0.000515975 0 0 0 
0 0 0 0 0.00593926 0.0246395 0.0244462 0.0207289 0.0183496 0.0164906 0.00875012 0.00597766 0.00421605 0.00985357 0.0168318 0.00881258 0.00172592 0.00430112 0.00705036 0.00367881 0.00742913 0.0125523 0.0127278 0.0234187 0.0191901 0.00570481 0.0125505 0.0173805 0.0154427 0.0109345 0.0112847 0.0140616 0.0162432 0.00978047 0.0136016 0.0234346 0.0235634 0.016637 0.0129142 0.00959384 0.0119672 0.0175721 0.0113892 0.0135813 0.0134413 0.0198264 0.0248154 0.0203967 0.0219452 0.0208755 0.0191511 0.0223903 0.0283887 0.0352024 0.0479102 0.0415407 0.0228742 0.0190214 0.0227912 0.0225953 0.0196606 0.0179838 0.0162995 0.0145281 0.00323013 4.71984e-06 0 0 0 
0 0 0 0 0.000189558 0.0069231 0.0232404 0.0260992 0.0178154 0.0193087 0.0211163 0.0188297 0.0117718 0.0171199 0.0272134 0.0183576 0.00650039 0.00653093 0.0172473 0.0136176 0.0126132 0.00911936 0.0116876 0.017398 0.0129894 0.00973871 0.0163599 0.0209051 0.0259387 0.0211204 0.0130493 0.0148009 0.0208506 0.0139869 0.0146395 0.0141516 0.0131348 0.0135338 0.0134028 0.010453 0.0129718 0.0303384 0.0287254 0.0233439 0.0138885 0.0132382 0.0245126 0.025137 0.0241533 0.021324 0.0160304 0.0181882 0.026175 0.0311778 0.0389314 0.0297895 0.0165537 0.0179427 0.0236251 0.0165704 0.00737282 0.00475178 0.00722413 0.0052709 0.00128084 2.2536e-06 0 0 0 
0 0 0 0 0 0.00291538 0.0159651 0.0310765 0.0264056 0.0243853 0.0386137 0.0276967 0.0207709 0.021477 0.0242177 0.0254707 0.0121544 0.00670276 0.0115092 0.0138326 0.0159914 0.00870594 0.013461 0.0230525 0.0155212 0.0102534 0.0156092 0.0456728 0.0999184 0.0818496 0.0170038 0.00958289 0.0148912 0.0156121 0.0200668 0.022325 0.0138045 0.0147796 0.0159393 0.00772513 0.0155166 0.0398553 0.0364706 0.0252123 0.0165173 0.0182801 0.023467 0.0266964 0.0260359 0.0192522 0.0183134 0.024397 0.0282481 0.0288802 0.0292333 0.0265505 0.0177565 0.0159999 0.0243163 0.015007 0.00604897 0.00668975 0.00240984 0.00241876 0.00014102 0 0 0 0 
0 0 0 0 0 0.000307311 0.00596097 0.0199168 0.0236588 0.0179397 0.0270045 0.0212124 0.0235964 0.0198226 0.017714 0.0196409 0.015965 0.00314188 0.00373106 0.00546057 0.00769412 0.00562112 0.0117018 0.0160343 0.0176957 0.0127185 0.0142963 0.045301 0.107899 0.0777168 0.015405 0.00689906 0.00996457 0.0153406 0.0281178 0.0299787 0.0156268 0.0149644 0.0136857 0.0114631 0.0109815 0.00989103 0.0168228 0.0108929 0.0087763 0.0147702 0.0178093 0.0303329 0.0225693 0.017894 0.0241843 0.0286256 0.0410256 0.0352657 0.0276167 0.0196737 0.0117221 0.018791 0.0249552 0.0218943 0.0216128 0.0189958 0.00343318 0 0 0 0 0 0 
0 0 0 0 0 0 6.93601e-05 0.00215569 0.0141685 0.0218107 0.0154117 0.012337 0.0161172 0.0144869 0.0123442 0.0202229 0.0151415 0.00504671 0.00969365 0.00794318 0.00314746 0.00398445 0.0084762 0.0137837 0.0180505 0.00918221 0.00986478 0.0137177 0.027264 0.0209485 0.0110739 0.0101361 0.010299 0.0123541 0.0166271 0.0173161 0.0116394 0.01369 0.0113696 0.0159599 0.00755541 0.00522733 0.00686695 0.0127681 0.00465409 0.00962861 0.0198263 0.0301264 0.0236854 0.0170739 0.0338992 0.024616 0.0282554 0.027804 0.024095 0.0266363 0.0178186 0.0141448 0.0246262 0.0301591 0.0311031 0.0203898 0.00216001 0 0 0 0 0 0 
0 0 0 0 0 0 0 0.000238628 0.0013756 0.01135 0.014422 0.0125488 0.0139918 0.0166928 0.0169936 0.0201427 0.0191055 0.0207771 0.0307589 0.012892 0.00618872 0.0124329 0.0127453 0.0105366 0.0168044 0.0143555 0.0100848 0.00282239 0.008042 0.015188 0.0147703 0.0161588 0.0135608 0.00547804 0.00710442 0.00327701 0.00750146 0.0102861 0.00660495 0.0074283 0.00850981 0.00696885 0.00527483 0.00576994 0.00563968 0.0064657 0.011517 0.0199329 0.0217927 0.022466 0.028259 0.023038 0.0161094 0.0158615 0.0278134 0.0252549 0.0161669 0.00907886 0.0121283 0.0198026 0.0131068 0.00606105 0.00100578 0 0 0 0 0 0 
0 0 0 0 0 0 0 6.64599e-05 0.000137532 0.00463433 0.00985957 0.012867 0.00861753 0.0138647 0.0184302 0.0260529 0.0233997 0.0184285 0.0223136 0.0108439 0.007214 0.0163614 0.0157354 0.0116826 0.0134541 0.0108752 0.00857534 0.00755146 0.0118038 0.0169398 0.0142377 0.0190034 0.0173427 0.00597759 0.00289306 0.00122559 0.00924738 0.0115893 0.00747697 0.00483223 0.00669893 0.00822858 0.00658264 0.00388647 0.00629438 0.0100748 0.0119918 0.0173401 0.0237257 0.0213383 0.0201992 0.0222466 0.0192947 0.0155103 0.0214831 0.01487 0.0116769 0.0144717 0.0152805 0.0162492 0.00745966 0.00306148 1.44824e-05 0 0 0 0 0 0 
0 0 0 0 0 0 0 0 0 0.00165123 0.00491125 0.00735088 0.00926461 0.0185247 0.0183018 0.0214304 0.019347 0.0134786 0.0113627 0.00729755 0.00614256 0.0180952 0.0226027 0.0257718 0.0151536 0.0103227 0.00845768 0.0111762 0.0226784 0.0206465 0.0207135 0.018918 0.01811 0.0158634 0.00712586 0.00631455 0.012918 0.012028 0.00995752 0.0254379 0.0232274 0.0145214 0.00914239 0.00739755 0.00958323 0.0119745 0.0109377 0.0195956 0.0175769 0.0179422 0.0214363 0.025552 0.0177262 0.0126457 0.0160784 0.016509 0.0213873 0.0285843 0.0266873 0.0161997 0.00323992 0.000345847 0 0 0 0 0 0 0 
0 0 0 0 0 0 0 0 0 0.000142508 0.000529166 0.000595485 0.00770495 0.0152554 0.0229959 0.0218858 0.0228578 0.0105607 0.0126327 0.0146478 0.00209971 0.00976275 0.0201874 0.0343398 0.0274002 0.0149927 0.0110708 0.0119017 0.0173018 0.0258476 0.025198 0.0259803 0.0248631 0.0181949 0.0108717 0.0163036 0.0176752 0.00750496 0.0102102 0.0391391 0.0386593 0.020098 0.0106953 0.00531705 0.0120391 0.0134093 0.0130617 0.0184567 0.0178225 0.0196417 0.0225271 0.0201179 0.0239104 0.0151536 0.0204458 0.0322381 0.030778 0.0290946 0.0273025 0.00479251 0.000148198 0 0 0 0 0 0 0 0 
0 0 0 0 0 0 0 0 0 0 0 0.000373503 0.004049 0.00864802 0.0167369 0.0201431 0.0206941 0.0165867 0.0229738 0.0207172 0.00260039 0.0125519 0.0223295 0.028461 0.0212612 0.013354 0.0133358 0.0183323 0.0145698 0.0263788 0.0226258 0.0302036 0.0296271 0.0184849 0.0154134 0.0142004 0.0211008 0.0109958 0.0044017 0.0118582 0.0206336 0.013897 0.00955381 0.00957342 0.0139379 0.0171284 0.0127413 0.0150507 0.0171083 0.0204294 0.0220681 0.0205771 0.0239115 0.0189239 0.0244533 0.0307778 0.0287775 0.0231665 0.00979994 0.000321923 0 0 0 0 0 0 0 0 0 
0 0 0 0 0 0 0 0 0 0 0 3.94135e-05 0.000742704 0.00276496 0.0110328 0.0135705 0.0137042 0.0141697 0.0215046 0.0236987 0.00490523 0.0174384 0.0283317 0.0262211 0.0227087 0.0212455 0.0177439 0.0267301 0.0179787 0.0111232 0.0199548 0.0294799 0.0313927 0.027326 0.0147496 0.0137045 0.0213663 0.0143231 0.002296 0.000947272 0.0028866 0.00764803 0.0117426 0.00811511 0.013232 0.0135763 0.0145898 0.0124862 0.0100079 0.0159566 0.0215972 0.0148492 0.022066 0.0271369 0.0266902 0.0197035 0.00798041 0.00149187 0.000350813 0 0 0 0 0 0 0 0 0 0 
0 0 0 0 0 0 0 0 0 0 0 0 0 0.000258693 0.00386617 0.00771732 0.013396 0.0130111 0.0307364 0.0289523 0.0085933 0.00990137 0.0172955 0.0147328 0.012491 0.0141364 0.0220167 0.0271401 0.0136127 0.0135478 0.0196181 0.0236695 0.0304223 0.0224185 0.0133768 0.0182158 0.0175252 0.015287 0.0056113 0.00163237 0.00141951 0.00866165 0.0147671 0.0114382 0.00787896 0.00879385 0.0139223 0.0134737 0.00902875 0.0091143 0.0161 0.0220678 0.0220851 0.0223608 0.0177095 0.00994059 0.00229334 0 0 0 0 0 0 0 0 0 0 0 0 
0 0 0 0 0 0 0 0 0 0 0 0 0 0 8.98779e-05 0.0030821 0.0133445 0.0122929 0.0360199 0.0332052 0.0215177 0.00429131 0.00366464 0.00521549 0.00641391 0.0106756 0.016573 0.0196609 0.0226515 0.0185118 0.0290195 0.0252876 0.0270163 0.0230454 0.0139872 0.022249 0.0215759 0.0120693 0.0110013 0.00598588 0.000923658 0.00307368 0.0124546 0.0138331 0.00877449 0.00484904 0.00974165 0.00789623 0.00463529 0.00313023 0.00728343 0.0147392 0.0164783 0.013911 0.00598486 0.00132912 3.54097e-05 0 0 0 0 0 0 0 0 0 0 0 0 
0 0 0 0 0 0 0 0 0 0 0 0 0 0 0 0.000488075 0.00407315 0.00885633 0.0187486 0.02176 0.0076988 0.000327945 9.32965e-06 0.00228591 0.010275 0.0144828 0.0201899 0.0201053 0.0227134 0.0186609 0.0259164 0.0225686 0.0284366 0.0245057 0.0200372 0.0291854 0.0338688 0.0156469 0.0117509 0.0096784 0.00466947 0.00630235 0.00865864 0.00727026 0.00903693 0.00173057 0.00277999 0.00209648 0.000362612 0.00136435 0.0037513 0.00723842 0.00971834 0.00487067 0.000677099 6.56759e-06 0 0 0 0 0 0 0 0 0 0 0 0 0 
0 0 0 0 0 0 0 0 0 0 0 0 0 0 0 0 4.8699e-05 0.000540133 0.00426328 0.00256624 0.000144269 0 7.79568e-05 0.00522547 0.0174508 0.0217356 0.0185346 0.0253533 0.0218951 0.0169301 0.0258844 0.0235957 0.0252489 0.0252202 0.0222704 0.0217132 0.0222555 0.0165031 0.0103006 0.0120778 0.00787637 0.00960385 0.0118531 0.00691555 0.00536121 0.00496022 0.006471 0.0105811 0.00102845 0 0.000405468 0.00217101 0.00180065 0.000145338 0 0 0 0 0 0 0 0 0 0 0 0 0 0 0 
0 0 0 0 0 0 0 0 0 0 0 0 0 0 0 0 0 0 0 0 0 0.000415232 0.00292443 0.00788431 0.0185546 0.0148332 0.0168925 0.0203837 0.0225458 0.0181804 0.0245339 0.0196909 0.0167044 0.0160396 0.0155667 0.0145266 0.0127939 0.0130628 0.0109639 0.0155602 0.0114101 0.010243 0.0120754 0.00976675 0.00432669 0.0028895 0.00921877 0.0259057 0.00542907 0 0 0 0 0 0 0 0 0 0 0 0 0 0 0 0 0 0 0 0 
0 0 0 0 0 0 0 0 0 0 0 0 0 0 0 0 0 0 0 0 0 0.000656195 0.00376222 0.00592085 0.0101405 0.00818634 0.012687 0.0241663 0.0222124 0.0229383 0.0220527 0.0178505 0.0170294 0.0114403 0.00682703 0.00645075 0.0149027 0.0149449 0.0147485 0.0164098 0.0088291 0.0123984 0.0172574 0.013446 0.00316791 0.00292926 0.00470619 0.00765378 0.00100988 0 0 0 0 0 0 0 0 0 0 0 0 0 0 0 0 0 0 0 0 
0 0 0 0 0 0 0 0 0 0 0 0 0 0 0 0 0 0 0 0 0 0 3.55955e-06 0.00030617 0.00157485 0.00126955 0.00506155 0.0170228 0.0225586 0.0158106 0.0105 0.00630458 0.00602461 0.00468791 0.0027382 0.00267128 0.00720812 0.00630383 0.0114129 0.010304 0.0121389 0.0130359 0.0152731 0.00843531 0.0021007 0.00088971 8.84297e-05 0 0 0 0 0 0 0 0 0 0 0 0 0 0 0 0 0 0 0 0 0 0 
0 0 0 0 0 0 0 0 0 0 0 0 0 0 0 0 0 0 0 0 0 0 0 0 0 9.39828e-05 0.000704189 0.00252065 0.00667077 0.00203934 0.000857818 0.000348954 0.000276681 0.000341288 4.1846e-05 0.000322119 0.000443124 0.000616808 0.00526786 0.00573727 0.0045448 0.00380584 0.00215 0.00154364 3.97552e-05 0 0 0 0 0 0 0 0 0 0 0 0 0 0 0 0 0 0 0 0 0 0 0 0 

