0 0 0 0 0 0 0 0 0 0 0 0 0 0 0 0 0 0 0 0 0 0 0 0 0 0 0 0 0 0 0 0 0 3.25152e-05 0.000261381 0.000960708 0.000848365 0.000896033 0.000816404 3.20824e-05 2.1671e-05 0 0 0 0 0 0 0 0 0 0 0 0 0 0 0 0 0 0 0 0 0 0 0 0 0 0 0 0 
0 0 0 0 0 0 0 0 0 0 0 0 0 0 0 0 0 0 0 0 0 0 0 0 0 3.35099e-05 0.000396976 0.000754953 0.00120241 0.000693461 0 1.94989e-05 0.00112554 0.00885938 0.00977643 0.0128605 0.0114109 0.0132902 0.0088057 0.00433748 0.00783697 0.00129943 0.000338801 0 0 0 0 0 0 0 0 0 0 0 0 0 0 0 0 0 0 0 0 0 0 0 0 0 0 
0 0 0 0 0 0 0 0 0 0 0 0 0 0 0 0 0 0 0 0 0 0 0 0.00101064 0.0043642 0.00478763 0.00629358 0.00730116 0.01132 0.0070139 0.000515244 0.00103034 0.0090143 0.0293494 0.0285826 0.0138775 0.0049926 0.0154535 0.0133315 0.0114061 0.0137901 0.00770062 0.000618249 0 0.000212053 0.000148695 0.000523422 6.10108e-05 0 0 0 0 0 0 0 0 0 0 0 0 0 0 0 0 0 0 0 0 0 
0 0 0 0 0 0 0 0 0 0 0 0 0 0 0 0 0 0 0 0 0.000247191 0.000965277 0.00256217 0.00937401 0.0156254 0.014816 0.0138541 0.0126447 0.0170074 0.0112074 0.00426421 0.006788 0.00761817 0.0139971 0.014739 0.00717544 0.00445769 0.0150938 0.0205763 0.0168634 0.0213388 0.01412 0.00144407 3.68188e-05 0.00156541 0.00463123 0.00753516 0.00298743 0.000418927 0 0 0 0 0 0 0 0 0 0 0 0 0 0 0 0 0 0 0 0 
0 0 0 0 0 0 0 0 0 0 0 0 0 0 0 0 0 0 0 8.75444e-05 0.00186362 0.00253778 0.00100626 0.00809328 0.0151249 0.0171688 0.0185151 0.0156996 0.0234807 0.0224477 0.0165644 0.0109337 0.00859965 0.0131749 0.0138795 0.0157714 0.0128485 0.0172579 0.0230179 0.0253012 0.0179117 0.0120126 0.00210074 0.000673164 0.0025828 0.00812631 0.0107215 0.00869589 0.00381434 0.0009035 9.28437e-05 0 0 0 0 0 0 0 0 0 0 0 0 0 0 0 0 0 0 
0 0 0 0 0 0 0 0 0 0 0 0 0 0 0 0 0 0 0.00113913 0.00309879 0.00246 0.00152132 0.00461962 0.0076104 0.0145495 0.0186682 0.0227909 0.0171408 0.0215436 0.0198829 0.0221659 0.0225902 0.0160724 0.0199572 0.0211959 0.0163296 0.0236766 0.0234024 0.0251867 0.0224019 0.0164725 0.0160388 0.00547384 0.00466583 0.00898998 0.00729307 0.0121065 0.00835839 0.00251182 0.00106016 0.00438086 0.00583334 0.00161025 2.57481e-05 0 0 0 0 0 0 0 0 0 0 0 0 0 0 0 
0 0 0 0 0 0 0 0 0 0 0 0 0 0 0 0 0 8.16093e-05 0.00646936 0.0077449 0.00466085 0.00469765 0.00975218 0.0163112 0.0127546 0.0154947 0.0197407 0.0240111 0.0246403 0.0213181 0.0206005 0.0172563 0.0127146 0.0176719 0.0240186 0.0194434 0.0216658 0.0239451 0.0243324 0.0224559 0.0209874 0.0255832 0.0114264 0.00669081 0.00715015 0.00922392 0.0117139 0.00941622 0.008575 0.011543 0.0189807 0.0192201 0.00987108 0.00253542 0.000104663 0 0 0 0 0 0 0 0 0 0 0 0 0 0 
0 0 0 0 0 0 0 0 0 0 0 0 0 0 0 0 0 0.000645727 0.0100359 0.0171253 0.0128645 0.00932805 0.0130094 0.0137377 0.00914733 0.0138056 0.0231007 0.02675 0.0303419 0.0299779 0.0229995 0.0163803 0.0189822 0.0264771 0.0204391 0.0246285 0.0249254 0.022475 0.0234816 0.0264535 0.0182852 0.017615 0.0102013 0.00616359 0.00896586 0.012328 0.0155205 0.0138502 0.0165639 0.0129454 0.018088 0.0155225 0.0129755 0.00916949 0.00138336 5.49581e-05 0 0 0 0 0 0 0 0 0 0 0 0 0 
0 0 0 0 0 0 0 0 0 0 0 0 2.68241e-05 0.00147235 0.00185669 0.000207448 0 0.00167835 0.00810752 0.0143102 0.00933181 0.00478291 0.00670198 0.010987 0.0166236 0.0192624 0.022757 0.0315205 0.0297103 0.0363945 0.0278689 0.0144742 0.0231252 0.0289218 0.023624 0.0254502 0.0187521 0.0311434 0.0277553 0.025059 0.0221393 0.0156326 0.00987748 0.00484219 0.0087676 0.0138352 0.0125161 0.0136985 0.0217086 0.0268704 0.0135354 0.012869 0.0132262 0.0138557 0.00664361 0.00108795 9.82654e-05 0 0 0 0 0 0 0 0 0 0 0 0 
0 0 0 0 0 0 0 0 0 0 0 5.02891e-05 0.00316938 0.0142115 0.0179657 0.00653051 0.00109376 0.000174157 0.00201842 0.00790179 0.00449841 0.00534258 0.0104275 0.019406 0.0239113 0.0244379 0.0237219 0.0229384 0.0288294 0.030402 0.0186204 0.0104125 0.018623 0.025198 0.0272386 0.0207041 0.0181747 0.0302496 0.0258251 0.02864 0.0265431 0.0153774 0.00825042 0.00473512 0.00970804 0.0127072 0.00966418 0.0110678 0.0295848 0.0711947 0.0230077 0.01803 0.0181551 0.0156639 0.00718213 0.00569798 0.00145917 4.42408e-05 0 0 0 0 0 0 0 0 0 0 0 
0 0 0 0 0 0 0 0 0 0 0.000121305 0.000710805 0.0100942 0.0210893 0.0253851 0.0209815 0.00990319 0.00624032 0.00404187 0.00150344 0.00601408 0.0219452 0.030198 0.0295681 0.0301062 0.0251296 0.0189097 0.0144602 0.0165133 0.00964617 0.0128794 0.0145949 0.0246663 0.0206333 0.0229734 0.0183309 0.0187429 0.0218221 0.0240534 0.0323718 0.0386828 0.0241852 0.0122423 0.00650289 0.00969848 0.0103111 0.00934294 0.0101392 0.0227675 0.0347975 0.0310468 0.0225346 0.0120019 0.01602 0.0145221 0.0157657 0.00568534 0.000752428 0 0 0 0 0 0 0 0 0 0 0 
0 0 0 0 0 0 0 0 0 0.000247829 0.00522328 0.00978853 0.0144022 0.0207472 0.0231296 0.0278788 0.024557 0.0196047 0.0179824 0.0140735 0.0201756 0.0317569 0.0305168 0.026933 0.0280821 0.0154863 0.00872375 0.0100003 0.00668777 0.00332761 0.00893508 0.0316783 0.0287491 0.0368937 0.0251805 0.0217315 0.0238344 0.0192181 0.0175279 0.0255321 0.0307622 0.0229089 0.0194063 0.0142381 0.0106036 0.0103413 0.012881 0.00949929 0.0100245 0.0144567 0.0197842 0.0139377 0.00890065 0.010724 0.011901 0.012797 0.0136027 0.00525357 0.000254517 0.000878631 6.85096e-05 0 0 0 0 0 0 0 0 
0 0 0 0 0 0 0 0 4.09969e-06 0.00331256 0.0133485 0.0201888 0.0197081 0.020137 0.0207677 0.0244698 0.0286094 0.0207118 0.0184131 0.0232091 0.0256709 0.0321979 0.0336505 0.0224363 0.0215371 0.0123412 0.00722333 0.00550697 0.00695177 0.0178072 0.0188097 0.0304771 0.0358265 0.0536612 0.0260693 0.0195613 0.0175324 0.0253892 0.0207345 0.019695 0.0357383 0.0475599 0.0291651 0.0221804 0.012641 0.00997627 0.00875074 0.00862893 0.0110733 0.0129083 0.0149862 0.0170564 0.0132027 0.0108973 0.013316 0.0157339 0.0218149 0.0162969 0.00341274 0.00309493 0.000946641 0.000146449 0 0 0 0 0 0 0 
0 0 0 0 0 0 0 6.33198e-05 0.00259993 0.0102749 0.0217587 0.0207852 0.019252 0.0168859 0.01786 0.0208053 0.0189417 0.0215264 0.0220828 0.0264399 0.0274781 0.0269183 0.030728 0.0247724 0.0213065 0.0215702 0.0146722 0.0128803 0.0179121 0.0192613 0.0235488 0.0319066 0.0338964 0.0351332 0.0280969 0.0193652 0.0165302 0.0190003 0.0178078 0.0130452 0.0279882 0.0362675 0.0296668 0.0257415 0.0156888 0.0145756 0.00986629 0.0126148 0.0168449 0.0174959 0.0146532 0.0227856 0.0173567 0.0126756 0.0105439 0.0115787 0.0205185 0.0190453 0.00483885 0.00417527 0.00366084 0.000981104 0 0 0 0 0 0 0 
0 0 0 0 0 0 2.96252e-05 0.00343742 0.0154601 0.0192397 0.0191235 0.0190866 0.0171048 0.021221 0.0180824 0.0265863 0.0225693 0.0241541 0.0269384 0.0301632 0.0311062 0.0333107 0.0272515 0.0169797 0.0227661 0.0220816 0.0202219 0.0216942 0.0213621 0.0209309 0.0205607 0.0232817 0.0248013 0.0275612 0.0213932 0.0205649 0.0170917 0.0158593 0.0145294 0.0142948 0.019314 0.0235211 0.0278496 0.0274128 0.0176567 0.0129333 0.00771133 0.0127528 0.0134186 0.0130172 0.0117024 0.00985582 0.011809 0.00960304 0.00952097 0.00947846 0.0153013 0.0152557 0.00755097 0.0132594 0.012854 0.0103726 0.00308331 9.82164e-06 0 0 0 0 0 
0 0 0 0 0 0 0.00130967 0.0139263 0.0214364 0.0205909 0.0244471 0.023319 0.0197563 0.0223492 0.0209107 0.0303745 0.0356587 0.0343273 0.0337575 0.0309231 0.0238273 0.0302448 0.0217019 0.0164061 0.0181195 0.0174641 0.0193665 0.013544 0.0177518 0.0202327 0.0176468 0.033586 0.0269808 0.0191926 0.0282058 0.0281966 0.0200121 0.012843 0.0136563 0.0125079 0.0226161 0.0318651 0.0268959 0.0287298 0.0236599 0.0189161 0.0130916 0.00982774 0.0131936 0.0123593 0.0165141 0.0163077 0.00936997 0.00880287 0.0157256 0.0107042 0.0140154 0.015153 0.0123673 0.0153582 0.0188257 0.0183868 0.0117888 0.000614385 0 0 0 0 0 
0 0 0 0 0 0 0.00529247 0.0198689 0.018911 0.0178543 0.0212878 0.0274679 0.0232381 0.0206851 0.0190793 0.0264773 0.0399533 0.0368658 0.0353078 0.0256134 0.0209695 0.0204597 0.0120036 0.0155854 0.0159982 0.014103 0.0116063 0.0147466 0.023216 0.0169108 0.0211072 0.0289789 0.0195702 0.0139271 0.0173123 0.0259427 0.0229908 0.017769 0.023429 0.0172506 0.0243243 0.0257828 0.0150042 0.0249763 0.018813 0.0150706 0.0114312 0.0103698 0.00933135 0.0145815 0.0143866 0.0123205 0.0102501 0.00769579 0.0105673 0.0123275 0.0145324 0.0211429 0.0187951 0.0218665 0.0177165 0.0182557 0.0168432 0.00427945 6.83178e-06 0 0 0 0 
0 0 0 0 0 0.000480713 0.00826173 0.0198338 0.0256457 0.0229381 0.0243485 0.0269294 0.0246846 0.0236061 0.0282476 0.0364635 0.0392513 0.0242783 0.0318535 0.0217438 0.0261432 0.0213583 0.0177443 0.0120437 0.0126641 0.0112209 0.0186514 0.021944 0.0256325 0.0242182 0.0279286 0.0202972 0.0126615 0.0121713 0.0097804 0.0143188 0.0222094 0.0161089 0.0248264 0.0244441 0.0192477 0.0193013 0.0149404 0.0179978 0.018267 0.00929683 0.0123086 0.0261973 0.0228553 0.0200012 0.0164306 0.0123853 0.00998032 0.0114072 0.0080851 0.0125122 0.0184079 0.0242124 0.0217864 0.0189908 0.0178712 0.0144387 0.0190651 0.00953623 0.00146203 2.61756e-06 0 0 0 
0 0 0 0 0 0.000682187 0.0148624 0.0235825 0.020552 0.0265575 0.0245532 0.0208503 0.0206051 0.0265323 0.0299543 0.0291583 0.0319631 0.0229277 0.0301557 0.0324626 0.0269313 0.0218265 0.0186229 0.0120455 0.0143996 0.0135149 0.0225959 0.0264289 0.0181281 0.0272326 0.0265903 0.0163547 0.0115604 0.0141381 0.0117951 0.0196954 0.0262736 0.0211117 0.0336389 0.0272851 0.0147826 0.0174316 0.0128111 0.022155 0.0159433 0.0119833 0.0177639 0.0268649 0.0216438 0.0159778 0.015294 0.0122889 0.0148369 0.0168273 0.0162579 0.0184975 0.0165404 0.0161219 0.0135651 0.0144046 0.0110841 0.0131468 0.0183804 0.00979853 0.00442906 1.03738e-05 0 0 0 
0 0 0 0 4.5063e-05 0.00196077 0.0101452 0.0185682 0.0119736 0.0230935 0.0220258 0.0200422 0.0259686 0.0267027 0.0196021 0.0242509 0.0249259 0.0204123 0.0214871 0.0275735 0.0274294 0.0247534 0.0159771 0.0162077 0.0195822 0.0227777 0.024101 0.0289927 0.017038 0.0208479 0.0264307 0.0171625 0.0128597 0.0140565 0.0172775 0.028954 0.0227287 0.0176497 0.0292089 0.0233534 0.0152827 0.0176479 0.010052 0.0146643 0.0219547 0.0209836 0.0190833 0.018997 0.0163586 0.0125368 0.0138739 0.0129417 0.013232 0.0170355 0.0176908 0.0206258 0.0167044 0.0188377 0.0153264 0.0104544 0.0100244 0.0119748 0.0177506 0.0129334 0.00529617 0 0 0 0 
0 0 0 0 0.00020263 0.000753792 0.00461002 0.0158781 0.0100952 0.0107978 0.0172709 0.0193539 0.0223902 0.0306837 0.0239842 0.0216399 0.0194106 0.0262269 0.0256384 0.0221731 0.0183301 0.0220014 0.0150248 0.0181709 0.0239726 0.0207456 0.0292017 0.0289332 0.0228367 0.0197705 0.0291444 0.0226812 0.0144733 0.0143399 0.0215771 0.0278595 0.0239924 0.0210451 0.0220468 0.0117826 0.0154856 0.0171019 0.0174598 0.0155641 0.0343971 0.0477939 0.0256007 0.0156244 0.00967507 0.00859914 0.0176546 0.0196281 0.0163466 0.0123836 0.0135955 0.0137483 0.0137432 0.0137188 0.018552 0.0174269 0.0119052 0.0112009 0.0130435 0.0147475 0.00334878 0.000314983 0 0 0 
0 0 0 0.000234544 0.00166476 0.00439136 0.00712733 0.0179923 0.0207362 0.0178526 0.0194606 0.0233771 0.0291781 0.0315317 0.0308611 0.0201093 0.0168162 0.0260432 0.026674 0.019729 0.0226927 0.0209211 0.0183275 0.0216219 0.0249361 0.0270024 0.0361575 0.026219 0.026424 0.0326094 0.0294999 0.0233243 0.0152294 0.0180409 0.0238704 0.0271604 0.0191347 0.0241294 0.0241019 0.012427 0.012988 0.0151671 0.0128887 0.0137362 0.0332884 0.0578219 0.0273199 0.0194367 0.0112872 0.0128603 0.0153448 0.0198141 0.0184574 0.0141915 0.0163959 0.0148729 0.0140236 0.0142841 0.0215378 0.0234987 0.0110152 0.00806598 0.00661531 0.00731261 0.00286574 0.00107422 0 0 0 
0 0 0.000380717 0.00746461 0.0129226 0.0203861 0.0228978 0.0250568 0.0280603 0.0232555 0.0177022 0.0205796 0.0255111 0.0240626 0.0231123 0.0160526 0.0185022 0.022498 0.0192397 0.0259878 0.0263891 0.0237349 0.0180743 0.0175544 0.0178165 0.0189759 0.0281362 0.0250187 0.026806 0.0335348 0.0384527 0.0289541 0.0206556 0.015734 0.033503 0.0319541 0.027016 0.0183571 0.0223483 0.0132892 0.015544 0.0142193 0.00962292 0.00687463 0.0173016 0.0204188 0.0272143 0.0231012 0.0107838 0.0170921 0.0146994 0.0178702 0.0234746 0.0175939 0.0235359 0.0200177 0.0161087 0.0216655 0.0159786 0.0187391 0.0169712 0.0143072 0.0109373 0.00578156 0.0014136 0 0 0 0 
0 0 0.00197938 0.0197285 0.0219791 0.0217217 0.0267128 0.0349329 0.0312972 0.0229427 0.0201849 0.0256208 0.025798 0.0240272 0.025167 0.0159163 0.0197323 0.0243882 0.0264139 0.027832 0.0290046 0.0232232 0.0204856 0.0232061 0.0228688 0.0173131 0.0180088 0.0197122 0.0301788 0.0364485 0.0357117 0.0204988 0.0238827 0.0209897 0.0408032 0.028964 0.0230653 0.0194462 0.0220709 0.0174044 0.0282809 0.0195358 0.017961 0.0126495 0.0179606 0.0209869 0.0250922 0.019743 0.011509 0.017986 0.0141918 0.0171754 0.0202078 0.023639 0.0243013 0.0149095 0.0132225 0.0146518 0.016434 0.0160175 0.0176575 0.0181279 0.019126 0.0142112 0.00231118 0.000299467 0.000817586 6.79395e-05 0 
0 0 0.00618338 0.0239848 0.0310356 0.0265238 0.0335082 0.0321242 0.0272617 0.0220196 0.0183456 0.0177928 0.0218764 0.0238073 0.021301 0.0250069 0.0218765 0.0256311 0.0281179 0.0217041 0.0160571 0.0155773 0.0168279 0.0232465 0.0219769 0.0204699 0.0157541 0.0187567 0.0240434 0.0204868 0.0216302 0.0183521 0.0234546 0.0304568 0.0452611 0.0255927 0.0171672 0.0140473 0.0157505 0.0204384 0.020466 0.0238614 0.0272676 0.0266945 0.0263101 0.0265388 0.0272408 0.017381 0.0134583 0.0126099 0.0130092 0.0181954 0.0218861 0.0163283 0.0208128 0.0177092 0.0104671 0.00949985 0.011277 0.0119909 0.0119516 0.0157575 0.0181826 0.0173742 0.00738072 0.00309916 0.00274433 0.000838245 0 
0 4.85381e-05 0.00812242 0.0100156 0.0143223 0.0211891 0.0225379 0.0212556 0.0237242 0.0235134 0.0162797 0.0156727 0.0190774 0.02137 0.023717 0.0246986 0.0169871 0.0168449 0.0226546 0.0194152 0.0176191 0.0182688 0.02626 0.0237081 0.0186068 0.0211853 0.0199493 0.0218302 0.0297303 0.0251905 0.013734 0.0202452 0.025628 0.02794 0.0247189 0.0160875 0.0149395 0.0166963 0.014557 0.0206499 0.030121 0.0353966 0.0439342 0.0406295 0.0252328 0.0251771 0.0227023 0.0205673 0.01967 0.0166761 0.0139387 0.0181927 0.0208619 0.0189561 0.0189216 0.0174512 0.013275 0.0142331 0.00653248 0.00963233 0.0157235 0.0157155 0.0160659 0.0141095 0.0115469 0.0134066 0.00636638 0.00361496 3.17169e-05 
0 0.000592475 0.00476 0.0026055 0.00224307 0.0069154 0.0163439 0.0222602 0.0189823 0.0172902 0.0182891 0.0164804 0.0164511 0.0119617 0.0215108 0.0234907 0.0183744 0.0175776 0.0158315 0.0164589 0.0206279 0.0198333 0.0263221 0.0220554 0.020467 0.0263991 0.020134 0.0176366 0.0205581 0.0193407 0.0165859 0.0266722 0.0214052 0.0227817 0.0190765 0.0189549 0.02382 0.0217558 0.0161845 0.0182292 0.0253262 0.0333056 0.0446545 0.0585034 0.0307295 0.0226778 0.0213396 0.0235338 0.0195924 0.0245214 0.0232934 0.0222529 0.021673 0.02054 0.0160449 0.0137737 0.0203468 0.0174286 0.00800035 0.0129061 0.0148718 0.0176279 0.0140218 0.01549 0.011994 0.0139017 0.00852537 0.00816598 0.000510375 
0 0.00251646 0.0100359 0.00449507 0.00096582 0.00675519 0.01962 0.0235785 0.0152761 0.0201589 0.0277053 0.0207713 0.017526 0.0120847 0.0168171 0.0201921 0.0169338 0.018191 0.0108227 0.0131018 0.0163736 0.0194875 0.0162258 0.0140479 0.0214826 0.0275578 0.0223356 0.0291691 0.0240234 0.0158699 0.0170353 0.0219731 0.0166614 0.0203513 0.0205434 0.022887 0.018688 0.0242207 0.0251216 0.0240268 0.0256468 0.0359213 0.0418979 0.0512773 0.029064 0.0261218 0.0238456 0.016912 0.0178126 0.0245973 0.0288587 0.0232536 0.0227189 0.0257591 0.0279518 0.0250772 0.0324093 0.0219557 0.0137044 0.014491 0.0166344 0.0226402 0.0195973 0.0203138 0.0206822 0.0164525 0.0165919 0.00971422 0.00180718 
0 0.00512689 0.0167531 0.00373153 0.0017643 0.0115999 0.0260155 0.0320247 0.026858 0.0221003 0.0252595 0.025619 0.012224 0.0118846 0.0177912 0.0257253 0.0203302 0.0156386 0.0138582 0.0189718 0.019793 0.0153074 0.0144053 0.013678 0.0286835 0.0270443 0.0288635 0.0245958 0.0157329 0.0170881 0.0176569 0.0250367 0.0269774 0.0255448 0.020282 0.019667 0.0183254 0.0300442 0.0293606 0.0302634 0.0317759 0.0447699 0.0310187 0.0316264 0.0292784 0.022422 0.0325781 0.0187406 0.0160949 0.0193128 0.0274981 0.0242113 0.0214197 0.027548 0.0286735 0.0280122 0.0272586 0.0199528 0.0142121 0.0112251 0.0186504 0.0305702 0.0274941 0.0177639 0.0155415 0.0137203 0.0170216 0.0145903 0.00425487 
0 0.000652992 0.00210712 0.000354271 0.00127036 0.00987254 0.0254591 0.0419365 0.0436256 0.02638 0.0171134 0.018465 0.0157867 0.0153107 0.0174015 0.0215887 0.0190538 0.0134143 0.0184513 0.0201291 0.0175865 0.0156452 0.0105508 0.0154229 0.0389116 0.0469287 0.0335489 0.0227321 0.0188815 0.0177096 0.0230946 0.0207863 0.02596 0.0258236 0.0235914 0.0229235 0.0242769 0.0238886 0.0247077 0.0274165 0.0281154 0.0243757 0.0233773 0.0248028 0.0240073 0.0371118 0.0468647 0.0191303 0.0149289 0.020873 0.022116 0.0187044 0.0173108 0.0271326 0.0311658 0.0226303 0.0231118 0.0154354 0.0151556 0.0171363 0.0180253 0.0229584 0.0182082 0.0190415 0.0170276 0.0140533 0.0154516 0.0137689 0.0029997 
0 5.77391e-05 0.00266496 0.0104737 0.00810113 0.0110082 0.0246109 0.0407915 0.0418828 0.0221697 0.0152885 0.0158042 0.0224392 0.0175522 0.0212511 0.0223326 0.0209234 0.017059 0.0200417 0.016563 0.0155667 0.0207316 0.0190065 0.0218904 0.0276643 0.0393184 0.041 0.0290333 0.0269561 0.0325076 0.0282631 0.0216782 0.0182084 0.0199031 0.0201056 0.0214512 0.0237998 0.0187036 0.0172774 0.0189788 0.0244583 0.0189818 0.022603 0.020589 0.0274312 0.0338346 0.0332018 0.0211016 0.0218059 0.0243588 0.0191989 0.0180132 0.017093 0.0258492 0.0233475 0.0229546 0.0248491 0.0194555 0.0223648 0.0206894 0.0143112 0.0160218 0.0163554 0.0148445 0.0148036 0.00807786 0.0154648 0.010322 0.00237545 
6.98341e-06 0.0014319 0.0101616 0.0216261 0.0155273 0.0112346 0.0202985 0.0317019 0.0327526 0.023017 0.0125476 0.0140553 0.0199949 0.0182472 0.0182058 0.0176737 0.0176382 0.0191186 0.0169695 0.0178536 0.0156666 0.0210751 0.0222088 0.0287762 0.0205453 0.0279612 0.0325866 0.0292384 0.0332452 0.0351117 0.03129 0.0326236 0.0228158 0.0374623 0.0448395 0.0370155 0.0259955 0.0245208 0.0189127 0.0139105 0.0171134 0.0202722 0.0207072 0.0213206 0.0243596 0.0368811 0.0242764 0.0191047 0.0194568 0.0243474 0.0180131 0.0153716 0.0156487 0.0223738 0.0277958 0.0224679 0.0222321 0.0170169 0.0183893 0.018851 0.0172018 0.013268 0.0137127 0.00987642 0.00685875 0.00854808 0.0101987 0.00740416 0.00212842 
0.000161857 0.0079767 0.0214764 0.0230463 0.0173233 0.0168209 0.0203673 0.0159178 0.0173058 0.0180875 0.017858 0.0162749 0.020756 0.0236975 0.0236573 0.0183909 0.0159631 0.0158911 0.018036 0.0219411 0.0240572 0.021891 0.0155958 0.0194181 0.0231084 0.0237747 0.0421584 0.0327505 0.0286208 0.0250438 0.0186622 0.0212752 0.0290993 0.0541205 0.0594628 0.0470253 0.0431343 0.0219628 0.0204846 0.0194569 0.0220935 0.0279122 0.0284682 0.0267896 0.0242933 0.0315676 0.0244495 0.0262557 0.0222624 0.0238009 0.0216735 0.0170485 0.0178269 0.0172781 0.0230487 0.0186673 0.0236938 0.0165088 0.0142833 0.0135111 0.016253 0.0111871 0.00906707 0.00760006 0.0136029 0.0136731 0.0125815 0.00973772 0.000604418 
3.96144e-05 0.00566255 0.0224825 0.0152429 0.00985635 0.0147263 0.0232244 0.0131069 0.0161435 0.0217114 0.0233609 0.0190973 0.019672 0.0215718 0.0168604 0.0255094 0.0305588 0.019269 0.0178411 0.0241376 0.0253264 0.0185263 0.0109111 0.0134908 0.0216058 0.0241755 0.0308404 0.0321674 0.0267099 0.0186684 0.0146076 0.0199566 0.0265519 0.0397866 0.033346 0.0404802 0.0466269 0.0385465 0.0198628 0.0151135 0.0221412 0.033608 0.0251664 0.0246034 0.0202982 0.0195561 0.0237917 0.0196511 0.0159788 0.0212803 0.0194244 0.0183971 0.0156429 0.0157502 0.0198714 0.0124117 0.0144094 0.0119281 0.0101776 0.0177803 0.0192501 0.0158437 0.0122475 0.0103097 0.0089914 0.00598454 0.0086739 0.00430147 1.293e-05 
0 0.00355389 0.0164356 0.00914852 0.00180512 0.0122298 0.015477 0.016118 0.0158916 0.0205149 0.0179153 0.0165635 0.0152796 0.0178168 0.0127651 0.0237491 0.0335182 0.0271743 0.0254254 0.0294554 0.0190764 0.0158451 0.013909 0.0160741 0.0200277 0.0249523 0.0227829 0.0233172 0.0216611 0.020552 0.0193781 0.0243872 0.0269711 0.0226788 0.0205138 0.0308796 0.0499177 0.0308053 0.0279358 0.016804 0.0196392 0.022586 0.0239599 0.0240721 0.0213107 0.020266 0.0254212 0.0248314 0.0182148 0.0208559 0.0194889 0.0177751 0.0115271 0.0161284 0.0130152 0.0136981 0.0135356 0.0167617 0.0190454 0.0227804 0.0179702 0.0177078 0.0117872 0.00916413 0.00589156 0.00332782 0.00616819 0.00504118 0.000121231 
0 0.00269366 0.011196 0.00756693 0.00413792 0.0138577 0.016842 0.0165741 0.0174985 0.0190686 0.015337 0.0124909 0.0183855 0.0117033 0.0112521 0.0182171 0.0230422 0.0166619 0.0187334 0.0196229 0.0188484 0.0199046 0.0192642 0.0205556 0.019439 0.0152117 0.0214649 0.0254525 0.0249063 0.0186956 0.016559 0.02457 0.0253103 0.0238185 0.0195692 0.0204014 0.0300933 0.0219267 0.0292421 0.0183661 0.0192177 0.0180992 0.0263855 0.0235166 0.0254689 0.0236629 0.024887 0.0326993 0.0238267 0.0163571 0.0177637 0.0124959 0.0106496 0.0118693 0.0145731 0.0192855 0.012055 0.0131175 0.0126663 0.0201398 0.021625 0.013713 0.0104329 0.00846027 0.00291064 0.00201989 0.00813908 0.00506539 0.000172096 
0 0.00596399 0.0105811 0.0102718 0.0118781 0.0216712 0.0165958 0.0140975 0.0180285 0.014398 0.0102519 0.0112811 0.0181874 0.0136449 0.0177343 0.0155007 0.0148784 0.0139005 0.0149068 0.0178738 0.018599 0.0235996 0.0216357 0.0218104 0.0151717 0.0149028 0.0169968 0.0227701 0.0223794 0.0161664 0.015437 0.0270532 0.0252842 0.0247174 0.0258875 0.0207203 0.0223921 0.0185273 0.0344287 0.0291344 0.0225831 0.0260462 0.0299602 0.0222003 0.0304975 0.0318801 0.0208734 0.0206052 0.0206923 0.0176076 0.0146788 0.0114393 0.0102793 0.00858046 0.0166552 0.0200626 0.0141804 0.0116906 0.0140192 0.0255414 0.0250718 0.0171711 0.0180819 0.00749971 0.00181819 0.0029096 0.0101077 0.00473872 0 
0 0.00399333 0.00863851 0.0116687 0.00819393 0.0159744 0.0179859 0.0165431 0.0158743 0.0131941 0.0151358 0.0171734 0.0194521 0.0141404 0.0146748 0.021947 0.0242085 0.0216589 0.0196982 0.0190384 0.0241424 0.0284114 0.023149 0.0210561 0.0130759 0.0146744 0.0180242 0.0223194 0.015934 0.0170023 0.0197056 0.0259781 0.026579 0.0267326 0.0283823 0.0221391 0.0202882 0.0209132 0.0296863 0.0433571 0.0495992 0.0420322 0.0289377 0.0245445 0.0234526 0.0168893 0.0160546 0.0217553 0.0278695 0.0195495 0.0128078 0.0129566 0.0138208 0.0115379 0.0118312 0.0157238 0.0126597 0.0142215 0.0128841 0.0168067 0.0229628 0.0229588 0.0250383 0.0173001 0.00357948 0.0025253 0.00735202 0.00334592 0.00011174 
0 0.00354703 0.00529702 0.0114475 0.0126275 0.0178775 0.0201867 0.0201279 0.0132248 0.0148639 0.0141661 0.0152089 0.0160669 0.0152599 0.0168764 0.0173321 0.0221153 0.0222404 0.0302227 0.0167938 0.017023 0.0229001 0.024094 0.0238323 0.0161428 0.0160014 0.0205783 0.0191758 0.0177446 0.0168642 0.019024 0.0209346 0.0214864 0.0318475 0.0305332 0.023775 0.0237367 0.0254026 0.0216025 0.0236629 0.0362102 0.0303381 0.0314406 0.0275573 0.0161746 0.0148483 0.0143419 0.0181865 0.0242342 0.0212851 0.017248 0.0125402 0.0103945 0.00911053 0.0141542 0.0138475 0.0144158 0.0168837 0.0143439 0.0154587 0.0225826 0.0236184 0.0287306 0.0177632 0.00910617 0.00687699 0.01508 0.0136803 0.000715725 
0 0.000205246 0.00235398 0.00498273 0.0141407 0.0229128 0.0285568 0.0249639 0.0184331 0.016928 0.0159089 0.0234145 0.0255519 0.0185308 0.0184797 0.0172285 0.0277603 0.0338392 0.0298836 0.0178719 0.0215684 0.0129946 0.0111428 0.0129902 0.0134563 0.0145932 0.0183721 0.0161888 0.0135172 0.0163896 0.0208606 0.0233042 0.0235187 0.0252362 0.023553 0.0216535 0.0197109 0.0292166 0.0312531 0.0220363 0.0208823 0.0274331 0.0404418 0.0304848 0.0151829 0.0164618 0.0187337 0.0184163 0.0242064 0.0138932 0.0162001 0.0171907 0.0190651 0.0179589 0.0211719 0.0173557 0.0188938 0.0180394 0.0279102 0.0301593 0.028501 0.0278817 0.0284128 0.0217174 0.0161531 0.0146414 0.0147523 0.0105074 0.00127702 
0 1.88038e-05 0.000522734 0.00441589 0.0139017 0.0227481 0.0271618 0.0196674 0.0186905 0.0153525 0.0204339 0.0247209 0.0210191 0.0203596 0.0202261 0.0219196 0.0236288 0.0227429 0.023265 0.0274531 0.0199963 0.0120053 0.00837861 0.0158991 0.0133267 0.0166861 0.0190694 0.0194365 0.0185499 0.0212949 0.0190013 0.0203507 0.0271314 0.0266988 0.0258163 0.0199315 0.0194135 0.025629 0.0253317 0.0199586 0.0201329 0.0247968 0.025601 0.023024 0.0191254 0.0218321 0.0204127 0.0237666 0.0259076 0.0201424 0.0183101 0.0245562 0.0213163 0.0183164 0.0177227 0.0186732 0.0215702 0.0211084 0.0295742 0.0313079 0.031749 0.0274879 0.0278213 0.0255754 0.0172046 0.017563 0.0107621 0.00735013 0.00155574 
0 0 0 0.0052091 0.0178047 0.0259824 0.0244736 0.0165455 0.0229717 0.0242913 0.0276608 0.0240528 0.0214442 0.0210368 0.0211831 0.0212287 0.0244033 0.0400183 0.0301284 0.021006 0.0114305 0.00762513 0.0128138 0.0186875 0.0179708 0.0210531 0.0182024 0.0224139 0.0219776 0.0254192 0.0217421 0.0206324 0.0216498 0.02741 0.0212239 0.025144 0.0242516 0.0277356 0.0183922 0.0281036 0.0167167 0.0205971 0.0214926 0.0271627 0.0370521 0.0251642 0.0180394 0.0259563 0.0246359 0.0374493 0.0239334 0.0269401 0.0268474 0.0207258 0.0201627 0.0263681 0.0224148 0.0247464 0.0314021 0.0381489 0.0252404 0.021319 0.0326334 0.0340416 0.0195887 0.0239166 0.0158854 0.0138124 0.00193203 
0 0 0.000405031 0.00520822 0.0161148 0.0272752 0.0235315 0.0162211 0.02782 0.0358214 0.0251633 0.0203856 0.0209268 0.0204754 0.0231798 0.0263689 0.0306771 0.0313204 0.0280067 0.0118708 0.00948934 0.0144093 0.0170437 0.0227777 0.0320827 0.03571 0.0231808 0.0189857 0.0207299 0.0222945 0.0199248 0.0210624 0.0216889 0.0218444 0.0229119 0.0234076 0.02726 0.0253255 0.0241202 0.0228259 0.0212893 0.0253109 0.0219422 0.0206593 0.0429504 0.0258471 0.0146128 0.0226545 0.0208174 0.0185334 0.0237273 0.0243987 0.0175842 0.0131943 0.0149656 0.030099 0.0251669 0.0210603 0.0241707 0.0314429 0.0239187 0.0208501 0.0241649 0.0230256 0.0183033 0.0183459 0.0199165 0.0113 0.00117235 
0 0 0.00260747 0.0101816 0.0148147 0.0231277 0.0232313 0.0208771 0.0216643 0.0392977 0.0301287 0.0240729 0.0256881 0.0155111 0.0187483 0.0255321 0.0214896 0.0229673 0.0190124 0.0226769 0.0159246 0.0284106 0.0254329 0.0205066 0.0229768 0.0223985 0.0238342 0.0219967 0.0264529 0.0237423 0.032762 0.0241577 0.018309 0.0220492 0.0237639 0.0251478 0.0217225 0.0211921 0.0226408 0.0247326 0.0208045 0.0228895 0.0294364 0.0217307 0.0200743 0.0156038 0.0184253 0.0185564 0.0218369 0.0240282 0.0267551 0.0233714 0.0201291 0.00928937 0.0144851 0.0243437 0.0128294 0.00989405 0.0115346 0.0168557 0.0215637 0.02045 0.0153863 0.014927 0.0236945 0.0250684 0.0192675 0.00725547 0.000333649 
0 0 0.00185772 0.0115925 0.018213 0.0256401 0.0245484 0.0201765 0.0154322 0.0239235 0.0219514 0.0177087 0.0146805 0.0147951 0.0196196 0.025842 0.0190134 0.0231919 0.0168948 0.026158 0.0247048 0.0208632 0.0227209 0.020998 0.0152014 0.0203452 0.0292859 0.0244617 0.0245026 0.0222574 0.0238454 0.0245905 0.0172037 0.0175309 0.0192441 0.0236312 0.0272731 0.029489 0.0234628 0.0197604 0.0232181 0.0176402 0.0229358 0.0171684 0.0167481 0.0129636 0.0157262 0.0287251 0.0253518 0.0216753 0.0219768 0.018201 0.0178844 0.013602 0.0127174 0.017319 0.0125397 0.00597233 0.0121356 0.0188649 0.0234077 0.0154559 0.0134723 0.0164253 0.0206641 0.0191706 0.0142696 0.00405164 7.00207e-05 
0 0 0.00115189 0.00777483 0.0191042 0.0252116 0.0206608 0.0191181 0.0202351 0.0129858 0.0108191 0.0117651 0.0140934 0.0135093 0.0190626 0.0327003 0.0209177 0.0207628 0.0139361 0.0178054 0.0176495 0.0184897 0.0291605 0.0255248 0.0217922 0.0258687 0.0248817 0.0190668 0.0221832 0.0215594 0.0234866 0.0223853 0.0137906 0.0203651 0.032613 0.0297733 0.0235385 0.021456 0.0217003 0.0190042 0.0226038 0.0164904 0.0158016 0.0116442 0.0143281 0.0182878 0.0188742 0.0254995 0.0229567 0.0241597 0.0267595 0.0146476 0.0165936 0.01945 0.0127545 0.0135364 0.0185695 0.0153636 0.0167722 0.0146799 0.0184807 0.0178377 0.0180531 0.0224635 0.0268828 0.0164561 0.00818112 0.0011354 0 
0 0 0.000208447 0.00794081 0.0180168 0.0238755 0.0143434 0.0148708 0.0169132 0.00984863 0.00810285 0.0116901 0.0171559 0.0171908 0.0205366 0.0246899 0.0211553 0.0167036 0.0107534 0.0205546 0.016679 0.0187526 0.0208532 0.0195055 0.02109 0.0263975 0.0238047 0.0247402 0.0209829 0.0310536 0.0251331 0.0164361 0.0154407 0.0230083 0.0219562 0.0242741 0.0216009 0.0225046 0.02119 0.02385 0.0169189 0.0140189 0.0202394 0.0220912 0.0337444 0.0323454 0.0314009 0.0303315 0.0245919 0.0239491 0.0266065 0.0193253 0.0224925 0.0196017 0.0161712 0.0114597 0.0106326 0.0149794 0.0116059 0.0133472 0.0247288 0.0193796 0.0233483 0.0251786 0.0204723 0.0225165 0.00785223 0.000139297 0 
0 0 4.60592e-06 0.00243519 0.010595 0.0135733 0.00631734 0.0122665 0.0154457 0.0161315 0.0151651 0.0101077 0.0157649 0.0203042 0.0243037 0.0218639 0.0198627 0.0227441 0.0138748 0.0193599 0.0240462 0.0239038 0.021381 0.0211943 0.0277152 0.0249952 0.0206345 0.0271707 0.0198022 0.0247986 0.0179776 0.0145896 0.0201284 0.020085 0.0212839 0.0259596 0.0296565 0.0171598 0.0211058 0.0252824 0.0232518 0.0226008 0.028291 0.0319363 0.0336804 0.0353876 0.0327226 0.0298189 0.0244425 0.0261026 0.0267168 0.0217443 0.0212568 0.021152 0.0145791 0.0134176 0.0172219 0.0172202 0.0185847 0.0266435 0.0337269 0.0174661 0.012057 0.00843136 0.0106146 0.0155058 0.00531327 6.20375e-05 0 
0 0 0 0.000402452 0.0018921 0.00344839 0.00256072 0.00899943 0.0150748 0.0251613 0.0214773 0.0145833 0.0220626 0.0253556 0.0244641 0.0247176 0.0232146 0.0210727 0.0154733 0.0217265 0.0188215 0.0181515 0.026346 0.0227884 0.0282729 0.0216977 0.0208296 0.0214882 0.020416 0.0218314 0.0245436 0.0208734 0.0244021 0.0244298 0.0186592 0.0291706 0.0317272 0.0212561 0.0220826 0.0251682 0.0247768 0.0280031 0.0278139 0.0318604 0.0332485 0.0493746 0.0300905 0.026642 0.0259066 0.02295 0.0226874 0.0209153 0.0280678 0.0241198 0.0217221 0.0190555 0.0247769 0.0227473 0.0210958 0.0324504 0.0252372 0.010454 0.00547628 0.00197149 0.00347882 0.00333652 0.000813834 0 0 
0 0 0 0 2.48084e-05 0.000484748 0.00196324 0.0105316 0.0159076 0.0241635 0.0196583 0.0182657 0.0275202 0.0233044 0.0177957 0.0220935 0.0211973 0.0209689 0.0180547 0.0220137 0.0220882 0.0230159 0.0289089 0.0209777 0.0187714 0.0124005 0.0166733 0.0196131 0.0180337 0.0205812 0.0242757 0.021592 0.0196071 0.023389 0.020975 0.0232566 0.0190203 0.0204143 0.0195215 0.0239824 0.0270556 0.0291455 0.0296699 0.0276471 0.0218782 0.0254132 0.02095 0.0233732 0.0224346 0.0265368 0.0189494 0.0203751 0.0273998 0.0284311 0.022024 0.0236018 0.0285552 0.0288689 0.0256645 0.0322673 0.0178489 0.00621384 0.0020449 0.000239305 0.000194159 0.00026923 5.62984e-05 0 0 
0 0 0 0 0 0.000599317 0.000859227 0.0138438 0.0157236 0.0182958 0.0270375 0.0160898 0.015945 0.0141529 0.0137184 0.0166871 0.0169475 0.0177257 0.0170152 0.024583 0.032513 0.0302698 0.0256361 0.0220947 0.0166056 0.0217645 0.0165303 0.0143004 0.0301404 0.0247544 0.0169519 0.0216126 0.0231492 0.022748 0.0236187 0.0216419 0.0164141 0.0212079 0.0227581 0.0402483 0.037257 0.0272199 0.0349082 0.0331493 0.0277273 0.0295449 0.0250174 0.0230263 0.02551 0.0273576 0.0204178 0.020219 0.0270579 0.0283728 0.0225896 0.0186588 0.0201854 0.0217395 0.0199805 0.0192252 0.0141859 0.00744378 0.00395737 0.000133126 0 0 0 0 0 
0 0 0 0 0 3.49257e-05 0.00217439 0.00922605 0.0120023 0.0178815 0.0356381 0.0230955 0.0164077 0.0173417 0.0156037 0.0172511 0.0226221 0.0269441 0.0261053 0.0286761 0.0342217 0.030257 0.0213397 0.022026 0.0304912 0.0338366 0.0291741 0.0217015 0.0184959 0.0164902 0.0207291 0.025668 0.032583 0.0254195 0.019861 0.0187542 0.0174536 0.0263096 0.0231689 0.0345741 0.0386571 0.0264071 0.0385272 0.031799 0.0262444 0.0285643 0.0202231 0.019821 0.0203744 0.016801 0.0184107 0.0234844 0.0291712 0.0268462 0.0259287 0.0220867 0.0177646 0.0212076 0.0232181 0.0196976 0.0209639 0.00514505 0.00366036 0.00577744 0.000498223 0 0 0 0 
0 0 0 0 0 0 0.00243784 0.0084897 0.00543061 0.0115575 0.0238875 0.0221802 0.0288913 0.0268306 0.0208102 0.0182915 0.023565 0.0283775 0.0244197 0.0231282 0.0216761 0.0250499 0.0284919 0.0238705 0.0300839 0.0350068 0.0345607 0.0275765 0.0165549 0.0141311 0.022798 0.0220478 0.0344871 0.0311773 0.0217044 0.0171082 0.0175563 0.0238622 0.026537 0.0250547 0.0335908 0.0272931 0.0310597 0.0346695 0.025579 0.0175856 0.0218555 0.0199728 0.0212178 0.0193061 0.0264801 0.0279359 0.0275398 0.0212664 0.0192302 0.0203354 0.0198182 0.0204994 0.0230568 0.0236516 0.0220432 0.00511177 0.00550119 0.0176173 0.00261383 0 0 0 0 
0 0 0 0 0 0 0.00226936 0.00733455 0.0129277 0.00706296 0.010814 0.0210287 0.0273092 0.0285174 0.0241512 0.0258905 0.0239552 0.0222868 0.0207361 0.0188772 0.0177721 0.0218927 0.0295084 0.0229905 0.0186302 0.02532 0.0301525 0.0252488 0.027127 0.0165712 0.0236543 0.0238678 0.0226139 0.028264 0.0292249 0.0189336 0.0214584 0.032548 0.0384402 0.0390282 0.0426416 0.0369011 0.0240206 0.0325385 0.0218101 0.0203479 0.0236035 0.0264276 0.0295457 0.030782 0.021606 0.0207213 0.0212054 0.0211019 0.0171344 0.0202659 0.024431 0.0306605 0.0264251 0.0252753 0.0158414 0.00512288 0.00360757 0.00477108 0.000599662 0 0 0 0 
0 0 0 0 0 0 0.000993067 0.00541267 0.00472582 0.00141891 0.00521127 0.0183412 0.024254 0.0214832 0.0201563 0.0301915 0.0493275 0.0321661 0.0275075 0.0243835 0.0181866 0.0190279 0.0239222 0.0209905 0.021446 0.0234305 0.0225016 0.0214846 0.0224115 0.0195752 0.0235277 0.0259543 0.0193594 0.0225292 0.0257182 0.0269211 0.0286493 0.0354241 0.0400381 0.0353583 0.0274808 0.0338373 0.0238769 0.0259926 0.0369544 0.0361091 0.021908 0.022624 0.0215777 0.0289391 0.0328664 0.0176212 0.0201251 0.016912 0.0162142 0.0219841 0.0194731 0.0344543 0.0317636 0.0190889 0.00962743 0.00351469 0.00100415 0.000185448 0 0 0 0 0 
0 0 0 0 0 0 0 0 0 0.000213326 0.00335492 0.0132531 0.0196603 0.023338 0.0243839 0.0333449 0.0455231 0.0382829 0.0348818 0.0254354 0.0189355 0.0205234 0.0239592 0.0228533 0.0237578 0.0207671 0.0259054 0.018499 0.0158741 0.0211425 0.0234216 0.0239454 0.0164556 0.0227745 0.0239712 0.0206358 0.0192479 0.0236635 0.0240981 0.0169172 0.023401 0.0249082 0.0184455 0.0247813 0.0467833 0.0279555 0.0196281 0.0170913 0.0123173 0.022532 0.0335767 0.0240601 0.0208115 0.017192 0.0206982 0.0209622 0.0232627 0.0219536 0.0227655 0.0140015 0.00387854 0.00139892 2.04793e-05 0 0 0 0 0 0 
0 0 0 0 0 0 0 0 0 0 0.00172847 0.0131346 0.014154 0.0211673 0.0193638 0.0227533 0.0227497 0.0266498 0.0322534 0.026502 0.0213637 0.0185053 0.0295085 0.0396998 0.0268495 0.015795 0.0244708 0.0261159 0.0321876 0.0431903 0.0381919 0.0296826 0.0233316 0.0164039 0.0162806 0.0205817 0.0220853 0.0311776 0.0274575 0.0260879 0.0252856 0.0233565 0.0234166 0.0251928 0.0225204 0.020481 0.0238454 0.0338593 0.0265827 0.0171607 0.0226831 0.0253396 0.0176758 0.0142563 0.0173656 0.0165232 0.0265391 0.0216602 0.0143951 0.00467342 0.00168066 0.00120186 4.02611e-05 0 0 0 0 0 0 
0 0 0 0 0 0 0 0 0 0 0.00210485 0.0147692 0.0251502 0.0249266 0.0207302 0.0146883 0.0124506 0.0159674 0.022196 0.0194308 0.0190536 0.0183799 0.0522582 0.0430557 0.0208519 0.0147669 0.0261181 0.0303276 0.0319233 0.039494 0.0384609 0.0394477 0.0314891 0.0267525 0.020446 0.0249153 0.0280851 0.0318736 0.0314625 0.0348255 0.0258637 0.021456 0.0294467 0.028282 0.0258004 0.0254652 0.0283624 0.0207278 0.0214633 0.0140305 0.0242227 0.0197698 0.013162 0.0131473 0.0240342 0.0168694 0.0128857 0.0106937 0.0075041 0.00411918 0.00040405 0 0 0 0 0 0 0 0 
0 0 0 0 0 0 0 0 0 0 0.00141239 0.00988918 0.0166686 0.0163202 0.0188444 0.0111107 0.00678432 0.0141683 0.0167417 0.0172611 0.019083 0.0267111 0.0426978 0.0283416 0.0293793 0.0244051 0.0401581 0.0347862 0.0210893 0.033072 0.0312011 0.0287937 0.0235567 0.0287565 0.0252196 0.0213712 0.0205784 0.0249528 0.0247116 0.0304289 0.0231071 0.0190429 0.0241249 0.0329385 0.0244396 0.0209583 0.0250535 0.0188136 0.017496 0.0163068 0.0207435 0.0194692 0.018841 0.0157542 0.0160312 0.0160586 0.0108713 0.00975618 0.00477227 0.00101069 2.69197e-06 0 0 0 0 0 0 0 0 
0 0 0 0 0 0 0 0 0 0 5.02637e-05 0.00215095 0.00593812 0.00691259 0.00746173 0.0026698 0.00256261 0.0133657 0.013958 0.0203404 0.0297407 0.0243154 0.0331239 0.0281933 0.0271202 0.0287147 0.0577981 0.0494129 0.0230984 0.0157852 0.0160463 0.023016 0.0281323 0.0287519 0.0320304 0.0174609 0.0295702 0.0595788 0.0376811 0.0261939 0.0220808 0.0133763 0.0178142 0.0266449 0.0267171 0.0230013 0.0380894 0.0322145 0.0215203 0.0252336 0.0222954 0.0120472 0.0180018 0.0138295 0.0100828 0.00928103 0.00426074 0.00435344 0.0011859 0 0 0 0 0 0 0 0 0 0 
0 0 0 0 0 0 0 0 0 0 0 0 0.000337962 0.00044217 0.000212465 0.000616979 0.00784948 0.0202683 0.0212277 0.0240026 0.0319182 0.0222283 0.0200141 0.0256762 0.0263813 0.0296421 0.0242723 0.0217322 0.0213931 0.0120619 0.0110132 0.0202575 0.0245505 0.0222258 0.0248686 0.020394 0.0209627 0.034246 0.0278213 0.0180095 0.0183846 0.0159014 0.0172163 0.0209112 0.019396 0.0201188 0.0370048 0.0263085 0.0219727 0.0197504 0.0182856 0.0108218 0.0110579 0.00598834 0.00425484 0.00212231 0.000483112 0.000116423 5.27005e-06 0 0 0 0 0 0 0 0 0 0 
0 0 0 0 0 0 0 0 0 0 0 0 0 0 0 0.00246139 0.0172371 0.0240276 0.0302678 0.029388 0.0226484 0.0258936 0.0207545 0.0277214 0.0264987 0.0313813 0.0255293 0.0134531 0.0195179 0.0081528 0.0122777 0.0178195 0.0155813 0.0174186 0.0153858 0.0244223 0.0217102 0.0164128 0.0153399 0.0133364 0.0227947 0.0243776 0.0156607 0.0174502 0.0107811 0.0155362 0.0258896 0.0290954 0.0319685 0.0228615 0.0213763 0.0118836 0.00440254 0.000100675 0.00053637 0.00132964 9.00082e-05 0 0 0 0 0 0 0 0 0 0 0 0 
0 0 0 0 0 0 0 0 0 0 0 0 0 0 1.93786e-05 0.00356198 0.0177647 0.028154 0.0311383 0.030397 0.0268588 0.0234144 0.0213395 0.02206 0.028569 0.0289243 0.0167996 0.0127793 0.0196481 0.0115729 0.0177657 0.0212898 0.0194051 0.0164892 0.0116385 0.0216185 0.0198675 0.0222529 0.0361726 0.048265 0.0386449 0.0327889 0.0206776 0.0162523 0.0095041 0.0100303 0.0135048 0.0240386 0.0280939 0.0294886 0.030609 0.0276298 0.00593794 0 1.28746e-05 0.000267337 0 0 0 0 0 0 0 0 0 0 0 0 0 
0 0 0 0 0 0 0 0 0 0 0 0 0 0 1.37681e-06 0.000336945 0.00370473 0.00748352 0.0111908 0.0133147 0.0278811 0.0285698 0.0231433 0.0155034 0.0176196 0.00814722 0.00768078 0.0130534 0.0190139 0.021552 0.0179778 0.0228302 0.0305722 0.028424 0.0236182 0.0212195 0.0233914 0.0323345 0.0524968 0.050914 0.0340474 0.0268963 0.0252464 0.0167031 0.0100468 0.00707862 0.00846967 0.0218411 0.0167599 0.0258703 0.0352618 0.0190153 0.000896971 0 0 0 0 0 0 0 0 0 0 0 0 0 0 0 0 
0 0 0 0 0 0 0 0 0 0 0 0 0 0 0 0 0 0.000134551 0.00073324 0.00636202 0.0195221 0.0225909 0.0165821 0.0142247 0.0131846 0.00365314 0.000375772 0.00650524 0.0205264 0.0340874 0.0250257 0.0166532 0.036541 0.0440881 0.0336606 0.0211063 0.01006 0.0203265 0.0299959 0.0216125 0.014368 0.0178785 0.0268101 0.0201358 0.0164761 0.0123662 0.00707529 0.0105038 0.00930021 0.0146286 0.0107552 0.000920808 0 0 0 0 0 0 0 0 0 0 0 0 0 0 0 0 0 
0 0 0 0 0 0 0 0 0 0 0 0 0 0 0 0 0 0 5.67889e-06 0.000239293 0.00172732 0.00986406 0.0157253 0.0151779 0.0165085 0.00753086 0 0.00197718 0.0132634 0.0253893 0.0297138 0.0194231 0.0288302 0.0414797 0.0280319 0.0152642 0.0112472 0.00973339 0.0103975 0.0166966 0.0118978 0.022044 0.024272 0.0133151 0.0175615 0.0161028 0.0148281 0.0127678 0.00761199 0.00328268 0.000886533 0.000163765 0 0 0 0 0 0 0 0 0 0 0 0 0 0 0 0 0 
0 0 0 0 0 0 0 0 0 0 0 0 0 0 0 0 0 0 0 0 5.55651e-05 0.0031716 0.00626597 0.0152426 0.00996968 0.00292869 0 0.000380659 0.00843878 0.0252562 0.0347874 0.0266238 0.0274879 0.0319193 0.0269804 0.00615971 0.00988329 0.0143909 0.0119338 0.00910948 0.0138232 0.016593 0.00945381 0.00616696 0.00708309 0.0113755 0.00960882 0.00658311 0.00259355 0.000580899 8.09313e-06 0 0 0 0 0 0 0 0 0 0 0 0 0 0 0 0 0 0 
0 0 0 0 0 0 0 0 0 0 0 0 0 0 0 0 0 0 0 0 0 0 4.5898e-05 0.00184113 0.000854194 3.49813e-05 0.000547644 0.000683546 0.00732906 0.0147209 0.0142056 0.016738 0.0140897 0.0116397 0.0106303 0.0022258 0.00613144 0.0161164 0.0118895 0.00445351 0.00811199 0.0139699 0.00618456 0.002319 0.00150301 0.00240174 0.00033301 0.000203831 0 0 0 0 0 0 0 0 0 0 0 0 0 0 0 0 0 0 0 0 0 
0 0 0 0 0 0 0 0 0 0 0 0 0 0 0 0 0 0 0 0 0 0 0 0 0 0 0.000120635 0.000384742 0.00305769 0.00309488 0.00140183 0.00233236 0.00277297 0.00166608 0.000672559 0.000106968 9.49376e-05 0.00338476 0.00376194 0.00165509 0.00156267 0.00302978 0.000895 0.000135601 3.23675e-05 0 0 0 0 0 0 0 0 0 0 0 0 0 0 0 0 0 0 0 0 0 0 0 0 

