0 0 0 0 0 0 0 0 0 0 0 0 0 0 0 0 0 0 0 0 0 0 0 0 0 0 0 0 0 0 0 0 0 0 0 6.68594e-05 0.000100227 9.90235e-05 9.06415e-05 8.09887e-05 5.14685e-05 0 0 0 0 0 0 0 0 0 0 0 0 0 0 0 0 0 0 0 0 0 0 0 0 0 0 0 0 
0 0 0 0 0 0 0 0 0 0 0 0 0 0 0 0 0 0 0 0 0 0 0 0 0 3.50555e-06 0.000741957 0.0010366 0.00190761 0.00357679 0.000931004 0.00035666 0.000179216 0.000233551 0.00465698 0.0109196 0.0126918 0.00590407 0.00383075 0.00360195 0.00214985 0.00207677 0.000604101 3.50917e-05 8.04193e-05 0 0 0 0 0 0 0 0 0 0 0 0 0 0 0 0 0 0 0 0 0 0 0 0 
0 0 0 0 0 0 0 0 0 0 0 0 0 0 0 0 0 0 0 0 0 0 7.14682e-05 0.00165896 0.00546227 0.0058524 0.00957425 0.00696615 0.00982844 0.0091221 0.00734094 0.0034541 0.0026412 0.00495239 0.0113085 0.0187089 0.0229155 0.0112819 0.013971 0.0116006 0.0107286 0.0176504 0.0110594 0.00585832 0.00568682 0.000919431 0 0 0 0 0 0 0 0 0 0 0 0 0 0 0 0 0 0 0 0 0 0 0 
0 0 0 0 0 0 0 0 0 0 0 0 0 0 0 0 0 0 0 0 0.000104241 0.000509262 0.00546207 0.014097 0.0145947 0.0126563 0.0111772 0.00783888 0.00998662 0.013433 0.0107633 0.00656015 0.00402844 0.00634455 0.00906298 0.0146161 0.0178931 0.011479 0.0170819 0.0128595 0.012301 0.0156194 0.0185209 0.0140783 0.0147137 0.00319638 0.000788512 0.00152113 0.000472748 0 0 0 0 0 0 0 0 0 0 0 0 0 0 0 0 0 0 0 0 
0 0 0 0 0 0 0 0 0 0 0 0 0 0 0 0 0 0 0 1.02657e-05 0.00175151 0.00315373 0.00735256 0.0116196 0.0121649 0.00846318 0.0063171 0.00830728 0.0098166 0.0111371 0.0131805 0.0138405 0.0137766 0.010654 0.0143094 0.0162877 0.0173084 0.0127085 0.0150361 0.0134006 0.0118649 0.0154714 0.0194892 0.0145129 0.0103207 0.00631789 0.0109873 0.0120407 0.0031295 0.000178608 0.000979316 0 0 0 0 0 0 0 0 0 0 0 0 0 0 0 0 0 0 
0 0 0 0 0 0 0 0 0 0 0 0 0 0 0 0 0 0 1.17571e-05 0.000299857 0.00212458 0.00245065 0.00220339 0.00335732 0.00799878 0.007214 0.00981181 0.00743907 0.00827403 0.00950258 0.0162011 0.0192101 0.0192093 0.0189081 0.0199123 0.0156663 0.0197064 0.0122482 0.0114714 0.0146515 0.0156786 0.0158107 0.0187867 0.016919 0.0173777 0.00869735 0.00939596 0.0171244 0.0108826 0.00279319 0.00255244 0.000141339 0 0 0 0 0 0 0 0 0 0 0 0 0 0 0 0 0 
0 0 0 0 0 0 0 0 0 0 0 0 0 0 0 0 0 0 3.92211e-05 0.00151545 0.00655895 0.00442638 0.00643396 0.0101695 0.0106746 0.00651447 0.00954892 0.00847145 0.0102351 0.00979018 0.00951765 0.00959758 0.0243543 0.0273841 0.023219 0.0170534 0.0173588 0.0171803 0.0159589 0.0200647 0.0228306 0.0164212 0.0206341 0.0263936 0.0234365 0.0150308 0.0130743 0.0207447 0.0178448 0.0113815 0.00528923 0.00160297 0.00133729 0.000809444 0.000236301 0 0 0 0 0 0 0 0 0 0 0 0 0 0 
0 0 0 0 0 0 0 0 0 0 0 0 0 0 0 0 0 1.79632e-05 0.000324045 0.00142989 0.00609241 0.00496508 0.00462609 0.0095251 0.0201292 0.0206918 0.0157512 0.012846 0.0085296 0.00664037 0.00491369 0.00877417 0.0269583 0.0281077 0.0399445 0.0340534 0.0227923 0.025169 0.0193684 0.0228552 0.0206249 0.0179534 0.0229263 0.023076 0.0224064 0.0239863 0.0222567 0.0236335 0.0209288 0.0200533 0.0180173 0.0100571 0.00935837 0.00694327 0.00394231 0.00119356 0 0 0 0 0 0 0 0 0 0 0 0 0 
0 0 0 0 0 0 0 0 0 0 0 0 1.18107e-05 0.00232625 0.00354349 0.000295209 0.000271578 0.00398542 0.00591329 0.00706417 0.00597177 0.00676335 0.00519585 0.00321248 0.0126532 0.031673 0.032147 0.0172312 0.0122129 0.00817206 0.00364563 0.00734817 0.0211784 0.0292881 0.0408572 0.0351545 0.0315895 0.0434862 0.0364765 0.0205101 0.0187376 0.0164878 0.0186493 0.0185538 0.021845 0.0203425 0.021644 0.0232879 0.022005 0.0219436 0.0195933 0.0132366 0.0120165 0.0189618 0.0141268 0.00300484 0.000100731 0.000116004 0 0 0 0 0 0 0 0 0 0 0 
0 0 0 0 0 0 0 0 0 0 0 0.000425875 0.00303429 0.0133634 0.00998585 0.00484543 0.00147243 0.00695877 0.00776396 0.00454193 0.00605982 0.00542925 0.0042005 0.00404253 0.00852421 0.0204846 0.0422475 0.049246 0.0225304 0.0141707 0.00838565 0.00494632 0.0138553 0.0243792 0.0390507 0.0394856 0.0289462 0.0302151 0.0220347 0.0207679 0.0236885 0.0167298 0.0192151 0.0177472 0.0251908 0.0280234 0.0153859 0.0184291 0.0263831 0.022912 0.0214593 0.0161514 0.0239909 0.0218277 0.0167867 0.00556085 0.00255506 0.00301468 0.000329941 0 0 0 0 0 0 0 0 0 0 
0 0 0 0 0 0 0 0 0 0 0.0002647 0.00374429 0.0119183 0.0136275 0.0105296 0.0102661 0.00369291 0.00180618 0.0051807 0.00553331 0.00297378 0.00394718 0.00368593 0.00599037 0.0142524 0.0236349 0.037641 0.0592624 0.0272139 0.0263163 0.0179322 0.00921475 0.00858698 0.0142918 0.027209 0.0352074 0.0307146 0.0286307 0.015921 0.0155473 0.0167271 0.016523 0.022394 0.0164734 0.0214378 0.0322721 0.0168259 0.0163072 0.0217116 0.0199468 0.0185221 0.021385 0.0292846 0.0191462 0.0137189 0.013706 0.0159753 0.0148668 0.0022807 0 0 0 0 0 0 0 0 0 0 
0 0 0 0 0 0 0 0 0 0.000427197 0.00454144 0.00826859 0.0110335 0.00982 0.0124179 0.0170078 0.0103608 0.00284525 0.00162953 0.00382295 0.00226602 0.00274276 0.004382 0.012564 0.0223253 0.0244773 0.0264676 0.0329885 0.0279918 0.034176 0.0274083 0.0158755 0.0122861 0.0200163 0.0186895 0.0271688 0.0275723 0.0266201 0.0211644 0.0259164 0.0248052 0.0187867 0.0176887 0.0183453 0.0229898 0.026508 0.0250152 0.0160166 0.0193108 0.0234219 0.0216429 0.0231551 0.0407238 0.0374165 0.0174702 0.0169595 0.0233959 0.0130171 0.0022621 0 0 0 0 0 0 0 0 0 0 
0 0 0 0 0 0 0 0 0 0.000999431 0.0125742 0.0165037 0.00753717 0.00780865 0.0127612 0.0205577 0.0179714 0.0178234 0.00796943 0.0102836 0.00915227 0.00626836 0.0118676 0.0238859 0.0294925 0.0244609 0.0241573 0.0246777 0.0294342 0.0237851 0.0244887 0.0144659 0.017768 0.0315293 0.0240607 0.0314646 0.032144 0.020731 0.019491 0.0268593 0.0200654 0.0206256 0.020049 0.0217754 0.0247458 0.0320268 0.0242377 0.0180592 0.0228735 0.0164193 0.017617 0.0223451 0.0418567 0.0380172 0.0174811 0.0218425 0.0181462 0.00369163 0.000631313 0 0 0 0 0 0 0 0 0 0 
0 0 0 0 0 0 0 0 0.000677602 0.00253394 0.00633253 0.0107546 0.00609689 0.00622451 0.0125731 0.0213793 0.0223861 0.0226466 0.0139398 0.0151856 0.0170241 0.0157334 0.0217928 0.0259746 0.0266115 0.0221227 0.0244775 0.0340415 0.0367623 0.0260247 0.0193026 0.0119232 0.0236196 0.0334474 0.0346225 0.0343474 0.0299754 0.0244706 0.020404 0.0237946 0.0266322 0.0258076 0.0226589 0.0219856 0.0228891 0.026339 0.0209826 0.0178941 0.0213289 0.0139484 0.0133291 0.0219111 0.0284205 0.0271144 0.0142111 0.0198323 0.021968 0.00984604 0.00548501 0.00160985 0.00303805 0.00116294 3.53198e-05 0 0 0 0 0 0 
0 0 0 0 0 0 0 8.25637e-05 0.0042553 0.00710673 0.00454199 0.0172094 0.013793 0.0180959 0.0206184 0.021105 0.025232 0.0232286 0.0169221 0.0151902 0.0144065 0.021124 0.028582 0.0246297 0.0285974 0.0385607 0.0325927 0.0339944 0.0295534 0.0333417 0.0228839 0.0129006 0.0230945 0.037692 0.036076 0.0385356 0.0256421 0.0249195 0.0191735 0.0208427 0.0246933 0.0226547 0.01707 0.0141826 0.01607 0.0132343 0.0169285 0.0178928 0.0255985 0.0162117 0.0146213 0.0176916 0.0241407 0.0218182 0.0156982 0.0162394 0.017391 0.013296 0.0117845 0.00734573 0.006081 0.00397202 0.000685088 0 0 0 0 0 0 
0 0 0 0 0 0 0 4.18408e-05 0.000979587 0.00152201 0.00786361 0.0179099 0.0209669 0.0225297 0.0219279 0.0252167 0.0294347 0.0287785 0.0276463 0.0231442 0.0195182 0.022996 0.0253543 0.0259084 0.0377695 0.0274343 0.0273025 0.0216359 0.0206448 0.0269902 0.0198735 0.02104 0.0249227 0.0220288 0.0209521 0.0331968 0.0252142 0.0211923 0.022239 0.0205553 0.018668 0.0221655 0.0222524 0.0145491 0.016264 0.0207047 0.0199423 0.0198864 0.0235808 0.0186684 0.0187349 0.0136199 0.0152948 0.0144127 0.0180374 0.0174095 0.0140728 0.0114355 0.00960764 0.00898016 0.00783219 0.00442426 0.00382936 0.000839175 0 0 0 0 0 
0 0 0 0 0 0 0.000324254 0.00121162 0.000459716 0.00282019 0.0104523 0.0278292 0.0268934 0.0201819 0.0271464 0.0267284 0.0350596 0.0286144 0.0318557 0.032688 0.0294378 0.0238224 0.0238835 0.0234285 0.0306561 0.0221657 0.015631 0.0254669 0.0278976 0.02733 0.0285374 0.0309575 0.0263378 0.0279704 0.023939 0.0217243 0.0155607 0.0242198 0.0313199 0.0287945 0.0219221 0.0277453 0.0205391 0.020034 0.018672 0.0200691 0.0165446 0.0140306 0.0234945 0.020546 0.018094 0.0202961 0.0156971 0.0145321 0.0190119 0.0184039 0.0168448 0.0122406 0.0183357 0.0168929 0.0143014 0.0103095 0.0117305 0.00348216 0 0 0 0 0 
0 0 0 0 0 0.000816931 0.00585916 0.00765467 0.00430518 0.00535979 0.0168219 0.0373554 0.0457098 0.0240678 0.0263695 0.0344202 0.0339511 0.0362294 0.0309591 0.0215698 0.0235088 0.0178953 0.0254069 0.0253269 0.0272749 0.0264172 0.0206127 0.0240499 0.0212194 0.028125 0.0295977 0.0287065 0.0239886 0.0278272 0.0277639 0.0216026 0.0199377 0.0258889 0.0287082 0.0271918 0.0234545 0.0238432 0.0172208 0.0191836 0.0222425 0.0206441 0.0133353 0.0184369 0.0281835 0.025573 0.0174519 0.0142354 0.0174967 0.0234451 0.02063 0.0157998 0.011878 0.0163081 0.0144402 0.0113626 0.0125002 0.0185412 0.0139356 0.00569258 0.000232421 0 0 0 0 
0 0 0 0 0.000351991 0.00547992 0.0163423 0.0203432 0.0132261 0.0154562 0.0220304 0.0348744 0.0490155 0.028011 0.0220942 0.0392852 0.0460836 0.062975 0.0439558 0.0214137 0.0219678 0.0239691 0.0240999 0.0304325 0.0391471 0.027909 0.0253508 0.0231185 0.0279572 0.0232952 0.0232572 0.024304 0.0288363 0.0260052 0.0356642 0.0248174 0.0208189 0.0173746 0.0243996 0.0247517 0.0251248 0.0233682 0.0212455 0.0220849 0.0213338 0.0223298 0.0180758 0.0202682 0.0200495 0.022289 0.0127735 0.0146681 0.0203832 0.0214938 0.0187709 0.0159615 0.0127436 0.0111893 0.0164176 0.011563 0.0104081 0.0136332 0.0197027 0.0125274 0.00339446 0 0 0 0 
0 0 0 2.17738e-06 0.00529891 0.0124687 0.0167701 0.022003 0.0175793 0.0207882 0.0273712 0.0304879 0.0366616 0.0324822 0.0180527 0.0204806 0.0330447 0.0456366 0.0597858 0.0241836 0.0212329 0.0246091 0.0219947 0.0243342 0.0388151 0.030791 0.0215321 0.0193523 0.02229 0.0171092 0.0175664 0.0250787 0.0174493 0.0326223 0.0388094 0.0299297 0.021727 0.0181444 0.0191061 0.0278303 0.0239638 0.0192107 0.0192736 0.0213503 0.0239682 0.0186684 0.0173481 0.0162996 0.0178255 0.0160574 0.0165975 0.0187652 0.0208336 0.0215803 0.0226347 0.0268763 0.026818 0.0254801 0.0221868 0.0145702 0.00956289 0.00803841 0.0120697 0.0101665 0.0033677 0 0 0 0 
0 0 0 0.000666622 0.0123691 0.0208958 0.023891 0.0287957 0.020135 0.0219334 0.0239911 0.0285887 0.0270533 0.0270379 0.018099 0.0192929 0.0286848 0.0340411 0.0356642 0.0238417 0.0276805 0.0250309 0.0173777 0.0178821 0.0219284 0.0209069 0.0183682 0.0209356 0.0190465 0.0169551 0.0217963 0.0257173 0.0245138 0.0333176 0.025609 0.0152849 0.0197839 0.0200679 0.023424 0.0234497 0.021812 0.0178186 0.0198499 0.0225677 0.0256434 0.022415 0.0166455 0.0172803 0.0163285 0.0126396 0.0167991 0.0238892 0.0195154 0.0204401 0.0158956 0.0248522 0.0523842 0.048613 0.0169034 0.0158891 0.0132665 0.0135713 0.0122981 0.00866963 0.00342677 0.000619471 0 0 0 
0 0 4.86907e-06 0.00225018 0.0156988 0.0279133 0.02805 0.0292426 0.0210723 0.0193046 0.0207989 0.0216875 0.0271079 0.0214171 0.0197581 0.0217876 0.0251027 0.0284408 0.0237402 0.0196312 0.0248432 0.0213038 0.0216118 0.0230872 0.0214052 0.018456 0.0185956 0.0234789 0.022318 0.020396 0.0208243 0.0289705 0.0299437 0.0301155 0.0267966 0.0180582 0.017959 0.0195622 0.0224361 0.0186726 0.0242644 0.0258209 0.025935 0.0232224 0.0193165 0.019761 0.0178672 0.0141205 0.0153192 0.0121539 0.0150322 0.0269866 0.0234268 0.0172395 0.0183951 0.0282988 0.052693 0.0431743 0.0235595 0.0136763 0.0139526 0.01046 0.0126942 0.01237 0.0118924 0.00488725 0.00020376 0 0 
0 0 0.000345768 0.00732178 0.018452 0.031415 0.0253433 0.0269095 0.0175366 0.0189835 0.0218215 0.0215617 0.0218178 0.0179149 0.0185042 0.0209498 0.0161225 0.0195674 0.0185851 0.0193102 0.0259338 0.0217592 0.0198929 0.0204322 0.021012 0.0221139 0.0204174 0.029189 0.0565292 0.0298258 0.0290561 0.0272374 0.0313868 0.0369341 0.0266696 0.0199445 0.0237308 0.0216024 0.0193715 0.0198935 0.0200115 0.0206428 0.0227144 0.0243318 0.0150698 0.0169132 0.0177989 0.0156128 0.020885 0.0193431 0.0196239 0.0230278 0.017009 0.0217712 0.0232375 0.0235254 0.0249616 0.021278 0.0175645 0.0117252 0.0109142 0.0107808 0.0138225 0.0158864 0.0206887 0.0120254 0.00190362 0 0 
0 0 0.000776248 0.0140263 0.0237819 0.0290969 0.024471 0.0237577 0.0279562 0.0214327 0.0264573 0.025749 0.0249703 0.0293624 0.0246961 0.0195501 0.024783 0.024207 0.0175354 0.0226413 0.0249919 0.021171 0.0216203 0.0225117 0.0213596 0.017871 0.0207134 0.0307144 0.0378121 0.0372454 0.029634 0.0268044 0.03251 0.0319045 0.0235992 0.0246958 0.0305267 0.0411075 0.0290824 0.0255267 0.0198198 0.0237751 0.0213366 0.0206661 0.0184504 0.0174649 0.0216595 0.0143164 0.0132242 0.0170904 0.0167919 0.0135772 0.0140926 0.0218269 0.0235272 0.0258611 0.0238277 0.0148271 0.0139555 0.0140305 0.012573 0.0110995 0.0120763 0.021494 0.0168814 0.0129756 0.00548983 0.000511205 0 
0 0 0.000416168 0.00832468 0.0126456 0.011262 0.0161323 0.0183092 0.0312932 0.025268 0.0338243 0.0329859 0.0273603 0.0243119 0.0263337 0.0245041 0.02462 0.0269277 0.0154904 0.0202435 0.0238331 0.0238237 0.023077 0.0228022 0.0183986 0.0166888 0.0278053 0.0281874 0.030885 0.0251973 0.0268795 0.0190276 0.0195717 0.0225915 0.0315867 0.035231 0.0469296 0.0450428 0.0352554 0.0215174 0.0237584 0.0251065 0.0263628 0.0237289 0.0187859 0.0176461 0.0238053 0.0141143 0.0198456 0.022942 0.0197854 0.0116649 0.0154594 0.0177584 0.0176861 0.0206225 0.0192594 0.0131329 0.0154459 0.0116301 0.0175269 0.0155763 0.00956684 0.0200697 0.0195405 0.0166322 0.00572738 0.000458881 0 
0 0 0.00114511 0.00913718 0.01146 0.0122918 0.0140392 0.0125354 0.0169928 0.0241158 0.0405691 0.0439855 0.0278225 0.0236679 0.0245921 0.0364399 0.0269037 0.018561 0.0174976 0.0164854 0.0305053 0.0221855 0.015372 0.0205881 0.0233879 0.0183874 0.0239764 0.0269338 0.0267022 0.0255051 0.0232928 0.0195984 0.0205422 0.0251473 0.0357563 0.0367461 0.0368371 0.0395259 0.0339719 0.0190863 0.0144794 0.0191579 0.0161011 0.0236917 0.0172819 0.0181941 0.0247838 0.0184438 0.0219946 0.0281227 0.0267021 0.0135895 0.00907601 0.0105119 0.0135493 0.0181434 0.0188669 0.0164322 0.0145664 0.0153714 0.0159832 0.0164491 0.0158247 0.0235081 0.0191046 0.0196214 0.0159092 0.00424244 0 
0 8.27575e-06 0.00536473 0.0119909 0.0142985 0.0152982 0.0167143 0.0199223 0.0240689 0.019737 0.029372 0.0301046 0.0245845 0.0266433 0.0333988 0.0379732 0.0301705 0.0222547 0.0227816 0.0230968 0.0291687 0.0226611 0.0194508 0.0206157 0.0364056 0.0342173 0.0284013 0.0301151 0.0404391 0.0281618 0.0200704 0.0200295 0.0198333 0.0214476 0.0243852 0.0311217 0.0330157 0.0278376 0.025213 0.0168145 0.0157839 0.0138594 0.0166543 0.0185494 0.0164239 0.0132314 0.0217133 0.0232239 0.0213922 0.0215094 0.0245159 0.0147366 0.0146326 0.0131821 0.0132613 0.0184227 0.0135119 0.0161738 0.0160554 0.0195621 0.0158091 0.019482 0.0255224 0.0237645 0.0173922 0.0188857 0.0220529 0.00759947 0.000125868 
0 0.000714647 0.00711847 0.013686 0.0122943 0.013391 0.0200213 0.0199098 0.0199832 0.0215305 0.0259206 0.0219746 0.0237645 0.0217421 0.0319349 0.0265115 0.0248499 0.0240191 0.0268025 0.0214328 0.0212251 0.0203011 0.020144 0.0214564 0.0236839 0.0287394 0.0266031 0.048513 0.0429275 0.0191549 0.0182265 0.0228174 0.0172732 0.0150422 0.017181 0.0209247 0.0238356 0.0267598 0.0281713 0.0309598 0.0278392 0.0212922 0.0233531 0.0206862 0.0216439 0.0181098 0.0158081 0.0190513 0.0257488 0.0299462 0.0363353 0.0173737 0.0196823 0.0227971 0.0215471 0.0198515 0.0141295 0.0125056 0.0168538 0.0216061 0.0171643 0.0192264 0.027958 0.0335681 0.0235342 0.0209301 0.0107234 0.00575744 0.00058599 
0 0.0037579 0.00696557 0.00924514 0.00437352 0.00566724 0.0115026 0.0196229 0.0257868 0.0167948 0.0158717 0.0186002 0.0196541 0.0192088 0.0212886 0.02138 0.0218179 0.019076 0.024106 0.0250153 0.0226246 0.0162057 0.017899 0.022257 0.0234418 0.0279219 0.0331509 0.047552 0.0325093 0.0203887 0.0209421 0.0189567 0.019682 0.0210202 0.0212955 0.0167968 0.0223956 0.0241278 0.0328421 0.0374584 0.0305618 0.023063 0.0197843 0.0178312 0.0190363 0.0164837 0.0149682 0.0146185 0.0223502 0.0277057 0.0305061 0.0178453 0.0195809 0.0191146 0.0161934 0.0172026 0.0115103 0.0170855 0.0239065 0.0197534 0.0176618 0.0235004 0.0205903 0.0249345 0.0224893 0.0160159 0.0185982 0.0176394 0.00519957 
0 0.00335497 0.00588474 0.0027901 0.000266849 0.000477171 0.00425223 0.0100508 0.0181593 0.0136941 0.0191669 0.021419 0.0164059 0.0233943 0.0201978 0.0158088 0.0228168 0.0237583 0.0269354 0.0256078 0.0253936 0.0212351 0.0268231 0.0310348 0.0431824 0.02264 0.0265021 0.0445786 0.041804 0.037513 0.017795 0.0166823 0.0296287 0.026369 0.0247015 0.0159005 0.0197364 0.0240528 0.0281149 0.0293209 0.0264486 0.0219001 0.016385 0.0168536 0.0192633 0.0188969 0.0169238 0.0177605 0.0235843 0.0215429 0.0248071 0.0203165 0.0188409 0.0179281 0.0209119 0.0120909 0.0126859 0.0165623 0.0279364 0.0342437 0.0303417 0.0249795 0.0226497 0.01577 0.0107453 0.0230735 0.0393272 0.0247337 0.00497839 
0.000122504 0.00322914 0.0157251 0.00705458 0.00399434 0.00359399 0.0042022 0.00560958 0.0105352 0.0128229 0.0196296 0.0207692 0.0227988 0.0225246 0.0168427 0.0234864 0.0228514 0.0234724 0.022947 0.0225527 0.0218245 0.0176332 0.0216992 0.0531105 0.0790388 0.026438 0.0287279 0.0347224 0.0548436 0.0518971 0.0254018 0.0275256 0.0278552 0.025869 0.0271355 0.0283082 0.0311347 0.036296 0.0346857 0.0301499 0.0191162 0.0160523 0.0178501 0.02074 0.0182928 0.0155522 0.0138369 0.0198351 0.0219306 0.0179827 0.0270114 0.0258051 0.0233042 0.0189316 0.020129 0.0171899 0.0210742 0.015549 0.0261208 0.0345012 0.0264841 0.0247336 0.0244019 0.0228787 0.0153692 0.0389113 0.0561805 0.0293791 0.00747563 
0.000276107 0.00325365 0.0136498 0.015191 0.0167908 0.0119496 0.0104992 0.00695761 0.00702442 0.0110208 0.0134492 0.021583 0.0187863 0.0176841 0.0147853 0.0162749 0.0206457 0.0226401 0.0232085 0.0229922 0.0203969 0.0236279 0.0288701 0.025691 0.0251135 0.0316503 0.028181 0.0499173 0.0668969 0.0408168 0.0330351 0.0417298 0.0468438 0.0444529 0.0363092 0.0326179 0.0299469 0.0412595 0.0257464 0.0198461 0.0197698 0.0217253 0.0202847 0.0208854 0.0153268 0.0162323 0.0153286 0.0162465 0.01852 0.018093 0.025029 0.0241562 0.0224994 0.0244554 0.0303003 0.0271974 0.017981 0.0137261 0.0163941 0.0249015 0.0268895 0.0292142 0.0297448 0.0238037 0.016787 0.0273116 0.0298757 0.0269535 0.00493109 
5.46738e-05 0.00149132 0.0104797 0.011614 0.0081836 0.0113797 0.00965909 0.00696717 0.00696922 0.0092669 0.0110631 0.0145203 0.0186429 0.0169054 0.014547 0.0109085 0.0172126 0.0280105 0.0348671 0.0274631 0.0285904 0.0220765 0.0279859 0.028094 0.0270957 0.0435989 0.0292865 0.0661244 0.0756473 0.0347529 0.0382633 0.0752818 0.0713787 0.0585943 0.0449823 0.0458073 0.0541464 0.0464351 0.026587 0.0224612 0.0280426 0.0246728 0.0213047 0.0196453 0.0107876 0.0142254 0.0149952 0.0185343 0.0175088 0.0218348 0.0223106 0.0259741 0.0238744 0.0218441 0.0280101 0.0268713 0.0191659 0.0160522 0.0165596 0.0233717 0.0261495 0.030836 0.0323731 0.0321426 0.0204596 0.0162885 0.0145081 0.0176141 0.00333274 
0 0.000313421 0.00374257 0.00504565 0.0081356 0.0224991 0.010081 0.00651398 0.00489471 0.00656758 0.00784125 0.0106061 0.016675 0.0156585 0.0164134 0.0162652 0.0205132 0.0284483 0.0363539 0.0296948 0.0291069 0.0283341 0.030314 0.0296267 0.0295178 0.037827 0.0255567 0.0338734 0.0499227 0.0511446 0.0560343 0.0668499 0.064933 0.0780255 0.0539864 0.0509479 0.0620946 0.0657802 0.0430636 0.0317415 0.0383702 0.0262495 0.0208865 0.0193008 0.0168294 0.0154633 0.0163887 0.0177756 0.0201843 0.0197782 0.0201835 0.0264004 0.0217636 0.0193751 0.0270027 0.0336268 0.0254951 0.0194488 0.0197716 0.0262912 0.0234163 0.0257084 0.0309699 0.0213819 0.0135209 0.0165775 0.017025 0.0122208 0.00203106 
0 0.000311538 0.00150655 0.00477507 0.0089643 0.0127191 0.0106092 0.00711173 0.00273277 0.00232698 0.00431919 0.00838997 0.0123969 0.0138943 0.0139472 0.0166031 0.0177494 0.0227962 0.0308926 0.0308666 0.0258708 0.033974 0.0392675 0.0284659 0.0351178 0.0247682 0.0234116 0.0320461 0.0255319 0.0345693 0.0440015 0.0336456 0.0369717 0.0498382 0.0247062 0.0235447 0.0387435 0.0564178 0.0434389 0.0330786 0.0528424 0.0379213 0.0244705 0.0295415 0.0259547 0.017722 0.0150397 0.0187243 0.0193152 0.0184053 0.0166004 0.0213616 0.0258447 0.0219413 0.0217199 0.0215764 0.0215269 0.01851 0.0180771 0.0230113 0.0169268 0.0269466 0.0312567 0.0212773 0.0156333 0.0129638 0.013534 0.00801555 0.000502436 
0 0.00109481 0.00235859 0.00670437 0.0121137 0.0118217 0.0102515 0.00773024 0.00156166 0.00128728 0.00280727 0.0100302 0.00891153 0.0105533 0.00893979 0.0184317 0.0174001 0.0159843 0.0191654 0.0270634 0.0272398 0.0265292 0.0424826 0.0303797 0.0277362 0.0192402 0.0228664 0.0252981 0.0285152 0.0319197 0.0274858 0.0296558 0.0276205 0.0251656 0.0248948 0.024667 0.0372563 0.0611285 0.0621412 0.0447382 0.0418921 0.0296226 0.0261047 0.0234827 0.0233113 0.0234484 0.0197546 0.0216799 0.0136128 0.0191608 0.0200067 0.0188664 0.026184 0.0195028 0.0200265 0.0184863 0.0185254 0.0265031 0.0285724 0.0231696 0.0197585 0.0236114 0.0294588 0.0278481 0.014607 0.00860021 0.011955 0.00723424 2.9805e-05 
0 0.00155133 0.00423973 0.00605441 0.00555597 0.00491795 0.00817199 0.00782523 0.01119 0.0110396 0.0122564 0.0104258 0.00991139 0.00950064 0.00880131 0.0147093 0.0175471 0.0154237 0.0165305 0.0248503 0.039917 0.0370943 0.0455462 0.0265166 0.0249198 0.0181814 0.0229227 0.0256232 0.0214676 0.0237508 0.0296033 0.0326072 0.0256998 0.0205376 0.0274976 0.0300593 0.0323425 0.0416889 0.051892 0.0458651 0.0319163 0.0265039 0.0205883 0.0152314 0.0175551 0.0188403 0.0208453 0.0216235 0.0159463 0.0187044 0.0182902 0.0126597 0.0137746 0.0128533 0.0179089 0.0125083 0.0130437 0.0275764 0.0748592 0.0551833 0.0219967 0.0245229 0.0238587 0.0234341 0.0172098 0.0104792 0.00715308 0.00383218 7.94847e-05 
0 0 0.000240028 0.00090878 0.00308042 0.00542364 0.0116121 0.0167662 0.0229227 0.0317331 0.0265192 0.0185994 0.0134543 0.0136948 0.0205917 0.0160982 0.0181361 0.0163528 0.0188812 0.0241935 0.0336317 0.0408218 0.0380453 0.0281337 0.0326043 0.034134 0.0373797 0.0324128 0.023124 0.0265404 0.0250154 0.0239416 0.0244664 0.0298949 0.0263251 0.0225282 0.0185873 0.0227766 0.0247689 0.0198568 0.0215643 0.0247902 0.0168913 0.0156613 0.0151903 0.0196414 0.0230053 0.0191164 0.0188814 0.0186103 0.0170027 0.0159016 0.014958 0.016786 0.0195502 0.0130154 0.0140313 0.0260776 0.0590037 0.052808 0.0276567 0.0229249 0.0248502 0.0222604 0.0235016 0.0190727 0.00895959 0.00400901 2.60129e-05 
0 0.000593398 0.00146814 0.00265295 0.00569016 0.0110269 0.0215772 0.0246747 0.0281076 0.0277356 0.0223613 0.0207815 0.0227571 0.0169625 0.0184869 0.0250666 0.0316739 0.0256843 0.01901 0.0184399 0.0195248 0.0226346 0.0247381 0.0272659 0.0260085 0.0318748 0.0408833 0.029987 0.0355852 0.0315642 0.0226971 0.0181478 0.0186705 0.0222089 0.0207525 0.0194157 0.0196654 0.0214635 0.0187096 0.0169297 0.0218188 0.020923 0.0247454 0.0204722 0.0166151 0.0163257 0.0157832 0.0171958 0.0163837 0.0155933 0.0134951 0.0168314 0.0168161 0.0224797 0.0257842 0.0199191 0.0195625 0.0199539 0.0252174 0.0261487 0.0259413 0.0266625 0.0217574 0.0261479 0.0270788 0.0232924 0.0145784 0.0102769 0.00174802 
0 0.00237185 0.00526098 0.0081777 0.0120267 0.0184855 0.028136 0.0208071 0.0228204 0.0279609 0.0298847 0.0254889 0.0211311 0.0208814 0.0201204 0.0191741 0.0246823 0.0214684 0.0189253 0.0195636 0.0227682 0.0243459 0.0265385 0.02155 0.0253856 0.0255028 0.0359227 0.0328332 0.0391342 0.0291526 0.0234236 0.01646 0.0219252 0.0195243 0.0162711 0.0159421 0.0178334 0.0135853 0.0142795 0.0223585 0.0203844 0.0235248 0.0237966 0.0220615 0.0213495 0.0127177 0.0152901 0.0155725 0.0180217 0.0151235 0.0158628 0.0180831 0.0207045 0.0213976 0.0270516 0.0202218 0.0204684 0.0166107 0.0200182 0.0125697 0.0158126 0.0202773 0.033564 0.0286346 0.0285329 0.021469 0.0258407 0.0243634 0.00598421 
0 0.000393453 0.00494618 0.0079795 0.0101301 0.0183774 0.0225922 0.0246889 0.0191078 0.0162828 0.0220373 0.02483 0.0174499 0.018845 0.0182388 0.0146125 0.0213538 0.0179305 0.0280107 0.0240958 0.0246587 0.0205865 0.0199737 0.0170982 0.0235248 0.0250958 0.0250551 0.0329279 0.0293758 0.0292031 0.0226524 0.0208474 0.0225403 0.0145809 0.0201292 0.0155684 0.00944465 0.0110421 0.0125793 0.0223219 0.0177084 0.0230725 0.0205616 0.0264202 0.0247005 0.01733 0.0219901 0.0223771 0.0214245 0.0244903 0.0177609 0.0189731 0.0189307 0.0193579 0.0215084 0.017734 0.0206669 0.0216539 0.0194995 0.0194415 0.018454 0.0202968 0.0252206 0.0263759 0.0268918 0.0261605 0.0277755 0.0192825 0.00739734 
0 0.00115616 0.00510467 0.0103485 0.0155928 0.017579 0.0209364 0.0355572 0.0208133 0.0103826 0.0105659 0.0214641 0.0189747 0.0182057 0.0216769 0.0165939 0.0241307 0.0234599 0.0308829 0.0288861 0.0249681 0.0248009 0.0201195 0.0212277 0.0189471 0.0243845 0.0245466 0.0243882 0.0224683 0.0184681 0.0199539 0.0219517 0.0191815 0.0155062 0.0204072 0.0196018 0.0131028 0.0075775 0.0107857 0.0202775 0.0327572 0.0385935 0.0231126 0.0255713 0.0269471 0.0242959 0.0290744 0.0303833 0.021647 0.0253037 0.0265056 0.0260895 0.023404 0.018957 0.0235101 0.0195284 0.0176524 0.0217206 0.0225989 0.0269104 0.0264675 0.017468 0.020207 0.0288898 0.0261913 0.022933 0.0233866 0.01315 0.00382245 
0 0.000563199 0.00614549 0.0124776 0.0180573 0.0202296 0.0196015 0.0249827 0.0186518 0.00687023 0.0110622 0.0255292 0.0190663 0.0152643 0.02026 0.0279653 0.0257688 0.0193356 0.0277536 0.0335491 0.0280814 0.026741 0.0278603 0.0218214 0.0229388 0.0188201 0.0248555 0.0182799 0.013132 0.0140183 0.0206215 0.0225312 0.0162219 0.012261 0.016365 0.0201604 0.0173801 0.0111192 0.0130259 0.0201231 0.0255751 0.0197252 0.0157314 0.0194488 0.0194332 0.0187645 0.0245502 0.0303551 0.0311209 0.0263466 0.0279382 0.0294979 0.0235813 0.0227222 0.0286548 0.0244505 0.0184421 0.0193005 0.0228048 0.0265859 0.0215212 0.0240558 0.0190656 0.0279045 0.0307705 0.0259339 0.0192164 0.00798029 0.000763973 
0 0.000193024 0.00380527 0.00954467 0.0169494 0.0226176 0.0257436 0.0192423 0.0136048 0.00648955 0.00853791 0.0214341 0.0217359 0.0159954 0.0199643 0.0219539 0.0179913 0.0219133 0.0261305 0.031754 0.0244446 0.0228336 0.031264 0.0225246 0.0198607 0.0187094 0.0216897 0.0191873 0.0166446 0.021028 0.020114 0.0185817 0.0129337 0.0142192 0.0211968 0.0232775 0.0180994 0.0140077 0.0185168 0.018571 0.0182125 0.0142295 0.0163826 0.0195383 0.023859 0.0206009 0.0198983 0.0213427 0.0249811 0.0199176 0.0283763 0.0343679 0.0179925 0.0164095 0.0237557 0.0254498 0.019211 0.0153025 0.0134122 0.0226439 0.0200003 0.0243604 0.0279485 0.0302207 0.0300837 0.0303342 0.0173162 0.00777828 0.000328345 
0 3.32178e-07 0.0013175 0.00716915 0.0139351 0.0228679 0.0331268 0.0217092 0.0150008 0.0137326 0.0140158 0.0135658 0.0178707 0.0163519 0.017951 0.0239183 0.0264948 0.0308105 0.0297298 0.0351455 0.0276734 0.0207283 0.0230633 0.0211287 0.0187215 0.015894 0.0168028 0.0196989 0.0227511 0.0189786 0.0154113 0.0136842 0.0134221 0.0139055 0.0129219 0.0144338 0.0196455 0.021206 0.0246199 0.0217525 0.0158915 0.0154183 0.0203294 0.0248654 0.0251433 0.0255771 0.0148442 0.0168251 0.0188112 0.0215662 0.0248139 0.0247875 0.0130611 0.00936764 0.0114657 0.0214795 0.019585 0.0133718 0.0141721 0.0158034 0.020116 0.0242848 0.0297074 0.0252535 0.0249427 0.0255706 0.0191135 0.00659397 0.000172158 
0 0 0.000108024 0.00246331 0.0123906 0.02398 0.0262401 0.0209265 0.0190538 0.0122425 0.00660664 0.0131616 0.0202872 0.0184931 0.0179954 0.0229449 0.0284324 0.044548 0.0507309 0.0359584 0.0339211 0.023956 0.0156379 0.0184425 0.0223794 0.0249384 0.0228025 0.0183463 0.0169395 0.0215512 0.017122 0.0162197 0.0211652 0.0127249 0.0124788 0.0144078 0.0196992 0.0183596 0.0169373 0.0235377 0.0210311 0.0126282 0.0227461 0.0184772 0.021361 0.0181293 0.016429 0.0170552 0.0235884 0.0244481 0.0227238 0.029315 0.017416 0.0153688 0.00879677 0.0205978 0.0197055 0.0155107 0.0176018 0.0205854 0.0224886 0.0237972 0.0260511 0.0315025 0.0254346 0.0220303 0.0134765 0.00384109 0 
0 0 0 0.0019095 0.012329 0.0176258 0.0137548 0.0166784 0.0159516 0.0107397 0.00176968 0.00862717 0.0143551 0.0207544 0.0186892 0.0211504 0.0225158 0.0342337 0.0318952 0.0280809 0.024146 0.017554 0.0202269 0.0229333 0.0250217 0.0451353 0.0390686 0.0225381 0.0146255 0.0164206 0.0157305 0.0168799 0.0135955 0.0140926 0.0113194 0.0130785 0.0287215 0.0183832 0.0146651 0.0330471 0.03262 0.0226614 0.0228701 0.0196732 0.0177316 0.0184026 0.017105 0.0204681 0.0253467 0.0273343 0.0265331 0.0281576 0.0195157 0.0156703 0.0129842 0.021708 0.0341011 0.0365506 0.0178986 0.0231227 0.0182604 0.0218035 0.0215034 0.0320279 0.0253344 0.0183625 0.0113956 0.00161667 0 
0 0 0 0.00369371 0.0139016 0.0163429 0.0142112 0.0134896 0.0148919 0.007185 0.00133823 0.0120098 0.0194876 0.0159541 0.0159555 0.0185446 0.0239143 0.0302654 0.0324096 0.0197808 0.0191943 0.016043 0.0167526 0.0241184 0.022839 0.0360927 0.0363717 0.0262165 0.0152966 0.0114609 0.0171697 0.0197939 0.0151116 0.0136322 0.00892423 0.00946146 0.0147709 0.0142006 0.0184854 0.0255199 0.018351 0.0231951 0.019556 0.0234643 0.0164592 0.0202893 0.019631 0.0254713 0.0272738 0.034249 0.0316171 0.0230174 0.0220917 0.0175317 0.021864 0.0198382 0.0383132 0.0420011 0.0220316 0.0195133 0.0169192 0.0232876 0.0226918 0.0250948 0.024753 0.0190019 0.00633656 9.32709e-05 0 
0 0 0 0.000984488 0.00844907 0.0161341 0.013474 0.00944252 0.00452171 0.00216872 0.00214502 0.0182171 0.0181391 0.00776895 0.00937469 0.0143074 0.0211969 0.020347 0.0204786 0.0158556 0.014651 0.016216 0.0183448 0.015907 0.0186255 0.0188145 0.0187064 0.0228297 0.0164188 0.0122394 0.0164758 0.0216173 0.0189307 0.0202518 0.0127964 0.0100798 0.010426 0.00961825 0.0203874 0.0285615 0.0191425 0.0203219 0.0204023 0.0188462 0.0152325 0.015155 0.0170809 0.0234734 0.0253178 0.0250351 0.0222651 0.019581 0.0214161 0.0238335 0.0255679 0.0178971 0.0285769 0.0364049 0.0274113 0.0220515 0.0179926 0.0240859 0.022459 0.0223843 0.0209042 0.0103734 0.00228156 0 0 
0 0 0 4.29153e-05 0.000919638 0.00265309 0.00108165 0.000168793 0 0.000633365 0.00213927 0.0150158 0.0207349 0.00922033 0.00807977 0.0103519 0.0125105 0.0113794 0.0160176 0.0137599 0.00807592 0.00909816 0.01248 0.0196327 0.015686 0.0205033 0.0211189 0.0326928 0.0220848 0.0175263 0.0212341 0.0248734 0.0155313 0.0130012 0.0177253 0.0119391 0.0116395 0.0130325 0.0196403 0.0248358 0.0228168 0.0204219 0.0191643 0.019108 0.0219585 0.0222859 0.0206453 0.0195657 0.0223072 0.0197267 0.0129623 0.00828333 0.0115942 0.0249251 0.0294217 0.018932 0.0265502 0.0338563 0.0340216 0.0296834 0.0207064 0.023976 0.0226833 0.0227969 0.0124095 0.00229892 0.000188089 0 0 
0 0 0 0 0 0 0 0 0.000776977 0.00459579 0.00881137 0.0170124 0.0120208 0.00522414 0.00439334 0.00644236 0.00841906 0.00794041 0.00599416 0.00425561 0.00190452 0.00561163 0.0140137 0.0246271 0.0182075 0.0198694 0.0286792 0.0363147 0.024857 0.0190326 0.0168322 0.0264859 0.020586 0.0109906 0.0106487 0.0165181 0.0228891 0.0229743 0.0150818 0.0153978 0.0191892 0.0231005 0.0233626 0.0225613 0.0220405 0.0258939 0.0224285 0.0141481 0.0150354 0.00853871 0.00433463 0.00542138 0.014473 0.0227332 0.0305471 0.0273284 0.0278492 0.0226604 0.0293528 0.0284399 0.01902 0.0144746 0.0151168 0.0166843 0.00742456 0.00187608 0 0 0 
0 0 0 0 0 0 0 0 0.00100174 0.00545997 0.00817179 0.00600684 0.00325174 0.00711212 0.0101424 0.00757906 0.0106199 0.0127131 0.00873191 0.00712504 0.00986208 0.00803472 0.0116051 0.0249296 0.0178659 0.0135494 0.0266007 0.0450991 0.0381916 0.0229949 0.0143085 0.0170255 0.0140861 0.0161158 0.0126621 0.0134462 0.0220178 0.021661 0.0111396 0.0151441 0.0252914 0.0195787 0.0154575 0.0182129 0.0159999 0.0235095 0.0280867 0.0113834 0.0022814 0.00126717 0.0036657 0.00401176 0.01118 0.0160563 0.0277706 0.0296955 0.0309702 0.0262176 0.0324334 0.0409839 0.0232544 0.0135484 0.0083199 0.0107553 0.00340945 0.000454814 0 0 0 
0 0 0 0 0 0 0 0 2.46256e-05 0.000394255 0.000284547 0.00095833 0.00508479 0.0157321 0.0185163 0.014918 0.0202383 0.0197826 0.0152377 0.0171325 0.0153541 0.0141827 0.0155727 0.0213932 0.0209412 0.0151314 0.015313 0.0238257 0.0300801 0.022404 0.0151471 0.0168515 0.022888 0.0226688 0.0171911 0.0262189 0.0337965 0.0254843 0.0175065 0.0196056 0.025691 0.0257197 0.0140321 0.0179669 0.0219815 0.0345023 0.0519462 0.0233298 0.00104493 0.00268707 0.00726167 0.00456453 0.00569541 0.0108748 0.0239236 0.0300998 0.031014 0.0264031 0.0309496 0.037364 0.0280325 0.027118 0.00621967 0.00331246 0.000530763 0 0 0 0 
0 0 0 0 0 0 0 0 0 2.54116e-06 0.000760796 0.00412707 0.010847 0.0135277 0.0190966 0.0201081 0.0183788 0.0225901 0.023755 0.0246737 0.0229147 0.0146583 0.0183788 0.0178633 0.0232476 0.019795 0.0195659 0.0277671 0.032943 0.0204339 0.0190518 0.0129959 0.0203616 0.0206371 0.0188919 0.0228037 0.0411243 0.0275353 0.0185721 0.013421 0.0137816 0.0144113 0.00751254 0.0072171 0.0153376 0.0276337 0.0491513 0.0150554 0.00125732 0.00243596 0.00586453 0.00439422 0.0126103 0.0156169 0.0163944 0.0245606 0.0255635 0.0258349 0.0338655 0.0330759 0.0271212 0.0278391 0.00670215 9.94391e-05 1.44245e-05 0 0 0 0 
0 0 0 0 0 0 0 0 0.000333095 0.00156955 0.00550759 0.00644086 0.00705506 0.00994975 0.0152578 0.0250607 0.0257687 0.0286451 0.0201015 0.0237498 0.0279847 0.0191363 0.0155876 0.0166963 0.0244844 0.0259922 0.0236339 0.0229442 0.0202159 0.0211025 0.0154702 0.0192271 0.0267902 0.025625 0.0210417 0.0197334 0.027825 0.0170303 0.00929546 0.00723706 0.00606696 0.00427539 0.00170625 0.00121202 0.00529659 0.0120316 0.0204367 0.00748655 0.00171523 0.00192379 0.00457644 0.00838282 0.0196252 0.0201682 0.0160174 0.0245301 0.0238238 0.0257316 0.025448 0.0204068 0.0158386 0.0137525 0.00285564 0 0 0 0 0 0 
0 0 0 0 0 0 0 3.76535e-06 0.00243747 0.0117136 0.0130424 0.0136327 0.0124171 0.0105101 0.0162394 0.0218443 0.0211198 0.0288154 0.0277685 0.0260777 0.0211777 0.0221084 0.0207058 0.0201444 0.0274761 0.0243273 0.0189633 0.0157712 0.0157954 0.0161493 0.0133954 0.0160227 0.0213421 0.0210166 0.016137 0.0181705 0.0170634 0.0118923 0.00842463 0.00362714 0.0018469 0.0014507 0.00190729 0.00177132 0.00104791 0.00133442 0.00247538 0.00264479 0.00713768 0.00648676 0.00501221 0.0103284 0.0263148 0.0314973 0.022467 0.0201226 0.0194986 0.020108 0.0237373 0.018327 0.0108517 0.00532878 0.00071324 0 0 0 0 0 0 
0 0 0 0 0 0 0 9.60527e-06 0.00384593 0.0111057 0.0157805 0.0178093 0.0151658 0.0137416 0.0223444 0.0261353 0.0195995 0.0251822 0.0216739 0.0219181 0.0245312 0.0186314 0.0188409 0.017035 0.0222281 0.0209874 0.0207265 0.0168421 0.00918199 0.00998926 0.0116317 0.018766 0.0217801 0.0182551 0.0130209 0.00952734 0.0113782 0.0169761 0.0090475 0.00459838 0.00344432 0.00689986 0.0101754 0.0103752 0.00877303 0.00169122 0.00159103 0.00338956 0.0106531 0.01046 0.00574054 0.00446383 0.0179992 0.0292595 0.0239487 0.0179953 0.020374 0.0267169 0.0223931 0.0175026 0.00901229 0.00156593 4.0345e-05 0 0 0 0 0 0 
0 0 0 0 0 0 0 0 0.000601105 0.0101833 0.0155872 0.0136182 0.0111765 0.0169529 0.018387 0.0253029 0.0198993 0.0200694 0.0208736 0.0194178 0.0197873 0.0231622 0.0342764 0.0227174 0.0187954 0.0166012 0.0209939 0.0148402 0.0119976 0.00907502 0.0135691 0.0225948 0.0250248 0.0175356 0.0161509 0.0143996 0.014674 0.0176961 0.0147683 0.00415139 0.0061697 0.0100545 0.0118116 0.00706504 0.011044 0.00742697 0.00578573 0.00649016 0.0114659 0.00913053 0.00980491 0.00915857 0.00723442 0.0204389 0.0263839 0.0213752 0.0243425 0.0266478 0.022227 0.0110812 0.00179307 0.000127293 0 0 0 0 0 0 0 
0 0 0 0 0 0 0 0 0 0.000851348 0.00358152 0.0121765 0.0191831 0.0164045 0.0198084 0.0144643 0.0173195 0.0196171 0.0227188 0.0178939 0.0200041 0.0183291 0.0250117 0.0206523 0.0201002 0.018433 0.0143926 0.0104774 0.0110052 0.012949 0.0211141 0.021662 0.0173913 0.0133517 0.00970146 0.0152741 0.0138031 0.00978303 0.0111014 0.00778771 0.00791366 0.00917954 0.00634 0.00831856 0.00757889 0.0104597 0.014533 0.0139953 0.0201477 0.024855 0.0215599 0.0178975 0.00753892 0.0173289 0.0188427 0.0150426 0.0221127 0.019413 0.0162963 0.00238414 0.000190297 0 0 0 0 0 0 0 0 
0 0 0 0 0 0 0 0 0 0 0.000223623 0.00350984 0.011541 0.00943546 0.0137396 0.0147951 0.0167193 0.0157958 0.0183241 0.0179281 0.0206839 0.0154711 0.0210341 0.0188997 0.0192859 0.0173418 0.0142191 0.0173632 0.0134641 0.0166157 0.0177291 0.0171196 0.00552639 0.00168077 0.00152801 0.00479233 0.0163547 0.0097461 0.00633755 0.00841972 0.0165535 0.0163038 0.0119241 0.00778307 0.00904079 0.019724 0.0317799 0.0180781 0.0128038 0.0283765 0.0225253 0.0178109 0.010109 0.0121177 0.00898803 0.00469319 0.00971729 0.00828774 0.00311815 0.000397334 0 0 0 0 0 0 0 0 0 
0 0 0 0 0 0 0 0 0 0 0 0 0.00106238 0.00417501 0.00974251 0.0170192 0.0193513 0.0153421 0.0191215 0.015132 0.0138916 0.0179256 0.0144996 0.0168853 0.0267789 0.0164811 0.0109055 0.0150105 0.0153359 0.0169121 0.0200863 0.0234807 0.00717434 0.00313629 0.00713249 0.00780261 0.0164712 0.0227063 0.0129024 0.0117939 0.0425077 0.0495536 0.0138979 0.00979491 0.00771903 0.0180821 0.0188657 0.0131258 0.00961757 0.0116531 0.0142837 0.0142628 0.0145822 0.00675415 0.00181213 0.00102008 0.000461951 5.93934e-05 0 0 0 0 0 0 0 0 0 0 0 
0 0 0 0 0 0 0 0 0 0 0 0 0 0.000597741 0.00810035 0.00981975 0.0142763 0.0132465 0.0146631 0.00939645 0.0098636 0.0100098 0.0153466 0.0265421 0.024146 0.0142585 0.0192968 0.013615 0.013857 0.0164405 0.0172908 0.0185892 0.00332396 0.00851351 0.0107564 0.00795313 0.00958103 0.0153012 0.0157685 0.0146844 0.0190458 0.020632 0.00884591 0.00904801 0.0105717 0.00907117 0.00755259 0.0085993 0.00985968 0.0129372 0.0117536 0.0140978 0.0118952 0.00545992 0.000758079 0 0 0 0 0 0 0 0 0 0 0 0 0 0 
0 0 0 0 0 0 0 0 0 0 0 0 0 0 0.000343061 0.00580017 0.0107036 0.0141626 0.0164468 0.0169486 0.0148656 0.0130469 0.0131613 0.0173553 0.0097674 0.0067833 0.019989 0.0226685 0.0178134 0.0146645 0.00954648 0.005725 0.000534997 0.00558409 0.0105201 0.0116209 0.0122017 0.0122851 0.0146152 0.0132744 0.00968325 0.0157643 0.0180962 0.0138855 0.0108448 0.00823836 0.00715258 0.00754029 0.0119791 0.0121132 0.00718819 0.00754969 0.00519412 0.00152667 0.000287418 0 0 0 0 0 0 0 0 0 0 0 0 0 0 
0 0 0 0 0 0 0 0 0 0 0 0 0 0 5.6559e-06 0.000353279 0.00190631 0.00412975 0.00951015 0.0113057 0.0134603 0.0108651 0.0101863 0.00422013 0.00301178 0.00350094 0.0144403 0.0249064 0.0172235 0.0153738 0.0105795 0.00311945 0.000671173 0.00884346 0.0167655 0.0215199 0.0197798 0.0152346 0.0206262 0.0187776 0.0150896 0.0188542 0.0202232 0.0170659 0.00963398 0.00966059 0.0101926 0.00981994 0.00482327 0.00324066 0.00268799 0.00253804 0.00134154 0 0 0 0 0 0 0 0 0 0 0 0 0 0 0 0 
0 0 0 0 0 0 0 0 0 0 0 0 0 0 0 0 0 0.000217776 0.00317035 0.010385 0.013913 0.0085516 0.0100537 0.00521097 0.00305279 0.00677559 0.0095561 0.0133717 0.0102535 0.0135532 0.00769212 0.00411452 0.000578328 0.00894103 0.0152776 0.0168622 0.0144555 0.0144814 0.00925551 0.0138031 0.0132534 0.0168277 0.018296 0.0193533 0.0158581 0.0162586 0.0147588 0.00702977 0.00117131 0.000134783 0.000994802 0.000993504 0.000199587 0 0 0 0 0 0 0 0 0 0 0 0 0 0 0 0 
0 0 0 0 0 0 0 0 0 0 0 0 0 0 0 0 0 9.49332e-06 0.000328016 0.00299557 0.00626993 0.006292 0.00920144 0.00287979 0.00141646 0.00489599 0.00843265 0.0110604 0.0084932 0.0116723 0.0133342 0.00670442 0.000280391 0.00393213 0.0106119 0.00985156 0.00473764 0.0114017 0.00799587 0.0077545 0.0132497 0.0135821 0.0175196 0.0154588 0.0135377 0.0131473 0.0110558 0.00663177 0.000201768 0 0 0 0 0 0 0 0 0 0 0 0 0 0 0 0 0 0 0 0 
0 0 0 0 0 0 0 0 0 0 0 0 0 0 0 0 0 0 0 0 9.62928e-05 0.000508788 0.00127234 3.31169e-05 0.00232714 0.00296006 0.00599553 0.00791413 0.00532616 0.00962337 0.0176456 0.00977338 0.002587 0.00199776 0.00788917 0.0369416 0.0207202 0.00837854 0.00548512 0.0040612 0.00693777 0.0152743 0.00922717 0.00678258 0.0142021 0.00749828 0.0038296 0.00167132 1.96536e-06 0 0 0 0 0 0 0 0 0 0 0 0 0 0 0 0 0 0 0 0 
0 0 0 0 0 0 0 0 0 0 0 0 0 0 0 0 0 0 0 0 0 0 0 0 0.000483026 0.000759709 0.00270984 0.00600083 0.000706613 0.00323868 0.0069966 0.00441466 0.00539544 0.00191704 0.0125744 0.0315607 0.0182316 0.0110228 0.000712411 0.00120219 0.00110902 0.00241548 0.00292177 0.00274445 0.00416247 0.00372093 3.65449e-05 0 0 0 0 0 0 0 0 0 0 0 0 0 0 0 0 0 0 0 0 0 0 
0 0 0 0 0 0 0 0 0 0 0 0 0 0 0 0 0 0 0 0 0 0 0 0 0 0 6.02012e-05 0.000125805 0 0.000236164 0.00107369 0.00128053 0.00232501 0.00116523 0.0031092 0.00999811 0.00189149 0.00195708 3.77105e-05 0 0 0 1.5931e-05 8.82963e-06 4.37312e-06 0 0 0 0 0 0 0 0 0 0 0 0 0 0 0 0 0 0 0 0 0 0 0 0 

