0 0 0 0 0 0 0 0 0 0 0 0 0 0 0 0 0 0 0 0 0 0 0 0 0 0 0 0 0 0 0 0 0 0 0 0 0 0 0 0 0 0 0 0 0 0 0 0 0 0 0 0 0 0 0 0 0 0 0 0 0 0 0 0 0 0 0 0 0 
0 0 0 0 0 0 0 0 0 0 0 0 0 0 0 0 0 0 0 0 0 0 0 0 0 0 0 0 0 0 0 0 0 0 0 0 0 0 0 0 0 0 0 0 0 0 0 0 0 0 0 0 0 0 0 0 0 0 0 0 0 0 0 0 0 0 0 0 0 
0 0 0 0 0 0 0 0 0 0 0 0 0 0 0 0 0 0 0 0 0 0 0 0 0 0 0 0 0 0 0 0 0 0 0 0 0 0 0 0 0 0 0 0 0 0 0 0 0 0 0 0 0 0 0 0 0 0 0 0 0 0 0 0 0 0 0 0 0 
0 0 0 0 0 0 0 0 0 0 0 0 0 0 0 0 0 0 0 0 0 0.000184127 0.0015288 0.00424673 0.000887602 0 0 0 0 0 0 0 0 0 0 0 0 0 0 0 0 0 0 0 0 0 0 0 0 0 0 0 0 0 0 0 0 0 0 0 0 0 0 0 0 0 0 0 0 
0 0 0 0 0 0 0 0 0 0 0 0 0 0 0 0 0 0 0 0 0.000560773 0.00495362 0.0133064 0.0149887 0.00774297 0.000340736 0 0 0 0 0 0 0 0 0 0 0 0 0 0 0 0 0 0 0 0 0 0 0 0 0 0 0 0 0 0 0 0 0 0 0 0 0 0 0 0 0 0 0 
0 0 0 0 0 0 0 0 0 0 0 0 0 0 0 0 0 0 0 1.62102e-05 0.0059012 0.0135235 0.0155286 0.0216609 0.0188212 0.00298525 0.000108138 0.000111945 0.000350951 0.000643013 0.00153779 0.000146448 0 0 0 0 0 0 0 0 1.39009e-05 0.000911474 0.000556424 0.000925864 0.000498716 8.55243e-05 0 0 0 0 0 0 0 0 0 0 0 0 0 0 0 0 0 0 0 0 0 0 0 
0 0 0 0 0 0 0 0 0 0 0 0 0 0 0 0 0 0 0 0.000574615 0.012854 0.0193157 0.0144692 0.0186091 0.0168979 0.00906076 0.00148145 0.00725957 0.00979007 0.0123875 0.0105707 0.000909665 0 0 0 0 0 2.24248e-05 0.000723228 0.00166649 0.00307489 0.00750626 0.0101749 0.011454 0.0101244 0.00676272 0.000956601 1.9765e-05 2.32246e-06 6.43694e-05 1.76654e-05 2.14137e-06 0 0 0 0 0 0 0 0 0 0 0 0 0 0 0 0 0 
0 0 0 0 0 0 0 0 0 0 0 0 0 0 0 0 0 0 0 0.0021521 0.00970716 0.0155093 0.0173578 0.0138919 0.012624 0.0135141 0.010471 0.0132677 0.0153859 0.0149456 0.0107427 0.0014772 0 0 0 1.04342e-05 0.000993031 0.00211976 0.00653244 0.00739771 0.0075586 0.00950594 0.0114489 0.0123356 0.0205374 0.0203597 0.0128273 0.0045371 0.00334918 0.00580861 0.00272814 0.000493493 0 0 0 0 0 0 0 0 0 0 0 0 0 0 0 0 0 
0 0 0 0 0 0 0 0 0 0 0 0 0 0 0.00013346 0.00024515 0.00129908 0.00173503 0.00257093 0.00583997 0.0120771 0.0174741 0.0167159 0.0126952 0.0157037 0.0200629 0.0184531 0.0185057 0.00887696 0.00956447 0.00470317 0.000246957 0 0.000285346 0.00191656 0.00249363 0.00563986 0.00892969 0.0142497 0.0139649 0.0137284 0.013726 0.0144956 0.0131236 0.0104119 0.0104273 0.0151142 0.0141283 0.00812764 0.0115284 0.0086882 0.00574816 0.000206073 0 0 0 0 0 0 0 0 0 0 0 0 0 0 0 0 
0 0 0 0 0 0 0 0 0 0 0 0 0.000210645 0.00228524 0.00583183 0.00669272 0.0103703 0.0123834 0.010637 0.0124184 0.0176184 0.0207907 0.0163052 0.0127144 0.0164924 0.0155197 0.0106416 0.0189988 0.013214 0.00439836 0.00151569 0.000410972 0.00201184 0.00308153 0.00453279 0.00928906 0.0121165 0.0111085 0.0149529 0.0147639 0.0201248 0.0208217 0.01752 0.0132422 0.00931535 0.00684558 0.0089756 0.00867512 0.00963505 0.0100029 0.0121496 0.0088337 0.000156924 0 0 0 0 0 0 0 0 0 0 0 0 0 0 0 0 
0 0 0 0 0 0 0 0 0 0 0 5.58916e-05 0.00351001 0.00958795 0.0105027 0.011935 0.0145129 0.021749 0.0239023 0.015746 0.0234153 0.0211731 0.0151051 0.0145762 0.0184929 0.0141192 0.00479138 0.0142386 0.0119378 0.000961976 1.41283e-05 0.000711364 0.00416666 0.00691719 0.00382374 0.0107805 0.0159073 0.016253 0.00882241 0.0135957 0.0154064 0.0173225 0.0164268 0.0195474 0.0116945 0.00746695 0.00304961 0.00827213 0.0138146 0.00992999 0.0165948 0.00861774 0.000327923 0 0 0 0 0 0 0 0 0 0 0 0 0 0 0 0 
0 0 0 0 0 0 0 0 0 0 1.39744e-05 0.00207581 0.0067019 0.005881 0.00889841 0.0106595 0.014598 0.0206625 0.0194978 0.0147794 0.0174856 0.014601 0.0127343 0.0137729 0.0101121 0.00563109 0.0014535 0.00346406 0.00105152 5.45029e-06 0.000692474 0.00438171 0.00698284 0.00898886 0.00897342 0.0138383 0.0104327 0.0109557 0.00493607 0.0079894 0.0177814 0.0376075 0.0354527 0.0200044 0.0104782 0.00414949 0.00198905 0.00525774 0.0110489 0.00819206 0.0151833 0.00663563 0.000334699 0 0 0 0 0 0 0 0 0 0 0 0 0 0 0 0 
0 0 0 0 0 0 0 0 0 2.16156e-05 0.000322264 0.00495852 0.00620709 0.0114132 0.0172725 0.0187857 0.0228849 0.0224508 0.0218257 0.0226489 0.0211526 0.0175075 0.0151867 0.0149993 0.0143846 0.00393232 0.000168516 0 2.96905e-06 0.00112318 0.00278457 0.010271 0.0158149 0.0148473 0.0160677 0.0139171 0.0132496 0.0141073 0.0118862 0.0153214 0.0189195 0.0292302 0.0208633 0.00693847 0.00790844 0.0107296 0.0155296 0.00833094 0.0112691 0.0104336 0.010349 0.00582161 0.000105921 0 0 0 0 0 0 0 0 0 0 0 0 0 0 0 0 
0 0 0 0 0 0 0 0 8.61207e-05 0.000759546 0.00575824 0.00965913 0.0116976 0.0137796 0.016005 0.0148244 0.0239134 0.0206672 0.018715 0.0159804 0.0211897 0.0232553 0.0197512 0.0100879 0.00895613 0.000748386 7.53355e-07 0 0.000264734 0.00684857 0.0105951 0.0207246 0.0168556 0.0177948 0.0110422 0.00994239 0.0127675 0.00956651 0.0169971 0.0198162 0.0148071 0.00590735 0.00257315 0.00380708 0.00815879 0.00752356 0.0176842 0.0181173 0.0126951 0.0117555 0.0127693 0.00956504 0.00252771 0.000809513 0.000146083 1.09604e-06 0 0 0 0 0 0 0 0 0 0 0 0 0 
0 0 0 0 0 0 0 0 0.001026 0.00374884 0.011201 0.0132243 0.0195319 0.0168214 0.0182673 0.0175387 0.0208807 0.0184542 0.0201001 0.0125497 0.0155514 0.015896 0.0111374 0.00579477 0.00179898 0.000106329 4.66574e-05 0.00175911 0.00662262 0.0135173 0.0145572 0.0194324 0.0148947 0.015392 0.00677784 0.00768658 0.0097076 0.0111447 0.0159463 0.0102905 0.00521359 0.000339564 0.00133065 0.00295908 0.00146757 0.0009985 0.00252188 0.00851804 0.0132313 0.0138587 0.0114483 0.0123926 0.0134217 0.00742546 0.00323327 0.0017738 0.000992589 0.000119999 0 0 0.000497706 0.00178002 0.000439321 0 0 0 0 0 0 
0 0 0 0 0 0 0.000183287 0.000381148 0.00257306 0.00959594 0.0183114 0.0205038 0.0308015 0.0215276 0.0263829 0.0188957 0.0184887 0.0188192 0.0194422 0.010079 0.0134326 0.0145822 0.00762473 0.00412759 0.00218175 0.000228873 0.00108099 0.00403832 0.00991534 0.0109592 0.00983603 0.0118386 0.0107599 0.0107939 0.0080693 0.00630094 0.00519639 0.0137737 0.0115231 0.0066086 0.0050023 0.00143183 0.00477865 0.0104505 0.00821248 0.00690944 0.00465095 0.00300669 0.00748713 0.0131781 0.0116758 0.0122587 0.0130409 0.0133902 0.0118914 0.0160087 0.0132681 0.00202119 0.000130015 0 0.0106002 0.0224497 0.0101057 0.000468053 0 0 0 0 0 
0 0 0 0 0 0 0.00137483 0.00130634 0.00232608 0.015291 0.0234385 0.0186093 0.021666 0.0175179 0.0177887 0.016881 0.0174878 0.0118795 0.0121741 0.00598795 0.0166322 0.0136628 0.00511767 0.00204162 0.00295677 0.00112375 0.00181759 0.00314942 0.00449208 0.00551637 0.00553287 0.00542924 0.00701095 0.00385178 0.00821404 0.00959658 0.015093 0.0169841 0.0114084 0.0116156 0.0137501 0.0118523 0.010056 0.00794415 0.0150609 0.0167227 0.0126875 0.00493782 0.00276509 0.0134519 0.0140479 0.0159102 0.0197913 0.0210863 0.0179115 0.0181638 0.0194889 0.011468 0.0025694 0.000169938 0.0071864 0.0130706 0.0127833 0.00519263 5.7231e-05 0 0 0 0 
0 0 0 0 0 0.00067514 0.00398567 0.00131664 0.00234766 0.00883718 0.0154403 0.0186392 0.0160564 0.0186527 0.0135887 0.0156096 0.0107115 0.00517281 0.00631088 0.0101574 0.0136903 0.0122566 0.00400491 0.00616518 0.00857211 0.00378825 0.00273788 0.0103652 0.00961328 0.00675281 0.0070909 0.00491591 0.00743128 0.00598003 0.0121906 0.018513 0.0213084 0.0214819 0.0151295 0.0152157 0.0155054 0.0128035 0.0135623 0.0130386 0.0141917 0.0123917 0.0106803 0.00777676 0.00179685 0.00523198 0.00865036 0.0137375 0.028937 0.0310077 0.0256252 0.0222844 0.0214537 0.0140716 0.00738029 0.00325964 0.00485952 0.00611385 0.00964861 0.00587109 0.000421043 0 0 0 0 
0 0 0 0 1.86231e-05 0.00215846 0.00712079 0.00145258 0.00176378 0.00899353 0.0116421 0.0159588 0.0129091 0.0134139 0.0178965 0.0157698 0.00882142 0.0077208 0.0153379 0.00959517 0.0170826 0.0159817 0.0128774 0.0191223 0.0154159 0.00528086 0.00461196 0.0140336 0.0219735 0.00686376 0.00462708 0.0052313 0.0101637 0.00549095 0.0160655 0.0211174 0.0163797 0.0157772 0.0124007 0.0140493 0.0206612 0.0205741 0.0229291 0.022424 0.0205501 0.0163878 0.0126738 0.0127805 0.00212077 0.00166603 0.00174347 0.00489054 0.0113468 0.00890498 0.0104887 0.0101195 0.0115367 0.0106409 0.00519508 0.00293912 0.00695003 0.00581735 0.00787782 0.0059578 0.000317016 0 0 0 0 
0 0 0 0 0.0003047 0.00857479 0.00818966 0.0018698 0.000247132 0.00990122 0.0111452 0.0134719 0.0228715 0.0185604 0.0124744 0.0167501 0.0064934 0.00464949 0.0103228 0.0117869 0.0139531 0.0216723 0.0236413 0.0301725 0.0279193 0.00984096 0.00196405 0.00621552 0.0104041 0.00497581 0.00847563 0.00992316 0.00822021 0.0144215 0.0198659 0.0116856 0.00980941 0.0112923 0.0165817 0.0273293 0.0327714 0.0327253 0.035732 0.0412869 0.0303127 0.0175061 0.0104111 0.0157662 0.00618731 0.000944878 0.000687409 0.00171363 0.00187662 0.00354651 0.000871144 0.000464506 0.0011128 0.00271729 0.00268315 0.00768014 0.013337 0.0143527 0.0104233 0.00227695 3.79464e-05 0 0 0 0 
0 0 0 0 0.000279078 0.00431049 0.00813846 0.00382032 0.000835196 0.00850527 0.01072 0.0176206 0.0225656 0.0110278 0.00753296 0.0133514 0.00875808 0.00632608 0.00659119 0.00719914 0.0128667 0.0154626 0.0207116 0.0225903 0.0200978 0.00878164 0.0035827 0.00377122 0.00936667 0.00732714 0.0112423 0.00955335 0.0108173 0.0136828 0.0193242 0.0104355 0.022725 0.0330644 0.0329404 0.0285926 0.0276902 0.021207 0.0194722 0.0238953 0.0208867 0.0130474 0.0122831 0.0156317 0.00572684 0.00153949 0.000783025 0.000676987 0.000194052 0.000781507 0.000368289 0.00102197 0.00134777 0.00244659 0.00349784 0.00598237 0.0091316 0.00802406 0.00374599 0.000194351 0 0 0 0 0 
0 0 0 0 0 0.000412477 0.00309286 0.0077199 0.00520914 0.00414679 0.0090043 0.0138248 0.0229507 0.00696394 0.00419072 0.0107864 0.0135731 0.00689288 0.00974066 0.0121848 0.011862 0.011951 0.0155021 0.0125724 0.0189063 0.00830624 0.00525237 0.00323593 0.0090537 0.00905132 0.0101883 0.00836483 0.0156039 0.0129997 0.0112442 0.0172383 0.0403804 0.0466049 0.0284002 0.0257461 0.0258255 0.0238528 0.0188075 0.0178514 0.0158846 0.0109054 0.0124857 0.014459 0.00786961 0.00189074 0.00125775 0.000478558 0.00100457 0.000809138 0.000447725 0.000300808 0.000227527 8.37525e-05 0.00094384 0.000810389 0.000150669 0.000138143 7.88468e-05 0 0 0 0 0 0 
0 0 0 0 0 0 0.000729781 0.00427434 0.00710604 0.00818855 0.00510068 0.00631455 0.010791 0.00687256 0.00647465 0.0088496 0.0122858 0.00780976 0.00864676 0.011972 0.00829351 0.0164658 0.0136476 0.0216971 0.0202885 0.00975808 0.00588109 0.00534412 0.00851777 0.00686308 0.00917702 0.0110836 0.0115013 0.0104214 0.00913117 0.0124156 0.0223967 0.0262516 0.0241914 0.027426 0.0266798 0.0289692 0.0294303 0.0170593 0.0138515 0.0099951 0.00992437 0.0137426 0.0120369 0.00207359 0.00044798 0.00157129 0.00560671 0.00736998 0.00406549 0.00180308 0.000859894 0 0 0 0 0 0 0 0 0 0 0 0 
0 0 0 0.000630833 0.00193733 0.00339794 0.000421318 6.64261e-05 0.00168891 0.00568598 0.00424118 0.00182837 0.00349369 0.00300566 0.00152152 0.00596817 0.0159806 0.0123058 0.00428547 0.00903222 0.00850364 0.010613 0.0118975 0.0191065 0.0178572 0.00712136 0.00219522 0.0098654 0.0168729 0.0110071 0.00922424 0.0133166 0.00815723 0.00679454 0.0118434 0.013865 0.0103528 0.0166501 0.0134451 0.0165289 0.0204649 0.0233392 0.0228657 0.01823 0.0117231 0.00914631 0.01475 0.0155822 0.0117644 0.00300613 0.000148604 0.00359522 0.0128896 0.0105824 0.00801775 0.00897339 0.00355906 0.000599155 5.56248e-05 0 0 0 0 0 0 0 0 0 0 
0 0 0.000174521 0.00328414 0.00905736 0.0105179 0.00411978 0.00124559 0.000101421 4.52666e-05 0.000133337 0.0011402 0.00181568 0.00191142 0.00129765 0.00264058 0.0089172 0.0116211 0.00498569 0.0111602 0.00747198 0.00940355 0.0140982 0.017068 0.0157138 0.0030179 0.00550512 0.0122929 0.0206566 0.017632 0.00995454 0.0130999 0.0107447 0.017041 0.0250173 0.0199366 0.0102655 0.00817495 0.00578314 0.00880763 0.0118304 0.0155256 0.0243854 0.0210379 0.0173411 0.0043613 0.0128491 0.0102716 0.00705148 0.00238745 0.00039144 0.00133105 0.00811105 0.0102037 0.0127233 0.0171749 0.0114778 0.00724836 0.00144786 0.000232264 0 0 0 0 0 0 0 0 0 
0 0 0.00044805 0.00822075 0.0161977 0.0118728 0.0159741 0.00873675 0.00341427 0.00337011 0.00133644 0.00201347 0.00242742 0.00226942 0.00168346 0.00170474 0.00848241 0.0135257 0.00602685 0.00553801 0.00690321 0.00663808 0.0146175 0.0132836 0.00383941 0.00131128 0.0118131 0.0157824 0.0121778 0.0145062 0.0128478 0.0130966 0.0173145 0.0305136 0.0339232 0.0207357 0.0147331 0.0206324 0.0112526 0.00680459 0.00703301 0.0103118 0.0194702 0.0313946 0.0257302 0.0174467 0.0106189 0.00603167 0.00683733 0.00847231 0.00410147 0.00111727 0.00127997 0.00365948 0.00846789 0.0158978 0.0112262 0.00975521 0.00549011 0.000928662 0.00021154 0 0 0 0 0 0 0 0 
0 0 0.00104052 0.00943495 0.0159188 0.0153195 0.0184931 0.0164528 0.0106531 0.00781688 0.00754653 0.000584016 0.00183401 0.000959248 0.00143381 0.00206934 0.0105451 0.0131055 0.00661311 0.00217877 0.00414414 0.00594761 0.00868952 0.00387976 0.00150992 0.00486792 0.0176043 0.0169485 0.014678 0.0118274 0.0165116 0.0190329 0.0263453 0.0339045 0.0244687 0.0116249 0.0178271 0.0286068 0.0322323 0.0104384 0.00912958 0.00815655 0.0116009 0.0307012 0.0321015 0.0331571 0.0163533 0.00961877 0.00573434 0.00720309 0.0107581 0.0076843 0.00604665 0.0062866 0.0132396 0.0180509 0.0139823 0.0113822 0.00795263 0.0020209 9.13801e-05 0 0 0 0 0 0 0 0 
0 0 5.76365e-05 0.00325575 0.016729 0.0154612 0.0177843 0.0176349 0.00959695 0.00751506 0.0127478 0.00279263 0.00398115 0.000988399 0.00277527 0.00153506 0.012478 0.0170503 0.00525422 0.00156253 0.0033715 0.0059028 0.00468547 0.00376258 0.0023169 0.00268631 0.0154036 0.017402 0.0133795 0.0161002 0.017847 0.0253589 0.0292395 0.0260047 0.00834366 0.0188701 0.0224987 0.0392043 0.0350125 0.0177501 0.00657151 0.00976261 0.0119149 0.0113333 0.0101207 0.0129385 0.012695 0.0183904 0.00789151 0.00571849 0.0104485 0.0162074 0.01693 0.0104967 0.0109572 0.0105985 0.00580561 0.00955805 0.0129364 0.0033348 0 0 0 0 0 0 0 0 0 
0 0.000248344 0.00330133 0.00708566 0.0165775 0.0174625 0.0118651 0.00822619 0.00918049 0.00973168 0.0081524 0.00150275 0.000718608 0.000791979 0.00302631 0.000836502 0.0123148 0.0127026 0.00506317 0.00358437 0.00787749 0.00617837 0.00329657 0.00296329 0.00359459 0.00312168 0.00991746 0.0119421 0.0118142 0.0141892 0.0196466 0.0288686 0.0266507 0.0176525 0.00681121 0.0127952 0.0173866 0.0171419 0.0217687 0.0215914 0.00945036 0.00883349 0.00655751 0.00561148 0.00819065 0.00948652 0.0120889 0.0146034 0.0155348 0.00756871 0.00379339 0.0145782 0.0182997 0.0109153 0.0100056 0.00929522 0.00457557 0.013883 0.0163372 0.00831336 0.00036574 0 0 0 0 0 0 0 0 
2.13738e-07 0.00211858 0.0126511 0.0153594 0.0120571 0.0114057 0.0136172 0.0193197 0.0136337 0.0157015 0.00929048 0.00325258 0.0085313 0.0112793 0.00715787 0.00237385 0.00383027 0.00752811 0.00727008 0.00514358 0.0108371 0.0102203 0.00603151 0.00338961 0.00327914 0.00269638 0.00505388 0.0112205 0.0116846 0.0121103 0.0164069 0.0199818 0.0306707 0.029141 0.02845 0.0404763 0.0408738 0.02715 0.0174328 0.0256028 0.0146939 0.00942981 0.00724689 0.00563783 0.00678557 0.00807865 0.0151692 0.0153417 0.0177029 0.0111194 0.00443141 0.00908591 0.0114363 0.00741805 0.00699031 0.00194002 0.00391851 0.0117781 0.0148206 0.0121968 0.00142338 0 0 0 0 0 0 0 0 
3.68082e-07 0.00651777 0.0142337 0.0152018 0.00986619 0.0078294 0.00896964 0.0168031 0.0165895 0.0134894 0.0032194 0.00542396 0.0081146 0.0118673 0.0041957 0.000499112 0.0011761 0.00673842 0.00642935 0.00688901 0.0146798 0.0106519 0.0120828 0.0114588 0.00655617 0.0047514 0.00763745 0.0114714 0.0156816 0.0185961 0.0255009 0.0252903 0.0373572 0.0380048 0.0390423 0.0532958 0.0405766 0.031819 0.0194881 0.0130871 0.0126521 0.00903773 0.00766755 0.00656228 0.0065216 0.00560101 0.00940439 0.0131037 0.0159195 0.0106625 0.00596793 0.00625278 0.0064037 0.00501319 0.00415543 0.00124157 0.00511933 0.0127139 0.012714 0.0129757 0.00345232 0 0 0 0 0 0 0 0 
0 0.00120768 0.00477705 0.00956229 0.00781892 0.00681878 0.0037383 0.00838963 0.0121496 0.00817123 0.00370769 0.00371365 0.00213542 0.0015454 0.000137501 0 1.88135e-05 0.00263785 0.00607954 0.00556165 0.0138912 0.0164647 0.0127501 0.0132459 0.0123582 0.0128454 0.0104205 0.0108898 0.0106944 0.0212821 0.0319775 0.0354811 0.0323498 0.0300757 0.0332853 0.0360506 0.0296901 0.0229225 0.0102261 0.00873923 0.0126345 0.011487 0.00892899 0.00718717 0.0104186 0.00600867 0.00847831 0.0113532 0.0097 0.00607494 0.00665236 0.00457312 0.0033133 0.00118332 0.00532827 0.0156848 0.0117382 0.00992039 0.00942221 0.00933782 0.000902923 0 0 0 0 0 0 0 0 
0 0.000192676 0.00693554 0.0131507 0.0098213 0.0115864 0.00343541 0.00446433 0.00892995 0.00709023 0.00389932 0.00221992 0.000223019 0.000319247 0.000168365 3.69357e-05 0 0.00179396 0.00852333 0.00447399 0.00792826 0.0170635 0.0141527 0.0110158 0.013003 0.0188504 0.0186731 0.0125353 0.0140674 0.0207881 0.046291 0.046578 0.0435259 0.0411841 0.0391023 0.0342458 0.0226736 0.00710397 0.00713771 0.0131988 0.0110947 0.00914676 0.0101399 0.00314604 0.00763969 0.00842117 0.0101606 0.00938285 0.00941493 0.0102078 0.00851305 0.00397199 0.00029821 0.00588987 0.0142957 0.0174491 0.0120475 0.00772193 0.0080917 0.00452905 0.00062088 0 0 0 0 0 0 0 0 
0 4.49218e-06 0.00424284 0.012347 0.00724541 0.0121296 0.0038589 0.00298566 0.00718434 0.0134081 0.00760966 0.00370646 0.00105093 0.00240235 0.00183704 0.00269257 0.00315337 0.00246576 0.00446035 0.00533593 0.00736229 0.0115508 0.0123857 0.014653 0.0219595 0.0138758 0.0153851 0.0154265 0.0135568 0.0233463 0.0483774 0.0438323 0.0525299 0.0771813 0.0585954 0.0390911 0.0310627 0.00941942 0.015136 0.0379605 0.0288204 0.011026 0.0136965 0.00856342 0.00213748 0.00455261 0.00633532 0.00863078 0.00757426 0.0089966 0.0107932 0.00881702 0.00182511 0.00836239 0.0136064 0.00344351 0.00377375 0.00403963 0.00514208 0.00148265 7.19737e-07 0 0 0 0 0 0 0 0 
0 0.000602534 0.00521343 0.0112702 0.00863432 0.010524 0.00797424 0.00887299 0.0065291 0.010177 0.0159087 0.0134449 0.00359163 0.0018293 0.00177723 0.00107731 0.00168119 0.0064453 0.0046165 0.00658564 0.00187802 0.00357233 0.00715835 0.00789014 0.0124848 0.0178639 0.0134536 0.0124717 0.0161293 0.0200671 0.0344546 0.0424317 0.0467818 0.0807186 0.0771894 0.0386717 0.0263116 0.0142867 0.0151153 0.0329984 0.0286431 0.00984216 0.0144074 0.0125127 0.00562456 0.00401331 0.00592781 0.00539528 0.00762168 0.0118485 0.0209336 0.013828 0.00864267 0.00475479 0.00486551 0.00491224 0.00154964 0.000186465 0.000184514 3.63916e-05 0 0 0 0 0 0 0 0 0 
0 0.00151166 0.00401005 0.0104124 0.0179849 0.0195155 0.0132415 0.00660309 0.00611123 0.00261176 0.00520276 0.0135902 0.00749407 0.00400496 0.00148689 0.000961934 0.00041138 0.00876485 0.012097 0.0120222 0.00783547 0.00584883 0.00749169 0.00599644 0.00926147 0.0227755 0.0144693 0.00984169 0.00656098 0.00968586 0.0177291 0.0310284 0.0322301 0.0444794 0.0566571 0.0469216 0.0296095 0.0147379 0.0115532 0.0225503 0.0291549 0.0102257 0.013849 0.0151449 0.00535784 0.00590324 0.00832894 0.00480435 0.00825869 0.0118897 0.0132539 0.0100421 0.0162469 0.0119183 0.00295079 0.00134443 0.0035675 0.00235141 8.5366e-05 0 0.000100329 0.000768098 0.000512077 0 0 0 0 0 0 
0 0.000740385 0.00156 0.00668142 0.0167175 0.021214 0.0113872 0.00629691 0.00415495 0.00220569 0.000370076 0.00721845 0.0166998 0.0128811 0.00125854 0.0013436 0.000559485 0.00630405 0.0087308 0.00493024 0.0082157 0.00857543 0.0100482 0.00803275 0.00773908 0.0206435 0.0157408 0.0117191 0.00654628 0.00557664 0.00874136 0.0235794 0.0463939 0.0436009 0.051566 0.056791 0.0402891 0.0314471 0.0186812 0.0173818 0.0246667 0.0252071 0.0248038 0.0145236 0.00512811 0.00772846 0.00861193 0.00761539 0.0122244 0.00948995 0.0105526 0.0114239 0.015167 0.0195874 0.0156816 0.00604763 0.00162616 0.000954014 0.00107972 0 0.000198287 0.00313051 0.00267178 0.000613984 3.31424e-05 0 0 0 0 
0 0.000385195 0.000605136 0.00646873 0.014093 0.0124014 0.011234 0.00704481 0.00607892 0.00265756 0.000343487 0.000514675 0.00633047 0.00555343 0.000319633 0.000264535 8.24436e-06 0.000357651 0.000443915 0.000150369 0.000523724 0.00160009 0.00787821 0.00997549 0.00813233 0.0182698 0.0176447 0.0182818 0.00912607 0.00454689 0.00689541 0.0162662 0.0217207 0.0284791 0.0375476 0.0565216 0.0569761 0.039211 0.0259882 0.0188739 0.0189976 0.0223307 0.0217592 0.0113403 0.00358229 0.00685439 0.0121945 0.0138367 0.0100808 0.0100071 0.0144282 0.0134382 0.0116776 0.0135 0.0159739 0.0120956 0.00731756 0.0010347 0.00187009 0.00182137 0.000466821 0.0018179 0.00109643 0.00380705 0.000543794 0 0 0 0 
0 0 0.000397292 0.00506561 0.00690507 0.012839 0.0131135 0.00983053 0.00866441 0.00587564 0.00402267 0.0043101 0.00048849 5.71567e-05 0.00055268 0.00062187 0 0 0 0.000156603 0.00469326 0.0115092 0.0133869 0.0103847 0.00550042 0.00855614 0.0159574 0.0154261 0.0100077 0.00410693 0.00700634 0.0139844 0.0178513 0.0164175 0.0315966 0.0387839 0.0546073 0.0485859 0.0353483 0.022063 0.0183074 0.0248587 0.0194559 0.0118618 0.00652147 0.0065965 0.00982442 0.00936308 0.00798292 0.00775931 0.00626994 0.00628444 0.0111619 0.0270652 0.0260957 0.0120306 0.00824859 0.00590338 0.00207613 0.00575239 0.00343352 0.00313416 0.00565558 0.00754854 0.00124604 0 0 0 0 
0 0 0.000698072 0.00963811 0.00895879 0.0127819 0.0126275 0.0149749 0.0115205 0.00518052 0.00499835 0.00304641 0.000787518 0.000864824 0.000947543 0.000482979 0 0 0 0.00308416 0.0130547 0.0129103 0.0109277 0.00680553 0.00630089 0.00405068 0.0118393 0.0121985 0.0131889 0.00651836 0.0031668 0.00687405 0.0165573 0.0155192 0.0201367 0.0368066 0.0379851 0.0624452 0.0532822 0.031204 0.0208537 0.0324958 0.0252777 0.0125756 0.00492193 0.0108236 0.0131829 0.00893593 0.0096704 0.0103121 0.00679133 0.00708337 0.0117737 0.0258795 0.0207617 0.0125878 0.0114046 0.00585049 0.00105782 0.00576896 0.00472534 0.00342995 0.00845109 0.00629081 0.00165972 0 0 0 0 
0 0 0.00030409 0.0061235 0.00704258 0.0103084 0.0140566 0.016281 0.015773 0.00604088 0.00231593 0.00114658 0.000455486 0.00199513 0.00132872 0.000386544 0 0 8.69147e-05 0.00499954 0.0147226 0.00786153 0.00362729 0.00403248 0.00482627 0.00259962 0.00876512 0.0112144 0.0102971 0.0120874 0.00573515 0.00307666 0.00896244 0.0135891 0.0162467 0.020669 0.0347319 0.0538957 0.0536291 0.0361044 0.0173463 0.0253381 0.0249008 0.0172989 0.0106283 0.010042 0.0118959 0.00880552 0.00666108 0.00654452 0.00810736 0.00786914 0.00836183 0.0116603 0.00997739 0.00812805 0.00422008 0.00123564 0.00101525 0.0062795 0.00626091 0.00271898 0.00339761 0.00292544 8.61293e-05 0 0 0 0 
0 0 0.000148951 0.00565188 0.0120774 0.00712497 0.00872345 0.0103058 0.0113215 0.0106679 0.0044401 0.000705914 0.000913896 0.000467294 0.0002494 3.82537e-05 1.64989e-05 4.82336e-05 5.02088e-05 0.00794427 0.0140525 0.00744559 0.00694411 0.00990513 0.00808489 0.0051341 0.00905145 0.0159238 0.0183231 0.016017 0.0101086 0.00698298 0.00868622 0.0155675 0.012861 0.0224291 0.0350196 0.0507519 0.0536944 0.0389672 0.0220262 0.0269893 0.0324956 0.0184946 0.0169847 0.013204 0.0100114 0.0078839 0.00470735 0.00673296 0.0163031 0.00729811 0.00965371 0.0105566 0.00566793 0.00278696 0.000639514 1.7199e-05 0.00389115 0.0064571 0.00705604 0.00492721 0.000267171 9.90576e-05 0 0 0 0 0 
0 0 0.000449343 0.00530583 0.0113147 0.00613359 0.00553717 0.00895534 0.00897765 0.0101486 0.00964165 0.0061321 0.00533428 0.00598031 0.0040974 0.000557343 0.000974612 0.00187885 9.9152e-05 0.00683956 0.0130702 0.00996763 0.0070795 0.0115981 0.00580403 0.00506235 0.0118647 0.0205496 0.0193494 0.0137558 0.0101478 0.0115126 0.0206148 0.024147 0.0133072 0.0151452 0.0284927 0.0408773 0.0489121 0.0459728 0.0281231 0.0258207 0.0297014 0.0231034 0.0157252 0.0139019 0.00885933 0.00750825 0.00405531 0.00648895 0.0151722 0.00600626 0.00811622 0.0110159 0.00443703 0.00194843 0.000635934 0.000214829 0.00555617 0.0103141 0.00676544 0.00414904 0.000176326 0 0 0 0 0 0 
0 0 0.00291323 0.0158762 0.0154828 0.00864936 0.00658625 0.00727723 0.00544789 0.00985584 0.00900227 0.0114249 0.00765947 0.00786359 0.00432244 0.00242611 0.00154337 0.000888215 0.000838404 0.00559453 0.012879 0.0165234 0.00770361 0.0114851 0.0130027 0.00889577 0.0109901 0.0135443 0.0135667 0.0104875 0.0152839 0.0155783 0.0249101 0.0226378 0.013908 0.0167742 0.025209 0.0340196 0.0380094 0.0312291 0.0314307 0.0268154 0.0314077 0.0242056 0.0160723 0.0108402 0.00660933 0.0032816 0.000975361 0.00445512 0.0125388 0.00491764 0.00849086 0.00798056 0.00612858 0.00869671 0.00867031 0.00593913 0.0045283 0.00937832 0.00755279 0.00354596 8.186e-05 0 0 0 0 0 0 
0 0 0.00288136 0.0111891 0.00961787 0.00894025 0.00779228 0.00378799 0.00260252 0.00706196 0.0157608 0.0186697 0.0136718 0.00758186 0.00576383 0.00689802 0.00486003 0.00474466 0.0029562 0.00389348 0.0111625 0.0122493 0.00665677 0.0183765 0.0206261 0.0148018 0.0193563 0.0192998 0.018665 0.00718087 0.00822371 0.00797876 0.0135 0.0289717 0.0278992 0.0246413 0.0262031 0.0292893 0.0268191 0.0287211 0.0257812 0.0287539 0.0282715 0.0190367 0.0129757 0.0107595 0.0138985 0.0069717 0.00364216 0.00228654 0.00748805 0.00567947 0.00490245 0.0123349 0.00919864 0.0170683 0.0168348 0.0151326 0.00423126 0.00467383 0.00458179 0.00273928 0.000142766 0 0 0 0 0 0 
0 0 0.00206606 0.00647376 0.00308855 0.00439423 0.0120822 0.0121031 0.00453767 0.00743816 0.0117807 0.0167412 0.0195032 0.0143667 0.0100749 0.0130097 0.0122296 0.0117012 0.00422 0.00252662 0.00705089 0.00560037 0.00387793 0.011489 0.0128654 0.0151981 0.018052 0.0170025 0.0194635 0.0167419 0.0121744 0.0119656 0.0115227 0.0190609 0.0188026 0.0264189 0.0293867 0.0309196 0.0321626 0.0345419 0.0275333 0.0214515 0.0233108 0.0115855 0.00963225 0.0130126 0.0157569 0.00467079 0.00302312 0.00113507 0.0041292 0.00736147 0.00542061 0.00878528 0.0110688 0.022221 0.0164828 0.0153946 0.00825994 0.00245754 0.00385125 0.00337798 0.000206933 0 0 0 0 0 0 
0 0 9.52386e-05 0.00160329 0.00303163 0.00699354 0.01237 0.0123238 0.00828271 0.00676519 0.00662942 0.0109786 0.0147362 0.0116463 0.0117159 0.0119373 0.014712 0.0170947 0.00856989 0.00347673 0.00739906 0.00371668 0.00274645 0.00914388 0.0107777 0.0164405 0.0175319 0.0157741 0.0201619 0.0238097 0.0196543 0.0167566 0.0156673 0.014862 0.018436 0.0203051 0.017103 0.0379422 0.0546496 0.0518044 0.0315924 0.0274444 0.0284622 0.00953305 0.00387289 0.00663509 0.0137226 0.00458708 0.00225659 0.00249898 0.00374647 0.00652695 0.00900829 0.00862214 0.0101054 0.0201846 0.0147298 0.0127813 0.0113821 0.00322491 0.00258288 0.00319855 4.59494e-05 0 0 0 0 0 0 
0 0 0 0.00112542 0.00265818 0.00502694 0.00677009 0.00430241 0.00861726 0.00526104 0.00394577 0.00766347 0.0130075 0.0153561 0.0135088 0.0119478 0.0161604 0.0194648 0.016981 0.00554344 0.0032097 0.00251576 0.00369241 0.00755838 0.0117519 0.0191964 0.016741 0.0135615 0.0173672 0.0174371 0.0145859 0.0125977 0.0227475 0.017471 0.0193931 0.0183377 0.016668 0.0286071 0.0408763 0.0333665 0.022468 0.027869 0.0267759 0.00866212 0.00151653 0.00501304 0.00808249 0.0051751 0.00223086 0.00317323 0.00518159 0.00688631 0.00698858 0.00840734 0.00841876 0.009456 0.0135579 0.0103788 0.00662036 0.00383853 0.00499753 0.00698816 0.000488434 0 0 0 0 0 0 
0 0 0 2.5763e-06 0.000258982 0.000938626 0.00226054 0.00287377 0.00742633 0.00529995 0.0039941 0.00417858 0.00898086 0.0145587 0.0123329 0.019119 0.0204057 0.0176732 0.0218956 0.0147408 0.00927455 0.00315512 0.00294299 0.00743476 0.00995364 0.0116487 0.0135341 0.0131759 0.0122709 0.0124832 0.0104162 0.00952501 0.0135755 0.0222574 0.0145165 0.0130841 0.0124385 0.0139213 0.0184501 0.0204518 0.0202495 0.0252909 0.0208926 0.00868906 0.00208772 0.00687754 0.0058811 0.00902525 0.00820165 0.00732484 0.0088722 0.00922138 0.0126641 0.00966066 0.00377035 0.00646863 0.0102077 0.00553962 0.0018059 0.00630259 0.00650949 0.00524066 0.000144455 0 0 0 0 0 0 
0 0 0 0 0 0.000146136 0.00143882 0.00408385 0.00435698 0.0026673 0.00652041 0.00515717 0.00689372 0.00531941 0.00704643 0.0160275 0.0236631 0.0154 0.0164962 0.022846 0.0176629 0.00828058 0.000910393 0.00245953 0.00465429 0.00510169 0.00605699 0.00628027 0.005106 0.00765674 0.00830735 0.0111191 0.00957686 0.0167355 0.00933184 0.0114054 0.0133094 0.0227706 0.0267291 0.0338505 0.0354566 0.0326284 0.0201843 0.0123038 0.00875886 0.00625533 0.00329752 0.00532947 0.00564149 0.00760941 0.0142639 0.0142886 0.0131446 0.00981588 0.00573208 0.0118029 0.0125182 0.00529662 0.00149727 0.00588562 0.00600592 0.00294432 2.81969e-05 0 0 0 0 0 0 
0 0 0 0 0 0 0.00248099 0.00374919 0.00159953 0.00254463 0.0079135 0.00871964 0.00207585 0.00266855 0.00370112 0.00782945 0.0122165 0.0124074 0.0138062 0.0178969 0.00924908 0.00695487 0.00251068 0.00132344 0.00202363 0.00295688 0.00543651 0.00449389 0.00503864 0.00548317 0.00639868 0.0108817 0.0131279 0.0119874 0.0106111 0.0181244 0.0264966 0.0255969 0.0391895 0.04018 0.0404418 0.039807 0.0216716 0.011726 0.0113345 0.00608441 0.0030976 0.00891555 0.00759175 0.0102823 0.0126311 0.0117341 0.0113479 0.00716593 0.0123694 0.011897 0.00812451 0.00447589 0.00167404 0.00196822 0.00172556 0.00102075 0 0 0 0 0 0 0 
0 0 0 0 0 0 0.000658702 0.0030671 0.00179533 0.0032178 0.0126984 0.0107608 0.000820966 0.000155863 0.000347667 0.000869198 0.00282507 0.00691425 0.0087106 0.0164214 0.0104032 0.00779254 0.00977358 0.00873842 0.00834431 0.00739617 0.00693927 0.00793433 0.0101877 0.00824213 0.0126921 0.0107024 0.0120685 0.0107882 0.0149242 0.0183158 0.0376124 0.0404431 0.0367602 0.0352033 0.0321482 0.0390066 0.0258254 0.0167322 0.00992351 0.00799359 0.00431241 0.00573229 0.0114834 0.0136002 0.0103677 0.0113797 0.0108765 0.00898865 0.0105461 0.00997813 0.0100081 0.00530409 0.000696808 3.46687e-06 0.000227853 0.000147532 0 0 0 0 0 0 0 
0 0 0 0 0 0 8.44707e-06 0.000957988 0.005018 0.00190859 0.00328433 0.00397698 0.000760469 0 0 3.31969e-05 0.00218215 0.00563762 0.00625115 0.014528 0.0159583 0.0131757 0.016718 0.0130471 0.0151014 0.00936353 0.005042 0.00496202 0.0101039 0.00970782 0.00927731 0.00905548 0.0085885 0.0138231 0.0210236 0.0210676 0.0478097 0.0659153 0.0539108 0.0291103 0.0132218 0.0200093 0.0160875 0.0139345 0.00724455 0.00831863 0.00287663 0.00547348 0.0139886 0.0157646 0.00730039 0.00868701 0.0130955 0.0139451 0.00998771 0.00756427 0.00630592 0.00197358 0 0 0 0 0 0 0 0 0 0 0 
0 0 0 0 0 0 0 0.000172872 0.00168899 0.00337366 0.00134006 0.000473608 0.000541178 0.000219823 0 0.00323762 0.0170502 0.0227966 0.0148919 0.00804439 0.0163623 0.0167527 0.012923 0.0129093 0.0175161 0.0119527 0.00899303 0.0157906 0.0135306 0.0122865 0.00664129 0.00832698 0.014497 0.019176 0.026568 0.0285704 0.0371202 0.046532 0.0536995 0.0443277 0.022872 0.012264 0.0117228 0.0157462 0.0116984 0.00827567 0.0071985 0.00523642 0.0127595 0.00949345 0.00215352 0.00884411 0.00999279 0.01186 0.0119052 0.00816478 0.00185459 3.83118e-05 0 0 0 0 0 0 0 0 0 0 0 
0 0 0 0 0 0 0 0 0 0 0 0.000304655 0.000224337 0.000470828 0.000516824 0.00739556 0.0128678 0.0165661 0.0108605 0.00401508 0.00756857 0.0143586 0.017745 0.0204095 0.0174409 0.0183582 0.0142969 0.0149285 0.0136509 0.012227 0.00852051 0.0110558 0.0162133 0.024037 0.0221408 0.0160493 0.0135403 0.0269027 0.0360732 0.0306633 0.0135022 0.0116486 0.01479 0.0150436 0.00887061 0.00800881 0.0090322 0.00833801 0.0133724 0.0062725 0.00296468 0.0103581 0.00683923 0.00870923 0.0106511 0.00947187 0.00145717 0 0 0 0 0 0 0 0 0 0 0 0 
0 0 0 0 0 0 0 0 0 0 0 0 0.000492361 0.000701996 0.00292551 0.00325246 0.00818522 0.00680732 0.00576805 0.00656877 0.00509432 0.00390441 0.0132919 0.0264099 0.0271236 0.0185947 0.0191471 0.0209169 0.016632 0.0175204 0.0124746 0.0138534 0.0185172 0.0141089 0.0111432 0.00724482 0.00653245 0.00883555 0.0101527 0.0111616 0.0105556 0.0128172 0.012606 0.0116459 0.00590132 0.00507306 0.00610692 0.00971861 0.00854224 0.00246885 0.00476975 0.0137991 0.00775234 0.00732379 0.0104055 0.00537791 0.000244121 0 0 0 0 0 0 0 0 0 0 0 0 
0 0 0 0 0 0 0 0 0 0 0 0 0.00014029 0.0010931 0.000564735 0.00149756 0.00927649 0.00815854 0.0116606 0.0168642 0.0156952 0.0107269 0.0122391 0.0175443 0.0202891 0.0164414 0.0119359 0.0143089 0.0183515 0.0138042 0.0138861 0.016387 0.0141565 0.00586598 0.00493029 0.0062617 0.00612315 0.0139592 0.0153507 0.0128936 0.01329 0.0183554 0.0118706 0.00592834 0.0048746 0.00904862 0.0110162 0.00791474 0.00211565 0.00219922 0.00529812 0.012339 0.010238 0.00698506 0.00946251 0.0035701 0.000138799 0 0 0 0 0 0 0 0 0 0 0 0 
0 0 0 0 0 0 0 0 0 0 0 0 0 0.000232984 0.000542595 0.00106781 0.00403265 0.00534576 0.00588774 0.0141062 0.0174152 0.0141065 0.0144891 0.0229486 0.0157993 0.0163 0.00907839 0.00662157 0.00741645 0.00909371 0.00888729 0.00481145 0.00507107 0.00642248 0.00701281 0.0101075 0.00935763 0.0175916 0.0189426 0.0151477 0.0132373 0.0165358 0.00696135 0.00478036 0.0072129 0.0130348 0.0170248 0.00897029 0.00466538 0.00910328 0.00734928 0.00998221 0.00713111 0.0105671 0.00857206 0.00203255 0.00143943 0.00179988 2.12558e-05 0 0 0 0 0 0 0 0 0 0 
0 0 0 0 0 0 0 0 0 0 0 0 0 0 1.14322e-05 1.08086e-05 0.000268351 0.00318486 0.00327977 0.00907162 0.0136605 0.0123292 0.0167358 0.0217006 0.0143544 0.00480058 0.00297873 0.00317978 0.00382227 0.00482427 0.00384106 0.00303152 0.00647857 0.00884517 0.0103607 0.00792145 0.0112503 0.0157115 0.0208397 0.0195632 0.0197287 0.0153086 0.00487924 0.00227578 0.0047689 0.00938672 0.00915344 0.00404807 0.00333332 0.00684738 0.00720618 0.00840923 0.00774958 0.00971857 0.00866222 0.00179611 0.00394871 0.00674563 0.000146181 0 0 0 0 0 0 0 0 0 0 
0 0 0 0 0 0 0 0 0 0 0 0 0 0 0 2.33352e-05 0.00165441 0.00131384 0.00326815 0.00378859 0.00572928 0.00772943 0.0110252 0.00766448 0.00470665 0.00367921 0.00130478 0.000897203 0.00200147 0.00360016 0.00801317 0.00941694 0.00537618 0.00442702 0.00427962 0.00429858 0.0133091 0.0246959 0.0247067 0.0233832 0.0222424 0.0144025 0.00509981 0.0019204 0.00334862 0.00897904 0.00592082 0.00323269 0.00723013 0.00508479 0.0100132 0.0126459 0.0090649 0.00730008 0.00731149 0.00154583 0.00201499 0.00173104 0 0 0 0 0 0 0 0 0 0 0 
0 0 0 0 0 0 0 0 0 0 0 0 0 0 0 0 3.95028e-06 0.000450641 0.000806652 0.00124023 0.00198257 0.00290986 0.00448169 0.00300845 0.00187514 0.00238108 0.00110163 0.00116054 0.00337674 0.0111775 0.011839 0.0106131 0.00798036 0.00557494 0.00410738 0.00409587 0.014738 0.014908 0.0180574 0.0143891 0.0140683 0.0052222 0.000702235 0.000377806 0.00129343 0.00220509 0.0013367 0.0055652 0.0100735 0.00603576 0.0022811 0.00748859 0.010422 0.0059291 0.00357351 0.00351747 0.00102835 0.000233246 0 0 0 0 0 0 0 0 0 0 0 
0 0 0 0 0 0 0 0 0 0 0 0 0 0 0 0 0 0 0 4.28585e-05 0.00029637 0.000116357 0.000574142 0.00031146 0.000300884 5.28485e-05 0.000324605 0.000774561 0.00982935 0.014789 0.0104684 0.00358471 0.00379929 0.0041796 0.00149318 0.00255538 0.00753263 0.0125138 0.0120071 0.00934621 0.00710408 0.00276727 0.000620213 0.000390975 0.00448959 0.00406851 0.00301618 0.00579871 0.00779243 0.00370625 0.00170919 0.00249104 0.00684611 0.00548506 0.00117441 0.000110552 6.20364e-08 0 0 0 0 0 0 0 0 0 0 0 0 
0 0 0 0 0 0 0 0 0 0 0 0 0 0 0 0 0 0 0 0.000188626 0.000323107 0.000776307 0.00149264 0.000496976 0.000193912 0 0 0.000517658 0.00478262 0.00596823 0.00270634 0.000343012 0.00125242 0.00624305 0.00577853 0.00244378 0.00368066 0.00760506 0.0096065 0.00697056 0.00477125 0.00234259 0.00056058 0.00290659 0.00884605 0.00997145 0.00369393 0.00574567 0.00681278 0.00321715 0.000915657 0.00115522 0.00129772 0.00235838 0.000602991 0 0 0 0 0 0 0 0 0 0 0 0 0 0 
0 0 0 0 0 0 0 0 0 0 0 0 0 0 0 0 0 0 0 0.000401454 0.000759379 0.00128032 0.000536005 0.000157491 9.44309e-05 0.000355973 0.000193039 0.00153523 0.00101532 0.000519838 0.000334743 4.01768e-06 0.000586041 0.00166848 0.00149972 0.00301273 0.00400927 0.0048341 0.00261327 0.00233115 0.00110622 0.0020508 0.00342059 0.00795009 0.0128605 0.00787599 0.00470588 0.00569132 0.00366318 0.00454602 0.000469342 9.42518e-05 7.66073e-05 3.63884e-06 0 0 0 0 0 0 0 0 0 0 0 0 0 0 0 
0 0 0 0 0 0 0 0 0 0 0 0 0 0 0 0 0 0 0 0 0.000505472 0.000697766 0.0030005 0.0027224 0.000196581 0.000567043 0.00325461 0.000817325 2.18369e-05 0 0 0 0 0 0 6.30711e-05 0.000119118 0.000850179 0.000480756 0.000230669 2.97375e-05 0.00522475 0.0114673 0.0103913 0.0108076 0.00846017 0.0074482 0.00753558 0.0045783 0.00099787 0.000180366 0 0 0 0 0 0 0 0 0 0 0 0 0 0 0 0 0 0 
0 0 0 0 0 0 0 0 0 0 0 0 0 0 0 0 0 0 0 0 0.000474655 0.00267611 0.00470201 0.00453774 0.00166938 0.00295208 0.00650233 0.00134668 0 0 0 0 0 0 0 0 0.000145635 0.000452441 0.00110413 0.00233556 0.00266404 0.0104559 0.0122331 0.0128112 0.0134853 0.0126296 0.00385378 0.00151862 0.00118548 7.1785e-05 0 0 0 0 0 0 0 0 0 0 0 0 0 0 0 0 0 0 0 
0 0 0 0 0 0 0 0 0 0 0 0 0 0 0 0 0 0 0 0 0 0.000364606 0.00202671 0.00200615 0.000836394 0.00218737 0.00170375 0.000104667 0 0 0 0 0 0 0 1.47559e-05 0.00204272 0.00223558 0.0019121 0.00222481 0.00310049 0.0094718 0.00641658 0.00804699 0.00740259 0.0103119 0.00133663 0.000203884 6.50058e-05 0 0 0 0 0 0 0 0 0 0 0 0 0 0 0 0 0 0 0 0 
0 0 0 0 0 0 0 0 0 0 0 0 0 0 0 0 0 0 0 0 0 0 1.0888e-05 1.31694e-05 0 0 0 0 0 0 0 0 0 0 0 3.02528e-05 0.00053432 6.33516e-06 2.67535e-05 3.97505e-05 0.00141153 0.00570447 0.00141974 0.00105447 0.00037209 0.000698048 9.24484e-06 0 0 0 0 0 0 0 0 0 0 0 0 0 0 0 0 0 0 0 0 0 0 
0 0 0 0 0 0 0 0 0 0 0 0 0 0 0 0 0 0 0 0 0 0 0 0 0 0 0 0 0 0 0 0 0 0 0 0 0 0 0 0 1.22628e-06 0.000344861 0.000110858 0 0 0 0 0 0 0 0 0 0 0 0 0 0 0 0 0 0 0 0 0 0 0 0 0 0 

