0 0 0 0 0 0 0 0 0 0 0 0 0 0 0 0 0 0 0 0 0 0 0 0 0 0 0 0 0 0 0.000189543 8.81196e-05 6.21401e-06 1.69741e-05 0 0 0 0 3.16569e-07 7.34242e-05 5.03861e-05 0 0 0 0 0 0 0 0 0 0 0 0 0 0 0 0 0 0 0 0 0 0 0 0 0 0 0 0 
0 0 0 0 0 0 0 0 0 0 0 0 0 0 0 0 0 0 0 0 0 0 0 0 0 3.53414e-05 0.000423694 0.000699518 0.00389346 0.00508504 0.00449079 0.00260989 0.00228915 0.00645648 0.00410868 0.00454986 0.0027712 0.000464125 0.000599101 0.00539265 0.00308825 0.00211121 0.00148492 0.000505234 8.85299e-05 0 0 0 0 0 0 0 0 0 0 0 0 0 0 0 0 0 0 0 0 0 0 0 0 
0 0 0 0 0 0 0 0 0 0 0 0 0 0 0 0 0 0 0 0 0 0 0 0.000173186 0.000138237 0.000631097 0.0035078 0.00857255 0.0130367 0.0108192 0.006729 0.00636243 0.00812561 0.0138345 0.0128021 0.0148634 0.0103019 0.00635999 0.00434172 0.00726286 0.00774473 0.0144253 0.0134765 0.0129735 0.00885484 0.00299247 0.000274201 0 0 0 0 0 0 0 0 0 0 0 0 0 0 0 0 0 0 0 0 0 0 
0 0 0 0 0 0 0 0 0 0 0 0 0 0 0 0 0 0 0 0 0.000177334 0.00260387 0.0032213 0.00390601 0.00247394 0.00141124 0.00209478 0.00654686 0.00412938 0.00594612 0.011116 0.0153122 0.0157038 0.0176382 0.0142261 0.0181179 0.0145383 0.014287 0.0113751 0.0109826 0.0156103 0.0202908 0.0181149 0.0220206 0.0271337 0.0146956 0.00467992 0.000340871 1.23177e-05 0 0 0 0 0 0 0 0 0 0 0 0 0 0 0 0 0 0 0 0 
0 0 0 0 0 0 0 0 0 0 0 0 0 0 0 0 0 0 0 0.000123471 0.00226698 0.00773749 0.00990431 0.00690164 0.00832738 0.00832601 0.00505712 0.00364008 0.000939449 0.00522958 0.0148549 0.0180051 0.0142147 0.0177005 0.021352 0.024943 0.0192332 0.0163451 0.0137028 0.0121246 0.0184534 0.0172716 0.0198691 0.0185641 0.0204849 0.0145149 0.0132539 0.008228 0.0014455 0.00142495 0.00216377 5.66203e-05 0 0 0 0 0 0 0 0 0 0 0 0 0 0 0 0 0 
0 0 0 0 0 0 0 0 0 0 0 0 0 0 0 0 0 0 0 0.0011377 0.00562419 0.00991069 0.0124388 0.00880744 0.00622328 0.00906352 0.00893979 0.00626162 0.00414354 0.00493125 0.0156534 0.02342 0.0208487 0.0203464 0.0156505 0.0196608 0.0153293 0.0190991 0.0167779 0.0146947 0.0167692 0.0135493 0.0128146 0.0143976 0.0179615 0.0168379 0.0241823 0.0252813 0.0122013 0.0110024 0.00908488 0.00622532 0.00128935 1.07802e-06 0 0 0 0 0 0 0 0 0 0 0 0 0 0 0 
0 0 0 0 0 0 0 0 0 0 0 0 0 0 2.33388e-05 0.000743251 0.00207935 0.00140227 0.0016819 0.00148512 0.0107979 0.0131304 0.0124867 0.0160987 0.00661936 0.00390028 0.00911245 0.0166542 0.0165353 0.0119406 0.0136648 0.00998378 0.0206652 0.0186122 0.0138542 0.0161981 0.0144546 0.0205561 0.0195511 0.0149674 0.0140254 0.0156577 0.0207929 0.0162998 0.0170174 0.0152512 0.0177487 0.0263485 0.0305794 0.0291072 0.0240521 0.0214699 0.0130239 0.00119824 0 0 0 0 0 0 0 0 0 0 0 0 0 0 0 
0 0 0 0 0 0 0 0 0 0 0 0 0 7.29e-05 0.0015897 0.00515671 0.0104104 0.0104721 0.0101167 0.00775757 0.0107624 0.013901 0.0144252 0.0123486 0.00545322 0.00496742 0.0168954 0.0171126 0.0153637 0.0135918 0.0089939 0.00998864 0.0188692 0.0257308 0.0135013 0.0152846 0.0139338 0.0190571 0.0153794 0.0137231 0.0125347 0.017562 0.0199861 0.0191126 0.0129994 0.0137608 0.0163061 0.0176234 0.0317529 0.0396504 0.0424954 0.0260092 0.0146233 0.00403865 0.00282463 0.000253438 0 0 0 0 0 0 0 0 0 0 0 0 0 
0 0 0 0 0 0 0 0 0 0 0 0 0.000148131 0.00252533 0.0120349 0.0101587 0.00583494 0.00718291 0.0142692 0.0153861 0.0139478 0.0186356 0.0171185 0.010203 0.00595464 0.00993345 0.0167723 0.0157741 0.0171649 0.0142959 0.0142018 0.0159127 0.0215849 0.0304776 0.0194614 0.0169548 0.0168498 0.0135383 0.0154205 0.0136221 0.0100313 0.0126145 0.0134347 0.0164883 0.0152854 0.0134055 0.0122165 0.00889801 0.0212076 0.0282641 0.0318282 0.023625 0.0169316 0.0101818 0.0198131 0.00557842 0.00100063 9.98367e-05 0 0 0 0 0 0 0 0 0 0 0 
0 0 0 0 0 0 0 0 0 0 0 1.58626e-05 0.00126894 0.0102985 0.00934365 0.00293156 0.00137715 0.00290553 0.00357509 0.00753485 0.0160865 0.0150716 0.0173323 0.0147486 0.0118564 0.0151626 0.0168548 0.0148161 0.0127715 0.0152399 0.0181069 0.0162531 0.0209928 0.01811 0.020411 0.0149391 0.0252467 0.0208229 0.0144037 0.0143623 0.013028 0.0167605 0.0168136 0.0108475 0.0115817 0.0138796 0.0188621 0.013663 0.0184391 0.0179436 0.0165561 0.0209844 0.0242584 0.012158 0.0241526 0.0218837 0.00780917 0.00605296 0.000539769 0 0 0 0 0 0 0 0 0 0 
0 0 0 0 0 0 0 0 0 0 0 0.000904004 0.00497689 0.0140621 0.0109334 0.00208894 0.00224494 0.0139873 0.00620284 0.0014633 0.0060342 0.0101477 0.012571 0.0144602 0.0165851 0.0220786 0.0182096 0.0143877 0.01504 0.0149804 0.0188187 0.0191741 0.0181911 0.0167586 0.0189397 0.0221863 0.0298581 0.0230795 0.0235195 0.0135956 0.0174308 0.0206529 0.0204842 0.0123327 0.0121184 0.0134341 0.0184366 0.0204054 0.0227545 0.0161861 0.0109902 0.0170674 0.0230558 0.0250673 0.0170087 0.0297515 0.0283066 0.0231532 0.00492578 0 0 0 0 0 0 0 0 0 0 
0 0 0 0 0 0 0 0 0 0 0.000284463 0.00330935 0.010846 0.0140296 0.0103484 0.00343248 0.00308182 0.0143877 0.0135727 0.00254893 0.00138916 0.00922163 0.0115231 0.0155635 0.0223358 0.0212645 0.0170494 0.0177209 0.0160559 0.0157742 0.0163902 0.0174657 0.0154297 0.0122757 0.0193102 0.0273093 0.0294678 0.0211591 0.0206077 0.0168061 0.0217437 0.024991 0.0230106 0.0161443 0.0183934 0.0168439 0.0240882 0.0263636 0.026432 0.021278 0.018743 0.0165105 0.0175602 0.0354503 0.0377137 0.030852 0.0257435 0.0229227 0.00727284 0.000567381 2.2571e-05 0 0 0 0 0 0 0 0 
0 0 0 0 0 0 0 0 0 0 0.000102627 0.00286244 0.00816845 0.0179351 0.00752978 0.0015771 0.000563602 0.0055079 0.00916451 0.00735914 0.00230249 0.0050512 0.00999112 0.0154472 0.0244006 0.0293777 0.0230022 0.0172885 0.0164795 0.018758 0.0195916 0.0206239 0.0157086 0.0175952 0.0199743 0.0228071 0.0231254 0.023417 0.0149217 0.0170076 0.0215047 0.0241758 0.0230449 0.0213172 0.0179459 0.01876 0.0233931 0.0172802 0.0220983 0.022899 0.025968 0.021885 0.0187388 0.024347 0.0263757 0.020562 0.0184144 0.0276521 0.0181735 0.00928906 0.000321911 0 0 0 0 0 0 0 0 
0 0 0 0 0 0 0 0 0 0 0.00037372 0.0020077 0.00532725 0.00657352 0.00436815 0.00119142 0.000515708 0.00054565 0.00601285 0.00906818 0.00472854 0.00422402 0.0114889 0.0210274 0.0160266 0.0220524 0.0196118 0.0185069 0.0230428 0.0290358 0.0217576 0.0184926 0.0196439 0.0241413 0.0214698 0.024735 0.0223384 0.0216002 0.0172709 0.0172047 0.0205706 0.0243297 0.0204333 0.0183464 0.023284 0.0197744 0.0225964 0.0218925 0.025836 0.019694 0.026631 0.0261674 0.0210305 0.0167962 0.0153591 0.013451 0.0188065 0.0317236 0.0348271 0.0255294 0.0106206 0.00225739 7.47927e-05 0 0 0 0 0 0 
0 0 0 0 0 0 9.63576e-06 0.000221873 0.000902386 0.000460705 9.44741e-05 0.00075835 0.00282788 0.00436169 0.00699721 0.00615587 0.00204935 0.0012493 0.00575074 0.0133684 0.00814654 0.00404095 0.0133804 0.0201158 0.0216987 0.0217347 0.0181421 0.0200883 0.0187149 0.0203103 0.0201577 0.0208762 0.0172031 0.0194587 0.02098 0.0169813 0.0188791 0.0168076 0.0140489 0.0141492 0.0207312 0.0255766 0.0420677 0.0283353 0.0165894 0.0145694 0.0194388 0.0212757 0.025148 0.0182253 0.0259821 0.0251668 0.027019 0.0219745 0.0178887 0.0217567 0.0215892 0.0319139 0.0489979 0.0503255 0.0231079 0.0112108 0.00170996 1.69803e-05 0 0 0 0 0 
0 0 0 0 0 0 0.000350922 0.00546886 0.00951791 0.00448264 0.00241929 0.00120933 0.00295776 0.00353071 0.00457389 0.00527957 0.00256362 0.00434994 0.00581564 0.014802 0.0158333 0.0106945 0.0117425 0.018672 0.021395 0.0224309 0.0210494 0.020986 0.0204282 0.0196178 0.0186841 0.019218 0.0139104 0.0161744 0.0164517 0.0199016 0.0172721 0.0205939 0.0182278 0.0198893 0.0260039 0.030201 0.0383701 0.035245 0.0218709 0.0223786 0.0175254 0.0177003 0.0200817 0.0182626 0.0297715 0.0312976 0.0302072 0.0270583 0.0229897 0.0199378 0.0243646 0.0333302 0.0475903 0.040904 0.026808 0.0207415 0.00897805 0.000627663 0 0 0 0 0 
0 0 0 0 0 0.000110763 0.00138775 0.0104761 0.0148736 0.0118687 0.0117191 0.00902941 0.00913517 0.0112779 0.0101646 0.008417 0.00533693 0.00742969 0.0157209 0.0181171 0.0136955 0.0148827 0.0153707 0.0220187 0.023797 0.022842 0.0201091 0.022946 0.0169322 0.0241928 0.0224176 0.0217324 0.0194484 0.0165069 0.0170558 0.0275917 0.0253618 0.0212344 0.0263412 0.0235713 0.0215196 0.0191884 0.024414 0.0230921 0.0215005 0.0250897 0.019889 0.0150533 0.0226127 0.0320355 0.0317335 0.0334256 0.0390476 0.0248704 0.0202104 0.023502 0.0281597 0.0244289 0.0314526 0.0284989 0.0250898 0.0251884 0.0158947 0.00164241 0 0 0 0 0 
0 0 0 0 0 0.00185213 0.00631903 0.0162513 0.0201975 0.017383 0.0159782 0.0161484 0.017414 0.0214131 0.0203654 0.0196402 0.017719 0.0162823 0.0143799 0.0189224 0.0187765 0.0167281 0.0217685 0.0245079 0.0221992 0.018193 0.0167872 0.0176299 0.0199624 0.0257742 0.0245974 0.0196952 0.0218719 0.0210943 0.024823 0.0273003 0.0277736 0.0290923 0.0320137 0.0307283 0.0289262 0.0219324 0.0203088 0.0123285 0.0213579 0.0215077 0.0186104 0.0172287 0.023117 0.0268229 0.0289137 0.0321492 0.0278309 0.0219575 0.0246866 0.0263294 0.0288618 0.0184833 0.0217147 0.0287409 0.0327749 0.0257818 0.0227409 0.0098268 0.00127933 0 0 0 0 
0 0 0 0 0.000295389 0.00511045 0.0137028 0.0196524 0.0182622 0.0145689 0.0151072 0.0179976 0.0184301 0.0220843 0.0157054 0.0187085 0.0174823 0.018364 0.0191707 0.0240318 0.0243781 0.0183745 0.0266482 0.0221595 0.0157749 0.0146137 0.0166248 0.0183496 0.0191443 0.0205768 0.0331233 0.025465 0.0305823 0.0197715 0.0236577 0.0227584 0.0227822 0.025306 0.0318416 0.0268198 0.029503 0.0196497 0.0195775 0.0209727 0.0213539 0.0229611 0.0215198 0.0229886 0.0193765 0.0223823 0.0190475 0.0245453 0.0199678 0.0257127 0.0284227 0.0309341 0.0319535 0.0250985 0.0270664 0.0313281 0.0301687 0.0310693 0.0237943 0.02092 0.00744023 0.000380747 0 0 0 
0 0 0 0 0.00101156 0.0130829 0.0182127 0.0174001 0.0203864 0.0201728 0.0164402 0.0174424 0.0200552 0.0216902 0.0170704 0.0171649 0.0194603 0.0243867 0.0279106 0.0269896 0.0239247 0.0224691 0.0265707 0.020377 0.0114556 0.0128793 0.0225774 0.0213326 0.0200298 0.0197691 0.0260739 0.0207781 0.0229736 0.0211992 0.0214002 0.0242614 0.0274579 0.0180058 0.0177834 0.0159114 0.0196641 0.0183528 0.0241806 0.0430053 0.029316 0.023044 0.0200256 0.020607 0.0217283 0.0244735 0.0297458 0.0229883 0.0202093 0.0326086 0.0334106 0.0318997 0.0328773 0.0223894 0.0295445 0.0319339 0.0373196 0.0325935 0.0286633 0.0333237 0.0158062 0.00158669 2.90553e-06 0 0 
0 0 0 0 0.000343203 0.00460817 0.00944074 0.0139933 0.0232584 0.0293289 0.0222782 0.0134776 0.0175208 0.0186057 0.0179401 0.0247987 0.02885 0.0225907 0.0212844 0.0197151 0.0247176 0.0290718 0.0270091 0.0277773 0.0208276 0.0154422 0.0219551 0.0223504 0.0247518 0.0247523 0.0210177 0.0220956 0.0218654 0.0182474 0.0179469 0.0197817 0.0171159 0.0151436 0.0179418 0.0164678 0.0172215 0.0202163 0.0288417 0.0355846 0.0291641 0.0271245 0.0215296 0.0193175 0.0226027 0.0290967 0.0361751 0.061704 0.0471643 0.0344246 0.0327029 0.0231276 0.0271555 0.0289788 0.0302133 0.0305171 0.0351813 0.0346145 0.0381236 0.0354738 0.0184029 0.00395906 0.000268862 0 0 
0 0 0 0 6.73931e-05 0.00046889 0.00203716 0.00578639 0.0197769 0.0310114 0.0244517 0.0224086 0.018777 0.0204965 0.0245115 0.0348775 0.030516 0.0230199 0.021152 0.0204574 0.0196886 0.0187088 0.019449 0.0280032 0.0287276 0.0229529 0.0204136 0.0221978 0.0255086 0.019406 0.022405 0.0244084 0.0240967 0.0174323 0.0147439 0.0129012 0.0162106 0.0160631 0.0135229 0.0181647 0.0176423 0.0217167 0.0245735 0.0254839 0.0216766 0.0212251 0.0193098 0.0127596 0.0177778 0.0285839 0.0460188 0.0527223 0.0276564 0.0242816 0.0319718 0.023875 0.0270867 0.0354116 0.0310405 0.0286173 0.0271514 0.0294461 0.0301207 0.0295084 0.0181 0.00758269 0.000578928 0 0 
0 0 0 0 0 0 9.15337e-05 0.00192546 0.0068802 0.0211395 0.0247433 0.0230769 0.0173808 0.0200643 0.0307732 0.0264074 0.0242037 0.0151933 0.0186864 0.0193529 0.0148709 0.0164935 0.017588 0.0252648 0.0330351 0.0352989 0.0286786 0.0202358 0.0182263 0.0195723 0.02245 0.0249448 0.0267463 0.0185535 0.0143036 0.0158963 0.0206738 0.0171192 0.0186663 0.0249201 0.0264094 0.0184587 0.0211561 0.0221071 0.0171504 0.0159949 0.0176819 0.0152842 0.0152581 0.0171998 0.0270445 0.0195752 0.023715 0.0269032 0.0266587 0.0209518 0.027466 0.0320018 0.0299232 0.0287292 0.0288749 0.0236828 0.0218684 0.0208569 0.0206702 0.00975694 9.60407e-05 0 0 
0 0 0 0 0.000177035 0.000788993 0.00379559 0.00924968 0.00955372 0.010129 0.0177178 0.0168766 0.014569 0.0182226 0.0256085 0.0319449 0.0210213 0.0173142 0.0239277 0.0296715 0.0180021 0.0163108 0.018303 0.0222688 0.0289647 0.0310122 0.0231288 0.025377 0.0207847 0.0173948 0.0212242 0.0265446 0.023344 0.0197932 0.0208266 0.0231544 0.0226758 0.0214725 0.0196297 0.0191691 0.0219466 0.0197704 0.024586 0.0206569 0.0154731 0.0196355 0.015356 0.0166047 0.0226772 0.0257188 0.0288497 0.0277458 0.0243646 0.0295049 0.026666 0.0216051 0.0250942 0.0262981 0.0306478 0.0259152 0.0319208 0.0262409 0.0182254 0.0230221 0.0236202 0.00574561 0.000174225 1.25388e-05 0 
0 0 4.28513e-05 0.00026544 0.0022081 0.00726495 0.0152693 0.016758 0.018652 0.0148027 0.0152339 0.0191439 0.0217829 0.0208445 0.0229419 0.0265792 0.0196507 0.0222846 0.0215065 0.026222 0.0247251 0.0192817 0.0208048 0.0220617 0.0266735 0.0294545 0.0263166 0.0257252 0.0188321 0.0145474 0.0236483 0.0255492 0.021457 0.0232422 0.02694 0.0326816 0.0330749 0.0220306 0.0204122 0.025643 0.0309717 0.0221423 0.0176406 0.0201069 0.0217159 0.0263587 0.0250182 0.0229492 0.0265394 0.0282741 0.0333722 0.0386055 0.0311023 0.030281 0.0319076 0.0265994 0.0257583 0.0232483 0.027956 0.022031 0.0272071 0.0224142 0.0152607 0.0154691 0.0161852 0.00331397 0.00143564 0.000297622 0 
0 0.000164261 0.00242381 0.00731118 0.0100295 0.0156372 0.0159359 0.0131001 0.0155068 0.0132043 0.0169067 0.0222656 0.019283 0.0151364 0.018401 0.0250097 0.0268979 0.0214394 0.0158555 0.0186185 0.0262181 0.022797 0.0198189 0.0176835 0.0229356 0.022895 0.0250528 0.0203979 0.0191549 0.0194487 0.021387 0.0189136 0.0202886 0.0251278 0.0306013 0.0325332 0.0307005 0.0296572 0.0284459 0.024673 0.0226649 0.0199 0.0195824 0.0194072 0.0255329 0.0278979 0.0251193 0.0212896 0.027956 0.0307987 0.039188 0.0358627 0.0279485 0.0242001 0.0186026 0.0205823 0.0263546 0.0284943 0.023227 0.0253748 0.0263904 0.0208246 0.0166738 0.0165621 0.0168482 0.00800344 0.0040438 0.00134061 0 
0 0.000927277 0.00892779 0.0135653 0.0163909 0.0192223 0.0190429 0.0115151 0.0141492 0.019618 0.0201466 0.0163184 0.0133036 0.00841 0.0107832 0.0169429 0.0197576 0.0173242 0.016431 0.0213307 0.0275335 0.0261101 0.0202434 0.0143036 0.0223855 0.0253886 0.0253555 0.027419 0.0196352 0.0203831 0.0175536 0.0219904 0.0272673 0.0231433 0.0279491 0.0328067 0.0272342 0.0318624 0.0241954 0.0243898 0.0192757 0.0149965 0.0136414 0.0237424 0.0198512 0.0252024 0.0266692 0.0281768 0.0263249 0.0256787 0.0309529 0.0311294 0.0319819 0.0228506 0.0223449 0.0180294 0.0268287 0.0250713 0.0269788 0.0244158 0.0256043 0.0193688 0.0193097 0.0270279 0.0291783 0.0113474 0.0051576 0.00632464 0.000775175 
0 0.000768894 0.0115541 0.0199817 0.0209834 0.0213717 0.0228417 0.0158745 0.0117016 0.0155532 0.014302 0.0132618 0.0155392 0.0107404 0.0112466 0.0117855 0.0127946 0.0180182 0.0161709 0.0175588 0.0180431 0.0181936 0.0181563 0.0171321 0.022699 0.0320793 0.0332532 0.0244045 0.0205888 0.0216289 0.0240835 0.0259022 0.0264327 0.0301122 0.0293595 0.025746 0.0201054 0.022072 0.0254083 0.0234065 0.0244756 0.0240536 0.0207875 0.0258224 0.0239354 0.0247747 0.0327719 0.031215 0.02985 0.0261421 0.0196917 0.0223961 0.0296642 0.0250353 0.0186588 0.0203115 0.0216709 0.0298984 0.032551 0.030117 0.0247468 0.0214826 0.0238405 0.0256167 0.029568 0.012458 0.00772559 0.0120178 0.00162991 
0 0.00287118 0.00906333 0.0161671 0.0179121 0.0163553 0.015752 0.017391 0.0124247 0.0119251 0.0177979 0.0166656 0.0240528 0.0186906 0.0167703 0.0162894 0.0159947 0.0160013 0.0146431 0.0132277 0.0161691 0.0218916 0.0235289 0.0172855 0.0270454 0.034461 0.0253458 0.0231921 0.0224619 0.0216784 0.0301382 0.0262827 0.0261671 0.0334453 0.0321649 0.0370554 0.0356429 0.0438927 0.0346638 0.0288763 0.0245027 0.0249273 0.0271581 0.0185218 0.019256 0.023963 0.0252469 0.0226948 0.0201236 0.0149452 0.0125515 0.0229913 0.0225767 0.0260026 0.0201193 0.0194086 0.0195031 0.0293774 0.0339579 0.0248013 0.0278344 0.0316503 0.0268069 0.0228079 0.0180777 0.0110449 0.0120281 0.012924 0.00287914 
0 0.00137624 0.006791 0.0119161 0.0170667 0.0181987 0.0214339 0.0118493 0.0128948 0.0169009 0.021505 0.0222046 0.0235046 0.0274995 0.0185793 0.0261649 0.0202679 0.013607 0.0131611 0.0121769 0.0208696 0.0232576 0.022068 0.0266825 0.025755 0.0244344 0.0236488 0.0271445 0.0209295 0.0207723 0.0271556 0.0314276 0.0261603 0.031269 0.0259825 0.0367923 0.0419164 0.0472794 0.0293505 0.0289403 0.0198413 0.0239326 0.0240988 0.0180375 0.0181194 0.02111 0.0334617 0.0235917 0.0149779 0.012817 0.0140549 0.0189889 0.0180747 0.0230834 0.0207934 0.0147628 0.0138542 0.0245234 0.0205542 0.0172957 0.0205977 0.0291801 0.0280447 0.0221605 0.0168461 0.00674608 0.00639703 0.0112168 0.00457714 
3.00868e-05 0.00154324 0.00666056 0.0121122 0.0103996 0.0140509 0.0151946 0.00831513 0.0138896 0.0135091 0.0189884 0.0187381 0.0274546 0.0299275 0.0206297 0.0300025 0.0263607 0.0188815 0.0142557 0.0211495 0.0211432 0.0235696 0.0270624 0.0260788 0.021935 0.021694 0.0237032 0.0264833 0.0301258 0.0182501 0.0195186 0.0181028 0.0243798 0.0214886 0.0243814 0.0350552 0.0359688 0.0453761 0.0306494 0.0303287 0.0304239 0.025401 0.0293407 0.0267738 0.0303839 0.0212648 0.0243257 0.0174318 0.00545216 0.0112344 0.0186474 0.0182131 0.0209633 0.0200252 0.0138583 0.0120241 0.0186369 0.0248449 0.0270282 0.0277652 0.0261213 0.0306147 0.0245646 0.0149853 0.00970271 0.00646231 0.00284541 0.0110922 0.00401328 
8.66755e-07 0.0020154 0.00532893 0.0074954 0.012734 0.0121296 0.0136464 0.0176155 0.0197286 0.0160607 0.018523 0.0205212 0.0217807 0.021861 0.0206184 0.0192825 0.0233917 0.0239844 0.0174934 0.0160485 0.0182667 0.0160576 0.0174927 0.0196879 0.0205951 0.0219959 0.0201451 0.0294819 0.0387897 0.0210993 0.0178721 0.0167407 0.0202741 0.0279028 0.0300125 0.0242708 0.0386731 0.0397344 0.0326772 0.0269389 0.028808 0.0262781 0.0317215 0.0246654 0.0305502 0.0194805 0.0114312 0.0049051 0.00303798 0.0153995 0.0224559 0.0170323 0.0195621 0.0147257 0.0108225 0.0276003 0.029997 0.0311753 0.0326565 0.0307516 0.0241551 0.0247931 0.0293414 0.0173412 0.0137473 0.0124012 0.00693307 0.00712403 0.00212531 
6.76008e-06 0.00364335 0.0147237 0.0135443 0.0125079 0.0156285 0.00890573 0.0116964 0.0145462 0.0145788 0.0163549 0.0236607 0.0260947 0.0256017 0.0264248 0.0158235 0.0230114 0.0243078 0.0256645 0.0260763 0.0141207 0.0127679 0.0155281 0.0176671 0.0200425 0.0195632 0.0173096 0.0232322 0.0328651 0.0306773 0.0287231 0.0425345 0.026168 0.024224 0.0292336 0.0389362 0.0599367 0.033841 0.0296495 0.0261495 0.0333171 0.0348508 0.037188 0.0178368 0.0206842 0.0107127 0.0056718 0.00239248 0.00447113 0.0144619 0.0237708 0.0210611 0.0228457 0.0129231 0.0150169 0.0238427 0.0259704 0.0339205 0.0369209 0.028521 0.0220741 0.0192909 0.0156067 0.0205089 0.0250876 0.0207768 0.0183012 0.00703398 0.000975318 
5.26643e-07 0.00108913 0.0124806 0.0134058 0.0133396 0.0121586 0.0161018 0.0110329 0.0114629 0.0149275 0.0225306 0.0263488 0.0250543 0.021815 0.0223959 0.0190261 0.0224345 0.0306896 0.0230034 0.0190491 0.0188656 0.0213452 0.0160893 0.0150469 0.0205969 0.0211412 0.0226145 0.0230069 0.0362235 0.0374718 0.0295096 0.0508071 0.0672219 0.0631056 0.0562005 0.0659044 0.0507352 0.0250209 0.0177102 0.0193875 0.0265292 0.0300851 0.0303908 0.0203201 0.022458 0.0215284 0.0238082 0.0076248 0.00936122 0.0248907 0.0248489 0.0174598 0.019034 0.009761 0.0131988 0.0171699 0.0256162 0.0279398 0.0317055 0.0244728 0.0265443 0.0181018 0.0195445 0.0250808 0.025313 0.0208833 0.0159644 0.0104428 0.0012973 
0 5.30818e-05 0.00153031 0.0063588 0.01197 0.017426 0.0149311 0.0131606 0.0143675 0.0199304 0.0293101 0.0324937 0.0233479 0.0188688 0.0231608 0.0287976 0.0337566 0.027499 0.0282091 0.0256531 0.0196352 0.0191959 0.0198531 0.0272114 0.0275827 0.0250721 0.0234689 0.0204487 0.0279778 0.0391109 0.0311978 0.0403944 0.072513 0.0705771 0.0643209 0.0407476 0.0325151 0.0360462 0.0240019 0.023081 0.0163637 0.0193901 0.0225039 0.0259079 0.0291191 0.0301939 0.0295133 0.0135717 0.0133014 0.0180106 0.0191625 0.019562 0.0212282 0.0172645 0.0154438 0.0153682 0.0161957 0.0259862 0.0326496 0.0247734 0.0259469 0.0197186 0.0269779 0.0268197 0.0239303 0.0224701 0.0198307 0.013377 0.00157062 
0 0.000216265 0.00226906 0.0102688 0.0146257 0.0147263 0.0140259 0.0142236 0.0184285 0.0266986 0.0303143 0.0353399 0.0249519 0.0170031 0.0225333 0.0272475 0.028221 0.0242118 0.0225935 0.0286074 0.0173518 0.0225554 0.0234785 0.0280745 0.0215699 0.0207646 0.0228579 0.0237858 0.0248218 0.0332872 0.0275578 0.0390098 0.0610707 0.072739 0.0576329 0.0473185 0.0516628 0.0435605 0.0271159 0.0213407 0.0152069 0.0165906 0.0192078 0.0202399 0.0207485 0.0221034 0.0217963 0.0171725 0.0141643 0.016417 0.0224735 0.0198752 0.0227714 0.0226536 0.01403 0.0144679 0.0197293 0.0249994 0.0231151 0.0271371 0.0250426 0.0261131 0.0333124 0.0297284 0.0288719 0.030822 0.0363851 0.023121 0.00370504 
4.17592e-05 0.00174643 0.00519964 0.00785049 0.0171753 0.0173295 0.0165176 0.0153618 0.0173816 0.021763 0.023277 0.025262 0.0232592 0.0197256 0.0198364 0.0216695 0.0242072 0.0198203 0.0246262 0.0238109 0.0169765 0.015107 0.0215093 0.0242595 0.0240087 0.0204543 0.0222452 0.026336 0.0221815 0.0238238 0.0327059 0.0550992 0.0613516 0.0652511 0.0749247 0.0524028 0.0268365 0.0232471 0.0241048 0.0268133 0.0153502 0.00997368 0.0103171 0.015492 0.0174269 0.0219151 0.0252425 0.0251401 0.0164094 0.0160422 0.022825 0.0241214 0.0219483 0.0196285 0.0200447 0.0208289 0.025681 0.0254994 0.0237248 0.0197292 0.0279461 0.0293643 0.0303289 0.0201013 0.0171417 0.0289932 0.0551477 0.0284221 0.0053397 
8.54747e-05 0.00391493 0.0133196 0.0122187 0.0197083 0.016962 0.0103248 0.0133188 0.0197892 0.0214282 0.0208397 0.0234948 0.0258809 0.0277878 0.0165568 0.0181947 0.0254931 0.0234179 0.0280093 0.0194242 0.0133949 0.0199075 0.0256998 0.0226451 0.0210727 0.0189808 0.0200674 0.0435213 0.0307314 0.0251413 0.0535646 0.060071 0.0512076 0.0391637 0.0509688 0.046479 0.019334 0.0185512 0.0250627 0.0257204 0.0178495 0.0134937 0.0102815 0.0109516 0.0104607 0.0205364 0.0270818 0.018468 0.0115607 0.0156057 0.026934 0.029263 0.0236339 0.01738 0.0278357 0.0220247 0.0184782 0.0209949 0.0190906 0.0229162 0.0296938 0.0284685 0.029302 0.0210264 0.0154408 0.0211445 0.0411637 0.028441 0.00521666 
0.000295139 0.00586433 0.0144725 0.0174158 0.0209037 0.0176338 0.0112634 0.0166106 0.0200714 0.0250883 0.0213111 0.0285492 0.0314373 0.0197887 0.0170711 0.0230083 0.0245282 0.0267395 0.0355683 0.0214654 0.0209344 0.0213132 0.0226181 0.0222931 0.0239757 0.0248217 0.0206868 0.02632 0.0250722 0.0183859 0.030028 0.0406459 0.0433131 0.0250622 0.0325476 0.0308085 0.0194456 0.0215481 0.0247907 0.020857 0.0191251 0.0188488 0.0182007 0.0161885 0.0189314 0.0256544 0.0244599 0.0152938 0.00920277 0.0150301 0.021727 0.0267946 0.0252366 0.0310933 0.0292292 0.0238998 0.0155259 0.016955 0.0239887 0.0283077 0.0317167 0.0336717 0.0298221 0.0252567 0.0182623 0.0168473 0.0257238 0.0196387 0.00860104 
0.000242824 0.00613228 0.0117629 0.0185095 0.0152828 0.0117839 0.0123189 0.0161212 0.0143893 0.0188022 0.0194374 0.023836 0.019177 0.0198932 0.0225529 0.0249052 0.0259398 0.0276806 0.0286461 0.0214307 0.0260096 0.0272869 0.0212151 0.0496568 0.0665671 0.0351265 0.0291724 0.0251487 0.0244114 0.020123 0.022595 0.0268889 0.0344037 0.0342123 0.0301748 0.0281687 0.0294863 0.0244485 0.0206447 0.0262668 0.0232296 0.0192438 0.0204229 0.0164644 0.0188554 0.0227142 0.0176631 0.0161011 0.018922 0.0201743 0.0241262 0.025455 0.0225087 0.0269849 0.0270429 0.0244318 0.0245046 0.021069 0.0248073 0.0269337 0.0423901 0.03397 0.0278964 0.0256691 0.0211144 0.0177599 0.022462 0.0178737 0.00587351 
0 0.0037156 0.00916977 0.0121 0.011494 0.0103742 0.0170823 0.015885 0.0112573 0.00695045 0.00906966 0.0131135 0.0161649 0.0172562 0.0241035 0.0345152 0.0261572 0.0271175 0.0210743 0.0208646 0.019306 0.0294368 0.0322159 0.0504433 0.0299222 0.0368964 0.0394869 0.0244015 0.0278553 0.0343225 0.0272061 0.0358047 0.0417677 0.0231539 0.0235976 0.0283862 0.0299641 0.0148424 0.0165595 0.0245407 0.0285224 0.0262225 0.0360228 0.0257937 0.0179991 0.0235242 0.0292456 0.0294717 0.0315992 0.032078 0.0261936 0.0263354 0.0357943 0.0254232 0.0225346 0.0190701 0.0178732 0.0196084 0.0142212 0.0182956 0.0251795 0.0300998 0.0341369 0.0280379 0.0245896 0.0230139 0.0221146 0.0191954 0.00370402 
0 0.00226142 0.00849449 0.0116561 0.0128835 0.0153495 0.0197545 0.0188425 0.00768578 0.0073124 0.0101635 0.0150884 0.0140485 0.0220298 0.0185606 0.0251073 0.024712 0.0253657 0.0165101 0.0161389 0.0196364 0.0251597 0.0391667 0.0317963 0.0246043 0.034642 0.0333086 0.0292945 0.0270837 0.0310129 0.037346 0.0536769 0.0377489 0.026534 0.0243968 0.0289869 0.0243315 0.011592 0.0200002 0.0310492 0.0319292 0.0269178 0.0282214 0.0249536 0.0205507 0.0278233 0.0246299 0.0258913 0.0329746 0.0281246 0.0322852 0.026961 0.0240129 0.0156783 0.0180485 0.0148329 0.0132439 0.0169974 0.0199054 0.0222327 0.0204244 0.0214931 0.0211596 0.0279935 0.023359 0.0216587 0.0210223 0.0177921 0.00359099 
0 0.000484667 0.00229151 0.010821 0.0153679 0.0179294 0.0148874 0.00592704 0.00582691 0.00803053 0.0105942 0.0197235 0.0192693 0.0195306 0.024659 0.0211744 0.0174126 0.0175836 0.0168341 0.0140957 0.016769 0.0211379 0.0277557 0.0350759 0.0239824 0.0258054 0.0367749 0.0432296 0.0250072 0.0208497 0.0311839 0.0398484 0.0326783 0.0272216 0.0358816 0.0367022 0.0266491 0.0120885 0.0185496 0.0343471 0.0427985 0.0272029 0.0207263 0.0235988 0.0333994 0.0338785 0.0193143 0.0166823 0.0242409 0.0267051 0.0229351 0.0198966 0.0172026 0.0169641 0.0153665 0.0133788 0.011669 0.012995 0.0221947 0.0211309 0.0199224 0.0250489 0.0254336 0.0269801 0.025412 0.026671 0.0190385 0.00852404 0.00123399 
0 0 0.000860521 0.0106271 0.014263 0.0192826 0.00858566 0.000875586 0.00377307 0.0102754 0.0126679 0.0152809 0.0184194 0.0158564 0.0205279 0.0236066 0.0220839 0.0199738 0.020301 0.0235297 0.0190702 0.0220619 0.0229762 0.0311644 0.0282449 0.0278272 0.048266 0.0453455 0.0306545 0.0295709 0.0206286 0.0339888 0.0258515 0.0258077 0.0344347 0.0271128 0.0207091 0.0168491 0.0137958 0.0273402 0.0305555 0.0242682 0.0230124 0.0185769 0.0230604 0.0181378 0.0135362 0.0128281 0.0186949 0.0272209 0.021853 0.0200607 0.0142023 0.0138628 0.0116692 0.0129319 0.0117315 0.0161774 0.0207049 0.0246033 0.0231956 0.0268266 0.0275791 0.0273431 0.0210746 0.027051 0.0204197 0.00584315 0.000211061 
0 0 0.00162631 0.0103156 0.0171436 0.011094 0.00284313 4.81788e-05 0.00158525 0.00587665 0.00826014 0.00678085 0.0114444 0.0136367 0.0186499 0.0260893 0.0217046 0.0226723 0.0203853 0.0264354 0.0246982 0.0270233 0.029729 0.0278335 0.0260635 0.0286433 0.0550377 0.0531392 0.0334063 0.0414518 0.0261591 0.0322752 0.0313644 0.0272194 0.0357628 0.0291964 0.0280679 0.0216638 0.0165184 0.0127153 0.0171581 0.0185552 0.0230263 0.0147761 0.021904 0.013411 0.00557187 0.0063263 0.0165058 0.0278978 0.0261051 0.0246614 0.0121318 0.00928608 0.0153695 0.0191137 0.0187374 0.0175477 0.0208008 0.021997 0.0235816 0.0265676 0.0244804 0.0191944 0.0249427 0.0225139 0.0162214 0.00696054 0 
0 0 0.000421099 0.00383296 0.00686795 0.00627849 0.00346552 0.000841066 0.0311586 0.0294215 0.0133964 0.0062475 0.0123044 0.0129535 0.0192286 0.0273355 0.0292464 0.0219567 0.0262909 0.0302596 0.0226197 0.0222395 0.0262432 0.0287568 0.0221001 0.0262836 0.0407767 0.0311269 0.0191995 0.0297918 0.0316992 0.025057 0.0312628 0.036344 0.0310708 0.0270344 0.0288566 0.026856 0.0220684 0.0180451 0.00816677 0.0115415 0.0202963 0.0126568 0.0115741 0.00768874 0.00656999 0.0169041 0.0121991 0.0234066 0.0309581 0.0295603 0.0117654 0.00621021 0.0148839 0.0230174 0.0240685 0.0231168 0.0238579 0.0204236 0.0214945 0.0214438 0.0277468 0.0315603 0.0244766 0.0245326 0.0135373 0.00377789 0 
0 0 0.000218515 0.00541216 0.00851511 0.00903783 0.00437427 0.00467767 0.0329937 0.0261659 0.0136851 0.00550436 0.00286198 0.0107672 0.0295209 0.0370465 0.0292656 0.0302964 0.0299531 0.0217614 0.0198008 0.0177418 0.0216713 0.0288265 0.0229356 0.0279019 0.0243917 0.022417 0.0226595 0.023318 0.0190578 0.0202127 0.0299935 0.0446548 0.026738 0.0230696 0.0201538 0.0239559 0.0233239 0.0254137 0.0101372 0.0144983 0.0157024 0.0183175 0.0136572 0.00702417 0.00780127 0.0207495 0.014081 0.0175647 0.0252522 0.0273497 0.0223136 0.00952668 0.0159601 0.0169885 0.0173955 0.0173288 0.0173918 0.0165526 0.0112754 0.0135426 0.0245231 0.0270601 0.0179002 0.014402 0.00717149 0.000756156 0 
0 0 0.000272481 0.00740294 0.0101416 0.0175142 0.0166084 0.0193199 0.0178273 0.0117565 0.0144622 0.00445895 0.000294153 0.00858539 0.0282485 0.0370004 0.0269008 0.0231253 0.0248987 0.0207476 0.0210455 0.015561 0.0224526 0.0263144 0.026316 0.0271276 0.0185628 0.0194707 0.0255559 0.0264728 0.0197946 0.0232695 0.0388741 0.0369822 0.0243417 0.0307216 0.0286088 0.0215785 0.018595 0.0225958 0.0188501 0.0194114 0.0117723 0.0122366 0.0116924 0.011125 0.00838252 0.0181958 0.0184318 0.0155809 0.018023 0.0313305 0.0326602 0.023048 0.0197068 0.0147423 0.0185998 0.0109847 0.00970217 0.00974962 0.00847059 0.0133855 0.0114597 0.0170762 0.0122903 0.00379788 0.000804359 0 0 
0 0 6.07887e-06 0.00143338 0.00747419 0.0123692 0.0200417 0.0227279 0.0155112 0.00906276 0.00962995 0.00336901 0.00176801 0.0039356 0.0121879 0.0183389 0.0215409 0.0185555 0.0274801 0.018682 0.0190248 0.0219071 0.0200348 0.0211145 0.0313878 0.0330043 0.0205563 0.0221701 0.0239946 0.0282341 0.0243704 0.0252799 0.0392992 0.0290705 0.027165 0.0347357 0.0293192 0.0224665 0.0247006 0.0246327 0.0220099 0.0122488 0.00694789 0.0135072 0.0159864 0.00821881 0.00907537 0.0205096 0.0155559 0.0122479 0.0193554 0.0283344 0.0293005 0.026841 0.0212271 0.0169167 0.0157234 0.00773289 0.00270393 0.00365876 0.0104624 0.01805 0.0144425 0.00914861 0.00330965 0.000975954 0.000206608 0 0 
0 0 0 0 0.000722511 0.00599956 0.0129323 0.0166546 0.0106034 0.00693775 0.00538347 0.00970365 0.0114681 0.00615471 0.00405297 0.00774604 0.0145607 0.0127211 0.013867 0.0105149 0.0211714 0.01936 0.0204131 0.0274803 0.0299361 0.0288401 0.0271199 0.0228052 0.0349795 0.0443682 0.0614647 0.0398009 0.0292876 0.0275972 0.0322919 0.0352556 0.0314551 0.0279977 0.0252068 0.0269174 0.0198906 0.0169259 0.0132233 0.0233666 0.0238689 0.0119959 0.00789126 0.0166373 0.0152951 0.0183911 0.0199311 0.0216591 0.0267868 0.0156802 0.0175691 0.0268866 0.0155587 0.00913221 0.00557926 0.0109961 0.0206336 0.025712 0.0171726 0.00752404 0.00685391 0.000532203 0 0 0 
0 0 0 0 1.64412e-05 0.000521916 0.00510358 0.004678 0.00289999 0.00368272 0.0105604 0.0126423 0.0193911 0.0123621 0.00341359 0.00137731 0.00280568 0.0046363 0.00621669 0.0135992 0.0206353 0.0205208 0.0184969 0.0303766 0.0301992 0.0215493 0.0241891 0.0229131 0.0328732 0.0465317 0.0594472 0.0475472 0.0314219 0.0280852 0.034468 0.0325321 0.0205872 0.0197124 0.0190318 0.0133452 0.0126659 0.0154626 0.014896 0.0318492 0.0250687 0.00902669 0.0062409 0.0184515 0.0198842 0.0213274 0.0240969 0.0316524 0.024503 0.00648159 0.00920686 0.0293974 0.0275443 0.021665 0.0271729 0.0270655 0.0256296 0.0148683 0.00762705 0.00540471 0.00264805 2.46216e-05 0 0 0 
0 0 0 0 0 0 2.74001e-06 0.000139929 0.000664087 0.00688375 0.0200849 0.0134073 0.014467 0.0182748 0.0135528 0.00748107 0.00606047 0.0087999 0.0112261 0.016672 0.018283 0.0173832 0.0203519 0.0227653 0.0239172 0.0200625 0.0258923 0.0211028 0.0276732 0.0235608 0.0249227 0.027938 0.0289424 0.0301949 0.0394536 0.0315677 0.0222351 0.0214519 0.0159586 0.00986806 0.00888313 0.0154169 0.0224897 0.0377417 0.0177564 0.00618157 0.0096482 0.0167772 0.0215087 0.0184398 0.0240477 0.0282721 0.0309528 0.0160228 0.0170542 0.0259399 0.0320063 0.0413119 0.0355424 0.0464135 0.0427691 0.0135765 0.00236725 0.00157223 0.000989207 0 0 0 0 
0 0 0 0 0 0 0 0 0.00234971 0.0073137 0.0184557 0.0178255 0.0158175 0.0170488 0.0164894 0.0145718 0.0128327 0.0135198 0.0112878 0.0131138 0.0145523 0.0152479 0.0209103 0.0205023 0.0231868 0.0250478 0.0279278 0.0250558 0.0221918 0.0230066 0.0224133 0.0235484 0.0281873 0.0288375 0.0359285 0.0264138 0.0178892 0.0238365 0.0130487 0.00757674 0.00828352 0.0190614 0.0283848 0.0333057 0.01617 0.0108398 0.0139315 0.0203557 0.0246457 0.0208007 0.0187949 0.0260203 0.0295563 0.0203518 0.0227892 0.0246588 0.0300745 0.0354509 0.0430765 0.0485539 0.0454021 0.0179674 0.00703646 0.000662767 0 0 0 0 0 
0 0 0 0 0 0 0 0.000444715 0.00807855 0.0117582 0.0213969 0.0167809 0.0198762 0.0172937 0.0181476 0.0162645 0.0111389 0.0134632 0.0173748 0.0126096 0.0133967 0.0184384 0.0206544 0.0247492 0.0205047 0.0260085 0.0206915 0.0210638 0.024004 0.0249716 0.0198417 0.0207708 0.0284043 0.0377199 0.0297856 0.0196424 0.0149879 0.0208117 0.0159639 0.0112471 0.0103936 0.0148731 0.0213852 0.0203286 0.0116188 0.0109151 0.010755 0.0157758 0.0314537 0.0239133 0.0195749 0.0201469 0.0186484 0.0233046 0.0278594 0.0242253 0.0255065 0.0365849 0.0546084 0.0596404 0.0267427 0.0143018 0.00477125 0.000398942 0 0 0 0 0 
0 0 0 0 0 0 0 0.000910224 0.00739399 0.0139724 0.0286677 0.0227336 0.0247424 0.0221129 0.0178821 0.0115391 0.0133667 0.0138234 0.0191655 0.0227523 0.0237152 0.0274917 0.0325925 0.0273266 0.0243632 0.0284119 0.0205895 0.0215518 0.0170795 0.0177329 0.0174249 0.0249928 0.0307464 0.0323635 0.019648 0.0148443 0.0117359 0.0193337 0.0182944 0.0161427 0.0163049 0.0178391 0.0129861 0.0110947 0.01159 0.0102787 0.0148254 0.0177413 0.0323463 0.0262277 0.0233674 0.0191135 0.0184811 0.01513 0.0138221 0.0120764 0.0239019 0.0297869 0.0841383 0.0764994 0.0145027 0.00224253 2.63287e-05 0 0 0 0 0 0 
0 0 0 0 0 0 0 1.63926e-05 0.00268455 0.012312 0.0226882 0.0254291 0.0345265 0.0288653 0.0265281 0.0186125 0.0174779 0.0181812 0.0302391 0.0308393 0.0246111 0.0251957 0.0274955 0.0285054 0.0225126 0.0337632 0.0350614 0.0172317 0.0171408 0.0214073 0.021559 0.0230025 0.0214133 0.0197218 0.0173336 0.0162903 0.0188575 0.0211166 0.0274271 0.0218436 0.0241974 0.0160033 0.0115142 0.00748256 0.0096358 0.0108458 0.0149447 0.0216474 0.0249776 0.0233632 0.0239473 0.0220421 0.0188887 0.0196374 0.0117599 0.00584035 0.010452 0.0142921 0.0305107 0.0254752 0.00288281 0.000209606 0 0 0 0 0 0 0 
0 0 0 0 0 0 0 0 0.00137046 0.0100631 0.0195236 0.0240822 0.0229205 0.0214535 0.0179109 0.0158279 0.015316 0.0109598 0.0254852 0.0215204 0.0154413 0.0236049 0.0253268 0.0212149 0.0242074 0.0397991 0.0488259 0.0191665 0.0160628 0.0213546 0.02428 0.0220151 0.0165432 0.0113357 0.0106163 0.0258354 0.0281635 0.0204132 0.0174951 0.0195477 0.0144565 0.00882523 0.00902932 0.00451248 0.00729414 0.00866723 0.0207077 0.0226695 0.0101713 0.0176252 0.0235489 0.0223231 0.0234097 0.018774 0.0223553 0.0180763 0.00891557 0.00409269 0.00872076 0.0079394 0.00252708 5.71621e-06 0 0 0 0 0 0 0 
0 0 0 0 0 0 0 0 6.79759e-05 0.00552635 0.0214715 0.0213439 0.00796878 0.00563353 0.0141221 0.0154641 0.0176215 0.014931 0.0104549 0.00750552 0.00543875 0.00794007 0.0144211 0.0154285 0.0247005 0.0227699 0.0277705 0.0218968 0.0165275 0.0262577 0.029222 0.022149 0.0185811 0.0147712 0.0121523 0.0291299 0.0460792 0.0269003 0.0180146 0.0121414 0.00910954 0.0096591 0.0145242 0.0053529 0.00343889 0.0056321 0.0144478 0.0161833 0.00852209 0.0227526 0.0230916 0.0151942 0.0154713 0.0178971 0.0148116 0.0198714 0.00895941 0.00511751 0.00430252 0.00428264 0.00260859 1.7096e-05 0 0 0 0 0 0 0 
0 0 0 0 0 0 0 0 0 9.72869e-05 0.00551714 0.00790351 0.00126197 0.00364372 0.00917365 0.0141667 0.0176598 0.00739211 0.00105871 0.00138459 0.0030213 0.00832063 0.0148871 0.0157778 0.0263196 0.0227037 0.0232491 0.0181466 0.018841 0.0219186 0.0224002 0.0178679 0.0154956 0.0177868 0.0167557 0.03018 0.0494153 0.0285897 0.0207703 0.0111576 0.00882474 0.00942895 0.0117624 0.00946071 0.00393962 0.00665752 0.00908378 0.0101227 0.00832559 0.00657425 0.0148544 0.0207563 0.0183229 0.0142316 0.0121548 0.00943308 0.00265442 0.00450289 0.00442304 0.0023392 1.25378e-05 0 0 0 0 0 0 0 0 
0 0 0 0 0 0 0 0 0 0 2.06016e-05 0.000241352 0.000348786 0.00302532 0.0104699 0.0158842 0.0148721 0.00803661 0.00341998 0.00332929 0.00701265 0.0118124 0.0163212 0.0120718 0.0170827 0.0217794 0.0246182 0.0237537 0.0248798 0.0218664 0.0198725 0.0214193 0.0264115 0.025974 0.0203797 0.0245351 0.031145 0.0290463 0.0298949 0.0170976 0.0099969 0.0108689 0.00991955 0.0093655 0.0082313 0.0132268 0.0238224 0.030663 0.0156006 0.00735191 0.00796334 0.0171293 0.015662 0.0136564 0.00327218 0.00436603 0.00144921 0.00189636 0.000867938 0.000424982 0 0 0 0 0 0 0 0 0 
0 0 0 0 0 0 0 0 0 0 0 0 0.000106293 0.00367602 0.0102635 0.0164021 0.0198705 0.0249463 0.0119412 0.00548678 0.0093757 0.0140338 0.0155699 0.0264681 0.021017 0.0194416 0.0146234 0.0202116 0.0274041 0.0217541 0.0191607 0.0226012 0.0293171 0.0324724 0.0238874 0.0320896 0.0401352 0.04028 0.0328362 0.0245963 0.0159477 0.0102729 0.0116112 0.0099547 0.0106272 0.0221948 0.0316428 0.0370838 0.024524 0.0153091 0.0102919 0.0137053 0.0226804 0.0150512 0.00546472 0.00162778 0.000969664 0.000583544 0 0 0 0 0 0 0 0 0 0 0 
0 0 0 0 0 0 0 0 0 0 0 0 2.69437e-06 0.00104012 0.00665817 0.015934 0.0261567 0.0275066 0.0106633 0.00335034 0.0112553 0.0155061 0.0215281 0.0279302 0.0224762 0.0172602 0.0145597 0.0221349 0.0221826 0.0208368 0.0207294 0.022803 0.0260273 0.0305303 0.0271876 0.0341914 0.0625557 0.057098 0.0345332 0.0259469 0.016754 0.0175621 0.0266189 0.0183188 0.0149154 0.01059 0.0194202 0.022483 0.0189836 0.0188075 0.0170192 0.0176148 0.0184326 0.0154118 0.0041109 0 1.28131e-05 4.30725e-06 0 0 0 0 0 0 0 0 0 0 0 
0 0 0 0 0 0 0 0 0 0 0 0 0 0 0.0015097 0.0123143 0.0148197 0.013929 0.0040205 0.00430833 0.011914 0.00789758 0.018373 0.0235193 0.0187867 0.0220719 0.0253552 0.041219 0.0243857 0.0158348 0.0160122 0.0203945 0.0271622 0.0267629 0.0238754 0.0336263 0.0394158 0.0389257 0.0366422 0.0318285 0.0161334 0.0171867 0.0254492 0.0184198 0.0116869 0.00864316 0.0140834 0.0190411 0.0139191 0.0186441 0.0209302 0.0152258 0.0107714 0.00440282 0.000306206 0 0 0 0 0 0 0 0 0 0 0 0 0 0 
0 0 0 0 0 0 0 0 0 0 0 0 0 0 3.14233e-05 0.000665834 0.00202738 0.00126261 0.00116122 0.00552508 0.012648 0.0083711 0.0119071 0.0186217 0.0193888 0.0216659 0.0280136 0.030327 0.0281234 0.0274467 0.0181561 0.0147489 0.0178346 0.0210577 0.0231819 0.0223173 0.0215548 0.0311835 0.0278084 0.0258477 0.0217647 0.00897911 0.0126515 0.0152913 0.013097 0.0168749 0.0196179 0.0192228 0.0218197 0.0150334 0.0106766 0.00989932 0.00369892 4.8482e-05 0 0 0 0 0 0 0 0 0 0 0 0 0 0 0 
0 0 0 0 0 0 0 0 0 0 0 0 0 0 0 0 0 0.000481006 0.0039996 0.00773022 0.0115833 0.00472077 0.00582466 0.0154506 0.0220026 0.0238748 0.0252548 0.020944 0.0319506 0.0329719 0.0203186 0.012166 0.0082829 0.00911201 0.0187432 0.021602 0.0183913 0.0231871 0.0278 0.0262996 0.0176191 0.0107964 0.0149069 0.0137035 0.0188409 0.0203057 0.0277622 0.0249912 0.0204136 0.0049606 0.000775782 0.000263509 0 0 0 0 0 0 0 0 0 0 0 0 0 0 0 0 0 
0 0 0 0 0 0 0 0 0 0 0 0 0 0 0 0 0 0 4.9589e-06 0.000572343 0.00175233 0.00128711 0.00374529 0.0131393 0.0228026 0.0362852 0.0595115 0.0192283 0.0191717 0.0194322 0.0159886 0.00960975 0.00293501 0.00620171 0.0145216 0.0309321 0.03124 0.0267213 0.0289638 0.0345342 0.0309533 0.0297205 0.0205441 0.0215559 0.019601 0.0183513 0.0195484 0.0196362 0.00952723 0.00112953 0 0 0 0 0 0 0 0 0 0 0 0 0 0 0 0 0 0 0 
0 0 0 0 0 0 0 0 0 0 0 0 0 0 0 0 0 0 0 0 1.81271e-07 4.07534e-06 0.000976712 0.00887075 0.0177319 0.0309295 0.0532143 0.0181557 0.0122339 0.0109004 0.00630162 0.00263509 0.00129118 0.00503586 0.0133551 0.0322702 0.0339577 0.0246462 0.0309262 0.0348303 0.0407948 0.0379715 0.0278277 0.0144468 0.01061 0.00887584 0.00764467 0.00622282 0.000870587 1.18781e-06 0 0 0 0 0 0 0 0 0 0 0 0 0 0 0 0 0 0 0 
0 0 0 0 0 0 0 0 0 0 0 0 0 0 0 0 0 0 0 0 0 0 2.61173e-05 0.00161365 0.00365096 0.00347485 0.0037592 0.0038829 0.00361279 0.00165995 0.000473792 0.000301738 0.00091509 0.00255265 0.0101793 0.0170284 0.0129027 0.013117 0.0164223 0.023365 0.0306403 0.0242201 0.0152984 0.00624164 0.00381534 0.00266951 0.000947456 2.07093e-05 0 0 0 0 0 0 0 0 0 0 0 0 0 0 0 0 0 0 0 0 0 
0 0 0 0 0 0 0 0 0 0 0 0 0 0 0 0 0 0 0 0 0 0 0 0 0 0 1.42408e-05 3.10165e-06 0.000251752 7.73656e-06 0 0 2.45628e-05 0.000251607 0.0019075 0.00233357 0.00189191 0.00500147 0.00513067 0.00717688 0.00431781 0.00247174 0.000985794 0.000136869 0 0 0 0 0 0 0 0 0 0 0 0 0 0 0 0 0 0 0 0 0 0 0 0 0 

