0 0 0 0 0 0 0 0 0 0 0 0 0 0 0 0 0 0 0 0 0 0 0 0 0 0 0 0 0 0 0.000249355 0.000539098 0.000494034 0.000473846 0.000476772 0.000100274 0 0 0 0 0 0 0 0 0 0 0 0 0 0 0 0 0 0 0 0 0 0 0 0 0 0 0 0 0 0 0 0 0 
0 0 0 0 0 0 0 0 0 0 0 0 0 0 0 0 0 0 0 0 0 0 0 0 0 0 0 0 0 6.34131e-05 0.00484432 0.0115913 0.00740068 0.00676866 0.00598822 0.00361822 0.0028048 0.00030771 0 0 0 0 0 0 0 0 0 0 0 0 0 0 0 0 0 0 0 0 0 0 0 0 0 0 0 0 0 0 0 
0 0 0 0 0 0 0 0 0 0 0 0 0 0 0 0 0 0 0 0 0 0 0 5.30623e-05 0.00225393 0.00518083 0.0042179 0.00166395 0.00102336 0.00299567 0.00973648 0.0150212 0.0173328 0.0137175 0.0111271 0.00682214 0.00864792 0.0042343 6.34664e-05 0.00161482 0.00127602 0.000199939 0 0 0.00023255 0.000624437 0.000271787 0 0 0 0 0 0 0 0 0 0 0 0 0 0 0 0 0 0 0 0 0 0 
0 0 0 0 0 0 0 0 0 0 0 0 0 0 0 0 0 0 0 0 0 2.57251e-05 0.00113669 0.00291956 0.00571976 0.00861048 0.0121181 0.0130391 0.00815972 0.0145986 0.0172508 0.018102 0.0156087 0.0125523 0.016738 0.0179338 0.00943258 0.00766886 0.00130835 0.00374103 0.00673727 0.00411368 0.000519477 0.000526341 0.00302977 0.00523354 0.00715458 0.00295583 0.00095954 0 0 0 0 0 0 0 0 0 0 0 0 0 0 0 0 0 0 0 0 
0 0 0 0 0 0 0 0 0 0 0 0 0 0 0 0 0 0 0.000236074 0.000419688 0.00277328 0.0028338 0.00634736 0.0105853 0.00826019 0.00852603 0.00947042 0.0127095 0.0186958 0.0307091 0.0262156 0.0200302 0.0123788 0.0153263 0.0155625 0.0161801 0.0141803 0.0159319 0.00733612 0.00878044 0.0102324 0.00729023 0.00205183 0.00389511 0.00370942 0.00979698 0.017492 0.0162847 0.00764522 0.00265473 0.00144677 0.000558721 0 0 0 0 0 0 0 0 0 0 0 0 0 0 0 0 0 
0 0 0 0 0 0 0 0 0 0 0 0 0 0 0 0 0 0.000172666 0.00297281 0.00579034 0.00678759 0.00839637 0.0167791 0.0135288 0.00780595 0.00639556 0.00901082 0.013468 0.022341 0.0519494 0.0432747 0.0224703 0.0189712 0.0128362 0.0122827 0.0124915 0.0173941 0.0192417 0.0139569 0.013788 0.0136938 0.00822003 0.0046825 0.00315852 0.0059014 0.00956758 0.0172336 0.0244165 0.0178158 0.0135792 0.0114579 0.00601696 0.00188421 5.12253e-06 0 0 0 0 0 0 0 0 0 0 0 0 0 0 0 
0 0 0 0 0 0 0 0 0 0 0 0 0 0 1.04967e-05 0.000175392 0.00205592 0.00424459 0.00797578 0.0108422 0.00697516 0.0076673 0.0112374 0.0117459 0.0119495 0.0135954 0.0119093 0.0138955 0.0207351 0.0267636 0.0216981 0.0198772 0.0174172 0.0147098 0.0166046 0.0189153 0.0186814 0.020162 0.0166551 0.0198462 0.0199951 0.0119956 0.00956055 0.00462835 0.00661191 0.00821577 0.0126113 0.0243783 0.0277232 0.018125 0.0119211 0.0181721 0.0111037 0.0018279 1.62273e-05 0 0 0 0 0 0 0 0 0 0 0 0 0 0 
0 0 0 0 0 0 0 0 0 0 0 0 0 0 0.00171987 0.00547765 0.00983985 0.00944123 0.0102195 0.00596197 0.00554275 0.010592 0.0173033 0.0143952 0.0178216 0.0164563 0.0132613 0.0146516 0.0213035 0.0267726 0.023268 0.0196848 0.0141213 0.0144754 0.0145443 0.0158904 0.0145315 0.016173 0.0216661 0.0169975 0.0181479 0.0145783 0.0184379 0.0135585 0.00886264 0.00887733 0.00999107 0.0137385 0.0170868 0.015539 0.0107406 0.0184581 0.0110338 0.00249977 0.000109576 0 0 0 0 0 0 0 0 0 0 0 0 0 0 
0 0 0 0 0 0 0 0 0 0 0 0 0 0.00125995 0.00717768 0.00854053 0.0108501 0.00819634 0.00934777 0.00892406 0.00696844 0.0110639 0.0162089 0.0214466 0.0182786 0.0156764 0.0144742 0.0196206 0.0157552 0.0153316 0.0216628 0.0171943 0.0192297 0.0143129 0.0117321 0.0132416 0.0166943 0.0211957 0.0247456 0.0297751 0.0197253 0.0169163 0.019779 0.0174567 0.0143586 0.0125772 0.0127438 0.0186723 0.0100637 0.0164256 0.0162077 0.0162493 0.00965485 0.00345187 0.00331886 0.00230736 0.00126583 4.48037e-05 0 0 0 0 0 0 0 0 0 0 0 
0 0 0 0 0 0 0 0 0 0 0 0 0 0.00395548 0.00765312 0.00600942 0.00899934 0.011476 0.00548955 0.00756386 0.0135184 0.0154855 0.0203963 0.0217399 0.0190222 0.0210184 0.0152877 0.0223184 0.015749 0.0155285 0.0170737 0.0184864 0.0226488 0.0165078 0.0149941 0.0140068 0.018342 0.0233041 0.0303614 0.0196792 0.0188188 0.0218263 0.0193006 0.0177609 0.0218817 0.0150727 0.0168896 0.00991898 0.00884101 0.0170356 0.0186073 0.0162151 0.00977415 0.00976991 0.0156388 0.015321 0.00672819 0.00389868 0.000267075 0 0 0 0 0 0 0 0 0 0 
0 0 0 0 0 0 0 0 0 0 0 0 0 0.00245442 0.00851096 0.0117924 0.00856855 0.00503927 0.00392833 0.00832735 0.014158 0.0193177 0.0256331 0.0223706 0.020336 0.0191728 0.0177962 0.0206921 0.0195587 0.0169985 0.0139385 0.0168409 0.0204443 0.0179047 0.014936 0.0179785 0.0123031 0.0202439 0.0165582 0.0176746 0.0370356 0.0342396 0.0171058 0.0176001 0.0177039 0.0186538 0.0186025 0.0105483 0.0132016 0.024584 0.0199805 0.0142509 0.0166392 0.0113049 0.0167466 0.012862 0.00712705 0.0107604 0.00389927 2.08514e-05 0 0 0 0 0 0 0 0 0 
0 0 0 0 0 0 0 0 0 0 0 0 0 0.000154539 0.00333722 0.00504591 0.00241287 0.001816 0.00278274 0.00571171 0.00875665 0.0186998 0.0194572 0.02543 0.0254002 0.0251783 0.0236374 0.0234502 0.0265464 0.0184206 0.0149725 0.0184964 0.0201812 0.0197594 0.0140019 0.0166074 0.0114875 0.0175854 0.0111574 0.0204317 0.0458152 0.0320113 0.0184607 0.0158699 0.0161296 0.0183717 0.0232764 0.0183135 0.0177927 0.0161478 0.0141786 0.0113051 0.0136585 0.0131603 0.0166018 0.0158136 0.00849861 0.0197495 0.0185497 0.00143944 4.69501e-05 0 0 0 0 0 0 0 0 
0 0 0 0 0 0 0 0 0 0.000154507 0.000220824 3.30803e-05 0 0 0 0.000354156 0.000384791 0.000858402 0.00208442 0.00302956 0.00449634 0.0184522 0.0211133 0.0187544 0.0248621 0.0366301 0.0289362 0.0249425 0.0233103 0.0153562 0.0151211 0.0155213 0.017701 0.0193017 0.0145423 0.0125 0.0111362 0.0167327 0.0162605 0.0211874 0.0340804 0.0225228 0.0207757 0.0215097 0.0197375 0.0211378 0.0229934 0.0199414 0.0211088 0.0198999 0.021301 0.0121127 0.0146427 0.0175732 0.016353 0.0149022 0.0108879 0.0199661 0.0236136 0.00855207 0.00462592 0.00014854 0 0 0 0 0 0 0 
0 0 0 0 0 0 0 2.97056e-05 0.00182818 0.00756327 0.00682834 0.00270818 0.00211174 0.000204638 0.000256968 0.000781286 0.00140833 0.00179664 0.00216699 0.00144883 0.0013847 0.0082472 0.0200625 0.0223811 0.0216947 0.0260554 0.0273952 0.0229328 0.0177548 0.0141455 0.0106401 0.0169332 0.0206592 0.016366 0.0166015 0.0131359 0.0125099 0.0162258 0.0188335 0.0204201 0.0185923 0.0192971 0.0204255 0.0214932 0.0200089 0.0198114 0.0161741 0.0154879 0.018648 0.0194786 0.0143601 0.00851396 0.0136379 0.018875 0.0195523 0.00949562 0.012084 0.0180975 0.0254153 0.0159486 0.0140951 0.00336707 0 0 0 0 0 0 0 
0 0 0 0 0 0 4.69855e-06 0.00158116 0.0107671 0.012054 0.014501 0.0114615 0.00941726 0.00149313 0.000751502 0.00450303 0.00246024 0.00212732 0.00187341 0.00150113 0.00472264 0.0105006 0.0180002 0.0242387 0.0210091 0.022404 0.0242842 0.0230222 0.0239523 0.0163673 0.0114603 0.0149652 0.0166637 0.0175345 0.0168218 0.0145542 0.0128961 0.0171735 0.0152771 0.0194897 0.0181938 0.0156694 0.0194247 0.018389 0.0214064 0.0155551 0.0123065 0.0187354 0.020908 0.0207982 0.0136196 0.0110238 0.00936208 0.0100831 0.00943308 0.00884646 0.0128157 0.0167088 0.017776 0.0130521 0.0138928 0.00613336 0.000720143 0 0 0 0 0 0 
0 0 0 0 0 0 0.000542729 0.0114127 0.0167537 0.0145244 0.0179511 0.0199288 0.0161516 0.00267859 0.00197737 0.00730472 0.00689648 0.00460213 0.00675904 0.0094288 0.0121307 0.0148224 0.0160267 0.0185325 0.0207363 0.0200461 0.0184951 0.0250481 0.0292648 0.0232139 0.0173354 0.0189446 0.0141962 0.0162629 0.0181292 0.0197539 0.0132556 0.0177229 0.014087 0.0180305 0.016123 0.0167725 0.0180266 0.023444 0.0243255 0.0213701 0.00947292 0.0135391 0.0184642 0.0183208 0.0198304 0.0179326 0.0164335 0.0120841 0.00826985 0.010674 0.0145004 0.0221398 0.0165944 0.0152018 0.0126638 0.0116243 0.00249004 0 0 0 0 0 0 
0 0 0 0 0 0 0.00143124 0.0108116 0.0217744 0.0190268 0.017334 0.0149119 0.0105452 0.00228755 0.00115695 0.00293981 0.00335174 0.00875327 0.0175546 0.0187205 0.0190031 0.0184069 0.0173268 0.0209585 0.0316265 0.0262048 0.0197316 0.0226309 0.0267068 0.0207624 0.0187353 0.0198585 0.015028 0.0160509 0.0196679 0.0206412 0.015915 0.0144067 0.014167 0.0158383 0.0143834 0.0261722 0.0227998 0.0272594 0.0303522 0.0310145 0.0201135 0.014339 0.0186496 0.0180647 0.0223564 0.0184223 0.0168405 0.0145881 0.0149854 0.0171294 0.0151145 0.0131816 0.0133057 0.0248798 0.017066 0.0130994 0.00259203 3.198e-06 0 0 0 0 0 
0 0 0 0 0 3.27923e-05 0.00123565 0.0130714 0.0232554 0.0130829 0.0122764 0.0103945 0.00725284 0.00526253 0.00508866 0.00558994 0.0090166 0.0174846 0.0319683 0.0219486 0.014518 0.0168781 0.0162398 0.0162705 0.0291232 0.0244979 0.0253962 0.0282151 0.0202362 0.0178049 0.0198976 0.0265343 0.0255618 0.021687 0.0239 0.024347 0.0200681 0.0160479 0.0146091 0.0133695 0.0161029 0.0243216 0.0231881 0.0234587 0.0304148 0.033285 0.0205586 0.0154028 0.0130711 0.0190577 0.0223725 0.0171582 0.0167512 0.0138651 0.0184759 0.0181387 0.0116588 0.00826116 0.0155232 0.0165739 0.0189472 0.0143284 0.0054653 0.00242908 0.000534349 0 0 0 0 
0 0 0 0 0 0.000918681 0.00530599 0.0141777 0.0188866 0.0158424 0.0184751 0.014116 0.0132237 0.0140499 0.014765 0.0176951 0.0171394 0.0183516 0.0217883 0.0239492 0.0139057 0.0183969 0.0235072 0.0179031 0.0170687 0.0200401 0.0267186 0.0239007 0.0170012 0.0151505 0.0262163 0.0295772 0.0321555 0.0262813 0.0200372 0.019736 0.0161062 0.0130689 0.00861377 0.00861886 0.0116962 0.0168588 0.017358 0.019649 0.0246414 0.0250933 0.0186209 0.0192535 0.0136546 0.0164699 0.0185178 0.014871 0.0183095 0.0202469 0.0197494 0.0176044 0.00725432 0.010801 0.0198104 0.0150779 0.0148813 0.017156 0.015882 0.0189731 0.00849941 7.67347e-05 0 0 0 
0 0 0 0 0 0.00288342 0.012587 0.0171468 0.0206607 0.0182047 0.0213621 0.0216772 0.0181587 0.0251141 0.0236024 0.0249297 0.0228523 0.0226477 0.0254857 0.0170591 0.0161292 0.0171717 0.018993 0.013988 0.0181803 0.0209983 0.020109 0.0228974 0.0200854 0.0171023 0.0233037 0.0319611 0.0251807 0.0198627 0.0161114 0.0168427 0.0202881 0.0181383 0.015004 0.0177239 0.0169103 0.0227993 0.0278788 0.0269231 0.0229829 0.0217079 0.0211313 0.0180724 0.0235898 0.0175801 0.0134753 0.0165561 0.0174887 0.0166873 0.0213486 0.0209582 0.0139096 0.0138549 0.0144498 0.0147462 0.0125665 0.0169308 0.0234858 0.0231403 0.00956971 0.000687748 0 0 0 
0 0 0 0 0.000289877 0.00405906 0.0188847 0.0205637 0.0196767 0.0204439 0.0189567 0.0207295 0.0243558 0.029702 0.0277085 0.0305667 0.0242997 0.0185736 0.0186091 0.0165735 0.0189431 0.0160098 0.014252 0.0175462 0.0240605 0.0204657 0.0193007 0.0251905 0.0201765 0.0182232 0.018802 0.0248292 0.018576 0.0142608 0.017469 0.0208989 0.0247045 0.0225195 0.0246519 0.0219327 0.018775 0.0159875 0.0268699 0.0296804 0.024922 0.0284758 0.0230666 0.021682 0.0337438 0.0211992 0.0155773 0.017319 0.0153052 0.00886301 0.0123858 0.0170651 0.0170526 0.0169513 0.0153193 0.0142082 0.0117628 0.0190442 0.0278532 0.0238101 0.00853272 0.00194515 3.18607e-05 0 0 
0 0 0 0.000135799 0.00245031 0.00902498 0.0193821 0.0224093 0.0237703 0.0249056 0.0278618 0.0248341 0.0220729 0.0261785 0.0251031 0.0215142 0.0183612 0.0174712 0.018458 0.0189818 0.0213009 0.0181724 0.0136905 0.0119125 0.017682 0.0194998 0.0203461 0.0227866 0.0201303 0.0144836 0.0185041 0.0241482 0.0146341 0.0157756 0.0189195 0.0236849 0.0282232 0.0238171 0.0275427 0.0211265 0.0202622 0.0188804 0.0229092 0.027652 0.0288821 0.0293216 0.0296308 0.0261468 0.0313958 0.0280176 0.0280722 0.0166427 0.0195245 0.0142997 0.0159973 0.0147201 0.0136076 0.0142218 0.0264721 0.0193422 0.0169016 0.0222509 0.0181955 0.0169282 0.00805503 0.00165895 6.51316e-06 0 0 
0 0 0.000114264 0.00204556 0.00536432 0.0103075 0.0191811 0.0226284 0.0282188 0.0330727 0.0311343 0.0245989 0.0214861 0.0201992 0.0183562 0.0153603 0.0210015 0.024618 0.0246007 0.0304518 0.0335899 0.0242549 0.021792 0.0184928 0.0198062 0.0176433 0.0173302 0.0173702 0.0225753 0.021168 0.0232264 0.0243502 0.0192517 0.0220687 0.0264068 0.026706 0.0247469 0.0284773 0.0372638 0.041904 0.0364119 0.0296997 0.0230211 0.0266383 0.0268691 0.0274177 0.0292194 0.020077 0.0217285 0.0249 0.0249204 0.0160632 0.0156617 0.0194197 0.0240482 0.0189567 0.0135446 0.0120817 0.0234292 0.0268391 0.0238211 0.0259863 0.0250078 0.0137304 0.00800892 0.0023305 8.32268e-05 0 0 
0 0 0.00046504 0.00518969 0.0106525 0.0188573 0.025434 0.0205461 0.0245573 0.0266401 0.0200059 0.0163604 0.0180091 0.018142 0.0122595 0.0177114 0.021761 0.0197431 0.0251534 0.0306607 0.0252888 0.0174181 0.021311 0.0178359 0.0178873 0.0197902 0.0194479 0.0164223 0.0205855 0.0223497 0.0285899 0.0229735 0.023073 0.0253308 0.0290426 0.0243445 0.0224366 0.0242258 0.0417878 0.0428349 0.0291662 0.0283894 0.0325675 0.0404918 0.0248572 0.0203827 0.0236559 0.0240651 0.0239296 0.0277559 0.0178543 0.016103 0.0152349 0.0204576 0.0267149 0.0212226 0.0144017 0.0159343 0.019509 0.0225648 0.0165449 0.0270276 0.0307979 0.0167948 0.0122025 0.0087988 0.00279419 9.58214e-05 0 
0 0 0.00303631 0.00813387 0.0159344 0.0176133 0.0200693 0.0235974 0.0262682 0.019995 0.021895 0.0168903 0.0161407 0.0181493 0.0162044 0.0253802 0.0217455 0.0231412 0.0255131 0.0282199 0.0215041 0.0184594 0.0211973 0.0201725 0.0184234 0.0174585 0.0157359 0.0171064 0.0180543 0.0217566 0.0224335 0.0162448 0.021102 0.0246307 0.0224943 0.0227864 0.0254674 0.0359474 0.0379916 0.0297026 0.0195729 0.0277754 0.0396118 0.0302451 0.0226977 0.0246666 0.0244927 0.0188412 0.0200261 0.024306 0.019556 0.0188643 0.0202285 0.0147616 0.0158858 0.0185087 0.0142419 0.0215663 0.0203543 0.016758 0.0176053 0.0261035 0.0331752 0.0152991 0.017004 0.0219614 0.0125881 0.000993876 0 
0 3.00992e-05 0.0049303 0.0134091 0.0183499 0.0200009 0.0201069 0.0232437 0.0204422 0.0204695 0.0200545 0.0255008 0.0221145 0.0191861 0.0230386 0.0255273 0.0253675 0.0262622 0.0216267 0.0171115 0.0181539 0.0176028 0.0216482 0.0165431 0.0188266 0.0177857 0.0186169 0.0194531 0.0168377 0.0186017 0.0148775 0.0159776 0.0203015 0.0208988 0.0205194 0.0229243 0.0293259 0.0364271 0.0332949 0.0295762 0.0184778 0.0402009 0.0312269 0.0224609 0.0258907 0.0245474 0.0224978 0.0147377 0.0164841 0.0222368 0.0211043 0.0183358 0.018969 0.0160896 0.0165944 0.0222 0.0261347 0.022188 0.0230044 0.0162065 0.0154183 0.0184609 0.015671 0.00953131 0.0103797 0.0153079 0.0158084 0.00396988 4.56386e-05 
0 0.000920957 0.00732641 0.0151972 0.0106348 0.0145522 0.0151028 0.0231127 0.0163823 0.0207924 0.0226807 0.0267203 0.030132 0.0254308 0.0274394 0.0223865 0.0208421 0.0200605 0.0203014 0.0227674 0.0189754 0.0211668 0.0203659 0.0164048 0.0149055 0.0179533 0.0175712 0.014777 0.0125601 0.0105904 0.0144214 0.0208759 0.015346 0.017021 0.0260614 0.0250693 0.0273927 0.0281203 0.0344978 0.0400009 0.0311592 0.0453015 0.0316644 0.0224975 0.0237864 0.0212921 0.0230663 0.0210457 0.0175106 0.0243236 0.0244358 0.017785 0.0221092 0.0198081 0.0193687 0.0171554 0.0225447 0.0191804 0.0182028 0.0138754 0.00920648 0.00699689 0.00717806 0.00476405 0.00430169 0.0136341 0.0212372 0.00952066 0.000263601 
0 0.00212713 0.0119384 0.016063 0.0104315 0.0141362 0.0177658 0.0208206 0.0170348 0.0228732 0.023734 0.0254023 0.0260542 0.0231517 0.0189692 0.0221273 0.0198592 0.0148516 0.0213689 0.0211322 0.0173443 0.0208432 0.0174491 0.0181107 0.0161831 0.017018 0.0181878 0.0195766 0.0180915 0.0205195 0.0226128 0.0195308 0.0148048 0.0196948 0.0248211 0.0305687 0.0381846 0.0469059 0.0545294 0.0544592 0.040048 0.0239098 0.02486 0.0266595 0.0234507 0.0193906 0.0278629 0.0283203 0.0246283 0.0238703 0.0238298 0.0146804 0.0202389 0.0176077 0.0149293 0.0124781 0.0191369 0.0135813 0.0100744 0.017324 0.0140536 0.00912487 0.0122976 0.00711955 0.00683941 0.012179 0.0204716 0.0119218 0.0010818 
0 0.00375546 0.0160008 0.0226316 0.0175697 0.00838365 0.0109027 0.0216962 0.0191718 0.0209568 0.0249372 0.0191525 0.0172864 0.0190826 0.0155641 0.0177128 0.0208178 0.020087 0.0183235 0.0220675 0.0187101 0.019128 0.0190129 0.0159433 0.0159827 0.0159004 0.0215598 0.0192826 0.0200425 0.0222168 0.0258039 0.0224148 0.0182626 0.0201878 0.023613 0.0362796 0.0572688 0.050038 0.0841906 0.0609389 0.0396643 0.022077 0.0235277 0.0264748 0.0367015 0.0258159 0.0209354 0.0218693 0.0245684 0.0289644 0.0241899 0.0187419 0.0160942 0.0199093 0.0184247 0.0118055 0.0167326 0.0210107 0.0120939 0.0174036 0.0143564 0.014109 0.010666 0.00863328 0.0101825 0.0109498 0.0121069 0.00913798 0.00108058 
0 0.00711439 0.0172278 0.0302784 0.0281297 0.0127877 0.00945865 0.0158876 0.0118425 0.0163073 0.0170961 0.0156832 0.0153496 0.0138049 0.0130355 0.0211395 0.0252215 0.0194933 0.0177858 0.0146555 0.0121583 0.010761 0.0148482 0.0180036 0.0139616 0.0122337 0.0190866 0.021376 0.0162312 0.0150565 0.0221856 0.018816 0.0148392 0.0204725 0.0328505 0.0357821 0.0303709 0.0282353 0.0482725 0.0620508 0.0280555 0.0208388 0.0260621 0.0235672 0.0265049 0.0289821 0.0178469 0.0182129 0.0218049 0.0213281 0.0193655 0.0180628 0.0143109 0.0168482 0.0161559 0.0184578 0.0204799 0.0288687 0.0187831 0.0211467 0.0129568 0.0110369 0.0107188 0.0157986 0.0129026 0.0089594 0.00818202 0.0049074 7.98162e-05 
0 0.00506783 0.0152935 0.0231399 0.0222685 0.0152978 0.014726 0.0138313 0.0152727 0.0163319 0.0160913 0.0157214 0.0137269 0.0145396 0.0156549 0.0221034 0.0211463 0.0166886 0.0210042 0.0168398 0.0106277 0.0128577 0.0198357 0.0237839 0.0148598 0.0156827 0.0152153 0.01867 0.0199348 0.015055 0.0176225 0.0179576 0.018874 0.0289084 0.034117 0.0278498 0.0261995 0.0293051 0.0624953 0.0572177 0.0316377 0.0280686 0.0228489 0.0170348 0.0206496 0.0284938 0.0188373 0.0199779 0.0218573 0.0176932 0.0131657 0.0207878 0.0161276 0.0139537 0.0174225 0.0151532 0.0219693 0.0285319 0.0220167 0.0277916 0.0168891 0.0160535 0.0145137 0.0192779 0.011948 0.00607756 0.00437696 0.000455884 3.28401e-05 
0 0.00108849 0.0106422 0.0223316 0.0226638 0.015582 0.0100645 0.0100098 0.0156768 0.0205509 0.0186341 0.0146384 0.0150328 0.0179795 0.0186065 0.0196222 0.0187619 0.0197977 0.020241 0.0145051 0.0109526 0.0148464 0.0215243 0.0196972 0.0167618 0.0191623 0.0215589 0.0247817 0.0260056 0.0200391 0.0218793 0.0248797 0.0297739 0.0387196 0.0369582 0.0314845 0.0436765 0.054199 0.0541056 0.0311694 0.0299295 0.03082 0.0227061 0.0200507 0.0195435 0.0248899 0.0219311 0.0202262 0.0228456 0.0197531 0.0132839 0.0207383 0.0169334 0.0142936 0.0124496 0.0142701 0.0148831 0.0253404 0.0201671 0.0269714 0.0227702 0.0139431 0.0104917 0.0202477 0.00965831 0.0060736 0.004021 0.00343076 0.0020813 
0 0.00183757 0.011541 0.0158527 0.0103472 0.00836519 0.0161236 0.019848 0.019347 0.0229383 0.0206926 0.0181674 0.0204967 0.0208226 0.0154078 0.0113614 0.0154976 0.0199603 0.0137011 0.0128056 0.0121158 0.0167764 0.0221191 0.0226573 0.0213584 0.0249071 0.0269686 0.0242538 0.0282267 0.0260326 0.0247916 0.0235502 0.0296432 0.0441918 0.0263877 0.0478263 0.0508369 0.0558882 0.0319278 0.0237548 0.0213507 0.0227128 0.0240167 0.0220711 0.019109 0.027428 0.0229606 0.0219874 0.018987 0.0126941 0.0157602 0.0230249 0.0229506 0.0157633 0.0140109 0.0164296 0.0167421 0.0211704 0.0231452 0.0188314 0.0223613 0.0163549 0.0150658 0.0205119 0.00878747 0.0045932 0.00820023 0.0139869 0.00784875 
9.1545e-05 0.00300897 0.0101144 0.0104334 0.00419466 0.00828822 0.0151021 0.0261498 0.0243159 0.0208122 0.0205138 0.0149616 0.0162268 0.0170048 0.0236417 0.0193534 0.017199 0.0229604 0.0182862 0.017065 0.0204356 0.017792 0.0196336 0.023723 0.0272132 0.0284171 0.0270181 0.022035 0.0223331 0.0259752 0.0272133 0.0296406 0.0289862 0.0243601 0.0354161 0.0530911 0.0501014 0.039065 0.0234699 0.0233892 0.024637 0.027505 0.0240134 0.0276783 0.026872 0.0235082 0.0199697 0.0230298 0.0159288 0.0228243 0.0167077 0.0194268 0.0264766 0.0260232 0.0199508 0.0252889 0.0231529 0.0239436 0.0223223 0.0157465 0.0175983 0.0163705 0.0263652 0.0191855 0.00539473 0.00519959 0.00842672 0.010832 0.00395208 
0.000310775 0.00574366 0.00555354 0.00308355 0.00521193 0.0100544 0.0125314 0.0147774 0.0235521 0.0205061 0.0197687 0.0143912 0.0184373 0.0177813 0.0237023 0.0189445 0.017854 0.0218768 0.0249736 0.0205959 0.0177935 0.0135265 0.0235303 0.0187939 0.0230116 0.0223564 0.0181238 0.0186446 0.0151375 0.0158386 0.0244336 0.0269608 0.0293529 0.0235429 0.0733161 0.092705 0.0575528 0.0455125 0.0308721 0.0378672 0.031921 0.0281942 0.0208152 0.0230714 0.0260831 0.0191014 0.0216574 0.0266385 0.0279326 0.0239418 0.0230903 0.0209385 0.0243559 0.0218466 0.0193842 0.0257663 0.0383171 0.0340615 0.0251115 0.0164266 0.0123526 0.0223664 0.029686 0.0182332 0.00979412 0.0120011 0.0151078 0.0115073 0.00564076 
0.000358025 0.00529904 0.00481879 0.00505587 0.0107725 0.0196227 0.0177019 0.0170889 0.0187863 0.0140854 0.0141299 0.0145765 0.016779 0.0197979 0.0243967 0.0221324 0.0219059 0.0210815 0.0224401 0.0193599 0.0223197 0.0231667 0.0218972 0.0262348 0.0238615 0.0215511 0.0171604 0.0158137 0.0174527 0.020256 0.0183684 0.0394896 0.0472187 0.0317391 0.0475701 0.0456755 0.0281564 0.0247373 0.0356526 0.0469434 0.0431843 0.0180759 0.0126737 0.0156359 0.0188821 0.0189503 0.0210913 0.0223133 0.0362996 0.025673 0.0270121 0.0212104 0.0248381 0.0163518 0.0179395 0.0265301 0.0538619 0.0687496 0.0225471 0.0162547 0.0126374 0.0267678 0.0382211 0.037185 0.0169808 0.0133697 0.012639 0.0136246 0.00352868 
0.000273651 0.00424962 0.00651479 0.00721553 0.0123421 0.0193605 0.021468 0.0171861 0.0191242 0.01988 0.0153162 0.0145212 0.0159987 0.015788 0.0208794 0.0194605 0.0158212 0.0181415 0.018893 0.0154067 0.0205129 0.0261184 0.0175863 0.0181052 0.0161477 0.0191932 0.0138586 0.0161371 0.0232028 0.026512 0.019991 0.0234553 0.0415692 0.0268092 0.0211089 0.0243902 0.0232719 0.0243041 0.0347223 0.0379134 0.0364558 0.0211011 0.016264 0.0197089 0.0191042 0.021802 0.0261951 0.0304076 0.0363308 0.0269161 0.0248039 0.021793 0.0201224 0.0173698 0.0195459 0.0192523 0.0281056 0.0361853 0.0250801 0.0197281 0.0182095 0.0222087 0.0434333 0.0466759 0.0203061 0.0152972 0.0175106 0.017422 0.00233016 
0.000330567 0.00869643 0.0116603 0.0119166 0.0130592 0.0186285 0.0161699 0.0176407 0.0234237 0.0239309 0.0143658 0.0139417 0.0177421 0.0158862 0.0170883 0.0246189 0.0270952 0.0224492 0.0211589 0.0162826 0.0182891 0.0208267 0.0227441 0.0198558 0.0149965 0.0195588 0.0189617 0.015446 0.018966 0.0249646 0.0192713 0.0178538 0.021257 0.0203024 0.0247076 0.0210084 0.0285074 0.032984 0.0417943 0.0264946 0.0226744 0.0238175 0.0179385 0.014899 0.0136136 0.0202082 0.0239878 0.0210169 0.0197417 0.0226041 0.0257589 0.025138 0.01813 0.0239723 0.027866 0.0164087 0.0155566 0.021195 0.0277586 0.0198103 0.0197803 0.0167726 0.0304735 0.0287711 0.02773 0.0323782 0.0259963 0.0139992 0.00141297 
8.10004e-05 0.0024394 0.00853586 0.0082678 0.0102521 0.0175726 0.0184428 0.0179355 0.0217675 0.023667 0.0230868 0.0176224 0.0184366 0.0196963 0.0173597 0.0218483 0.0251487 0.0167997 0.0162385 0.0204696 0.0158602 0.0168685 0.0244581 0.0173081 0.0185271 0.0213862 0.0223604 0.0189586 0.0264258 0.0300595 0.0240955 0.0174775 0.0190942 0.0197088 0.0220285 0.0232231 0.0327811 0.0342236 0.0403349 0.0314376 0.0249432 0.0248552 0.0172056 0.01302 0.0139638 0.0105974 0.0175124 0.0140086 0.0115892 0.0162414 0.0202887 0.0179354 0.0193707 0.0163196 0.028794 0.0222134 0.0201564 0.0224404 0.0265515 0.0217725 0.0191295 0.0176859 0.0256275 0.022983 0.0290477 0.0349408 0.0140681 0.00582486 0.000318548 
0 0.000597643 0.00765034 0.00818938 0.00376639 0.0126096 0.0219385 0.0343641 0.0588986 0.0470047 0.0236304 0.0153183 0.0119678 0.0226154 0.023018 0.019691 0.0204165 0.0167089 0.016722 0.0165582 0.0215274 0.0191203 0.0252832 0.022617 0.0238171 0.0230999 0.0237847 0.01811 0.0257563 0.0319632 0.025571 0.0184584 0.0216175 0.0162009 0.0198465 0.0226927 0.0332818 0.0276105 0.0239859 0.0299184 0.0286345 0.0229912 0.0188464 0.0152336 0.0173904 0.0195204 0.0268608 0.0233861 0.0226702 0.0230676 0.0224773 0.0235633 0.017117 0.0125075 0.024141 0.0242518 0.0251822 0.0244188 0.027763 0.0239744 0.021798 0.0159851 0.0232983 0.0258785 0.0437779 0.0407734 0.0119341 0.00316241 0.000767746 
0 0 0.00216601 0.0069842 0.0024986 0.00786034 0.0171264 0.0540629 0.0806995 0.0434123 0.0198861 0.0175237 0.0161797 0.0287562 0.037987 0.0206331 0.0163891 0.0122841 0.0143526 0.0160248 0.018556 0.0184336 0.0309855 0.03642 0.0298101 0.0235832 0.0242536 0.0182755 0.0211988 0.0294943 0.0233238 0.0181541 0.0194276 0.0206064 0.0417954 0.0306502 0.0318118 0.0230381 0.0238894 0.0318079 0.0242809 0.0207609 0.0210547 0.0218165 0.0129294 0.0205576 0.0288415 0.0246617 0.0304516 0.0267234 0.0180986 0.0204089 0.0186336 0.0189994 0.0210941 0.0242131 0.0250122 0.0257557 0.0315171 0.0195431 0.0173003 0.0161242 0.03137 0.0361371 0.0320854 0.032028 0.01477 0.00349895 0.000622011 
0 0 0.000423551 0.00263566 0.00114087 0.0033415 0.0103378 0.0189432 0.0303845 0.0233969 0.0187031 0.0209763 0.0168432 0.0202559 0.0341919 0.0259113 0.0151773 0.0164743 0.0164698 0.013428 0.017671 0.0186099 0.0235831 0.047701 0.0231155 0.0206525 0.0189386 0.0222526 0.0210754 0.0235398 0.0350015 0.029388 0.021622 0.023707 0.0307972 0.0438853 0.0500207 0.0256922 0.0272543 0.0187852 0.0258268 0.0220584 0.0262171 0.016707 0.0186807 0.0264782 0.0269238 0.0330294 0.0368922 0.0185955 0.0139047 0.0168269 0.0188704 0.0207576 0.0164252 0.0245018 0.0392745 0.0285228 0.0343543 0.0272019 0.0169691 0.0171863 0.0309287 0.0313662 0.0246633 0.0267153 0.0175285 0.00892678 0.000555492 
0 0 0 7.79313e-05 0.00046462 0.000984287 0.00267021 0.00720568 0.0130733 0.0138899 0.0146306 0.0189409 0.0166447 0.0190698 0.0153147 0.0194897 0.0198748 0.0161588 0.0150809 0.0206395 0.0203291 0.0166801 0.0178918 0.0377733 0.0237592 0.0257983 0.0476074 0.0417725 0.0214208 0.0236923 0.0359455 0.0373389 0.0368239 0.0393199 0.0432042 0.062821 0.0476559 0.0226461 0.0253986 0.0265367 0.01959 0.0202629 0.0230844 0.0276526 0.0234535 0.0262419 0.0318037 0.043261 0.0345126 0.0236955 0.0148615 0.0142395 0.0191881 0.0235571 0.0186121 0.0176644 0.0296918 0.0304482 0.0329763 0.0298012 0.0245146 0.0222035 0.0306154 0.0208876 0.0224761 0.0293774 0.0173195 0.00505719 0.000323599 
0 0 4.53481e-05 0.00150331 0.00489304 0.00618967 0.00418602 0.00404547 0.0100816 0.0110692 0.0127876 0.0123257 0.0154673 0.0216097 0.0164076 0.022353 0.0206003 0.0153957 0.0131943 0.016756 0.0194115 0.0159779 0.0219633 0.0469626 0.0322027 0.0433122 0.0923684 0.0655311 0.0397883 0.0224243 0.0212091 0.039959 0.0572674 0.0515074 0.0397546 0.0341346 0.021767 0.0193348 0.0180621 0.024615 0.0257917 0.0278927 0.0233564 0.0222108 0.0283807 0.0430682 0.0515789 0.0466907 0.0305228 0.0240353 0.0156248 0.0269563 0.0356585 0.0312699 0.0260694 0.0260922 0.0160951 0.0193939 0.028793 0.0270348 0.0231974 0.0313362 0.0290294 0.0202783 0.021946 0.0273448 0.0142493 0.00388897 0.000273951 
0 0 0.001276 0.00705961 0.010046 0.00863532 0.0130554 0.0143534 0.014212 0.0136366 0.0168317 0.0178366 0.0189541 0.0144432 0.0214026 0.0252845 0.0240338 0.0209042 0.0143991 0.0124543 0.0220038 0.0178855 0.015724 0.0437686 0.056731 0.0605248 0.0591327 0.0499244 0.0539374 0.0259921 0.0229048 0.0260592 0.0407143 0.0360214 0.0287377 0.0214769 0.0191881 0.0190661 0.0186334 0.0207624 0.0213305 0.0254154 0.03166 0.0324747 0.0341671 0.0423889 0.0575106 0.048296 0.0211605 0.0243083 0.0223141 0.0221976 0.0300616 0.017514 0.0211512 0.0347436 0.0283039 0.0237384 0.0334154 0.0271402 0.0258803 0.0234669 0.023206 0.0303694 0.032327 0.0158763 0.00522135 0.00135569 6.36914e-05 
0 0 0.00121367 0.00773507 0.0101874 0.01189 0.00953263 0.0115099 0.0108605 0.00745629 0.0142976 0.0183698 0.0195375 0.0164031 0.0207635 0.0339988 0.0316432 0.0270542 0.015832 0.015359 0.0175826 0.0179524 0.0179032 0.0206265 0.0298521 0.0297326 0.0311102 0.0314841 0.0414288 0.0343789 0.0310287 0.0252593 0.0294111 0.0217168 0.0218352 0.0276469 0.0254325 0.022495 0.0317978 0.0240492 0.0206181 0.025634 0.0273847 0.0321575 0.0353533 0.035646 0.0362064 0.0360061 0.0202507 0.0224644 0.0190903 0.0220235 0.0346328 0.0200698 0.0238515 0.0329805 0.025786 0.0263443 0.0303681 0.0246481 0.0278421 0.0215149 0.0237105 0.0317537 0.0185233 0.00525819 0.00130361 0.000219633 0 
0 0 0.000114433 0.00260157 0.0113527 0.0124601 0.00959174 0.00890686 0.0067256 0.00594 0.0118901 0.0127946 0.0215928 0.0169912 0.0243149 0.039789 0.0248665 0.0197687 0.0210142 0.0252438 0.0246478 0.0283428 0.0234248 0.0185904 0.0189704 0.0158893 0.0214387 0.0301691 0.0417946 0.0350893 0.0295937 0.0240282 0.0221934 0.022395 0.0287279 0.033334 0.0344497 0.0296226 0.0264867 0.023126 0.0272426 0.0250565 0.0203282 0.0291832 0.0293457 0.0373301 0.038968 0.0291571 0.0232934 0.018834 0.0209877 0.021398 0.0259807 0.0213083 0.0215769 0.0220525 0.0225546 0.0272989 0.0229589 0.0314799 0.0323933 0.0227869 0.0201622 0.0165807 0.0100656 0.00148058 0.000151692 0 0 
0 0 0 9.46319e-05 0.000803901 0.00360457 0.0102076 0.00974226 0.00924648 0.0147538 0.0131125 0.011955 0.0128792 0.0150109 0.0189368 0.0219286 0.0192459 0.0165415 0.0166862 0.0181326 0.0234426 0.0245442 0.0232482 0.0184915 0.0169294 0.0164936 0.0196787 0.0261511 0.0386408 0.0253062 0.0232212 0.0237257 0.0246689 0.0350672 0.0386483 0.0248513 0.0285558 0.0217083 0.0213484 0.0274028 0.0297178 0.0258238 0.0185178 0.0263236 0.0255527 0.032927 0.0388524 0.0360589 0.0285021 0.0223964 0.0240343 0.0206705 0.021713 0.0294289 0.0223293 0.0183092 0.0276716 0.0330307 0.0202672 0.0242041 0.0300772 0.0178013 0.00972463 0.00630837 0.0073785 0.00428223 0.00140696 0 0 
0 0 0 0 8.99578e-05 0.00496122 0.0111245 0.0120876 0.0130129 0.0150493 0.0146889 0.0151825 0.00982631 0.0112124 0.0111415 0.0164119 0.0202925 0.0215452 0.0202994 0.0224382 0.0224063 0.0182835 0.0200565 0.0199237 0.0158929 0.0187976 0.0390628 0.0394028 0.0321764 0.0333785 0.03 0.0324918 0.0362658 0.0424016 0.0289647 0.0329697 0.0286601 0.0252285 0.0185403 0.0241254 0.0261602 0.0302321 0.0252292 0.0268682 0.0240493 0.0248583 0.0452583 0.044215 0.028583 0.0235854 0.0226074 0.0247887 0.0231442 0.0247056 0.027016 0.0187406 0.0263337 0.0278486 0.0247408 0.024167 0.0183599 0.0182104 0.0203278 0.01316 0.0106084 0.00370768 0.000473285 0 0 
0 0 0 0 0.000406939 0.00804112 0.016789 0.0136954 0.0157723 0.0200645 0.0199663 0.0165603 0.0105034 0.0100987 0.0133725 0.0136549 0.0223547 0.0340299 0.0296409 0.0316849 0.0262958 0.0245342 0.0272825 0.0227143 0.0155247 0.0224749 0.0327098 0.0302372 0.0274699 0.0349815 0.0327817 0.0365205 0.0322025 0.0384745 0.0376487 0.0427394 0.0346869 0.0307142 0.0225515 0.0196853 0.0203675 0.0273737 0.0250589 0.0214867 0.0203048 0.01831 0.0291418 0.025993 0.0246003 0.0203114 0.0267559 0.0241576 0.0265425 0.0263374 0.0212298 0.0183471 0.0180402 0.0277215 0.0366255 0.0339444 0.0201215 0.0191393 0.0320798 0.0369925 0.0118851 0.00216114 0.000277714 0 0 
0 0 0 0 0.000673078 0.00934655 0.0158605 0.0175412 0.0193257 0.0178475 0.00886049 0.0103398 0.00990381 0.00866514 0.0129713 0.0189472 0.0197045 0.0251559 0.0246711 0.0267964 0.0312248 0.0249553 0.0229599 0.0293137 0.0235212 0.0228155 0.0240783 0.0215406 0.0253616 0.0332781 0.035363 0.0336112 0.0297849 0.039302 0.0354159 0.0323892 0.0360458 0.0344921 0.0227809 0.0235117 0.0281768 0.0269022 0.0215982 0.02198 0.023002 0.0230948 0.0254299 0.0275934 0.0310616 0.0178854 0.0184874 0.0249962 0.0242211 0.0252603 0.0228612 0.0160755 0.0100628 0.0174263 0.0295881 0.0418186 0.0304229 0.0214675 0.0247423 0.0191465 0.0036698 0.000224062 0 0 0 
0 0 0 0 8.45679e-05 0.00487308 0.0145215 0.0175675 0.0198075 0.0123516 0.00277504 0.00363139 0.00426299 0.00858783 0.0158431 0.0189521 0.014253 0.0127677 0.0113898 0.0165511 0.0262301 0.0220307 0.0257386 0.0602022 0.0534844 0.0262173 0.0219842 0.0209217 0.0190984 0.0215505 0.0205757 0.0209389 0.0188478 0.0265529 0.0300604 0.0279288 0.0276248 0.0205699 0.0256576 0.0219494 0.0293048 0.0271457 0.0273431 0.029127 0.032827 0.0362137 0.0278992 0.0353835 0.0355894 0.0169674 0.0161688 0.0171149 0.0189268 0.0276214 0.0270047 0.0189211 0.0145169 0.0249858 0.0287571 0.0286026 0.0228128 0.0255158 0.0125477 0.00700953 0.0033339 8.01757e-05 0 0 0 
0 0 0 0 0 0.00203139 0.00896751 0.0145907 0.0114532 0.00826135 0.00105607 0.00126098 0.00061081 0.00504646 0.0103104 0.0089353 0.0102096 0.013968 0.0150615 0.014842 0.0234049 0.0259403 0.0232752 0.0477906 0.0752141 0.0304853 0.0293347 0.0196452 0.0197318 0.0199609 0.0171102 0.0159913 0.0233374 0.0269882 0.0228463 0.0228521 0.0172212 0.0226896 0.0191132 0.0195419 0.0254904 0.0227551 0.02311 0.0257716 0.0261598 0.0254154 0.0255648 0.0261198 0.0227492 0.0165829 0.0173023 0.0191163 0.0180649 0.022562 0.0237099 0.0239351 0.0223501 0.0308861 0.0281021 0.0322301 0.0225742 0.0109931 0.00486001 0.00364511 0.00108746 0 0 0 0 
0 0 0 0 0 0.000112269 0.00250846 0.00873932 0.010452 0.0110486 0.00412451 0.000235037 0.000152262 0.00233124 0.00998028 0.0123394 0.0158253 0.021599 0.0183342 0.0138423 0.0197369 0.018681 0.0166852 0.026676 0.0437837 0.0303374 0.0278297 0.0233503 0.018858 0.0172152 0.0234869 0.0248764 0.0224471 0.0232504 0.0170029 0.0189188 0.0164087 0.0259785 0.0195104 0.0210233 0.0246861 0.0213582 0.0216765 0.0232674 0.0297246 0.0285446 0.0234921 0.0303786 0.029259 0.0288613 0.0303245 0.0241263 0.0187242 0.0204647 0.024948 0.0265917 0.0293298 0.0288684 0.0271617 0.029553 0.0369843 0.015043 0.00289261 0.000965503 0 0 0 0 0 
0 0 0 0 0 0 6.81096e-05 0.00295632 0.0151535 0.0151622 0.0085989 0 0.00026301 0.00322993 0.00287528 0.00775534 0.0190955 0.0263502 0.0199622 0.0171029 0.0180019 0.0154404 0.0123723 0.0235071 0.0337994 0.0362946 0.0256296 0.0229969 0.0205576 0.0281162 0.0329369 0.0274997 0.0149606 0.012962 0.0116831 0.0105387 0.0138095 0.0164443 0.0140853 0.0163504 0.0247719 0.0214826 0.0174673 0.0233567 0.0294434 0.0312446 0.0255011 0.0261899 0.0322343 0.0330614 0.0221895 0.0195528 0.0165066 0.02318 0.0268174 0.0264664 0.0247828 0.0308116 0.0315445 0.0320958 0.0305852 0.0166619 0.00243904 0.000419192 0 0 0 0 0 
0 0 0 0 0 0 0 0.00120657 0.00955177 0.00779403 0.00491917 0 0.000733479 0.00170813 0.00174349 0.00268829 0.0150631 0.0235217 0.0155904 0.0180093 0.0327377 0.0251143 0.0196935 0.0177638 0.0248368 0.0416624 0.03037 0.023769 0.028011 0.0281334 0.030663 0.0211594 0.011687 0.0142106 0.018172 0.0168061 0.0266352 0.0269029 0.0200764 0.0215899 0.0263664 0.0207305 0.0278637 0.0253078 0.027577 0.0269108 0.0237583 0.0212262 0.0195451 0.0172759 0.02135 0.014457 0.0174364 0.0234172 0.0226272 0.0219122 0.0305799 0.0301615 0.0258206 0.021269 0.0146528 0.00514428 0.000397891 0 0 0 0 0 0 
0 0 0 0 0 0 0 7.20632e-05 0.000983447 0.00195765 0.000694891 0 0.00166336 0.00842567 0.0091282 0.00542758 0.015132 0.0321713 0.0297153 0.0181963 0.0476122 0.0521757 0.030218 0.0214497 0.0207601 0.0311454 0.036476 0.0215928 0.0442951 0.0359836 0.0318895 0.0220287 0.0271037 0.0372418 0.0300237 0.0201623 0.0251059 0.0345935 0.0312874 0.0284989 0.0318219 0.0293723 0.0337806 0.0241874 0.0183239 0.0142066 0.0145022 0.0175499 0.0124059 0.0166317 0.0209721 0.0184827 0.0175455 0.0206571 0.0193035 0.027011 0.0284697 0.0213753 0.0192706 0.00881194 0.00320807 0.000708581 0 0 0 0 0 0 0 
0 0 0 0 0 0 0 0 0 0 0 0 0.00219734 0.0112908 0.0122686 0.0102597 0.0217245 0.0324129 0.0286214 0.0201645 0.0330071 0.0450531 0.0370089 0.0170992 0.0153595 0.0272662 0.0323353 0.0327317 0.0641052 0.0438232 0.0308006 0.0243846 0.048039 0.0706689 0.0399418 0.0253833 0.0203176 0.0228153 0.0231397 0.0314114 0.0406143 0.0346585 0.0214066 0.0181263 0.00727749 0.00222863 0.00481592 0.00485547 0.0121605 0.0208009 0.019825 0.0181291 0.025658 0.0294104 0.0273448 0.0376277 0.0192032 0.00647542 0.00370936 0.000925824 3.59297e-07 0 0 0 0 0 0 0 0 
0 0 0 0 0 0 0 0 0 0 0 0 0.00256766 0.0152961 0.0124453 0.0192585 0.0270006 0.0413043 0.0363467 0.0313189 0.023578 0.0211676 0.0354734 0.0301771 0.0278392 0.0317156 0.0425562 0.0368256 0.0521984 0.0405275 0.0317255 0.0262379 0.0379614 0.0404501 0.0289632 0.0263753 0.0224139 0.0106952 0.0182449 0.0238078 0.0269013 0.0341721 0.0144235 0.0099152 0.00188139 0.00100771 0.0037818 0.00685767 0.017324 0.0268131 0.0167273 0.0279806 0.0362421 0.0445913 0.0283309 0.021826 0.00797034 0.00143732 0.000987744 2.1125e-05 0 0 0 0 0 0 0 0 0 
0 0 0 0 0 0 0 0 0 0 0 0 0.00239158 0.0123172 0.014729 0.023292 0.032411 0.0445425 0.0472154 0.0303473 0.0252906 0.0189331 0.0232719 0.0332896 0.0256654 0.0403817 0.0334235 0.0315586 0.0386898 0.0356678 0.0276085 0.0398189 0.0425129 0.0378304 0.0239413 0.0192003 0.0191504 0.0143154 0.0131385 0.0201555 0.0245891 0.0266411 0.0117794 0.00599651 0.00320727 0.00196723 0.0109262 0.0133966 0.0247377 0.0376206 0.0265548 0.0228561 0.0288856 0.0433804 0.0283665 0.0175831 0.00914482 0.00157172 0.00070319 1.89442e-05 0 0 0 0 0 0 0 0 0 
0 0 0 0 0 0 0 0 0 0 0 0 1.38613e-05 0.00469544 0.0147659 0.0224223 0.0240847 0.0297063 0.0339295 0.0266116 0.0180924 0.0140489 0.0254318 0.0303234 0.0272269 0.0231351 0.0244147 0.0354002 0.033664 0.0357626 0.0385899 0.0493683 0.0477794 0.045814 0.0381804 0.0298668 0.0183292 0.0157949 0.0138005 0.0179189 0.0290673 0.015501 0.013104 0.0122634 0.00831002 0.00854839 0.0133566 0.0165745 0.0224992 0.0387356 0.0247849 0.0115688 0.0107529 0.021922 0.0186624 0.0132567 0.00185749 2.20247e-05 0 0 0 0 0 0 0 0 0 0 0 
0 0 0 0 0 0 0 0 0 0 0 0 0 0.000817557 0.00694275 0.0212461 0.0222107 0.0218746 0.0284586 0.0241261 0.0234549 0.017688 0.0210022 0.0211917 0.0363199 0.0251675 0.0256422 0.0321116 0.038391 0.0358672 0.0315996 0.0425496 0.0460617 0.0520817 0.0399318 0.0326736 0.0193241 0.0198616 0.019803 0.0137228 0.0189082 0.014974 0.0164989 0.0147541 0.0105641 0.0141075 0.0242573 0.0134978 0.0122871 0.0168117 0.019584 0.0116344 0.00278999 0.00405358 0.00654804 0.00402492 0.00019009 0 0 0 0 0 0 0 0 0 0 0 0 
0 0 0 0 0 0 0 0 0 0 0 0 0 0 0.00219412 0.0136111 0.0166036 0.015918 0.0205956 0.0169131 0.0186882 0.0169321 0.0208096 0.0341878 0.0415014 0.035001 0.0279155 0.0246247 0.0302655 0.0375106 0.0374046 0.0499882 0.0479618 0.0457913 0.0633404 0.0280032 0.0255555 0.0235934 0.0164247 0.00928754 0.00973219 0.0152541 0.0256314 0.0307601 0.027134 0.027814 0.0253288 0.0187039 0.0137664 0.0166028 0.0140008 0.0152356 0.00268453 0.000337762 0.00067026 7.72466e-05 0 0 0 0 0 0 0 0 0 0 0 0 0 
0 0 0 0 0 0 0 0 0 0 0 0 0 0 1.32033e-05 0.00192159 0.00410179 0.00664273 0.0125293 0.0152367 0.0290212 0.0319114 0.0288755 0.0466817 0.0529663 0.0364957 0.032369 0.0290061 0.0319525 0.0423617 0.0528823 0.0403328 0.0310513 0.0351554 0.0522098 0.0425703 0.0280825 0.0243813 0.0135385 0.00535666 0.0112853 0.0182501 0.0363532 0.0495399 0.0221525 0.0159497 0.0218134 0.0215526 0.0133308 0.00569634 0.00631133 0.00639146 0.000279416 0.000229787 0.000290691 0 0 0 0 0 0 0 0 0 0 0 0 0 0 
0 0 0 0 0 0 0 0 0 0 0 0 0 0 0 0 0 0.00234159 0.00920846 0.0150029 0.0261673 0.0371898 0.015622 0.0183951 0.0366417 0.0262806 0.0206659 0.026403 0.0270118 0.032856 0.0355757 0.0341015 0.0406059 0.0463064 0.0368216 0.0317346 0.0217075 0.0103405 0.00692168 0.0141489 0.022649 0.0168267 0.0246131 0.0280892 0.0191002 0.0185757 0.0193121 0.0240132 0.0176875 0.00140199 4.19559e-05 1.37656e-05 0 0 0 0 0 0 0 0 0 0 0 0 0 0 0 0 0 
0 0 0 0 0 0 0 0 0 0 0 0 0 0 0 0 0 8.58353e-06 0.000629222 0.00300014 0.00466706 0.00960646 0.00319933 0.00455551 0.02206 0.0305218 0.018362 0.0124675 0.0122716 0.012576 0.0187559 0.0339266 0.0479276 0.0304469 0.0164146 0.0140873 0.00543068 0.00229765 0.00599469 0.0161425 0.017236 0.0192675 0.0204914 0.0186524 0.0176047 0.0228591 0.0313184 0.0234106 0.00861145 9.46794e-05 0 0 0 0 0 0 0 0 0 0 0 0 0 0 0 0 0 0 0 
0 0 0 0 0 0 0 0 0 0 0 0 0 0 0 0 0 0 0 0 5.30143e-06 4.82056e-05 4.25157e-06 0.000817823 0.00751312 0.0160004 0.0192915 0.014528 0.0114399 0.0108431 0.0167416 0.038669 0.0524374 0.0278845 0.0070479 0.000887729 0.000327156 0.000632852 0.0081113 0.0175677 0.0180389 0.0297581 0.0232747 0.0103729 0.00875771 0.0201155 0.0310957 0.0133134 0.00221306 3.12621e-05 0 0 0 0 0 0 0 0 0 0 0 0 0 0 0 0 0 0 0 
0 0 0 0 0 0 0 0 0 0 0 0 0 0 0 0 0 0 0 0 0 0 0 0.000127918 0.000360844 0.0044893 0.00886224 0.0084435 0.0121341 0.00730703 0.0117819 0.0219164 0.0463294 0.02343 0.00179596 2.0033e-05 0.000158156 0.000564131 0.00227332 0.00359164 0.00393277 0.0124418 0.0179807 0.00557495 0.00252205 0.00367053 0.00206176 0.000122119 0 0 0 0 0 0 0 0 0 0 0 0 0 0 0 0 0 0 0 0 0 
0 0 0 0 0 0 0 0 0 0 0 0 0 0 0 0 0 0 0 0 0 0 0 0 0 0.000117976 0.000270977 0.00209213 0.00420285 0.00169647 0.00120791 0.00160215 0.00671966 0.00206888 0 0 0 0.00021917 0.000189189 0 0.000168576 0.00053285 0.00195885 0.000589669 0 0 0 0 0 0 0 0 0 0 0 0 0 0 0 0 0 0 0 0 0 0 0 0 0 

