0 0 0 0 0 0 0 0 0 0 0 0 0 0 0 0 0 0 0 0 0 0 0 0 0 0 0 0 0 0 4.52375e-05 0.000486759 0.000248944 1.62806e-05 0 0.000135246 3.09455e-05 0 0 0 0 0 0 0 0 0 0 0 0 0 0 0 0 0 0 0 0 0 0 0 0 0 0 0 0 0 0 0 0 
0 0 0 0 0 0 0 0 0 0 0 0 0 0 0 0 0 0 0 0 0 0 0 0 0 2.31923e-05 7.54098e-05 0.00107159 0.00205393 0.00575551 0.00835118 0.00840949 0.00795876 0.0030894 0.00152258 0.00412507 0.00638683 0.00327637 0.00148995 0.000168034 0 0 0 4.6552e-05 4.11998e-05 0 0 0 0 0 0 0 0 0 0 0 0 0 0 0 0 0 0 0 0 0 0 0 0 
0 0 0 0 0 0 0 0 0 0 0 0 0 0 0 0 0 0 0 0 0 0 0 0.000506269 0.000657562 0.00263127 0.00635844 0.00953042 0.011866 0.0149592 0.0177976 0.020915 0.0176914 0.0122525 0.00930436 0.0137177 0.0183345 0.0174259 0.0101242 0.00335933 0.000411589 0 0.000133026 0.000515711 0.00209179 0.00127807 0 0 0 0 0 0 0 0 0 0 0 0 0 0 0 0 0 0 0 0 0 0 0 
0 0 0 0 0 0 0 0 0 0 0 0 0 0 0 0 0 0 0 0 0.000111633 0.000583441 0.000377797 0.00208529 0.00430356 0.00711672 0.0140407 0.0149599 0.0175772 0.0174189 0.0190957 0.0224404 0.0225028 0.0181142 0.0137552 0.0232703 0.0245602 0.03227 0.025316 0.010046 0.00216609 0.000392256 0.00160995 0.00461919 0.00843105 0.00868958 0.00149697 0.000501381 0.0013037 0.000584327 1.21391e-05 0 0 0 0 0 0 0 0 0 0 0 0 0 0 0 0 0 0 
0 0 0 0 0 0 0 0 0 0 0 0 0 0 0 0 0 0 0 0.000558964 0.00384515 0.00606719 0.00457745 0.00525503 0.00767257 0.00889167 0.0113962 0.0160107 0.0150913 0.0147318 0.0145719 0.0250652 0.0291006 0.0181797 0.0152216 0.0217156 0.0269497 0.0236922 0.0325942 0.0156679 0.00448296 0.00376865 0.00792512 0.0106242 0.0149478 0.0134203 0.00560115 0.00329341 0.0107452 0.00705128 0.00145823 0.000426998 9.12717e-06 0 0 0 0 0 0 0 0 0 0 0 0 0 0 0 0 
0 0 0 0 0 0 0 0 0 0 0 0 0 0 0 0 0 0 0.00045161 0.00578519 0.0101311 0.0135594 0.0172977 0.0137567 0.00666754 0.0111731 0.0131889 0.0145355 0.0139668 0.0099118 0.0139992 0.0184698 0.0228209 0.0215872 0.0160162 0.0221926 0.0235844 0.0272019 0.0233801 0.016758 0.0102278 0.00767127 0.00754243 0.0110199 0.0166814 0.014943 0.0154033 0.00938701 0.0167239 0.0151802 0.0116832 0.0070036 0.00218295 2.84359e-05 0 0 0 0 0 0 0 0 0 0 0 0 0 0 0 
0 0 0 0 0 0 0 0 0 0 0 0 0 0 0 0 0.000230927 0.00211151 0.00216967 0.0100133 0.0105505 0.0133822 0.0164003 0.0152818 0.0132237 0.0181516 0.014231 0.0179694 0.0186037 0.012235 0.0147708 0.0138496 0.0189233 0.0279708 0.0198992 0.0211034 0.0207191 0.0196167 0.018368 0.0187726 0.012073 0.00863571 0.00899472 0.0134557 0.013855 0.0114406 0.0210844 0.016888 0.0230635 0.0187301 0.0159614 0.0147748 0.0078723 0.00142085 0.000262638 0 0 0 0 0 0 0 0 0 0 0 0 0 0 
0 0 0 0 0 0 0 0 0 0 0 0 0 8.43227e-07 3.42702e-05 0.00110438 0.00346522 0.00342618 0.00601445 0.0101628 0.0132336 0.0179247 0.0176968 0.0180666 0.0178305 0.023128 0.0191182 0.0224092 0.0178915 0.0171329 0.0199383 0.0154544 0.0196243 0.0180499 0.0208313 0.0252561 0.026198 0.0192595 0.0152949 0.0186 0.0163483 0.0122538 0.0163033 0.0148549 0.0169883 0.0133735 0.0233571 0.0253676 0.0201965 0.0213056 0.022517 0.0225245 0.0149963 0.00914608 0.00260548 7.86107e-05 0 0 0 0 0 0 0 0 0 0 0 0 0 
0 0 0 0 0 0 0 0 0 0 0 0 0 0.000773546 0.00551108 0.00540564 0.00364749 0.00473825 0.00974067 0.0123804 0.0206407 0.0209351 0.0247691 0.0197799 0.0175777 0.0180255 0.0194729 0.023125 0.0176668 0.0193051 0.0196706 0.0202611 0.0182134 0.0201971 0.0188805 0.0234307 0.0210852 0.0211384 0.0196182 0.0214137 0.0189966 0.0165077 0.0179131 0.0138954 0.0124389 0.0107822 0.0226542 0.0190253 0.0157255 0.0177305 0.0204589 0.0193757 0.0251734 0.0202056 0.00712611 0.000679192 0 0 0 0 0 0 0 0 0 0 0 0 0 
0 0 0 0 0 0 0 0 0 0 0 0 0 0.000863687 0.00469233 0.00268699 0.0010707 0.00368177 0.0120117 0.0183791 0.0226927 0.0245113 0.0201396 0.0199471 0.0239985 0.013011 0.0123478 0.0192604 0.0191104 0.0181471 0.0238205 0.0207256 0.0209676 0.0193847 0.0193872 0.0237258 0.0307758 0.025753 0.015858 0.0154628 0.0208024 0.0192145 0.0181844 0.0143865 0.0153101 0.0128376 0.0163909 0.0153186 0.0208699 0.0191293 0.0147062 0.0136589 0.019707 0.0164012 0.0100277 0.00109046 0.000239673 0.000821738 0 0 0 0 0 0 0 0 0 0 0 
0 0 0 0 0 0 0 0 0 0 0.0005474 0.00158095 0.000551237 0.000797969 0.00341104 0.0022821 0.00210371 0.00334154 0.0134728 0.0211462 0.0259709 0.0204859 0.0139992 0.0201718 0.0276816 0.0168702 0.0210329 0.0255916 0.0259076 0.0261312 0.0231907 0.021214 0.0237997 0.0213294 0.0165853 0.0240303 0.0201175 0.0251453 0.016472 0.0116 0.0211784 0.0184107 0.0168048 0.0177164 0.0190554 0.0203272 0.0155529 0.0155356 0.0200083 0.0186266 0.0135118 0.0191888 0.0150709 0.0127851 0.0160651 0.00585004 0.00120163 0.00152667 0.0016529 0.000103867 0 0 0 0 0 0 0 0 0 
0 0 0 0 0 0 0 0 0 0.00048009 0.00584217 0.0116984 0.012537 0.0100357 0.00366699 0.00289569 0.00465179 0.00447765 0.0134162 0.0256974 0.0286968 0.0196523 0.0198767 0.0192193 0.0304853 0.0245305 0.0216726 0.0242644 0.0248868 0.0288862 0.017976 0.017555 0.0184501 0.0215211 0.0208759 0.0236716 0.0208796 0.0192771 0.0139019 0.0167944 0.0160009 0.0151773 0.0145689 0.0152943 0.0172086 0.0181218 0.0152154 0.0130677 0.0140218 0.0138611 0.0109191 0.0179055 0.015609 0.0138738 0.0197102 0.0156254 0.0066463 0.00300021 0.00543914 0.00332067 0.000165697 0 0 0 0 0 0 0 0 
0 0 0 0 0 0 0 0 0 0.00352699 0.0140393 0.019198 0.0185958 0.017639 0.0139084 0.0120724 0.0132948 0.0127298 0.0157526 0.0220214 0.0271248 0.0199141 0.0222502 0.0204522 0.0254796 0.0276978 0.0252826 0.029231 0.0397167 0.0327125 0.0240995 0.0203698 0.0168667 0.0214622 0.0242019 0.0265212 0.0275633 0.017727 0.0205503 0.0202313 0.0159668 0.02079 0.0208652 0.0226349 0.0182427 0.013663 0.0164868 0.0160786 0.0167622 0.0170311 0.0153427 0.0252668 0.0160249 0.0144514 0.0182415 0.0277632 0.0206213 0.0188194 0.0156575 0.0147424 0.002872 0.00018989 0 0 0 0 0 0 0 
0 0 0 0 0 0 0 3.33924e-05 0.000612748 0.00581294 0.0200583 0.0214445 0.0172278 0.0167646 0.022003 0.02422 0.0219647 0.0142701 0.0208383 0.0209098 0.0211447 0.0170952 0.0185734 0.0164312 0.0179105 0.0243283 0.0214376 0.021458 0.0311908 0.0445065 0.0413603 0.0282202 0.0209427 0.0213892 0.021732 0.0262626 0.0221459 0.0205636 0.025962 0.0231607 0.0183647 0.0221696 0.0222272 0.0213453 0.0234643 0.0189835 0.0219372 0.026948 0.0256591 0.0253537 0.0188657 0.0254553 0.0153465 0.0131082 0.0148235 0.0169161 0.0241022 0.022666 0.017744 0.0219646 0.0113379 0.00147203 0 0 0 0 0 0 0 
0 0 0 0 0 0 4.87377e-06 0.000718959 0.00642685 0.0177608 0.0257955 0.0231355 0.0219701 0.0166956 0.0208513 0.0248826 0.0241317 0.0228768 0.0192629 0.0233026 0.0213981 0.0197738 0.0196663 0.0197532 0.0189737 0.0218802 0.0209836 0.0193514 0.0241891 0.0272009 0.0241752 0.0250058 0.0231836 0.0248926 0.0199412 0.0226891 0.0253851 0.0240182 0.0265628 0.0251164 0.0275632 0.023 0.0210824 0.014028 0.0159046 0.0241066 0.0296501 0.0246675 0.0271672 0.0250959 0.0240437 0.0226855 0.0143415 0.0116562 0.015532 0.0204626 0.0245314 0.0242079 0.0175541 0.0263287 0.00991513 0.000858922 0 0 0 0 0 0 0 
0 0 0 0 0 0 0.000985218 0.0105504 0.0186268 0.0230665 0.0253171 0.0271643 0.0257864 0.0218319 0.0222683 0.0247028 0.0235411 0.0249516 0.0259848 0.0196702 0.0268115 0.023389 0.0162135 0.0213144 0.0223815 0.0231741 0.0205379 0.0216729 0.0250657 0.0249717 0.0238205 0.0236971 0.0297909 0.0346238 0.0277761 0.0230223 0.0236899 0.0273638 0.0211105 0.0220293 0.0249659 0.0260574 0.0209433 0.0109608 0.0170211 0.020731 0.0238283 0.0255975 0.0303694 0.0226037 0.019604 0.0219785 0.0221801 0.0198438 0.0153515 0.0175204 0.0202675 0.0246942 0.0219583 0.0207704 0.0127652 0.00612175 0.000273492 0 0 0 0 0 0 
0 0 0 0 0 0 0.00177803 0.00655443 0.00711805 0.0143063 0.0178383 0.0246197 0.0198566 0.0187429 0.0181856 0.0201899 0.0233223 0.0313508 0.0227703 0.0224133 0.0217881 0.0208081 0.0160265 0.0187718 0.027488 0.0270738 0.0223334 0.0202222 0.0216411 0.0239061 0.02179 0.0202494 0.0176065 0.0315409 0.0285159 0.0287208 0.023237 0.0240236 0.0194206 0.0249675 0.0286292 0.0198259 0.0198316 0.0155098 0.0209171 0.0169093 0.0211166 0.022263 0.0226524 0.018263 0.0198493 0.0226617 0.0238375 0.0187915 0.0123318 0.0195741 0.0182093 0.020874 0.0219508 0.0214937 0.0149246 0.0115276 0.00292581 0.00105352 0 0 0 0 0 
0 0 0 0 0 0 3.12105e-05 0.000184238 0.000508905 0.00360121 0.0154165 0.022067 0.0225207 0.0167105 0.0207696 0.0198574 0.0292809 0.0360669 0.0272661 0.0236677 0.0231627 0.0177308 0.015942 0.0155931 0.0175704 0.0246243 0.0217589 0.0170662 0.0161985 0.0215119 0.0216945 0.0155322 0.018653 0.0259472 0.0280788 0.0312631 0.0212169 0.0161445 0.0183923 0.0318433 0.028456 0.0316791 0.0275884 0.0160413 0.0154967 0.0104014 0.0138518 0.0143747 0.0173153 0.0196899 0.0227713 0.0216306 0.0210823 0.0154516 0.0176352 0.0250136 0.0227086 0.0159778 0.0183555 0.0244076 0.0209037 0.0217925 0.0151529 0.00862602 0.000477656 0 0 0 0 
0 0 0 0 9.33788e-06 0.000140568 0.000266692 0.00093635 0.00342694 0.00647184 0.0153894 0.0190013 0.0224167 0.0200837 0.0252826 0.0213542 0.0203888 0.0248026 0.0223699 0.0211683 0.020089 0.0262973 0.0267161 0.0206165 0.017618 0.0197858 0.0157002 0.0123853 0.0154332 0.0179367 0.0167118 0.0158993 0.0177544 0.0301107 0.0609856 0.0593427 0.0260005 0.0162549 0.0117871 0.02352 0.0333728 0.0362342 0.0325253 0.0190803 0.0196457 0.0178481 0.0182818 0.0167266 0.0186911 0.0220394 0.0246503 0.0205729 0.0186571 0.0161521 0.0152278 0.0125381 0.0192274 0.0167327 0.0231012 0.0298551 0.0218676 0.016173 0.021339 0.0169446 0.00233054 4.86103e-08 0 0 0 
0 0 0 5.0255e-06 0.000837352 0.00492099 0.00763808 0.00676587 0.0098935 0.0125065 0.0207569 0.0255951 0.0206242 0.0239495 0.0252816 0.0303406 0.0190407 0.0166446 0.0203031 0.0185642 0.0204955 0.0201866 0.0234293 0.0192348 0.0153365 0.020868 0.0201845 0.01641 0.0170723 0.0180519 0.0180206 0.0182748 0.0177204 0.025343 0.0454307 0.04234 0.0229163 0.0138237 0.0107072 0.0218916 0.0269106 0.0331003 0.0280498 0.0173232 0.013229 0.0176707 0.0182558 0.0162153 0.0138301 0.0200426 0.0244897 0.0187545 0.0135603 0.0122531 0.0157854 0.0158855 0.0127129 0.011273 0.0204676 0.0228395 0.0187766 0.0171634 0.0246432 0.0262249 0.00966797 0.00153111 1.07184e-05 0 0 
0 0 0 0.000633448 0.00769801 0.0165933 0.0136728 0.0142466 0.0162612 0.0153189 0.018353 0.0236662 0.0210153 0.025123 0.0262549 0.0310755 0.0203926 0.0176628 0.0162402 0.01879 0.0179898 0.0163322 0.0179186 0.0192498 0.022563 0.0205277 0.0159778 0.0175822 0.0137463 0.0126201 0.0168196 0.0179203 0.0233912 0.0225408 0.0233526 0.0178986 0.0204423 0.0182789 0.0116866 0.017858 0.026505 0.0329722 0.0329525 0.0227525 0.0178501 0.0229618 0.023813 0.0184772 0.0160553 0.0170154 0.0143676 0.0187585 0.0149942 0.0171027 0.0223583 0.0184118 0.0118184 0.0105868 0.0167113 0.0242535 0.0238888 0.0288963 0.0257954 0.0276543 0.0209159 0.00952349 0.000400859 0 0 
0 0 1.69525e-06 0.00285468 0.0176007 0.0211883 0.0212435 0.0205899 0.0187907 0.0179267 0.0231061 0.0224596 0.0174377 0.0173693 0.01733 0.0228048 0.0172267 0.0198255 0.0156354 0.0198036 0.0217726 0.0224456 0.0212306 0.0285361 0.0243538 0.0153387 0.0136211 0.0142329 0.0128641 0.0114577 0.0111284 0.0171005 0.0235417 0.0294062 0.0221409 0.0167306 0.0224486 0.0257268 0.0164409 0.0268517 0.0317896 0.0329667 0.0362741 0.0356217 0.0361335 0.0369418 0.0281423 0.0218634 0.0154611 0.0136855 0.0171048 0.0179767 0.0197653 0.0161866 0.0173578 0.0198166 0.0173513 0.0229259 0.021653 0.0213697 0.0359037 0.0349423 0.0371956 0.0475718 0.0253647 0.0192077 0.00307428 0 0 
0 0 3.75474e-05 0.00849198 0.0250581 0.0203288 0.0187579 0.0181354 0.018634 0.0222123 0.0227413 0.0232758 0.0221439 0.0114434 0.0131221 0.0186712 0.0152167 0.0163449 0.0159724 0.0174817 0.0219262 0.0194343 0.0284485 0.0917891 0.0957704 0.0231757 0.0172281 0.0207556 0.0147776 0.015016 0.010692 0.0177469 0.0233693 0.0233876 0.0167516 0.0181121 0.0224212 0.0185183 0.0168616 0.0265958 0.0510617 0.0505656 0.0363635 0.043398 0.0418373 0.0312252 0.0381728 0.0328985 0.0172766 0.0204834 0.0261146 0.0211047 0.0216962 0.0217175 0.0210876 0.0180373 0.0199835 0.0182297 0.0201678 0.0180589 0.0222388 0.036265 0.0414273 0.0464975 0.0245769 0.0179883 0.00582073 6.2533e-05 0 
0 0 0.00135153 0.0139571 0.0237322 0.0224158 0.020822 0.0104701 0.014283 0.0152242 0.0233224 0.020567 0.0195088 0.0115365 0.0110155 0.0157309 0.0203045 0.0199207 0.015535 0.014 0.0197779 0.0238559 0.0306318 0.0823042 0.0804555 0.0283846 0.0187125 0.0164832 0.0109714 0.0121821 0.0122915 0.0194126 0.0247682 0.0178661 0.0139244 0.0169302 0.0186638 0.0207386 0.0219114 0.0379081 0.0632152 0.0673576 0.0305251 0.0334958 0.0260945 0.0341323 0.0405249 0.0417931 0.0235359 0.0201056 0.0239647 0.0214378 0.025726 0.0269682 0.0214464 0.0205713 0.015325 0.0239309 0.0216925 0.0203111 0.0165644 0.0210926 0.0248311 0.0232187 0.0206325 0.0186295 0.00996036 0.000504485 0 
0 0 0.0056676 0.0184473 0.0235924 0.022145 0.0101767 0.00808744 0.0149778 0.0203903 0.0243633 0.0243543 0.0304828 0.0239822 0.0232179 0.0231898 0.0264485 0.0222291 0.0222691 0.0165881 0.018213 0.0187625 0.0197448 0.0262472 0.0254628 0.0175131 0.0225094 0.0199431 0.0144044 0.0138907 0.0147389 0.0158539 0.0231033 0.0281497 0.0230944 0.0208038 0.0262859 0.0265556 0.025348 0.0341681 0.0403939 0.0417144 0.0287148 0.0270046 0.0228395 0.0252087 0.0377396 0.0341244 0.0279461 0.0270013 0.0273269 0.0273912 0.0303481 0.0282412 0.0256172 0.0196858 0.0135715 0.0183347 0.0211463 0.0259279 0.0190596 0.018014 0.0158752 0.0171785 0.0242634 0.0211219 0.0120721 0.00212235 3.37397e-07 
0 0 0.0049334 0.0132138 0.023679 0.0186468 0.00699438 0.00554343 0.0137239 0.0120166 0.0171028 0.0276996 0.0456226 0.0261312 0.0184224 0.0148136 0.0155246 0.0173812 0.0222366 0.0195606 0.0180499 0.01673 0.0136731 0.00859988 0.011911 0.0178553 0.017883 0.0143266 0.0178094 0.0200336 0.0219266 0.0249736 0.0285436 0.0310624 0.0293212 0.0189034 0.021902 0.0279248 0.0321493 0.0297699 0.0251076 0.0291141 0.0244512 0.0263165 0.0248763 0.0217358 0.0313477 0.0348384 0.0252304 0.0311511 0.0289087 0.0316148 0.0331576 0.0370141 0.0296482 0.0213945 0.0172274 0.0164022 0.0194395 0.0281468 0.0263178 0.0293744 0.0239351 0.0201176 0.0150299 0.0182043 0.0128519 0.00854999 0.000280002 
0 0 0.000134315 0.00483139 0.0171161 0.023319 0.0112229 0.00798829 0.010633 0.0124069 0.0179325 0.0255779 0.0312024 0.0206089 0.0185527 0.0149291 0.0115171 0.0188273 0.0227942 0.0192232 0.0121242 0.0163017 0.0156655 0.0107209 0.0165925 0.0160029 0.0146061 0.0137138 0.0147334 0.0189232 0.0183736 0.022375 0.0261023 0.0277702 0.0256189 0.021738 0.0265953 0.0247816 0.0315021 0.0305827 0.0289701 0.018257 0.0205211 0.021629 0.0267259 0.0299851 0.0366461 0.040889 0.0265802 0.0276997 0.0244405 0.0243585 0.0246183 0.0285577 0.0279434 0.0181267 0.0175614 0.0191815 0.022905 0.0294522 0.0251001 0.0175877 0.022236 0.0318057 0.0325649 0.0309499 0.0185339 0.0118628 0.00108513 
0 0 0.00128251 0.00722621 0.0135488 0.0199661 0.0178411 0.0126446 0.0133252 0.0105982 0.0115328 0.0150398 0.0184732 0.0184247 0.0168506 0.0203175 0.0164566 0.0164854 0.0169999 0.022573 0.0148375 0.0156622 0.0173771 0.0151494 0.0228623 0.0241909 0.0153075 0.0173886 0.0172361 0.0187239 0.019795 0.0214657 0.0327445 0.0227705 0.0216911 0.0258204 0.025167 0.0263568 0.0214496 0.0266659 0.0318504 0.0233752 0.0224269 0.0236033 0.0196676 0.0265407 0.0406544 0.0365343 0.0301724 0.032944 0.0238362 0.0258675 0.0228904 0.0226702 0.0192138 0.0170393 0.0262488 0.0255459 0.015354 0.0184753 0.0322767 0.0160802 0.0148795 0.0312659 0.0334186 0.0341602 0.0280142 0.0153779 0.000770332 
0 0 0.0058839 0.0142604 0.0188647 0.0286855 0.0171665 0.00966147 0.0108379 0.0115047 0.0101495 0.0150895 0.0186983 0.0235464 0.0155537 0.0120353 0.018675 0.0179213 0.0199522 0.01594 0.015118 0.0175193 0.0171006 0.0171399 0.0161965 0.0159729 0.015223 0.0136438 0.0195365 0.0188627 0.0234454 0.0256482 0.0273344 0.0249723 0.0252175 0.0245983 0.026197 0.0225162 0.0191082 0.026612 0.0265286 0.028234 0.0264782 0.0350202 0.0398712 0.0403746 0.0267191 0.0195697 0.0254376 0.0188214 0.0200854 0.0269383 0.0273016 0.0259178 0.0251736 0.0196423 0.0237858 0.0183902 0.0169432 0.0118069 0.0245565 0.0273612 0.0269847 0.0291848 0.030977 0.0342748 0.0308538 0.0244934 0.00184276 
0 0.000202423 0.00554866 0.00966167 0.016853 0.0156322 0.011635 0.0137245 0.0172692 0.0188008 0.0165488 0.0149683 0.0179704 0.0147913 0.0147469 0.0137938 0.019456 0.0178587 0.017464 0.0190321 0.0174183 0.0217318 0.015657 0.0187698 0.0153276 0.0107547 0.0118545 0.0164871 0.0167728 0.0228295 0.0235954 0.0302327 0.0263492 0.0288926 0.029584 0.0243361 0.0226897 0.0220265 0.0220441 0.027491 0.0236692 0.0270932 0.0368417 0.0332898 0.0278941 0.0242656 0.0174595 0.0135077 0.0128946 0.00912238 0.0154905 0.0206742 0.0211016 0.0214705 0.0271607 0.0214008 0.0197983 0.0229244 0.0219142 0.0146108 0.023996 0.0248319 0.0272873 0.0344197 0.0386764 0.0332564 0.0362197 0.0265999 0.00622197 
6.37261e-05 0.00162918 0.00687364 0.0111732 0.0128963 0.00975933 0.0161816 0.0172996 0.0192017 0.0232889 0.0208765 0.0230633 0.0159135 0.0193065 0.0173669 0.014772 0.0207465 0.01917 0.0213593 0.0133796 0.018143 0.0156872 0.0151835 0.0159952 0.0159537 0.0162414 0.0175266 0.0143604 0.0176604 0.0170128 0.0174728 0.0240827 0.0265467 0.0258105 0.0293029 0.0293538 0.0218834 0.0249164 0.0257693 0.0241105 0.0218976 0.0261677 0.0477385 0.0458185 0.0229387 0.0203632 0.0171187 0.0158955 0.0143557 0.00960586 0.0150745 0.0166741 0.021472 0.0216023 0.0271333 0.0263501 0.0222781 0.025448 0.0290052 0.0247623 0.0287226 0.0302855 0.0285207 0.0358356 0.0372311 0.0302337 0.032355 0.03279 0.00837515 
0.000258837 0.00585274 0.00683352 0.00844046 0.0167741 0.0161582 0.0160734 0.0148658 0.0211201 0.0283062 0.0233243 0.0220707 0.0158137 0.0192372 0.0152554 0.019042 0.0196718 0.0170734 0.0180026 0.0179736 0.0168172 0.0168815 0.0132076 0.0174956 0.017828 0.0223891 0.0177151 0.0166966 0.0155246 0.0184379 0.020463 0.0181858 0.0207312 0.0271236 0.029492 0.0206264 0.0214666 0.0177131 0.0298002 0.0289857 0.0265255 0.0294789 0.0477668 0.0585646 0.0338149 0.0237435 0.0294073 0.0367818 0.0244985 0.0122006 0.0173371 0.0196729 0.0251128 0.0301563 0.0295576 0.0225982 0.0204998 0.0298703 0.0330698 0.0233149 0.0202399 0.0234125 0.0316711 0.0340758 0.0357434 0.026587 0.0242107 0.0276048 0.00654883 
0.000259516 0.00397675 0.00781127 0.00445244 0.00991713 0.0154314 0.0172529 0.0194201 0.0233453 0.0368844 0.025338 0.0215225 0.0128981 0.0174311 0.0225585 0.0222965 0.0188502 0.0182864 0.021392 0.0176947 0.019345 0.0150808 0.014689 0.0155386 0.0213826 0.0243241 0.0165917 0.0184441 0.0218632 0.0216509 0.0228796 0.0191105 0.0158199 0.0208893 0.0230356 0.0204661 0.0188254 0.0204882 0.0284564 0.0278951 0.0231672 0.0270216 0.0471274 0.0445122 0.0396112 0.0286946 0.0284684 0.0265774 0.0222178 0.0162572 0.0137653 0.0182002 0.0255664 0.028131 0.0291442 0.0277052 0.0258104 0.0331395 0.0308908 0.0237885 0.0214993 0.0212835 0.0172336 0.025248 0.0334824 0.0279357 0.0279567 0.018539 0.00220325 
0.000139808 0.000842946 0.0011818 0.00302532 0.0121383 0.0164012 0.0154217 0.0185969 0.0183443 0.0216035 0.0237926 0.0228918 0.0239968 0.0247688 0.0186375 0.0168043 0.0178847 0.0188638 0.020427 0.0210723 0.0178406 0.0172301 0.0186099 0.0154531 0.0185915 0.0174558 0.0201536 0.0249538 0.0250045 0.0246354 0.0271949 0.0220529 0.0177018 0.0179064 0.0195765 0.014942 0.0211099 0.0193634 0.0209937 0.0381776 0.0383651 0.0399063 0.0381337 0.0299019 0.0341205 0.0418682 0.0276223 0.0288376 0.0188443 0.0114584 0.00878343 0.0118883 0.0180662 0.018595 0.0201733 0.0272719 0.0278102 0.0365827 0.0365068 0.0258975 0.0300868 0.0243469 0.0210311 0.0230172 0.0281853 0.0289594 0.0245023 0.00739671 0.000356786 
0 0.000166262 0.000613373 0.00643956 0.0157395 0.017841 0.0158022 0.0162291 0.0205069 0.0195865 0.0187477 0.0260788 0.0220455 0.0180311 0.017204 0.0191238 0.0137374 0.0138411 0.012924 0.0162537 0.0165103 0.0203437 0.0144494 0.0157767 0.0167145 0.0193994 0.0162708 0.0216697 0.0297512 0.0251827 0.0189943 0.0251637 0.0205082 0.0212582 0.0195733 0.0207437 0.0245436 0.0190965 0.0189677 0.0292162 0.0301877 0.0264826 0.0354997 0.0299873 0.0378132 0.0252957 0.0176447 0.0205646 0.0225122 0.0237776 0.0168895 0.0174368 0.0187056 0.0228178 0.0268803 0.027451 0.0283808 0.027946 0.028099 0.0304964 0.0321033 0.0267962 0.0264374 0.0295638 0.0336921 0.0262069 0.0163572 0.00171703 0 
3.58324e-05 0.000943364 0.00445501 0.0107979 0.0137829 0.0131276 0.016413 0.0141265 0.0180106 0.0161298 0.0213911 0.0191436 0.0167281 0.0181237 0.0160586 0.017515 0.0142507 0.0135523 0.01373 0.013702 0.0183844 0.0235086 0.0173896 0.0213589 0.0180484 0.0191145 0.0173946 0.0259913 0.0183019 0.0208878 0.0192972 0.0464749 0.046671 0.0198487 0.021862 0.0320429 0.0423595 0.034237 0.0359508 0.0414743 0.0244613 0.0290373 0.0394897 0.026081 0.0240812 0.0209279 0.0167802 0.0187156 0.0275391 0.0334045 0.0315988 0.0290063 0.0139113 0.0204343 0.0251436 0.021915 0.035692 0.0304121 0.029899 0.0391693 0.0349739 0.0251075 0.0268359 0.0354663 0.0307777 0.0236833 0.0183238 0.00370143 4.91309e-05 
1.21003e-05 0.00159769 0.0091227 0.0165114 0.0150826 0.0135431 0.0155454 0.0124497 0.0152776 0.017435 0.0156866 0.0190707 0.0232725 0.0191364 0.0136693 0.0193666 0.0240589 0.0209278 0.0140705 0.0147971 0.0210033 0.0218891 0.0188984 0.016 0.0163329 0.023896 0.0273119 0.0274796 0.0210668 0.0193088 0.0237696 0.0441213 0.0782801 0.0264243 0.028409 0.0392325 0.0604886 0.0429931 0.0261261 0.0313846 0.043173 0.0317441 0.0391779 0.0256104 0.0197981 0.039904 0.021721 0.019964 0.0286034 0.0261542 0.0214168 0.0183577 0.0100415 0.00822498 0.01345 0.0146881 0.02947 0.0265325 0.0328978 0.0366095 0.0359114 0.0293638 0.0291061 0.0279058 0.0346514 0.0285698 0.0213628 0.00469671 3.20656e-05 
6.95468e-05 0.0054236 0.02021 0.0203836 0.0193048 0.0177793 0.0164573 0.0183035 0.0130584 0.0171238 0.0175307 0.0212779 0.0249235 0.0243293 0.0169134 0.0152832 0.0232186 0.0153168 0.0128979 0.0130582 0.0167658 0.0169911 0.0172165 0.0157304 0.0176823 0.0201033 0.0210489 0.0169985 0.019411 0.0162573 0.016465 0.0336865 0.0414963 0.0248123 0.0233816 0.0468964 0.0652147 0.0547913 0.0308508 0.0366417 0.0405477 0.0364416 0.0552411 0.0405174 0.0265782 0.0325652 0.0305601 0.0193945 0.0167776 0.0324991 0.0241909 0.0139904 0.0104706 0.00551672 0.0137478 0.0193318 0.0221304 0.0274549 0.0275535 0.0246684 0.0277058 0.0267735 0.0268635 0.0328634 0.0304767 0.0294818 0.0163008 0.00861423 0.00174925 
6.19861e-05 0.00526749 0.0213707 0.0190961 0.0205719 0.0211445 0.0160046 0.0146561 0.0156958 0.0204388 0.0186666 0.0188958 0.0227578 0.0207273 0.0204502 0.0129863 0.0170215 0.0206814 0.0212741 0.0232628 0.0202204 0.0159118 0.0152023 0.0160855 0.0158749 0.0147205 0.0186189 0.0218456 0.0179954 0.0170967 0.0144697 0.025531 0.0370215 0.0301504 0.0448854 0.0799442 0.0663092 0.0575051 0.046236 0.0535456 0.0335849 0.046395 0.050868 0.0436663 0.0265304 0.0256783 0.024911 0.0235498 0.0108176 0.0183491 0.0144397 0.0169765 0.0139572 0.0101119 0.0107682 0.0161941 0.0166441 0.0296423 0.0247358 0.0233281 0.0235947 0.0238881 0.0230285 0.0281648 0.0243519 0.0298842 0.0294209 0.0167506 0.00188432 
6.05266e-05 0.00757846 0.0224839 0.0242507 0.0283236 0.0213554 0.0140516 0.0146572 0.0211714 0.0207812 0.019023 0.0275335 0.0253129 0.0186023 0.0201245 0.0209017 0.0213978 0.02798 0.0238361 0.0206732 0.0230913 0.0211854 0.0164394 0.0153344 0.0162289 0.0197001 0.020699 0.0245459 0.0269239 0.0258492 0.0187287 0.0200291 0.0484616 0.0311921 0.0421464 0.0752848 0.0704783 0.0465733 0.0524703 0.0602967 0.0502244 0.045931 0.0489306 0.036426 0.023448 0.0193819 0.020471 0.0214761 0.0147991 0.0116451 0.0142609 0.0166724 0.0231448 0.0168354 0.00804238 0.0088914 0.0154687 0.0171456 0.0167275 0.0150016 0.0162154 0.0262215 0.0317352 0.037144 0.0380409 0.0361196 0.031658 0.0209316 0.00358436 
0 0.00619122 0.0172176 0.0206183 0.0240418 0.0210805 0.0204673 0.0193332 0.0261877 0.0171484 0.0233226 0.0199348 0.0190039 0.0168904 0.0201905 0.0266129 0.0268709 0.02604 0.0199695 0.0159387 0.0209056 0.0245753 0.0226224 0.0184904 0.0182164 0.0176306 0.0188356 0.0220584 0.0204109 0.0210368 0.0191009 0.0210748 0.0209502 0.0136307 0.0296605 0.0522761 0.050592 0.0236134 0.0307332 0.0271112 0.0623229 0.0645872 0.0335811 0.0227787 0.0192614 0.0189732 0.0267583 0.0258987 0.0201257 0.015403 0.0175414 0.023611 0.0311374 0.022661 0.0230213 0.0153196 0.0131302 0.0131753 0.0114549 0.012229 0.0102641 0.0165261 0.0315683 0.0431305 0.0388592 0.0323202 0.0336674 0.0318142 0.00716457 
0 0.00212864 0.0130737 0.0166335 0.0188741 0.0217155 0.0193288 0.027077 0.0290081 0.0208658 0.0255669 0.0205321 0.0157427 0.0158896 0.0207805 0.0221425 0.017235 0.018631 0.0175305 0.0171481 0.0205297 0.0355638 0.0453835 0.0280191 0.0163489 0.0220871 0.0210892 0.021484 0.0177337 0.0169593 0.0183876 0.0195722 0.0179591 0.0140053 0.0190919 0.0220012 0.0265389 0.0207614 0.0216686 0.018509 0.0247207 0.0252018 0.0212865 0.0225827 0.0204353 0.0381968 0.0360851 0.026712 0.0188864 0.0221047 0.0210278 0.0343124 0.0417605 0.0344058 0.034319 0.0315194 0.0237595 0.0230386 0.0227347 0.0273302 0.0189336 0.0151058 0.029226 0.0388032 0.0299438 0.0291355 0.0298803 0.0250148 0.00632469 
0 0.00029314 0.00687801 0.0148182 0.0172142 0.0148965 0.0223904 0.025642 0.0265568 0.0165821 0.0135768 0.0213034 0.0189117 0.0168611 0.0167122 0.0170905 0.0146275 0.0122737 0.0201647 0.0280359 0.0285849 0.0260263 0.0360054 0.0240175 0.0199265 0.0232515 0.0245687 0.0224299 0.0207686 0.0263962 0.0226158 0.0222372 0.0208846 0.0221426 0.018994 0.0200817 0.0184895 0.0129814 0.0225651 0.0272634 0.0260587 0.0208588 0.0323266 0.0284423 0.031446 0.0382733 0.03405 0.0306777 0.0205454 0.0241656 0.0294632 0.037649 0.0387699 0.0409499 0.0421544 0.0383713 0.030747 0.0259987 0.0230939 0.0335499 0.0251534 0.0150878 0.0273813 0.026459 0.0316949 0.0306745 0.0257286 0.0139681 0.00226657 
0 0 0.000508014 0.00852145 0.0215627 0.0227501 0.0209485 0.0172807 0.0226935 0.0151189 0.0129087 0.0228423 0.0181376 0.0128845 0.014194 0.0155142 0.01695 0.0143807 0.0247618 0.0269046 0.0283391 0.023944 0.0250397 0.0177096 0.0178806 0.0234081 0.0265455 0.0299167 0.0234139 0.0240931 0.0198193 0.0214539 0.019349 0.0170049 0.0225755 0.015895 0.01769 0.0147807 0.0197189 0.0248679 0.0247379 0.0249263 0.0277995 0.0212196 0.0282502 0.0259703 0.0258112 0.032043 0.0338917 0.0313624 0.0323705 0.0400954 0.0408892 0.0348517 0.0433801 0.0338612 0.0299473 0.0244313 0.0240056 0.0288423 0.0244054 0.0200719 0.020989 0.0235572 0.0335968 0.0269549 0.025371 0.0065907 0.000396296 
0 0 0.000833475 0.00882371 0.0211659 0.0164185 0.0227721 0.0216296 0.019606 0.0227925 0.0219702 0.0216208 0.0175193 0.0166851 0.0147118 0.01836 0.0196868 0.0213127 0.0230913 0.0259526 0.0247115 0.0175816 0.0164672 0.0196524 0.0160439 0.0215768 0.0201415 0.0295466 0.0238068 0.0230102 0.0217466 0.0223604 0.0200359 0.0207561 0.0212617 0.0190327 0.0216873 0.0209287 0.0209081 0.0216919 0.0239438 0.0301219 0.0370102 0.0280545 0.0261722 0.0215699 0.0156337 0.0314606 0.0412872 0.0318616 0.0356689 0.0446667 0.0453227 0.033028 0.0378042 0.0233943 0.02276 0.0208927 0.025811 0.0277841 0.0237625 0.0211796 0.0268388 0.0323716 0.0408846 0.0324473 0.0207806 0.00607926 3.99858e-05 
0 0 0.000901887 0.00846079 0.0225651 0.016261 0.0151297 0.019066 0.0263996 0.0278994 0.0252066 0.0262505 0.0215866 0.0193102 0.0193959 0.019637 0.0227575 0.0277583 0.0199724 0.0154087 0.0219478 0.0205675 0.0250174 0.0198804 0.0143625 0.0192667 0.018123 0.021861 0.0245123 0.0227142 0.0230155 0.0236044 0.02417 0.0214118 0.0209017 0.0228879 0.0232292 0.0242987 0.023546 0.0200993 0.0222943 0.0240231 0.0282501 0.0188486 0.0209194 0.0100167 0.0142067 0.0276537 0.0352904 0.0305271 0.0407287 0.0546297 0.0413798 0.0244459 0.0200424 0.0202349 0.0232228 0.0202243 0.0258812 0.0247661 0.0245059 0.0255509 0.0245043 0.0240222 0.0303394 0.0305518 0.0124979 0.00348123 8.02883e-06 
0 0 0.000897892 0.0105583 0.0216116 0.0154313 0.0142556 0.0112976 0.0334017 0.0458287 0.0297766 0.0257775 0.0213637 0.0183474 0.0232335 0.0227607 0.0186628 0.0113897 0.00734953 0.0127425 0.0190777 0.021871 0.0296675 0.0218445 0.0159537 0.0206714 0.0246434 0.020089 0.019187 0.0197224 0.0198609 0.0305096 0.0290582 0.022018 0.0202056 0.0251883 0.0217506 0.0151267 0.0180771 0.0210321 0.025923 0.0286749 0.0148502 0.0127131 0.0160161 0.0151367 0.0165771 0.0324135 0.0343794 0.0305208 0.0336561 0.0377827 0.0280819 0.0181094 0.0162014 0.0216619 0.0280486 0.0224254 0.0273236 0.0259613 0.020165 0.0162979 0.0109963 0.0135202 0.0149514 0.020999 0.00877009 0.000947486 0 
0 0 0.000256338 0.00775077 0.0131784 0.0174402 0.018841 0.0210682 0.0250368 0.0302283 0.0245965 0.0258865 0.0246381 0.02635 0.0227002 0.0114264 0.00824686 0.0032006 0.0058793 0.0092644 0.0184403 0.0271859 0.0235065 0.0207642 0.0221999 0.0203408 0.0305565 0.0241231 0.0203642 0.0207514 0.0174244 0.0266248 0.0252722 0.0192656 0.0235862 0.0207766 0.0162575 0.0164798 0.0186082 0.023194 0.0899213 0.0684209 0.0147765 0.0114799 0.0149944 0.0223742 0.0232924 0.0221877 0.025864 0.0198282 0.0186065 0.0157765 0.0155009 0.0193551 0.0216727 0.0348409 0.0266539 0.0276899 0.0314004 0.0137628 0.00650951 0.00376752 0.00368405 0.00835004 0.00377664 0.00548149 0.00221794 4.18938e-05 0 
0 0 0 0.00108044 0.00996304 0.0213103 0.0179391 0.0183781 0.0237135 0.0243052 0.029561 0.0267626 0.0180327 0.0261109 0.0217068 0.0106239 0.0057951 0.012033 0.0166376 0.0126054 0.0150019 0.0163043 0.0148317 0.0130554 0.0171382 0.0187614 0.0238147 0.0247538 0.0241523 0.018979 0.0163483 0.0136164 0.0206753 0.0182442 0.0261197 0.0218488 0.0216081 0.0212 0.0198464 0.0264475 0.0687903 0.0507638 0.0138149 0.0112863 0.014491 0.0211141 0.0250073 0.0184816 0.011895 0.0129575 0.0116939 0.0121012 0.0152687 0.0218694 0.021617 0.0302657 0.0265262 0.0313505 0.0260282 0.00921032 0.00738598 0.00403715 0.01351 0.00879511 0.00203012 0 0 0 0 
0 0 0 0.000159978 0.00423709 0.00768445 0.0109465 0.0133341 0.0194269 0.0200902 0.0299767 0.023742 0.0131048 0.0174341 0.0234674 0.0153454 0.0192697 0.0379992 0.0325388 0.0185735 0.0139262 0.0173685 0.019016 0.0175475 0.0176727 0.0206635 0.0269672 0.0250677 0.0225118 0.0215658 0.0246168 0.0162307 0.0274146 0.0337555 0.0322501 0.0338227 0.028899 0.025736 0.017699 0.0218384 0.0199971 0.0177329 0.0169744 0.0100715 0.0129138 0.020254 0.0264934 0.0198158 0.0110774 0.012319 0.0104041 0.0175679 0.0161572 0.0213275 0.0246624 0.0261678 0.0284444 0.0255779 0.0199101 0.0122119 0.0179344 0.00271451 0.00362937 0.00291177 0.000396561 0 0 0 0 
0 0 0 0 5.16553e-06 7.56076e-05 0.00334153 0.00825957 0.0177538 0.0224496 0.0199776 0.0145086 0.00716492 0.00791358 0.0171242 0.0268071 0.0276934 0.033382 0.0295021 0.022688 0.0189893 0.0125168 0.00942312 0.0141074 0.0202563 0.0203117 0.0235425 0.0250149 0.0243512 0.0240989 0.0241607 0.0205348 0.0241063 0.0265355 0.027727 0.0349895 0.0464647 0.0344813 0.0235365 0.0205618 0.017351 0.0163219 0.0160204 0.00912097 0.0170744 0.0249218 0.0264184 0.0184242 0.00918444 0.0195921 0.0176514 0.0155447 0.0249689 0.0286504 0.0296627 0.021881 0.0272623 0.024424 0.018591 0.011276 0.00519716 0.00486185 0.00458037 0.00209011 0.00028143 0 0 0 0 
0 0 0 0 0 0.000133841 0.0020604 0.00505539 0.0145962 0.0209581 0.0157556 0.00889091 0.000317058 0.00103414 0.00538342 0.0140806 0.016812 0.0141766 0.00841513 0.0186225 0.017356 0.0110351 0.0111776 0.0106709 0.012748 0.0215145 0.0266754 0.0254239 0.0221105 0.0273944 0.0215376 0.0173309 0.0139023 0.0133084 0.0204713 0.0404099 0.0446944 0.0354571 0.0308774 0.0224936 0.0153494 0.0156421 0.0169659 0.0172633 0.0232699 0.0244257 0.0217636 0.0211176 0.0122198 0.014229 0.0108721 0.0124128 0.0230674 0.0289035 0.0365951 0.0226361 0.0197999 0.0172052 0.0247681 0.0211602 0.0146811 0.0149279 0.0234824 0.00530316 0.000367506 0 0 0 0 
0 0 0 0 0 0.000103239 0.00261114 0.00691833 0.0166643 0.018173 0.0281604 0.0170298 0.000627559 0.000113792 0.000680109 0.00553086 0.00575602 0.0036605 0.00353539 0.0105676 0.012936 0.0222822 0.0187202 0.0175825 0.0102098 0.0193945 0.0207296 0.0156642 0.0184568 0.0243107 0.0210103 0.0185655 0.0151794 0.0155624 0.0258411 0.0260734 0.023069 0.0252494 0.0267444 0.0204486 0.0206006 0.0156447 0.0202053 0.0218593 0.0212276 0.0207218 0.0174466 0.0158636 0.00820058 0.00791733 0.00797804 0.0147197 0.0158352 0.021292 0.0242723 0.0253958 0.0210016 0.0252653 0.0308375 0.0259299 0.0263602 0.0317209 0.0290757 0.00989577 0.000620317 0 0 0 0 
0 0 0 0 0 0 0.00106763 0.00613224 0.0131487 0.0256337 0.0293481 0.0166356 0.00205224 0 3.96802e-06 0.000286886 0.0010854 0.00485804 0.00696534 0.00497226 0.0174589 0.0387474 0.0354783 0.0225359 0.0199048 0.0214784 0.0200977 0.0189098 0.0230826 0.0225223 0.0174483 0.0179119 0.0159101 0.0224905 0.0271903 0.0256438 0.0204958 0.0219266 0.0233238 0.0240597 0.0219036 0.0178225 0.0168066 0.0186451 0.0216911 0.0202245 0.0135202 0.00487658 0.00655192 0.0126194 0.0109451 0.0135888 0.0153292 0.0186785 0.0250964 0.0206749 0.0245612 0.0312208 0.0295959 0.0235875 0.0245122 0.0216923 0.0173926 0.00908975 9.17068e-05 0 0 0 0 
0 0 0 0 0 0 0.000151953 0.00209042 0.00716455 0.0139659 0.0142161 0.0107865 0.000851684 0 3.17034e-05 0.000777019 0.00296616 0.00539643 0.00505042 0.00307512 0.0139067 0.0375565 0.0310569 0.0245394 0.0210774 0.0170287 0.0185736 0.0233026 0.0247375 0.0291378 0.0199548 0.0145715 0.0247302 0.034151 0.0289964 0.0277155 0.0244727 0.0220844 0.0231329 0.020695 0.0191233 0.0164885 0.0173668 0.0170011 0.0175794 0.0197824 0.00990521 0.0107431 0.0164838 0.0237234 0.0197527 0.013003 0.0110378 0.0144327 0.0218868 0.0198496 0.0232307 0.0295513 0.024517 0.011719 0.0073617 0.00517882 0.0048274 0.00221596 0 0 0 0 0 
0 0 0 0 0 0 0 0 0.000625497 0.00298367 0.00310871 0.00123053 3.08497e-05 0.000750158 0.00191665 0.00566229 0.0116255 0.0148833 0.0112482 0.00910076 0.00770592 0.0135666 0.019772 0.020238 0.0198188 0.00897743 0.0160401 0.0168807 0.0197844 0.0179881 0.0174291 0.0159671 0.0265493 0.0361156 0.0311473 0.0239425 0.0163139 0.0162367 0.0201928 0.0188649 0.0234452 0.0203741 0.0183393 0.0211265 0.0173304 0.0214679 0.027309 0.030931 0.0274219 0.0390124 0.0492886 0.0372556 0.0137406 0.0156299 0.0165991 0.0204999 0.0158267 0.0223259 0.0157333 0.00489696 0.00306313 0.002093 0.000589316 2.72504e-06 0 0 0 0 0 
0 0 0 0 0 0 0 0 0.000122889 0.00115119 0.000627254 0.000117118 0.000609322 0.00380384 0.00751193 0.0108062 0.0148133 0.0163444 0.0201077 0.0230956 0.0146045 0.00925722 0.013804 0.0137221 0.0172567 0.0098738 0.0185948 0.0142988 0.0128345 0.0166087 0.0273056 0.0151316 0.0188301 0.0226233 0.024533 0.0242109 0.0229341 0.0219074 0.0285192 0.0245746 0.0194414 0.0249911 0.0220698 0.0227896 0.0180091 0.0187299 0.0401745 0.044004 0.0302078 0.0317923 0.0462755 0.0323627 0.0126255 0.0155851 0.0141823 0.0187669 0.0211841 0.0212675 0.0119084 0.00569892 0.000551872 0.000454148 2.03246e-05 0 0 0 0 0 0 
0 0 0 0 0 0 0 0 0 0 0 0.00111957 0.00437093 0.00764412 0.0177485 0.0234035 0.0212641 0.0215354 0.0227786 0.0302072 0.0200528 0.00987903 0.0119216 0.0178195 0.0193505 0.0136288 0.010726 0.0111288 0.00997276 0.0116039 0.0159928 0.0161848 0.0202346 0.0208043 0.0189894 0.0206904 0.0203841 0.0218366 0.0216203 0.0240031 0.0169581 0.0266816 0.0305627 0.0269251 0.0214054 0.0208953 0.0271291 0.0293969 0.0270415 0.0229179 0.0169214 0.0153541 0.0119127 0.0131487 0.0168437 0.0147797 0.0178157 0.0202561 0.0134538 0.00646745 0.000153494 0 0 0 0 0 0 0 0 
0 0 0 0 0 0 0 0 0 0 0 0.00294835 0.00741859 0.00779352 0.0211796 0.0273747 0.0234736 0.0249888 0.0238732 0.0253463 0.024007 0.0147962 0.0126802 0.0173927 0.0203832 0.0142472 0.0036949 0.00504857 0.00774716 0.00903135 0.0177568 0.0212194 0.0163936 0.0115807 0.0063318 0.00769376 0.0162325 0.0183675 0.0185097 0.0200532 0.0155939 0.0176251 0.0197436 0.0285947 0.0208438 0.0239029 0.0261084 0.0254727 0.0204372 0.0125248 0.00904314 0.00898772 0.0129753 0.00963475 0.0101101 0.0149138 0.0127356 0.0230125 0.0186076 0.00587038 0 0 0 0 0 0 0 0 0 
0 0 0 0 0 0 0 0 0 0 0 0.00165099 0.00526544 0.00884266 0.0093055 0.0156114 0.0202514 0.0291755 0.0202833 0.0201938 0.0181374 0.0172177 0.0163936 0.0204052 0.0203765 0.0134298 0.00387988 0.00104846 0.00774872 0.0166258 0.018969 0.0162724 0.00369498 0.00173729 0.00180845 0.0103955 0.0197001 0.0236695 0.0206885 0.0204851 0.0175378 0.0180217 0.0150393 0.0261775 0.0256243 0.0353171 0.0301493 0.0226716 0.0117099 0.0119076 0.00816741 0.00454938 0.00449906 0.00421915 0.0130824 0.0123717 0.00909266 0.00879025 0.00553882 0.000466702 0 0 0 0 0 0 0 0 0 
0 0 0 0 0 0 0 0 0 0 0 0 0.000625635 0.00391139 0.00819236 0.0142256 0.018467 0.0170741 0.0133722 0.0267674 0.0249249 0.025646 0.0163604 0.0229319 0.0303912 0.0246062 0.00822995 0.00254232 0.00542385 0.0139869 0.00848405 0.00386855 0.00477443 0.00319852 0.00225223 0.00954815 0.0167731 0.0192883 0.0214932 0.021028 0.0309154 0.0264015 0.0206082 0.0218542 0.0250564 0.0278872 0.0201294 0.0238915 0.0229859 0.0290984 0.0171507 0.00636373 0.00197448 0.00101089 0.00379525 0.00440288 0.00292489 0.00113222 0.000174636 0 0 0 0 0 0 0 0 0 0 
0 0 0 0 0 0 0 0 0 0 0 0 0 0.000197146 0.00226694 0.00931296 0.0120741 0.0153166 0.0136547 0.0223531 0.0269779 0.0259102 0.0194723 0.018416 0.0224678 0.0257291 0.015018 0.00637844 0.00607983 0.00870147 0.00198503 0.00537163 0.00982466 0.00789278 0.00760742 0.00541113 0.00822259 0.0130091 0.0200533 0.0184258 0.0228155 0.0260641 0.0241342 0.0199247 0.0275422 0.0371702 0.0231631 0.014127 0.020116 0.0208164 0.017864 0.00792484 0.00530323 0.00202552 0.000336745 0.000117286 2.92768e-05 0 0 0 0 0 0 0 0 0 0 0 0 
0 0 0 0 0 0 0 0 0 0 0 0 0 0 0.000182283 0.00275371 0.00771487 0.0120087 0.0177276 0.0133324 0.014634 0.02062 0.0191822 0.0185368 0.0131063 0.0152299 0.0134321 0.0122795 0.00851297 0.00673371 0.00326507 0.00468075 0.0110583 0.0139148 0.0165367 0.00897817 0.0070434 0.010839 0.00992715 0.019453 0.025406 0.0220617 0.0193671 0.0190083 0.0451987 0.0740839 0.033835 0.0103684 0.00768923 0.00879135 0.0115104 0.00547425 0.00241443 0.000765638 3.22353e-05 0 0 0 0 0 0 0 0 0 0 0 0 0 0 
0 0 0 0 0 0 0 0 0 0 0 0 0 0 0 0.000197486 0.000248879 0.00767412 0.0100613 0.00549782 0.00174025 0.0106481 0.020169 0.0218351 0.0159597 0.0238932 0.0231326 0.0133348 0.0123448 0.00519971 0.00274584 0.00385353 0.028041 0.0373021 0.0135351 0.00466081 0.00690808 0.00355017 0.00578589 0.0141745 0.0221994 0.0269157 0.0284079 0.0328251 0.0366621 0.0505731 0.0387192 0.0190092 0.00969108 0.0107398 0.00574257 0.00532995 0.00306796 0.000176579 0 0 0 0 0 0 0 0 0 0 0 0 0 0 0 
0 0 0 0 0 0 0 0 0 0 0 0 0 0 0 0 0 0.00147516 0.000681004 7.15269e-05 0.000471445 0.0103296 0.0139948 0.0153696 0.0172287 0.0260261 0.0275525 0.0185932 0.00805812 0.00321941 0.00911139 0.0140474 0.0405294 0.063778 0.0174383 0.0054627 0.00788544 0.00158751 0.00218173 0.0123868 0.0202557 0.0247027 0.0307147 0.0288957 0.0247488 0.0374176 0.0360302 0.0211049 0.00780879 0.00919074 0.00777511 0.00220173 0.00044254 2.40536e-05 0 0 0 0 0 0 0 0 0 0 0 0 0 0 0 
0 0 0 0 0 0 0 0 0 0 0 0 0 0 0 0 0 0 0 0 0.000446949 0.00610862 0.00658477 0.00739545 0.00986978 0.0167358 0.0213923 0.0213037 0.019594 0.00778182 0.00879496 0.012568 0.020036 0.0457666 0.0178829 0.00694411 0.00782038 0.00187733 0.0040525 0.0105946 0.0146342 0.0232485 0.0273633 0.0245304 0.0230387 0.0259835 0.0204616 0.0109862 0.00516016 0.0109158 0.00236599 0.000227196 0 0 0 0 0 0 0 0 0 0 0 0 0 0 0 0 0 
0 0 0 0 0 0 0 0 0 0 0 0 0 0 0 0 0 0 0 0 0.00015507 0.00143741 0.00205845 0.00183777 0.00553982 0.0117903 0.0260534 0.0296194 0.0328532 0.0125555 0.00546446 0.0125925 0.0124937 0.0253386 0.00752705 0.00208943 0.00200066 0.000150103 0.00509566 0.00978908 0.00885824 0.0116179 0.011112 0.0167296 0.00948843 0.00782605 0.00526645 0.00392341 0.000139814 0.00024765 4.17166e-06 0 0 0 0 0 0 0 0 0 0 0 0 0 0 0 0 0 0 
0 0 0 0 0 0 0 0 0 0 0 0 0 0 0 0 0 0 0 0 0 0 0.000183 0.000207289 0.00103534 0.00267231 0.0101808 0.020731 0.0191292 0.00912259 0.000374766 0.00244418 0.00631214 0.00473293 0.00210709 7.52138e-05 0.000526895 1.92133e-05 0.000715688 0.00268471 0.00213209 0.0014028 0.00473774 0.00532036 0.000751083 0.00128837 0.000247227 0 0 0 0 0 0 0 0 0 0 0 0 0 0 0 0 0 0 0 0 0 0 
0 0 0 0 0 0 0 0 0 0 0 0 0 0 0 0 0 0 0 0 0 0 0 0 0 6.25217e-06 0.000684124 0.0040007 0.00505854 0.00123456 0 0.000125699 0.000511288 3.36402e-05 0 0 0 0 0 6.99166e-05 5.47144e-05 4.76391e-05 0.000154753 0.0003171 7.83218e-06 0 0 0 0 0 0 0 0 0 0 0 0 0 0 0 0 0 0 0 0 0 0 0 0 

