0 0 0 0 0 0 0 0 0 0 0 0 0 0 0 0 0 0 0 0 0 0 0 0 0 0 0 0 0 0 0 0 0 0 0 0 0 0 0 0 0 0 0 0 0 0 0 0 0 0 0 0 0 0 0 0 0 0 0 0 0 0 0 0 0 0 0 0 0 
0 0 0 0 0 0 0 0 0 0 0 0 0 0 0 0 0 0 0 0 0 0 0 0 0 1.19682e-05 0.000629681 0.000902925 0.00111774 0 0 4.60402e-05 0.00209869 0.00572379 0.0015448 0.000608184 0.000175791 0.000173385 0 7.51062e-05 0.0020804 0.00392802 0.000381042 0 0 0 0 0 0 0 0 0 0 0 0 0 0 0 0 0 0 0 0 0 0 0 0 0 0 
0 0 0 0 0 0 0 0 0 0 0 0 0 0 0 0 0 0 0 0 0 0 9.40271e-05 0.000134889 0.000173573 0.00103719 0.00413299 0.0105735 0.00767957 0.000208769 0 0.000727837 0.0125606 0.0183893 0.00748339 0.00465828 0.00404019 0.0072961 0.00401155 0.00123535 0.0141131 0.0145347 0.00168682 0.000323015 1.52159e-05 0.000579221 0.000112821 0 0 0 0 0 0 0 0 0 0 0 0 0 0 0 0 0 0 0 0 0 0 
0 0 0 0 0 0 0 0 0 0 0 0 0 0 0 0 0 0 0 0 0 0 0.00111171 0.00127931 0.00507245 0.00834489 0.01426 0.0181329 0.0144919 0.00150007 0 0.000237258 0.0114953 0.0265388 0.0124377 0.00932617 0.00700072 0.0124596 0.0110672 0.00608577 0.00835297 0.00792343 0.00427137 0.00284797 0.00140561 0.000809095 0.000144165 0.000569883 0 0 0 0 0 0 0 0 0 0 0 0 0 0 0 0 0 0 0 0 0 
0 0 0 0 0 0 0 0 0 0 0 0 0 0 0 0 0 0 6.24825e-05 0.00027454 0.000186146 1.06468e-05 0.0002171 0.00230396 0.0113812 0.0133326 0.0187599 0.01469 0.0176522 0.00434737 0.000333587 0.000377866 0.0057414 0.0219934 0.0188433 0.0164319 0.0153212 0.0161227 0.0123638 0.0113755 0.00938245 0.00951742 0.011707 0.010585 0.0108788 0.00250137 0.000739019 0.000841516 0.00121617 0.000666935 8.74861e-05 1.64838e-05 0 0 0 0 0 0 0 0 0 0 0 0 0 0 0 0 0 
0 0 0 0 0 0 0 0 0 0 0 0 0 0 0 0 8.6013e-07 0.000642494 0.00245035 0.00729867 0.00702113 0.00369321 0.00461323 0.00677331 0.0120817 0.0171433 0.0251773 0.0275086 0.0232087 0.00937132 0.00843565 0.00442055 0.00338601 0.0112066 0.0189222 0.0225709 0.0192272 0.0185982 0.0143664 0.0138825 0.0206612 0.018082 0.0172612 0.0144772 0.0209735 0.00650548 0.00102734 0.00446885 0.00459704 0.00236314 0.00137516 0.00111714 0.00102479 2.35986e-05 0 0 0 0 0 0 0 0 0 0 0 0 0 0 0 
0 0 0 0 0 0 0 0 0 0 0 0 0 0 1.4965e-05 0.000828077 0.00801158 0.0134002 0.0104336 0.014243 0.0126522 0.0122722 0.0105004 0.0120521 0.0175968 0.0229254 0.0288135 0.0257783 0.0212286 0.0161165 0.0147239 0.0192638 0.0121039 0.00825419 0.0106688 0.0220758 0.0164654 0.0142078 0.0092101 0.00694374 0.0113907 0.0159686 0.0115709 0.0113028 0.0171058 0.00895914 0.00174421 0.00222162 0.00858307 0.00801516 0.00505081 0.00415172 0.00585168 0.00147727 0.00018057 0 0 0 0 0 0 0 0 0 0 0 0 0 0 
0 0 0 0 0 0 0 0 0 0 0 0 0 0.000147333 0.0037353 0.0142154 0.0213603 0.021273 0.0200981 0.0209257 0.014739 0.0146149 0.0110661 0.0170552 0.0244644 0.0238893 0.0227961 0.0224717 0.0237429 0.0235799 0.0198913 0.0210563 0.0227777 0.0212656 0.0196649 0.0212746 0.0200501 0.0095888 0.00589928 0.0084447 0.0116556 0.0156595 0.0141197 0.00899557 0.0125704 0.0107699 0.00254148 0.000626377 0.00325737 0.00412887 0.00475366 0.00570055 0.00970302 0.00536146 0.00118983 0.000689411 0 0 0 0 0 0 0 0 0 0 0 0 0 
0 0 0 0 0 0 0 0 0 0 0 0 0.000135653 0.00266053 0.0132005 0.0237034 0.0245313 0.0200693 0.0194885 0.0224734 0.0209784 0.0128817 0.0163984 0.0142232 0.0245292 0.0254997 0.0199821 0.0239245 0.0210012 0.0241349 0.025891 0.0247221 0.0248823 0.017976 0.0228519 0.0255098 0.0159848 0.00938533 0.00581133 0.00631535 0.0101533 0.0226755 0.0249335 0.00921303 0.00802076 0.00617574 0.00370408 0.00294578 0.00271043 0.00551194 0.00490231 0.00383665 0.00443248 0.00744743 0.00356944 0.00130469 0.000105565 7.13094e-05 0 0 0 0 0 0 0 0 0 0 0 
0 0 0 0 0 0 0 0 0 0 0 1.57948e-06 0.0034685 0.0137419 0.0225198 0.0260406 0.0234417 0.0174165 0.0158701 0.0237062 0.0280492 0.0224792 0.0205853 0.0202862 0.0301901 0.0304891 0.0260925 0.0196245 0.0270777 0.0256474 0.0247995 0.0324968 0.0251932 0.0142973 0.0164674 0.0193284 0.0189765 0.00752441 0.0116958 0.0260537 0.0115127 0.0173252 0.0274292 0.0127878 0.00785382 0.00474575 0.00817572 0.0112581 0.0102936 0.00985069 0.00661084 0.00290236 0.00775547 0.0167782 0.00963875 0.00379168 0.00373375 0.00283855 0.000359272 0 0 0 0 0 0 0 0 0 0 
0 0 0 0 0 0 0 0 0 0 0 0.00057521 0.00948958 0.0233377 0.0305141 0.0291536 0.0263634 0.0185117 0.0182384 0.0161576 0.0272073 0.0222857 0.0239548 0.0288676 0.0237955 0.020073 0.01727 0.0223204 0.0288956 0.0282489 0.0243988 0.0303269 0.022588 0.0198461 0.0194487 0.0187412 0.015806 0.0077374 0.0269436 0.0476062 0.0189242 0.0170924 0.0191508 0.0142702 0.0129418 0.00947389 0.0174501 0.0223977 0.014053 0.0104002 0.00274744 0.00226771 0.00576439 0.00822833 0.00718544 0.00586715 0.00659395 0.00731479 0.00508275 0.000612314 0 0 0 0 0 0 0 0 0 
0 0 0 0 0 0 0 0 0 0 0.000184322 0.00465291 0.0163556 0.0298815 0.0324417 0.034627 0.0257451 0.0264878 0.026807 0.0219636 0.0251575 0.0187414 0.0203915 0.0209794 0.0253676 0.0299674 0.0240023 0.0252573 0.0247244 0.0234744 0.0187779 0.0237144 0.0190247 0.0256614 0.0247751 0.0259336 0.0189574 0.0120975 0.016682 0.0149319 0.0135428 0.015823 0.017791 0.0161409 0.0177023 0.0257497 0.0210824 0.0266624 0.017035 0.0146803 0.00616845 0.0021375 0.00410746 0.0048988 0.0052858 0.0141441 0.0105916 0.0106345 0.00975165 0.00240679 9.74693e-05 0 0 0 0 0 0 0 0 
0 0 0 0 0 0 0 0 3.68607e-06 0.000359613 0.00411744 0.0118082 0.0142549 0.0202053 0.0236329 0.0273709 0.021359 0.0247174 0.0349906 0.0313505 0.0318873 0.0173857 0.0125279 0.019552 0.0296289 0.0283753 0.0200805 0.0228145 0.0214248 0.0218333 0.0176005 0.0226628 0.0235088 0.0252838 0.029274 0.0204929 0.0243256 0.0121092 0.00642435 0.00734624 0.0126132 0.0217661 0.0215393 0.0229604 0.0261027 0.0288106 0.0267471 0.0213045 0.0184493 0.019989 0.0116827 0.00531949 0.0021652 0.00232114 0.00719199 0.0200853 0.0130282 0.0126273 0.0140232 0.00558375 0.000928792 0 0 0 0 0 0 0 0 
0 0 0 0 0 0 0 0 0.00152396 0.00851076 0.0154635 0.0181817 0.0211307 0.0184487 0.0155823 0.0212707 0.0196133 0.0219263 0.0246484 0.0245771 0.0202652 0.0163852 0.0130401 0.0194353 0.021518 0.0184198 0.0145389 0.0171894 0.0164462 0.0226814 0.0236885 0.0254475 0.020938 0.0172458 0.0242732 0.0157849 0.0163611 0.0109956 0.0077369 0.00926994 0.0154939 0.0244371 0.0264395 0.0208559 0.0224348 0.0151243 0.0143572 0.0185517 0.0207239 0.0187787 0.0166716 0.0110784 0.00886452 0.0125929 0.0139856 0.0172255 0.00875909 0.0188213 0.0198407 0.00887114 0.00335815 0.000874566 0 0 0 0 0 0 0 
0 0 0 0 0 0 0 0.000498767 0.00667031 0.023462 0.0274276 0.0129884 0.0117881 0.0165587 0.0212993 0.0199985 0.0157631 0.0149091 0.0189072 0.0191008 0.0157018 0.0182203 0.018127 0.0266336 0.022358 0.0231416 0.02303 0.0174514 0.0117637 0.0209923 0.0222587 0.0230574 0.0197427 0.0222307 0.0253777 0.0139093 0.0129904 0.0121545 0.0166568 0.0205039 0.0216572 0.0233248 0.0218757 0.0152747 0.0117885 0.0115788 0.0101725 0.0137372 0.0173553 0.01759 0.0152086 0.0107496 0.0153646 0.0182727 0.0197726 0.0186679 0.0145678 0.0160316 0.018237 0.0115356 0.00718686 0.00330492 0.000273125 0 0 0 0 0 0 
0 0 0 0 0 0 0.000114848 0.00356797 0.0142267 0.0280842 0.0208042 0.00553675 0.00731048 0.0160653 0.0232072 0.0181677 0.0147133 0.0124395 0.0170917 0.0200754 0.0201567 0.020572 0.0163473 0.0220379 0.027779 0.0297339 0.0199732 0.0207072 0.0203648 0.0221493 0.0250847 0.024295 0.0162098 0.0161914 0.0194765 0.0135444 0.0150077 0.0213692 0.0201449 0.0221604 0.0269187 0.0231821 0.0176124 0.016658 0.0194471 0.0235698 0.0179993 0.0144602 0.0130291 0.0224796 0.0244527 0.0189145 0.023674 0.018929 0.0192927 0.0221141 0.0187574 0.0202969 0.0232233 0.0165638 0.00951428 0.00888734 0.006236 0.000755749 0 0 0 0 0 
0 0 0 0 0 0 0.00128719 0.00944982 0.017594 0.014725 0.00930828 0.00821585 0.0144489 0.0233991 0.0191581 0.0130492 0.0155914 0.0221153 0.0216992 0.0231872 0.0188893 0.0175459 0.0181598 0.0237503 0.0280952 0.0237731 0.0298631 0.0277616 0.0184444 0.0219122 0.0177799 0.0232995 0.0166782 0.0145626 0.0119481 0.0117591 0.0216472 0.033442 0.0236328 0.0184231 0.0213958 0.0156426 0.0196794 0.0250356 0.0269037 0.0195707 0.0194254 0.0152432 0.0138069 0.0179644 0.021831 0.0226068 0.0254954 0.0195518 0.0218463 0.0237726 0.026513 0.0253918 0.0218141 0.0258663 0.0181319 0.0199698 0.00922023 0.000984148 3.44296e-06 0 0 0 0 
0 0 0 0 0 0 0.000645862 0.00393291 0.00602519 0.00520493 0.00824888 0.0101989 0.0187252 0.0154058 0.017325 0.0168027 0.0216216 0.0270619 0.0289683 0.0361311 0.0211662 0.0146426 0.0150329 0.0248716 0.0288202 0.0284343 0.0341 0.0306092 0.0316405 0.0224353 0.0220878 0.0188036 0.0188791 0.0159415 0.0128751 0.0102564 0.0218412 0.0272901 0.0285477 0.0265159 0.0198019 0.0157572 0.022868 0.0183976 0.0170418 0.0177624 0.0200134 0.0247793 0.0165041 0.0115206 0.0142471 0.0215478 0.0228466 0.0234556 0.0203103 0.0253176 0.0235129 0.0219445 0.0165112 0.0245329 0.0283126 0.0223368 0.0103394 0.00188404 0.00041101 0 0 0 0 
0 0 0 0 0 0 0 0.00104843 0.00369783 0.0090439 0.01112 0.0119188 0.0121607 0.00651444 0.00933202 0.0105344 0.0156596 0.0253839 0.040318 0.0518379 0.0224032 0.0139986 0.0161632 0.0185219 0.0240083 0.0276531 0.0277606 0.0304614 0.0247085 0.0270804 0.0253396 0.0246667 0.0220614 0.0260245 0.0180393 0.0175607 0.0230702 0.0233482 0.0278168 0.0231887 0.015626 0.0189194 0.0218363 0.018954 0.0227239 0.0226138 0.0195119 0.0273993 0.0223162 0.00965331 0.0117053 0.0202814 0.0247487 0.0225703 0.0240588 0.0171279 0.0146817 0.0193865 0.0155079 0.0193614 0.0183533 0.0195045 0.0153465 0.005339 0.00174925 1.73894e-05 0 0 0 
0 0 0 0 0 3.75444e-05 0.000617479 0.00591985 0.0117113 0.0169175 0.0158551 0.0155868 0.0107953 0.0053881 0.00779857 0.0111193 0.0149508 0.0227444 0.0303856 0.0360761 0.0248643 0.0177714 0.0143888 0.0126822 0.0168795 0.0238435 0.024874 0.0257684 0.023049 0.0217479 0.0314843 0.0337439 0.01722 0.0254798 0.0202484 0.0192901 0.0233891 0.0242471 0.0223281 0.0239366 0.0224041 0.0250108 0.0220087 0.0345959 0.0509894 0.0365557 0.0228719 0.029622 0.0195849 0.0130822 0.0331795 0.054472 0.0179547 0.0151641 0.0248847 0.0228068 0.0190479 0.018323 0.0232092 0.0182729 0.0224021 0.0269869 0.0167427 0.00735968 0.00534571 0.0014542 0 0 0 
0 0 0 0 0 0.00125183 0.00442685 0.0104141 0.015783 0.0201699 0.0179726 0.0135086 0.0101238 0.0119344 0.0112897 0.0195591 0.0162552 0.0139909 0.0153656 0.0219577 0.0241497 0.0190791 0.0156997 0.0191888 0.0198484 0.0180699 0.021912 0.0244852 0.0235232 0.0270687 0.0440607 0.0347998 0.0238354 0.0216764 0.0212329 0.022322 0.0195589 0.0212619 0.0269217 0.0274013 0.0256524 0.0226083 0.022852 0.0285416 0.0254163 0.0358677 0.0377009 0.0346752 0.0154488 0.0129962 0.0315449 0.0334453 0.0189997 0.0169383 0.0198769 0.0193232 0.0218729 0.0206655 0.0244197 0.0321016 0.0295187 0.0209267 0.0125362 0.0107039 0.00586158 0.00161103 0 0 0 
0 0 0 0 0.000307547 0.00626649 0.0072354 0.0051978 0.0044775 0.0134434 0.0183383 0.0146477 0.0145859 0.0173124 0.0173368 0.0253395 0.0209452 0.0205476 0.0182171 0.0146937 0.0229124 0.0241302 0.0230524 0.0262228 0.0218415 0.015122 0.0140061 0.0198915 0.02096 0.0197379 0.0239124 0.0266332 0.0337511 0.026999 0.0190118 0.0196843 0.0228736 0.0273644 0.0294544 0.0234907 0.0238926 0.0202513 0.0204652 0.0241826 0.02632 0.0263104 0.0258276 0.0151685 0.0111346 0.0147118 0.0337186 0.0323237 0.019753 0.0221977 0.03415 0.0219668 0.0191124 0.0229739 0.0241355 0.0279324 0.01959 0.0148116 0.00744116 0.00912044 0.00616528 0.0018627 2.67649e-05 0 0 
0 0 0 0 0.00084815 0.00781731 0.0135649 0.0100903 0.00537061 0.00711894 0.01502 0.0163442 0.018682 0.023596 0.0196791 0.0237211 0.0189739 0.0193799 0.0169227 0.0213098 0.0186447 0.0133933 0.0185321 0.0212495 0.0202814 0.0171881 0.0136058 0.0158335 0.0161483 0.0197836 0.0220983 0.032013 0.0322877 0.0258318 0.0205675 0.0228679 0.0193904 0.0180817 0.0204535 0.0254579 0.024055 0.0178198 0.0167825 0.0196884 0.0222959 0.0183682 0.0153605 0.0138878 0.0104433 0.0123551 0.0194672 0.0280327 0.0242199 0.0325561 0.0452498 0.0264862 0.0208672 0.0235316 0.0250269 0.0351335 0.020215 0.00994422 0.0100102 0.0114449 0.00751677 0.00388356 0.000196658 0 0 
0 0 0 0 0.000796688 0.00579304 0.0136034 0.0146254 0.0139489 0.0172295 0.0167324 0.0143609 0.0157285 0.0197122 0.0226513 0.0230042 0.0175111 0.0174105 0.0145627 0.026337 0.027639 0.0159281 0.0208918 0.0241368 0.0212394 0.0173681 0.0129447 0.013999 0.0169473 0.0200878 0.0194094 0.0254154 0.0191562 0.0211855 0.022601 0.0164431 0.0179781 0.0170709 0.0177718 0.0168503 0.0156036 0.0200848 0.0194673 0.0189579 0.0108802 0.0110681 0.0135832 0.0143077 0.00739721 0.0106511 0.0135756 0.0192372 0.026173 0.0402012 0.0471997 0.0215604 0.0148313 0.0138222 0.0217647 0.020316 0.0126449 0.0124194 0.00912436 0.00793106 0.00823887 0.00583754 0.00184695 3.30846e-05 0 
0 0 0.000116558 0.00150487 0.003811 0.00837898 0.0131533 0.0132855 0.0161962 0.0151863 0.0172313 0.0180038 0.0172072 0.0204208 0.0222789 0.0165956 0.0170114 0.0248211 0.026002 0.0473456 0.0313284 0.0250718 0.0181866 0.02598 0.0209645 0.0190467 0.0129664 0.0144645 0.0222566 0.0285237 0.0264007 0.0172521 0.0170791 0.0190518 0.0212169 0.0246501 0.0231972 0.0216514 0.0222194 0.0208616 0.0170686 0.0228894 0.0160659 0.0178565 0.0120292 0.0113485 0.00899527 0.0129741 0.00858982 0.0111661 0.0119447 0.0127341 0.0223036 0.054719 0.0341437 0.0159305 0.0118799 0.0144027 0.0218342 0.0184814 0.0180026 0.0194318 0.0112624 0.00961399 0.00933881 0.00632872 0.00492182 0.000910292 3.61953e-06 
0 0 0.00230447 0.007504 0.010748 0.0169998 0.0208896 0.0176537 0.0185989 0.0167405 0.022535 0.0262613 0.0226754 0.0214619 0.0178753 0.0171355 0.0135144 0.0276285 0.0364194 0.0490754 0.0257779 0.0153059 0.0153949 0.0219495 0.0213515 0.0222763 0.0172688 0.0180675 0.0176372 0.0219831 0.020483 0.016249 0.0195269 0.017987 0.0181991 0.0200308 0.0190075 0.0236076 0.0290567 0.0242098 0.0229561 0.0241826 0.0224408 0.0211553 0.0155368 0.0104435 0.0099709 0.00987665 0.0104296 0.0105013 0.0129407 0.0123377 0.0140019 0.0195459 0.0167014 0.0152108 0.0109523 0.0162139 0.0190066 0.0173414 0.0366211 0.0360528 0.0196008 0.00926104 0.01056 0.0131487 0.0135408 0.0115022 0.000385604 
0 4.93801e-07 0.00193875 0.0115729 0.0153215 0.014356 0.0183965 0.01848 0.0173258 0.0210753 0.0293318 0.0249638 0.0222741 0.0159196 0.0139145 0.0147137 0.0148839 0.0194555 0.0197915 0.0280902 0.0250364 0.0201682 0.0215163 0.0219283 0.0233933 0.0247337 0.022133 0.0206147 0.0179399 0.0206924 0.0185771 0.0184623 0.0217843 0.0259779 0.0237529 0.0164304 0.0175949 0.0256542 0.0299 0.024351 0.0205325 0.0165936 0.0184311 0.0201452 0.0160945 0.0120368 0.0138779 0.0124657 0.0102432 0.0104133 0.0177031 0.0271378 0.0255334 0.015924 0.0229097 0.0297202 0.0106981 0.016588 0.0227308 0.0204112 0.0370766 0.027053 0.0181918 0.0154881 0.0189221 0.0175591 0.024306 0.0189318 0.00146194 
0 0.00019561 0.00437157 0.0126072 0.0154146 0.0138194 0.0120789 0.0112125 0.0103755 0.0150532 0.0186348 0.0179606 0.0167963 0.0196969 0.0195931 0.0148513 0.0172886 0.0195012 0.0169433 0.0187072 0.0233491 0.0196985 0.0180562 0.0231466 0.0331483 0.0320096 0.029525 0.0336607 0.0263441 0.0260039 0.0236113 0.0243586 0.0286462 0.0265282 0.0184962 0.0181094 0.0147783 0.017704 0.0346055 0.029621 0.0313245 0.032045 0.0164457 0.0181075 0.00934639 0.0124028 0.0169156 0.0159487 0.0161454 0.0133416 0.0136909 0.0169186 0.032184 0.0225061 0.0262429 0.0322192 0.0159571 0.0123423 0.01533 0.0158782 0.0213394 0.0239988 0.0159231 0.0159228 0.018005 0.0176716 0.0348518 0.0174925 0.00111124 
0 3.68563e-05 0.00230943 0.00502543 0.00528973 0.00706566 0.00745129 0.00613478 0.0104902 0.0160126 0.0198982 0.0221492 0.0213477 0.0213499 0.0215744 0.0229287 0.0239026 0.0207447 0.0170639 0.0229585 0.0226432 0.0247422 0.0163922 0.017541 0.0258964 0.0325204 0.0180181 0.0286211 0.0238243 0.022688 0.0298039 0.0257756 0.0260731 0.0191025 0.0203474 0.024401 0.0233399 0.0186424 0.0328064 0.034768 0.029758 0.0207251 0.0143624 0.00897779 0.00232714 0.00672034 0.0168014 0.0177066 0.0164114 0.0130146 0.00998037 0.0074644 0.0161099 0.0315939 0.0176959 0.0201139 0.022884 0.0123518 0.0169734 0.0164285 0.0153726 0.0123636 0.0126571 0.0161323 0.0260555 0.020929 0.0279911 0.0177582 0.00298245 
0 6.9565e-05 0.00179535 0.00627905 0.00787168 0.00989587 0.00962672 0.00887849 0.0159444 0.0211154 0.0254932 0.0214429 0.0255473 0.0233519 0.0193095 0.0200831 0.0214683 0.0184613 0.0226727 0.0206749 0.019308 0.0231547 0.0201674 0.0187274 0.0201124 0.0232046 0.0222415 0.0211332 0.0164458 0.014598 0.0195289 0.0255733 0.0291241 0.0208132 0.0228531 0.027849 0.0198432 0.0208551 0.0287607 0.0315625 0.0148722 0.0124894 0.00837094 0.00653265 0.00561983 0.00733316 0.0129769 0.0179463 0.0179497 0.0164309 0.0129647 0.011021 0.0125289 0.0211849 0.0198082 0.0250968 0.0192556 0.0146638 0.0174696 0.0176831 0.0206805 0.0155353 0.0141852 0.0141572 0.0189577 0.0176073 0.0258715 0.0185283 0.00520462 
0 0.000627772 0.0032337 0.00955959 0.0175731 0.0217444 0.01866 0.016858 0.0164077 0.0195388 0.0285522 0.0246025 0.0258925 0.020829 0.024468 0.0225919 0.0158162 0.0178309 0.0223132 0.0198758 0.0231738 0.0189744 0.0219061 0.018621 0.0199595 0.0116103 0.0191694 0.0226232 0.0176013 0.0149082 0.0169951 0.0207742 0.0233881 0.0274493 0.0207259 0.0300513 0.0255213 0.0253577 0.0260662 0.0185293 0.0141064 0.0117241 0.0122785 0.0160809 0.01467 0.0103037 0.0104451 0.0113878 0.0120714 0.0113554 0.0173913 0.0166715 0.0149601 0.0136173 0.0127573 0.0113113 0.015266 0.0155002 0.0146442 0.0185556 0.0199103 0.0171459 0.0144489 0.0135645 0.0179903 0.021683 0.0260013 0.0171622 0.00382401 
6.187e-06 0.000982442 0.00438817 0.00904782 0.011111 0.0137543 0.0190139 0.0155673 0.0128551 0.0167168 0.0227963 0.028583 0.0288122 0.019195 0.0202988 0.0225565 0.0216899 0.0219481 0.020291 0.0146307 0.0217549 0.0190919 0.0217139 0.0230293 0.0189966 0.0157102 0.0180515 0.0183374 0.0134342 0.0176446 0.0168423 0.0194684 0.0197269 0.027866 0.0300505 0.0578654 0.0311097 0.0247252 0.033866 0.0140805 0.0188332 0.0166864 0.0135874 0.0163316 0.0166105 0.0187361 0.0170569 0.0110808 0.00831367 0.0109795 0.017191 0.0169048 0.0178707 0.0148243 0.0164797 0.0139062 0.0172824 0.0170054 0.0203548 0.020536 0.0165173 0.0122395 0.0113879 0.0171733 0.024882 0.0256196 0.0191396 0.0111759 0.00348158 
0.000174448 0.00115713 0.00349325 0.00896824 0.0134063 0.00584963 0.0137299 0.0159423 0.0141539 0.0153914 0.0177618 0.0253971 0.0244824 0.0220801 0.0280424 0.0298089 0.030526 0.0275492 0.0255159 0.0230786 0.0240451 0.0160354 0.0152937 0.0261331 0.0249422 0.0197319 0.0210038 0.0224176 0.016808 0.0220583 0.021903 0.0252918 0.0228507 0.0310102 0.0280552 0.0304474 0.025893 0.0315389 0.0285427 0.0171471 0.0187576 0.0226545 0.0146759 0.0154808 0.0176339 0.0180318 0.0157762 0.0141158 0.0219003 0.0144812 0.0150362 0.0146605 0.0190816 0.0154158 0.0165783 0.0170847 0.0183269 0.0208501 0.0231099 0.0205018 0.0213013 0.0194649 0.0184678 0.0300041 0.021863 0.0130586 0.0134192 0.00788039 0.0026536 
0.000289266 0.00136842 0.00258555 0.015827 0.0189587 0.00360388 0.0100734 0.0160394 0.0138381 0.0132327 0.0166496 0.015607 0.0219412 0.0219505 0.0289454 0.0202157 0.0256189 0.0280485 0.0295107 0.0326613 0.0273869 0.0262019 0.0175756 0.0282308 0.0286623 0.0161579 0.0208812 0.0240388 0.0252792 0.0223102 0.0219771 0.0199837 0.0151745 0.0211103 0.0253796 0.0344047 0.0424852 0.0463692 0.0322207 0.0233352 0.0293713 0.0317808 0.0159985 0.0154834 0.016044 0.0165508 0.0144117 0.0139868 0.0246768 0.0277775 0.014931 0.0180466 0.0183672 0.0153391 0.0193434 0.0121276 0.0144359 0.0188223 0.0197715 0.0241909 0.0248355 0.0222489 0.0198812 0.013335 0.00876037 0.00948288 0.00874805 0.00676975 0.00139479 
0.000175255 0.00290072 0.00568159 0.00644702 0.00196867 0.000894379 0.00932576 0.0174048 0.0237466 0.0151363 0.0173122 0.0196532 0.0226104 0.0263146 0.0203358 0.0205811 0.0201462 0.0173468 0.030671 0.0452668 0.0250674 0.0198417 0.0183835 0.0267441 0.027371 0.0260895 0.0239358 0.0202898 0.0177119 0.0189528 0.0237419 0.0211576 0.0175598 0.0231487 0.0226777 0.0347959 0.0643694 0.0665383 0.0310335 0.024175 0.0682083 0.0830798 0.0249053 0.0128778 0.0183072 0.0178501 0.0123089 0.0167487 0.0150969 0.024061 0.0182505 0.0198736 0.0166218 0.0135879 0.0153564 0.00954691 0.0116776 0.0183414 0.0187268 0.0197952 0.0199755 0.0171882 0.0100964 0.00890289 0.0143258 0.0122102 0.00955246 0.00424671 0.000562482 
0 0.00213729 0.00271172 0.00133535 0.000411759 0.000437295 0.00719463 0.0174131 0.023957 0.018202 0.0171333 0.0161008 0.0184813 0.0218205 0.0166166 0.0223809 0.0187607 0.0186077 0.023412 0.031364 0.0205343 0.0129605 0.0167343 0.0276008 0.024857 0.0256794 0.0222533 0.0166721 0.018062 0.0189427 0.0262046 0.0277861 0.028517 0.0197884 0.0168896 0.0324523 0.0847177 0.0299843 0.0150784 0.0190312 0.0255668 0.041088 0.0252855 0.0138435 0.0229549 0.0197402 0.0100025 0.015659 0.0172253 0.0203046 0.0147499 0.0187625 0.0165634 0.0120215 0.0158925 0.0113562 0.0129349 0.0205255 0.0218403 0.0198166 0.0151237 0.00843232 0.00983602 0.00819169 0.00782928 0.0107797 0.00962556 0.00533444 0.00109599 
0 1.96676e-05 2.17621e-05 1.24161e-05 0.000125615 0.00237921 0.0104343 0.0170401 0.0196513 0.0164534 0.0176446 0.0168961 0.0183497 0.0205072 0.0216335 0.0249143 0.0207462 0.0237557 0.0214992 0.0216078 0.0174326 0.0133476 0.0176863 0.0210008 0.0264075 0.0287754 0.0214135 0.0201031 0.0279945 0.0258369 0.0254179 0.0236469 0.0222261 0.0233016 0.0194597 0.0473179 0.0823377 0.0236827 0.0177841 0.0179905 0.0181617 0.0186925 0.0167687 0.0171585 0.0255166 0.0173465 0.0130688 0.0137699 0.025033 0.0261308 0.0229429 0.0251355 0.0174379 0.0140407 0.0137221 0.0137354 0.0121892 0.020594 0.0191319 0.024779 0.0263396 0.0163704 0.0141069 0.00998746 0.00939243 0.00925329 0.00662375 0.00574908 0.00232689 
0 0 0 0.000257887 0.0028727 0.00920811 0.0192006 0.0212997 0.0175819 0.0237397 0.0234333 0.0215034 0.0188365 0.0202276 0.0244717 0.0355459 0.02664 0.0218654 0.0166252 0.0184924 0.024164 0.0157417 0.0183744 0.0164644 0.0239729 0.0211206 0.0177605 0.0231964 0.0241473 0.0303226 0.017475 0.0174461 0.0163909 0.0200056 0.0340977 0.0692371 0.0544738 0.0130734 0.0125591 0.0168552 0.0197326 0.0193924 0.0139468 0.024206 0.0319609 0.0164816 0.0197137 0.0183377 0.0217251 0.0247039 0.0247048 0.025751 0.0215356 0.0157455 0.0180131 0.0131803 0.0173186 0.0222131 0.0171998 0.0174389 0.0277152 0.0260167 0.0156811 0.0126677 0.00644522 0.0113556 0.00873225 0.00447305 0.00148263 
0 6.5715e-05 0.000987827 0.00251444 0.00920162 0.016943 0.0242577 0.0219054 0.0214252 0.0281519 0.0309093 0.021009 0.0170879 0.0214518 0.022842 0.0283873 0.0241822 0.0201416 0.0206582 0.0162801 0.0223502 0.0193282 0.0205679 0.0233248 0.0271645 0.0225715 0.0195496 0.0252661 0.0231387 0.0353238 0.0193367 0.0134361 0.0193578 0.0423067 0.0569319 0.0366064 0.0171512 0.0134769 0.0168391 0.0142692 0.017271 0.0171048 0.0169844 0.0148404 0.0146856 0.0134638 0.0223086 0.0278871 0.0204065 0.0196121 0.0246664 0.02494 0.0241322 0.0258055 0.0219635 0.0252139 0.0366941 0.0242394 0.0185246 0.0197462 0.0222415 0.0153999 0.0100796 0.0125245 0.00989838 0.0119621 0.00670584 0.00390876 9.25711e-05 
0 0.000280237 0.00246882 0.00731547 0.0196179 0.0249685 0.0251386 0.0221666 0.0240872 0.0301045 0.0304779 0.0302725 0.0182129 0.018988 0.0150411 0.0148641 0.0235217 0.02902 0.0280684 0.0218794 0.020074 0.0201901 0.0233837 0.0275377 0.0272939 0.0236107 0.0234395 0.0251482 0.0191169 0.0275604 0.0202045 0.0161918 0.0324003 0.0567287 0.0273478 0.0143804 0.0158369 0.0127748 0.015706 0.0184583 0.0146827 0.013641 0.0146175 0.0124947 0.011872 0.0103706 0.0197722 0.0226806 0.00927425 0.0160429 0.0219532 0.0149813 0.0173792 0.0205516 0.023758 0.0272752 0.0388679 0.0216328 0.0174312 0.0145119 0.014193 0.00650424 0.00433193 0.00736622 0.0121286 0.0133257 0.00802955 0.00201071 0.000195047 
0 0.00205756 0.0106983 0.0152547 0.0206642 0.0272339 0.0293376 0.0309526 0.0317895 0.0228076 0.02247 0.0269425 0.0219548 0.0160678 0.0175992 0.018774 0.0175603 0.0184077 0.0226099 0.0195435 0.0212758 0.0190152 0.0228321 0.0273362 0.031417 0.0347423 0.0248704 0.0234212 0.0202552 0.0204839 0.0166667 0.0267493 0.0737527 0.0320682 0.0244384 0.0159348 0.0257467 0.0372551 0.0292665 0.0219755 0.0183412 0.0156038 0.0159722 0.0141411 0.014856 0.0123215 0.0152033 0.0167656 0.0128055 0.00851151 0.0135677 0.0178769 0.0168633 0.0144493 0.0142279 0.0133937 0.00947586 0.0153216 0.010397 0.00611726 0.00645133 0.0040518 0.00620042 0.0100672 0.0127954 0.0106669 0.00452876 0.00198683 0.000121769 
0 0.00198294 0.0105526 0.0143091 0.0153355 0.0182678 0.0209602 0.0267278 0.0346748 0.0228513 0.0157615 0.0258514 0.0260941 0.0180493 0.0189602 0.0196059 0.0153514 0.0190593 0.0246257 0.027292 0.0234444 0.0147148 0.0180644 0.0211716 0.0236526 0.0280834 0.0276707 0.0295342 0.0264087 0.0226169 0.0161798 0.0304719 0.0631237 0.0340579 0.0330258 0.0254657 0.0420292 0.0604741 0.0408685 0.0226305 0.0192365 0.0217047 0.018142 0.0181401 0.0171471 0.0173798 0.0186721 0.0154763 0.0123841 0.0107565 0.00827694 0.0184676 0.0220787 0.0126633 0.0132201 0.0179476 0.0152471 0.0141766 0.0103055 0.008043 0.0104193 0.010534 0.0150608 0.00771376 0.00699976 0.00633432 0.00254862 0.00106263 0 
0 0.00163782 0.00668081 0.00963377 0.0130368 0.0166333 0.0237382 0.0301237 0.0297571 0.0174474 0.0208122 0.022445 0.0187822 0.017297 0.0152152 0.0173675 0.0143332 0.0210412 0.0230026 0.0209967 0.0216818 0.0204464 0.0202029 0.0220535 0.0214977 0.0222992 0.0393655 0.0303621 0.0221427 0.0240237 0.0375896 0.0570822 0.0558482 0.0158658 0.0216096 0.0314383 0.0348019 0.035632 0.0325988 0.0243855 0.0159869 0.0143636 0.0159608 0.0165329 0.0176449 0.0156322 0.0218946 0.0138874 0.0121218 0.0117075 0.0136851 0.0127633 0.0146495 0.0119685 0.0125739 0.0118567 0.0087514 0.00876682 0.0102911 0.0115698 0.0141977 0.01378 0.0124856 0.0095347 0.010418 0.00796777 0.00109357 0 0 
0 0.000142441 0.00308506 0.00610785 0.0112156 0.0180115 0.0186513 0.0228624 0.0252543 0.0123411 0.0179731 0.0119504 0.0118128 0.0171858 0.0183179 0.0168375 0.0153999 0.0170874 0.0173075 0.0181183 0.0217982 0.0208171 0.0155926 0.0180596 0.0197581 0.0222462 0.0341666 0.0320514 0.0268435 0.0353793 0.0799198 0.0753148 0.0454899 0.016901 0.0170065 0.0257821 0.032419 0.0280013 0.02668 0.0291845 0.0156788 0.0161511 0.0193626 0.0163231 0.0146345 0.0187274 0.0224446 0.0149243 0.008757 0.0162753 0.0154646 0.0136919 0.011952 0.0136493 0.00523425 0.00462351 0.00942961 0.00759483 0.0122501 0.00919502 0.0136744 0.0145327 0.00925217 0.00891916 0.0123687 0.00696331 0.000111229 0 0 
0 0 0.000687375 0.00198744 0.00549428 0.0167673 0.0188211 0.0268856 0.020894 0.0171483 0.0174314 0.0100183 0.015942 0.0247408 0.0170386 0.0177845 0.0157595 0.0220864 0.0281849 0.027497 0.0289462 0.0265104 0.0197242 0.0199231 0.0195114 0.0256597 0.0424619 0.0308863 0.0201013 0.0303545 0.0385483 0.0177709 0.0195781 0.0203378 0.0242395 0.0229102 0.0241178 0.0202431 0.0219682 0.0270224 0.0174446 0.0188262 0.0291811 0.0219594 0.0192062 0.0155509 0.0166428 0.0136452 0.0141081 0.0151972 0.0158764 0.0137593 0.0131761 0.0105225 0.00684095 0.00917979 0.0102841 0.0138306 0.0132734 0.00954558 0.00987561 0.0154479 0.0113532 0.010115 0.00617942 0.0038138 0.00154834 0.000718472 0 
0 0 0 0.00150765 0.00585243 0.017105 0.0258354 0.0250392 0.0169186 0.00935284 0.0200206 0.0247906 0.0243052 0.0293097 0.0170696 0.0166911 0.0196649 0.0304407 0.0378699 0.0224991 0.0256628 0.0261166 0.0277493 0.0287853 0.022392 0.0224877 0.0414813 0.0412152 0.0298025 0.0268313 0.0282801 0.0280937 0.0337378 0.0264412 0.027277 0.0243157 0.0347419 0.0341043 0.0238493 0.0297647 0.0206521 0.024391 0.025034 0.0219426 0.0206669 0.0132532 0.0147183 0.0163213 0.0148727 0.0152471 0.0161442 0.0202061 0.0180357 0.0119104 0.0124699 0.0140482 0.0077782 0.00985194 0.01707 0.0120064 0.013065 0.0124441 0.0128241 0.00819226 0.00643987 0.00418434 0.00149671 0.00149458 0 
0 0 0 0.00320804 0.0100007 0.0157306 0.017594 0.018688 0.0105101 0.00606197 0.00801289 0.0150297 0.0246402 0.0260202 0.0262323 0.0271986 0.0281075 0.0361112 0.0393763 0.0205881 0.0289384 0.0278329 0.0295637 0.0249267 0.0258195 0.0186617 0.0350557 0.0322358 0.022524 0.0201661 0.0200496 0.0235555 0.0291414 0.0345074 0.0236635 0.0282106 0.0243305 0.0229732 0.0170613 0.0290228 0.0308984 0.021187 0.0208045 0.0237092 0.020447 0.013859 0.0163086 0.0165042 0.0170022 0.0168477 0.0118326 0.0146028 0.0139676 0.00664999 0.00808349 0.0104676 0.0100232 0.00439648 0.00340294 0.00349195 0.00825677 0.00274221 0.00371055 0.00637233 0.00327831 0.000860405 1.0451e-06 0 0 
0 0 0 0.00141923 0.0062817 0.00673243 0.0094497 0.00910198 0.00809842 0.0116646 0.00645139 0.00390066 0.0093251 0.0145487 0.0217785 0.0223916 0.019263 0.0215728 0.0258124 0.0216786 0.0364217 0.0319058 0.0322316 0.0342263 0.0331864 0.0215017 0.0272716 0.0301954 0.0276802 0.0205995 0.0173913 0.0181109 0.0163381 0.0210712 0.0227115 0.0295547 0.0287339 0.0207429 0.0208756 0.0230758 0.0218821 0.0188718 0.01479 0.0199803 0.0245137 0.0196465 0.0211605 0.0205222 0.0146487 0.0116425 0.0117236 0.0073659 0.00884458 0.00713061 0.00766228 0.0123919 0.00708725 0.0028318 0.0007714 0.00128814 0.0048055 0.00144269 0.00464105 0.00306063 0.00374197 0.00427713 0.000263338 0 0 
0 0 0 0.000223066 0.0014773 0.000551996 0.000455153 0.00538282 0.0190159 0.0160677 0.00512339 0.00702559 0.0128289 0.0102597 0.0163111 0.0218754 0.0190227 0.019686 0.0202544 0.0259668 0.0366112 0.030037 0.0307094 0.0320007 0.0277311 0.0265348 0.0304084 0.0314385 0.0342048 0.0299609 0.0277983 0.0214066 0.0119763 0.0149465 0.0131671 0.0248013 0.0309325 0.0247102 0.0182814 0.0206359 0.0256231 0.0273205 0.0251446 0.0270889 0.022354 0.0177621 0.0198924 0.0142664 0.0152834 0.0120398 0.0119862 0.00971475 0.00908372 0.00813414 0.0133833 0.0138114 0.0108341 0.0049918 0.000915456 0.00114131 0.00509392 0.0073644 0.00447056 0.00574814 0.00820153 0.00493833 1.89998e-05 0 0 
0 0 0 3.89446e-05 0.00107466 0.00123253 0.00283171 0.0115955 0.0233648 0.0174204 0.0116971 0.0134723 0.0118238 0.0185889 0.0177302 0.0209373 0.0187934 0.0207434 0.0235433 0.0275909 0.0298989 0.0354247 0.0264889 0.020359 0.02391 0.02837 0.0304582 0.0386386 0.0435364 0.0371279 0.0259419 0.0209994 0.0142641 0.0129639 0.0118026 0.0192962 0.0262028 0.023796 0.0238792 0.0258572 0.033188 0.029401 0.0329704 0.0438392 0.0290632 0.0272203 0.0229391 0.0142876 0.0175009 0.0151735 0.0157065 0.0133602 0.0112591 0.00935717 0.0116637 0.0117837 0.0135128 0.00929673 0.00252888 0.00273086 0.00576405 0.0143816 0.0115063 0.0114804 0.00946289 0.00306143 0 0 0 
0 0 0 0 0.00175699 0.00397685 0.00854418 0.0200362 0.027413 0.0156212 0.0108977 0.0108133 0.0152224 0.0198443 0.0210533 0.0218992 0.0188733 0.0196304 0.0214167 0.0291855 0.0346161 0.0295384 0.0258029 0.0205835 0.0176921 0.0171545 0.0224033 0.0391334 0.0359422 0.0272411 0.0201335 0.0234954 0.0216426 0.0121796 0.0144569 0.0251296 0.0287994 0.0287482 0.0302332 0.0305344 0.0287127 0.0286942 0.0409314 0.0383218 0.0261824 0.0265835 0.0208419 0.0177763 0.0216386 0.0292132 0.0225891 0.0166491 0.0127695 0.012283 0.0163816 0.0152891 0.0164371 0.00942465 0.0045416 0.0136445 0.0167446 0.0164794 0.019575 0.0240889 0.0144693 0.00353588 0 0 0 
0 0 0 0 0 0.00152488 0.0121872 0.0178384 0.0164719 0.010192 0.00553615 0.0103267 0.0162859 0.0262158 0.0259136 0.0289957 0.0341952 0.026188 0.0268316 0.0330108 0.025084 0.021652 0.0231659 0.0277797 0.0231999 0.0170271 0.0207452 0.0247232 0.0275251 0.0230828 0.0187551 0.0188066 0.0224588 0.0203927 0.0203646 0.022418 0.0289681 0.0261438 0.0237028 0.0262538 0.0252442 0.02317 0.0289022 0.0252692 0.0233514 0.0201101 0.0188951 0.0176286 0.0239897 0.0322128 0.0220842 0.0124274 0.0132817 0.0174731 0.0161639 0.0129192 0.0122612 0.00779737 0.0114753 0.0173708 0.0229862 0.0133328 0.0169125 0.0198975 0.0139491 0.00102927 0 0 0 
0 0 0 0 0 0.000144029 0.00416306 0.00741043 0.00809087 0.00310466 0.00565912 0.0129214 0.0221096 0.026439 0.0256523 0.0260481 0.0302325 0.0339221 0.026712 0.022248 0.0236986 0.0342934 0.0338792 0.0323938 0.031142 0.0206101 0.0189729 0.0209836 0.0232998 0.0232042 0.0205558 0.0198552 0.0279259 0.0273829 0.0257467 0.0232747 0.0246271 0.0287611 0.0296706 0.0339657 0.0504764 0.0426905 0.0260462 0.0175215 0.0224341 0.0175761 0.02108 0.0154895 0.0164547 0.016857 0.0143328 0.0128373 0.0212422 0.0231092 0.0180856 0.0145091 0.0173952 0.0149275 0.0188729 0.0189971 0.0159842 0.0153339 0.0193594 0.0131085 0.0032174 1.83533e-05 0 0 0 
0 0 0 0 0 0 0.000297479 0.000375095 0.000347641 0.00254415 0.00700566 0.0146651 0.0180087 0.0252666 0.0293448 0.0250635 0.0257207 0.0257706 0.0239355 0.0237593 0.0255048 0.0257639 0.0327579 0.0243828 0.0219361 0.0152721 0.0137255 0.0148337 0.0156067 0.0190831 0.0205018 0.022489 0.0276534 0.0285724 0.0432582 0.0528577 0.0464262 0.0387841 0.0294051 0.025568 0.0263165 0.0319482 0.0267004 0.024671 0.0203 0.015795 0.0181723 0.0129793 0.00975274 0.00913126 0.0105379 0.0147553 0.0219476 0.0169785 0.0264414 0.0227486 0.0174251 0.0168836 0.0199134 0.0154097 0.00837895 0.0110935 0.0139796 0.00610822 0.000101235 0 0 0 0 
0 0 0 0 0 0 0 0 0.00121677 0.00421624 0.00547386 0.0149483 0.0194884 0.0264433 0.0330149 0.0316549 0.0258202 0.0223046 0.0229678 0.0230162 0.0255027 0.0257279 0.0286951 0.0215481 0.0109526 0.0120707 0.00933852 0.0103376 0.0214275 0.0221429 0.0167585 0.0289584 0.0309413 0.0267157 0.0367554 0.0427403 0.0316326 0.0362861 0.0314356 0.0298855 0.0256397 0.0225738 0.0266831 0.0314755 0.0282718 0.0186042 0.0154036 0.0114089 0.00756742 0.00631285 0.00652817 0.011666 0.0162128 0.0289479 0.0835371 0.0496517 0.0181923 0.0136582 0.0125234 0.0134014 0.0098113 0.00520076 0.00439641 0.000568536 0 0 0 0 0 
0 0 0 0 0 0 0 0 0.000273979 0.00223825 0.00570394 0.0122384 0.0174289 0.0247622 0.02967 0.0308251 0.0302783 0.0240279 0.0231183 0.0247669 0.0219504 0.0234524 0.0294177 0.0148923 0.00778055 0.00848536 0.00729174 0.0116124 0.022949 0.0237366 0.0240091 0.0324237 0.0247711 0.0211884 0.0267588 0.0261416 0.0274992 0.0348044 0.0371768 0.0298584 0.0268355 0.0209934 0.0257964 0.0304384 0.0260633 0.0221269 0.0121663 0.0139923 0.0182885 0.0176065 0.00787351 0.00518334 0.0101414 0.0150971 0.0513112 0.037596 0.0194886 0.0151246 0.00956168 0.00608622 0.005939 0.00158094 0.000560578 1.76717e-06 0 0 0 0 0 
0 0 0 0 0 0 0 0 0.000769852 0.00515353 0.0126484 0.0144784 0.0116045 0.0159774 0.0265351 0.030017 0.029607 0.0226849 0.0251942 0.0169541 0.0156095 0.0168849 0.0276198 0.0179637 0.0103626 0.00620964 0.011777 0.0126232 0.0164286 0.0242977 0.0280516 0.0255874 0.0274584 0.0216042 0.0172011 0.020881 0.022415 0.024881 0.0361216 0.0328316 0.0275527 0.0214778 0.0204181 0.0214195 0.023056 0.0183152 0.0133335 0.018321 0.0248337 0.01895 0.0152059 0.00793843 0.0102256 0.0102506 0.0191545 0.0211013 0.0208341 0.0140318 0.0111553 0.00792016 0.00139623 0.000497595 0 0 0 0 0 0 0 
0 0 0 0 0 0 0 0 0 0.00313641 0.0199936 0.0159009 0.00437198 0.00663529 0.0176013 0.0249738 0.0340028 0.0242929 0.0200699 0.0180623 0.0158629 0.0159473 0.0237761 0.0234671 0.0264158 0.014342 0.0134159 0.0157368 0.0130499 0.0156068 0.020105 0.0186103 0.0245738 0.0207064 0.0243691 0.031743 0.0220982 0.0194553 0.0260706 0.0229972 0.0226564 0.0175078 0.0150683 0.0158592 0.021769 0.0183956 0.0152604 0.018452 0.0262355 0.0187049 0.0264394 0.0179472 0.0164674 0.0183428 0.0185952 0.0171002 0.0165423 0.0161804 0.00884286 0.00337991 0.000948391 0 0 0 0 0 0 0 0 
0 0 0 0 0 0 0 0 0 0.000100437 0.00640732 0.00871956 0.00101999 0.0040442 0.015633 0.0230754 0.0234591 0.0156025 0.0218828 0.0200005 0.0137251 0.0152857 0.0171291 0.0253271 0.0306262 0.030493 0.0223921 0.0149601 0.00855468 0.00889935 0.0167059 0.0182306 0.025636 0.0248862 0.0304665 0.0339114 0.0209375 0.0193101 0.0187152 0.0171401 0.0229162 0.021792 0.0205945 0.0195245 0.0210784 0.0185448 0.0136728 0.0188143 0.0226885 0.0239749 0.023777 0.018782 0.0175355 0.0235799 0.0188094 0.00722361 0.00771886 0.00597704 0.00479459 0.000770652 5.32246e-05 0 0 0 0 0 0 0 0 
0 0 0 0 0 0 0 0 0 0 0.000132793 4.6522e-05 8.35984e-07 0.00375193 0.0156845 0.0288096 0.0206581 0.00572271 0.011211 0.0163336 0.0185429 0.0192265 0.0211129 0.0216443 0.0277888 0.0299741 0.0377121 0.0195467 0.0065646 0.00947883 0.0192488 0.0170742 0.0231606 0.0229285 0.0229427 0.0221163 0.0179651 0.0168362 0.0204774 0.0210659 0.0263041 0.0187462 0.0260347 0.0180641 0.0195432 0.0264326 0.0278591 0.0284368 0.0247823 0.02804 0.023828 0.0242722 0.0206105 0.0197942 0.014965 0.0046617 0.00437979 0.00140776 0.000188905 1.46978e-06 0 0 0 0 0 0 0 0 0 
0 0 0 0 0 0 0 0 0 0 0 0 0 0.00156606 0.0138085 0.0234409 0.0110968 0.0140336 0.0126819 0.00678656 0.0121146 0.0169292 0.0279019 0.0220459 0.0237449 0.0248457 0.0360583 0.0213643 0.00958 0.0137135 0.0097108 0.00898836 0.0144539 0.0234439 0.0209815 0.0253126 0.0280529 0.0223435 0.02617 0.0248535 0.0250611 0.0160896 0.0238847 0.0258587 0.0234353 0.0307545 0.0279521 0.0159993 0.0180499 0.0241503 0.0268292 0.0301442 0.0312357 0.0183826 0.00824142 0.00180624 0.00161262 0.00017883 0 0 0 0 0 0 0 0 0 0 0 
0 0 0 0 0 0 0 0 0 0 0 0 0 0.000129612 0.00800337 0.0158968 0.0130005 0.0246156 0.0256742 0.0109541 0.0117614 0.0242785 0.0290265 0.0332537 0.0272013 0.0230056 0.0253272 0.0205036 0.00719994 0.00313449 0.00211989 0.0080799 0.0179996 0.0225745 0.0211261 0.0382057 0.0419405 0.0310175 0.0262285 0.0281488 0.0189688 0.0174602 0.024034 0.0255677 0.0201266 0.0236196 0.0232379 0.0165544 0.0189682 0.0219149 0.0282644 0.0245459 0.0254316 0.0182948 0.00376336 0.000427973 0 0 0 0 0 0 0 0 0 0 0 0 0 
0 0 0 0 0 0 0 0 0 0 0 0 0 0 0.00086659 0.00821156 0.00826891 0.0116832 0.00961159 0.00392072 0.0154235 0.0249242 0.022035 0.033408 0.0259653 0.0267049 0.02236 0.0127169 0.00242237 3.2866e-05 0.00205469 0.0106381 0.0195115 0.0220155 0.029908 0.0455275 0.056272 0.0493061 0.0305146 0.0243708 0.0176412 0.0137775 0.0132012 0.0183598 0.0231968 0.0188025 0.0187774 0.0190443 0.0179797 0.0156899 0.0186111 0.011645 0.00955672 0.00682155 0.00180296 0 0 0 0 0 0 0 0 0 0 0 0 0 0 
0 0 0 0 0 0 0 0 0 0 0 0 0 0 7.18135e-06 0.00105257 0.00151387 0.00197349 0.00271243 0.0026224 0.0185089 0.0244904 0.0222288 0.0310152 0.0276461 0.0165414 0.0189318 0.0157941 0.00374536 6.66391e-06 0.00158113 0.0102668 0.0208676 0.0268903 0.0466561 0.0545231 0.0521536 0.0459442 0.0338525 0.0230245 0.0190373 0.0171378 0.0145186 0.0164445 0.0182447 0.020051 0.0273408 0.0256018 0.0109826 0.00457956 0.00590657 0.00304091 0.00222079 0.000374085 0.000226706 0 0 0 0 0 0 0 0 0 0 0 0 0 0 
0 0 0 0 0 0 0 0 0 0 0 0 0 0 0 0 0 0.000118406 2.88515e-06 0.00272567 0.0173316 0.0202877 0.0226402 0.027994 0.0237085 0.0217494 0.0242547 0.0204871 0.00519085 5.68596e-05 0.00191689 0.0149908 0.0265521 0.0268653 0.049664 0.0494516 0.0414597 0.0335218 0.0298645 0.0277917 0.0229218 0.0143231 0.0104024 0.0108824 0.0112523 0.0163481 0.0183412 0.0149633 0.00349273 0.000313584 0.000739949 0.000110822 0 0 0 0 0 0 0 0 0 0 0 0 0 0 0 0 0 
0 0 0 0 0 0 0 0 0 0 0 0 0 0 0 0 0 0 0 0.000343217 0.00270546 0.0058956 0.0134915 0.0195875 0.0196752 0.0329552 0.0357715 0.0149635 0.00402983 5.82035e-05 0.000319981 0.0117289 0.0345441 0.0327609 0.0401907 0.0398605 0.032966 0.0236933 0.0270435 0.0343638 0.0259807 0.0115038 0.00706832 0.00962559 0.0160569 0.0125603 0.00924167 0.00632298 0.00109436 0 0 0 0 0 0 0 0 0 0 0 0 0 0 0 0 0 0 0 0 
0 0 0 0 0 0 0 0 0 0 0 0 0 0 0 0 0 0 0 0 2.94573e-05 0.000770975 0.0067134 0.0122078 0.041607 0.0674234 0.0574949 0.00876735 0.000107124 0 2.73217e-05 0.00548951 0.0205413 0.0248397 0.0180435 0.0203019 0.0134589 0.00983326 0.020734 0.0240677 0.0155005 0.0163404 0.00974533 0.0058236 0.00515389 0.00543292 0.00241082 0.000461886 1.86505e-05 0 0 0 0 0 0 0 0 0 0 0 0 0 0 0 0 0 0 0 0 
0 0 0 0 0 0 0 0 0 0 0 0 0 0 0 0 0 0 0 0 0 0 0.000380073 0.00232727 0.0167974 0.042544 0.031992 0.00202059 0 0 0 0.000810211 0.00536716 0.00733224 0.00930116 0.0102234 0.00471574 0.00785242 0.0186275 0.0185411 0.0103027 0.00807455 0.00795013 0.00763214 0.00045041 0.000268833 4.74646e-05 0 0 0 0 0 0 0 0 0 0 0 0 0 0 0 0 0 0 0 0 0 0 
0 0 0 0 0 0 0 0 0 0 0 0 0 0 0 0 0 0 0 0 0 0 0 0 7.03956e-07 0.000887772 0.00115885 0 0 0 0 0 6.11659e-05 0.000408993 0.00103184 0.000490246 0.000340139 0.00273304 0.00808454 0.00479346 0.00154938 0.000800236 0.00116979 0.000872843 5.94587e-06 0 0 0 0 0 0 0 0 0 0 0 0 0 0 0 0 0 0 0 0 0 0 0 0 

