0 0 0 0 0 0 0 0 0 0 0 0 0 0 0 0 0 0 0 0 0 0 0 0 0 0 0 0 0 4.88841e-05 0.000123611 0.000201643 7.24813e-05 0 0 0 0 0 0 0 0 0 0 0 0 0 0 0 0 0 0 0 0 0 0 0 0 0 0 0 0 0 0 0 0 0 0 0 0 
0 0 0 0 0 0 0 0 0 0 0 0 0 0 0 0 0 0 0 0 0 0 0 0 1.95409e-05 0.000148306 0.000590672 0.00221803 0.00391139 0.00988766 0.013262 0.00464005 0.00173716 0.000302909 8.88457e-06 0.00210932 0.00206699 0.00193876 0.00390147 0.000784545 0.000295459 0.000358212 0.000192885 0.000230935 6.98562e-05 0 0 0 0 0 0 0 0 0 0 0 0 0 0 0 0 0 0 0 0 0 0 0 0 
0 0 0 0 0 0 0 0 0 0 0 0 0 0 0 0 0 0 0 0 0 0 0 0 0.000570575 0.00311275 0.00254969 0.00494573 0.0115502 0.0153021 0.0232912 0.020312 0.00986028 0.00110573 0.00125809 0.00734646 0.00638579 0.00844557 0.0196966 0.0124869 0.0110976 0.0121675 0.00593525 0.00451546 0.00318514 0.00045164 5.22563e-05 0 0 0 0 0 0 0 0 0 0 0 0 0 0 0 0 0 0 0 0 0 0 
0 0 0 0 0 0 0 0 0 0 0 0 0 0 0 0 0 0 0 0 0 0 0 9.37966e-05 0.00190453 0.00339365 0.00345717 0.00387954 0.00536883 0.0122486 0.017981 0.0282777 0.0250115 0.0116498 0.00308727 0.00697195 0.00715139 0.0111184 0.0307385 0.0403709 0.0278785 0.0239155 0.0184088 0.0116033 0.0105332 0.00434453 0.00158515 0.000877204 0.000450328 4.00504e-05 0 0 0 0 0 0 0 0 0 0 0 0 0 0 0 0 0 0 0 
0 0 0 0 0 0 0 0 0 0 0 0 0 0 0 0 0 0 0 0.000204508 0.0014335 0.00195559 0.000664576 0.000445815 0.00265786 0.00217443 0.00258509 0.00321705 0.00473319 0.0139338 0.0184763 0.0227386 0.0282771 0.0251242 0.0130587 0.0113287 0.0130308 0.0180303 0.034166 0.0427576 0.0291213 0.0216106 0.023894 0.0192081 0.0212098 0.0192531 0.0128621 0.00664479 0.00591188 0.00122594 0 0 0 0 0 0 0 0 0 0 0 0 0 0 0 0 0 0 0 
0 0 0 0 0 0 0 0 0 0 0 0 0 0 0 0 4.23329e-05 0.00162575 0.00199368 0.00243443 0.00333109 0.0124035 0.00574913 0.00284948 0.00245347 0.00393549 0.00548127 0.00961643 0.0138471 0.0240222 0.0295454 0.0264836 0.0265984 0.0257684 0.0274434 0.0272545 0.0222392 0.0322787 0.044838 0.0343401 0.0267767 0.026429 0.0320047 0.0190283 0.0219723 0.022563 0.0236683 0.0187866 0.0144396 0.00267177 0.000333912 1.22416e-05 0.000656179 0.000191914 0 0 0 0 0 0 0 0 0 0 0 0 0 0 0 
0 0 0 0 0 0 0 0 0 0 0 0 0 0 0 0.000677691 0.00437966 0.0158108 0.0166316 0.0118278 0.0119062 0.0115818 0.0143142 0.0112925 0.00731001 0.00871899 0.020572 0.0239345 0.0286282 0.033083 0.0293912 0.0249468 0.029562 0.0266615 0.0274209 0.025257 0.0298793 0.0350981 0.0310559 0.0252065 0.0298513 0.0287616 0.0284861 0.0236961 0.0219916 0.0197448 0.0238016 0.0197413 0.0169703 0.00588546 0.00389143 0.00511075 0.00826777 0.00490111 0.000468954 0 0 0 0 0 0 0 0 0 0 0 0 0 0 
0 0 0 0 0 0 0 0 0 0 0 0 0 0 0.000245817 0.00800496 0.0244196 0.026073 0.0217648 0.0203604 0.0162838 0.0115876 0.0120136 0.0148347 0.0231 0.0206926 0.0254555 0.0337204 0.0354801 0.029467 0.0276113 0.0302797 0.034653 0.0366179 0.0323226 0.0212349 0.0233752 0.0257196 0.0264576 0.0217348 0.035099 0.0294758 0.0243676 0.0183368 0.0153427 0.0160886 0.0189709 0.0179102 0.015701 0.0100851 0.0162671 0.0184834 0.0175094 0.0103311 0.00204159 0 0 0 0 0 0 0 0 0 0 0 0 0 0 
0 0 0 0 0 0 0 0 0 0 0 0 0 0.000403426 0.00491865 0.0190851 0.032503 0.0292808 0.0265644 0.0255613 0.0201941 0.0138924 0.0106914 0.0130468 0.0244673 0.0273912 0.0270871 0.0308633 0.025856 0.0268302 0.0270392 0.0326476 0.0318623 0.0324591 0.0333876 0.0231878 0.0270065 0.0297665 0.0307841 0.0274792 0.0271756 0.0286404 0.0230017 0.0169933 0.0157452 0.0168808 0.01842 0.0209631 0.0170095 0.0142754 0.0211152 0.021402 0.0222213 0.00960716 0.00163753 0 0 0 0 0 0 0 0 0 0 0 0 0 0 
0 0 0 0 0 0 0 0 0 0 0 0 0.000413826 0.00638048 0.0277537 0.0279687 0.0265815 0.0292122 0.0353972 0.0371456 0.0389287 0.0239485 0.0210399 0.024392 0.0301498 0.0361469 0.0312326 0.0293587 0.0241377 0.0321054 0.0297275 0.0311884 0.0310077 0.0336595 0.0369713 0.0371186 0.0400088 0.0292934 0.0262603 0.0303583 0.0319658 0.0254175 0.0111087 0.0120104 0.0157054 0.0203654 0.0196372 0.0210258 0.0159083 0.017373 0.0173463 0.0198524 0.024301 0.00993251 0.00250365 0.00130952 0.00440732 0.00472468 0.000917855 0 0 0 0 0 0 0 0 0 0 
0 0 0 0 0 0 0 0 0 0 0 6.35764e-08 0.00277733 0.0165007 0.027937 0.0145276 0.0153602 0.0278057 0.0371531 0.0365976 0.0329519 0.0349352 0.0396107 0.0340499 0.0314282 0.032385 0.031682 0.03072 0.031816 0.0318916 0.0221666 0.0248821 0.0232039 0.0276662 0.0297686 0.0353093 0.0335427 0.0324495 0.0264324 0.0286647 0.0315406 0.030163 0.0176121 0.00985358 0.0172035 0.0205134 0.0210409 0.0249328 0.0246706 0.01821 0.0168398 0.0229282 0.0247235 0.0185443 0.0119723 0.0124641 0.0168559 0.0247523 0.0100425 0.000472201 0 0 0 0 0 0 0 0 0 
0 0 0 0 0 0 0 0 0 0 6.89786e-05 0.000987178 0.00280352 0.0110436 0.00889352 0.00109436 0.00826502 0.0235822 0.0293146 0.0275891 0.0374885 0.036944 0.0514015 0.0559713 0.0332361 0.0250403 0.022948 0.0296006 0.0237287 0.0296974 0.026849 0.034138 0.0291712 0.0233874 0.0277447 0.0302646 0.0339244 0.0317083 0.0312999 0.0272538 0.0224004 0.0284315 0.0262509 0.0137784 0.0176623 0.0202902 0.0226355 0.0276514 0.0189182 0.0155667 0.0167529 0.0260798 0.0250528 0.0266928 0.0250889 0.0277432 0.0280368 0.030377 0.0157693 0.00272387 0.000300756 0 0 0 0 0 0 0 0 
0 0 0 0 0 0 0 0 0 0 0.0005436 0.00380354 0.00660045 0.006596 0.00305902 0.000200152 0.00311503 0.0189383 0.0262911 0.0279582 0.0381889 0.0444494 0.0766027 0.0689923 0.0337819 0.0277645 0.0215993 0.022489 0.0207054 0.0252369 0.0252171 0.0351615 0.0378975 0.0260936 0.0271799 0.0367185 0.0303074 0.034907 0.0230413 0.018647 0.0226748 0.0247784 0.0222903 0.023009 0.0178119 0.0184 0.0174852 0.0208616 0.0225415 0.020943 0.0273396 0.0251608 0.0245147 0.0239593 0.0155948 0.0230556 0.0251376 0.0247082 0.0171069 0.0108206 0.00247134 0 0 0 0 0 0 0 0 
0 0 0 0 0 0 0 0 0 0 0.000120667 0.00311928 0.00477517 0.00175902 0.000203892 0.00125643 0.00374165 0.0108055 0.0265325 0.031832 0.0333196 0.0385902 0.0321323 0.0325365 0.027793 0.0245703 0.0212359 0.0198516 0.0268676 0.0293718 0.0352463 0.0392406 0.036898 0.040437 0.0282275 0.0306315 0.0304467 0.0296507 0.0214674 0.0173193 0.0210597 0.0243872 0.0227573 0.0241608 0.0155711 0.0170381 0.0171733 0.0127408 0.0179496 0.0256016 0.0263155 0.0206468 0.0273149 0.0237681 0.0204303 0.0175312 0.00970628 0.0241286 0.0258331 0.0167452 0.00550755 5.07022e-05 0 0 0 0 0 0 0 
0 0 0 0 0 0 2.0036e-05 0.000893503 0.00297045 0.00159873 0.000670359 0.000107374 0.0006654 6.47017e-05 0.00156753 0.00844899 0.0122818 0.0121845 0.0225416 0.0298082 0.0290219 0.0341851 0.0292133 0.0324352 0.0330694 0.0315622 0.0316795 0.0287078 0.0289555 0.0403918 0.0383394 0.0369094 0.0451928 0.0408796 0.0273142 0.0256179 0.0270556 0.0243556 0.0245515 0.0214004 0.0294514 0.0266741 0.0217444 0.0204451 0.0199773 0.0245756 0.023352 0.0215393 0.0288142 0.0278859 0.0346455 0.0268446 0.0214279 0.0232159 0.0181292 0.0190491 0.0142291 0.0229533 0.0284941 0.0222817 0.0120083 0.00198478 0 0 0 0 0 0 0 
0 0 0 0 0 0 0.000447781 0.00980594 0.0139389 0.0105956 0.010591 0.0078125 0.00351409 0.00663088 0.0113499 0.0167477 0.019724 0.0201392 0.0316378 0.0291942 0.0356439 0.0371236 0.0239688 0.0235283 0.0267599 0.0353608 0.0355642 0.043173 0.0439367 0.044696 0.0431491 0.0355037 0.0421527 0.0358481 0.0249226 0.0214327 0.0208581 0.0234839 0.0276256 0.0266798 0.0361318 0.0295701 0.0244806 0.0379301 0.0307987 0.0297343 0.0267237 0.0259088 0.0246322 0.0257326 0.0230364 0.0240961 0.0142937 0.0160764 0.023226 0.024185 0.0142503 0.0194977 0.0239649 0.0204865 0.0114786 0.00130019 0 0 0 0 0 0 0 
0 0 0 0 0 5.18813e-06 0.00445912 0.0195599 0.0183174 0.0201675 0.0238988 0.0214461 0.0172796 0.018679 0.0221816 0.0191949 0.0226764 0.0228902 0.0295118 0.0235645 0.0312538 0.0286109 0.0195387 0.0260859 0.03026 0.0307514 0.0348767 0.0405115 0.0437124 0.0458456 0.0429598 0.0307945 0.0389043 0.0347686 0.0350703 0.0252679 0.0244579 0.0248936 0.0198503 0.0224859 0.0267842 0.0227382 0.0152515 0.031765 0.0378821 0.0348481 0.0314956 0.0230234 0.0208216 0.0227874 0.0240336 0.0236803 0.0118076 0.0124698 0.0255255 0.0270048 0.0183959 0.0212693 0.0167277 0.0146837 0.0113502 0.0035026 0.00127083 4.85848e-05 0 0 0 0 0 
0 0 0 0 0 0.000867612 0.00747731 0.0200714 0.0272889 0.0268123 0.0239619 0.0235653 0.0257602 0.0271151 0.0273174 0.0275933 0.0292745 0.033496 0.0350284 0.031206 0.0239938 0.0252292 0.0201185 0.0291472 0.025 0.0292476 0.0340504 0.0398178 0.0329838 0.036955 0.0356379 0.0286346 0.0342347 0.0330996 0.0453093 0.0402391 0.0522595 0.0451835 0.0268709 0.0184247 0.0178238 0.023316 0.0259355 0.0282942 0.0353085 0.0379165 0.0333923 0.0303019 0.0272056 0.0243975 0.0238683 0.0169472 0.0122285 0.0231144 0.0205095 0.0194699 0.0201887 0.0176624 0.0142075 0.0119466 0.0108497 0.00761417 0.0046175 0.000169008 0 0 0 0 0 
0 0 0 0 0.000164815 0.00359329 0.0119237 0.01853 0.0191569 0.0215952 0.0341502 0.0353804 0.0281094 0.03149 0.0258856 0.0240146 0.0309452 0.0290204 0.0255389 0.0280793 0.0290725 0.0307328 0.0360721 0.0312924 0.0258657 0.0259971 0.0353883 0.0338194 0.0394606 0.0372435 0.0386116 0.0360488 0.03862 0.0398643 0.0357423 0.0380456 0.0529136 0.0529237 0.0354893 0.0204145 0.015972 0.0204136 0.0288658 0.0270268 0.0229344 0.0280985 0.0314578 0.0297776 0.0381124 0.0217876 0.0139182 0.0110651 0.011882 0.0237722 0.0199908 0.0258363 0.0198037 0.0174937 0.0148841 0.00994996 0.0105144 0.0114512 0.00708774 0.0012006 0 0 0 0 0 
0 0 0 0 9.00309e-06 0.00153473 0.0113043 0.0210195 0.0211561 0.0242094 0.0311785 0.0431581 0.0339286 0.0246551 0.0214379 0.0247862 0.0297749 0.0213657 0.0226606 0.028173 0.0279231 0.0318593 0.0433307 0.031845 0.0232963 0.0260533 0.0317609 0.034839 0.0347246 0.0349307 0.0372418 0.0414384 0.0443714 0.0579099 0.034403 0.0281657 0.0497899 0.0463327 0.0264817 0.0213562 0.0173536 0.0171054 0.0189253 0.0211581 0.0199574 0.0142616 0.0221509 0.0294934 0.0327589 0.0171296 0.0124585 0.0150116 0.0156773 0.0237575 0.0205722 0.0261049 0.0165907 0.012469 0.0142137 0.00956868 0.00711642 0.010864 0.0071569 0.00153431 0.000131169 0 0 0 0 
0 0 0 0.000185531 0.00228564 0.000439231 0.00637042 0.021002 0.0279445 0.0256311 0.0268589 0.0401061 0.0444061 0.0289101 0.0265677 0.0275297 0.0272206 0.0175913 0.0304681 0.0293041 0.0324523 0.0300342 0.0401822 0.0287352 0.0248996 0.026839 0.0252778 0.0273603 0.0307596 0.029762 0.032279 0.038613 0.0363595 0.0410259 0.0340368 0.0223457 0.0250033 0.0202476 0.023825 0.0184462 0.0148436 0.0165013 0.0221867 0.018726 0.0235273 0.0184997 0.0215094 0.0344027 0.0249914 0.015666 0.0158768 0.0215289 0.0159139 0.0212946 0.0185123 0.0227315 0.0211568 0.0141417 0.0114382 0.0138134 0.00936553 0.0106161 0.010809 0.00605189 0.00410061 0.00110016 4.47001e-06 0 0 
0 0 0 0.000140493 0.00235093 0.000429309 0.00242994 0.0171506 0.0309516 0.0311602 0.0267938 0.0415775 0.0361767 0.0303948 0.0343065 0.0291923 0.0345655 0.0291453 0.0318852 0.0323243 0.0309127 0.0275617 0.0335877 0.0262727 0.0285443 0.0295125 0.0277939 0.0266191 0.0253293 0.0339765 0.0324472 0.0355761 0.0332373 0.0320238 0.0277295 0.0245883 0.0208891 0.0158698 0.0188131 0.017606 0.0197486 0.0285161 0.01846 0.0154788 0.0183622 0.0228992 0.0165941 0.0231413 0.0209695 0.019133 0.0137344 0.0180303 0.0180735 0.0206648 0.0222731 0.0196916 0.020346 0.0248859 0.0131608 0.0161648 0.0121028 0.0121032 0.0113163 0.01339 0.0176958 0.0135555 0.000978175 0 0 
0 0 0 0 0.000204833 0.0021174 0.00510984 0.00934011 0.0239084 0.0367013 0.0306179 0.0330458 0.0309548 0.0324529 0.0330094 0.0293712 0.0309754 0.0317326 0.0313151 0.0279675 0.0290298 0.0274304 0.0343423 0.0374023 0.0306754 0.0263143 0.0276041 0.0244424 0.0305133 0.031157 0.0302947 0.0291379 0.0334256 0.0361814 0.0307203 0.0249761 0.0219156 0.0226531 0.0312373 0.0209449 0.020842 0.0190564 0.0216178 0.0178803 0.014033 0.012359 0.0114048 0.0163731 0.0171623 0.0187902 0.0192658 0.0179251 0.0177737 0.0213458 0.0366183 0.0272586 0.023926 0.0226186 0.0153154 0.0137077 0.00928018 0.0132586 0.0152253 0.0158202 0.0144796 0.0230445 0.00381051 6.43295e-05 0 
0 0 2.77191e-05 0.000273214 0.00612681 0.0146257 0.0158781 0.0165943 0.0147559 0.0213865 0.029289 0.0288777 0.0326861 0.0342843 0.0339011 0.0297347 0.0220072 0.0254441 0.0306316 0.0275731 0.0257015 0.0272954 0.0307234 0.0335271 0.0360961 0.0345697 0.0334292 0.0226839 0.0280355 0.0377692 0.0310398 0.0267041 0.0449577 0.0461583 0.0340151 0.0250289 0.0272796 0.0266284 0.0295998 0.0196558 0.0173723 0.0229284 0.0322997 0.0247009 0.0234917 0.0169244 0.0165378 0.0163455 0.0115034 0.0232418 0.0197006 0.0158929 0.0230857 0.0245164 0.0359832 0.0391133 0.0299407 0.0243932 0.0262852 0.0228733 0.0132885 0.016577 0.0134707 0.0136881 0.0120475 0.00951675 0.00253362 4.39951e-05 0 
0 0 0.0022924 0.00882377 0.0211952 0.0246294 0.0262346 0.0265711 0.0166476 0.00988348 0.0213824 0.0244484 0.0308751 0.0249032 0.0275138 0.0275844 0.024059 0.0252837 0.0303292 0.0256356 0.0240818 0.0248412 0.0244968 0.0258665 0.0291809 0.0359488 0.0314186 0.0319423 0.0313614 0.0304743 0.0278484 0.0313308 0.0412075 0.0312899 0.0269863 0.028045 0.0292785 0.027539 0.0242247 0.0188519 0.0204386 0.019761 0.024305 0.0281548 0.0328762 0.0273959 0.0266803 0.0201927 0.0173693 0.0226965 0.0167046 0.0118984 0.0172926 0.0198883 0.0258441 0.0308418 0.0245061 0.0255176 0.0271856 0.0205844 0.0151551 0.0195505 0.0151757 0.0146582 0.0199312 0.0108291 0.00562011 0.00182978 0 
0 0.000217135 0.00755892 0.0145652 0.0269608 0.0288634 0.0264021 0.020122 0.0155139 0.0146108 0.0164906 0.026211 0.0359622 0.0286084 0.0280325 0.0277451 0.0267904 0.0247748 0.0258866 0.0296373 0.0233322 0.0256149 0.0224667 0.0223825 0.0249387 0.0404125 0.0379265 0.0420326 0.0444358 0.0349015 0.0317619 0.0298703 0.0310599 0.0210365 0.0249798 0.0282309 0.0293546 0.0257752 0.0252043 0.024749 0.0315167 0.0342892 0.0276529 0.0328749 0.0357202 0.0275177 0.0261532 0.0222139 0.0179476 0.0162421 0.0169904 0.017417 0.018154 0.0156613 0.0173093 0.0254285 0.0269368 0.0264004 0.0219461 0.02009 0.0287813 0.020144 0.0236391 0.0175872 0.0135395 0.011741 0.0127109 0.00759371 2.83402e-05 
0 0.00188639 0.0163866 0.0200501 0.0317726 0.0269312 0.0235612 0.019328 0.0212162 0.0198967 0.025613 0.0262353 0.0302083 0.0297321 0.0402499 0.0309021 0.0236764 0.0235171 0.0202559 0.025441 0.0279293 0.0336772 0.0250691 0.0266067 0.0243964 0.0363108 0.0338412 0.0392859 0.0384138 0.0378523 0.0356563 0.0261454 0.0275391 0.0267286 0.0295751 0.0311952 0.035456 0.027847 0.0229992 0.0194292 0.0342471 0.0290703 0.0226589 0.0274234 0.0296666 0.0306104 0.029607 0.0218303 0.0161695 0.0122079 0.0149347 0.0218659 0.0218396 0.0167955 0.0188921 0.0191013 0.0234799 0.0243281 0.0146259 0.0252263 0.0312539 0.0246534 0.0260084 0.0153469 0.00764828 0.0154584 0.0202819 0.0156559 0.00171168 
0 0.00258013 0.0208627 0.0304235 0.030846 0.0268022 0.0213138 0.0245317 0.0241727 0.0267563 0.0261475 0.0326894 0.0256866 0.0338287 0.0409985 0.035365 0.0299744 0.0232412 0.0278669 0.031806 0.0276373 0.0278186 0.0340331 0.0275279 0.0234441 0.0261051 0.0354273 0.0318871 0.0316121 0.0350531 0.0338207 0.0338565 0.0262788 0.026027 0.0292587 0.0345585 0.0269595 0.0257397 0.0225348 0.0186949 0.0276924 0.0339151 0.0262071 0.0260792 0.0336956 0.0303473 0.0226677 0.0272662 0.0208835 0.0145631 0.0166976 0.0169577 0.0168427 0.0156671 0.015679 0.00822811 0.0110961 0.0161571 0.0128366 0.014485 0.0192499 0.0219848 0.023213 0.0178394 0.0173513 0.0206544 0.0268601 0.0222373 0.00328898 
0 0.0015873 0.0103878 0.021739 0.0281575 0.0253676 0.0257983 0.0224538 0.0232631 0.0237295 0.0240632 0.0304355 0.0350088 0.0332864 0.0277224 0.0293796 0.0299457 0.0290545 0.0323237 0.0361549 0.0373421 0.0345438 0.0338912 0.0257776 0.0207749 0.0274224 0.0284791 0.0314688 0.028605 0.0293643 0.0304426 0.0318031 0.0320289 0.0230531 0.0191914 0.0261661 0.0229829 0.0209554 0.0251618 0.0250349 0.028595 0.0326075 0.039825 0.0388334 0.0335647 0.0272531 0.023457 0.0244202 0.0156901 0.0108572 0.0131243 0.0197676 0.0147008 0.0121764 0.016198 0.0169546 0.0157441 0.0159908 0.0110629 0.0103185 0.0179953 0.0239723 0.0214492 0.0192263 0.0240932 0.0203484 0.03071 0.0233543 0.00486401 
0 0.000105722 0.00266408 0.010941 0.0266109 0.0286439 0.0248889 0.019317 0.0285162 0.0309138 0.0313575 0.0303586 0.0307036 0.0318811 0.0286273 0.0344559 0.0312551 0.0359195 0.0288259 0.0281384 0.0370395 0.0307401 0.0333445 0.0307321 0.0336606 0.0292839 0.0269998 0.0288596 0.036451 0.034057 0.0308559 0.027275 0.0285054 0.0326546 0.0298511 0.0257189 0.0245933 0.016688 0.0153708 0.0226594 0.0281774 0.0299464 0.037886 0.0382671 0.0279289 0.0248908 0.028166 0.0321532 0.0197602 0.0086777 0.0140349 0.0192103 0.0166266 0.0114472 0.0158505 0.0191659 0.0199348 0.0128613 0.0145188 0.016079 0.0106143 0.0150837 0.0164514 0.0154053 0.0230492 0.0306653 0.0329277 0.0206798 0.00511528 
3.23779e-05 0 0.000475748 0.00754533 0.0242927 0.0438105 0.0279887 0.0288284 0.0363382 0.0375992 0.0266412 0.0279757 0.0233593 0.0297425 0.0320395 0.0310041 0.030395 0.0290269 0.0234227 0.022946 0.0327206 0.0319499 0.0373255 0.0390852 0.031437 0.0300641 0.0298916 0.0331223 0.0383078 0.0343994 0.0306789 0.0278738 0.0272881 0.0311671 0.0350724 0.0299487 0.0240209 0.0199099 0.0179572 0.0276849 0.0362911 0.034112 0.0296584 0.0199002 0.0162284 0.0246313 0.0297016 0.0255517 0.0200878 0.0130034 0.0140631 0.0153562 0.00917006 0.0155057 0.020776 0.0228076 0.0261655 0.0136122 0.0113383 0.0166772 0.0125683 0.0162988 0.0159362 0.0260323 0.0288267 0.035655 0.0279699 0.0171783 0.00587585 
0.000155596 0 0.000120194 0.00330489 0.0238932 0.0380045 0.0323519 0.0312837 0.0409879 0.0449103 0.0261493 0.028128 0.0275689 0.0264792 0.0259765 0.0269988 0.0306954 0.0304544 0.0270731 0.0275272 0.0319903 0.0321633 0.0304512 0.0308531 0.0256666 0.0232627 0.0334032 0.0352058 0.03613 0.029107 0.027883 0.0235532 0.0347842 0.0316143 0.0327442 0.0267615 0.0189106 0.0263634 0.0237498 0.0481077 0.0405308 0.031612 0.0217573 0.022404 0.0185261 0.0203436 0.0267593 0.0180961 0.0193314 0.0177761 0.0122846 0.0216976 0.0174341 0.0131886 0.0193494 0.0226514 0.0249542 0.0207438 0.0140604 0.0146645 0.0215978 0.0222906 0.023413 0.0266281 0.0317847 0.0317966 0.0289309 0.0215299 0.00996537 
0.000238309 1.57831e-05 0.000897349 0.00344712 0.0232995 0.0320849 0.0272608 0.0214866 0.0178947 0.0250306 0.020427 0.0226802 0.0255609 0.0275769 0.0323122 0.039209 0.0295839 0.0238422 0.0241917 0.0281762 0.0371198 0.0357684 0.0341991 0.0344146 0.0326414 0.0348882 0.0351629 0.0308114 0.0309325 0.02361 0.0219238 0.0239104 0.0281921 0.0264848 0.0247461 0.0249298 0.0233777 0.0272677 0.0396569 0.0761493 0.0426616 0.0244996 0.0187231 0.0176804 0.0246684 0.0215665 0.0274091 0.0197316 0.0192602 0.0177762 0.016753 0.0191952 0.0143476 0.0136935 0.0215626 0.0265364 0.0248252 0.0251176 0.0204104 0.0106177 0.015831 0.0189521 0.0235256 0.0303863 0.0301921 0.0255756 0.0243879 0.0210063 0.00637278 
1.84843e-05 7.45545e-05 0.001403 0.010328 0.0190236 0.0260964 0.0228854 0.0198532 0.0168758 0.0185057 0.0212594 0.0254954 0.0276233 0.0359191 0.0383061 0.0355473 0.0285043 0.0224169 0.0176566 0.0254975 0.0331968 0.0396514 0.0376315 0.0353173 0.0326469 0.0357893 0.0279307 0.0251975 0.0287979 0.0184371 0.0186597 0.023784 0.0344816 0.0228633 0.020641 0.0262598 0.0296599 0.0404021 0.0813215 0.0549242 0.0306308 0.025715 0.0177011 0.015427 0.0190445 0.0216156 0.0218929 0.0191562 0.0172566 0.0193978 0.0183388 0.0185201 0.0128726 0.0114432 0.0178813 0.0250084 0.0258187 0.0313079 0.0296839 0.0192845 0.0112593 0.0183092 0.0267218 0.029578 0.0220895 0.0192681 0.0201647 0.0201441 0.0039899 
0.000196075 0.0032316 0.00686841 0.0175617 0.0225122 0.0251995 0.0217073 0.0165308 0.0190365 0.0233026 0.0291788 0.0399214 0.032712 0.0295511 0.0343756 0.0230091 0.0217485 0.0247419 0.0289265 0.0335533 0.0296513 0.0302145 0.0351268 0.0314168 0.0305178 0.0301247 0.0273592 0.029196 0.026691 0.0198951 0.0303813 0.0507772 0.0382444 0.0215931 0.0285011 0.0302879 0.0369628 0.0805306 0.0956108 0.0340641 0.0230902 0.022862 0.0235942 0.0157838 0.023417 0.0225603 0.0201266 0.023905 0.0249189 0.0241373 0.0186761 0.0217976 0.0171577 0.0141274 0.0165466 0.0221083 0.0269914 0.0238989 0.0256178 0.0231291 0.0237761 0.0184699 0.0139406 0.0206403 0.0168155 0.0133318 0.0141003 0.0182135 0.00583944 
0.000612511 0.0074221 0.012854 0.022633 0.0243185 0.0242364 0.0228244 0.0255751 0.0205756 0.0221605 0.0246487 0.031321 0.0274887 0.0243685 0.0205175 0.0191994 0.0203024 0.0267493 0.0313847 0.0253311 0.0285578 0.0327769 0.0280087 0.0267984 0.0292098 0.0263657 0.028801 0.0283387 0.0316767 0.026543 0.0359623 0.0380464 0.0301219 0.0312507 0.0492651 0.0606051 0.0518742 0.056122 0.068137 0.0536773 0.0432989 0.0228096 0.0265501 0.0211205 0.0233214 0.0271782 0.0257102 0.0268543 0.0303434 0.030877 0.0223925 0.0181288 0.0147062 0.017506 0.0140012 0.0187327 0.0283216 0.0288552 0.028358 0.0252336 0.0175244 0.0192564 0.0209031 0.0267596 0.0319071 0.0195346 0.0205555 0.0206707 0.00709421 
0.000829402 0.0106609 0.0163326 0.0261829 0.0280883 0.0275419 0.0320208 0.029435 0.0255561 0.024545 0.0182178 0.0260202 0.0226527 0.0218992 0.0206042 0.0251968 0.029807 0.0304664 0.0323287 0.0278294 0.0329634 0.0286754 0.0270828 0.027933 0.0258306 0.0286324 0.0259072 0.0247026 0.0322677 0.0339948 0.0278858 0.0315098 0.0359593 0.0646799 0.0893202 0.102424 0.0706614 0.0587698 0.0426955 0.0382743 0.0372712 0.0282305 0.0247354 0.0251341 0.0246066 0.0293798 0.0296261 0.0238327 0.0286862 0.0307303 0.0260714 0.0183142 0.0180943 0.0276099 0.0185954 0.0139705 0.0299385 0.031376 0.0266749 0.0233824 0.0169878 0.0233259 0.031966 0.0352479 0.0376463 0.0235962 0.0205717 0.0175241 0.00724183 
0.000719506 0.00919805 0.0130524 0.0196021 0.0157309 0.0113901 0.0185214 0.0295556 0.0313925 0.0212154 0.0220641 0.0255045 0.0318345 0.0274529 0.0284183 0.0354882 0.0310182 0.034176 0.0300183 0.0289081 0.0330034 0.033677 0.0334969 0.0265113 0.0259345 0.0237515 0.0201945 0.0281756 0.0341312 0.0303986 0.0286317 0.0365166 0.0542471 0.0952944 0.0741961 0.0509079 0.0509129 0.0394491 0.0322864 0.0328672 0.0242513 0.0299074 0.019937 0.0266255 0.0248825 0.0242384 0.0242439 0.0176389 0.0219926 0.022342 0.0216132 0.0191987 0.0267617 0.037513 0.0275129 0.0212119 0.025734 0.0312513 0.0294687 0.026735 0.0194539 0.0214899 0.0355438 0.0313114 0.0334249 0.0250758 0.0212203 0.0165269 0.00756111 
0.00116601 0.0119194 0.0134596 0.0103837 0.00937659 0.0124009 0.0139405 0.0232706 0.0267159 0.0243364 0.0220979 0.0258818 0.0279769 0.0271086 0.0339157 0.0303591 0.0274989 0.0331685 0.0265359 0.0264573 0.0271877 0.0461702 0.0395445 0.0269362 0.0274447 0.033486 0.0340128 0.0296529 0.023794 0.0351226 0.0409293 0.0495849 0.0762002 0.082816 0.0445858 0.0315773 0.0313209 0.0286517 0.0298141 0.0236664 0.0190301 0.0225596 0.022086 0.0251975 0.0279292 0.0296265 0.0301516 0.0212165 0.0206285 0.0230406 0.0246242 0.0253159 0.0361457 0.0360888 0.0308814 0.0265757 0.0208412 0.0345262 0.0276941 0.0261196 0.0174111 0.021517 0.028507 0.0307498 0.0283794 0.0208061 0.0219336 0.0132228 0.00288654 
0.000697134 0.0127494 0.0193419 0.0211626 0.0184893 0.0165732 0.01535 0.0256732 0.0299827 0.0344847 0.0259772 0.0271824 0.0262626 0.0294621 0.0335437 0.0337167 0.0315122 0.0288905 0.0288759 0.0304368 0.0278783 0.0324309 0.0318912 0.0258702 0.0490984 0.0523069 0.0445501 0.0383754 0.0272838 0.0348499 0.0366828 0.074876 0.102679 0.0762364 0.0474388 0.0335244 0.0283842 0.026655 0.0250245 0.0271552 0.0276299 0.023566 0.0257124 0.0255353 0.0272134 0.023876 0.0204557 0.017488 0.0151268 0.0197783 0.0254098 0.0259657 0.0289184 0.027894 0.0300376 0.0253356 0.0208783 0.0248198 0.0257279 0.0269327 0.0209999 0.0202973 0.0297771 0.0263894 0.0196751 0.0152154 0.0183149 0.009207 0.000659887 
0 0.0016239 0.00748215 0.0171228 0.0125923 0.0142453 0.026404 0.0327194 0.0268367 0.0331149 0.0273855 0.0235221 0.0221721 0.0261741 0.0235618 0.029157 0.0322623 0.0319164 0.0323384 0.0320073 0.0236623 0.0264176 0.0362558 0.0510291 0.0560229 0.0465881 0.0523118 0.0543066 0.0354543 0.0323997 0.0331497 0.0721079 0.0954037 0.0845181 0.051713 0.0390506 0.0276127 0.0213264 0.0203297 0.0223757 0.0196371 0.02249 0.023 0.0249824 0.0280431 0.0210997 0.0222538 0.0144824 0.0117303 0.0145726 0.0221976 0.0234217 0.0230997 0.024931 0.0257305 0.0183207 0.0219362 0.0207785 0.0207051 0.0229844 0.0183555 0.0206499 0.026522 0.0277251 0.0232591 0.0148829 0.015826 0.00705409 0.00068093 
0 0 9.10551e-06 0.0019678 0.0142235 0.0271968 0.0261159 0.0197763 0.0246376 0.0267554 0.0189388 0.021224 0.0231137 0.0235231 0.0181148 0.0225365 0.0321905 0.0344302 0.0309119 0.0243443 0.0353203 0.0314749 0.0352794 0.0729829 0.0816217 0.0743356 0.0544162 0.068837 0.0555962 0.0399542 0.0299875 0.0490827 0.0668303 0.0472487 0.0478733 0.0592336 0.0350826 0.0270926 0.0278876 0.024991 0.0166049 0.0156164 0.0239604 0.0227967 0.0283863 0.0219554 0.0251941 0.0181405 0.0167301 0.0161101 0.023607 0.0264459 0.027951 0.0272876 0.023592 0.0238011 0.0342996 0.0251612 0.0248951 0.0255812 0.0171118 0.0250906 0.0243509 0.0270084 0.0235919 0.0125353 0.012753 0.00426901 9.04387e-05 
0 3.4005e-05 0.0017427 0.0112116 0.0204763 0.0211775 0.0220378 0.0280539 0.0266458 0.0228859 0.0237831 0.0209766 0.0246623 0.0227833 0.0225401 0.0245815 0.0286897 0.0285438 0.0328316 0.0320401 0.03839 0.0373243 0.0302816 0.0302626 0.0432316 0.0487272 0.0432775 0.0395122 0.0579405 0.0453511 0.0346651 0.027231 0.0375289 0.0537127 0.0609068 0.0890786 0.0485677 0.0371728 0.0330807 0.0300647 0.0205573 0.01564 0.027142 0.0271738 0.0283418 0.0294236 0.0258767 0.0273008 0.0215964 0.0154305 0.0224954 0.0318409 0.031733 0.0387912 0.033031 0.0336129 0.0437507 0.0326962 0.0302932 0.0261069 0.0164147 0.0269381 0.0248087 0.0240318 0.0237621 0.0171221 0.0143995 0.00659491 0.000249722 
0 0.000239581 0.00523611 0.018141 0.0303042 0.0254652 0.0226816 0.030312 0.0194 0.024238 0.0376781 0.0298748 0.0312143 0.0286912 0.0239894 0.0287979 0.0272419 0.0274689 0.0350374 0.0430975 0.0330769 0.0326347 0.0261718 0.0292739 0.0324604 0.0358794 0.030365 0.0348341 0.0457075 0.0550803 0.0494438 0.0391442 0.0406025 0.0691092 0.0576993 0.0577709 0.0502041 0.0529939 0.0442346 0.0318364 0.0262913 0.0205817 0.0235794 0.0253552 0.0298676 0.0343799 0.0307137 0.0300052 0.0258117 0.0191084 0.0177013 0.0201377 0.0246281 0.0288164 0.0314797 0.0407369 0.0287715 0.0256489 0.0230402 0.0210964 0.0234636 0.0230072 0.0319125 0.0356866 0.0323195 0.0284844 0.0231612 0.00963704 0.000592293 
0 4.88252e-05 0.00472495 0.0249349 0.0298921 0.0247874 0.0194628 0.0284671 0.0268356 0.0323032 0.0336837 0.0358404 0.0325604 0.0301315 0.0320114 0.0327609 0.029128 0.023676 0.0220645 0.0268649 0.0221125 0.0264904 0.0325485 0.0320042 0.0424822 0.0347971 0.0294527 0.0267043 0.0354067 0.0460257 0.0527469 0.0633154 0.0503764 0.0655866 0.0414345 0.0254086 0.0352071 0.0501335 0.0418334 0.0450187 0.0329321 0.0250701 0.0259975 0.0242736 0.0308915 0.0412421 0.0325368 0.0324188 0.0285518 0.0226305 0.0208358 0.0221532 0.0183047 0.0207454 0.0284023 0.0354581 0.0217625 0.0225912 0.0252409 0.0337205 0.0325039 0.0290795 0.038685 0.0452375 0.048474 0.0402843 0.0245229 0.00790239 0.000107435 
0 0 0.00175875 0.0168937 0.0229055 0.0230335 0.0256519 0.0302155 0.0319943 0.0345797 0.0291219 0.0360948 0.0315948 0.0277146 0.0258461 0.0294298 0.0261167 0.024095 0.0205252 0.0260491 0.0294762 0.030778 0.0471442 0.0423006 0.0465955 0.0288389 0.0238125 0.0208397 0.0336905 0.0402365 0.0422098 0.0420867 0.0531063 0.0391032 0.0221867 0.0198255 0.0170681 0.0321147 0.0370677 0.0497415 0.0335291 0.0271138 0.0249577 0.0253006 0.022672 0.0251972 0.0305639 0.0279578 0.0299819 0.0244077 0.0252869 0.0318711 0.0229981 0.0186899 0.0275816 0.0291535 0.0248856 0.0273315 0.0379872 0.0367434 0.0359131 0.0348764 0.0375223 0.0387693 0.0268806 0.018723 0.0079773 0.00158604 0 
0 0 7.10312e-05 0.0101358 0.0194394 0.0236275 0.0300515 0.0293021 0.0385511 0.0407252 0.0306847 0.0237972 0.0252352 0.0269773 0.0261464 0.0322936 0.0415427 0.0399905 0.0271203 0.0277541 0.0331979 0.039041 0.0463741 0.0305887 0.0322958 0.0237283 0.0213203 0.0276272 0.0465591 0.0535912 0.0422357 0.0441576 0.0483659 0.0348448 0.0286113 0.0262118 0.0231157 0.0240465 0.0346058 0.0439537 0.0330342 0.0272323 0.0315355 0.030282 0.0245298 0.0221419 0.0257782 0.0247506 0.0231965 0.028778 0.0282261 0.0377227 0.0265765 0.0203638 0.0229835 0.0251587 0.0251166 0.0256506 0.0295558 0.0325561 0.0313184 0.0413621 0.0441529 0.0279983 0.00871733 0.00398646 0.00192582 0.000105623 0 
0 0 0 0.00316785 0.0114572 0.0248732 0.0309835 0.0288013 0.0335621 0.033345 0.0298713 0.0238789 0.0275025 0.0247006 0.0246851 0.0348771 0.0389852 0.0411971 0.0307101 0.0327596 0.0331671 0.0289913 0.0396668 0.0327737 0.0378772 0.0360163 0.0372615 0.0397123 0.0590125 0.0953128 0.0495516 0.0469513 0.0244264 0.0288838 0.0329763 0.0346101 0.0277198 0.0239207 0.0328295 0.0319969 0.0278425 0.0255118 0.0307822 0.0261247 0.0252175 0.0237902 0.0230516 0.0216278 0.020253 0.0344581 0.0353548 0.0338237 0.0234692 0.0160729 0.0234681 0.0276533 0.0295749 0.0247439 0.0341603 0.031792 0.0277277 0.0441644 0.0383168 0.0183941 0.00415454 0.00360337 0.00157885 0 0 
0 0 0 0.000741407 0.0100832 0.0162051 0.0148454 0.0206246 0.0247795 0.0288292 0.033169 0.0318017 0.0318119 0.0362567 0.0324035 0.0298902 0.0375079 0.0343912 0.0374434 0.0437027 0.0381911 0.0341107 0.0370423 0.0391636 0.0658463 0.0496832 0.0367732 0.0358648 0.0355892 0.0564033 0.0336613 0.0434194 0.0212131 0.0317366 0.0382362 0.037278 0.0314893 0.0296653 0.0335352 0.0265244 0.0290009 0.0238905 0.0266455 0.0286124 0.0252948 0.0254463 0.022619 0.0199388 0.0230489 0.0412853 0.0345219 0.0206956 0.0186245 0.0179106 0.0199517 0.0267335 0.0292678 0.0278795 0.0399504 0.0323412 0.0270395 0.0444374 0.0342117 0.0158253 0.00431326 0.00136949 0.000715543 0 0 
0 0 0 0.000431997 0.00689189 0.0140194 0.00707779 0.00892566 0.0196917 0.0309131 0.031282 0.030302 0.0278658 0.0330513 0.0320203 0.0314318 0.0309687 0.0334836 0.0341007 0.0334431 0.032978 0.0271803 0.0332683 0.0419841 0.0541996 0.0467901 0.0434607 0.0280973 0.0321921 0.0313332 0.0318794 0.0295011 0.023478 0.0324451 0.0444239 0.0424986 0.0399175 0.0303984 0.0318067 0.0272812 0.0230556 0.0174894 0.0216199 0.0336451 0.0238872 0.0316973 0.0367182 0.0299321 0.032049 0.0394018 0.0317417 0.0217085 0.026902 0.027989 0.0263984 0.0318915 0.0324799 0.0342915 0.0362055 0.0268124 0.0306069 0.0437632 0.0383772 0.015436 0.00464662 8.11323e-05 0 0 0 
0 0 0 0 0.00075742 0.00357971 0.00150736 0.00230085 0.0130678 0.0253222 0.0270166 0.022879 0.0203958 0.0244624 0.0291091 0.0260874 0.0281529 0.0320759 0.0365885 0.0291308 0.0262608 0.0260765 0.0338957 0.0319687 0.0385922 0.0415011 0.0342807 0.02571 0.0264573 0.0241453 0.0323 0.0326626 0.0272458 0.037467 0.0374144 0.0459237 0.0372388 0.0283856 0.0207246 0.0249071 0.0257374 0.0208248 0.02054 0.0291072 0.0305896 0.0444506 0.057728 0.0431583 0.0371236 0.0354246 0.0305778 0.0316764 0.0350192 0.0403351 0.044885 0.0395466 0.0336705 0.0312031 0.0297226 0.029197 0.0316778 0.0460939 0.0420534 0.00952667 0.00104044 0 0 0 0 
0 0 0 0 0 2.15165e-07 0.000261008 0.00745791 0.0194911 0.0247479 0.0219373 0.0103925 0.0104213 0.020125 0.0298902 0.0267557 0.0260429 0.0318721 0.0396992 0.0266135 0.0279361 0.0320348 0.0264804 0.0349571 0.0381476 0.036999 0.0299737 0.0225867 0.0203568 0.0178865 0.0294285 0.0362293 0.0345827 0.0419961 0.0361294 0.0299558 0.0192603 0.0125067 0.00916745 0.0201209 0.0291649 0.0258774 0.034676 0.0301038 0.0316552 0.0517213 0.0645388 0.0445998 0.0357659 0.0355777 0.0443394 0.0506083 0.0519719 0.043161 0.035635 0.0382219 0.0274062 0.0294718 0.0318736 0.0323902 0.0325128 0.0350291 0.0234247 0.00538576 0.000757501 0 0 0 0 
0 0 0 0 0 0 0.000641719 0.0103576 0.0234632 0.0245451 0.0201487 0.0150459 0.0149977 0.0147626 0.0252659 0.0300258 0.036192 0.0392698 0.0361503 0.0222937 0.0179587 0.02729 0.0247235 0.0277904 0.0296684 0.0357493 0.0252489 0.024908 0.0251179 0.0316511 0.0284413 0.0344935 0.037963 0.0365145 0.0189205 0.0116539 0.00757102 0.00382142 0.0102238 0.0218458 0.0235514 0.0319697 0.0370755 0.0305506 0.0339154 0.0355083 0.0402524 0.0406078 0.0330628 0.0335296 0.0475221 0.0593515 0.0586095 0.02969 0.0236097 0.0290923 0.0344886 0.0343692 0.0358727 0.0331635 0.0358587 0.0263185 0.017049 0.00590418 0.000802755 0 0 0 0 
0 0 0 0 0 0 0.000226836 0.010287 0.0225423 0.0189231 0.0129284 0.00827098 0.00869411 0.0135618 0.0233477 0.0290078 0.0318596 0.0333394 0.0232683 0.00836291 0.0106364 0.0236374 0.0242018 0.0252641 0.0305216 0.0292737 0.0308392 0.0287915 0.0325789 0.0295374 0.0335419 0.0350404 0.0338188 0.0240285 0.0202992 0.0250539 0.0197544 0.0157323 0.0173966 0.0175964 0.0167451 0.0216472 0.0207611 0.0236326 0.0329105 0.0281727 0.0312683 0.0301935 0.0288069 0.0322591 0.0391962 0.0407879 0.0460537 0.0303139 0.0236465 0.0362714 0.034115 0.0385827 0.0415347 0.0387425 0.0336751 0.0257637 0.0136991 0.00385204 7.70559e-05 0 0 0 0 
0 0 0 0 0 0 4.94526e-05 0.00535108 0.016982 0.0218619 0.0169314 0.0158578 0.00945543 0.021831 0.0277729 0.0318562 0.0373251 0.0424775 0.020239 0.00829247 0.01025 0.0210306 0.0359464 0.0326238 0.0258193 0.0360442 0.0407681 0.0382917 0.0324236 0.0327614 0.0375253 0.0319406 0.0215693 0.0171807 0.0256045 0.030015 0.0273495 0.0282179 0.0330034 0.0222539 0.0272649 0.0247549 0.0184089 0.0243553 0.0301228 0.0254673 0.0372376 0.0308086 0.0312429 0.0344786 0.0348741 0.0358424 0.0389378 0.027504 0.0285047 0.0370779 0.0323283 0.0353106 0.0334978 0.0402502 0.0319078 0.0143299 0.00623453 0.000448443 0 0 0 0 0 
0 0 0 0 0 0 5.91977e-06 0.00209286 0.0138825 0.0428175 0.0401408 0.0228741 0.0168549 0.0237498 0.0328073 0.0343571 0.0365786 0.0298371 0.0206267 0.0195326 0.0156774 0.017586 0.0264482 0.0307218 0.0234393 0.0282592 0.0369224 0.0385455 0.0374605 0.0344225 0.0358393 0.0233831 0.00973117 0.0135177 0.0235377 0.0265955 0.0283615 0.0330637 0.0327669 0.0277191 0.0269312 0.026306 0.0274402 0.027647 0.0295696 0.024583 0.03472 0.0370642 0.0282692 0.0322173 0.0431807 0.0345572 0.0422255 0.0445865 0.0406468 0.0429917 0.0448833 0.0287377 0.025658 0.0170836 0.0097776 0.00317996 0.000868243 0 0 0 0 0 0 
0 0 0 0 0 0 0 0 0.00521753 0.0382733 0.0361018 0.0274575 0.0249647 0.0186879 0.0262486 0.0333681 0.0337984 0.0280187 0.0202403 0.014455 0.0122724 0.0121454 0.0192978 0.0322111 0.0327299 0.0235415 0.0278878 0.0480081 0.0475741 0.0317203 0.0319248 0.0106603 0.00696367 0.00773832 0.0164279 0.0155907 0.0151816 0.0279175 0.0287877 0.037006 0.0314175 0.0262284 0.0319532 0.0357749 0.0436552 0.0327687 0.0330441 0.0386837 0.0242707 0.0272763 0.0290899 0.0342857 0.0399964 0.0556111 0.0588376 0.0490161 0.0367553 0.0360947 0.0258545 0.010189 0.00304636 0.000579147 2.94856e-05 0 0 0 0 0 0 
0 0 0 0 0 0 0 0 0.000273768 0.0116872 0.0167974 0.0167254 0.0159778 0.0159051 0.0182891 0.0319293 0.0259772 0.0189315 0.0104927 0.00874338 0.0084252 0.010883 0.0206053 0.0321096 0.0359512 0.0268921 0.0294523 0.0373358 0.0358796 0.0222526 0.0132977 0.00853624 0.0132165 0.010294 0.0083138 0.00951332 0.0108442 0.0267938 0.0330379 0.0412931 0.0346166 0.0268845 0.0333661 0.0275605 0.0339325 0.0449453 0.0340628 0.0287629 0.0204323 0.0187079 0.0248313 0.0329443 0.0331035 0.049195 0.0628172 0.0379606 0.0299209 0.0472077 0.019771 0.00461855 0.00111369 0 0 0 0 0 0 0 0 
0 0 0 0 0 0 0 0 0 0.000626842 0.00335719 0.00482184 0.00742688 0.0155432 0.0200799 0.0277541 0.0207762 0.01411 0.0113512 0.0102615 0.00845768 0.0106243 0.0202645 0.0211741 0.0182086 0.0228579 0.0301387 0.0319078 0.029982 0.0145622 0.0103689 0.0227766 0.0213803 0.0132155 0.0117735 0.0101682 0.0171364 0.0230855 0.0531439 0.0699526 0.0370248 0.0260675 0.029243 0.0299426 0.0352538 0.0516462 0.0368455 0.0264208 0.0163622 0.0196717 0.0227239 0.0306834 0.030098 0.0347205 0.0361238 0.025014 0.024534 0.0317934 0.0095517 0.000585806 0 0 0 0 0 0 0 0 0 
0 0 0 0 0 0 0 0 0 0 0 0.000427501 0.00172514 0.0100323 0.0201827 0.020829 0.0192326 0.0207962 0.0334248 0.0203575 0.00441321 0.0122083 0.0134666 0.0112137 0.0106152 0.0112631 0.0176392 0.024306 0.0297523 0.0282061 0.0284721 0.0394829 0.0302352 0.0135044 0.016728 0.0168503 0.0157205 0.0192009 0.0469083 0.0465109 0.0319351 0.0301971 0.0282033 0.0299856 0.0285096 0.0421566 0.0371551 0.0297663 0.0245533 0.0214148 0.0237255 0.0306465 0.0273756 0.0244983 0.0306747 0.0354108 0.0215689 0.0120462 0.0028225 0 0 0 0 0 0 0 0 0 0 
0 0 0 0 0 0 0 0 0 0 0 0 0.000317216 0.0040149 0.0165609 0.0224673 0.0198221 0.0227803 0.020863 0.010662 0.00942142 0.0128007 0.014857 0.0221256 0.0175136 0.00725979 0.0087341 0.014514 0.0238288 0.0281274 0.0332374 0.0346497 0.0292805 0.0175734 0.0178987 0.02045 0.0265328 0.0269706 0.048398 0.0370717 0.0281747 0.0245647 0.0269213 0.0310287 0.0274197 0.0375367 0.0467561 0.0287903 0.0283642 0.0288766 0.0327375 0.0381425 0.034728 0.0212007 0.0252383 0.024642 0.0113082 0.00367826 0.0003958 0 0 0 0 0 0 0 0 0 0 
0 0 0 0 0 0 0 0 0 0 0 0 2.00162e-05 0.000818912 0.00602025 0.0120841 0.0167551 0.0160384 0.0141844 0.0109827 0.0118419 0.00961352 0.0158476 0.0296661 0.0278211 0.0175644 0.0044298 0.0169878 0.0359254 0.0415374 0.0390125 0.0330812 0.0229027 0.0169752 0.0187683 0.0412385 0.0584841 0.0429022 0.042499 0.0299536 0.018258 0.018037 0.0202992 0.0252029 0.027974 0.0362175 0.050985 0.0270492 0.0399159 0.041633 0.0397484 0.0377141 0.0316631 0.0119814 0.0100401 0.00869759 0.00229896 0.000240118 0 0 0 0 0 0 0 0 0 0 0 
0 0 0 0 0 0 0 0 0 0 0 0 0 0 0.000439003 0.00688871 0.0115387 0.0148926 0.011142 0.00687236 0.0162021 0.0192982 0.0124489 0.0119487 0.019707 0.0223917 0.00600524 0.00754429 0.0255461 0.0455119 0.0429281 0.0308299 0.0277041 0.0162205 0.0225032 0.0353793 0.0507629 0.0304957 0.016272 0.0234225 0.024462 0.0163062 0.0145498 0.021399 0.0228186 0.0272252 0.0308348 0.0424507 0.0505502 0.0433164 0.0327022 0.0189428 0.00958022 0.00529543 0.00609896 0.00208324 4.17e-05 0 0 0 0 0 0 0 0 0 0 0 0 
0 0 0 0 0 0 0 0 0 0 0 0 0 0 0 0.000134106 0.00269591 0.00834997 0.00988711 0.012117 0.0326132 0.0389895 0.017246 0.00593706 0.0161533 0.0127764 0.00300106 0.00818363 0.011974 0.0339836 0.0469604 0.0331284 0.0274176 0.0214864 0.0241079 0.0345658 0.0329963 0.0125806 0.0183165 0.0286126 0.0229066 0.0126475 0.0119168 0.0281714 0.030635 0.0330951 0.0398515 0.0431567 0.0479181 0.0427593 0.0213722 0.00707352 0.00176428 0.00183433 0.000384042 0 0 0 0 0 0 0 0 0 0 0 0 0 0 
0 0 0 0 0 0 0 0 0 0 0 0 0 0 0 0 0 0.000803427 0.00475209 0.0146699 0.0255727 0.0284678 0.0125899 0.00188598 0.00734448 0.00387904 0.00233285 0.0176559 0.0307796 0.0353156 0.0359685 0.0331707 0.036353 0.0358898 0.0303699 0.0269805 0.0126635 0.00937499 0.0352957 0.0295987 0.0194918 0.0205855 0.0125491 0.0181431 0.0350245 0.0427165 0.0384978 0.0390517 0.0282805 0.0202654 0.00758251 0.000561224 0 0 0 0 0 0 0 0 0 0 0 0 0 0 0 0 0 
0 0 0 0 0 0 0 0 0 0 0 0 0 0 0 0 0 0 0.000267156 0.0028912 0.0109573 0.0101408 0.00133633 7.19866e-05 0.000491535 0.000474007 0.0036681 0.0202226 0.0443065 0.0445925 0.0257387 0.0322352 0.0400605 0.0317558 0.0205893 0.0103393 0.00939522 0.0136409 0.0269653 0.0218623 0.0171311 0.0282833 0.0272032 0.0130438 0.0129545 0.02786 0.0257009 0.0158882 0.00981934 0.00249004 0.000165408 0 0 0 0 0 0 0 0 0 0 0 0 0 0 0 0 0 0 
0 0 0 0 0 0 0 0 0 0 0 0 0 0 0 0 0 0 0 1.72026e-05 0.000134604 0.000364996 0 3.36578e-05 0.000639991 0.00214292 0.00952649 0.0198305 0.0338433 0.0342508 0.0285121 0.0344902 0.0350517 0.018643 0.00892503 0.00368462 0.00531195 0.0153719 0.0242827 0.026812 0.022837 0.0307663 0.0335699 0.0161628 0.00564396 0.0124055 0.015096 0.00669371 0.00151265 4.90915e-05 0 0 0 0 0 0 0 0 0 0 0 0 0 0 0 0 0 0 0 
0 0 0 0 0 0 0 0 0 0 0 0 0 0 0 0 0 0 0 0 0 0 0 2.96193e-05 0.000345401 0.000634518 0.00392069 0.0132987 0.0275019 0.0234863 0.0189013 0.0220524 0.0252776 0.026839 0.0128147 0.000879579 0.000555911 0.00789686 0.0223835 0.0218166 0.0150005 0.0201268 0.0175746 0.0105166 0.000949303 0.00142469 0.000776147 0.000105532 0 0 0 0 0 0 0 0 0 0 0 0 0 0 0 0 0 0 0 0 0 
0 0 0 0 0 0 0 0 0 0 0 0 0 0 0 0 0 0 0 0 0 0 0 0 0 0 5.28958e-07 0.00142564 0.00509326 0.0036629 0.00393987 0.00602198 0.00758073 0.00946436 0.00398052 0.000180516 0 0.0012981 0.00776813 0.00653023 0.00393631 0.00525769 0.00313147 0.000941384 1.06387e-06 0 0 0 0 0 0 0 0 0 0 0 0 0 0 0 0 0 0 0 0 0 0 0 0 

