0 0 0 0 0 0 0 0 0 0 0 0 0 0 0 0 0 0 0 0 0 0 0 0 0 0 0 0 0 0 0 0 0 0.00063347 0.00135322 0.00114811 0.000890317 0.000409907 0.000423034 5.60004e-05 0 0 0 0 0 0 0 0 0 0 0 0 0 0 0 0 0 0 0 0 0 0 0 0 0 0 0 0 0 
0 0 0 0 0 0 0 0 0 0 0 0 0 0 0 0 0 0 0 0 0 0 0 0 0 1.85459e-05 0.000334426 0.00159934 0.00475743 0.00399028 0.00605314 0.000757695 0.000128946 0.0123192 0.0202898 0.0188691 0.0119548 0.00932471 0.00503426 0.00551972 0.00666837 0.00176785 4.56044e-05 0 0 0 0 0 0 0 0 0 0 0 0 0 0 0 0 0 0 0 0 0 0 0 0 0 0 
0 0 0 0 0 0 0 0 0 0 0 0 0 0 0 0 0 0 0 0 0 0 3.05254e-05 0.000420405 0.00165327 0.00469887 0.00428771 0.00772087 0.0106433 0.0130054 0.0149959 0.00759116 0.00414411 0.0203652 0.0239148 0.0244968 0.0178726 0.0203409 0.0127503 0.0134208 0.0123842 0.00978556 0.00193555 0 0 0 0 0 0 0 0 0 0 0 0 0 0 0 0 0 0 0 0 0 0 0 0 0 0 
0 0 0 0 0 0 0 0 0 0 0 0 0 0 0 0 0 0 0 0 0.000168882 0.00144685 0.00180655 0.00938523 0.00928483 0.0121135 0.016783 0.0154369 0.0131794 0.0142874 0.0124857 0.0148244 0.0173966 0.0220792 0.0228847 0.0243636 0.0218919 0.0234428 0.0148105 0.0112607 0.0195597 0.0190792 0.00584661 0 0 0 0.00010188 0.00114756 0 0 0 0 0 0 0 0 0 0 0 0 0 0 0 0 0 0 0 0 0 
0 0 0 0 0 0 0 0 0 0 0 0 0 0 0 0 0 0 0 0.0022983 0.00772425 0.00925035 0.010087 0.0142286 0.0093328 0.0142407 0.0171923 0.0241655 0.0206669 0.0245021 0.0239564 0.0200002 0.0207356 0.0240324 0.0265603 0.0223124 0.0264731 0.0181151 0.0179174 0.0170842 0.0190128 0.0190357 0.00726359 0.000408812 7.36677e-06 1.85902e-05 0.000152722 0.000426001 0.0018731 0.00191924 0.000438976 5.63648e-05 0 0 0 0 0 0 0 0 0 0 0 0 0 0 0 0 0 
0 0 0 0 0 0 0 0 0 0 0 0 0 0 0 0 3.7178e-05 0.0010379 0.00311903 0.0109414 0.0167567 0.0146776 0.0105822 0.0119605 0.0116545 0.01432 0.0145542 0.0216272 0.0174343 0.0265672 0.022575 0.022478 0.0228882 0.0246003 0.0210096 0.0241884 0.0313554 0.0156422 0.0100987 0.0193073 0.0136061 0.0161197 0.00944523 0.00154877 0.00185192 0.00211445 0.00408216 0.00197169 0.0152899 0.0141838 0.00261487 0.000589416 0 0 0 0 0 0 0 0 0 0 0 0 0 0 0 0 0 
0 0 0 0 0 0 0 0 0 0 0 0 0 0 0 0 0.00139238 0.00794828 0.0096739 0.0166396 0.0142559 0.0163221 0.0152223 0.0135565 0.0152387 0.0171187 0.0142681 0.0200741 0.0219982 0.029974 0.0249218 0.022044 0.0230508 0.0228739 0.0163538 0.0198794 0.0351966 0.0253175 0.00885919 0.0118089 0.00926326 0.0145089 0.0132793 0.00668608 0.0046745 0.0102192 0.00927519 0.00390506 0.00894667 0.0243543 0.00849182 0.00163401 0.00103445 0.000819433 0 0 0 0 0 0 0 0 0 0 0 0 0 0 0 
0 0 0 0 0 0 0 0 0 0 0 0 0 5.42891e-05 0.000743552 0.000933447 0.00314444 0.00954768 0.0102633 0.0110807 0.00958619 0.00604862 0.0113388 0.0168626 0.0202111 0.0207049 0.0152239 0.0145893 0.0271327 0.0373028 0.0315143 0.0330751 0.0286058 0.0208413 0.021318 0.023608 0.0303471 0.0224939 0.00703191 0.00798194 0.0103633 0.012067 0.0101793 0.00492612 0.006157 0.0168787 0.00933368 0.00852195 0.00947123 0.0160947 0.0156797 0.00519255 0.00480514 0.00372589 7.44346e-05 0 0 0 0 0 0 0 0 0 0 0 0 0 0 
0 0 0 0 0 0 0 0 0 0 0 0 6.35256e-05 0.00110619 0.00437339 0.0044825 0.00490612 0.00615514 0.00643573 0.00627293 0.00461031 0.0124941 0.0148363 0.0134352 0.0181964 0.0213381 0.0141285 0.0121328 0.0167724 0.0234953 0.028045 0.0388202 0.0358501 0.0194551 0.0205945 0.0231918 0.0207535 0.0184073 0.00838594 0.0125328 0.0178755 0.0101128 0.00988723 0.00747201 0.00451243 0.00506304 0.00771914 0.00677597 0.00998262 0.00704518 0.0165596 0.0163957 0.0128234 0.00565086 0.00239154 8.78854e-05 0.00045219 0.000293257 0 0 0 0 0 0 0 0 0 0 0 
0 0 0 0 0 0 0 0 0 0 0 0.000186268 0.0029854 0.0058342 0.00545898 0.00629763 0.00644592 0.00618588 0.0113991 0.0121967 0.0140206 0.0119708 0.014315 0.0184631 0.0239705 0.0243788 0.0152848 0.01483 0.0130513 0.0180529 0.0247114 0.0299344 0.0295413 0.0196628 0.0228141 0.0238524 0.0230893 0.0185755 0.0140014 0.0117948 0.0178681 0.0130995 0.0109154 0.00603825 0.00502546 0.00752024 0.0138731 0.0133607 0.00921593 0.00366897 0.0104737 0.0152313 0.0231135 0.0183544 0.00729292 0.00324763 0.00613437 0.00480526 0.000883891 0 0 0 0 0 0 0 0 0 0 
0 0 0 0 0 0 0 0 0 0 0.000240037 0.00310182 0.0109082 0.0158909 0.00811001 0.0118641 0.0157022 0.00959701 0.0138439 0.0188555 0.028264 0.0196068 0.0151821 0.0228686 0.0286908 0.0265953 0.0204864 0.0181147 0.0151829 0.0167307 0.0209463 0.0218174 0.0246966 0.0235718 0.0200091 0.0202444 0.0268666 0.0300255 0.0195003 0.016797 0.0186082 0.0101795 0.00804488 0.00926111 0.0101043 0.012483 0.0115417 0.0104435 0.00411153 0.00465788 0.007378 0.0145605 0.0151229 0.0208206 0.0149564 0.0115916 0.025701 0.0264236 0.00682916 0.000422674 0 0 0 0 0 0 0 0 0 
0 0 0 0 0 0 0 0 0 0 0.00191419 0.00910288 0.00884123 0.00836787 0.00320994 0.0057761 0.0140504 0.0127712 0.0142048 0.0241468 0.0324068 0.021639 0.0142579 0.0211471 0.0232857 0.0219078 0.0235877 0.0202756 0.0219749 0.0190187 0.0225325 0.0266325 0.0253585 0.0230911 0.024547 0.0255323 0.0271985 0.0241375 0.0193577 0.0172158 0.0175967 0.0114315 0.00778144 0.0101049 0.00962517 0.0121149 0.0141538 0.0108896 0.00986559 0.00845093 0.00792649 0.00865306 0.0155208 0.0203435 0.0176773 0.0150916 0.0157557 0.040331 0.0144778 0.00271972 0.00014932 0 0 0 0 0 0 0 0 
0 0 0 0 0 0 0 0 0 0 0.000229497 0.00130214 0.00238613 0.00749283 0.0130748 0.00743299 0.0108279 0.0173057 0.0213784 0.0230334 0.0255015 0.0240729 0.0177522 0.0178423 0.0188965 0.0181102 0.0205176 0.0239252 0.0267629 0.0233932 0.024986 0.0289464 0.0252393 0.0259286 0.0222392 0.0226396 0.0269211 0.0161679 0.0204365 0.0222949 0.0187121 0.0170765 0.0140562 0.0128488 0.0149703 0.0239033 0.025616 0.0185901 0.0155044 0.0195687 0.0151909 0.0126765 0.0155217 0.0209771 0.0174364 0.0142636 0.0132771 0.0331035 0.0263493 0.0119026 0.00188809 0.000151223 0 0 0 0 0 0 0 
0 0 0 0 0 0 0 0 0.0001142 0.0010254 0.00144021 0.00499399 0.00399288 0.0104648 0.0167844 0.0128422 0.00835115 0.0211449 0.0211367 0.0214167 0.022124 0.0219717 0.0183092 0.0204399 0.0213199 0.0171313 0.0163386 0.0211336 0.0248713 0.0267058 0.029424 0.029871 0.0222474 0.0219863 0.0247878 0.0241763 0.0217836 0.0159955 0.0236001 0.0211746 0.0202678 0.0224279 0.0137017 0.0179621 0.0176482 0.0198142 0.028537 0.0250634 0.0185061 0.0217067 0.0178411 0.0199085 0.0241883 0.026344 0.0205295 0.0137401 0.0123854 0.0243285 0.0461658 0.0531154 0.0206791 0.00459246 1.93633e-05 0 0 0 0 0 0 
0 0 0 0 0 0 0 0 0.000404196 0.0012242 0.00209623 0.00403137 0.00403424 0.012611 0.0156795 0.0158849 0.0104333 0.0228453 0.032008 0.0216304 0.0168546 0.0178046 0.0197822 0.0226066 0.0184572 0.0152108 0.0172595 0.0202789 0.0236224 0.0298732 0.0256383 0.0286166 0.027729 0.0234587 0.0286737 0.027086 0.0213969 0.0195957 0.0269905 0.0184019 0.0179386 0.0233784 0.0175987 0.0130056 0.0195733 0.0241732 0.0326868 0.0295019 0.0177891 0.019859 0.0225731 0.0211126 0.0241094 0.0161341 0.0146154 0.0200069 0.0134311 0.0191047 0.0465466 0.0612437 0.0433894 0.0139536 0.00028196 0 0 0 0 0 0 
0 0 0 0 0 0 0 3.47309e-05 0.00108145 0.00314212 0.00627148 0.00778815 0.0154021 0.0178914 0.0182268 0.0205919 0.0164997 0.0181113 0.0352471 0.0265899 0.0223531 0.0188725 0.018166 0.0177527 0.021546 0.021228 0.0195089 0.0251464 0.0234887 0.0270565 0.0209803 0.026145 0.0304418 0.0299179 0.0240678 0.0259617 0.0239937 0.015554 0.0211927 0.0164188 0.0166559 0.0269747 0.0297787 0.0219248 0.0201827 0.0301257 0.0226825 0.0169968 0.0202198 0.0215959 0.0171042 0.0190735 0.0212646 0.0241101 0.0168591 0.015377 0.0135961 0.0172817 0.0354076 0.0417863 0.0366707 0.0118975 0.000196652 0 0 0 0 0 0 
0 0 0 0 0 0 0.000151775 0.000950802 0.00373279 0.00856825 0.0184686 0.0233579 0.0183981 0.0137553 0.0210016 0.0234193 0.0153936 0.0114465 0.02627 0.0309498 0.0290556 0.0267241 0.020304 0.0129919 0.0171175 0.024002 0.0229984 0.0171123 0.0204269 0.0215074 0.0198509 0.0248789 0.0229209 0.0220347 0.02232 0.0241074 0.0228602 0.0178923 0.0146395 0.011735 0.0197417 0.034371 0.041521 0.0245391 0.0204312 0.0260065 0.0190115 0.0172144 0.0174453 0.0223051 0.0179792 0.0190122 0.0276504 0.0286904 0.034679 0.0313471 0.0280079 0.019265 0.0254459 0.0294603 0.0243581 0.00765776 0.000234026 0 0 0 0 0 0 
0 0 0 0 0 6.53586e-05 0.00171561 0.00645514 0.0169079 0.0198718 0.0235113 0.0277798 0.0171698 0.012856 0.01719 0.019254 0.0126103 0.00949469 0.0214998 0.0228685 0.0337204 0.0272607 0.024378 0.0190096 0.0195031 0.0256002 0.0321596 0.0206835 0.0238524 0.0251423 0.021505 0.0244226 0.0265214 0.0175515 0.0165548 0.0215175 0.0243157 0.0202748 0.0176702 0.00929445 0.016391 0.0295567 0.0287211 0.0230602 0.020746 0.02264 0.0194281 0.0255596 0.0244659 0.0234036 0.0267704 0.018881 0.0242802 0.0369774 0.052329 0.0408219 0.0365314 0.0251213 0.0178145 0.02956 0.0171456 0.00440232 0.001209 0.000556069 0 0 0 0 0 
0 0 0 0 0 0.00193746 0.0105677 0.0180189 0.028019 0.0263731 0.0226975 0.0250892 0.0188959 0.0185337 0.0222993 0.0168695 0.00908091 0.00915625 0.0202712 0.0230457 0.0273114 0.0321308 0.0272296 0.0225336 0.0280266 0.0278987 0.0279519 0.0256588 0.0228902 0.0237353 0.0284967 0.0225882 0.0218797 0.0140161 0.0189842 0.0198041 0.0161814 0.0276129 0.0605107 0.0225827 0.0213638 0.0320367 0.0255057 0.0220858 0.0133054 0.0221069 0.0238966 0.0280315 0.033593 0.0289845 0.0333656 0.0229146 0.0245486 0.0368932 0.0328486 0.0374374 0.0336888 0.0329733 0.035712 0.0327084 0.0151319 0.00682952 0.00784192 0.00332067 3.22536e-06 0 0 0 0 
0 0 0 0 0 0.00447123 0.0199033 0.0200707 0.0290965 0.0288404 0.0221328 0.0268721 0.0231892 0.0263741 0.0247247 0.019176 0.0158764 0.0111854 0.0223999 0.0276838 0.0238526 0.0224162 0.0216371 0.022953 0.0261725 0.0261731 0.0283961 0.0274258 0.0272451 0.0233948 0.0203315 0.023868 0.020462 0.0144888 0.0217795 0.0242562 0.0201195 0.02332 0.0345815 0.0299103 0.0265694 0.0209746 0.0287134 0.0273085 0.015501 0.0221068 0.0205009 0.0235201 0.0292544 0.0308125 0.0287907 0.0184743 0.0192172 0.0284497 0.024733 0.0223104 0.028201 0.0442929 0.0436367 0.0341491 0.0119911 0.00999378 0.0112182 0.00870261 0.000987434 1.43602e-05 0 0 0 
0 0 0 0 0 0.000935197 0.0156998 0.0255586 0.0209949 0.0236485 0.0237805 0.0374069 0.0408891 0.0348856 0.0307981 0.0280154 0.0242418 0.0224121 0.0227148 0.0231661 0.0195284 0.0273511 0.027879 0.0250238 0.0220398 0.0277187 0.0264026 0.0263544 0.027684 0.0218295 0.020525 0.0262417 0.0219184 0.0191013 0.0179712 0.0246599 0.0215842 0.0237199 0.028913 0.0249504 0.0196795 0.0203776 0.0225046 0.0216723 0.0190055 0.0222419 0.0183153 0.0205875 0.0233979 0.0211674 0.0194323 0.0180866 0.020731 0.016338 0.0197873 0.0213568 0.0278921 0.0229228 0.0400295 0.0337993 0.010657 0.00923146 0.0130902 0.0126282 0.00484911 0.00183419 0.000219346 0 0 
0 0 0 0 0 0.00472025 0.016167 0.021143 0.0135322 0.0238834 0.0259832 0.0303648 0.0588765 0.0707947 0.026116 0.0263824 0.027578 0.0233595 0.0186516 0.0203037 0.0240371 0.0293512 0.0273854 0.0257885 0.0192527 0.025414 0.0242811 0.0235806 0.0269236 0.0271192 0.0239659 0.0282923 0.0236271 0.0173902 0.0182657 0.0233116 0.0176102 0.0192005 0.0286345 0.0274778 0.0209386 0.0151795 0.014398 0.0181378 0.016233 0.0187535 0.0232519 0.0183223 0.0218095 0.0189653 0.0182649 0.01518 0.0149416 0.0179154 0.0206364 0.0220432 0.021189 0.0201699 0.0226423 0.0187343 0.0176104 0.0111822 0.0152917 0.0215636 0.0110764 0.00757189 0.00124169 0 0 
0 0 0 0 5.43453e-07 0.00680597 0.0188872 0.0184261 0.0246898 0.0217055 0.0191582 0.0225926 0.0454477 0.0707089 0.0299822 0.0261316 0.0241116 0.0185613 0.0228164 0.0265288 0.0243316 0.0285298 0.0238327 0.0171241 0.015377 0.0249146 0.0196011 0.0285752 0.0208427 0.0193772 0.0261371 0.0251683 0.025255 0.015963 0.0165291 0.0213542 0.0236728 0.0259932 0.0249901 0.0229766 0.0213986 0.0180973 0.0216127 0.0191209 0.025106 0.0188846 0.0227246 0.0156583 0.0208161 0.027743 0.0197009 0.0193841 0.0234619 0.0245286 0.0302398 0.0224267 0.0266329 0.0221119 0.021872 0.0179883 0.0173198 0.013535 0.0179702 0.0295945 0.0163703 0.0137255 0.00519037 8.79301e-05 0 
0 0 0 0 1.64726e-05 0.00327303 0.00749666 0.0118062 0.0220322 0.0208329 0.0170304 0.0203947 0.0268846 0.0311364 0.0268948 0.0265986 0.0219799 0.0146113 0.0177995 0.0213197 0.0172877 0.0176377 0.020912 0.0226263 0.0215183 0.0226335 0.0204805 0.0320142 0.0285352 0.0210119 0.0234067 0.0317547 0.0234283 0.0197345 0.0188278 0.0241151 0.0338502 0.0296601 0.0226234 0.0146985 0.0155785 0.0196297 0.0238309 0.0249261 0.0194819 0.0181669 0.0181751 0.0151075 0.0164422 0.0257167 0.0214373 0.013505 0.0229635 0.0262607 0.0296279 0.0215071 0.0231465 0.019482 0.0253656 0.020884 0.0212848 0.0154366 0.0200729 0.0242894 0.0190789 0.0175409 0.0126484 0.00104527 0 
0 0 3.50447e-05 0.00149003 0.004234 0.0055681 0.00565573 0.00967576 0.00829999 0.00939459 0.0130704 0.0149716 0.0200614 0.0222941 0.0207622 0.0194147 0.0208738 0.0151721 0.0162873 0.0205249 0.01496 0.0172569 0.0215145 0.0245795 0.0165731 0.0164281 0.019264 0.0240354 0.0227289 0.0194388 0.0260111 0.0366522 0.0364816 0.0409015 0.0273873 0.0260081 0.0333834 0.024651 0.0240223 0.0166414 0.0248591 0.0165386 0.0168535 0.020842 0.0168233 0.0206584 0.0188532 0.0178367 0.017726 0.0196513 0.0195257 0.0211242 0.019201 0.0245839 0.0438657 0.0273467 0.0264088 0.0325801 0.0372599 0.0298002 0.0397147 0.0338525 0.0257955 0.0175376 0.020242 0.0164954 0.0177965 0.00448874 0 
0 6.57732e-05 0.00168483 0.0074292 0.012002 0.0132411 0.00945255 0.00873728 0.00898858 0.00923794 0.0139822 0.0141373 0.0182246 0.0174723 0.0234631 0.0213951 0.0205998 0.0251842 0.0202403 0.021854 0.0157757 0.0138806 0.0192463 0.0194818 0.0179535 0.0185029 0.0254386 0.024883 0.0187849 0.0220077 0.0248732 0.0293827 0.0311233 0.0263017 0.0217405 0.0277328 0.0270929 0.0262812 0.021378 0.0190001 0.0175373 0.0162118 0.0173043 0.015968 0.0198761 0.0248274 0.0181069 0.019091 0.0190769 0.0201718 0.0170992 0.0234178 0.0224876 0.0200337 0.0439862 0.0214996 0.0289937 0.034459 0.0279014 0.023897 0.0503515 0.0415484 0.0238851 0.0252368 0.0216362 0.0141707 0.0230272 0.00755079 0 
0 0.000554244 0.00783945 0.0130731 0.0161305 0.0180083 0.0138294 0.00964628 0.0147391 0.0150543 0.0157888 0.0174693 0.0186028 0.0170593 0.019843 0.0233132 0.0266857 0.0518274 0.0428182 0.0241684 0.0162856 0.0148055 0.0169847 0.0253024 0.0237903 0.0271513 0.0266115 0.0248834 0.0226746 0.0255858 0.0177672 0.0247794 0.025515 0.0259889 0.0234896 0.0305304 0.0208733 0.0168237 0.0209445 0.0222533 0.0160109 0.0155538 0.0157798 0.0150155 0.0216027 0.0203786 0.0242919 0.0254214 0.0253675 0.0202167 0.0178355 0.0227286 0.0231187 0.0200299 0.0288236 0.0252125 0.0321486 0.0315098 0.0204415 0.0224738 0.0281314 0.0309093 0.0275394 0.0317667 0.0158639 0.0121621 0.0227756 0.00940674 0.000305175 
0 0.00104245 0.00725433 0.0141485 0.0194694 0.0230321 0.0114023 0.0106348 0.0147504 0.0128138 0.0132524 0.0142858 0.0225443 0.0229512 0.0247958 0.0254397 0.0405 0.0779626 0.0660965 0.0293231 0.017028 0.0205833 0.0208326 0.0207628 0.0252938 0.0249045 0.0202905 0.0179608 0.0134425 0.0210946 0.0224354 0.0262579 0.0215495 0.0189753 0.0274357 0.0384546 0.0275122 0.0134505 0.0192455 0.0268929 0.0259306 0.0287907 0.0307871 0.0209769 0.0196565 0.0158465 0.0251216 0.0319797 0.0268144 0.0198627 0.0202831 0.0192596 0.0196453 0.0218759 0.0211583 0.0253946 0.035281 0.0268794 0.0217364 0.0235487 0.0212688 0.0257322 0.0249307 0.0316276 0.0226977 0.0140259 0.0196458 0.0124452 0.00128905 
0 6.80397e-05 0.00164124 0.00818739 0.0232917 0.0212205 0.00965574 0.0123987 0.0152826 0.0192372 0.0160633 0.014659 0.0173155 0.0263811 0.019642 0.0211887 0.0330401 0.0381689 0.037038 0.022393 0.0237387 0.0215685 0.0197406 0.0187632 0.0169293 0.0211562 0.0166422 0.0199105 0.0201863 0.023605 0.0272367 0.0239944 0.014354 0.0167203 0.020642 0.0438043 0.0348671 0.0161092 0.0259036 0.0312496 0.0336594 0.0296901 0.0432632 0.0398721 0.0399871 0.0295887 0.0285163 0.0293281 0.028145 0.0234923 0.0165019 0.0144555 0.0182073 0.0227404 0.0239386 0.0185661 0.0238357 0.0269288 0.0271645 0.0310921 0.0230495 0.0165587 0.0184935 0.0250234 0.0233104 0.0203491 0.020344 0.0116675 0.00129893 
0 0.00023147 0.00447067 0.0103962 0.0183315 0.0146098 0.0145304 0.0148175 0.0206005 0.0215251 0.0177335 0.0112428 0.0104273 0.0194308 0.023172 0.0249466 0.0263833 0.0192762 0.0224382 0.0249447 0.0227282 0.0167841 0.0189037 0.0174446 0.0144427 0.0194982 0.0303723 0.0229136 0.0218212 0.0281455 0.0264781 0.0267139 0.0149701 0.0156944 0.0237425 0.0298295 0.0305614 0.0178235 0.0352901 0.0315827 0.044026 0.0430501 0.0335892 0.0387168 0.0426476 0.0453045 0.0292256 0.031527 0.039688 0.0340519 0.0202576 0.0156725 0.0186903 0.017116 0.0246254 0.0192389 0.0200638 0.0235159 0.0299831 0.032813 0.0250511 0.0158805 0.0139547 0.0176727 0.0219007 0.02447 0.0163745 0.00927347 0.00209931 
0 0.000536009 0.00516583 0.0115001 0.0082323 0.0115398 0.0221567 0.0234016 0.0276003 0.0278404 0.024497 0.0162873 0.0187594 0.0160282 0.0220783 0.0221022 0.0261014 0.0206114 0.0180251 0.0193504 0.0242477 0.0260851 0.023547 0.0134095 0.0142226 0.0231477 0.0283203 0.0263165 0.0223895 0.0239445 0.0228026 0.0219829 0.0129239 0.015357 0.0287459 0.0249639 0.0292526 0.0216444 0.0382884 0.038155 0.0344122 0.0369616 0.0394909 0.0385898 0.0235726 0.0286365 0.0303439 0.032655 0.0442881 0.0346967 0.01564 0.013439 0.022934 0.0188715 0.0220572 0.0225958 0.0213111 0.0298012 0.0322787 0.0287354 0.0158302 0.0153311 0.0145943 0.0137394 0.016928 0.0243739 0.0173677 0.0103896 0.00183297 
0 0.000436222 0.00268549 0.00488382 0.00668985 0.0157682 0.0278694 0.0277992 0.0238079 0.0285566 0.023369 0.0223288 0.0201909 0.0174459 0.0241939 0.0207785 0.0233752 0.0206007 0.0184694 0.0156604 0.01924 0.0195096 0.0197638 0.0137694 0.0184713 0.0232086 0.0317621 0.03214 0.0226065 0.0236725 0.0182421 0.0122856 0.016332 0.0184013 0.0207569 0.0190863 0.0368992 0.0224929 0.0267383 0.0304043 0.0333408 0.0335878 0.042777 0.0391776 0.0339103 0.0309396 0.0304383 0.0333949 0.0316527 0.0310832 0.0157809 0.0219842 0.0222833 0.0236108 0.0229414 0.024661 0.0190598 0.0242495 0.0262655 0.022896 0.0180753 0.0133171 0.0109297 0.0129372 0.0154143 0.0200126 0.0152402 0.00989602 0.00259797 
9.62934e-06 8.91238e-05 0.00250831 0.00199289 0.00329276 0.0141619 0.0263582 0.0326759 0.0204679 0.019192 0.0233579 0.0236347 0.0192681 0.0157519 0.0243821 0.0192567 0.0219318 0.0211982 0.0206035 0.0217043 0.0178838 0.016677 0.0184489 0.021274 0.0148067 0.0232061 0.0252588 0.021591 0.0147866 0.0172432 0.0170072 0.0200465 0.0227775 0.0174655 0.0230992 0.0296969 0.0334992 0.0275768 0.0272773 0.0316645 0.0326328 0.0219172 0.0253152 0.0256058 0.0343018 0.0482753 0.0329658 0.0378227 0.0328721 0.0257007 0.0172205 0.0200982 0.0174936 0.0216708 0.0246326 0.0209584 0.0205838 0.0196587 0.0221319 0.0187017 0.0158001 0.0116427 0.0104396 0.0156023 0.0210416 0.0203402 0.0148843 0.00885999 0.0026307 
0.000108008 0 0.000124755 0.000403282 0.0034411 0.0180885 0.0290717 0.0269214 0.0270193 0.0249083 0.0251016 0.022249 0.0202705 0.0275835 0.0271168 0.018349 0.0212259 0.0222691 0.0231774 0.0163825 0.018834 0.0176285 0.0213925 0.0158164 0.0135258 0.0144219 0.0232811 0.0169969 0.0168636 0.0195183 0.0206741 0.0284034 0.0320689 0.0297527 0.025092 0.0366745 0.0517869 0.0372509 0.0374931 0.0494855 0.0378385 0.024525 0.0168721 0.0149416 0.0214144 0.0445124 0.0322024 0.0384108 0.0323718 0.0242442 0.0194119 0.0201045 0.0186545 0.0197558 0.0296487 0.019484 0.0164956 0.0194603 0.0178298 0.0179032 0.00919239 0.00759418 0.010809 0.0152575 0.0183392 0.0168964 0.0138956 0.00394388 0.000117938 
0 0.00024868 0.000914393 0.00265779 0.0107654 0.0215102 0.028217 0.0291591 0.0286571 0.0284601 0.0333188 0.0261952 0.0212789 0.0245659 0.0286293 0.0246338 0.0238166 0.0214022 0.0222376 0.0203348 0.0175184 0.0180128 0.0196649 0.0200921 0.0179958 0.0147531 0.0220701 0.0254632 0.0233336 0.0238303 0.0229012 0.0204548 0.0282691 0.0387043 0.0292644 0.0527367 0.0573993 0.0706607 0.0630842 0.065837 0.063249 0.0293032 0.0186136 0.0170025 0.0188666 0.0225235 0.0307872 0.0310816 0.0256581 0.0156715 0.0158728 0.0156871 0.0196198 0.0243419 0.0291825 0.0189552 0.0189757 0.0168589 0.0181967 0.0134733 0.0111334 0.00684792 0.00901768 0.0103821 0.0135875 0.0131103 0.00782072 0.00204747 0 
5.83676e-05 0.00435969 0.0105118 0.0148104 0.0202172 0.0249289 0.0285402 0.0255132 0.0313545 0.0259472 0.0223554 0.0154344 0.0163152 0.0188122 0.0210794 0.0214951 0.0226416 0.0210286 0.0208579 0.0172273 0.0147292 0.0174759 0.0148169 0.0145972 0.0134642 0.0151981 0.023902 0.0216503 0.0193809 0.0239718 0.031419 0.0254885 0.0345274 0.0353984 0.0264761 0.024035 0.0225598 0.0296998 0.0264596 0.0296538 0.0441935 0.0295402 0.0226588 0.0192728 0.0199258 0.0219677 0.02918 0.0272617 0.0203324 0.0267744 0.0193676 0.0203045 0.0218004 0.0263741 0.0339839 0.0380475 0.025489 0.0176305 0.0214131 0.0178047 0.0113393 0.0166929 0.0139212 0.0119483 0.0107068 0.011247 0.00537643 0.00248253 0.000430391 
0.00114201 0.0113243 0.0178902 0.020663 0.0215783 0.0222244 0.0275205 0.0226499 0.0254391 0.0203965 0.023369 0.0171665 0.0161931 0.0235674 0.0214525 0.0285307 0.0266088 0.0228458 0.0185315 0.0222613 0.0207444 0.0176506 0.014905 0.0172358 0.017465 0.018323 0.0219323 0.0257895 0.0227589 0.0211539 0.0259601 0.0270494 0.0338672 0.0255737 0.0184987 0.0219835 0.016262 0.0171437 0.0182037 0.0184147 0.0200473 0.024082 0.024438 0.0181285 0.0142391 0.0205503 0.0261442 0.0246412 0.0262721 0.026561 0.0183955 0.0207053 0.0169345 0.021926 0.0249861 0.0339049 0.0225593 0.0191547 0.0226167 0.0202472 0.011069 0.0146143 0.0148609 0.0127118 0.00656026 0.00627453 0.00697143 0.00784717 0.000614541 
0.000388415 0.00838112 0.0164974 0.0157206 0.0120263 0.0123915 0.0213296 0.0201291 0.021895 0.0248905 0.022992 0.021438 0.0237323 0.0206534 0.0215908 0.020004 0.0167309 0.0174222 0.0172161 0.0148324 0.014813 0.0184985 0.0203711 0.0118434 0.0187684 0.01931 0.0250628 0.0248841 0.027291 0.0215292 0.0202287 0.0187301 0.0228915 0.0175882 0.0172719 0.016694 0.0169132 0.0130365 0.0186542 0.0152075 0.0171878 0.0189529 0.022829 0.0192174 0.0164502 0.0270382 0.0294333 0.0260714 0.0237395 0.0267196 0.0194148 0.0213901 0.0183911 0.0156857 0.019513 0.0174064 0.0180544 0.019887 0.020133 0.0125928 0.00403604 0.0127001 0.0222961 0.0184314 0.018241 0.0169471 0.0134879 0.00900609 0.000288639 
0.00012076 0.00794213 0.0186208 0.00729266 0.00464001 0.00698714 0.0216724 0.022684 0.0282578 0.0276393 0.0285374 0.0219959 0.0211353 0.0260504 0.0271334 0.0212874 0.0154319 0.0161245 0.0146708 0.0173951 0.013236 0.0183604 0.0180828 0.0150662 0.0184166 0.0175107 0.0151409 0.0202947 0.0223974 0.0172144 0.0150126 0.0149387 0.0204758 0.018485 0.0213214 0.0140485 0.0187535 0.0152319 0.0176444 0.0198635 0.0204716 0.0181308 0.0209515 0.0164436 0.018445 0.0313088 0.0295532 0.0259233 0.0286158 0.0279779 0.0245038 0.0186152 0.0186096 0.0122345 0.0177351 0.0166225 0.0171434 0.019968 0.0160088 0.0136944 0.00343698 0.00644089 0.00996948 0.0155422 0.0181158 0.0163766 0.0106103 0.00273848 1.62659e-06 
6.72914e-05 0.00744269 0.0130437 0.0094507 0.00880971 0.00794228 0.0124618 0.0155574 0.0248456 0.0258626 0.0282824 0.0260482 0.0284909 0.0355881 0.0285008 0.0159818 0.0162161 0.0208126 0.0226742 0.0218358 0.01967 0.0192234 0.0157962 0.0152875 0.0189269 0.0177644 0.0164119 0.021365 0.0207421 0.0190789 0.0207285 0.0157203 0.0205495 0.0196809 0.0167366 0.0148037 0.0161825 0.0227821 0.0254153 0.01501 0.0157192 0.0198334 0.0224841 0.0152572 0.0145066 0.0437833 0.0343098 0.0225125 0.026618 0.0244691 0.0198128 0.0172279 0.0158138 0.0204216 0.0187336 0.0130862 0.0182459 0.0217508 0.0162656 0.0150327 0.0127762 0.0127353 0.0112811 0.00962116 0.0101853 0.0141146 0.011154 0.00421463 2.67974e-05 
3.47982e-05 0.00669035 0.0142066 0.0118545 0.0179372 0.0123827 0.0180957 0.0110753 0.00958266 0.0108208 0.0203274 0.0252176 0.0234138 0.0360513 0.0242924 0.0196573 0.0286613 0.0291804 0.0288376 0.0194884 0.0205065 0.0217643 0.0140329 0.0185326 0.0187515 0.0171948 0.0172605 0.0203478 0.0200402 0.0166361 0.0176201 0.0173571 0.0188216 0.022274 0.0159642 0.0144681 0.0178403 0.0186277 0.0165005 0.0147964 0.0147174 0.0119589 0.0155078 0.0168298 0.0152439 0.0472286 0.0522908 0.0289812 0.0192019 0.0226588 0.0197069 0.0164833 0.0127304 0.0210875 0.0194525 0.0111659 0.0224441 0.0244208 0.0189249 0.016809 0.0180892 0.0180579 0.0101186 0.0125909 0.0155719 0.016934 0.0144738 0.0071974 0.000748966 
0 0.00208185 0.0060829 0.0077218 0.0121095 0.0156037 0.0207114 0.0189557 0.0127395 0.00545996 0.0135117 0.0201182 0.0259137 0.0317982 0.0282445 0.0203099 0.0239238 0.0311906 0.0275436 0.018433 0.0160025 0.0157317 0.0155059 0.0233525 0.0141225 0.0182293 0.0184251 0.0246538 0.0252136 0.022035 0.0177789 0.0210257 0.018482 0.0247084 0.0176596 0.0131302 0.0199442 0.0175397 0.0219444 0.0189295 0.015294 0.00902121 0.0111931 0.011545 0.0148611 0.0209777 0.0273859 0.0269399 0.0284117 0.0239889 0.0168092 0.0201487 0.0195911 0.015588 0.017071 0.0169307 0.0199496 0.0172131 0.0194161 0.0168759 0.018691 0.0203647 0.0151762 0.0237246 0.0224574 0.0177884 0.0144493 0.0087105 0.00221039 
0 0.00112376 0.00900742 0.00922257 0.00657651 0.0128634 0.0174177 0.0178056 0.00386209 0.000960664 0.00962998 0.0211588 0.0209744 0.0238907 0.0242803 0.0169162 0.0232514 0.0255341 0.0295829 0.0204129 0.0191613 0.0173733 0.0173647 0.0213834 0.020976 0.0159591 0.0190307 0.0258684 0.0238567 0.0169419 0.0163175 0.0189411 0.0173468 0.0258264 0.0173962 0.0155625 0.0232213 0.0222498 0.032788 0.02652 0.0251558 0.024491 0.0219759 0.0185924 0.0206093 0.0276428 0.0347814 0.0286334 0.0201867 0.0166332 0.0175902 0.0210985 0.0154256 0.0108037 0.0155389 0.0113259 0.0136998 0.0153949 0.0225931 0.0272365 0.0233242 0.0244435 0.0175742 0.0163547 0.0156869 0.0162234 0.0106429 0.00377189 0.000609598 
0 0.000457244 0.00581398 0.0130004 0.0110133 0.0124856 0.0153463 0.00713087 0.000580778 0.000508846 0.00616578 0.0151501 0.0177032 0.0230525 0.0257737 0.0224676 0.0179326 0.0148597 0.0237969 0.0256408 0.0208564 0.0203663 0.0293294 0.0234277 0.0212721 0.0175836 0.0189626 0.0272764 0.0317306 0.0205156 0.0114949 0.0130732 0.0207635 0.0240394 0.0211237 0.0200274 0.0186951 0.0196978 0.0258894 0.0207196 0.0277206 0.0279137 0.0268591 0.0244233 0.028575 0.0326448 0.0214898 0.0172 0.0173337 0.0180187 0.0156402 0.0195324 0.0125169 0.0150653 0.0105989 0.0136021 0.0143802 0.0159799 0.0178371 0.0211425 0.0207568 0.0212213 0.0113315 0.0164712 0.0174756 0.0141755 0.00910361 0.00355641 0.000107726 
0 0 0.000323426 0.00419772 0.0114758 0.00896076 0.00391195 0.00256009 0.005777 0.00263761 0.00497085 0.0165211 0.0230389 0.0302864 0.0315247 0.0324768 0.0255439 0.0172228 0.0215832 0.0347435 0.0429672 0.0525185 0.0351382 0.0263973 0.0228146 0.0213642 0.0216653 0.019081 0.0230881 0.0173487 0.0136581 0.0147126 0.0125151 0.0232876 0.0194189 0.0220667 0.021714 0.019323 0.0178395 0.0242582 0.0301696 0.0222376 0.0205646 0.0129478 0.0162033 0.0146754 0.00950038 0.00942185 0.0136986 0.0167568 0.0149654 0.0107292 0.0124899 0.0164877 0.0214136 0.0167699 0.0152381 0.0191347 0.0171991 0.0164282 0.0152532 0.0127117 0.0130665 0.0145591 0.0143691 0.0083556 0.00804237 0.00234859 0 
0 0 0 0.000338281 0.00156691 0.000672124 0.00559978 0.0121933 0.0146066 0.00698664 0.00542918 0.0142894 0.026219 0.028754 0.0408704 0.0514748 0.0344456 0.0275523 0.027365 0.0378239 0.0696499 0.0810822 0.0357461 0.0242601 0.0210424 0.0206679 0.0150957 0.0145558 0.0152995 0.0153725 0.013266 0.0152929 0.0141017 0.0218751 0.0214929 0.0221452 0.0226449 0.0222434 0.0152032 0.0230601 0.0239322 0.0221013 0.0162302 0.0123612 0.00602851 0.00260335 0.00424173 0.00465804 0.00584949 0.00801978 0.0107526 0.013445 0.0188124 0.0121584 0.0181271 0.0163867 0.0106331 0.0138699 0.0249157 0.017808 0.0160083 0.0173971 0.018446 0.0189645 0.0164526 0.0203825 0.0110229 0.00110189 0 
0 0 0 0 1.83335e-05 0.00254284 0.0145659 0.0189941 0.0189896 0.0168748 0.0077844 0.00665128 0.0158485 0.0229192 0.0278197 0.0324599 0.0338796 0.0218253 0.0228901 0.025877 0.0335181 0.0352667 0.0265297 0.029019 0.0210368 0.0172068 0.0168233 0.0218887 0.0191356 0.0245889 0.0183111 0.0135728 0.0104466 0.0155704 0.0203568 0.0183037 0.021808 0.0244373 0.0215502 0.0165682 0.019016 0.0209791 0.0181935 0.0101759 0.00908511 0.00608799 0.00573678 0.00566575 0.00766408 0.00900691 0.00800131 0.0151807 0.023929 0.0179196 0.0181514 0.0243658 0.018899 0.0169144 0.0251733 0.0220084 0.0193164 0.0190306 0.0122532 0.00597826 0.0102426 0.0145293 0.00682214 0.000870497 0 
0 0 0 0 0.00206049 0.00971746 0.0192957 0.0129048 0.014244 0.0221863 0.0170617 0.0116822 0.0129635 0.0170506 0.0224858 0.0236285 0.0285514 0.0216431 0.0172626 0.021914 0.022 0.0193415 0.0249735 0.028112 0.0306351 0.0194537 0.0247661 0.0266997 0.0231962 0.0208765 0.0283886 0.0178452 0.0117453 0.0153809 0.0179536 0.0162585 0.0204358 0.0279225 0.0287486 0.0230776 0.0153747 0.014142 0.0198449 0.0115076 0.016252 0.0188521 0.0143056 0.017093 0.0201481 0.018789 0.0124805 0.0138376 0.0176486 0.0196671 0.0181224 0.0247779 0.0213573 0.0181242 0.012826 0.0144084 0.0104469 0.00714286 0.00578017 0.00237314 0.00251065 0.0015167 0.000716396 0 0 
0 0 0 0 0.00263692 0.0145337 0.0136072 0.00486348 0.0117665 0.0228962 0.0252382 0.0164666 0.0163874 0.018604 0.022043 0.0275992 0.0228162 0.0210651 0.0170367 0.0158549 0.016323 0.0162216 0.0265665 0.0328537 0.0281923 0.0210287 0.0318201 0.0261323 0.0278846 0.0202024 0.0295722 0.0225459 0.0184877 0.0180458 0.0167857 0.0250266 0.0224977 0.0229078 0.0198994 0.0191587 0.0157737 0.0115381 0.0178432 0.00978914 0.0170061 0.0232184 0.0296343 0.0385276 0.022241 0.0224934 0.0196299 0.0150081 0.0163127 0.0187354 0.0271505 0.0292471 0.0285029 0.0272676 0.012817 0.00826697 0.00525369 0.0105011 0.0188827 0.0115514 0.00139348 0.000343168 1.97778e-05 0 0 
0 0 0 0 0.00181932 0.00973287 0.0101211 0.00733676 0.0152513 0.022252 0.0260055 0.0153411 0.014135 0.0198003 0.021361 0.0241388 0.0217196 0.0177067 0.013261 0.0163516 0.0196545 0.0184837 0.0218325 0.0316179 0.0257815 0.0261602 0.0282666 0.0306047 0.0317561 0.0199127 0.0270816 0.0237248 0.02054 0.0171257 0.0149499 0.0166057 0.0174562 0.0176169 0.0181784 0.0216694 0.014781 0.0143806 0.0176033 0.014701 0.0182087 0.0260804 0.0709964 0.0998003 0.0246743 0.0172659 0.0153023 0.0126818 0.0151253 0.0169182 0.017472 0.027806 0.0310478 0.0237754 0.0229566 0.00797458 0.00414435 0.00645959 0.0122866 0.0143408 0.0032455 1.53615e-05 0 0 0 
0 0 0 0 0.000240717 0.00414366 0.0132065 0.0143161 0.0154972 0.0187492 0.0269021 0.0236301 0.0252765 0.0202405 0.0194102 0.0244969 0.0317683 0.0213905 0.0160196 0.019791 0.0196059 0.0217708 0.0243716 0.0309685 0.0379176 0.0301739 0.0239468 0.0190736 0.0269379 0.0342214 0.0346152 0.017797 0.0139806 0.0134114 0.0131183 0.020196 0.0201136 0.0136795 0.0127821 0.0188397 0.0157139 0.0208673 0.0152243 0.0114018 0.014186 0.0208447 0.0354875 0.0387436 0.022217 0.0228416 0.0133792 0.0138905 0.0208213 0.0228473 0.0202816 0.0236142 0.0229158 0.0239338 0.0213749 0.0118502 0.00180004 0.00509543 0.0154202 0.0124654 0.00463104 0 0 0 0 
0 0 0 0 5.12776e-05 0.00399264 0.0142698 0.019185 0.0261782 0.0285736 0.0514687 0.0320714 0.0278423 0.0268426 0.0309678 0.0283371 0.0268928 0.0251155 0.0288471 0.0291894 0.0275489 0.0286375 0.0273311 0.0312585 0.0298284 0.0311939 0.026335 0.0174198 0.0262066 0.0295509 0.0250493 0.0184231 0.0157583 0.0111496 0.0143599 0.0296285 0.0225147 0.0163575 0.0217704 0.0208304 0.015795 0.019029 0.0171648 0.0185148 0.0148325 0.0189374 0.0233741 0.0271193 0.0200477 0.0210397 0.0149836 0.0178731 0.0155633 0.0175094 0.0243016 0.0176703 0.0210287 0.0189473 0.0146713 0.00640651 0.00343357 0.0102521 0.0127749 0.00850405 0.00278741 0 0 0 0 
0 0 0 0 0 0.000467822 0.0113219 0.0224515 0.0316023 0.0273575 0.0303172 0.0300911 0.0287117 0.0218215 0.0271596 0.0209534 0.0249409 0.0264493 0.0388915 0.0390075 0.0351698 0.0401239 0.0315816 0.0252012 0.028649 0.0303434 0.0323645 0.0217252 0.0255249 0.0271041 0.0252318 0.0289732 0.0294459 0.0196636 0.0151199 0.0175506 0.0192461 0.0207744 0.0238537 0.0208493 0.0210398 0.0166637 0.0146698 0.0198771 0.0212893 0.0194329 0.0196044 0.0117314 0.0139961 0.0118282 0.00774637 0.00814303 0.0128921 0.0156687 0.0205176 0.0202523 0.0140936 0.0117762 0.0134504 0.00635992 0.00538522 0.00995717 0.0151922 0.00607085 0.00147406 0 0 0 0 
0 0 0 0 0 4.65546e-05 0.00413765 0.0166355 0.0201613 0.0240683 0.0310713 0.0288114 0.0211352 0.0165184 0.0186582 0.0193645 0.0319829 0.0285939 0.0316775 0.0344836 0.0290323 0.033602 0.0235949 0.0260087 0.0245637 0.0282507 0.0275238 0.0273552 0.0293247 0.0244812 0.0271965 0.0322041 0.0342614 0.0255524 0.0192941 0.0109874 0.0128625 0.0197263 0.0206262 0.0218316 0.0208465 0.0187535 0.0158587 0.0236109 0.0250678 0.019391 0.0152832 0.00653729 0.00745737 0.00631685 0.00829491 0.00680776 0.00222321 0.00977672 0.0217512 0.022825 0.0145647 0.010186 0.0118381 0.00901056 0.00800884 0.0101244 0.0136209 0.0051036 0.000147367 0 0 0 0 
0 0 0 0 0 0 0.000200997 0.00206574 0.00407618 0.0199198 0.0206485 0.0106458 0.00485282 0.00576273 0.0149745 0.0190542 0.0222463 0.0191277 0.0234589 0.022102 0.0224443 0.0230627 0.0226351 0.0234505 0.0317626 0.0369921 0.0305952 0.0252598 0.0211974 0.021986 0.0392645 0.0365817 0.0319771 0.0241851 0.0140228 0.0139027 0.0125412 0.0116604 0.0201481 0.0209497 0.017732 0.0193926 0.0257117 0.0294082 0.0296041 0.0217134 0.0139796 0.00430538 0.00196795 0.00542538 0.0123947 0.0104159 0.0072165 0.0079144 0.0207565 0.024019 0.0112598 0.0040071 0.0101583 0.0175657 0.0174706 0.00961388 0.00375555 0.000930137 0 0 0 0 0 
0 0 0 0 0 0 0 0 0.000391856 0.00410885 0.0160124 0.0116477 0.00169991 0.00356527 0.0140177 0.011575 0.0145299 0.0106957 0.0142871 0.0193513 0.0292482 0.0243511 0.0232576 0.0292951 0.0342134 0.0277531 0.0326849 0.0276841 0.0274204 0.0233059 0.0245815 0.0359338 0.0302293 0.0176885 0.0115588 0.0126159 0.0172001 0.0206793 0.0193931 0.0266892 0.024 0.0188914 0.0213235 0.0222086 0.0245343 0.0195579 0.0139523 0.0097239 0.00630801 0.00713109 0.0118891 0.0191025 0.0238173 0.0149742 0.0215222 0.0202599 0.0146213 0.00342309 0.00419874 0.0142055 0.0137669 0.00795318 0.000801398 0 0 0 0 0 0 
0 0 0 0 0 0 0 0 0.000177614 0.00466628 0.0225792 0.0155209 0.00140725 0.00758923 0.00777141 0.00804886 0.0179116 0.017574 0.0200342 0.0215028 0.0257359 0.0206948 0.0301803 0.0430438 0.0420504 0.030864 0.0394059 0.0364376 0.0220528 0.0168929 0.0172477 0.0262717 0.0293788 0.0255442 0.00942632 0.0126476 0.0164504 0.0228252 0.0259418 0.0274392 0.0320906 0.0251777 0.0265768 0.0237115 0.0227527 0.0209626 0.0221775 0.024942 0.0233746 0.0190271 0.0113984 0.0151304 0.0166466 0.018535 0.023424 0.0225999 0.0226636 0.0125305 0.01081 0.0106723 0.00698938 0.00113601 7.73646e-05 0 0 0 0 0 0 
0 0 0 0 0 0 0 0 0 0.0017267 0.0094765 0.00892191 0.0023492 0.00833379 0.013275 0.0104753 0.0226393 0.0234045 0.0249988 0.0258022 0.0262646 0.0251857 0.0314475 0.0278937 0.0304573 0.0367302 0.0552988 0.0479219 0.0244795 0.0117735 0.0165233 0.0222645 0.0319314 0.0223202 0.0104035 0.0209686 0.0254827 0.0261707 0.0240929 0.0197 0.0219041 0.0197339 0.0151113 0.0126632 0.0141414 0.0231285 0.0259709 0.0280065 0.0249029 0.0207662 0.0147308 0.0101803 0.0129941 0.015782 0.0194195 0.0159971 0.0176384 0.0190709 0.0182771 0.00906718 0.00223243 4.45339e-05 0 0 0 0 0 0 0 
0 0 0 0 0 0 0 0 0 0.000154048 0.000565449 0.00140784 0.00331594 0.0106137 0.00863638 0.0145164 0.027918 0.0269551 0.0282677 0.0307148 0.0285951 0.0289002 0.0239264 0.0185908 0.0261771 0.0449383 0.0697867 0.0350486 0.0282977 0.0150676 0.0202462 0.02519 0.0314248 0.0235468 0.0202866 0.0308789 0.0252817 0.0208804 0.0167448 0.0178626 0.0152824 0.0156537 0.0116649 0.0113519 0.0158747 0.019391 0.0162352 0.0132326 0.0156844 0.0115814 0.0123706 0.0064114 0.0078991 0.00954735 0.00772453 0.00915278 0.00993187 0.0150354 0.0120211 0.00218703 3.72469e-05 0 0 0 0 0 0 0 0 
0 0 0 0 0 0 0 0 0 0 0 8.56747e-05 0.00357955 0.00746622 0.00414437 0.0129632 0.0248618 0.0175961 0.0244397 0.0250553 0.0233292 0.0307278 0.022223 0.0334201 0.0306785 0.0327292 0.0427714 0.0263955 0.0336262 0.0133376 0.0152513 0.0249364 0.0289609 0.0299882 0.0242262 0.0213913 0.0184695 0.023187 0.0168828 0.0150012 0.0138079 0.0137778 0.0128485 0.0115231 0.0160259 0.0267007 0.0154616 0.00455341 0.00620133 0.0145693 0.0190361 0.00545773 0.00359222 0.00379412 0.00288999 0.00202727 0.00127377 0.00354176 0.00255411 2.31076e-05 0 0 0 0 0 0 0 0 0 
0 0 0 0 0 0 0 0 0 0 0 0 0.0003281 0.00177652 0.00278015 0.0120397 0.0199476 0.0256602 0.0230074 0.0251023 0.0285443 0.0285837 0.0234648 0.0275428 0.0272546 0.025907 0.0277675 0.0325928 0.0362601 0.0196605 0.0123856 0.0170228 0.0201581 0.0313459 0.0378477 0.028624 0.0254758 0.0207681 0.0154833 0.0132347 0.00941877 0.012159 0.0171959 0.0149242 0.0133171 0.0213122 0.0298133 0.0203828 0.0239206 0.0574787 0.0550584 0.0232014 0.00294719 0.000168533 0.00033311 0.00025849 0.000104398 3.27079e-05 6.51527e-05 0 0 0 0 0 0 0 0 0 0 
0 0 0 0 0 0 0 0 0 0 0 0 0 0 0.00184168 0.014546 0.0281795 0.0231657 0.024843 0.0271275 0.0302286 0.0359906 0.021163 0.0234878 0.0246873 0.0197574 0.0306298 0.0317475 0.0288136 0.0208751 0.0173647 0.00862419 0.0137701 0.0271526 0.0433092 0.0383855 0.0337772 0.0194845 0.0150724 0.0107846 0.00731879 0.00657852 0.0123835 0.017932 0.0168877 0.0140933 0.0209367 0.0167487 0.0162137 0.0316337 0.0333259 0.0279441 0.0142975 0.00236251 0 0 0 0 0 0 0 0 0 0 0 0 0 0 0 
0 0 0 0 0 0 0 0 0 0 0 0 0 0 0.000616748 0.0120232 0.0219932 0.0203703 0.025604 0.0284827 0.0321718 0.0421586 0.0178666 0.00884462 0.0165402 0.0219283 0.03089 0.0305363 0.0198769 0.016435 0.0134403 0.00736057 0.0169755 0.0274298 0.0377805 0.0451863 0.0367061 0.0211327 0.0168121 0.016787 0.0139273 0.0118995 0.0106796 0.012901 0.0142391 0.00867281 0.0108139 0.0111414 0.0117841 0.016234 0.0231744 0.0122929 0.00979921 0.0031197 0 0 0 0 0 0 0 0 0 0 0 0 0 0 0 
0 0 0 0 0 0 0 0 0 0 0 0 0 0 2.45536e-08 0.0011414 0.0063174 0.00797289 0.0245517 0.0278576 0.0264926 0.0206708 0.011154 0.00220364 0.00214267 0.00693059 0.0106712 0.014167 0.00956614 0.0123985 0.0081482 0.0128003 0.0173449 0.0215522 0.0298549 0.0404381 0.0365761 0.0223961 0.0152981 0.0218366 0.0246363 0.0212528 0.0146536 0.0120509 0.0158807 0.0153751 0.0189442 0.0179346 0.0142433 0.00960551 0.00799589 0.0036899 0.00206462 0.000131198 0 0 0 0 0 0 0 0 0 0 0 0 0 0 0 
0 0 0 0 0 0 0 0 0 0 0 0 0 0 0 0 0.000169 0.000895279 0.00850102 0.0152197 0.0121787 0.00581145 0.0012404 0.000236053 0 0.000803451 0.00136289 0.00464812 0.00611479 0.00574928 0.0102295 0.0153445 0.019326 0.0174377 0.0206765 0.0303878 0.0429844 0.0232757 0.0146791 0.0224405 0.0232444 0.027447 0.0221081 0.0159752 0.0198305 0.0143898 0.0102814 0.0111986 0.0100662 0.00179744 0.000595767 6.86419e-05 0.000135283 0 0 0 0 0 0 0 0 0 0 0 0 0 0 0 0 
0 0 0 0 0 0 0 0 0 0 0 0 0 0 0 0 0 0 0.000364974 0.00142039 0.00093923 0.000281794 4.01152e-05 0 0 1.85565e-05 0.000587177 0.00171948 0.00272975 0.00626379 0.0108988 0.0132616 0.0125122 0.017227 0.0163461 0.0271572 0.0324568 0.0202354 0.0211816 0.0298554 0.0446416 0.0759257 0.0351404 0.0126524 0.0178258 0.0189125 0.0118027 0.00470693 0.00126247 0.000180912 0 0 0 0 0 0 0 0 0 0 0 0 0 0 0 0 0 0 0 
0 0 0 0 0 0 0 0 0 0 0 0 0 0 0 0 0 0 0 0 0 0 0 0 0 0.000304604 0.000688575 0.00179348 0.00702743 0.00987327 0.0107957 0.0150671 0.0151077 0.018301 0.0241525 0.0300419 0.0307847 0.0238239 0.0271673 0.0245681 0.0579422 0.0848479 0.0385412 0.0102562 0.00663495 0.00983982 0.00623311 0.000308168 1.70661e-06 0 0 0 0 0 0 0 0 0 0 0 0 0 0 0 0 0 0 0 0 
0 0 0 0 0 0 0 0 0 0 0 0 0 0 0 0 0 0 0 0 0 0 0 0 0 9.12964e-05 0.000600158 0.00249602 0.00300572 0.00456828 0.00944926 0.0131284 0.0144084 0.0185492 0.0182743 0.0248602 0.0263843 0.0280684 0.0163343 0.00965589 0.0236497 0.02576 0.0112852 0.00705775 0.00245788 0.00131881 0.00103364 2.94413e-06 0 0 0 0 0 0 0 0 0 0 0 0 0 0 0 0 0 0 0 0 0 
0 0 0 0 0 0 0 0 0 0 0 0 0 0 0 0 0 0 0 0 0 0 0 0 0 0 6.20742e-05 0.000390822 0.000131414 0.000810093 0.00156844 0.00281739 0.00261657 0.00470529 0.00523691 0.00804882 0.00681128 0.0106762 0.00490376 0.0028029 0.0029877 0.00209348 0.000829591 0.000321245 8.98837e-05 0 0 0 0 0 0 0 0 0 0 0 0 0 0 0 0 0 0 0 0 0 0 0 0 

