0 0 0 0 0 0 0 0 0 0 0 0 0 0 0 0 0 0 0 0 0 0 0 0 0 0 0 0 0 0 0 3.48208e-05 0.000117322 2.77132e-05 0 0.000123573 0.00042885 1.1166e-05 0.000153651 6.26808e-05 1.84368e-07 0 0 0 0 0 0 0 0 0 0 0 0 0 0 0 0 0 0 0 0 0 0 0 0 0 0 0 0 
0 0 0 0 0 0 0 0 0 0 0 0 0 0 0 0 0 0 0 0 0 0 0 0 0 0.000101684 0.00107442 0.0021269 0.000860365 0.000125711 0.00030936 0.00307008 0.00578475 0.0083647 0.00351929 0.00346577 0.00699942 0.00483921 0.00643753 0.00464355 0.00128642 0.00088374 5.88009e-05 3.37217e-05 0 0 0 0 0 0 0 0 0 0 0 0 0 0 0 0 0 0 0 0 0 0 0 0 0 
0 0 0 0 0 0 0 0 0 0 0 0 0 0 0 0 0 0 0 0 0 0 0 0.000229874 0.00231375 0.00763073 0.0126715 0.0138617 0.00630267 0.00306116 0.00386828 0.0121113 0.0156795 0.02357 0.0206289 0.0218758 0.0235427 0.0214447 0.018614 0.0121082 0.00876317 0.00569823 0.00181788 0.00221069 0.000490614 0.000962492 0.000275593 0 0 0 0 0 0 0 0 0 0 0 0 0 0 0 0 0 0 0 0 0 0 
0 0 0 0 0 0 0 0 0 0 0 0 0 0 0 0 0 0 0 0 0 0.000205021 0.00118339 0.00522085 0.0103349 0.0137126 0.0175172 0.0169359 0.01072 0.00820298 0.0137007 0.0158214 0.0213483 0.0317606 0.028224 0.0259349 0.0237798 0.0194932 0.0237572 0.0200469 0.0157599 0.0163698 0.01542 0.0152413 0.0131357 0.011543 0.00698609 0.00169054 0.000393617 4.83382e-05 0 0 0 0 0 0 0 0 0 0 0 0 0 0 0 0 0 0 0 
0 0 0 0 0 0 0 0 0 0 0 0 0 0 0 0 0 0 0.000458296 0.000645225 0.000179698 0.00175241 0.00604934 0.0107276 0.0125443 0.0167114 0.0120442 0.0170494 0.0201408 0.0144618 0.0174116 0.0158735 0.0255699 0.0321589 0.0290657 0.0146539 0.0135897 0.0130954 0.026754 0.0281321 0.0301559 0.0280897 0.0279271 0.026981 0.0293822 0.0200779 0.0220198 0.0155474 0.00964726 0.0033033 0.000379718 0.000170418 0 0 0 0 0 0 0 0 0 0 0 0 0 0 0 0 0 
0 0 0 0 0 0 0 0 0 0 0 0 0 0 0 0 0 0.00191489 0.00540587 0.00468035 0.00604917 0.00346053 0.00781221 0.012825 0.0137752 0.0166839 0.0148181 0.015683 0.0230726 0.0182367 0.014126 0.0166666 0.0195495 0.0149211 0.0151485 0.00969204 0.0114103 0.0129228 0.0207803 0.0245782 0.0276724 0.0258022 0.0282192 0.0285922 0.0258122 0.0226099 0.0192132 0.0229165 0.0271049 0.0134282 0.0112218 0.00788087 0.00329745 7.55733e-05 0 0 0 0 0 0 0 0 0 0 0 0 0 0 0 
0 0 0 0 0 0 0 0 0 0 0 0 0 0 0 0 0.00293127 0.00596698 0.0133264 0.0183225 0.0122984 0.014534 0.0101086 0.0130737 0.0161096 0.012727 0.0102559 0.0151653 0.0226324 0.0152165 0.0140402 0.0165749 0.0128904 0.011059 0.0173371 0.0203751 0.0175544 0.0198045 0.0236443 0.0288186 0.024645 0.0297765 0.0301278 0.0253335 0.0276239 0.0201696 0.0192392 0.0276746 0.0252507 0.0184209 0.0237707 0.0236258 0.0157236 0.00620851 0.0011498 0 0 0 0 0 0 0 0 0 0 0 0 0 0 
0 0 0 0 0 0 0 0 0 0 0 0 0 0 0 0.00104455 0.00351388 0.00680885 0.0139934 0.0205933 0.0165481 0.0139878 0.0128708 0.0157078 0.0133424 0.0148084 0.0154431 0.0160711 0.0205482 0.0231873 0.0178125 0.020047 0.0200987 0.0190102 0.018009 0.0189491 0.018546 0.0200677 0.0232193 0.0315604 0.028772 0.0423807 0.0464759 0.0245392 0.0192267 0.0178695 0.0260316 0.0251115 0.0327062 0.029291 0.0339614 0.0317804 0.0218828 0.0134376 0.00842107 0.00132156 8.66327e-05 0 0 0 0 0 0 0 0 0 0 0 0 
0 0 0 0 0 0 0 0 0 0 0 0 0 0 0.00012429 0.000679868 0.00301719 0.00936403 0.0156172 0.0197586 0.0145051 0.0114239 0.0103961 0.0110706 0.0129703 0.0132019 0.0166027 0.0130106 0.0206658 0.0298011 0.0210717 0.0240645 0.0243472 0.0191681 0.0143753 0.0136835 0.0177868 0.0272533 0.0276655 0.0285465 0.0225617 0.0384762 0.0485402 0.0288077 0.0239884 0.0209821 0.0277605 0.0215284 0.0293397 0.0217394 0.0208754 0.0236948 0.019117 0.0154632 0.0116067 0.00750428 0.00168526 3.50628e-05 0 0 0 0 0 0 0 0 0 0 0 
0 0 0 0 0 0 0 0 0 0 0 0 0 0 0.00185922 0.00358778 0.00824344 0.0156079 0.0179253 0.0184914 0.0162402 0.0130072 0.0131985 0.0160771 0.0189852 0.0174435 0.0157035 0.0167122 0.0235517 0.0215184 0.0193168 0.0320825 0.037124 0.0261092 0.015558 0.0141905 0.0139518 0.0194904 0.0254088 0.0242483 0.0210271 0.0236107 0.0296021 0.0247534 0.0219417 0.0192466 0.0263377 0.024287 0.0212959 0.0221017 0.0213646 0.0281899 0.0269902 0.017871 0.0173293 0.0141961 0.0092943 0.00543682 0.000840661 0 0 0 0 0 0 0 0 0 0 
0 0 0 0 0 0 0 0 0 0 1.72904e-05 0.00133581 0.00102166 0.000693671 0.0035418 0.00488321 0.0119574 0.0148718 0.015853 0.0215664 0.0210516 0.0189241 0.0195706 0.0222394 0.0222923 0.0185502 0.0182279 0.0212124 0.0228507 0.0214678 0.0213115 0.0327384 0.0390517 0.0243325 0.0190213 0.0149241 0.0193512 0.0190886 0.0186302 0.0234251 0.0182697 0.0202718 0.0191365 0.017385 0.0171454 0.0194664 0.0216362 0.0258844 0.0213782 0.0229912 0.0250892 0.0238954 0.0273744 0.0229057 0.0217124 0.0227567 0.0255399 0.0220794 0.00978535 0.000277806 0 0 0 0 0 0 0 0 0 
0 0 0 0 0 0 0 0 0 0 0.00124118 0.00946545 0.0105587 0.00274629 0.00256283 0.0120193 0.0174486 0.0224153 0.0233635 0.0258846 0.0252569 0.019675 0.0274955 0.0192893 0.0193845 0.0173617 0.0187253 0.0221496 0.0218601 0.0226765 0.0208659 0.0261793 0.0332336 0.0252897 0.0208975 0.0174835 0.0208999 0.0215829 0.0226163 0.0227582 0.0223943 0.0146871 0.0107773 0.0166664 0.0220784 0.0224792 0.0229376 0.022517 0.0220615 0.0173922 0.0185539 0.0240538 0.024227 0.0210615 0.0132226 0.0204576 0.0277273 0.0266333 0.017548 0.00427689 7.98055e-06 0 0 0 0 0 0 0 0 
0 0 0 0 0 0 0 0 0 0 0.00120885 0.00960787 0.0138069 0.0115412 0.00300173 0.0109134 0.0254425 0.029183 0.0226991 0.0248203 0.0303737 0.0222942 0.032443 0.0245771 0.0222889 0.0229333 0.0153861 0.0196204 0.0181991 0.0137238 0.0168142 0.0223247 0.0282902 0.0237987 0.0276494 0.0233503 0.0248836 0.0193958 0.0198864 0.0214693 0.0219245 0.0154436 0.0181317 0.0226271 0.0266247 0.0250272 0.0245508 0.0243564 0.024599 0.0238734 0.0192155 0.0171039 0.0150355 0.0148805 0.0153272 0.0232844 0.0231997 0.0284503 0.0191237 0.00704355 0.000290271 7.25134e-06 0 0 0 0 0 0 0 
0 0 0 0 0 0 0 0 0 0.000189902 0.000342555 0.00284575 0.0120185 0.0176996 0.00931187 0.00569822 0.0167756 0.0215729 0.0285466 0.0324056 0.0202446 0.0305746 0.0385126 0.0325105 0.0382417 0.0166287 0.0151252 0.0236254 0.0200746 0.018272 0.0209438 0.0199575 0.025393 0.0211417 0.0237126 0.0221335 0.0225727 0.0188836 0.0168536 0.0190508 0.0239225 0.0239508 0.0270103 0.0198732 0.0226109 0.0258925 0.0221118 0.0208148 0.0241649 0.0203454 0.0168386 0.0149553 0.0127365 0.0109078 0.0172392 0.0170834 0.0247317 0.0281436 0.029018 0.0142436 0.00660325 0.000140482 0 0 0 0 0 0 0 
0 0 0 0 0 0 0 0 0 0.00194061 0.00394409 0.00138519 0.00356861 0.00629 0.00653624 0.00420095 0.00683129 0.0145395 0.0200632 0.0228246 0.0167796 0.0194462 0.0252166 0.0303128 0.0443041 0.0330572 0.0227595 0.0184856 0.0180693 0.0187253 0.0211982 0.0184386 0.0134787 0.0172393 0.0185295 0.0240402 0.0222036 0.0213634 0.0165367 0.016056 0.0197932 0.023239 0.0182527 0.0168092 0.0116208 0.0218123 0.0189463 0.022148 0.0240654 0.0190397 0.0243032 0.0170046 0.0157629 0.0142197 0.0102342 0.0165548 0.0295015 0.0301592 0.0289628 0.0223311 0.0169111 0.00283756 0 0 0 0 0 0 0 
0 0 0 0 0 0 0 0 0.000954953 0.00939505 0.0154487 0.00953125 0.00659056 0.00107549 0.0010097 0.00286065 0.00611412 0.0114008 0.010739 0.0101441 0.0130839 0.0179284 0.0175692 0.0142233 0.0221079 0.0275092 0.0199784 0.0184692 0.0250521 0.0192338 0.0177995 0.0176126 0.019312 0.0181017 0.0150123 0.0181933 0.0207153 0.0146605 0.0197716 0.0163074 0.0176153 0.0239888 0.020736 0.0162361 0.017108 0.0236138 0.0158407 0.0177839 0.0217601 0.0181886 0.0208187 0.0225561 0.0209475 0.0187623 0.0181956 0.0260094 0.0263016 0.0308059 0.0307973 0.0282961 0.0233844 0.00571802 0 0 0 0 0 0 0 
0 0 0 0 0 1.88433e-05 0.000599552 0.00245606 0.0115034 0.0169469 0.0207065 0.0171563 0.0134237 0.00530442 0.000192484 0.00160304 0.00761658 0.0104575 0.0120034 0.0156739 0.0106083 0.0129418 0.0153486 0.00959451 0.00526991 0.00962548 0.0146653 0.0168131 0.0239419 0.0214842 0.0192916 0.0164381 0.0202456 0.017778 0.0156976 0.0209429 0.0181265 0.0197042 0.0188623 0.0187489 0.0172099 0.0227677 0.0223057 0.019335 0.0226274 0.0214719 0.0158109 0.0199702 0.0214604 0.023972 0.0240851 0.0242901 0.0202281 0.0206954 0.0192119 0.0217372 0.0208492 0.0225423 0.0234673 0.0267594 0.0182302 0.00676691 0.00494412 0.000624875 0 0 0 0 0 
0 0 0 0 0 0.00120305 0.00438128 0.00794941 0.0120824 0.0145484 0.0148907 0.0165376 0.0140513 0.00805632 0.00197621 0.00201946 0.0113208 0.0138802 0.0130636 0.0161213 0.00920974 0.00952754 0.0129508 0.0116575 0.014167 0.0141998 0.0193665 0.0204985 0.0206712 0.018191 0.0206395 0.0199722 0.0194252 0.020728 0.0203014 0.0185991 0.0187854 0.0190613 0.0169888 0.0172257 0.015227 0.0190747 0.0197737 0.0217073 0.0187731 0.0160815 0.017831 0.019863 0.0265854 0.0384978 0.0297968 0.0252321 0.0234332 0.0167732 0.0202651 0.0184977 0.0184237 0.0240672 0.0216904 0.0228117 0.0210178 0.0230854 0.0208057 0.00983325 0.00104782 0 0 0 0 
0 0 0 0 0.000422118 0.00304256 0.00354548 0.0146506 0.0218091 0.0233555 0.0171116 0.0186556 0.0161559 0.0094307 0.00535919 0.00829441 0.0132245 0.017381 0.0141706 0.0186294 0.0146427 0.00839104 0.0116864 0.0107738 0.0125697 0.0176626 0.023867 0.0227189 0.0191171 0.0188803 0.0146298 0.0177725 0.0198473 0.0171363 0.0198624 0.0217704 0.0176505 0.0161623 0.0218069 0.0184643 0.0161311 0.021342 0.0237775 0.0192122 0.0213386 0.0204124 0.0116882 0.0167923 0.0280195 0.0623003 0.0292605 0.0264907 0.0226932 0.0183591 0.0249483 0.0187757 0.0192987 0.0255332 0.0217215 0.0184592 0.0308889 0.112881 0.0684039 0.0206214 0.00559616 0.00032306 0 0 0 
0 0 0 0 0.00273002 0.00880481 0.0121283 0.0183452 0.0282193 0.0243953 0.0189618 0.0206734 0.0162727 0.014684 0.0140162 0.0151231 0.0152125 0.0165715 0.0165068 0.0200763 0.0145761 0.0166996 0.017127 0.0215357 0.0253514 0.0213317 0.0237374 0.0197525 0.016294 0.0107773 0.0186416 0.0245292 0.0227759 0.0246635 0.0170183 0.0152993 0.0129359 0.0164653 0.0304427 0.0219805 0.0159181 0.0166422 0.0162352 0.0180333 0.0185108 0.0160539 0.0125429 0.0202105 0.021938 0.0360694 0.0293458 0.0282061 0.0209329 0.0164752 0.0227763 0.0181588 0.0208774 0.0200441 0.0217035 0.0220845 0.0355841 0.0871803 0.0753494 0.0279377 0.0100802 0.000997237 0 0 0 
0 0 0 0.00043748 0.00925745 0.0155618 0.0225312 0.0225131 0.0334827 0.024107 0.0166727 0.0192954 0.0176432 0.023242 0.0211127 0.0223842 0.0181397 0.0184946 0.024853 0.0183013 0.017803 0.0209816 0.0195252 0.0248882 0.0388435 0.0310678 0.0254205 0.023683 0.0175431 0.0153119 0.0198183 0.0252388 0.0213501 0.0198274 0.0201194 0.0160006 0.0162355 0.0200037 0.0208779 0.0204895 0.0183476 0.0182375 0.0178457 0.0187104 0.0166319 0.0180087 0.0250495 0.0231588 0.0220785 0.0213825 0.0221399 0.0243752 0.0304525 0.0229276 0.0208876 0.0162604 0.0224162 0.0199236 0.0169028 0.0274527 0.025724 0.018109 0.0264474 0.0235167 0.0154569 0.00299015 0 0 0 
0 0 0 0.00477835 0.0171176 0.0308762 0.0411676 0.0288887 0.0273509 0.0229785 0.0180872 0.0119391 0.0170379 0.0246815 0.0216539 0.0213696 0.018113 0.0190288 0.0175431 0.0125233 0.0166185 0.0212871 0.0194818 0.0210759 0.0344506 0.0428474 0.0376124 0.0341787 0.0250182 0.0176276 0.0224317 0.0235766 0.0149776 0.0278691 0.0194516 0.0149105 0.0212465 0.0244325 0.022198 0.0187104 0.0238578 0.0225629 0.0184245 0.0182579 0.0161501 0.0149317 0.029635 0.0227814 0.0218455 0.0162726 0.0187585 0.0246672 0.0281747 0.023503 0.024324 0.0191534 0.0265846 0.0236398 0.0200903 0.024878 0.0142337 0.0132595 0.0189974 0.0239464 0.0207059 0.00439454 0 0 0 
0 0 0.000117025 0.00671823 0.0167757 0.0316267 0.0378171 0.0289759 0.0181104 0.0225853 0.020816 0.0164191 0.015521 0.0162764 0.0180598 0.0204974 0.0180646 0.0215113 0.0139751 0.0208029 0.0189151 0.0204141 0.0205683 0.019395 0.034864 0.0361638 0.0323234 0.03251 0.0305948 0.016043 0.0254709 0.019769 0.0177291 0.0272983 0.0174671 0.0168781 0.0228951 0.0285679 0.0251793 0.0278165 0.0364378 0.0268777 0.0186682 0.0139832 0.0222468 0.0379969 0.0343586 0.0209829 0.0240071 0.0234006 0.0230416 0.0195187 0.0222781 0.0270512 0.0306759 0.030212 0.0276219 0.025336 0.0218151 0.0244463 0.0188519 0.0171918 0.0211419 0.0211319 0.0205527 0.00419906 0 0 0 
0 0 3.87408e-05 0.00447058 0.0174776 0.0235763 0.029625 0.0222021 0.0145427 0.0207905 0.019458 0.0241444 0.0214345 0.021701 0.0215875 0.0169116 0.0162828 0.0207458 0.0215571 0.0234483 0.0216801 0.0219478 0.0280189 0.0227748 0.0235414 0.0316702 0.0361344 0.0291 0.0220634 0.0179437 0.0166733 0.0137077 0.0175568 0.0217963 0.0178223 0.0282264 0.03873 0.0356869 0.0231686 0.0214357 0.0218054 0.018098 0.0174042 0.0276819 0.0428812 0.0319806 0.0218084 0.0178785 0.0215503 0.0255256 0.0227827 0.0249464 0.0252094 0.025177 0.028971 0.0289718 0.0283994 0.0238066 0.0206371 0.0199105 0.0214438 0.014991 0.0166393 0.0163695 0.0103857 0.00127811 0 0 0 
0 0 0.00180371 0.00979713 0.0172045 0.0214073 0.0171297 0.0176785 0.022822 0.0213737 0.0243667 0.0272045 0.0197164 0.0170842 0.0183872 0.0228075 0.0243083 0.0204588 0.0177352 0.0205749 0.0230341 0.025429 0.0187075 0.0214535 0.0206604 0.0317038 0.0282248 0.0207769 0.0213102 0.017242 0.0180513 0.0160279 0.0160615 0.0179981 0.0269974 0.0518223 0.0515853 0.0427699 0.0507625 0.0233101 0.016537 0.0149412 0.022878 0.0392866 0.0328045 0.0304573 0.0294992 0.0165996 0.020144 0.0227644 0.0336643 0.0280646 0.0243584 0.0266826 0.026534 0.0154851 0.0225983 0.0232866 0.0195072 0.0169372 0.0208136 0.016835 0.0168436 0.0116975 0.00222829 1.42246e-05 4.39176e-06 1.04933e-05 0 
0 0.000150043 0.00799457 0.0151376 0.0189172 0.0119892 0.0190714 0.0216186 0.0238446 0.0250573 0.0233009 0.0245255 0.022905 0.0235458 0.0256008 0.0264644 0.0228756 0.0217488 0.0241205 0.0171989 0.0236398 0.0249712 0.021435 0.0225203 0.0252151 0.0245153 0.0242376 0.0199039 0.018005 0.0165919 0.0194434 0.0142419 0.0138079 0.014991 0.0375385 0.0543635 0.0414475 0.034041 0.0434967 0.0364022 0.0259316 0.0211539 0.0263816 0.0280132 0.024149 0.0372007 0.0356143 0.0355548 0.0343444 0.02983 0.0386026 0.0360527 0.0298622 0.0207683 0.0222761 0.0183797 0.0213349 0.0263261 0.0224164 0.0207104 0.0157515 0.0144792 0.0143198 0.00535214 0.00148017 0.000343483 0.000494264 0.00244574 0.000178598 
0 0.00290985 0.0234928 0.0272241 0.0250493 0.0171887 0.0260273 0.0273903 0.032961 0.0312908 0.0271815 0.0175906 0.0197505 0.0205235 0.027534 0.0246303 0.0247693 0.0225697 0.0259396 0.0230009 0.0284356 0.0394688 0.0323978 0.0245593 0.0250827 0.0284771 0.0204731 0.0187296 0.0161817 0.0167492 0.0214998 0.0169875 0.0121896 0.0172279 0.0367879 0.0396075 0.0300653 0.0336674 0.0416351 0.0412877 0.0459824 0.0279747 0.0237864 0.0245174 0.0347731 0.0381589 0.0373359 0.0306869 0.0272153 0.0357316 0.0359374 0.035358 0.0400406 0.0271738 0.0210329 0.019204 0.025208 0.0276099 0.02147 0.0226101 0.0199958 0.0155885 0.0125844 0.00484061 0.00510164 0.00300188 0.00441824 0.00828206 0.00120896 
0 0.0070507 0.0296271 0.0268958 0.0231857 0.02313 0.0257939 0.0230209 0.0217988 0.0287353 0.0265168 0.0196639 0.0148164 0.024723 0.027646 0.0320363 0.0311399 0.0245933 0.0180015 0.0257593 0.0307626 0.0348832 0.036827 0.0240011 0.0230063 0.0274207 0.0193318 0.0195528 0.0153301 0.0139601 0.0165186 0.017181 0.0208854 0.0251908 0.0300994 0.0325122 0.0301953 0.0315198 0.0439226 0.0630687 0.0466495 0.0330675 0.0369595 0.0499753 0.0810479 0.0640486 0.0468026 0.0312557 0.0289046 0.0246736 0.0302007 0.026444 0.0262251 0.0205624 0.0139671 0.0191226 0.0229519 0.0198869 0.0214458 0.0244558 0.0210771 0.0163182 0.00962804 0.00746609 0.00417775 0.00237308 0.00443547 0.00639674 0.00160352 
0 0.00399153 0.0278849 0.0305046 0.0177841 0.0172364 0.0158811 0.0186575 0.0192507 0.0253105 0.022676 0.0180673 0.0179708 0.0269624 0.0294509 0.0253724 0.0304534 0.0297446 0.0221462 0.0212185 0.020722 0.0253981 0.0286641 0.0226693 0.0243882 0.023873 0.016519 0.0148283 0.012611 0.0117815 0.0102479 0.0146644 0.0225558 0.0402005 0.0326002 0.0332922 0.0400661 0.0355614 0.0378087 0.0424736 0.0560219 0.0392393 0.0491015 0.048501 0.11657 0.0973665 0.0651411 0.0510678 0.0377926 0.0290332 0.0251364 0.0253803 0.0324997 0.0241714 0.0195862 0.0241073 0.0223622 0.0196962 0.017341 0.0251154 0.0209256 0.0184996 0.0155297 0.0116338 0.00248912 0.000684049 0.00223388 0.0104118 0.0041832 
0 0.000510316 0.0119783 0.0206546 0.015557 0.0145326 0.0199502 0.0186808 0.0158214 0.0255853 0.0248616 0.0179653 0.0194423 0.0331979 0.0325039 0.0285926 0.0214348 0.0221378 0.0178119 0.0145644 0.02109 0.0201798 0.0207516 0.0206312 0.0218431 0.0149203 0.0108813 0.0133989 0.0139081 0.0147006 0.0201008 0.0234487 0.0324535 0.0384623 0.0449679 0.0497999 0.0410365 0.0542441 0.0432873 0.0439474 0.0520276 0.0494586 0.040722 0.043403 0.0757832 0.0602794 0.04288 0.0343136 0.0253147 0.0193047 0.0215537 0.0212273 0.0227263 0.0223704 0.0195101 0.0192722 0.0197975 0.0248435 0.0237734 0.0266559 0.0248422 0.0253968 0.0153618 0.00673372 0.00132073 0.00108479 0.00438683 0.00914119 0.00320741 
6.13914e-06 5.10554e-05 0.00247203 0.00359839 0.00592293 0.0156589 0.0325424 0.0272551 0.0255857 0.0212604 0.0267775 0.0175377 0.0250471 0.0267252 0.0223977 0.0240255 0.018802 0.0175739 0.0156851 0.0159006 0.0150567 0.0225284 0.0243297 0.0237271 0.0225649 0.0162705 0.0149655 0.0161078 0.0196089 0.0362132 0.0363064 0.0284291 0.028239 0.0355118 0.0665276 0.0533494 0.0296564 0.0334942 0.0427671 0.044788 0.0444494 0.0408788 0.0325155 0.0274897 0.0279298 0.0255323 0.0166928 0.0191322 0.0197318 0.0218548 0.027552 0.0286826 0.0278812 0.0262648 0.0167194 0.0260707 0.0243885 0.0260184 0.0282195 0.0324838 0.0313829 0.0364726 0.022289 0.0181014 0.00780259 0.00764648 0.0141487 0.0157006 0.00659641 
3.62528e-05 0.0014326 0.00714416 0.00683296 0.0143506 0.0247306 0.0306655 0.038893 0.0263797 0.0206488 0.0262803 0.0261117 0.0247222 0.0217468 0.0297514 0.0271373 0.0163234 0.016444 0.0214867 0.0222993 0.0218229 0.0234266 0.0333696 0.027615 0.0297849 0.0201746 0.0180336 0.0202504 0.0303683 0.0441107 0.0323377 0.0333661 0.0420252 0.0310017 0.052854 0.0405137 0.0460373 0.0344713 0.0451799 0.0496059 0.0486891 0.0443913 0.0220414 0.022645 0.0236514 0.016355 0.0181133 0.0169279 0.021786 0.0285744 0.0297126 0.0213046 0.0199115 0.0181275 0.0189862 0.0239336 0.025758 0.0254138 0.0229218 0.0242774 0.0247241 0.0253519 0.0213028 0.023819 0.0194205 0.0178112 0.021079 0.0206853 0.00819634 
4.52338e-05 0.00712135 0.0157025 0.0196143 0.0226694 0.0328505 0.0263954 0.0289147 0.0218154 0.0202369 0.0249273 0.025688 0.0274529 0.0237443 0.0234351 0.0194434 0.0211068 0.0209767 0.0186618 0.0219416 0.021061 0.0266152 0.0247274 0.0244894 0.0276199 0.0230578 0.0182795 0.0191054 0.0508003 0.0357885 0.0261128 0.0305778 0.0362021 0.031334 0.0502242 0.0500404 0.0481388 0.0312377 0.0387776 0.0437791 0.035673 0.0225023 0.0183028 0.0244512 0.0182413 0.0194941 0.0229734 0.0190858 0.020774 0.0347197 0.0274813 0.0240966 0.0199425 0.0181162 0.0253779 0.0239704 0.0209796 0.0188898 0.0219701 0.0308409 0.0237123 0.0201992 0.0230796 0.0218627 0.0229886 0.0183924 0.0222104 0.0191523 0.010406 
0.000202304 0.00726878 0.0189132 0.0237508 0.0250389 0.0276704 0.0226086 0.019405 0.0200857 0.0212476 0.0331403 0.0478407 0.0308038 0.0244427 0.0211754 0.0208746 0.0254157 0.0196982 0.023267 0.0245037 0.0243831 0.0265272 0.0283797 0.0381582 0.0351508 0.0292369 0.0186484 0.0258009 0.0400626 0.0327916 0.0320513 0.0286325 0.0260082 0.0283343 0.0416436 0.0374886 0.0245945 0.0177288 0.0189406 0.0201051 0.0179255 0.0196841 0.0270009 0.0181192 0.0199423 0.0184976 0.0174738 0.0208131 0.0251375 0.0356394 0.0335319 0.0269883 0.0245295 0.0144697 0.0189661 0.017515 0.0124209 0.016897 0.023085 0.0257543 0.0250544 0.0198728 0.0150289 0.0195749 0.02219 0.022347 0.0187621 0.0183257 0.0076168 
0.000796347 0.0115585 0.0252562 0.0258403 0.022062 0.0260948 0.0266445 0.026244 0.0182039 0.0225659 0.0243807 0.0365751 0.0279603 0.0278207 0.0209945 0.0179807 0.0202622 0.0153062 0.0187698 0.0199563 0.024681 0.022293 0.0453597 0.0690473 0.0484333 0.0589517 0.0295702 0.0235633 0.0230259 0.0280824 0.0344158 0.0279203 0.0180198 0.0316548 0.0296943 0.018312 0.0212601 0.0200204 0.0204137 0.015819 0.0186052 0.0187881 0.0209743 0.0233596 0.0232964 0.0197913 0.0189407 0.0191769 0.0220463 0.0284759 0.0271359 0.0239473 0.0239409 0.0211629 0.0182669 0.0162818 0.0145774 0.0134369 0.017219 0.0227292 0.0341362 0.0194922 0.010995 0.0118651 0.0174365 0.0177612 0.021819 0.0187801 0.0077172 
0.000593004 0.0120208 0.0270498 0.0292912 0.0214563 0.0245605 0.0395229 0.0258971 0.0169407 0.01681 0.0213612 0.0258861 0.019079 0.0255712 0.0303276 0.0191955 0.018055 0.0180636 0.0220347 0.0176532 0.019267 0.0182213 0.0329353 0.0511601 0.0422637 0.0479037 0.0247464 0.0212454 0.0212433 0.0211799 0.0305196 0.0226917 0.0193127 0.0444831 0.0348435 0.0233302 0.0241502 0.0206088 0.0113997 0.0127917 0.016758 0.0190522 0.0265985 0.0246439 0.0253914 0.0214028 0.0179505 0.019017 0.0221589 0.0213735 0.0265005 0.024992 0.0233289 0.0198464 0.0140114 0.0136935 0.0134814 0.0181813 0.017725 0.0223182 0.0306012 0.0256979 0.014473 0.0147311 0.015022 0.0175289 0.027228 0.021746 0.00833965 
0.000603895 0.0140652 0.0241066 0.0262155 0.024519 0.0272498 0.033211 0.030284 0.0150254 0.0162984 0.0225809 0.019014 0.0197524 0.0250254 0.0250509 0.0199714 0.0198836 0.017789 0.0148229 0.0157774 0.0189881 0.0277825 0.021486 0.0264561 0.0260081 0.0258918 0.0249979 0.0197034 0.0200064 0.022888 0.0270178 0.0290162 0.0277905 0.042345 0.0293162 0.0247595 0.0217691 0.0169564 0.0133041 0.0206532 0.0240587 0.0186787 0.0166594 0.0160622 0.0235358 0.0180729 0.0183848 0.0218675 0.0270123 0.02487 0.0179366 0.0229121 0.020145 0.0121046 0.0193468 0.0246994 0.0212933 0.0188931 0.0218393 0.0266503 0.0326443 0.0316674 0.0080973 0.00963944 0.0153786 0.0251032 0.0309486 0.0217709 0.00867674 
0.000234079 0.00928563 0.0293475 0.0360017 0.0312426 0.0267383 0.0289566 0.0230357 0.0211604 0.0223907 0.0247672 0.0171678 0.0206485 0.0244355 0.019485 0.0187709 0.0178854 0.0156264 0.013598 0.0114417 0.0141838 0.0237258 0.0319035 0.029449 0.0209728 0.0215791 0.0180831 0.0228765 0.0270694 0.0228088 0.0253784 0.0275593 0.0201269 0.0255682 0.0279025 0.0244799 0.0246969 0.0142363 0.0178228 0.0238444 0.025908 0.0174566 0.016256 0.0187987 0.0223605 0.0198987 0.0194005 0.0188988 0.0206258 0.0214981 0.0192112 0.0188833 0.0188338 0.0136244 0.0194956 0.0204891 0.0175625 0.0198217 0.020121 0.0204947 0.0272299 0.0305536 0.00973195 0.0115571 0.0191338 0.0258098 0.0228622 0.0125576 0.00282558 
5.62367e-05 0.00646843 0.0211933 0.0330078 0.0368227 0.0294202 0.0209449 0.0211215 0.0200322 0.0229925 0.0277028 0.025087 0.023605 0.0240623 0.0181653 0.0192509 0.016425 0.0174138 0.0159111 0.0128803 0.0170175 0.0194406 0.0212718 0.0195157 0.0216129 0.0208889 0.0181279 0.0307159 0.0268056 0.0209123 0.0234632 0.0279001 0.0240179 0.0242169 0.0271336 0.0260853 0.0250462 0.0316325 0.0308062 0.0241053 0.0204485 0.0194142 0.0174463 0.0185779 0.0214464 0.0193039 0.0238712 0.0238528 0.0247832 0.0135819 0.0151008 0.0211421 0.0184028 0.0125453 0.0173861 0.0149762 0.0206484 0.0204258 0.0236604 0.0198272 0.0184044 0.0173524 0.00430376 0.00459195 0.0141297 0.0165748 0.00841004 0.00530602 0.000783663 
0 0.00519604 0.0217452 0.0261197 0.0271489 0.0263142 0.0243399 0.0266043 0.0143929 0.0203847 0.0197885 0.0201024 0.0261264 0.0263363 0.0168315 0.0175216 0.0164528 0.0165472 0.016882 0.0154767 0.0198983 0.0214044 0.0230562 0.0238511 0.0197132 0.0222249 0.0234472 0.0274035 0.0227136 0.0208364 0.0231474 0.0256905 0.0271381 0.0246917 0.0253843 0.0193737 0.0300273 0.0526829 0.0477392 0.023888 0.0251984 0.0269678 0.025596 0.0192624 0.0237517 0.0293013 0.0255169 0.0268581 0.02441 0.0201049 0.0136712 0.0172933 0.0235485 0.0195287 0.011478 0.00722592 0.0136544 0.0195892 0.0239507 0.0239497 0.0137555 0.0125368 0.00787449 0.00654045 0.00880254 0.00747776 0.00514395 0.00142699 5.91039e-05 
0 0.000934871 0.0103589 0.0114119 0.0190309 0.0203894 0.0253369 0.0217682 0.0114411 0.0105279 0.00988676 0.0139456 0.021625 0.0231506 0.0173737 0.0243805 0.0171064 0.0135032 0.0180633 0.0137171 0.0172944 0.0170237 0.0159817 0.0229524 0.0174897 0.0207999 0.0300619 0.0343268 0.0271308 0.0213927 0.0231745 0.0234286 0.0303842 0.0358235 0.031518 0.0255455 0.0249315 0.0390602 0.0461567 0.0357829 0.0242728 0.0252646 0.0246397 0.0209781 0.0171171 0.0215212 0.0170288 0.0221264 0.0192261 0.0138851 0.0150643 0.0181533 0.0161138 0.0182217 0.00960131 0.0079801 0.0128566 0.0143938 0.0121732 0.0185351 0.0179933 0.0131188 0.0146497 0.0118092 0.0101636 0.0114607 0.00814182 0.00316788 0.00165519 
0 3.18397e-05 0.00135701 0.00607035 0.0151635 0.0199804 0.0255225 0.0207733 0.0119341 0.00728546 0.00999549 0.0157154 0.0209524 0.0257382 0.0232851 0.0266255 0.019679 0.0235616 0.0239788 0.0170405 0.0211917 0.0223656 0.0152378 0.0167709 0.023371 0.0214899 0.0247768 0.0360784 0.0265489 0.0202515 0.0280366 0.0263107 0.02637 0.0280724 0.0279084 0.02458 0.0241785 0.0230929 0.0279078 0.0282253 0.0296333 0.0258553 0.0234329 0.0204468 0.0196255 0.0215341 0.0227705 0.0189171 0.0162923 0.0221159 0.0209921 0.017559 0.012853 0.0129399 0.0135403 0.0163873 0.0124998 0.0168437 0.0120038 0.0129441 0.0110949 0.0121849 0.0122856 0.0140734 0.0110793 0.00438395 0.00142782 0.00217767 0.000824199 
0 1.07764e-05 0.00394068 0.00943566 0.0157382 0.0181921 0.0215296 0.024267 0.0201258 0.0125457 0.0140338 0.0199294 0.0235454 0.0267599 0.0267702 0.0226633 0.0259209 0.0269182 0.0289888 0.0223441 0.019262 0.0191054 0.0206877 0.0212114 0.0176551 0.0182607 0.0169314 0.0199097 0.023993 0.0256795 0.0293728 0.0285479 0.0249539 0.021306 0.0172789 0.0213287 0.030008 0.0318057 0.033799 0.0328087 0.0339068 0.0236762 0.0184609 0.0252263 0.0252655 0.0236662 0.0231276 0.0185482 0.0178953 0.0231581 0.0248077 0.0226719 0.0231758 0.0230409 0.0243625 0.0327942 0.0315717 0.0229224 0.0180788 0.0125269 0.0159378 0.0161095 0.01161 0.0116317 0.0115794 0.00864061 0.00195145 0.000134445 1.74694e-05 
0 0.000132096 0.00711807 0.0111484 0.0173356 0.0224983 0.0179886 0.0246356 0.0266348 0.0199361 0.0181348 0.0224919 0.0263642 0.0268457 0.0189664 0.0204466 0.0210172 0.0243287 0.0423348 0.0302295 0.0170159 0.0171537 0.0224646 0.0272887 0.0282148 0.0216329 0.0159528 0.0141656 0.0191467 0.0284062 0.0319701 0.0269714 0.0243775 0.0219732 0.0129839 0.0205078 0.0236004 0.0375036 0.0306536 0.0308231 0.026103 0.0246771 0.0236644 0.0197375 0.0227508 0.027178 0.0188047 0.0203679 0.0225797 0.0242049 0.0260582 0.0300475 0.0252032 0.0180287 0.0189673 0.024737 0.0390104 0.0281172 0.0187083 0.0222692 0.0210149 0.0142658 0.0164866 0.011902 0.0155437 0.0107847 0.00210382 0.000591049 0 
0 4.72122e-05 0.00501082 0.0115722 0.0131131 0.0179551 0.0184334 0.0169933 0.0197674 0.0241199 0.0298467 0.0275775 0.026591 0.0214253 0.0169947 0.00917462 0.0133043 0.0145006 0.0264009 0.0236561 0.0160849 0.0151166 0.0200151 0.0283413 0.0317239 0.023624 0.0184704 0.0195412 0.0221104 0.0272834 0.0203192 0.0261676 0.0247099 0.020912 0.0160536 0.0226106 0.0202871 0.0285264 0.0293264 0.0309631 0.0290407 0.0331299 0.0294018 0.0171967 0.0233288 0.0267005 0.0212489 0.02152 0.0252233 0.0155027 0.0224151 0.0223162 0.0177524 0.0147279 0.0130079 0.0136761 0.0260112 0.0263687 0.0258879 0.0404299 0.0306132 0.0174888 0.0189648 0.0142659 0.0168201 0.00841481 0.00197394 1.19082e-05 0 
0 0 0.00104952 0.00531431 0.00908862 0.00828928 0.0211402 0.0118404 0.0139014 0.023212 0.0247629 0.0237683 0.0214089 0.0138734 0.0155303 0.00831533 0.0143045 0.0134018 0.0186097 0.0171297 0.0159835 0.015141 0.0161634 0.0184903 0.0199828 0.016625 0.01398 0.018287 0.0245817 0.0379239 0.0407925 0.0317416 0.0264179 0.0214794 0.0165414 0.0204722 0.0194599 0.0225274 0.0258333 0.0294097 0.027291 0.0280879 0.0227997 0.0238401 0.0166361 0.0182979 0.0210017 0.021078 0.0171254 0.0170274 0.0189121 0.021128 0.0187573 0.0192015 0.013667 0.0184537 0.0173269 0.0171424 0.0221221 0.0250273 0.0238346 0.0197255 0.0224737 0.0247768 0.0174896 0.0114302 0.00161181 0 0 
0 0 0 0.000124781 0.000918292 0.00726347 0.0143807 0.0170002 0.0147187 0.0168591 0.0184296 0.0151271 0.0138237 0.018184 0.0211334 0.0147661 0.0207825 0.0203713 0.0210575 0.0254472 0.0196855 0.0155951 0.0164974 0.0194868 0.0187238 0.0188699 0.0229835 0.024466 0.0369927 0.0455574 0.0604242 0.0369543 0.0317169 0.0274189 0.0190809 0.0185548 0.0183246 0.0214162 0.0344738 0.0292611 0.0233918 0.0253614 0.0218888 0.0214893 0.0194498 0.0152739 0.0143291 0.0135994 0.0121136 0.0145156 0.0187607 0.0233217 0.0180593 0.0173933 0.0230597 0.0225918 0.0187646 0.0193585 0.0209905 0.0162441 0.018373 0.0175457 0.0195827 0.0226036 0.0150886 0.00727626 0.000902708 0 0 
0 0 0 0 2.53753e-05 0.00525939 0.0189501 0.0288809 0.0185879 0.0165413 0.0185934 0.0114837 0.0180198 0.0261647 0.0294478 0.025609 0.025463 0.0232481 0.0204246 0.0173431 0.015775 0.0193321 0.0209682 0.0233305 0.024485 0.0204177 0.0293628 0.0283013 0.028347 0.0185964 0.0201097 0.019263 0.0196111 0.0238307 0.0262442 0.0226072 0.0175822 0.0234399 0.0350687 0.0324491 0.0323978 0.0255922 0.0168654 0.0174144 0.0203286 0.0155383 0.0127808 0.0148799 0.0159032 0.0172122 0.0204243 0.0192461 0.0217634 0.020986 0.0217052 0.0195479 0.0171825 0.0202046 0.0186555 0.0168386 0.0277281 0.0196027 0.0234495 0.0220758 0.0137974 0.00802716 0.000707108 0 0 
0 0 0 0 0.000258031 0.00309807 0.0100794 0.0127487 0.00672747 0.00982157 0.0122432 0.00723515 0.0183106 0.0222526 0.0297854 0.0337051 0.0259148 0.0202625 0.0151479 0.0147631 0.014166 0.0236206 0.0266682 0.0294707 0.0235856 0.0280195 0.0333128 0.0230847 0.0269704 0.0206283 0.0197527 0.0195554 0.0197803 0.0238692 0.0312076 0.0266531 0.0170905 0.0257005 0.0308992 0.0298909 0.0335601 0.028457 0.0190371 0.0125614 0.0113463 0.0103053 0.0129567 0.0187943 0.0149365 0.0163399 0.0279151 0.0343129 0.0325084 0.0172154 0.0159757 0.0201012 0.0146702 0.0160982 0.0211568 0.017121 0.0239798 0.0135979 0.018211 0.0208439 0.0122881 0.00497422 0.000510464 0 0 
0 0 0 0 0.000360276 0.00217127 0.00501188 0.00618167 0.0101287 0.0122771 0.0132469 0.0144294 0.0179335 0.0144708 0.0235197 0.0231648 0.0239235 0.0187166 0.0175643 0.0198757 0.0217081 0.0219109 0.0256378 0.0308142 0.0252287 0.023225 0.0239791 0.01721 0.0223204 0.0202844 0.024253 0.0189789 0.0260258 0.0325061 0.0275867 0.0296176 0.0274751 0.024269 0.0268131 0.0276877 0.0247268 0.0187972 0.0158567 0.00907027 0.00880342 0.0142735 0.0179223 0.0225471 0.0230984 0.0183584 0.0213974 0.0358988 0.0290414 0.0269232 0.020755 0.0155117 0.0135034 0.0125959 0.0133148 0.0142943 0.0133017 0.00973556 0.0207426 0.0211292 0.0102101 0.00346387 0.000111652 0 0 
0 0 0 0 0 0.000594742 0.00283876 0.00406393 0.00711752 0.00421561 0.0095897 0.0220347 0.0190759 0.0114534 0.0174217 0.0184374 0.0199384 0.0188598 0.0205947 0.0215946 0.0242832 0.0233399 0.0272826 0.0244992 0.0241781 0.0194611 0.0146593 0.0118685 0.0134896 0.0210628 0.0295199 0.0254612 0.0317587 0.0559647 0.06325 0.0275469 0.0211163 0.017985 0.0194927 0.0142394 0.014375 0.0156891 0.010132 0.00835602 0.0193131 0.0310484 0.0185375 0.0187602 0.0218497 0.021613 0.0191341 0.0206277 0.0389203 0.0606698 0.0330526 0.00826378 0.0038015 0.0039524 0.00380764 0.00324642 0.00410915 0.00760727 0.0220895 0.0120992 0.00761291 0.00153087 2.23032e-05 0 0 
0 0 0 0 0 0 0.000428853 0.000835269 0.00245183 0.00313665 0.0103737 0.0162096 0.00895186 0.0124059 0.0131994 0.0238261 0.0174413 0.0135376 0.0179049 0.0294804 0.0301202 0.025827 0.0218062 0.0228777 0.0174133 0.0137029 0.0125305 0.0151453 0.024051 0.022367 0.0190468 0.0250543 0.0291544 0.0521276 0.0555877 0.0287405 0.0236638 0.0126895 0.00940037 0.00663512 0.0132248 0.0231888 0.0142386 0.0145583 0.0207532 0.0271533 0.0198415 0.0204061 0.0252303 0.0217033 0.0209335 0.0230159 0.0364626 0.0420678 0.0211398 0.00699119 0.00387553 0.00197164 0.00164416 0.00449093 0.00827028 0.0108211 0.0187564 0.0063938 0.00275041 0.000205169 0 0 0 
0 0 0 0 0 0 0 0.00109758 0.00608187 0.00747229 0.0136438 0.0148939 0.010196 0.00935021 0.010213 0.0212136 0.019027 0.0205466 0.020982 0.0423368 0.036763 0.0225379 0.0205011 0.0227271 0.0223255 0.0128334 0.0124332 0.0122211 0.018354 0.0175919 0.0172217 0.0251907 0.0237985 0.0321334 0.0276405 0.0301256 0.0244834 0.0106294 0.0138506 0.0118645 0.0169197 0.0348882 0.0283682 0.0179145 0.0147994 0.0227688 0.0234168 0.0210094 0.0247058 0.0264026 0.020075 0.0196601 0.0217006 0.0172896 0.0163541 0.008185 0.0044616 0.0075897 0.00637754 0.00927971 0.015568 0.0232776 0.0222769 0.00731546 0.00014494 0 0 0 0 
0 0 0 0 0 0 0 0.000459666 0.00608786 0.0125764 0.015624 0.0160189 0.00917502 0.00939969 0.0146543 0.0133118 0.00928927 0.0114649 0.0221866 0.0310748 0.0311123 0.0209886 0.0207318 0.0265821 0.0321756 0.0159697 0.0121999 0.00998146 0.018827 0.0223041 0.0196022 0.0181496 0.0229719 0.0214561 0.0186748 0.0190081 0.0174673 0.0143394 0.0181847 0.0176545 0.0149429 0.0206844 0.0272466 0.0236605 0.0172232 0.016565 0.0313432 0.0249689 0.0210245 0.0207564 0.0134625 0.018377 0.0136859 0.0164373 0.0126559 0.00958992 0.011546 0.0116915 0.00804557 0.00875011 0.0126464 0.0210498 0.0177931 0.00583587 1.65911e-05 0 0 0 0 
0 0 0 0 0 0 0 0.000664291 0.00469791 0.0113391 0.0135635 0.0130145 0.0126023 0.0102536 0.0120948 0.0127181 0.0106177 0.0106521 0.0209054 0.0222608 0.02611 0.0223547 0.018412 0.0305082 0.0408736 0.0244559 0.0190995 0.0174449 0.0191032 0.0259864 0.0292877 0.0204692 0.0206842 0.0135309 0.0136443 0.0160631 0.015437 0.0235312 0.0175202 0.0171539 0.01703 0.0193723 0.0250023 0.0205622 0.0155982 0.0231593 0.0276125 0.0239731 0.0205895 0.0173183 0.0148702 0.0171334 0.0154331 0.016145 0.0140886 0.0134 0.0169609 0.00724611 0.00385393 0.00386928 0.00516407 0.00724792 0.00419817 0.000800253 0 0 0 0 0 
0 0 0 0 0 0 0 7.8707e-05 0.00223187 0.00878207 0.0118968 0.011768 0.0135283 0.0105825 0.0157053 0.0176936 0.0164869 0.0153869 0.0137943 0.0238717 0.0253388 0.0241391 0.0203332 0.0289335 0.0413362 0.0305617 0.021804 0.019754 0.018993 0.0203449 0.0247934 0.0198862 0.0178863 0.0157482 0.0206721 0.0187469 0.0213363 0.0224307 0.018802 0.0149007 0.0197235 0.0187406 0.0173277 0.0155565 0.0168776 0.0231864 0.0249792 0.0221018 0.0165197 0.0130662 0.0125335 0.0352636 0.0229338 0.0122055 0.0126966 0.011282 0.0130039 0.00615489 0.00260745 0.000799158 0.00232073 0.000881733 0.00051889 0 0 0 0 0 0 
0 0 0 0 0 0 0 0 0.00120804 0.005394 0.0149284 0.0120669 0.0138895 0.0132742 0.01554 0.0115528 0.0144774 0.0189743 0.0238946 0.02317 0.0263135 0.0317391 0.0287243 0.0232034 0.0276173 0.0247255 0.0188409 0.0192899 0.0166776 0.0139414 0.0195016 0.0265727 0.0236249 0.0139728 0.0163763 0.0195212 0.0279027 0.0225324 0.0202467 0.0141008 0.0164219 0.0143775 0.0143672 0.0187133 0.0195156 0.0193587 0.0202033 0.0171145 0.0160914 0.0119763 0.0224536 0.063956 0.0342339 0.0100862 0.00909378 0.011441 0.013329 0.0157174 0.0166564 0.00645242 0.000198491 0 0 0 0 0 0 0 0 
0 0 0 0 0 0 0 0 3.42215e-05 0.00249232 0.0120967 0.0080387 0.0177088 0.0268435 0.0212592 0.0155926 0.019858 0.021855 0.0209509 0.0193428 0.0243849 0.0356961 0.0296779 0.0269697 0.028874 0.0265249 0.0231665 0.0203486 0.0229118 0.018393 0.0262228 0.0349414 0.0313937 0.0147905 0.0185077 0.0213574 0.0280281 0.0220202 0.0192031 0.0190993 0.0141291 0.0115257 0.0169333 0.0240882 0.0243744 0.0191572 0.0142681 0.0171734 0.0174417 0.0133692 0.0204976 0.037476 0.0134453 0.00607208 0.0113345 0.0251104 0.0308794 0.0296472 0.024387 0.00814596 2.61041e-05 0 0 0 0 0 0 0 0 
0 0 0 0 0 0 0 0 0 0.000265146 0.00315548 0.00447648 0.0174131 0.026637 0.0166669 0.00915907 0.00975345 0.0163338 0.0222332 0.0231101 0.0246863 0.0292404 0.0294001 0.0250249 0.0244929 0.0214085 0.0291185 0.0432975 0.0285924 0.0175514 0.020243 0.0303068 0.0249783 0.0172213 0.0175029 0.0235344 0.025313 0.0234874 0.0268452 0.0197282 0.0215898 0.015641 0.0140833 0.0279082 0.0296669 0.0268876 0.0189392 0.027751 0.0202281 0.0169246 0.0140107 0.0142081 0.0168387 0.0113033 0.0133732 0.0176936 0.0152441 0.0112368 0.0107573 0.00466708 0 0 0 0 0 0 0 0 0 
0 0 0 0 0 0 0 0 0 0 0 0.00274011 0.0130025 0.0190197 0.0203677 0.017517 0.0175188 0.0158353 0.0222316 0.0126614 0.00698964 0.00960477 0.0213471 0.0251701 0.0190646 0.0184534 0.030744 0.0547545 0.0267084 0.0112546 0.00410823 0.00843548 0.00696856 0.010065 0.0124488 0.0219475 0.0289458 0.0342279 0.028517 0.0208474 0.0177853 0.0198503 0.0225042 0.0223039 0.0295142 0.0302802 0.0217451 0.0225 0.0180097 0.0194171 0.0237378 0.0233053 0.0177157 0.018031 0.0123269 0.0141431 0.00759622 0.00527227 0.00197885 0.00020655 0 0 0 0 0 0 0 0 0 
0 0 0 0 0 0 0 0 0 0 0 0.000116719 0.0034255 0.01372 0.0194409 0.0175252 0.0158179 0.0268919 0.0280637 0.00968566 0.000707939 0.000858098 0.0063204 0.0191783 0.0186759 0.0208913 0.0252034 0.0250432 0.0225335 0.0121286 0.00366973 0.00167 0.00332702 0.00673084 0.00674278 0.0136395 0.0213394 0.0263301 0.0277792 0.0195543 0.0241801 0.0191705 0.0213712 0.0187882 0.0172287 0.0237972 0.0155063 0.011522 0.0198885 0.0293559 0.0402169 0.0293063 0.0163914 0.0113827 0.0081163 0.0033136 0.004066 0.00331714 0 0 0 0 0 0 0 0 0 0 0 
0 0 0 0 0 0 0 0 0 0 0 0 2.18338e-06 0.000618582 0.00217767 0.00435531 0.00786448 0.0191479 0.0202383 0.00542465 3.72612e-06 0.000926347 0.00681202 0.0140433 0.0188098 0.0173049 0.0232724 0.0203402 0.017768 0.0175876 0.0103073 0.00158075 0.000695641 0.00164076 0.00157189 0.00586228 0.0135641 0.017073 0.0161857 0.0153335 0.0176613 0.0211542 0.0196508 0.0203263 0.0237604 0.0228117 0.0179496 0.0243397 0.0288625 0.0263554 0.0324359 0.0313435 0.0150958 0.00534295 0.000746751 0.000476456 0.000834263 0.000230224 0 0 0 0 0 0 0 0 0 0 0 
0 0 0 0 0 0 0 0 0 0 0 0 0 0 2.49658e-05 0.000301347 0.00240299 0.00548214 0.00804498 0.00198138 0 0.00187654 0.00889673 0.012438 0.0158074 0.0150848 0.0166259 0.0154565 0.0195706 0.0182298 0.0181122 0.00861938 0.000467381 0 0.000104256 0.00300232 0.00987623 0.016802 0.0122113 0.0165886 0.0173397 0.0200647 0.0212019 0.0247387 0.0216193 0.0337916 0.0314564 0.0261686 0.0231928 0.0256952 0.0265653 0.0211448 0.0088873 0.000579187 0 3.19116e-06 2.47634e-06 0 0 0 0 0 0 0 0 0 0 0 0 
0 0 0 0 0 0 0 0 0 0 0 0 0 0 0 0 0 0.000795945 0.000723977 1.5566e-06 0.000642143 0.00508969 0.0179141 0.026009 0.0254587 0.0203275 0.0120457 0.0114114 0.0148218 0.0138971 0.0221335 0.0192212 0.00375068 0.000492134 0.00013889 0.00240617 0.0064661 0.00937172 0.00877675 0.0126977 0.0143995 0.0128261 0.0154167 0.0178243 0.0267117 0.0441385 0.0375654 0.0225187 0.0170109 0.0144094 0.0112197 0.0128546 0.00734628 0 0 0 0 0 0 0 0 0 0 0 0 0 0 0 0 
0 0 0 0 0 0 0 0 0 0 0 0 0 0 0 0 0 0 0 0.000624908 0.00305882 0.00840188 0.0149386 0.030201 0.029474 0.0289159 0.018177 0.0116497 0.012421 0.0179124 0.0135316 0.0147589 0.00445211 0.00441145 0.0030408 0.000981494 0.00147283 0.00156935 0.00514464 0.0139869 0.0203943 0.0141877 0.0192455 0.0209872 0.0301678 0.0371465 0.0290287 0.0141345 0.0071725 0.00454057 0.00565534 0.00385123 0.000774176 0 0 0 0 0 0 0 0 0 0 0 0 0 0 0 0 
0 0 0 0 0 0 0 0 0 0 0 0 0 0 0 0 0 0 0 0.000744111 0.00242316 0.00637596 0.0144749 0.0226973 0.0220953 0.0221222 0.0189526 0.0159126 0.0224715 0.0248356 0.0133812 0.0105519 0.0104951 0.016034 0.0118143 0.00439143 0.00167298 0.00515459 0.0131618 0.019509 0.0229055 0.0231532 0.0156114 0.0178895 0.0284879 0.029245 0.0201918 0.0065938 0.00103889 0.000287419 0.000658519 8.6462e-05 0 0 0 0 0 0 0 0 0 0 0 0 0 0 0 0 0 
0 0 0 0 0 0 0 0 0 0 0 0 0 0 0 0 0 0 0 0 0.000316597 0.00122506 0.00458014 0.0071208 0.0104495 0.0113141 0.0129685 0.0132984 0.0218263 0.0246041 0.0150026 0.0100454 0.0100948 0.0158806 0.00781292 0.00471491 0.00637892 0.0100327 0.0142002 0.0178888 0.02515 0.0334575 0.0131352 0.00441241 0.00739181 0.00736437 0.00354283 0.000751162 3.0818e-06 0 0 0 0 0 0 0 0 0 0 0 0 0 0 0 0 0 0 0 0 
0 0 0 0 0 0 0 0 0 0 0 0 0 0 0 0 0 0 0 0 0 0 0.000223253 0.000713385 0.00140907 0.000941389 0.00141921 0.00781421 0.0160039 0.00977706 0.00764358 0.00358446 0.00227808 0.00724048 0.00486289 0.00158724 0.00115028 0.00723777 0.0156158 0.0166966 0.0235171 0.0302972 0.0125174 0.000456754 8.2549e-05 0.000458482 3.26391e-05 0 0 0 0 0 0 0 0 0 0 0 0 0 0 0 0 0 0 0 0 0 0 
0 0 0 0 0 0 0 0 0 0 0 0 0 0 0 0 0 0 0 0 0 0 0 0 0 0 5.44352e-05 0.0014508 0.00109848 0.00058089 0.000168027 0.000304519 0.000366181 0.000445922 0.000577553 0.000213337 2.09391e-05 0.000758012 0.0046949 0.008402 0.00779844 0.00737643 0.00318645 0.000167578 0 0 0 0 0 0 0 0 0 0 0 0 0 0 0 0 0 0 0 0 0 0 0 0 0 

