0 0 0 0 0 0 0 0 0 0 0 0 0 0 0 0 0 0 0 0 0 0 0 0 0 0 0 0 0 0 0 0 0 0 0 0 0 4.18139e-05 6.34945e-05 0 0 0 0 0 0 0 0 0 0 0 0 0 0 0 0 0 0 0 0 0 0 0 0 0 0 0 0 0 0 
0 0 0 0 0 0 0 0 0 0 0 0 0 0 0 0 0 0 0 0 0 0 0 0 0 0.000108606 0.000864491 0.000438842 0.000177288 9.76771e-05 0.000802616 0.00869834 0.00574123 0.00203436 0.000336355 1.12297e-05 0.000854859 0.00363173 0.00395377 0.0021079 0.00321787 0.00449141 0.00210279 0.000295408 0 0 0 0 0 0 0 0 0 0 0 0 0 0 0 0 0 0 0 0 0 0 0 0 0 
0 0 0 0 0 0 0 0 0 0 0 0 0 0 0 0 0 0 0 0 0 0 2.2671e-05 0.00016778 0.00125792 0.00810072 0.0168665 0.0113516 0.00799201 0.00197228 0.00148407 0.00703523 0.00833285 0.00907972 0.00297652 0.00195662 0.00402798 0.0124857 0.0122116 0.0116098 0.00775566 0.00885001 0.0118052 0.00597072 0.0031722 0.00311083 0.000399622 0 0 0 0 0 0 0 0 0 0 0 0 0 0 0 0 0 0 0 0 0 0 
0 0 0 0 0 0 0 0 0 0 0 0 0 0 0 0 0 0 0 0 0.000278841 0.00124865 0.00359389 0.00859103 0.0164957 0.0195003 0.0293208 0.0306132 0.0236681 0.0131275 0.00457577 0.00252856 0.00399974 0.00404839 0.00759943 0.00450705 0.0110373 0.0183053 0.0170737 0.0116881 0.00900453 0.00958086 0.0129524 0.0133345 0.0089864 0.00779024 0.0028282 4.6217e-05 0 0 0 0 0 0 0 0 0 0 0 0 0 0 0 0 0 0 0 0 0 
0 0 0 0 0 0 0 0 0 0 0 0 0 0 0 0 0 0 3.15847e-05 0.00281626 0.00600072 0.0119958 0.0169377 0.0191738 0.0252247 0.0293824 0.0251193 0.029528 0.0341353 0.0183413 0.010625 0.00795927 0.0108445 0.00685778 0.00926648 0.00856814 0.0135732 0.0211382 0.0152763 0.0128816 0.00749435 0.00502687 0.0106918 0.0128356 0.0157114 0.0112383 0.00824963 0.00100647 0.000132436 3.32856e-05 0.000149946 0.000176059 0 0 0 0 0 0 0 0 0 0 0 0 0 0 0 0 0 
0 0 0 0 0 0 0 0 0 0 0 0 0 0 0 0 0 9.78471e-05 0.00324498 0.0119044 0.0196779 0.0210548 0.0198035 0.018662 0.0247247 0.0277969 0.0192704 0.0239266 0.0297936 0.0223738 0.0215958 0.0202701 0.0156025 0.0165526 0.0106198 0.00897499 0.0104659 0.0151325 0.0163258 0.0119336 0.0103835 0.0075386 0.0133901 0.0166285 0.0165808 0.0162756 0.0156209 0.0106168 0.00429481 0.00213868 0.00828624 0.00721312 0.00061009 6.38337e-05 0 0 0 0 0 0 0 0 0 0 0 0 0 0 0 
0 0 0 0 0 0 0 0 0 0 0 0 0 0 0 0 0 0.000782514 0.00812852 0.0196544 0.0255568 0.0142304 0.00598245 0.0140715 0.0254247 0.0302564 0.0201722 0.0232707 0.0213489 0.026227 0.0266567 0.018048 0.0142745 0.0147486 0.0139522 0.00771877 0.00970297 0.012286 0.0112233 0.00819085 0.00785383 0.0126659 0.013969 0.0176887 0.019197 0.0194137 0.0212517 0.0252107 0.0144906 0.0120739 0.0290384 0.0224025 0.0105952 0.0036929 0.000282087 0 0 0 0 0 0 0 0 0 0 0 0 0 0 
0 0 0 0 0 0 0 0 0 0 0 0 0 0 1.67498e-05 1.71334e-07 6.11914e-08 0.00304156 0.0171328 0.0187984 0.02169 0.00802753 0.0053833 0.0120279 0.0214124 0.0294069 0.0259646 0.0251275 0.023521 0.0235757 0.0253554 0.0178698 0.0129661 0.0164557 0.0159185 0.00840704 0.0123858 0.0184095 0.0206329 0.015316 0.00883222 0.0122287 0.0237714 0.0242264 0.027006 0.0259157 0.0307679 0.0180981 0.0183142 0.0198439 0.0344728 0.030098 0.0229069 0.0159225 0.00591108 0.000278627 3.12334e-05 0 0 0 0 0 0 0 0 0 0 0 0 
0 0 0 0 0 0 0 0 0 0 0 0 0 0.00131256 0.0054074 0.00323045 0.00397337 0.0046455 0.00808702 0.0121623 0.0129288 0.0110943 0.018409 0.0131229 0.0147054 0.0234763 0.0238044 0.0311393 0.0281532 0.0213572 0.019725 0.0180078 0.0127648 0.0180356 0.0136493 0.0148669 0.0158079 0.017874 0.02777 0.0195337 0.00957867 0.0158244 0.0265899 0.027702 0.0264554 0.0217788 0.021785 0.016631 0.0191484 0.0224055 0.0269751 0.0209659 0.0219024 0.0257638 0.0171147 0.0040059 0.00133193 0 0 0 0 0 0 0 0 0 0 0 0 
0 0 0 0 0 0 0 0 0 0 0 0 0 0.0050194 0.0159722 0.0138412 0.0111828 0.00853834 0.0178752 0.0182016 0.0167898 0.0136758 0.0188693 0.0184778 0.0196724 0.0193979 0.025604 0.0285168 0.0296409 0.0322692 0.0263069 0.0184904 0.0123041 0.0120682 0.0134909 0.014016 0.0177002 0.0177433 0.0170152 0.0166574 0.013452 0.0156791 0.0233032 0.0272451 0.0271199 0.0266115 0.0210399 0.0247749 0.0202255 0.021454 0.0192675 0.0200898 0.0276008 0.0325478 0.0208816 0.0127649 0.00523332 0.00155235 0.000260514 0 0 0 0 0 0 0 0 0 0 
0 0 0 0 0 0 0 0 0 0 0.000915102 0.00436945 0.00335073 0.00938989 0.0182894 0.0198529 0.0131209 0.00682146 0.0119194 0.0213359 0.0216289 0.021944 0.0246896 0.0268314 0.023837 0.0284637 0.0258077 0.0268452 0.0281168 0.0302776 0.029507 0.0254653 0.0193518 0.0166479 0.0141369 0.0203249 0.0185309 0.0194424 0.0150878 0.0142301 0.0149357 0.0271821 0.0302808 0.0207499 0.0179511 0.0206804 0.0202656 0.0228364 0.016322 0.0172212 0.0167176 0.0296471 0.0369288 0.0479121 0.0353127 0.0181714 0.0125947 0.0115621 0.00438424 1.49431e-05 0 0 0 0 0 0 0 0 0 
0 0 0 0 0 0 0 0 0 0.000618072 0.0101086 0.0188414 0.0180238 0.0160509 0.0191338 0.0212843 0.0182018 0.0202737 0.0178446 0.0292239 0.0299171 0.0256082 0.0248008 0.0231775 0.0223355 0.0228654 0.024519 0.0262533 0.0198682 0.0181834 0.0251929 0.0296723 0.025538 0.0242373 0.0201777 0.0192856 0.0201227 0.0209115 0.0208072 0.0180038 0.0235554 0.0370411 0.0266938 0.0227057 0.020953 0.0244204 0.0264995 0.0216673 0.0173376 0.0179891 0.0141117 0.0200761 0.0224647 0.0364152 0.0315773 0.0177909 0.0182022 0.018397 0.0154149 0.00122328 0 0 0 0 0 0 0 0 0 
0 0 0 0 0 0 0 0 0.000169159 0.00626373 0.0200063 0.030196 0.02001 0.0168641 0.0196002 0.0256822 0.0282841 0.0276488 0.0238014 0.0282355 0.0292682 0.0300417 0.0301768 0.0286849 0.0275588 0.0223947 0.0206783 0.0204156 0.023634 0.0270524 0.0229211 0.0373206 0.0287129 0.0258085 0.0174175 0.0177282 0.0224134 0.0224355 0.0166626 0.0154319 0.0232203 0.0326409 0.0311573 0.0269142 0.023092 0.0242394 0.0263097 0.0265426 0.0152752 0.0140529 0.0115731 0.0114498 0.0126515 0.021464 0.0194374 0.0190556 0.0200202 0.0213441 0.0177221 0.00467247 0.000873231 6.51778e-06 0 0 0 0 0 0 0 
0 0 0 0 0 0 0 8.03848e-05 0.00247173 0.0119624 0.0152799 0.00881815 0.00851004 0.012065 0.0171153 0.0208833 0.0229816 0.0199686 0.0268462 0.0273048 0.0246396 0.031236 0.0574149 0.0657699 0.0324413 0.0206507 0.0244104 0.0271271 0.0313899 0.0399361 0.0296502 0.0286579 0.0227112 0.0232374 0.0244381 0.0198193 0.0180434 0.022723 0.0188899 0.0186568 0.0245072 0.0299883 0.0389589 0.0312023 0.0266111 0.0241207 0.0329626 0.034203 0.0163912 0.0167626 0.0210583 0.0146438 0.0121732 0.0182887 0.0140375 0.0165569 0.0193612 0.0196991 0.0224191 0.0146401 0.00934011 0.00265837 4.62135e-05 0 0 0 0 0 0 
0 0 0 0 0 0 0 0.00121395 0.00953492 0.0161879 0.0170356 0.0152125 0.0177828 0.0237511 0.0235853 0.0220066 0.021497 0.0237682 0.0230699 0.0289197 0.0231031 0.0226465 0.0513772 0.0698303 0.0327014 0.0252944 0.0216493 0.0252254 0.0291702 0.0316244 0.0291584 0.0244457 0.0193519 0.0259731 0.028149 0.0199467 0.0203029 0.0200002 0.0187118 0.020845 0.0161808 0.0189169 0.0275029 0.0306979 0.0272851 0.0209213 0.0345159 0.0340423 0.0139456 0.0143858 0.0323541 0.0335463 0.0276434 0.0188799 0.0155395 0.0115657 0.0100468 0.010002 0.0251599 0.0301326 0.0304619 0.0150356 0.00192434 0 0 0 0 0 0 
0 0 0 0 0 0 0.000619422 0.00875548 0.0165495 0.0201492 0.0102431 0.0131896 0.0163224 0.0226549 0.0235194 0.021864 0.0288576 0.0321259 0.0343097 0.0306509 0.0314525 0.0265809 0.0346847 0.0390674 0.0312781 0.0244406 0.0227361 0.0246946 0.0325908 0.0222324 0.0278158 0.0257723 0.018819 0.0374338 0.0328855 0.0256484 0.0246017 0.0200359 0.015891 0.0200142 0.0171872 0.0283652 0.0259783 0.0316547 0.022483 0.0242862 0.0285253 0.0336973 0.0297671 0.0222199 0.0287759 0.0405989 0.0330979 0.0231328 0.0204717 0.017545 0.0135941 0.0121855 0.0151549 0.0349997 0.0435744 0.0304924 0.0110914 0.00088383 0 0 0 0 0 
0 0 0 0 0 0.000116678 0.00900664 0.0188387 0.0200189 0.0119567 0.00362749 0.00655282 0.0105042 0.00946538 0.0151994 0.0212689 0.0249763 0.0300608 0.0274852 0.032154 0.0336572 0.028526 0.0284499 0.032555 0.0370623 0.030476 0.0328983 0.0324869 0.0275347 0.0211358 0.0255855 0.0215153 0.01742 0.0291136 0.0254332 0.019803 0.0323953 0.0286919 0.0189754 0.0181723 0.0186659 0.0271121 0.0318532 0.0311019 0.0285454 0.0258754 0.0296213 0.0336724 0.0345794 0.031936 0.029689 0.0299724 0.0226581 0.0183111 0.0223649 0.019546 0.0184824 0.0156487 0.0170131 0.0232495 0.0229141 0.0293736 0.0190355 0.00608195 0 0 0 0 0 
0 0 0 0 0 0.00119993 0.011441 0.0183615 0.0125152 0.00575269 0.0043673 0.00455507 0.00634877 0.0101658 0.0182159 0.0202958 0.0136201 0.0215473 0.025987 0.0251205 0.0264108 0.0252267 0.0233185 0.0271665 0.0283996 0.0298173 0.0370026 0.0297366 0.0226871 0.0216897 0.0257261 0.0222832 0.0158556 0.0215259 0.0298947 0.0295071 0.0272865 0.028504 0.0215123 0.0219189 0.0258831 0.0287629 0.034394 0.0253154 0.0250998 0.0249569 0.0249988 0.0292125 0.025416 0.0252539 0.0264184 0.0317637 0.0215082 0.0249163 0.0173685 0.018601 0.0284463 0.0127905 0.0126104 0.0174257 0.0187274 0.0188017 0.0167945 0.00897404 0.000967748 0 0 0 0 
0 0 0 0 0 8.64429e-05 0.00104789 0.00554229 0.0019614 0.00164446 0.00773567 0.0174805 0.0126174 0.00850962 0.014848 0.0188328 0.0174502 0.0193976 0.0200707 0.0191068 0.0219755 0.0291167 0.0330067 0.0276234 0.0236984 0.0265829 0.0331157 0.0249785 0.0228804 0.024248 0.027293 0.0199028 0.0162996 0.0181334 0.0298289 0.0453288 0.0376777 0.0257548 0.02247 0.0261253 0.0240916 0.0176227 0.022788 0.0219664 0.0247035 0.0237229 0.0213639 0.0340432 0.0256672 0.0229836 0.02228 0.0231049 0.0220312 0.021609 0.0237827 0.0205402 0.027703 0.0194457 0.0119959 0.0156587 0.0180193 0.0147345 0.0167959 0.0169336 0.00346794 0 0 0 0 
0 0 0 0 0 9.97649e-05 0.0033359 0.0101588 0.0123404 0.00974698 0.0156933 0.0196799 0.0107155 0.00756479 0.0151799 0.0188385 0.0184679 0.0182903 0.017967 0.0150824 0.0257668 0.0352902 0.0310827 0.0245555 0.0177916 0.0221522 0.0245133 0.020087 0.021515 0.0194366 0.0276746 0.0264225 0.0243845 0.0219207 0.031412 0.034646 0.0257803 0.0163736 0.028722 0.0243489 0.0268972 0.0178805 0.0246366 0.0216572 0.0199185 0.0145504 0.0222275 0.030958 0.026079 0.0228009 0.0301127 0.0367028 0.0340336 0.0212974 0.0249502 0.0239067 0.0217458 0.0173833 0.0150035 0.0163163 0.0180734 0.0182352 0.0162031 0.0106994 0.00138045 2.97632e-05 0 0 0 
0 0 0 0 0 0.00453611 0.0162543 0.0229489 0.0240692 0.0233602 0.0229407 0.0103751 0.00603432 0.0121521 0.0196116 0.0162517 0.0182746 0.0248724 0.0204568 0.0173015 0.02608 0.0338216 0.0269009 0.0213913 0.0183558 0.0232657 0.025174 0.0251977 0.0247077 0.026914 0.0262033 0.0279452 0.0266407 0.0289966 0.0310871 0.0302217 0.0295465 0.02629 0.035339 0.0296945 0.0183501 0.0230502 0.0251353 0.0251815 0.0326827 0.0191928 0.016811 0.0266814 0.02363 0.02439 0.0366012 0.0537427 0.059482 0.0148234 0.0174244 0.0226399 0.02113 0.0268371 0.0257106 0.0234653 0.0175152 0.0189951 0.0201275 0.0174492 0.00673963 0.000896991 0 0 0 
0 0 0 0 0 0.00180679 0.0093113 0.0187087 0.0162199 0.0202055 0.013419 0.0165677 0.0111833 0.0128695 0.0168639 0.0159031 0.0169604 0.0170518 0.0211749 0.0205433 0.0277755 0.0184222 0.0163114 0.0235339 0.0263264 0.024647 0.0237986 0.02169 0.0194949 0.0236589 0.0314432 0.0328848 0.0301354 0.0211406 0.0183889 0.0162986 0.021463 0.0249113 0.0344568 0.0305387 0.0171502 0.023733 0.0274135 0.0318948 0.0711602 0.0391267 0.0251396 0.0163682 0.0237057 0.0304503 0.0266734 0.036542 0.0441515 0.0237691 0.012636 0.0179537 0.0264931 0.0288434 0.0290404 0.0233318 0.0125449 0.0121052 0.021764 0.0191122 0.0144854 0.00735703 3.71813e-05 0 0 
0 0 8.65398e-06 0.000100716 9.15217e-05 0.000145727 0.000507174 0.00456008 0.00780619 0.0109861 0.014457 0.019486 0.0156872 0.0191891 0.0241877 0.0269946 0.024003 0.0177906 0.0164374 0.0179302 0.0222521 0.0175036 0.0129247 0.0160554 0.0260016 0.0249409 0.0301085 0.0198326 0.0179314 0.0247695 0.0291958 0.0299725 0.0274925 0.0245221 0.0193696 0.0222376 0.0214584 0.0302344 0.055157 0.0411383 0.022901 0.0213513 0.0223598 0.0280859 0.0430225 0.0340383 0.0224128 0.0206607 0.0234425 0.0415444 0.023858 0.0150559 0.0186298 0.0327854 0.0266322 0.0133023 0.0191904 0.0272548 0.0266576 0.0281254 0.0159489 0.0134676 0.0207982 0.0310753 0.0210643 0.00662885 0.000671521 0 0 
0 0 0.000512376 0.00552411 0.00822373 0.00360688 0.00803441 0.0160152 0.0185421 0.0154655 0.0153947 0.0224309 0.0195997 0.0207538 0.0284945 0.0358182 0.0359814 0.0218022 0.0128433 0.0150257 0.0189775 0.0163948 0.0175058 0.0194694 0.0311502 0.0334078 0.0303353 0.020009 0.0275794 0.0282058 0.0272541 0.0210572 0.0307509 0.0279468 0.0291752 0.029591 0.0252585 0.0316101 0.0376829 0.0313507 0.0261289 0.0273299 0.02465 0.0249094 0.0285524 0.02801 0.0197601 0.0230027 0.0302807 0.0367556 0.0189413 0.0137514 0.0158928 0.0199473 0.0229142 0.0209669 0.0218306 0.0226864 0.025138 0.0256773 0.017171 0.0177785 0.0232313 0.020723 0.0248587 0.00451704 0.000360777 0 0 
0 0 0.00417553 0.0126443 0.0148538 0.012772 0.0204972 0.0246796 0.0220621 0.0204551 0.0191262 0.0221009 0.018801 0.0184589 0.0238565 0.029193 0.0272004 0.0210105 0.0180411 0.0144482 0.0194073 0.0183514 0.0180879 0.0242566 0.0282729 0.0302675 0.0281925 0.0262418 0.03024 0.0318506 0.0261898 0.0185787 0.0230838 0.0250822 0.0266642 0.0246717 0.0239194 0.029514 0.033825 0.0316666 0.0255906 0.029275 0.0343174 0.0251103 0.0226508 0.0234517 0.0246837 0.0216175 0.0574368 0.0513644 0.0252492 0.0208969 0.0208351 0.0184023 0.0181988 0.0138556 0.0105476 0.0159144 0.0237892 0.0234585 0.0176776 0.0194751 0.0189086 0.0147306 0.0282927 0.00797118 0.000613698 0 0 
0 8.38345e-05 0.0120028 0.0195432 0.0172312 0.0224554 0.0253016 0.0286169 0.0229658 0.0179782 0.0175041 0.0220929 0.0202774 0.0155637 0.0197311 0.0236765 0.0176441 0.0153559 0.0131343 0.0150069 0.0205566 0.0179979 0.02091 0.0228806 0.0238388 0.0266414 0.0301521 0.0301758 0.0270589 0.0247167 0.0213345 0.0238849 0.0170263 0.0172152 0.0229178 0.0236602 0.0247741 0.0279069 0.0446244 0.0384706 0.0265248 0.0252839 0.0212261 0.0282232 0.0361188 0.0207694 0.0338625 0.0318597 0.0342173 0.0346841 0.0208741 0.026832 0.02692 0.018759 0.0200769 0.0155255 0.0095238 0.0175205 0.0307575 0.029208 0.0174288 0.026918 0.0188178 0.0178584 0.0302407 0.0271231 0.00577963 0.000658028 0 
0 0.000319101 0.00824318 0.0136981 0.0102643 0.0193378 0.017378 0.0223343 0.0229914 0.0229634 0.0189886 0.0182167 0.0142551 0.0172612 0.0172705 0.025419 0.022692 0.0187493 0.0157169 0.0132158 0.0173579 0.0224502 0.0238516 0.0254056 0.0281912 0.0262645 0.0276074 0.0315059 0.0361155 0.0278618 0.0253755 0.0295025 0.0148951 0.0104208 0.0234704 0.0250312 0.0248584 0.0324007 0.0377323 0.0343765 0.0246106 0.0279149 0.0292577 0.0369066 0.0620283 0.0383255 0.0359754 0.0295972 0.0195553 0.0259973 0.0306709 0.0279488 0.0229256 0.0169265 0.0155173 0.0129908 0.00887602 0.0080525 0.01498 0.018974 0.0153418 0.0213813 0.0202357 0.0134014 0.0237458 0.0300906 0.019431 0.00569102 0.000142092 
0 0.000410173 0.00504138 0.00597822 0.00553903 0.00901074 0.0154996 0.0201799 0.0171632 0.0195557 0.0190751 0.0162209 0.0192325 0.0209937 0.0176435 0.0191639 0.0265638 0.0259237 0.0243333 0.0168386 0.0147798 0.0150146 0.0206867 0.014082 0.0263029 0.0226237 0.0299587 0.0287234 0.0256692 0.0233294 0.0250834 0.0257248 0.0150141 0.0182147 0.0218001 0.0409389 0.0203391 0.017805 0.023442 0.0276163 0.0300996 0.0413531 0.0409157 0.0524006 0.0461015 0.0427968 0.0653121 0.076154 0.0323861 0.0193639 0.0335214 0.0284342 0.0213438 0.0157936 0.0132216 0.0167239 0.0135385 0.00860742 0.00628571 0.0102907 0.0102302 0.0128244 0.0147573 0.0142863 0.0169093 0.0247707 0.0245424 0.0176823 0.00167504 
0 0.00107847 0.00439203 0.00859779 0.00713683 0.0129625 0.0204342 0.0199424 0.0137346 0.0157378 0.0243336 0.0209549 0.0286801 0.0263448 0.0234254 0.0195898 0.0239275 0.0319591 0.0218059 0.0132044 0.0134253 0.0121483 0.0143296 0.0194333 0.0164998 0.0244437 0.0295574 0.033941 0.0245586 0.0209947 0.0198248 0.0154922 0.0155044 0.0224987 0.0294372 0.0408302 0.0284636 0.0187685 0.0202097 0.0254993 0.0364551 0.046794 0.0524377 0.0669745 0.0443454 0.0390613 0.061427 0.0755999 0.0389826 0.017073 0.031321 0.0289397 0.0242836 0.014705 0.0148181 0.0171448 0.0168943 0.0155036 0.0148547 0.0230398 0.0219602 0.0137278 0.0150249 0.0181913 0.0188418 0.0239263 0.0239809 0.0131833 0.00125079 
0 0.00336535 0.0111477 0.0148521 0.0129859 0.00848459 0.0138928 0.0177556 0.0173631 0.0110249 0.0162123 0.0251499 0.0278925 0.028881 0.0318979 0.0204374 0.0250428 0.0315911 0.0153659 0.0167789 0.0153233 0.014193 0.0210665 0.0225372 0.0136136 0.020847 0.016716 0.0187271 0.0134891 0.0103089 0.0174494 0.0248108 0.0314559 0.0326261 0.0235089 0.0296063 0.0250446 0.0324812 0.037662 0.0243336 0.0438518 0.0672851 0.0517535 0.0594547 0.0366961 0.0285285 0.047202 0.0743161 0.0203799 0.0201442 0.0237011 0.0177829 0.0223184 0.0200819 0.0141186 0.0131937 0.016543 0.0263256 0.0321137 0.0321143 0.0269441 0.020633 0.0175418 0.0185539 0.017017 0.0224027 0.0216648 0.0124319 0.00126344 
0 0.00111377 0.00477205 0.0145858 0.0126993 0.00473968 0.0105745 0.0178729 0.0178508 0.0196312 0.0158184 0.0237194 0.0233448 0.0198671 0.0174569 0.0146763 0.0209724 0.018402 0.0187848 0.0165551 0.0132902 0.018351 0.0250429 0.0233641 0.0163794 0.0256326 0.024529 0.0206654 0.0193661 0.0214182 0.0245572 0.0348712 0.046661 0.0450926 0.019459 0.0174127 0.0198296 0.0310122 0.0311435 0.0236998 0.0352508 0.0503672 0.030778 0.0348207 0.032053 0.0346633 0.0398804 0.0564216 0.0203146 0.0150852 0.0122001 0.0118786 0.0162416 0.0245666 0.0170522 0.0172139 0.0121838 0.0200293 0.0242091 0.0332748 0.0340606 0.0223816 0.0191058 0.0204392 0.0228242 0.0234828 0.0131184 0.0100338 0.00087883 
2.02106e-05 0 0.00425599 0.0149587 0.0107245 0.00254524 0.0122667 0.0242311 0.029284 0.0203549 0.0178012 0.0165897 0.0140299 0.0137488 0.0197399 0.0175101 0.019732 0.0163595 0.0217851 0.0251672 0.0191609 0.0145373 0.0181575 0.0169956 0.0160418 0.0281067 0.0306567 0.025066 0.0296841 0.0242228 0.0226525 0.0237623 0.0325783 0.0295152 0.0224053 0.0181143 0.0237946 0.0343086 0.0311404 0.0255199 0.030755 0.0322369 0.0399661 0.0400139 0.0253344 0.0188421 0.0217365 0.0292084 0.0164764 0.0233356 0.0175425 0.0176731 0.0160456 0.01666 0.0131674 0.0169194 0.0142787 0.0161686 0.0159701 0.0262997 0.0229226 0.0230749 0.0222689 0.0208318 0.0251698 0.0213763 0.0116131 0.0111432 0.00540504 
0.000465599 0 0.00396427 0.00565311 0.00231241 0.00518946 0.0146198 0.022093 0.0180173 0.0154583 0.0136461 0.0155704 0.0131744 0.016446 0.0166038 0.012097 0.0152284 0.0183694 0.0175423 0.0277554 0.0200045 0.0256961 0.0201605 0.0161822 0.0155149 0.0200611 0.0230658 0.0231411 0.034012 0.0259398 0.0297841 0.0247124 0.0263666 0.0298636 0.02613 0.0240348 0.0252606 0.0237906 0.0260967 0.0254767 0.02116 0.0275311 0.0398115 0.0451396 0.0222923 0.0124456 0.0138589 0.0206763 0.0180301 0.02378 0.0249927 0.0202282 0.016463 0.0163108 0.0183379 0.0194279 0.0162385 0.0171832 0.0210544 0.0224742 0.0163124 0.0231695 0.0212938 0.026983 0.0376472 0.0270849 0.0148781 0.0100598 0.00654453 
0.000226841 0 0.000219689 0.00228204 0.00433424 0.0100319 0.0196866 0.0211248 0.0175441 0.0202843 0.0164246 0.0129734 0.012478 0.0151848 0.0148494 0.011136 0.0158468 0.0189897 0.0164273 0.0274739 0.0255041 0.0295011 0.0226391 0.0159246 0.0144389 0.014259 0.0186576 0.0181184 0.0217159 0.0173717 0.0195547 0.0241461 0.0236006 0.0305508 0.0266373 0.0277566 0.0351034 0.0411755 0.0368906 0.0285673 0.0403728 0.0363999 0.0240399 0.0211263 0.0146007 0.0167813 0.015469 0.0163409 0.0220419 0.0211883 0.0219374 0.0191968 0.015668 0.0156168 0.0232357 0.0217217 0.0172486 0.0213659 0.0239867 0.0178613 0.0182899 0.0282521 0.0269183 0.0227262 0.03144 0.0264249 0.0150654 0.013824 0.00786108 
3.71825e-05 0.00133485 0.00543556 0.0112399 0.0159838 0.0158603 0.0201399 0.0254417 0.0192781 0.0178767 0.0164388 0.0136084 0.0127482 0.0149879 0.0159578 0.0149594 0.019088 0.0235487 0.0243436 0.0215286 0.0236527 0.0238352 0.0188742 0.0122258 0.0152865 0.010913 0.0142668 0.0193014 0.0159963 0.0153222 0.01972 0.0192197 0.02283 0.0263737 0.0335432 0.0391942 0.0406738 0.0241592 0.0471577 0.0519106 0.0260203 0.0211774 0.0180221 0.0166649 0.0147831 0.0167631 0.0159752 0.0155073 0.0156656 0.015214 0.0244392 0.0244924 0.0213024 0.0168427 0.0193129 0.0217067 0.022481 0.0161282 0.0155644 0.0128291 0.0189687 0.0181642 0.0214174 0.0206794 0.0222852 0.0297851 0.0198118 0.0075165 0.00184583 
0 0.00351864 0.0186833 0.0190294 0.0189463 0.0208139 0.0233473 0.0236801 0.0204846 0.0126523 0.0146405 0.0112128 0.0149938 0.0160059 0.018747 0.0185152 0.0233206 0.0253218 0.027794 0.0205572 0.0153924 0.0187468 0.0165377 0.0149193 0.0146869 0.0107364 0.0136396 0.0156318 0.0173757 0.0132409 0.0158333 0.0180029 0.0223211 0.0333833 0.0424716 0.0531477 0.042821 0.0179188 0.0199912 0.0240603 0.0205774 0.0229655 0.0230667 0.0166355 0.0147389 0.0161587 0.017191 0.0218065 0.0174961 0.0171702 0.0177656 0.0214457 0.0212475 0.0221819 0.0163685 0.0239754 0.0192595 0.0202945 0.018835 0.0245712 0.0244252 0.0153217 0.0229871 0.0182412 0.0211672 0.024034 0.021785 0.0107477 0.000613315 
2.48727e-06 0.00575749 0.0167599 0.0231304 0.041007 0.0259469 0.0192314 0.0154655 0.00996347 0.0126333 0.0101815 0.0102083 0.0173364 0.00912862 0.0101456 0.0159201 0.0137185 0.0199202 0.0226079 0.0168917 0.0114338 0.0144784 0.0166748 0.0149226 0.0154367 0.0138762 0.012139 0.0124123 0.0177834 0.0180986 0.0174242 0.0190708 0.0215461 0.0214795 0.0478952 0.0662934 0.0471994 0.0242638 0.0201023 0.0194282 0.024533 0.0267728 0.0258496 0.0189632 0.0191816 0.0127799 0.0142425 0.0204333 0.0182995 0.0183016 0.0135862 0.014939 0.0172128 0.0165784 0.0197878 0.0218663 0.0158259 0.0215083 0.0237536 0.0271009 0.0180209 0.0174132 0.01649 0.0190784 0.0230846 0.0273809 0.0217513 0.0174796 0.0031786 
2.5807e-05 0.00562819 0.0178111 0.0320911 0.0615332 0.0357329 0.0177513 0.0159122 0.013014 0.0190885 0.0151044 0.0139301 0.0177383 0.00966734 0.0107608 0.0153727 0.0158129 0.0160776 0.0146707 0.0125954 0.0160365 0.0127528 0.0152706 0.0188076 0.011443 0.0167069 0.0216812 0.0144984 0.015608 0.0133506 0.013868 0.0102728 0.0193674 0.0161467 0.0313034 0.0430951 0.0417216 0.0255818 0.0342741 0.0320652 0.0329816 0.030728 0.0240909 0.013676 0.016221 0.0145101 0.017334 0.0316882 0.022328 0.020588 0.0117784 0.01603 0.0234943 0.0179354 0.0187003 0.0209245 0.0236937 0.0209719 0.0181025 0.0277209 0.0225153 0.0246269 0.0203041 0.0196443 0.0198078 0.0201387 0.0228323 0.0162846 0.00515605 
0.000113078 0.0065339 0.0152173 0.0216486 0.0297917 0.0236128 0.0296042 0.0213685 0.0143216 0.0121888 0.0136225 0.0103686 0.0117444 0.0124047 0.0130661 0.0204834 0.0160485 0.0131136 0.0151178 0.0122891 0.0110987 0.0148195 0.0174636 0.0215019 0.0203722 0.0215036 0.0246136 0.017646 0.0201864 0.0134284 0.0142877 0.0163002 0.0154855 0.0157413 0.0214127 0.0264667 0.0344434 0.0415752 0.045714 0.0439879 0.0372683 0.0440131 0.0266621 0.0177106 0.0189262 0.0199376 0.0198446 0.0252142 0.0197483 0.0199034 0.0228246 0.0204867 0.0199337 0.0190348 0.0238793 0.0236781 0.0229608 0.0186013 0.0176666 0.0209529 0.0238893 0.0261907 0.0223585 0.0183447 0.0137817 0.01592 0.0189432 0.0153727 0.0054573 
0.000216733 0.00903681 0.015905 0.0163123 0.014579 0.0169881 0.025696 0.0167588 0.00913284 0.00766743 0.00478962 0.00455939 0.00663797 0.0139929 0.0145399 0.0166995 0.015052 0.0155383 0.0115168 0.0127769 0.00994292 0.0145438 0.0158337 0.0211803 0.0155639 0.0281319 0.0212413 0.0154656 0.0168573 0.0159179 0.013329 0.0132683 0.0151593 0.0180992 0.0175351 0.0193032 0.0161483 0.0201075 0.0181138 0.0178086 0.0415106 0.0562215 0.02291 0.0173183 0.016915 0.0164384 0.0222489 0.0191741 0.0174408 0.0259357 0.0244969 0.0248127 0.0214422 0.0222816 0.0255913 0.0213104 0.0250629 0.0218424 0.0120952 0.0183555 0.0283529 0.0206589 0.0147999 0.0180085 0.0130515 0.0210308 0.0193979 0.0174423 0.00281096 
7.5062e-05 0.0104871 0.0230778 0.0231478 0.0172608 0.0187774 0.0145702 0.0084033 0.00244586 0.00402445 0.00745375 0.00673342 0.00720168 0.0162027 0.0200997 0.0165428 0.0119221 0.0164873 0.014354 0.0152965 0.0147852 0.0130309 0.014704 0.0181822 0.0213262 0.0259386 0.0168018 0.0173254 0.0153502 0.015945 0.0125222 0.00904624 0.0112946 0.0138562 0.0152486 0.0135563 0.0151916 0.0117181 0.0123433 0.0179856 0.0362318 0.0591241 0.0330086 0.0209563 0.0181958 0.0172203 0.0207644 0.0192232 0.0133234 0.0234847 0.0286807 0.0264989 0.0242768 0.0247743 0.0204588 0.020072 0.0194721 0.0150166 0.0155415 0.0196722 0.0248497 0.0186018 0.00877003 0.00990744 0.0125207 0.019752 0.0169262 0.0184847 0.00340473 
8.33958e-07 0.00352164 0.0151833 0.0233118 0.0222383 0.0136721 0.00865078 0.00399165 0.00699034 0.00642148 0.00873502 0.0127247 0.013181 0.0139061 0.0197311 0.0181974 0.0187272 0.0155168 0.0170969 0.0173396 0.0183043 0.0153509 0.0172474 0.0219496 0.0186283 0.016591 0.0138827 0.0109598 0.0143068 0.0164663 0.0142229 0.0122978 0.0121434 0.0155418 0.0116499 0.0172174 0.0117546 0.0118874 0.0144088 0.0107705 0.0202832 0.0295944 0.0260638 0.0246208 0.014007 0.0152087 0.0162535 0.017012 0.0147076 0.026464 0.0252617 0.0185469 0.0216064 0.0167112 0.0169417 0.0218753 0.0146627 0.0103872 0.0188037 0.0172657 0.0174957 0.0222976 0.0148578 0.0106047 0.010592 0.0251812 0.0163891 0.0147264 0.0019078 
0 0.000582134 0.013292 0.0212721 0.0246986 0.0134921 0.00890405 0.00823188 0.0171953 0.0127723 0.0131184 0.0197969 0.0112534 0.00902003 0.0174824 0.0251181 0.0305648 0.0184154 0.0168913 0.0145137 0.0181472 0.0140136 0.0179384 0.0158099 0.00858251 0.00865627 0.0121646 0.0149521 0.0164147 0.0151271 0.0123408 0.0147548 0.0178213 0.01554 0.0121548 0.0147662 0.0136912 0.0193074 0.0195511 0.0121309 0.0126766 0.0200898 0.0205153 0.0245567 0.0156422 0.0146597 0.015079 0.0172375 0.0181354 0.0297301 0.0244221 0.0183839 0.022056 0.0205393 0.0247142 0.0170724 0.0132957 0.0160378 0.0250462 0.023624 0.0188444 0.0147059 0.0115624 0.00858327 0.00587375 0.0174936 0.0112684 0.00795772 0.00143933 
0 0.000100693 0.00597698 0.0182239 0.0187333 0.0143259 0.0112339 0.00797686 0.0124024 0.00845629 0.0145893 0.0229625 0.0128304 0.0110912 0.0125949 0.016858 0.0232749 0.0194605 0.0105609 0.0120776 0.0150789 0.0119019 0.0147946 0.0104396 0.00815494 0.00994102 0.012763 0.016592 0.0147704 0.0112656 0.0132969 0.0118391 0.0180137 0.0175067 0.0141709 0.0160434 0.0242986 0.0211634 0.0174223 0.0135572 0.0113652 0.0176703 0.0203836 0.0206602 0.0200171 0.0145509 0.0119327 0.0183593 0.0160982 0.0246691 0.0188639 0.0182564 0.0175141 0.0213797 0.0284692 0.017728 0.0143701 0.0149055 0.0148984 0.0167736 0.0140143 0.0153752 0.016036 0.00923648 0.00264911 0.00157004 0.00115108 0.000943601 0.00010477 
0 0 0.00145475 0.0127749 0.0227485 0.0213748 0.0151197 0.011651 0.0191053 0.0185731 0.012987 0.0123415 0.00998088 0.0142133 0.0191236 0.0138297 0.0112792 0.00900718 0.00863819 0.0137155 0.014247 0.0119869 0.0173183 0.014894 0.0111139 0.0120288 0.0117446 0.0157859 0.0149935 0.0144531 0.0168268 0.0177023 0.0107636 0.00887809 0.0140875 0.0165546 0.0254347 0.0264396 0.0171406 0.0122638 0.0136138 0.0200875 0.0261251 0.025256 0.017511 0.0147308 0.0124673 0.015948 0.0201476 0.0259021 0.0197927 0.0230431 0.0229174 0.0223073 0.0215869 0.0240403 0.014747 0.0158942 0.0103995 0.0079941 0.00595833 0.0092758 0.0156929 0.00892148 0.00202091 0.000985081 0.0015967 0.00392708 1.09596e-05 
0 0 0.00179143 0.0110014 0.0251601 0.0254091 0.0191 0.016391 0.023113 0.0322282 0.0183444 0.0173594 0.01292 0.0156769 0.0178623 0.00577356 0.00724074 0.00526646 0.0102879 0.0228322 0.0180112 0.0131997 0.0121741 0.0136397 0.0142484 0.0169789 0.0165969 0.0237766 0.0193513 0.0186478 0.0159171 0.0190091 0.0114814 0.0061347 0.00979714 0.0168184 0.0233629 0.0270137 0.0142375 0.00765955 0.0120392 0.018352 0.0166954 0.0165183 0.019016 0.0145859 0.0138829 0.0136308 0.0153789 0.0224539 0.0274557 0.0227731 0.0188416 0.0183475 0.0182082 0.0234683 0.0216727 0.0126323 0.00549832 0.00280388 0.00245697 0.0108724 0.0143442 0.00693755 0.000625792 0.000678447 0.00230872 0.00261408 2.00957e-06 
0 0 0.000471731 0.00436446 0.0144656 0.0243909 0.0118491 0.0194114 0.0240904 0.022988 0.0141861 0.0150206 0.0113405 0.0168152 0.0120479 0.00779639 0.0109616 0.00736395 0.00637705 0.0126756 0.0191856 0.0189184 0.0173657 0.0135093 0.0221647 0.0170051 0.0200198 0.0390098 0.0248277 0.0196085 0.0182174 0.0198597 0.0128982 0.00971319 0.0118591 0.0171499 0.0289352 0.022664 0.0151027 0.0128154 0.0123034 0.0164074 0.0189032 0.0190105 0.0171347 0.0137673 0.0144207 0.0116148 0.0123779 0.0180337 0.0191314 0.0224147 0.0181528 0.017595 0.0190284 0.0139798 0.012873 0.00684401 0.00238537 0.00212575 0.00958159 0.0366349 0.0408392 0.0142499 0.00291339 0.00173804 0.00113777 0.000135228 0 
0 0 0 0 0.00197838 0.0100075 0.0143186 0.0148943 0.0127081 0.00805576 0.0108048 0.00970839 0.0109483 0.0176225 0.0225457 0.0262085 0.0127362 0.0120537 0.0102025 0.0164537 0.0200166 0.0196407 0.018851 0.016889 0.0162552 0.0156276 0.0164083 0.0224546 0.0205451 0.0199269 0.0234631 0.017671 0.015617 0.0146985 0.0155205 0.026558 0.0211685 0.0186224 0.0147721 0.0196258 0.0164918 0.0176246 0.0201513 0.0178234 0.0171681 0.0183828 0.0202878 0.0134023 0.0103051 0.0149358 0.017695 0.0198981 0.0142148 0.0148352 0.010477 0.00432069 0.00313985 0.00334175 0.00153146 0.00176557 0.0143294 0.0519974 0.0544203 0.0135539 0.00167131 0.000694772 0.000257976 2.45697e-05 0 
0 0 0 0 0.000133273 0.00386559 0.00950132 0.0176028 0.00947073 0.00333943 0.00838725 0.0128525 0.0132497 0.0114273 0.0426603 0.0360219 0.0139846 0.0129307 0.0118886 0.0154609 0.0142949 0.0125596 0.014393 0.0206525 0.0191374 0.0168688 0.0166225 0.0179001 0.0183038 0.0191991 0.0344635 0.0203801 0.0175968 0.0207333 0.0231016 0.0270639 0.0204546 0.0157157 0.0134086 0.0243803 0.0249708 0.0165115 0.0183268 0.0200864 0.0230355 0.0207888 0.016611 0.0129161 0.0126709 0.0146689 0.0189369 0.0133453 0.012776 0.0146021 0.00307685 0.00209989 0.00484959 0.0102306 0.00666784 0.00710071 0.00612655 0.0192706 0.0215203 0.0108776 0.00241007 0.00118286 0.000415832 0 0 
0 0 0 0 1.48487e-05 0.00273026 0.0129413 0.0196006 0.0124418 0.00647712 0.0101122 0.0128659 0.0131396 0.00926712 0.0246037 0.0167965 0.00715739 0.0115394 0.0117564 0.01632 0.0204592 0.0244904 0.0186189 0.0186007 0.0240081 0.0218071 0.0196396 0.0192858 0.0185214 0.0157248 0.0160465 0.0160914 0.0140963 0.0156936 0.0139029 0.0180202 0.0118142 0.0115746 0.0114912 0.00862807 0.0109318 0.0167086 0.0120359 0.0174448 0.0233446 0.0173339 0.0157724 0.0125323 0.0200872 0.0178576 0.0132918 0.0129612 0.0102985 0.00598097 0.00269946 0.00456257 0.014018 0.0192848 0.0122645 0.00779438 0.00325328 0.00336829 0.0125494 0.00820162 0.00185939 0.000695297 4.89621e-05 0 0 
0 0 0 0 0 0.00223337 0.0122468 0.013483 0.00807782 0.00964623 0.0100933 0.0104166 0.0127268 0.00716222 0.00857142 0.0115804 0.00575335 0.0131653 0.0146099 0.0159252 0.0193529 0.0241034 0.0200248 0.0136098 0.0182228 0.0215753 0.0259904 0.019349 0.017472 0.0108071 0.0100826 0.0204297 0.0160655 0.0144436 0.0111685 0.014769 0.0125555 0.0127624 0.0128501 0.015593 0.0113937 0.0128395 0.0126687 0.0142441 0.0187145 0.0195008 0.01855 0.0186316 0.0186794 0.0220032 0.0225845 0.0191455 0.0129726 0.00644512 0.00461221 0.0084422 0.0119808 0.0144337 0.019735 0.0122957 0.00492086 0.00108911 0.000210856 0.00105031 0.000513522 0.000550013 0 0 0 
0 0 0 0 0 0.00021247 0.00398944 0.00344814 0.000832834 0.00712154 0.00779072 0.00920437 0.00844624 0.0053121 0.00804861 0.00652034 0.00720465 0.0106928 0.0180083 0.0150874 0.0124188 0.0223857 0.0270295 0.0157174 0.0107785 0.016759 0.0237032 0.0193448 0.0102274 0.00759311 0.0132494 0.0126883 0.0136339 0.00881919 0.0119301 0.0159856 0.0171707 0.0189413 0.0156036 0.0123394 0.0160595 0.0148759 0.0189616 0.0168663 0.0223415 0.0220336 0.0200228 0.019532 0.0210135 0.0209096 0.0220532 0.0220881 0.0117643 0.00622812 0.00394463 0.0117134 0.0125758 0.0051215 0.00984894 0.0118368 0.00495614 0.00182166 0 0 0 0 0 0 0 
0 0 0 0 0 0 0.000303852 1.28773e-05 0.000696469 0.00658541 0.00756905 0.0181645 0.0129807 0.00271195 0.00272104 0.00234137 0.0102262 0.0130285 0.0191438 0.0226443 0.0124874 0.0163648 0.0235301 0.0235481 0.0165665 0.0115109 0.0174201 0.0146801 0.00643746 0.00899934 0.0156404 0.0100355 0.0116356 0.0122238 0.0116328 0.0176913 0.0164315 0.0159865 0.0160556 0.0133571 0.0162531 0.0126154 0.0197008 0.019358 0.0200907 0.0223058 0.0181365 0.0191102 0.0189329 0.0185631 0.021401 0.0142903 0.00813587 0.00521526 0.00586651 0.00420806 0.00535049 0.00584706 0.00735414 0.0042827 0.00423624 0.00174667 0 0 0 0 0 0 0 
0 0 0 0 0 0 0 0 0.000904816 0.00599631 0.00559337 0.0176365 0.0138145 0.00396294 0.00105919 0.00275904 0.00787919 0.0116158 0.020055 0.020868 0.0167154 0.014329 0.0163701 0.0201205 0.0106564 0.00639124 0.0090853 0.00652963 0.00554761 0.0101708 0.0123834 0.0104243 0.0118957 0.0109009 0.0141752 0.0154954 0.0233665 0.0180626 0.0174598 0.0146088 0.0175625 0.0174444 0.0142052 0.015992 0.0195536 0.021445 0.0200389 0.0216861 0.0197921 0.0122982 0.0113334 0.00741721 0.00773863 0.00756276 0.00366107 0.00232932 0.0033551 0.0089505 0.0100926 0.00973173 0.0112105 0.00194761 0 0 0 0 0 0 0 
0 0 0 0 0 0 0 1.37711e-05 0.00263 0.00843638 0.00435469 0.0072934 0.0082468 0.0261805 0.0143185 0.00355317 0.0141757 0.0167383 0.0201995 0.0343868 0.0266909 0.015667 0.0187063 0.0205263 0.0155496 0.00932353 0.00401939 0.00505463 0.00652961 0.01215 0.00863482 0.00782908 0.00846076 0.0111131 0.0111373 0.0172704 0.0258532 0.0224197 0.0215151 0.016948 0.0165454 0.012029 0.00716318 0.00953207 0.013972 0.0161162 0.0163985 0.0189888 0.0154484 0.0161556 0.0284381 0.0187276 0.0113526 0.00921034 0.00937333 0.00482483 0.00574188 0.0122653 0.0125591 0.0152865 0.0164772 0.00578532 0 0 0 0 0 0 0 
0 0 0 0 0 0 0 3.76879e-06 0.00208406 0.00628799 0.00899613 0.00794536 0.0181913 0.0349232 0.0238289 0.00343941 0.0119766 0.021764 0.0177148 0.0274704 0.0245541 0.0180983 0.0121531 0.0118333 0.0145566 0.0124972 0.008258 0.00929533 0.00994211 0.0174514 0.0155124 0.00572519 0.00626926 0.0153196 0.0143297 0.0126144 0.0143621 0.0189079 0.00885961 0.0116191 0.00975112 0.00905275 0.0109821 0.00850942 0.011423 0.00944624 0.00992816 0.00973256 0.0110404 0.0282233 0.0424305 0.0314728 0.0198015 0.0179921 0.0107754 0.00906753 0.00691798 0.0146289 0.0129416 0.0135043 0.00712405 0.00150132 0 0 0 0 0 0 0 
0 0 0 0 0 0 0 0 0.00126386 0.00782939 0.00784299 0.00990433 0.01307 0.0216788 0.0130289 0.00266303 0.00829531 0.0142858 0.0149286 0.0148948 0.0204113 0.0234649 0.0124854 0.00633596 0.0120419 0.0137293 0.00581389 0.00395765 0.0109865 0.016739 0.024756 0.0086231 0.00796541 0.0126493 0.0168444 0.0124679 0.0110783 0.0137202 0.00909071 0.00471249 0.0098596 0.00855822 0.0140153 0.0183853 0.0103599 0.00808219 0.00689969 0.00580824 0.0092694 0.0342288 0.0779775 0.0448909 0.0227117 0.01529 0.0075465 0.0117694 0.0152852 0.025397 0.0148937 0.0122015 0.00625362 7.54703e-05 0 0 0 0 0 0 0 
0 0 0 0 0 0 0 0 0.000138532 0.00237916 0.00823551 0.00727264 0.0101966 0.00552208 0.00308552 0.00366617 0.015065 0.0143532 0.0243255 0.0220528 0.0151528 0.0169261 0.0122862 0.00389516 0.0104273 0.0145869 0.00586271 0.00723442 0.00632811 0.0103794 0.0208614 0.0172046 0.00825314 0.00792976 0.013181 0.00845008 0.0103701 0.00821566 0.00611521 0.00434952 0.00528401 0.00663776 0.0107072 0.0125492 0.0104166 0.00899195 0.00750762 0.00532152 0.00390738 0.014015 0.0313511 0.0149893 0.0108755 0.00771439 0.0078422 0.00989256 0.0283077 0.0444418 0.0238265 0.0110141 0.00616969 5.27369e-06 0 0 0 0 0 0 0 
0 0 0 0 0 0 0 0 0 0.00012358 0.00311493 0.00568786 0.00338854 0.00125093 0 0.00270228 0.00911029 0.0172767 0.0272141 0.0184012 0.0124385 0.00902417 0.0071901 0.00895671 0.0147698 0.0145826 0.0125077 0.01849 0.0111764 0.0155281 0.0234296 0.0171848 0.0123202 0.00745217 0.00925096 0.00623126 0.00686697 0.00277578 0.00474598 0.0060495 0.00660892 0.00791253 0.00999766 0.0184124 0.0138438 0.015178 0.00923815 0.00359882 0.00302382 0.0092001 0.00876021 0.00712695 0.00718179 0.00601085 0.0106341 0.0218499 0.045456 0.0420884 0.01444 0.00497136 0.000831991 0 0 0 0 0 0 0 0 
0 0 0 0 0 0 0 0 0 0 3.84925e-05 0.000374977 0.000216729 4.19875e-05 2.11787e-05 0.00246124 0.0147755 0.0193592 0.0204189 0.0228493 0.011871 0.00949998 0.00892604 0.00864523 0.0090068 0.010623 0.0203572 0.016325 0.0161057 0.0198053 0.023385 0.0127394 0.0137198 0.0107441 0.0112279 0.0055212 0.00258231 0.00140608 0.00492901 0.00949412 0.0114279 0.0131258 0.0152338 0.0212464 0.0161355 0.00882458 0.006451 0.00840575 0.00949349 0.0110209 0.0122557 0.00808187 0.00619259 0.00673194 0.00761813 0.0201466 0.0174827 0.0120456 0.00380539 9.98064e-05 0 0 0 0 0 0 0 0 0 
0 0 0 0 0 0 0 0 0 0 0 0 0 0 0.000470131 0.00681127 0.01884 0.0177063 0.0208766 0.0181954 0.00834063 0.00878212 0.0101984 0.0100459 0.00748578 0.0195573 0.0194036 0.0160151 0.0186154 0.0198287 0.02855 0.0189924 0.0229735 0.0182101 0.0190605 0.00762829 0.00501782 0.00113055 0.00775294 0.0126678 0.0126778 0.0112891 0.023411 0.045753 0.0313193 0.0149377 0.0121812 0.0245748 0.0312767 0.0226715 0.0151997 0.011418 0.00846402 0.00796812 0.00495316 0.00439611 0.00134231 0.000393272 8.46143e-05 0 0 0 0 0 0 0 0 0 0 
0 0 0 0 0 0 0 0 0 0 0 0 0 0 0.00121752 0.0109197 0.0153122 0.0143248 0.0219076 0.017482 0.0122569 0.0139757 0.0298168 0.0160154 0.0123757 0.018054 0.0171716 0.00916359 0.0142785 0.0185647 0.0205804 0.0221374 0.015269 0.0172604 0.019668 0.0136601 0.00966637 0.00496012 0.00790792 0.0163524 0.0147989 0.01248 0.0156349 0.0334567 0.0335531 0.0235166 0.0142315 0.0306457 0.0269426 0.0195218 0.0111819 0.00765234 0.0089889 0.00665498 0.00346131 0.00223023 0.000581862 0 0 0 0 0 0 0 0 0 0 0 0 
0 0 0 0 0 0 0 0 0 0 0 0 0 0 0.00012732 0.00421505 0.00750664 0.0115823 0.0184199 0.0210088 0.0204767 0.0158268 0.0394143 0.0143498 0.00725741 0.0118368 0.0310331 0.0130221 0.0061055 0.0117948 0.0109988 0.015849 0.0146226 0.0179409 0.0187199 0.0154028 0.0127093 0.0107117 0.0178506 0.0177248 0.0181755 0.0152641 0.0165447 0.01622 0.0155114 0.0198612 0.0140716 0.0160823 0.0135904 0.011582 0.00468514 0.00269821 0.00430045 0.00515905 0.00182871 0.000662375 6.43359e-05 0 0 0 0 0 0 0 0 0 0 0 0 
0 0 0 0 0 0 0 0 0 0 0 0 0 0 6.38863e-07 0.000232353 0.00150724 0.00336893 0.00824468 0.0130525 0.0223132 0.0227411 0.0202254 0.0102813 0.00835473 0.00311387 0.00993546 0.00616835 0.0063553 0.0130725 0.0152511 0.0130796 0.0133711 0.0134305 0.017004 0.0148141 0.00979162 0.0144835 0.0279953 0.030977 0.0259075 0.0143822 0.00990213 0.00897782 0.00813775 0.0126311 0.019317 0.0180345 0.0115997 0.00432777 0.000487362 0.000927395 0.00129459 0.0012536 0.000204568 2.46608e-06 0 0 0 0 0 0 0 0 0 0 0 0 0 
0 0 0 0 0 0 0 0 0 0 0 0 0 0 0 0 0 0.000169527 0.00105072 0.00766497 0.0128462 0.0183496 0.0177943 0.0132679 0.00997253 0.0090112 0.00388963 0.00658138 0.0126948 0.00969914 0.00974391 0.00571452 0.0052617 0.0109743 0.0187316 0.0154077 0.0167155 0.0131888 0.0221746 0.020748 0.0203655 0.0176317 0.0154213 0.0107319 0.0105128 0.0177485 0.0178733 0.0115308 0.00764398 0.00168283 0 4.64056e-05 0.000145681 0 0 0 0 0 0 0 0 0 0 0 0 0 0 0 0 
0 0 0 0 0 0 0 0 0 0 0 0 0 0 0 0 0 0 7.26223e-07 0.00102403 0.00214995 0.0037811 0.00845286 0.00905335 0.0116528 0.019633 0.0204398 0.0196917 0.0210266 0.0147479 0.0117894 0.00649752 0.00340999 0.00718532 0.0125533 0.0150235 0.0112861 0.0126166 0.0148044 0.0143539 0.0146144 0.0169617 0.0123036 0.00848958 0.0114307 0.0139478 0.0161181 0.012754 0.00235858 0.000457999 0 0 0 0 0 0 0 0 0 0 0 0 0 0 0 0 0 0 0 
0 0 0 0 0 0 0 0 0 0 0 0 0 0 0 0 0 0 0 0 0 0 0.00140332 0.00381886 0.0156973 0.0199335 0.0235506 0.0211767 0.0102391 0.0149904 0.0166406 0.00786736 0.00297329 0.00551731 0.00870015 0.01567 0.0186369 0.023295 0.021185 0.0283029 0.0179458 0.00922795 0.00411373 0.0039009 0.0031895 0.00437918 0.00528411 0.00260543 0.000183563 0 0 0 0 0 0 0 0 0 0 0 0 0 0 0 0 0 0 0 0 
0 0 0 0 0 0 0 0 0 0 0 0 0 0 0 0 0 0 0 0 0 0 0 0.00133334 0.00666803 0.0115041 0.00816767 0.00542327 0.00293533 0.00343769 0.00611246 0.00278525 0.00123373 0.00438599 0.00424697 0.00804428 0.0149328 0.0186223 0.0169155 0.0183169 0.00889499 0.00208294 0.000994633 0.00254579 0.00148544 0.0007198 0.000171727 9.85712e-05 0 0 0 0 0 0 0 0 0 0 0 0 0 0 0 0 0 0 0 0 0 
0 0 0 0 0 0 0 0 0 0 0 0 0 0 0 0 0 0 0 0 0 0 0 0 8.23695e-06 4.0989e-05 0 4.83945e-05 0.000488603 2.18167e-05 6.72592e-05 0 2.97915e-05 0.000759911 0.000836865 0.00207586 0.00290055 0.00352178 0.00463802 0.00338618 0.000879934 8.35519e-06 0 6.69862e-05 0.000121988 0 0 0 0 0 0 0 0 0 0 0 0 0 0 0 0 0 0 0 0 0 0 0 0 

