0 0 0 0 0 0 0 0 0 0 0 0 0 0 0 0 0 0 0 0 0 0 0 0 0 0 0 0 0 1.6396e-05 4.71202e-06 9.13326e-06 0 5.50579e-05 2.18072e-05 0 0 0 1.56421e-05 6.82606e-05 2.26239e-05 0 0 0 0 0 0 0 0 0 0 0 0 0 0 0 0 0 0 0 0 0 0 0 0 0 0 0 0 
0 0 0 0 0 0 0 0 0 0 0 0 0 0 0 0 0 0 0 0 0 0 0 0 0 0 0.000147053 0.00115251 0.00347014 0.00287202 0.000708066 0.00181795 0.00450055 0.00558634 0.00536048 0.000305402 0 0 0.00103258 0.0194872 0.016189 0.00526635 0.0010439 2.92082e-05 4.7507e-05 0 0 0 0 0 0 0 0 0 0 0 0 0 0 0 0 0 0 0 0 0 0 0 0 
0 0 0 0 0 0 0 0 0 0 0 0 0 0 0 0 0 0 0 0 0 0 0 5.29417e-06 0.000274238 0.00234968 0.00329088 0.00902019 0.0169515 0.0112781 0.00942293 0.00793281 0.011096 0.0119722 0.0107519 0.00172751 0.000416631 0.000620432 0.00627033 0.0339676 0.0311971 0.0161833 0.0101974 0.00856539 0.00763598 0.00223593 0.0010685 0.000455325 4.41714e-06 0 0 0 0 0 0 0 0 0 0 0 0 0 0 0 0 0 0 0 0 
0 0 0 0 0 0 0 0 0 0 0 0 0 0 0 0 0 0 0 1.19757e-06 0.000167302 0.00176441 0.00420416 0.00269511 0.00255888 0.0120757 0.0142932 0.0110717 0.034802 0.0264129 0.0142929 0.0152977 0.0135535 0.0133233 0.0102611 0.0061157 0.00336009 0.00951781 0.0136477 0.0195697 0.0164391 0.0123965 0.0116909 0.0111174 0.0186434 0.0158234 0.0172085 0.00706191 0.0017195 0.000172228 0 0 0 0 0 0 0 0 0 0 0 0 0 0 0 0 0 0 0 
0 0 0 0 0 0 0 0 0 0 0 0 0 0 0 0 0 0 0.00067103 0.0040647 0.00523447 0.0114752 0.0174457 0.0128928 0.0050429 0.00512128 0.00708109 0.00543267 0.0274194 0.0195558 0.0127716 0.0107204 0.014354 0.0144711 0.0133296 0.0101781 0.00389438 0.00844234 0.0134909 0.018574 0.017327 0.00977029 0.00880514 0.0169607 0.0271309 0.0488159 0.040172 0.0184879 0.0139733 0.0084454 0.000850961 1.78865e-05 0 0 0 0 0 0 0 0 0 0 0 0 0 0 0 0 0 
0 0 0 0 0 0 0 0 0 0 0 0 0 0 0 0 0 0.000161008 0.00897936 0.0191484 0.0201351 0.0163524 0.0224837 0.0192866 0.0085725 0.00700355 0.00564168 0.00371129 0.012548 0.0180965 0.0197886 0.0143387 0.0192909 0.0254807 0.0206279 0.017595 0.00791658 0.0104101 0.0110881 0.0172433 0.0196428 0.0137759 0.00914738 0.0142723 0.0245264 0.0424526 0.0317948 0.0219983 0.01574 0.013842 0.00309964 0.000124952 0 0 0 0 0 0 0 0 0 0 0 0 0 0 0 0 0 
0 0 0 0 0 0 0 0 0 0 0 0 0 0 0 4.60734e-05 0.00010035 0.00180208 0.0139309 0.0187457 0.0186972 0.0176499 0.016784 0.0189671 0.0173611 0.0203004 0.0117036 0.0112828 0.0172933 0.0221334 0.0210606 0.0227698 0.0188318 0.0208598 0.0199545 0.0212025 0.0127822 0.0135284 0.0150137 0.0199521 0.0219925 0.0232153 0.0192915 0.0172229 0.0247921 0.0238692 0.0159498 0.0149739 0.0128602 0.0135622 0.0108319 0.00118342 0 0 0 0 0 0 0 0 0 0 0 0 0 0 0 0 0 
0 0 0 0 0 0 0 0 0 0 0 0 0 0 0 0.00171723 0.00353929 0.00871529 0.0134686 0.0205472 0.0174175 0.00939311 0.0143757 0.0220922 0.0244887 0.0287434 0.0204991 0.0225047 0.0243917 0.0284339 0.0285901 0.0242641 0.0196094 0.0161264 0.0161228 0.0193642 0.0144182 0.0205923 0.0263759 0.0240001 0.0274495 0.0250079 0.0201208 0.0176855 0.0164429 0.0167503 0.0155497 0.0148117 0.0143832 0.017954 0.0143654 0.00318057 0 0 0 0 0 0 0 0 0 0 0 0 0 0 0 0 0 
0 0 0 0 0 0 0 0 0 0 0 0 0 0 0.000116673 0.00800376 0.0197404 0.0184226 0.0133715 0.01437 0.00973002 0.00671832 0.012486 0.0224305 0.0225048 0.0249995 0.0208319 0.0220158 0.0250788 0.0235403 0.0256831 0.021514 0.024162 0.0283736 0.0169592 0.0188613 0.0173257 0.0255002 0.0221014 0.0226784 0.0238124 0.0252678 0.0167692 0.0123855 0.0143698 0.0168506 0.0197878 0.0188861 0.0253264 0.0177482 0.0183109 0.00483975 6.11918e-05 1.80985e-05 0.00123242 0.00115313 0.00039353 0 0 0 0 0 0 0 0 0 0 0 0 
0 0 0 0 0 0 0 0 0 0 0 0 0 0.000147446 0.000164319 0.00255112 0.0170814 0.022667 0.0149598 0.00476099 0.0055261 0.00996368 0.0157517 0.0212398 0.0216459 0.0249624 0.0209059 0.0230073 0.0243348 0.021173 0.0232187 0.0250214 0.028081 0.0300712 0.012757 0.014779 0.0157966 0.0269506 0.0323351 0.0274875 0.0295867 0.0222089 0.0137428 0.0106021 0.0134453 0.011239 0.0167181 0.0178358 0.0230161 0.0215814 0.0254526 0.0108826 0.00404413 0.00700465 0.00760995 0.00543175 0.00303131 0.000102661 0 0 0 0 0 0 0 0 0 0 0 
0 0 0 0 0 0 0 0 0 0 0.000153134 0.00121275 0.000914732 0.00289165 0.00148289 0.00171994 0.00625375 0.010797 0.00790581 0.00434799 0.00578886 0.015862 0.0221039 0.0162725 0.0204306 0.0255811 0.023666 0.0231519 0.0197834 0.0215531 0.0210734 0.028149 0.0184871 0.0127099 0.0115959 0.0156537 0.0135548 0.0196753 0.0244606 0.024572 0.0255843 0.0207487 0.01407 0.0160013 0.0134445 0.0156416 0.0141501 0.0161254 0.0211247 0.0189054 0.018865 0.0183086 0.0115209 0.0186742 0.0124047 0.0133803 0.00602547 0.00073594 0.000218992 0 0 0 0 0 0 0 0 0 0 
0 0 0 0 0 0 0 0 0 0.000176097 0.00164369 0.00727406 0.0144432 0.00944148 0.00432644 0.00617085 0.00824169 0.0136899 0.0167887 0.0111547 0.00627827 0.0132028 0.0262495 0.0242154 0.0247436 0.029484 0.0286869 0.0230796 0.0219654 0.0205111 0.0226096 0.0246628 0.0219029 0.0145563 0.0177405 0.0138938 0.0124551 0.0137557 0.0140687 0.0174981 0.0175154 0.0274612 0.016389 0.0281596 0.0267413 0.0209028 0.0207397 0.0201466 0.0221371 0.0228968 0.026257 0.0240147 0.0181754 0.0130159 0.0127384 0.0109317 0.00628924 0.00484052 0.00467513 0.0017041 8.06775e-06 0 0 0 0 0 0 0 0 
0 0 0 0 0 0 0 0 0.000116334 0.00451808 0.0130476 0.0206213 0.0261958 0.0167288 0.00902989 0.00917586 0.0139241 0.0137607 0.0169844 0.0161961 0.00784645 0.0143329 0.0379937 0.0333177 0.0361567 0.06561 0.0452883 0.0333382 0.0282348 0.0213152 0.0241454 0.0130352 0.0184762 0.0166765 0.0194764 0.0161483 0.0179764 0.0156411 0.01839 0.014604 0.0178978 0.0238875 0.0168269 0.0273275 0.0296098 0.0199768 0.019021 0.0234457 0.0238919 0.0194885 0.0260509 0.0241789 0.0183714 0.0172098 0.0121197 0.0131741 0.00976865 0.00634444 0.0110304 0.0103417 0.00161719 6.21757e-06 0 0 0 0 0 0 0 
0 0 0 0 0 0 0 2.7848e-05 0.00163144 0.00648356 0.0101504 0.0154338 0.0191243 0.019952 0.0223308 0.0187621 0.0224649 0.0203633 0.0185566 0.0156345 0.0131268 0.0157206 0.0303756 0.0328551 0.0340045 0.0612807 0.0571193 0.0436721 0.036477 0.0255023 0.0245426 0.0148599 0.0157821 0.0200428 0.0209747 0.0168455 0.0206938 0.0249849 0.022157 0.02553 0.0244125 0.0187922 0.0171783 0.0269928 0.0289592 0.0262331 0.0239578 0.0235571 0.0201383 0.0179373 0.0263059 0.0277154 0.0245216 0.0227466 0.0173586 0.0149358 0.00716078 0.00631389 0.0118226 0.0159313 0.00616027 0.00103903 3.57992e-05 0 0 0 0 0 0 
0 0 0 0 0 0 0 0.000921651 0.00417423 0.00508639 0.0058429 0.00742512 0.0102733 0.0144383 0.0203029 0.0223098 0.0221676 0.018153 0.0145456 0.019099 0.0217907 0.025426 0.0258277 0.0248866 0.0357818 0.0330234 0.0244953 0.0250423 0.0312299 0.0296543 0.0230782 0.0144713 0.0157448 0.0189227 0.016693 0.0175371 0.0194206 0.0212211 0.0213756 0.0237496 0.0232564 0.0227994 0.0222047 0.0219743 0.0507247 0.0785396 0.030067 0.0214209 0.0191494 0.0233195 0.024049 0.0225565 0.0182504 0.0180039 0.0192975 0.0109128 0.00500257 0.00322275 0.00826331 0.010336 0.0129668 0.008637 0.00122782 0 0 0 0 0 0 
0 0 0 0 0 0 0 0.00300349 0.00803903 0.0155158 0.0124299 0.00695513 0.00506568 0.0143517 0.0187682 0.0148038 0.0187092 0.0226149 0.0228618 0.0201097 0.0195722 0.0155495 0.0182589 0.0287994 0.0398527 0.0331434 0.0313252 0.0274074 0.024144 0.0277518 0.0223951 0.0246711 0.0204257 0.0238042 0.0361138 0.0307741 0.0190477 0.0203354 0.0169137 0.018462 0.0201096 0.0187938 0.0225887 0.0217091 0.0340178 0.0412243 0.0231006 0.0181303 0.0231094 0.026675 0.0235867 0.0189206 0.0149396 0.0178053 0.0143382 0.00671356 0.0033059 0.00487148 0.00971976 0.010497 0.0107133 0.0115543 0.0027946 0.000139168 0 0 0 0 0 
0 0 0 0 0 0 0.000481569 0.00684311 0.00600321 0.00539595 0.0013116 0.000751814 0.00283986 0.0123739 0.0182952 0.0175587 0.013782 0.0220325 0.0246837 0.022949 0.0196567 0.0182518 0.0189161 0.0261189 0.0291085 0.0281065 0.0279769 0.0178367 0.0207224 0.0268379 0.028903 0.0187435 0.0161907 0.0231341 0.0547622 0.0508368 0.0256668 0.0196004 0.0153905 0.0162654 0.0197067 0.0188482 0.0201553 0.01697 0.017173 0.015978 0.015813 0.0216895 0.0200076 0.0217893 0.0209626 0.0227788 0.0182118 0.0173586 0.0127818 0.00585947 0.00416074 0.00738244 0.00919024 0.0131638 0.0248906 0.0214197 0.00795237 0.000288145 0 0 0 0 0 
0 0 0 0 0 5.03889e-05 0.00523795 0.0127964 0.00148725 0.000804375 0.000917871 0.000485892 0.0026694 0.00828407 0.0181001 0.0152657 0.0174367 0.0222493 0.0231433 0.0259135 0.0210533 0.0159839 0.0167572 0.0221314 0.0189479 0.0255368 0.0195956 0.0184711 0.0214048 0.0315999 0.0461197 0.0265611 0.015405 0.0197194 0.0455897 0.041108 0.0210664 0.0213706 0.0186181 0.0174425 0.0205829 0.0201102 0.0148897 0.0117907 0.0128475 0.0151376 0.0134505 0.0187781 0.0182613 0.0162333 0.0185328 0.0197963 0.0236994 0.0174044 0.0157542 0.00734789 0.00507493 0.0102688 0.0124368 0.012631 0.0178526 0.0192043 0.010805 0.00147735 0 0 0 0 0 
0 0 0 0 0 3.05427e-05 0.0089914 0.0101493 0.00079936 0.00367708 0.00323131 0.00318565 0.00871463 0.00772065 0.0163888 0.0175838 0.0172188 0.0238282 0.0214837 0.0224174 0.0246394 0.0159565 0.0142616 0.0174069 0.0213663 0.0211603 0.0194498 0.0229179 0.0346074 0.0557391 0.0423305 0.0320408 0.0161582 0.0144606 0.0162894 0.0236315 0.0163373 0.0304712 0.0334722 0.0234817 0.020633 0.0164182 0.0179751 0.0159728 0.0161574 0.0118273 0.0171765 0.0258153 0.0225429 0.022454 0.0192984 0.0212817 0.0194846 0.0242468 0.0101894 0.00711594 0.00560522 0.018098 0.0225014 0.0209701 0.0222286 0.0190628 0.0133188 0.00366957 8.9501e-05 0 0 0 0 
0 0 0 0 0 2.30469e-05 0.00458145 0.0125257 0.00580901 0.00582344 0.00664679 0.0107347 0.0132532 0.00823295 0.0160666 0.0199442 0.0180991 0.0190454 0.0191286 0.0246596 0.0219642 0.0130968 0.0108752 0.0126131 0.0155457 0.0228413 0.025035 0.0374951 0.0530011 0.0638844 0.0391151 0.0404175 0.014567 0.0193565 0.0169822 0.017735 0.0161817 0.0168837 0.0237957 0.0236498 0.0247881 0.0175207 0.0149591 0.0182755 0.0153818 0.00813427 0.027177 0.0374972 0.039797 0.0303324 0.0191786 0.0233218 0.0197872 0.0123466 0.0107906 0.00654712 0.00566011 0.0108984 0.0168903 0.0155788 0.0162145 0.0146442 0.011332 0.0040965 0.000134112 0 0 0 0 
0 0 0 0 0 3.44052e-06 0.00151848 0.0115564 0.00859271 0.00327568 0.00362464 0.0069311 0.0114063 0.00669436 0.016361 0.0214547 0.0152298 0.0123673 0.0172571 0.0263145 0.0222963 0.0144041 0.0165194 0.0169096 0.0202354 0.0249843 0.0307496 0.0310385 0.0319249 0.0448673 0.0326097 0.0477727 0.021124 0.0198274 0.0207835 0.0212867 0.0122949 0.0187206 0.0224333 0.0245804 0.0206841 0.0137391 0.0155983 0.0157736 0.0134401 0.0157167 0.0305971 0.0373495 0.0291984 0.0274037 0.0228595 0.0235172 0.0201503 0.00964162 0.0122144 0.0131234 0.0101241 0.00947345 0.0103602 0.0125927 0.0167925 0.0179132 0.0158509 0.00657293 0.000325332 9.61906e-05 0 0 0 
0 0 0 1.24362e-05 0.000466883 0.00178883 0.00212699 0.00420009 0.00508264 0.00451102 0.00202543 0.001336 0.00166088 0.00962995 0.0208629 0.0225241 0.0129548 0.0149677 0.0197188 0.0254523 0.0228167 0.0250001 0.0206433 0.0177329 0.0141119 0.0196687 0.0282196 0.0389918 0.0420268 0.0418785 0.029692 0.0376817 0.0186696 0.0143281 0.0161397 0.0200288 0.0193865 0.0237338 0.0264964 0.0229099 0.0134268 0.0174394 0.016417 0.0168371 0.0194276 0.0263892 0.0307141 0.0267688 0.021789 0.0220038 0.0224438 0.0191133 0.0189096 0.0177271 0.0187737 0.0189249 0.0183341 0.0162335 0.0172766 0.0165911 0.0181509 0.0204385 0.0168884 0.00566393 0.000470504 0.000241745 0 0 0 
0 0 3.12918e-05 0.00177043 0.00930067 0.00852743 0.00933994 0.00999956 0.0164912 0.0146934 0.0123557 0.00750528 0.00591293 0.0132181 0.0230154 0.0247313 0.0120602 0.0136048 0.0179936 0.0230261 0.0248058 0.0263747 0.022977 0.0257593 0.0214658 0.0165353 0.0188859 0.0289078 0.0494999 0.0404863 0.0436536 0.0248999 0.0198958 0.0276662 0.0254146 0.0253343 0.0205357 0.0268788 0.0212697 0.0250473 0.0196821 0.0191438 0.0151409 0.020249 0.0237907 0.0231697 0.0248249 0.0226468 0.0226302 0.0249856 0.0258931 0.0157456 0.0175913 0.0216197 0.0188352 0.0163081 0.0152116 0.0189423 0.0172484 0.0161125 0.0131475 0.0192006 0.0166194 0.00660996 0.000905259 0.00322075 0.00113025 4.00141e-07 0 
0 0 0.000756587 0.0116776 0.0214446 0.02285 0.0213522 0.021366 0.0246331 0.0162566 0.017479 0.0213463 0.0203152 0.0200714 0.0251139 0.0178242 0.019342 0.0147883 0.018872 0.0221373 0.0249566 0.0208761 0.0248713 0.0228446 0.0144194 0.0137615 0.0202779 0.0224138 0.0386421 0.0362057 0.0410811 0.0353247 0.0277046 0.0251892 0.0211533 0.0293452 0.0333773 0.0167561 0.0187726 0.0205261 0.0205897 0.0190851 0.0227686 0.0216428 0.0208005 0.01836 0.0171047 0.0216025 0.0223392 0.030934 0.0309357 0.0218324 0.0222536 0.0284234 0.0232308 0.0179598 0.0167309 0.0179105 0.0169926 0.0128205 0.0104395 0.0116914 0.0126677 0.00747686 0.0035972 0.00984282 0.00666272 0.000241516 0 
0 0 0.00455652 0.0201278 0.0205742 0.024515 0.0254345 0.0264549 0.0252087 0.0194189 0.0180185 0.0175272 0.0237404 0.0212856 0.0288337 0.0200222 0.0213583 0.01643 0.0136773 0.0140726 0.0146771 0.0210114 0.0209231 0.0188237 0.0197146 0.0179047 0.0251582 0.0200559 0.0346531 0.0431951 0.0340459 0.0409568 0.0400558 0.0230613 0.0190955 0.0387759 0.0573654 0.0429277 0.0297491 0.027283 0.0220493 0.0228282 0.0227334 0.0205126 0.0251654 0.0274591 0.0200471 0.018755 0.0188221 0.0267608 0.0190278 0.0199825 0.0253117 0.027205 0.0179914 0.0148423 0.0145305 0.0187729 0.0215518 0.0143959 0.0113799 0.0128597 0.014439 0.00722889 0.0105907 0.0150637 0.00296921 9.74657e-06 0 
0 1.68178e-05 0.00824039 0.020268 0.0176765 0.0204424 0.0187427 0.0188033 0.0246008 0.0252009 0.023786 0.0225061 0.0212261 0.0255376 0.0318414 0.0221362 0.0164607 0.0187167 0.0140482 0.0121586 0.0148745 0.0191726 0.0190255 0.0198206 0.0180048 0.0252375 0.0267104 0.0271894 0.0639551 0.0644215 0.0282518 0.0418241 0.0458376 0.0269679 0.0205986 0.0182038 0.0219221 0.0358222 0.0268131 0.0175113 0.0157417 0.0174397 0.0205378 0.0251114 0.0298647 0.0264818 0.0237921 0.0208776 0.0141276 0.00980771 0.00981877 0.020654 0.0206 0.0280627 0.0173592 0.0147948 0.0155069 0.00994212 0.013221 0.0161152 0.0154855 0.0207182 0.0243253 0.0143461 0.0189133 0.0150662 0.00352554 4.78204e-05 0 
0 0.000539554 0.00823063 0.016243 0.0229592 0.0194222 0.0198359 0.0258574 0.0265349 0.0308521 0.0261718 0.022895 0.0204041 0.029865 0.028571 0.0265902 0.014862 0.0170461 0.0177723 0.0130607 0.0151673 0.0211272 0.0236038 0.0192414 0.0166972 0.0273117 0.0254606 0.0310319 0.0706851 0.0512905 0.0284827 0.0350122 0.0463487 0.0300738 0.0171472 0.015921 0.0149116 0.0196456 0.0148905 0.0157226 0.017077 0.021731 0.02674 0.0289642 0.027213 0.0286056 0.0245384 0.0275075 0.0225262 0.0133928 0.00822005 0.0138201 0.0194049 0.0222385 0.0283623 0.0261731 0.0155795 0.00516961 0.00538106 0.0115853 0.0169675 0.0224796 0.0237867 0.0159797 0.0136477 0.00709135 0.00546025 0.0016133 1.82265e-05 
0 0.000642046 0.00469756 0.0133517 0.0228126 0.0203008 0.0192734 0.0238027 0.0283148 0.0311669 0.0354459 0.0193114 0.0190603 0.0190765 0.0224001 0.0148741 0.0141938 0.0167207 0.013331 0.0165151 0.0208472 0.03441 0.0367131 0.0275962 0.0201477 0.0194471 0.0238239 0.0290692 0.0467816 0.0371247 0.0251524 0.0320302 0.0336299 0.0244572 0.0171368 0.0186829 0.0198182 0.0153673 0.0115194 0.0174056 0.0250973 0.0261425 0.0307887 0.0294434 0.025426 0.0316735 0.0295078 0.0262498 0.0201524 0.0158683 0.00706833 0.012462 0.0178255 0.0180658 0.0308414 0.0359286 0.0271926 0.0117605 0.0108773 0.0116218 0.0099925 0.0208629 0.020353 0.0159651 0.0115117 0.00494915 0.00469141 0.00380842 0.000297203 
0 0.000724834 0.00171001 0.0105013 0.0204345 0.0253359 0.0281967 0.0259634 0.0232877 0.0268806 0.0385705 0.0292081 0.0236598 0.0205239 0.0206623 0.0223095 0.0227545 0.0187337 0.018695 0.0189699 0.0261669 0.0347944 0.041683 0.0303783 0.0268327 0.0190579 0.0233302 0.0203102 0.0259046 0.0259392 0.0291031 0.0344294 0.0302698 0.0192827 0.0232067 0.0282765 0.0288748 0.0228976 0.0159731 0.0214967 0.0271122 0.0354606 0.0305226 0.0281195 0.0207093 0.024542 0.0295619 0.0253906 0.0203745 0.0147175 0.0144956 0.0166244 0.0173491 0.0265758 0.0208112 0.0237382 0.0182316 0.0193127 0.029007 0.0278247 0.0194886 0.0154879 0.0278866 0.0159149 0.0155444 0.0122787 0.00371241 0.00264548 0.000147067 
0 0.000552014 0.00313148 0.0117818 0.0189798 0.0198521 0.0279532 0.0270608 0.0286813 0.0279016 0.038122 0.0334326 0.0323814 0.0266672 0.0266655 0.027735 0.027503 0.0222986 0.0248865 0.0224173 0.0241909 0.0330654 0.0341062 0.0228561 0.0189507 0.0141772 0.0215396 0.0216452 0.0165575 0.0258965 0.0324259 0.0295402 0.0423431 0.0530188 0.0319134 0.02603 0.0288003 0.0255559 0.0255369 0.0280268 0.035362 0.0420866 0.0256386 0.0221682 0.0264993 0.0301423 0.0257866 0.0256379 0.0203651 0.0168199 0.0191255 0.0179952 0.0164993 0.0151202 0.0191149 0.0231436 0.0195886 0.0238203 0.0379637 0.0350467 0.0213517 0.0132623 0.0118171 0.00759785 0.0190284 0.0231776 0.00769613 0.00139254 0 
0 0.00173005 0.0107608 0.0196135 0.0232252 0.0220109 0.0214559 0.0181916 0.0210949 0.0302955 0.0387628 0.0406056 0.0312922 0.0217555 0.0179214 0.0182341 0.0241763 0.0260886 0.0219125 0.0242915 0.027549 0.0243942 0.0229668 0.0186561 0.0234767 0.0220151 0.0224519 0.0233171 0.0273709 0.0342798 0.0291198 0.0362107 0.0439015 0.033165 0.0237516 0.0333879 0.0262749 0.0262712 0.0342377 0.0397312 0.0435183 0.0350161 0.0285337 0.0223397 0.02692 0.0240418 0.0250877 0.0264295 0.0229221 0.0224558 0.027384 0.0252794 0.02128 0.0203943 0.0185662 0.018563 0.0234879 0.0230816 0.0283643 0.0290449 0.0237589 0.0183352 0.0139505 0.00869562 0.0173358 0.0157665 0.0130456 0.00382899 0.000298725 
0.000161853 0.00517278 0.0135748 0.0204849 0.0236661 0.0214199 0.0222942 0.0181099 0.024513 0.0288353 0.0438454 0.0489338 0.0418658 0.02745 0.0187549 0.0238413 0.0246099 0.0216979 0.0209276 0.0273525 0.0278523 0.0256242 0.0238389 0.0232543 0.0274322 0.030237 0.0244267 0.0243441 0.0213467 0.0211423 0.0284594 0.0411284 0.0522368 0.0219556 0.029374 0.0220399 0.0317193 0.0304373 0.0278319 0.0363356 0.0363371 0.0284941 0.032666 0.0280689 0.0310071 0.0256576 0.0281517 0.0305248 0.0265588 0.0298427 0.0330049 0.0275395 0.0202445 0.0215272 0.0256482 0.0282655 0.0214066 0.0197873 0.0166577 0.0149919 0.0172296 0.0174125 0.013721 0.0170212 0.0167955 0.0126878 0.015358 0.010925 0.00230259 
0.000903535 0.0133947 0.0206615 0.0231054 0.0189208 0.0215048 0.0177595 0.0200243 0.0221787 0.0251445 0.0325891 0.0389912 0.0396915 0.027419 0.0244503 0.0245536 0.0221115 0.0266658 0.0334011 0.033196 0.0272942 0.0247609 0.0253127 0.0283187 0.0325822 0.0325907 0.0242162 0.0161814 0.0169761 0.0183465 0.0235439 0.0384401 0.0565737 0.0175758 0.0331383 0.0312131 0.0208887 0.0364531 0.036829 0.0245137 0.020593 0.0262162 0.0283644 0.025337 0.0253081 0.0313921 0.0348643 0.0277072 0.024418 0.0265289 0.0315792 0.0269648 0.0188167 0.0248976 0.0289443 0.0235238 0.0196656 0.0177739 0.0111448 0.0126572 0.0187687 0.0156762 0.0182963 0.0207044 0.0198565 0.016169 0.0201523 0.0139424 0.00569173 
0.00145018 0.0131769 0.0296863 0.032334 0.0246389 0.0236612 0.0245963 0.0228412 0.0256414 0.0253734 0.0318939 0.0355849 0.0257589 0.0207299 0.0254696 0.02438 0.0309211 0.0338215 0.0305029 0.0313829 0.0233046 0.016236 0.0305366 0.0275645 0.0246294 0.0271727 0.0230971 0.0135938 0.01332 0.0190172 0.0257672 0.0418264 0.0842551 0.0478579 0.0515244 0.0418788 0.0283312 0.0350725 0.0394989 0.0286818 0.0241647 0.0279468 0.0332175 0.0300928 0.0266158 0.0401471 0.0319999 0.022998 0.0307056 0.0357093 0.0391264 0.0297283 0.0194434 0.0236847 0.0222299 0.0260269 0.0248487 0.0155279 0.010956 0.0196419 0.0176279 0.0144796 0.0173286 0.0243214 0.0218576 0.0164894 0.0225578 0.0148472 0.0100291 
0.000717074 0.00989326 0.0234365 0.0402893 0.0307566 0.0189193 0.0185863 0.0244958 0.0245774 0.023584 0.0277335 0.0238496 0.0195065 0.0195634 0.0216804 0.0254159 0.0349069 0.0385418 0.0281157 0.0247635 0.0237 0.0214624 0.0272847 0.0263803 0.0260083 0.0248229 0.0186138 0.0185701 0.0196478 0.0217925 0.0211788 0.0411138 0.104337 0.1403 0.121671 0.0927818 0.0383097 0.0205456 0.0220944 0.0291641 0.029804 0.0361032 0.0396195 0.0336915 0.0244977 0.0281148 0.0364961 0.025264 0.024715 0.0387822 0.0457662 0.0286625 0.025506 0.0222339 0.020307 0.0253187 0.0221895 0.018471 0.0138108 0.0177077 0.013834 0.0147718 0.0172084 0.0192719 0.019094 0.0210179 0.0188372 0.0129304 0.00923873 
0.00020995 0.00378318 0.0204917 0.0324772 0.025091 0.0170534 0.0180033 0.02507 0.0276793 0.0344517 0.0349315 0.0247598 0.0212584 0.020761 0.0222468 0.0242798 0.0211352 0.0298073 0.023686 0.0257778 0.0203733 0.0238835 0.023139 0.0280871 0.0228814 0.0221356 0.0252956 0.0172367 0.0165861 0.0227238 0.0247476 0.045195 0.0836831 0.0526063 0.061991 0.118317 0.0587512 0.0195593 0.0243996 0.0301176 0.0319027 0.0452373 0.0553565 0.0316559 0.0205464 0.0230605 0.0215897 0.0211726 0.0268205 0.0261453 0.0298623 0.0283724 0.0279281 0.0237407 0.0246545 0.023588 0.0177489 0.0187579 0.0132633 0.00918243 0.0134369 0.0123262 0.0115772 0.0112051 0.0158867 0.0199479 0.0189234 0.0100531 0.00517961 
0.00046068 0.00302003 0.0172248 0.0272581 0.0212328 0.0154316 0.0233734 0.0332219 0.0375357 0.0343742 0.0294806 0.0258254 0.0377512 0.0198282 0.0222506 0.0228663 0.0208259 0.0230339 0.0201441 0.0227617 0.0167551 0.0170614 0.0244109 0.0275733 0.0277139 0.0256015 0.0298062 0.0170816 0.0215165 0.0223323 0.0272385 0.0440181 0.0440628 0.0164451 0.0172843 0.0583151 0.067688 0.0332872 0.0309548 0.0234352 0.0284781 0.0272987 0.0308278 0.0215744 0.0245241 0.0200156 0.0228556 0.0195031 0.0222939 0.0237371 0.0249543 0.026769 0.0243877 0.0200864 0.0180495 0.0191906 0.0153637 0.0134171 0.0122599 0.00643978 0.0121362 0.018919 0.0202291 0.018289 0.0188962 0.0250098 0.0174822 0.0128814 0.00448256 
0.000185163 0.00822819 0.027939 0.0317766 0.0203489 0.0178144 0.0169407 0.0190988 0.0271177 0.0299996 0.0228206 0.0388461 0.0465158 0.0267574 0.0228443 0.0271742 0.0310967 0.0226138 0.0240689 0.0300549 0.0271264 0.031481 0.0263415 0.0268844 0.023084 0.0325269 0.0401906 0.0251555 0.015634 0.0166862 0.028988 0.0523633 0.029535 0.0221607 0.0225822 0.0330705 0.0543645 0.0241441 0.0204634 0.0185511 0.0228759 0.0212384 0.0213818 0.0266616 0.0201545 0.0217264 0.0182202 0.023412 0.0206015 0.0205983 0.0223844 0.0243983 0.0204122 0.0181491 0.0162143 0.0213272 0.0189588 0.0187503 0.0158994 0.0118934 0.0161829 0.0227474 0.0310772 0.0183357 0.0230207 0.0173099 0.01405 0.00950754 0.00316698 
0.000692139 0.0162342 0.0299393 0.0290085 0.0201099 0.020332 0.0221551 0.021607 0.0199744 0.0270269 0.0244269 0.0309286 0.0368503 0.019203 0.024767 0.029854 0.025534 0.0214898 0.0242932 0.0288671 0.0222185 0.0217 0.0196646 0.0205248 0.0249955 0.0276457 0.0279911 0.0262594 0.024257 0.0214091 0.0285477 0.0551524 0.0583377 0.0495173 0.0291527 0.0339733 0.0262786 0.0242032 0.0230535 0.0214801 0.022067 0.0221469 0.0190714 0.0230556 0.0161582 0.0164949 0.019497 0.021883 0.0190525 0.0195057 0.0142869 0.0195445 0.020529 0.0229915 0.0229781 0.0221444 0.0178536 0.0206718 0.0183288 0.014925 0.0135039 0.018761 0.0283967 0.0228083 0.0211063 0.0141445 0.00929825 0.00498449 0.000541658 
0.00019829 0.0129814 0.0261029 0.0219286 0.0138828 0.0214928 0.027087 0.0211218 0.0173422 0.0234947 0.0270265 0.0187001 0.0360095 0.0323442 0.0193637 0.0211056 0.0230309 0.0252535 0.0183168 0.0212711 0.0174499 0.0142731 0.0183776 0.0211459 0.022537 0.0238266 0.0215646 0.0231408 0.023011 0.0317813 0.0305672 0.0253189 0.0380151 0.0333699 0.0238878 0.0185011 0.020032 0.0277624 0.0292456 0.0256655 0.0183103 0.0192366 0.0230993 0.019494 0.0162082 0.0221996 0.0209324 0.0248029 0.0183339 0.0151757 0.0109991 0.0169112 0.0209172 0.0185211 0.0165751 0.0161599 0.0200375 0.0171181 0.0202598 0.0205319 0.0219288 0.0225497 0.0219769 0.0217815 0.0174109 0.0121652 0.00495707 0.00090105 8.25885e-05 
3.34641e-06 0.00217409 0.00667156 0.00992149 0.0197213 0.0242259 0.0315209 0.0218573 0.0219654 0.0238916 0.0282238 0.0180176 0.034308 0.0461492 0.0240643 0.0237707 0.0228166 0.0184687 0.0163205 0.0195164 0.0198344 0.0176422 0.0176908 0.0212195 0.0160843 0.0179117 0.0235417 0.0242151 0.0253855 0.0259874 0.0247532 0.020167 0.020378 0.0233796 0.0209744 0.0195382 0.01441 0.0190215 0.0171136 0.0150496 0.0143073 0.0221519 0.0229619 0.0205934 0.0301082 0.0267214 0.0228307 0.0287226 0.0342357 0.0176571 0.0155598 0.0202125 0.0146315 0.0129041 0.013901 0.0127051 0.0225162 0.022 0.016234 0.0171321 0.0209791 0.0236924 0.0195592 0.0207844 0.0151145 0.0139986 0.00777471 0.00216612 0.000147214 
0 9.66456e-05 0.00311727 0.01291 0.023278 0.0235994 0.0228518 0.0170997 0.0140615 0.0150765 0.0211132 0.0137909 0.022641 0.028205 0.0169966 0.0155386 0.0152012 0.0228475 0.0197979 0.0233661 0.0282691 0.0231386 0.0200242 0.02032 0.014195 0.0127199 0.0226811 0.0224213 0.0270815 0.0323813 0.0212442 0.0197052 0.0172538 0.0230964 0.0219722 0.022303 0.0146995 0.0125583 0.00871609 0.00513168 0.0139463 0.0234506 0.0236615 0.0263379 0.0381923 0.0354019 0.0234621 0.0245874 0.02573 0.0148491 0.0191987 0.0189117 0.0158086 0.0170473 0.0159664 0.0134474 0.0181578 0.0199824 0.0159328 0.017598 0.0167909 0.0097893 0.017642 0.0152453 0.0171446 0.0164985 0.00860379 0.00300877 0.000131218 
0 0.000435698 0.00616497 0.0145498 0.0212746 0.0190396 0.0155754 0.0187324 0.018925 0.0150808 0.017952 0.0206331 0.0325739 0.0277529 0.0199354 0.0153308 0.0147961 0.0154805 0.0177044 0.023967 0.0263756 0.0206869 0.0199952 0.0150312 0.0124079 0.0101266 0.0215692 0.0219868 0.0274527 0.0234973 0.0263806 0.0273935 0.0279219 0.0263205 0.0221222 0.0205387 0.0201849 0.0140175 0.00920139 0.00380936 0.00854674 0.0163708 0.0185276 0.0327775 0.0389734 0.0306047 0.0183459 0.020111 0.0229179 0.0199411 0.0268716 0.0194667 0.0143312 0.0122941 0.0105787 0.0114004 0.0186288 0.0195407 0.0200331 0.0192073 0.013371 0.00925881 0.0103556 0.0146894 0.0215756 0.0156102 0.0103069 0.00227001 9.57312e-05 
0 0.000456133 0.0091206 0.0183713 0.0218391 0.0207214 0.0194465 0.0201088 0.018762 0.0204305 0.0198198 0.0308075 0.0268955 0.0287986 0.0341648 0.0284407 0.0207867 0.018335 0.0222265 0.0257887 0.0251723 0.0173416 0.0235163 0.0203907 0.0214382 0.0209113 0.0208869 0.0209714 0.0244785 0.0227443 0.0200461 0.0223955 0.0181059 0.016071 0.0163615 0.0136471 0.015574 0.017761 0.0120457 0.0113697 0.00759559 0.00913048 0.0156284 0.0343207 0.0313754 0.0257112 0.0225303 0.0210754 0.0198296 0.0324222 0.0494991 0.0210167 0.0128004 0.0104122 0.0116952 0.0117671 0.0204549 0.0246568 0.0189389 0.0125298 0.00741779 0.0135517 0.00643899 0.00946398 0.0235001 0.0322867 0.0108637 0.00141728 0 
0 0.000121065 0.00716723 0.0179773 0.0207351 0.0170808 0.0200426 0.0251216 0.0184166 0.0161261 0.0205573 0.024268 0.0214611 0.022921 0.0281339 0.0246005 0.0279523 0.0201839 0.0187821 0.0236574 0.0216424 0.0198375 0.0210342 0.0225191 0.0238989 0.0237408 0.0239873 0.022916 0.0151727 0.0177417 0.0185162 0.0157652 0.0131897 0.0148121 0.0173251 0.0181109 0.0188819 0.024637 0.0230328 0.0209077 0.0194812 0.0125651 0.0142467 0.0140277 0.0168046 0.0197992 0.0199813 0.0166749 0.0230445 0.0297419 0.0413018 0.0226114 0.0177786 0.0156798 0.0156212 0.016106 0.0216708 0.0202178 0.0128112 0.0116496 0.0118022 0.00996336 0.00621899 0.0086116 0.0175235 0.0166705 0.00725088 0.000230037 0 
0 0 0.0034767 0.0177314 0.0197845 0.0232517 0.0252213 0.0257062 0.0272744 0.0305663 0.0213764 0.0190277 0.0195315 0.0167834 0.016292 0.0163747 0.0218099 0.0189785 0.0208119 0.0249446 0.0255289 0.0216542 0.0255436 0.0217538 0.024006 0.0272803 0.0354956 0.0243091 0.0168821 0.0135065 0.0154995 0.013055 0.0120595 0.0152875 0.0228356 0.0151523 0.0165743 0.0239836 0.0207869 0.0271439 0.022481 0.0160966 0.0166019 0.0141271 0.0154232 0.0186943 0.0201049 0.0199292 0.0183866 0.0193081 0.0203556 0.0176071 0.0140127 0.0169546 0.0185335 0.0134157 0.0165314 0.02122 0.0164033 0.0110871 0.0101949 0.0122893 0.00726696 0.00623486 0.00530878 0.00494805 0.00224156 0.000254396 0 
0 0 0.000493402 0.00603326 0.0117301 0.0236385 0.0204571 0.0218028 0.0255306 0.029537 0.0239622 0.0178365 0.0200206 0.015125 0.0176303 0.0194426 0.020909 0.0231096 0.0188721 0.0164154 0.0223492 0.0194335 0.0225766 0.0233995 0.0295841 0.0281704 0.021691 0.0245241 0.0198684 0.0144219 0.0160294 0.0111609 0.0116813 0.0153093 0.0172376 0.0111007 0.0172199 0.0252695 0.0200932 0.018692 0.0142502 0.0166441 0.0159211 0.0177201 0.0131885 0.0178005 0.0220709 0.0202323 0.0199155 0.0172402 0.0191206 0.00996991 0.011413 0.013812 0.0218248 0.0247767 0.0226881 0.0212645 0.0147191 0.0176577 0.0131139 0.0145883 0.00758708 0.0110277 0.00569152 0.00622979 0.00452082 0.000147208 0 
0 0 0 0.000218416 0.00307946 0.0179342 0.0220197 0.0259082 0.0177871 0.0262173 0.0214967 0.0156323 0.0147417 0.013314 0.0201821 0.0249292 0.0230881 0.0187013 0.0162996 0.015797 0.019927 0.0231535 0.0231392 0.0266189 0.0303651 0.0243465 0.0209404 0.0311047 0.026373 0.0185431 0.0131705 0.0127191 0.00992047 0.0134043 0.0148884 0.0150047 0.0288445 0.022779 0.0163322 0.0167894 0.0148352 0.0146779 0.0164856 0.0170768 0.0195971 0.0234583 0.0293335 0.0242084 0.0217594 0.014673 0.011536 0.00896613 0.00782167 0.011255 0.0216067 0.0202725 0.0144203 0.0103443 0.0111794 0.00900436 0.00988376 0.0153586 0.0110925 0.0094439 0.00593439 0.00557421 0.00333981 5.3573e-05 0 
0 0 0 1.3584e-05 0.00505355 0.0177462 0.0303332 0.026432 0.0194735 0.0231102 0.0131836 0.0135397 0.0137205 0.0167111 0.0251122 0.0249053 0.0303831 0.025234 0.0164677 0.0142733 0.0157752 0.0196108 0.0223892 0.0238289 0.02872 0.0255994 0.0273862 0.0318736 0.0239365 0.0258713 0.0188841 0.0160134 0.0120396 0.00983628 0.0172497 0.0158089 0.0226267 0.0179256 0.0169396 0.0208487 0.0174209 0.0154689 0.01826 0.0192639 0.0213472 0.0245648 0.027864 0.0214211 0.00950963 0.00572317 0.00764562 0.0178527 0.014788 0.00923118 0.0139127 0.0119092 0.0134415 0.00599869 0.00602374 0.00460886 0.00513537 0.00790574 0.017171 0.012769 0.0102589 0.00480178 0.000135752 0 0 
0 0 0 6.85853e-06 0.00474262 0.0136358 0.0247405 0.0244584 0.016726 0.0145196 0.0128906 0.0125565 0.0141603 0.029524 0.0300611 0.016922 0.0203586 0.0246577 0.0186754 0.020031 0.0236264 0.0246708 0.0190841 0.0255981 0.0290205 0.0258291 0.0267268 0.0284635 0.0220547 0.0273792 0.0174865 0.0115812 0.0149988 0.0132772 0.0160151 0.0176799 0.0244435 0.0195425 0.0190138 0.0198347 0.0146457 0.0146717 0.0193654 0.0213085 0.0210919 0.0231304 0.0306002 0.0200685 0.0137884 0.0159656 0.0131812 0.0115319 0.0195346 0.0133421 0.0123874 0.0128875 0.0138139 0.011552 0.0142787 0.00611975 0.00215763 0.00336681 0.00489883 0.00461507 0.00470493 0.00217224 0 0 0 
0 0 0 0 0.000896723 0.00821085 0.0255284 0.0308896 0.0138914 0.011232 0.0118415 0.0173692 0.0206424 0.0294001 0.0231077 0.0121338 0.00983333 0.0195954 0.0225571 0.0248293 0.0277637 0.0276724 0.0183172 0.0272844 0.0377949 0.0281608 0.0200582 0.0252144 0.022716 0.0239384 0.015721 0.0113397 0.017467 0.0163341 0.019483 0.0234673 0.0274886 0.0250126 0.0267033 0.0169862 0.0196246 0.0165481 0.017809 0.0142158 0.0208153 0.0251619 0.0341633 0.0318257 0.0196922 0.033324 0.0198094 0.00523795 0.014143 0.0162371 0.0144752 0.0186765 0.0199275 0.0210002 0.0203613 0.0123633 0.00588546 0.00736748 0.00376371 0.000975995 0.00123182 0.000224345 0 0 0 
0 0 0 0 0.000196962 0.00463902 0.0225094 0.0289879 0.0206907 0.0166164 0.0169742 0.014344 0.0222279 0.0218971 0.0153178 0.0151591 0.0105154 0.0127341 0.0179271 0.0206635 0.0198296 0.0220793 0.0208329 0.0219032 0.0240097 0.0182118 0.0197968 0.0224119 0.0184939 0.0235942 0.0184987 0.0147925 0.0166974 0.0134165 0.0190843 0.0209404 0.0169663 0.018027 0.0191866 0.0171203 0.0134493 0.0166866 0.0132779 0.0156834 0.0177531 0.0223337 0.0203422 0.0242781 0.0137702 0.0183001 0.00809467 0.00571503 0.0116204 0.0157966 0.0208983 0.0245599 0.0264769 0.0273864 0.0199937 0.0203241 0.0128075 0.0100824 0.00829 0.00235426 0.000218188 0 0 0 0 
0 0 0 0 0 0.00143969 0.0129093 0.030631 0.0287558 0.0324428 0.0329799 0.0182923 0.0148997 0.0151076 0.0187577 0.0263464 0.021336 0.0187601 0.0178922 0.0174155 0.0205856 0.0181188 0.0211466 0.024093 0.0179149 0.0117834 0.0175912 0.0202729 0.0189933 0.0194232 0.016624 0.0139525 0.0153589 0.023725 0.0194996 0.0203054 0.0104086 0.0163086 0.0202802 0.0196469 0.0115194 0.0162909 0.0251556 0.0272546 0.0163312 0.00757978 0.0110048 0.0179065 0.0168708 0.0182761 0.0118722 0.00538118 0.00814749 0.0143531 0.0223639 0.0410479 0.0663882 0.0621876 0.0341193 0.0253349 0.0174244 0.00619014 0.0072009 0.00160607 3.60491e-05 0 0 0 0 
0 0 0 0 0 0.00013185 0.00385624 0.0197827 0.0258251 0.0451215 0.0293083 0.0168488 0.0146949 0.00983437 0.0303211 0.0374569 0.0246356 0.0208854 0.0202866 0.0235888 0.0209789 0.0139563 0.0118607 0.0150013 0.0156935 0.0162086 0.0195915 0.0257663 0.0163623 0.0148663 0.0160063 0.0113709 0.0144078 0.0184356 0.025057 0.0202861 0.0152644 0.0178966 0.0183255 0.0162898 0.0139056 0.0235254 0.0265731 0.0332458 0.0175436 0.00596245 0.0111678 0.013169 0.013377 0.0088476 0.010478 0.00762086 0.00899979 0.0117201 0.0134259 0.0343722 0.0624673 0.0628177 0.0335487 0.0235272 0.0152881 0.00522428 0.00156077 0.000539507 0 0 0 0 0 
0 0 0 0 0 0 0.000600434 0.00783938 0.021122 0.027217 0.0149042 0.0178843 0.0135781 0.019982 0.0462967 0.0429183 0.0164136 0.0239956 0.0236644 0.0216922 0.0200382 0.0198474 0.0215292 0.0204777 0.0207606 0.0235921 0.02452 0.0181525 0.0107611 0.0166555 0.0186696 0.0123144 0.0200555 0.0210342 0.0173487 0.00916404 0.0147115 0.0182415 0.0194566 0.0135309 0.0130911 0.0188559 0.0258033 0.026009 0.0121478 0.00905907 0.0134558 0.0134478 0.0115357 0.0146898 0.0100217 0.0111302 0.00842531 0.00842807 0.0101215 0.0153396 0.0245849 0.0316265 0.0295857 0.0205705 0.0130645 0.00531093 0.000644862 6.41202e-05 0 0 0 0 0 
0 0 0 0 0 0 0 0.000784661 0.0108604 0.0273756 0.0252396 0.0223067 0.0205318 0.0214976 0.0208615 0.0222591 0.00903494 0.0197884 0.022776 0.0250607 0.0223421 0.0260345 0.0257767 0.0255445 0.0239392 0.0206408 0.016329 0.016122 0.0134432 0.0130903 0.00937791 0.017005 0.033343 0.0274436 0.00769974 0.00480786 0.0110386 0.0152386 0.0156875 0.0149738 0.0130328 0.0211977 0.0195234 0.014931 0.00846782 0.00927462 0.0100038 0.0168188 0.025069 0.0271862 0.0189707 0.0161714 0.0164287 0.0138046 0.011883 0.0125656 0.0122229 0.0183874 0.0161848 0.0134181 0.00979136 0.00169893 0 0 0 0 0 0 0 
0 0 0 0 0 0 0 7.05276e-07 0.00138329 0.0129786 0.0304897 0.0279292 0.0226913 0.017768 0.0115134 0.00311785 0.00391716 0.0135302 0.014863 0.0193402 0.0233497 0.0251741 0.0199401 0.0247839 0.0231923 0.0207439 0.0173874 0.025989 0.0117987 0.0111574 0.0131241 0.00901305 0.0163583 0.0204972 0.0107868 0.00666207 0.0150301 0.0239742 0.0251762 0.0152713 0.0177738 0.0264007 0.0187884 0.0197307 0.0126451 0.0256207 0.0261835 0.0277215 0.0338011 0.0256985 0.0172215 0.0243871 0.0195946 0.0152471 0.0149661 0.010603 0.00527821 0.00636382 0.0120153 0.00814651 0.00333729 0.000201497 0 0 0 0 0 0 0 
0 0 0 0 0 0 0 0 3.25782e-07 0.00466204 0.0230851 0.0363302 0.0313048 0.0173676 0.00813992 0.00159434 0.00896261 0.0201303 0.00922186 0.00861342 0.0191253 0.0203147 0.0208846 0.0226291 0.021973 0.0226028 0.0272281 0.0256329 0.00882851 0.00707748 0.00786925 0.00759929 0.00931187 0.0150091 0.010892 0.0132727 0.0146711 0.0183173 0.0234887 0.021286 0.0190175 0.0189538 0.0155082 0.0165643 0.00940855 0.0163284 0.0196644 0.0237486 0.0228212 0.0233306 0.0142146 0.0150791 0.0120177 0.0119741 0.0153212 0.0128133 0.0023762 0.00554898 0.0119327 0.00765924 0.000605637 1.5268e-05 0 0 0 0 0 0 0 
0 0 0 0 0 0 0 0 0 0.000269874 0.0094075 0.0215728 0.0182382 0.0114608 0.00419004 0.00130217 0.00887549 0.0186931 0.012144 0.0033733 0.0101914 0.012288 0.0209314 0.0175618 0.0203833 0.0203716 0.0276494 0.022498 0.00995781 0.0104928 0.0156866 0.00877599 0.0176688 0.022143 0.0227316 0.0192014 0.0148637 0.022804 0.0227 0.0289307 0.0303534 0.0180021 0.0157549 0.0232815 0.0266637 0.0264456 0.0225155 0.0172509 0.01194 0.0196353 0.0128015 0.00756469 0.0134445 0.0135962 0.0162011 0.00940351 0.00375551 0.00422414 0.0068265 0.00341747 0.000198418 0 0 0 0 0 0 0 0 
0 0 0 0 0 0 0 0 0 0 0.00103484 0.00531555 0.00226005 0.000787649 7.4121e-05 0.00126335 0.0053117 0.0125687 0.0150617 0.00300558 0.0062137 0.0143602 0.0296102 0.0241847 0.0207919 0.0196448 0.0258146 0.0194998 0.0172181 0.0152359 0.0127545 0.01137 0.0149394 0.0200727 0.0216669 0.0207372 0.0165696 0.0175136 0.0242974 0.0329915 0.0296489 0.0166459 0.0132779 0.0206459 0.0191371 0.0165204 0.0177302 0.0163496 0.015001 0.0147055 0.017802 0.0078663 0.0114635 0.0091214 0.00390476 0.00192055 0.000961591 0.00110993 0.00206634 0.000277432 0 0 0 0 0 0 0 0 0 
0 0 0 0 0 0 0 0 0 0 0 6.0686e-05 2.72675e-05 0 0 0.00280567 0.00607383 0.00909765 0.0137809 0.00857237 0.00575202 0.0189305 0.0297132 0.0286941 0.0240532 0.0181998 0.0174544 0.0126033 0.0154839 0.00792552 0.00625183 0.00643751 0.014149 0.0193641 0.0266823 0.020509 0.0175232 0.014405 0.00971288 0.0130942 0.0159876 0.0150845 0.0165562 0.0133689 0.0093655 0.01249 0.00967256 0.016074 0.0162874 0.0164334 0.019375 0.00787174 0.000549342 0.00304937 0.00208596 0 0 0 0 0 0 0 0 0 0 0 0 0 0 
0 0 0 0 0 0 0 0 0 0 0 0 0 0 4.29829e-05 0.0043882 0.00816056 0.00834355 0.00878211 0.0113951 0.0252859 0.0317288 0.0289994 0.0304265 0.0226225 0.016458 0.0231486 0.018558 0.0166577 0.0080844 0.00451853 0.00325577 0.0125277 0.0350128 0.0685947 0.0251651 0.0131795 0.0142922 0.00774097 0.00270842 0.0115351 0.020897 0.0266226 0.0236899 0.0161328 0.0110886 0.00605236 0.00957816 0.0181142 0.016993 0.0155079 0.00848087 0.00281069 0.00175515 0.00110738 0.000239917 0 0 0 0 0 0 0 0 0 0 0 0 0 
0 0 0 0 0 0 0 0 0 0 0 0 0 0 8.37657e-06 0.001189 0.00749435 0.0067923 0.0101412 0.0154363 0.0304966 0.0444738 0.0260658 0.0237787 0.0286051 0.0225829 0.0204346 0.0229966 0.0235244 0.0106621 0.00535405 0.00472773 0.012618 0.0443554 0.0647437 0.0176181 0.0104408 0.0114018 0.00896611 0.00187396 0.00913438 0.022398 0.024491 0.0201027 0.015501 0.00746966 0.00871531 0.0142933 0.013005 0.0165936 0.0218374 0.0116203 0.00594684 0.000950797 0.0030797 7.73541e-05 0 0 0 0 0 0 0 0 0 0 0 0 0 
0 0 0 0 0 0 0 0 0 0 0 0 0 0 0 5.86255e-05 0.00237993 0.0058739 0.00641455 0.00725049 0.0138028 0.0329498 0.0162673 0.0114996 0.0243855 0.0196482 0.0304688 0.0455264 0.0434724 0.0196205 0.0139683 0.00714642 0.0120529 0.0181657 0.0190071 0.00808952 0.010828 0.0145235 0.0181786 0.0105938 0.00900683 0.0164626 0.0187292 0.0162476 0.00783083 0.00580076 0.0141676 0.0183485 0.0139441 0.0147175 0.0240251 0.018473 0.00837827 0.000111837 0.000174518 0 0 0 0 0 0 0 0 0 0 0 0 0 0 
0 0 0 0 0 0 0 0 0 0 0 0 0 0 0 0 0.00031315 0.00110334 0.000956165 0.00121585 0.00348796 0.00766773 0.00435741 0.00784683 0.0197695 0.023063 0.0269263 0.0460642 0.0355601 0.0210877 0.0143778 0.00752639 0.00661003 0.00792122 0.00498977 0.0037139 0.00804918 0.0140415 0.0214191 0.0149746 0.0084903 0.0102573 0.0151998 0.014849 0.00577055 0.00925598 0.0173199 0.014465 0.0124509 0.013778 0.010164 0.00400958 0.00122559 0 0 0 0 0 0 0 0 0 0 0 0 0 0 0 0 
0 0 0 0 0 0 0 0 0 0 0 0 0 0 0 0 0 0 0 5.92809e-05 0.000368896 0.000587985 0.000415963 0.00383938 0.0230145 0.0216023 0.0202003 0.0164269 0.0193038 0.01781 0.0142068 0.00899476 0.00268127 0.00307291 0.00327509 0.00746449 0.0184641 0.0221218 0.0223577 0.018718 0.00886274 0.0109723 0.013266 0.00662312 0.0017022 0.00484355 0.0122146 0.00878366 0.00597697 0.0046717 0.0016635 0.000143329 1.90152e-06 0 0 0 0 0 0 0 0 0 0 0 0 0 0 0 0 
0 0 0 0 0 0 0 0 0 0 0 0 0 0 0 0 0 0 0 0 0 0 2.36327e-05 0.00166801 0.00692565 0.00710948 0.00617405 0.00696408 0.0100842 0.00993598 0.0118491 0.0128074 0.00593841 0.00529303 0.00836946 0.0235039 0.0296387 0.0180011 0.0146091 0.010944 0.00661428 0.00596971 0.0109236 0.00368418 0 0.000365194 0.00268283 0.00275184 0.000909646 1.8806e-05 0 0 0 0 0 0 0 0 0 0 0 0 0 0 0 0 0 0 0 
0 0 0 0 0 0 0 0 0 0 0 0 0 0 0 0 0 0 0 0 0 0 0 0.000177963 0.000683799 0.000782432 0.000971798 0.0035777 0.00450853 0.00316535 0.00349273 0.00478895 0.00854515 0.00697263 0.00668414 0.0226045 0.0267313 0.0114495 0.00593199 0.000314335 0.000124197 0.00216786 0.0045786 0.00116694 0 0 0.000173645 0.000141704 0 0 0 0 0 0 0 0 0 0 0 0 0 0 0 0 0 0 0 0 0 
0 0 0 0 0 0 0 0 0 0 0 0 0 0 0 0 0 0 0 0 0 0 0 0 0 0 0.00014073 0.00035946 0.000374968 0.000124559 1.20526e-05 0.000126933 0.00140019 0.00399395 0.00561914 0.00856408 0.0112827 0.00570305 0.000207003 0 0 3.68096e-06 3.38522e-05 2.85861e-05 0 0 0 0 0 0 0 0 0 0 0 0 0 0 0 0 0 0 0 0 0 0 0 0 0 

