0 0 0 0 0 0 0 0 0 0 0 0 0 0 0 0 0 0 0 0 0 0 0 0 0 0 0 0 0 0 0 0 0 0 0 0 0 0 0 0 0 0 0 0 0 0 0 0 0 0 0 0 0 0 0 0 0 0 0 0 0 0 0 0 0 0 0 0 0 
0 0 0 0 0 0 0 0 0 0 0 0 0 0 0 0 0 0 0 0 0 0 0 0 0 0 9.6818e-05 0.000837648 0.00256995 0.00142471 4.58284e-05 0 0 0.000446547 0.000937689 0.000813889 0.000236062 0.00147193 0.00117117 0.000240995 0.000422758 0.0018614 0.00134186 0.000739332 0.000224492 0 0 0 0 0 0 0 0 0 0 0 0 0 0 0 0 0 0 0 0 0 0 0 0 
0 0 0 0 0 0 0 0 0 0 0 0 0 0 0 0 0 0 0 0 0 0 0 0.000134284 0.00201626 0.00128413 0.00274184 0.00910813 0.0111344 0.00598691 0.000863307 0.000323269 8.22425e-05 0.00375333 0.00575612 0.00111045 0.000471414 0.00185038 0.00284912 0.00452595 0.00298849 0.00736372 0.00709542 0.00469766 0.00417616 0.00307521 0.000864608 9.26902e-05 0 0 0 0 0 0 0 0 0 0 0 0 0 0 0 0 0 0 0 0 0 
0 0 0 0 0 0 0 0 0 0 0 0 0 0 0 0 0 0 0 0 0 0.000979073 0.00188885 0.00407103 0.0123152 0.00821988 0.0102824 0.0172785 0.0207317 0.0168792 0.00783296 0.00376527 0.00158999 0.00357921 0.00372531 0.00221847 0.00269802 0.00664681 0.00931321 0.0161766 0.0106637 0.0118008 0.0083143 0.00335996 0.0037435 0.0112394 0.00655922 0.00605391 0.00210326 0.000265876 3.54181e-06 0 0 0 0 0 0 0 0 0 0 0 0 0 0 0 0 0 0 
0 0 0 0 0 0 0 0 0 0 0 0 0 0 0 0 0 0 0.00011092 0.000748273 0.00287322 0.0093223 0.0136636 0.0153663 0.0170773 0.0123192 0.0117128 0.0207603 0.0300457 0.0303856 0.0199722 0.00901106 0.00735442 0.00593901 0.00389644 0.00374051 0.0072614 0.00972147 0.0122404 0.015954 0.0131667 0.0144096 0.017091 0.00985009 0.012651 0.020651 0.0142368 0.0114834 0.0103157 0.00724832 0.00118318 4.54565e-05 0 0 0 0 0 0 0 0 0 0 0 0 0 0 0 0 0 
0 0 0 0 0 0 0 0 0 0 0 0 0 0 0 0 0 0 0.000588785 0.00396581 0.0169686 0.0201973 0.0263931 0.0215511 0.0186124 0.0142166 0.0139696 0.0192356 0.0182885 0.0226508 0.0182316 0.014158 0.0123319 0.00698234 0.00338833 0.00749849 0.0154908 0.0141517 0.0113351 0.0163192 0.0188713 0.0180989 0.0157933 0.0166297 0.0198018 0.0243311 0.0183131 0.0154156 0.0189447 0.0158877 0.00873105 0.00675958 0.00194988 0.000117347 0 0 0 0 0 0 0 0 0 0 0 0 0 0 0 
0 0 0 0 0 0 0 0 0 0 0 0 0 0 0 0 0.000817294 0.000570582 0.00280445 0.0115497 0.0179488 0.0230309 0.0231278 0.0190584 0.0144862 0.0127493 0.0166562 0.0180252 0.0224293 0.0191971 0.0138776 0.0152022 0.0161093 0.0162136 0.0115237 0.0147984 0.017169 0.0105509 0.0133542 0.0158767 0.0221864 0.0221401 0.0228677 0.018411 0.0180523 0.0221255 0.0229234 0.0186783 0.0179561 0.0212259 0.0192026 0.0159773 0.0124242 0.00401551 3.24564e-05 0 0 0 0 0 0 0 0 0 0 0 0 0 0 
0 0 0 0 0 0 0 0 0 0 0 0 0 0 0 0.0010023 0.00407684 0.00217361 0.0017508 0.0155325 0.016407 0.0149869 0.0153251 0.0139128 0.014667 0.0210444 0.0199609 0.0236364 0.0256099 0.0165584 0.0121382 0.0142277 0.020969 0.0162165 0.0184458 0.0178463 0.0159675 0.0119415 0.0132823 0.0150175 0.0208253 0.0219676 0.021316 0.0215032 0.0207512 0.0267799 0.0194764 0.0170443 0.0236585 0.0243066 0.0218405 0.0173899 0.0161512 0.00866132 0.00208461 0 0 0 0 0 0 0 0 0 0 0 0 0 0 
0 0 0 0 0 0 0 0 0 0 0 0 2.12712e-05 0.00137326 0.00295196 0.00583961 0.0101648 0.0086721 0.00581661 0.0103024 0.0112541 0.0134908 0.0197262 0.0178177 0.0209676 0.0252499 0.0211832 0.0213395 0.0202692 0.0193655 0.021241 0.0155504 0.0145215 0.0180148 0.0197489 0.0256477 0.0247775 0.0166769 0.0145747 0.0129953 0.0134963 0.0233136 0.0228169 0.0222516 0.0276728 0.039845 0.0254247 0.022814 0.0217542 0.0182946 0.0156815 0.0160024 0.0170348 0.0144042 0.00748846 0.000509805 0.000111357 0 0 0 0 0 0 0 0 0 0 0 0 
0 0 0 0 0 0 0 0 0 0 0 0.00033714 0.00469186 0.00957394 0.0142144 0.0176892 0.0136821 0.0116045 0.0122561 0.010274 0.00941474 0.0156621 0.0213592 0.0216518 0.0221173 0.0142293 0.0148219 0.017653 0.0209109 0.0247812 0.0285902 0.022875 0.0160522 0.0228684 0.0307261 0.0265084 0.0193866 0.0185574 0.0141762 0.0129134 0.0180074 0.0254269 0.0250328 0.0175682 0.0220532 0.035418 0.0238606 0.0195195 0.0196282 0.019974 0.018611 0.0208056 0.0143141 0.015112 0.0151815 0.0076257 0.0037126 0.000656414 0 0 0 0 0 0 0 0 0 0 0 
0 0 0 0 0 0 0 0 0 0 0.000593187 0.004676 0.011556 0.0163006 0.0201363 0.014879 0.0148187 0.0158003 0.0167141 0.0133919 0.0183344 0.0187667 0.0191453 0.0207165 0.0283403 0.0196274 0.0131144 0.0162061 0.0186581 0.0255208 0.0306591 0.0234056 0.0210817 0.0265083 0.0425553 0.0227647 0.0205984 0.0176484 0.0192244 0.0204306 0.0205812 0.0202234 0.0221395 0.0237831 0.021998 0.0261623 0.0218727 0.0223261 0.022814 0.0275628 0.022281 0.0162015 0.0149016 0.0173816 0.0209022 0.0112004 0.0106189 0.00332666 5.31898e-07 0 0 0 0 0 0 0 0 0 0 
0 0 0 0 0 0 0 0 0 5.82186e-05 0.00244339 0.012552 0.0176469 0.0192792 0.0251795 0.0199058 0.0223455 0.0242887 0.0227807 0.0190091 0.0221152 0.0182144 0.0232568 0.0328006 0.0271247 0.0270753 0.0195394 0.0193766 0.019976 0.0224409 0.0260412 0.0222312 0.0258826 0.0217728 0.0250572 0.0163527 0.0151595 0.0169481 0.0193562 0.0190084 0.019648 0.0154863 0.0233286 0.0267677 0.0317627 0.0342987 0.0248241 0.0210492 0.0222502 0.0244723 0.0301269 0.0220758 0.0202519 0.0144928 0.0142878 0.0124374 0.0104006 0.00438969 0.000483786 0 0 0 0 0 0 0 0 0 0 
0 0 0 0 0 0 0 0 4.21965e-05 0.00158909 0.00413171 0.0117755 0.0243599 0.0281521 0.0294196 0.0311706 0.0245473 0.017801 0.0204636 0.0165129 0.0172072 0.0206385 0.0244538 0.0264958 0.0311282 0.0292918 0.0210257 0.0236665 0.0283856 0.0241874 0.027086 0.0237507 0.020749 0.0188417 0.019205 0.0208568 0.01482 0.0243303 0.0237318 0.014928 0.0154349 0.0176717 0.023622 0.0174993 0.0256711 0.0309671 0.0252415 0.0232493 0.0274615 0.0190466 0.0237818 0.0218102 0.0254878 0.0126466 0.015285 0.0112517 0.0133051 0.0105079 0.00264454 0.000339515 1.27495e-06 0 0 0 0 0 0 0 0 
0 0 0 0 0 0 0 0 0.00034845 0.00366413 0.00828872 0.0136642 0.0178304 0.0237156 0.0207289 0.0208181 0.0223347 0.0249319 0.0219542 0.0192377 0.0200277 0.0193497 0.0221856 0.0269892 0.0290542 0.0236343 0.0230919 0.0234845 0.0246909 0.0209639 0.0204027 0.0192002 0.0165859 0.0164982 0.0176438 0.0142087 0.0147537 0.0241275 0.0262385 0.0162352 0.0142569 0.0168309 0.0211334 0.0179618 0.0218599 0.0299595 0.0284878 0.0228616 0.0265277 0.0225925 0.0203713 0.0207941 0.0240417 0.0137091 0.0161909 0.015036 0.0229309 0.0181961 0.0139918 0.00662732 0.000435639 7.15914e-05 0 0 0 0 0 0 0 
0 0 0 0 0 0 0 0 0.00045858 0.00769331 0.0141685 0.0183126 0.0182905 0.0219731 0.0225077 0.0229402 0.023042 0.0227159 0.0251705 0.0267262 0.0204192 0.0227033 0.0202878 0.01776 0.018621 0.0199524 0.028276 0.0248652 0.0186105 0.0152512 0.015753 0.013744 0.015838 0.0186138 0.0139391 0.0148719 0.0162322 0.0170058 0.0200205 0.0210646 0.0183275 0.0182906 0.0186955 0.0254635 0.0241354 0.0246539 0.024233 0.0258794 0.0227577 0.0233236 0.0160362 0.0161074 0.0145683 0.0253121 0.0282982 0.0286831 0.0198265 0.0201097 0.0207809 0.0155306 0.00527785 0.00149433 5.55743e-05 0 0 0 0 0 0 
0 0 0 0 0 0 3.80742e-07 0.000119756 0.000348459 0.00604612 0.0115381 0.0169683 0.0152221 0.0159005 0.0205584 0.0205202 0.0230466 0.0219122 0.0177395 0.0150024 0.00890635 0.0114469 0.0129902 0.0127781 0.0109847 0.022252 0.0237211 0.0198595 0.0241153 0.0224056 0.0207881 0.0187489 0.0228714 0.0206043 0.0197491 0.0198128 0.0198284 0.0167884 0.0161272 0.0240899 0.0271465 0.0193541 0.0247391 0.0256121 0.0252798 0.0244196 0.024128 0.0217927 0.0234355 0.0215837 0.014947 0.0132877 0.0149798 0.0338286 0.0331315 0.0321048 0.0239381 0.025131 0.0253733 0.0161866 0.0161655 0.00698248 0.000974651 0 0 0 0 0 0 
0 0 0 0 0 0 0.000973143 0.00636089 0.00602077 0.00312831 0.00678885 0.010731 0.0123151 0.0210723 0.0248204 0.0205053 0.0161402 0.0153877 0.0201101 0.0255946 0.0166675 0.0151951 0.0119013 0.0160333 0.0163511 0.0177073 0.0206292 0.0240406 0.0270495 0.026483 0.0199336 0.019615 0.02197 0.0232636 0.0310186 0.0346859 0.0246769 0.0169252 0.0173839 0.021419 0.0216702 0.0177195 0.025163 0.0249348 0.0308524 0.0304113 0.0226086 0.0179015 0.0167908 0.015946 0.0135269 0.0170703 0.0197079 0.028041 0.0363949 0.0338911 0.0235266 0.0260385 0.0165814 0.012126 0.0166464 0.0109348 0.00251746 0.00137369 8.58039e-06 0 0 0 0 
0 0 0 0 1.11357e-05 0.00168335 0.00577159 0.016303 0.0105973 0.0039308 0.00396605 0.0110546 0.0139247 0.0173042 0.0192226 0.0182065 0.0164163 0.0263027 0.0259953 0.0207079 0.0213024 0.0180934 0.0182903 0.0193995 0.0220163 0.0209722 0.0164906 0.0220661 0.0235667 0.0270232 0.0232376 0.0206265 0.0224342 0.0207463 0.0253459 0.0269166 0.0264635 0.0226404 0.0195392 0.0177256 0.0159412 0.0176286 0.0249265 0.0302405 0.0304362 0.032547 0.0215351 0.0160716 0.019604 0.0136542 0.0143046 0.0230765 0.0234425 0.0246792 0.0259045 0.0290846 0.021852 0.0177033 0.014218 0.0134286 0.0206673 0.0142803 0.00685002 0.00426562 0.0012988 0 0 0 0 
0 0 0 0 0.000199968 0.00655309 0.0121223 0.0167818 0.00816175 0.0102519 0.0173168 0.0130523 0.0158845 0.0206823 0.0222637 0.02309 0.0211222 0.0211416 0.0189369 0.0211684 0.0261655 0.029368 0.0269244 0.0196768 0.0213419 0.0213843 0.0171651 0.0172819 0.021796 0.0209244 0.0221822 0.0261905 0.0289691 0.0211266 0.0238641 0.0231644 0.0319143 0.0300167 0.0161983 0.0140978 0.0171261 0.0168945 0.0222314 0.0287115 0.03162 0.0306114 0.0204152 0.0164257 0.0181089 0.016308 0.0168945 0.0212655 0.0223556 0.0237958 0.0241593 0.0187118 0.018503 0.018069 0.0190272 0.018258 0.0107129 0.0106632 0.00898009 0.00539175 0.00345995 0.000209251 0 0 0 
0 0 0 0 0.00201809 0.00631321 0.010928 0.0128891 0.0121846 0.0139286 0.0191205 0.0154628 0.0143525 0.0172844 0.0202743 0.022348 0.0204528 0.019504 0.0165916 0.0176244 0.026215 0.0281583 0.0273387 0.0231036 0.0201474 0.0209628 0.0191302 0.013591 0.0226957 0.0232888 0.0256894 0.0269768 0.0218045 0.0188787 0.0220879 0.0227779 0.0267068 0.0253702 0.0163951 0.0110309 0.0154525 0.0155593 0.0208009 0.0215142 0.0264521 0.0288196 0.0196549 0.0233696 0.0194736 0.0184855 0.0195496 0.0140983 0.0120815 0.0205765 0.0165208 0.0189501 0.0218992 0.0186267 0.0220153 0.0189441 0.0096122 0.00564093 0.00553753 0.0044508 0.0105769 0.00172035 0 0 0 
0 0 0 3.52203e-05 0.00418788 0.00732409 0.0129596 0.0127152 0.0105096 0.0110548 0.0109796 0.0173236 0.0203469 0.0213391 0.0207939 0.0189094 0.0148841 0.0179272 0.0134786 0.0199459 0.0156508 0.0250081 0.0261399 0.0266668 0.0253532 0.0196388 0.016031 0.0166082 0.0231201 0.0236428 0.0211816 0.0243983 0.0187751 0.0222995 0.024094 0.0262129 0.024443 0.0250295 0.0226897 0.0122285 0.014342 0.0179776 0.0196849 0.0218472 0.0246342 0.0216485 0.0220814 0.0295806 0.0257568 0.0255078 0.025993 0.012537 0.0124846 0.025132 0.0211263 0.0213443 0.0184443 0.018522 0.0232841 0.0201772 0.0183205 0.0188665 0.0167967 0.0152471 0.0185972 0.00371714 4.86169e-05 0 0 
0 0 0 0.000328204 0.00278847 0.0054581 0.0101097 0.0127545 0.0103704 0.0128819 0.0177212 0.025643 0.0223733 0.0222503 0.0204881 0.0162823 0.014776 0.0136735 0.014805 0.0200223 0.0160714 0.0251136 0.0255388 0.0188673 0.0167073 0.015381 0.021746 0.0239028 0.0256514 0.0239932 0.0232366 0.0247656 0.0197774 0.0187532 0.0201496 0.0243821 0.0206483 0.029987 0.0218508 0.01315 0.00870624 0.015331 0.0209795 0.0208466 0.0201479 0.019526 0.0238851 0.0283032 0.0377556 0.0336574 0.0262658 0.0173925 0.0144694 0.0212278 0.0210337 0.019397 0.0146558 0.0197853 0.0227179 0.0330152 0.029473 0.027888 0.032208 0.0246795 0.0183469 0.0104516 0.00157655 0 0 
0 0 0 3.44281e-05 0.00133084 0.00311973 0.0112294 0.0156121 0.0166694 0.0184354 0.0205264 0.0205975 0.0180113 0.015857 0.0164826 0.0167967 0.0186183 0.0144838 0.0179632 0.0167192 0.0169702 0.020213 0.0272577 0.0205463 0.0155008 0.01809 0.0181771 0.0185533 0.0204919 0.0199535 0.0225379 0.0265989 0.0246081 0.0184401 0.0161164 0.0185519 0.0188033 0.0259345 0.0256175 0.0183058 0.0114573 0.0133437 0.0235924 0.0217709 0.020262 0.0278866 0.0216708 0.0215988 0.0266783 0.0218799 0.0282062 0.022306 0.0177977 0.0177732 0.0199904 0.0241337 0.0280329 0.0215662 0.0263119 0.0279042 0.0318176 0.0246045 0.0265788 0.027405 0.0278025 0.0180858 0.0045254 0 0 
0 0 0.000170497 0.00110722 0.00291101 0.00717679 0.0139747 0.0163457 0.0219894 0.0173533 0.0156106 0.0171697 0.0223331 0.0180633 0.0154373 0.0240256 0.0233313 0.0137057 0.015632 0.0178826 0.0183559 0.0206218 0.0226306 0.0228989 0.0196474 0.0199717 0.0157094 0.0160278 0.0143262 0.0161219 0.0240437 0.0316851 0.0314758 0.0244591 0.0160208 0.0206927 0.0278493 0.0218205 0.0239937 0.0155525 0.0136623 0.0224942 0.0240644 0.0207456 0.0248695 0.0211611 0.0184688 0.0231025 0.02231 0.0223569 0.026972 0.0204435 0.0191467 0.0213642 0.0206729 0.0362122 0.0378366 0.0308496 0.0301749 0.0228914 0.0293724 0.0239313 0.0233188 0.0240571 0.0303012 0.0121828 0.00168211 0 0 
0 0 0.00105852 0.00379799 0.00717829 0.00918131 0.0136459 0.014673 0.0124481 0.0110702 0.0131076 0.01762 0.0135678 0.0131347 0.0105005 0.0163521 0.020817 0.0160058 0.0176484 0.0170722 0.0181348 0.0206418 0.017497 0.0254065 0.0276528 0.0219423 0.0158823 0.0249775 0.0228088 0.02438 0.0246482 0.0278221 0.0241729 0.0248377 0.0184509 0.0259303 0.0255418 0.0206283 0.018334 0.0162441 0.0169263 0.0229565 0.0318395 0.0356071 0.0328618 0.0330798 0.0251649 0.024453 0.0301971 0.0242031 0.0255603 0.0165633 0.017306 0.0214857 0.0225471 0.0324251 0.0332751 0.0316742 0.0281795 0.019006 0.0239671 0.0181596 0.0222391 0.0165874 0.0165386 0.00633529 0.000154489 0 0 
0 0 0.00277873 0.00813802 0.00615212 0.00446134 0.00680699 0.00593591 0.00575249 0.0112579 0.017328 0.0128708 0.00869765 0.0113716 0.0120905 0.0145087 0.0127223 0.0173406 0.0168906 0.0161287 0.0142694 0.021287 0.0314571 0.0339544 0.0321487 0.0233526 0.0222714 0.0288764 0.0261724 0.0256048 0.0242892 0.0248383 0.0256279 0.0274112 0.0270395 0.0216636 0.0243421 0.0215256 0.0232178 0.0189285 0.0186765 0.0211775 0.0362767 0.0361431 0.0379459 0.0361836 0.0256656 0.0356394 0.035147 0.0281146 0.023426 0.016532 0.0211872 0.0268564 0.025457 0.0282618 0.0253073 0.0288767 0.0298128 0.0256211 0.0190043 0.0213643 0.0202422 0.0136782 0.0126627 0.00597793 0.00112702 0 0 
0 7.92955e-05 0.00308275 0.00627128 0.00871185 0.00381699 0.000866842 0.0015252 0.0059399 0.0081924 0.0111719 0.00930217 0.0093894 0.0158667 0.0155425 0.0129065 0.0166616 0.0220623 0.0201494 0.0218648 0.0204494 0.0199226 0.0323675 0.0420056 0.0265922 0.0196453 0.0212796 0.022431 0.0315911 0.0271574 0.0201998 0.0188829 0.0204147 0.029425 0.0241568 0.0241332 0.0241545 0.0207369 0.0219221 0.0142789 0.0194419 0.0224936 0.0334137 0.0390892 0.0341237 0.027844 0.0262584 0.0254671 0.0234869 0.0293855 0.0186932 0.0152933 0.0258598 0.0274449 0.0209998 0.0210527 0.0312577 0.0300914 0.028488 0.0316315 0.0208506 0.0202098 0.020791 0.0157602 0.0104339 0.00386349 0.00493349 0.000286137 4.91067e-05 
0 0.000481487 0.0026033 0.00697895 0.0186254 0.0170969 0.00332811 0.00327486 0.00705923 0.0115207 0.0132692 0.00810163 0.00550733 0.0122516 0.0161018 0.016911 0.0184725 0.0241677 0.019745 0.0169274 0.017524 0.0241696 0.025024 0.0327367 0.0325765 0.019539 0.0192899 0.0188095 0.0257593 0.0253827 0.0227782 0.0182276 0.0211385 0.0182781 0.0244528 0.030206 0.0294034 0.0274577 0.0275611 0.023834 0.0191136 0.0257641 0.0338231 0.0445429 0.0382566 0.027349 0.0275869 0.0254366 0.0255165 0.0244707 0.0184508 0.0189582 0.0270151 0.0281275 0.0229199 0.0218942 0.0231892 0.0259831 0.0311001 0.0285104 0.0196949 0.0196524 0.0198092 0.0134306 0.00779917 0.00415191 0.00352856 0.00338056 0.00168848 
0 4.27254e-05 0.000475153 0.00590821 0.0114904 0.0123543 0.00349582 0.0028362 0.00666334 0.0118067 0.00988612 0.0083502 0.00786259 0.01257 0.0179258 0.013859 0.013404 0.0225146 0.0278521 0.0278827 0.0199196 0.0205764 0.0246284 0.0227877 0.0204354 0.0201541 0.0147419 0.0224098 0.0198297 0.0218869 0.0215593 0.0213399 0.0190198 0.0234124 0.0239501 0.0263769 0.0370889 0.0319508 0.0241598 0.0302692 0.0215825 0.0237315 0.031894 0.0386997 0.0549712 0.0315693 0.0200266 0.0165296 0.0214698 0.0206603 0.0171367 0.0267043 0.0275041 0.0282104 0.0189687 0.0253567 0.0270612 0.0235464 0.0244155 0.0203049 0.0102599 0.0121896 0.0133769 0.00980213 0.00473523 0.00666436 0.00402136 0.00652782 0.0014678 
0 0 0.000477595 0.00470273 0.00456066 0.00389909 0.00290113 0.00717623 0.0081131 0.0107823 0.0114056 0.0156478 0.0174265 0.015522 0.0161784 0.0158755 0.0153738 0.0161761 0.0209562 0.0273517 0.0228761 0.0175526 0.0171576 0.0169825 0.0203648 0.0228261 0.0222403 0.0285427 0.0259527 0.0282896 0.0176057 0.0188828 0.0146591 0.0168291 0.0170437 0.0193731 0.0323404 0.0332007 0.0213435 0.0281227 0.0269426 0.0290967 0.0279348 0.0295048 0.040217 0.0295937 0.0193732 0.0188174 0.0248989 0.0270085 0.0198346 0.0223299 0.0248807 0.0243511 0.0195596 0.0213597 0.0217839 0.0211325 0.0183579 0.0150623 0.00563361 0.0100498 0.0125273 0.00877914 0.00535896 0.00636325 0.00691536 0.00854916 0.00153101 
0 0 0.000858348 0.00231247 0.00232916 0.00203593 0.0037114 0.0104402 0.00765314 0.0132231 0.0161153 0.0193516 0.0197266 0.0187433 0.0193505 0.0162025 0.0214938 0.0194184 0.024431 0.0274532 0.0291101 0.0231572 0.0189782 0.0181495 0.0207807 0.0201839 0.0197981 0.0249786 0.0198572 0.0193591 0.0203205 0.0176755 0.0167677 0.0184529 0.0226641 0.0224831 0.0302831 0.0259976 0.0231652 0.0273828 0.0275173 0.0220934 0.0274788 0.0266374 0.0262708 0.0248304 0.0245978 0.0262532 0.0342481 0.0271646 0.0234213 0.0204863 0.0183348 0.0176703 0.0165955 0.0168242 0.0189907 0.0220663 0.0173546 0.0190817 0.0138737 0.0217143 0.0142417 0.00706162 0.0138793 0.0164444 0.0141911 0.014302 0.00391116 
3.65383e-05 0 5.82905e-05 0.00020501 0.000121903 0.00264881 0.00763668 0.0112877 0.011372 0.0110815 0.00914757 0.0195017 0.0212443 0.0233033 0.0195862 0.0219128 0.0239842 0.0231399 0.0210521 0.0261297 0.0271556 0.023672 0.0221107 0.0212609 0.0200294 0.0199965 0.0212828 0.0233919 0.0176829 0.0156421 0.0192717 0.0202003 0.0215107 0.0185438 0.0195956 0.0207542 0.0202676 0.0239138 0.0301509 0.0336377 0.0278017 0.0214356 0.0272337 0.0229633 0.0294747 0.0274998 0.0247416 0.0232872 0.0275086 0.027654 0.022794 0.0227814 0.0195518 0.021409 0.0246562 0.0209875 0.0216206 0.023188 0.0201978 0.020889 0.0111251 0.0101959 0.0128658 0.0157628 0.0233826 0.0222347 0.0276698 0.0235278 0.0087661 
0.000260143 0 0 0.000221517 0.00120192 0.00699862 0.00910753 0.00801296 0.00844745 0.0105539 0.0103924 0.0144934 0.0240361 0.0252481 0.0169625 0.0185915 0.0318773 0.0252284 0.0303393 0.0243762 0.0220783 0.026564 0.0288333 0.0264815 0.0241716 0.0209154 0.0165397 0.0144975 0.0174253 0.0149108 0.0175326 0.0261038 0.0274921 0.037394 0.019728 0.0245015 0.0303937 0.0300681 0.0321574 0.0315952 0.0318313 0.0285952 0.017392 0.0213205 0.0301933 0.0312385 0.0237245 0.0277265 0.0376501 0.0330193 0.0315676 0.0304292 0.026272 0.0168043 0.0190721 0.0180973 0.0194979 0.0273534 0.0283892 0.0239062 0.0157997 0.0101738 0.0155676 0.0291075 0.0279632 0.022987 0.0277623 0.0222034 0.00627632 
0.000156421 0 0.00012318 0.00311903 0.00585986 0.00725143 0.0107842 0.012128 0.00998054 0.00797123 0.00860608 0.0165927 0.0249531 0.0254403 0.0160752 0.0202798 0.0205321 0.0168018 0.0241353 0.0274148 0.0192459 0.0277315 0.0284971 0.0176277 0.0273977 0.019454 0.0198412 0.0149929 0.0140935 0.0201943 0.0243128 0.0303999 0.054154 0.0995059 0.0683055 0.0765354 0.0943429 0.0824645 0.0302038 0.0268928 0.0273615 0.0263717 0.0204684 0.0349495 0.0448564 0.0321304 0.0290852 0.03227 0.0344504 0.032519 0.0404129 0.0388268 0.0425577 0.0198073 0.0211871 0.0253442 0.0220517 0.021844 0.0326517 0.0289475 0.023112 0.0189962 0.0259146 0.0374864 0.0284513 0.0206137 0.0210421 0.0152447 0.00588567 
0.000583464 9.6084e-05 0.00143636 0.00666641 0.00916849 0.0114437 0.0168543 0.0206073 0.02541 0.0117259 0.00956347 0.0177739 0.0253818 0.0255412 0.0156227 0.0205734 0.00945866 0.0100919 0.0141614 0.0205203 0.0257423 0.0242974 0.0162724 0.0163396 0.0220101 0.0220354 0.0173379 0.017551 0.019605 0.0200642 0.0289062 0.022293 0.0566876 0.0901527 0.067251 0.0804903 0.0626522 0.083246 0.0335701 0.0217472 0.0196331 0.0231725 0.0593856 0.103447 0.152762 0.0567735 0.0346585 0.0313855 0.0276771 0.0323386 0.033583 0.0373617 0.0282105 0.0204773 0.020728 0.0237806 0.0259656 0.0206851 0.0252633 0.0276184 0.0253702 0.0185799 0.0233058 0.0279061 0.0202596 0.0172692 0.0189049 0.015362 0.00608869 
0.000350314 0.00211675 0.00385647 0.00634485 0.00881423 0.0145912 0.0151821 0.0138392 0.0175288 0.018464 0.0139203 0.0158279 0.00957 0.0149891 0.0157532 0.0181405 0.00481259 0.0072393 0.0134782 0.0236845 0.0343053 0.0318217 0.0217499 0.0156248 0.0167102 0.0166714 0.0287311 0.0244562 0.0186612 0.0230269 0.0278747 0.0258715 0.0506191 0.0592371 0.0415321 0.0271653 0.023835 0.0545687 0.0486347 0.0257468 0.0273137 0.0275342 0.0410811 0.0621589 0.125203 0.037798 0.0243577 0.0273688 0.0354164 0.0449778 0.0330633 0.0453229 0.0311893 0.0218142 0.0260881 0.0246226 0.0252739 0.0243994 0.0210878 0.0198539 0.0246475 0.0254624 0.0240812 0.0207656 0.0229688 0.0158591 0.0210901 0.0168683 0.00384667 
0.000236794 0.00372196 0.00702375 0.011283 0.00808971 0.00715761 0.00372454 0.00234641 0.00534827 0.00910313 0.0132505 0.017541 0.0145747 0.0120999 0.0104062 0.0110227 0.00407976 0.00538944 0.0142622 0.0222334 0.0306929 0.0394325 0.027075 0.0234369 0.0168878 0.014567 0.023559 0.0217724 0.0205539 0.0197667 0.0203373 0.0407821 0.0688749 0.0556583 0.0362618 0.0259106 0.0380375 0.0446876 0.0517709 0.0263089 0.0294349 0.0338562 0.0379762 0.0495677 0.0613858 0.0188069 0.011898 0.016521 0.0267713 0.0450608 0.0302896 0.0417524 0.0299019 0.0188453 0.024049 0.0270518 0.0287984 0.025758 0.0166147 0.0165033 0.0222185 0.0189147 0.0144278 0.0199577 0.0259707 0.030877 0.0179462 0.0122936 0.00405144 
0.000334102 0.00419133 0.00601078 0.0122296 0.00291775 0.000258682 0.000689095 0.00300926 0.00522518 0.00396396 0.00386654 0.00798338 0.00830973 0.00811581 0.0103745 0.00797 0.00873011 0.00758588 0.0098725 0.0194866 0.0285617 0.0315031 0.0256702 0.0230433 0.023459 0.0165811 0.0202431 0.0221733 0.0239032 0.0192983 0.0241539 0.0277936 0.0338718 0.0324626 0.0248597 0.0282039 0.0472118 0.0249855 0.0402336 0.0412165 0.0371535 0.0440928 0.0486534 0.0695851 0.0298798 0.0192364 0.0176184 0.0185337 0.0276618 0.0355911 0.0359477 0.0254585 0.0256903 0.0140763 0.0141619 0.0248373 0.0335088 0.0307498 0.0186452 0.0194096 0.0161825 0.0121477 0.0162676 0.0189934 0.0168604 0.0167191 0.0171952 0.00745313 0.000305384 
0.000151458 0.0040387 0.00761584 0.0095338 0.0151822 0.00326169 0.00149128 0.00389172 0.00729447 0.00593038 0.00234305 0.00146427 0.00240561 0.00643867 0.0116838 0.0207974 0.0163622 0.0147831 0.0156418 0.0157519 0.0183147 0.0236408 0.0259023 0.0273421 0.0279217 0.0267829 0.0241462 0.0219488 0.0252376 0.0226844 0.0263896 0.0269423 0.0188917 0.0183765 0.0177064 0.0356845 0.0451452 0.0367549 0.0363667 0.0306099 0.0304491 0.0309152 0.0277016 0.0252097 0.0206755 0.0180088 0.016043 0.0251044 0.0266129 0.0233929 0.0300959 0.0291953 0.0217342 0.00622806 0.00831065 0.0229191 0.035953 0.0238883 0.0240943 0.0234318 0.0185838 0.0105861 0.0145584 0.0175573 0.0195216 0.0204578 0.0151991 0.00806666 0.00195778 
0 0.00226215 0.0058183 0.0146307 0.028553 0.00299516 0.00195612 0.0124066 0.025527 0.018629 0.0146626 0.00905343 0.0113843 0.0215701 0.0260731 0.0292075 0.0259683 0.0228667 0.0227442 0.0140257 0.0116462 0.0119181 0.0184155 0.0277618 0.0242355 0.0219696 0.0202183 0.0246308 0.0244142 0.0245053 0.0248887 0.0231033 0.0216435 0.0202848 0.0191724 0.0470906 0.079712 0.032003 0.0171019 0.019137 0.0219785 0.0220265 0.0152356 0.0168299 0.0218545 0.0150435 0.0191539 0.0231746 0.0299335 0.0232785 0.0197993 0.0237001 0.0107738 0.00279455 0.00366542 0.00902113 0.0232232 0.0267618 0.0319202 0.0333824 0.0198884 0.0210793 0.0263398 0.0165837 0.0170489 0.0183149 0.0174366 0.011126 0.00169264 
1.11241e-05 0.0051084 0.0094338 0.00544644 0.0062308 0.000662289 0.00530867 0.0193332 0.0334682 0.0233092 0.0220891 0.0224743 0.0330869 0.0271478 0.0294924 0.0281439 0.025932 0.0231605 0.0175473 0.0159816 0.0131279 0.0116639 0.0225003 0.0257638 0.0186848 0.0142242 0.0133615 0.0182849 0.0252855 0.0232365 0.0252406 0.0275983 0.0273433 0.0244112 0.019666 0.0333084 0.0371652 0.0199051 0.0207975 0.0172098 0.0166942 0.0188974 0.0198035 0.0247597 0.0251899 0.0209471 0.0223058 0.0312699 0.0425984 0.0200517 0.0199665 0.0249764 0.00967527 0.0110259 0.0111102 0.010538 0.0237143 0.0267891 0.029877 0.0206904 0.0146302 0.0163711 0.0129086 0.00440043 0.00552661 0.00912045 0.0117765 0.0101953 0.00171266 
3.44663e-07 0.0013948 0.00389013 0.00027361 1.49057e-05 0.00145176 0.00840405 0.0208297 0.0259868 0.0234384 0.0161616 0.0269451 0.0399878 0.0265634 0.0244731 0.0229843 0.0166817 0.0163091 0.0128149 0.0145466 0.0143356 0.0187745 0.0224999 0.016637 0.0141429 0.0145669 0.0115879 0.0103435 0.0163298 0.0180279 0.0253224 0.039923 0.0347481 0.0202899 0.0214868 0.0223669 0.0199891 0.0199662 0.0215295 0.0158045 0.0106698 0.0123449 0.0139604 0.0228791 0.0207717 0.0228732 0.0262617 0.0294682 0.0538456 0.0259949 0.0196834 0.0254107 0.0121925 0.0140023 0.0197723 0.0170408 0.0252522 0.0256868 0.025724 0.0159175 0.0104286 0.0113134 0.0111476 0.00641149 0.00201603 0.00202713 0.00679431 0.00568767 0.000771103 
0 1.12634e-06 0.000299166 2.48415e-05 0.000760757 0.00708895 0.0173039 0.0177665 0.0200467 0.016005 0.0177581 0.0232397 0.0317683 0.0219445 0.0202266 0.0151218 0.0143265 0.0128054 0.0143542 0.0185578 0.0197152 0.018846 0.013496 0.0156994 0.0136943 0.0113027 0.00989877 0.0156464 0.0189545 0.0158614 0.0199018 0.0325227 0.0278551 0.0187749 0.0172224 0.0249697 0.0204005 0.0178352 0.015293 0.0128204 0.0130634 0.0135976 0.0188668 0.0217724 0.0167873 0.0143088 0.0216406 0.0223872 0.0241592 0.0187986 0.0152558 0.0215861 0.0149082 0.0170406 0.0165281 0.0190168 0.025978 0.0280605 0.020513 0.0118805 0.0139784 0.0118189 0.00815757 0.00783459 0.00643429 0.00148161 0.00178585 0.00176354 2.31463e-05 
0 0 0.000219235 0.00105525 0.00495687 0.0105829 0.0163717 0.0186974 0.0197886 0.0168752 0.0152846 0.0206544 0.0231751 0.0220152 0.0269933 0.0176654 0.0120275 0.0161883 0.0223689 0.0246238 0.016318 0.0175554 0.0114067 0.0138246 0.0149563 0.015128 0.0223907 0.0247735 0.0186853 0.0164278 0.0196619 0.0296612 0.0341179 0.037547 0.0357067 0.0299347 0.0218468 0.0151846 0.0120246 0.0138585 0.0137249 0.0169002 0.0238828 0.0341036 0.0253047 0.0219965 0.0242827 0.0193465 0.0191467 0.0220542 0.0286627 0.0225361 0.0153799 0.0112215 0.00984321 0.0171134 0.0206797 0.0221415 0.0166074 0.0125281 0.0141445 0.0142763 0.0103256 0.00993814 0.010975 0.00607128 0.00356046 0.00063951 0 
0 0 0.000244949 0.0063772 0.0126253 0.0174251 0.0211387 0.0200255 0.0239635 0.0212211 0.01891 0.0170156 0.0180704 0.0197198 0.0190615 0.0191639 0.0183563 0.0200523 0.0216712 0.0201739 0.0152641 0.0119 0.0111136 0.0133966 0.0146813 0.0181972 0.0220678 0.0235844 0.0177035 0.0168807 0.0214823 0.0258612 0.0309207 0.0500928 0.0563056 0.0288347 0.0157053 0.0150147 0.0161841 0.0206749 0.0183245 0.0165152 0.0204931 0.0263812 0.027341 0.0319157 0.0398261 0.0276877 0.0321197 0.0282367 0.020419 0.0192915 0.0100632 0.00508325 0.00578315 0.0125975 0.0139207 0.0149946 0.0118556 0.0127695 0.0113538 0.0114616 0.00653505 0.00716887 0.0118845 0.0133609 0.00797395 0.00155154 0 
0 0 0.000524933 0.00737 0.0159847 0.0177069 0.0257652 0.0190138 0.0167159 0.0170303 0.0165648 0.0182246 0.0177393 0.0165932 0.0165579 0.0140771 0.0147583 0.0139552 0.0163699 0.0161753 0.0190599 0.0173187 0.0145533 0.0174566 0.0155782 0.0206381 0.023501 0.0231739 0.0174924 0.018862 0.0238595 0.0268304 0.0234201 0.0276097 0.02349 0.0202127 0.0159925 0.0214095 0.0157638 0.0170562 0.0261076 0.0192343 0.0224006 0.0212223 0.0295414 0.0328657 0.0389396 0.0282287 0.0192435 0.0170747 0.0204981 0.0289861 0.0127215 0.00592046 0.0108209 0.0121382 0.0196797 0.014941 0.0122333 0.0131962 0.00982771 0.0063456 0.00733226 0.0102256 0.0121368 0.014802 0.00623996 0.000690251 0 
0 0 0.000139413 0.00523268 0.0106124 0.0165646 0.0226147 0.0139355 0.0183796 0.0172043 0.0234148 0.0208107 0.0150054 0.0120815 0.0166016 0.0160589 0.0165798 0.014977 0.0135676 0.0208502 0.0153923 0.0239235 0.0157198 0.0130357 0.0124448 0.0183065 0.0221941 0.0286109 0.0243035 0.0198166 0.0227174 0.021814 0.0245432 0.0211043 0.0193355 0.0200855 0.0198037 0.0157174 0.0115024 0.0120485 0.0217896 0.0179459 0.0261513 0.0239446 0.0252864 0.0266903 0.0293712 0.0324523 0.0275052 0.0225154 0.0182034 0.0224304 0.0107678 0.0114639 0.0200985 0.0161528 0.0147963 0.0103982 0.0142649 0.0171595 0.011321 0.0127305 0.0130183 0.0139058 0.0117508 0.00738046 0.00336017 0.00014554 0 
0 0 0 0.0028902 0.011342 0.0149894 0.0262079 0.0257394 0.0251356 0.0180625 0.0183013 0.0147852 0.0137112 0.0152387 0.0205005 0.021515 0.0177314 0.0131355 0.0151844 0.0186891 0.0210501 0.0222954 0.0182756 0.0159613 0.0125107 0.0230944 0.0254553 0.027435 0.0233483 0.0197648 0.0221001 0.0173873 0.0234026 0.0251964 0.0248627 0.0179802 0.013111 0.0102804 0.0104939 0.0146623 0.0162305 0.0122771 0.0133318 0.0229462 0.025663 0.0219766 0.0282047 0.0238267 0.0328361 0.0314048 0.0230459 0.0157184 0.0147015 0.0235153 0.0248852 0.013967 0.0114763 0.0112028 0.0123827 0.00676326 0.0102139 0.0146851 0.0156836 0.0109643 0.00865975 0.00712474 0.00125675 6.34178e-06 0 
0 0 0 0.000736207 0.00434388 0.015993 0.0222785 0.0236528 0.0247155 0.0188822 0.0194405 0.0178709 0.0180357 0.0215246 0.0223798 0.0237739 0.0242831 0.0205902 0.0155822 0.015737 0.0236081 0.0183775 0.0240864 0.0212185 0.0322814 0.03625 0.0263585 0.0275803 0.0221909 0.0220962 0.0159079 0.0240278 0.0267022 0.0268825 0.025209 0.0175641 0.021883 0.0112085 0.0135601 0.0186972 0.0153151 0.0124381 0.0136118 0.0129828 0.0180979 0.0202827 0.0246318 0.019216 0.0275926 0.0204594 0.0073124 0.0100941 0.0229629 0.0363315 0.023262 0.0110937 0.00929882 0.0173748 0.0150624 0.00618085 0.00694815 0.00722852 0.0134801 0.0102607 0.0070944 0.00642483 0.00179864 0 0 
0 0 0 8.42601e-05 0.00492168 0.0121735 0.0191819 0.0309583 0.0247487 0.0175718 0.0128105 0.0144804 0.0182549 0.0277188 0.0275873 0.0281361 0.0348883 0.0225536 0.0201607 0.0151734 0.0252099 0.0165304 0.0301105 0.0311506 0.0256157 0.0262202 0.0251194 0.025225 0.018827 0.0215067 0.0183772 0.0238824 0.0253938 0.0212531 0.0213097 0.0203905 0.0228568 0.0138772 0.0136266 0.021621 0.0200672 0.016327 0.0117296 0.0080855 0.0125049 0.027195 0.030503 0.0237869 0.0171909 0.0144315 0.00742588 0.0110912 0.0198877 0.0266803 0.0191332 0.0101316 0.00996131 0.0134627 0.0176706 0.0124464 0.0131914 0.0100796 0.00945457 0.00632699 0.00424736 0.00303614 4.01124e-05 0 0 
0 0 0 4.81883e-06 0.00102057 0.00536496 0.0161449 0.0248961 0.0182455 0.0106563 0.00966218 0.01776 0.0155524 0.015204 0.0266541 0.0275923 0.022635 0.0186986 0.0200019 0.0147216 0.0148989 0.0210063 0.0416327 0.0374597 0.0228346 0.0202022 0.0193985 0.0242031 0.0219963 0.0173033 0.0170768 0.0205258 0.0215781 0.0207526 0.0165787 0.0148437 0.0208601 0.0138475 0.0116388 0.01776 0.0155402 0.0175855 0.0142123 0.0156923 0.0179334 0.0255324 0.0329097 0.0260091 0.0151581 0.00648773 0.00644839 0.00650014 0.0165402 0.0236269 0.0193667 0.0145873 0.0102653 0.0134739 0.012742 0.015203 0.0125479 0.00769993 0.0100712 0.00481404 0.00211985 0.0010374 8.82192e-06 0 0 
0 0 0 0 8.46158e-05 0.00192185 0.00926195 0.0265032 0.013665 0.00576079 0.00703379 0.0191486 0.0205899 0.0215108 0.0250731 0.0262818 0.0231376 0.0205408 0.0198598 0.0187899 0.023171 0.0251579 0.0384066 0.0405194 0.0193024 0.0160638 0.0192072 0.0274972 0.0197749 0.0102425 0.0170051 0.022457 0.0244307 0.0216748 0.0148349 0.0152231 0.0177345 0.0124482 0.0202532 0.0302851 0.018047 0.0155965 0.0140336 0.0150501 0.0194312 0.0243731 0.0222646 0.0163562 0.00947168 0.00495521 0.00755446 0.00817217 0.0160526 0.0228289 0.0174008 0.0177987 0.0171041 0.0149071 0.0126877 0.00878985 0.00909988 0.00600746 0.00404804 0.00226507 0.00139672 0.000116676 0 0 0 
0 0 0 0 0 0.00101699 0.00397637 0.0140714 0.0120199 0.00240031 0.00710282 0.0149832 0.0219476 0.0203954 0.0184199 0.0248611 0.0240868 0.0235558 0.0281675 0.025624 0.017467 0.0162967 0.0207904 0.0192903 0.0196573 0.0202915 0.0165996 0.0212385 0.0137461 0.0124484 0.0122768 0.0168088 0.0194357 0.0207405 0.0155335 0.0172532 0.0251681 0.0334875 0.0321321 0.0267751 0.0185233 0.0149842 0.0153703 0.0206173 0.023611 0.0270525 0.025389 0.0183157 0.00976727 0.0160291 0.011944 0.0123616 0.0105551 0.0132177 0.0118797 0.0177378 0.0154907 0.0179079 0.016891 0.00957555 0.00938198 0.00503972 0.00510183 0.000843342 0.000296482 0 0 0 0 
0 0 0 0 0 0 0.000484285 0.00184157 0.00208653 0.00231974 0.00921269 0.0136576 0.0167976 0.0258628 0.0273063 0.0258451 0.0250428 0.0232954 0.0225928 0.0218386 0.0144941 0.0143048 0.012473 0.0150773 0.0149095 0.0160958 0.0196729 0.0190462 0.0166311 0.0136656 0.0144825 0.0122898 0.0133546 0.0184024 0.0153941 0.0215749 0.0332567 0.0531111 0.0404962 0.0178624 0.0179443 0.0171918 0.0195017 0.0209357 0.0188245 0.0251727 0.0402726 0.031663 0.0256141 0.0244561 0.0150053 0.0152362 0.0127236 0.0138373 0.0172759 0.0202881 0.0177628 0.0167825 0.0185695 0.0247214 0.022945 0.0140143 0.0051739 1.10291e-05 0 0 0 0 0 
0 0 0 0 0 0 0.000274818 0.00200568 0.0034142 0.00201922 0.00364672 0.026485 0.0137809 0.0122552 0.0220942 0.0477864 0.0466741 0.0252862 0.0192804 0.0217232 0.0249052 0.0260408 0.0226908 0.0168457 0.0143462 0.0164161 0.0162937 0.0140749 0.0136523 0.0176301 0.0209324 0.0173628 0.0174047 0.0134358 0.0133946 0.0230433 0.0255526 0.0405585 0.0282122 0.0231031 0.0154617 0.0133658 0.0170453 0.0162858 0.0260987 0.0486374 0.054411 0.0402679 0.0276173 0.0188822 0.0200293 0.0179046 0.0157927 0.0219695 0.0299475 0.0181136 0.00868909 0.0132612 0.0153493 0.0215262 0.0155127 0.0098088 0.00183914 0 0 0 0 0 0 
0 0 0 0 0 0 0 0.000916192 0.00150425 0.00537923 0.0329765 0.126064 0.0382121 0.00286386 0.00679698 0.0233632 0.0180508 0.0229685 0.0206548 0.0278687 0.0379838 0.0315848 0.0200103 0.0117951 0.0109253 0.0184333 0.0160626 0.0150996 0.0136029 0.0231453 0.0240279 0.0188244 0.0231366 0.0113629 0.0136938 0.0207936 0.0258765 0.0178657 0.0194455 0.0208281 0.0198084 0.0159616 0.0155832 0.0237143 0.0260844 0.0485331 0.0527061 0.0295482 0.0219032 0.0210493 0.0183791 0.0173453 0.0198121 0.0264856 0.0322695 0.0101736 0.0111469 0.0125628 0.018424 0.0155824 0.00610357 0.00388908 0.000390962 0 0 0 0 0 0 
0 0 0 0 0 0 0 0 0.000403765 0.00135643 0.0188654 0.0667424 0.0251137 0.00225828 0.00047339 0.00197674 0.0111048 0.0212555 0.0165634 0.0313818 0.0305001 0.0185119 0.0193049 0.0156378 0.0176349 0.023619 0.0248736 0.0145493 0.0154254 0.0252717 0.027815 0.0185342 0.0236131 0.0206464 0.0173775 0.0166805 0.0289656 0.0205333 0.0161861 0.0148826 0.0205578 0.0155813 0.0171871 0.0248738 0.0253467 0.0246991 0.0191733 0.0190488 0.0174925 0.025002 0.0151376 0.0144753 0.0170242 0.0142129 0.0149905 0.0104558 0.0143147 0.0173073 0.0129262 0.00561058 0.00115577 0.000671054 1.40049e-06 0 0 0 0 0 0 
0 0 0 0 0 0 0 0 1.07605e-05 0.000408751 0.00422506 0.00798833 0.00492884 0.00122103 0.000267476 0.000728016 0.00751712 0.0161479 0.0181392 0.0244031 0.0213871 0.0151437 0.0149883 0.0240202 0.023026 0.0275753 0.0250438 0.0174991 0.0267807 0.025998 0.0270187 0.0232653 0.027727 0.0217188 0.0185981 0.0230563 0.0254312 0.0236491 0.0161758 0.0208836 0.0189599 0.0153148 0.0220973 0.0217904 0.0215802 0.0239965 0.0177155 0.0257766 0.0207113 0.0208118 0.0150081 0.00540644 0.00627508 0.00700121 0.0131509 0.0103641 0.0134271 0.0124899 0.0121377 0.00619203 0.00177982 0 0 0 0 0 0 0 0 
0 0 0 0 0 0 0 0 0 2.60385e-05 0.00172733 0.00397115 0.0049281 0.00171442 0.0112523 0.017952 0.00849884 0.0200891 0.031715 0.0294647 0.0232562 0.0172586 0.016913 0.0174621 0.0187229 0.0235094 0.0224474 0.0199001 0.0219383 0.0345492 0.0352391 0.0363504 0.0295001 0.0211986 0.021853 0.0329984 0.0394176 0.0351217 0.0218354 0.0195074 0.0157241 0.0172271 0.0125024 0.0184685 0.0239921 0.0199878 0.0165408 0.0343744 0.0495903 0.0205389 0.0195935 0.00573906 0.0054823 0.0101266 0.00458499 0.00359783 0.00548933 0.00697009 0.00586023 0.0031719 0.000238963 0 0 0 0 0 0 0 0 
0 0 0 0 0 0 0 0 0 0 1.21947e-05 0.000285899 0.000123314 0.0052005 0.0278049 0.0280403 0.0179356 0.0121117 0.0232942 0.0204562 0.0188146 0.0180329 0.0209222 0.0179906 0.0189159 0.0240419 0.028724 0.0324957 0.0267883 0.0367014 0.045565 0.03965 0.023943 0.021785 0.0201064 0.0355167 0.0358687 0.0340582 0.031738 0.0317924 0.021445 0.0204606 0.0170679 0.0196755 0.0160573 0.0193091 0.0164519 0.0258585 0.0210982 0.0236748 0.0213197 0.0114112 0.00231511 0.00599686 0.00309003 0.00730907 0.00451602 0.00147061 0.00121905 2.76812e-05 9.76375e-07 0 0 0 0 0 0 0 0 
0 0 0 0 0 0 0 0 0 0 0 0 0 0.00256982 0.0159568 0.0177239 0.0191379 0.0144973 0.00845279 0.0154938 0.0212781 0.0283512 0.026841 0.0214796 0.0210146 0.023551 0.032219 0.0382289 0.0303551 0.0426575 0.0599464 0.0406693 0.0294266 0.0256365 0.0331634 0.0433415 0.0460402 0.0421501 0.0319823 0.0297131 0.0291489 0.0210511 0.0190393 0.0214176 0.0185326 0.0171248 0.0123378 0.0110662 0.0119418 0.0141232 0.0275868 0.0301195 0.00880037 0.00355377 0.00262774 0.00312575 0.00225325 1.86209e-05 5.01994e-05 0 0 0 0 0 0 0 0 0 0 
0 0 0 0 0 0 0 0 0 0 0 0 0 7.42701e-05 0.00316024 0.0142129 0.021634 0.0233746 0.0191368 0.020229 0.0168757 0.0239996 0.0245671 0.0225011 0.0207588 0.0189042 0.0329985 0.028053 0.0323278 0.0356655 0.0435815 0.0341841 0.036383 0.0327769 0.0331922 0.057959 0.0647751 0.0414895 0.0362887 0.0358386 0.0375373 0.0325219 0.0350002 0.0457333 0.0447401 0.0328073 0.0223021 0.0201492 0.0195634 0.0256314 0.0311773 0.0318735 0.0194762 0.00559337 0.00313976 0.000565737 7.48729e-05 0 0 0 0 0 0 0 0 0 0 0 0 
0 0 0 0 0 0 0 0 0 0 0 0 0 0 0.000757563 0.00639735 0.0155558 0.0212736 0.0235055 0.0226475 0.0161008 0.0195481 0.0242665 0.0281586 0.027036 0.0195039 0.0339195 0.0429573 0.0376012 0.0439329 0.0352416 0.0308681 0.0300148 0.0303342 0.0434464 0.0563983 0.0576255 0.0366032 0.0406823 0.0409262 0.0460984 0.0386501 0.0602356 0.0698582 0.0611997 0.0431698 0.0346905 0.0439144 0.0287597 0.0256753 0.0269159 0.0197229 0.0149632 0.00547662 0.00184691 0 0 0 0 0 0 0 0 0 0 0 0 0 0 
0 0 0 0 0 0 0 0 0 0 0 0 0 0 0 0.000909657 0.00399525 0.0137489 0.0223838 0.0219239 0.017797 0.0210519 0.0234097 0.0303592 0.0414225 0.0299713 0.0455374 0.0608668 0.0375804 0.0441073 0.0409666 0.0372375 0.0337134 0.028373 0.0402087 0.0488733 0.0416379 0.0418849 0.0382006 0.0397268 0.0403833 0.0409265 0.0513169 0.0508304 0.036722 0.0384624 0.0416664 0.0407057 0.0314344 0.018141 0.0163382 0.0127053 0.00397303 0.000609995 0 0 0 0 0 0 0 0 0 0 0 0 0 0 0 
0 0 0 0 0 0 0 0 0 0 0 0 0 0 0 0 0.000227378 0.00173442 0.00575754 0.0109376 0.00957347 0.0120129 0.0201023 0.0388755 0.0382108 0.0260301 0.02355 0.0287969 0.0265726 0.0282482 0.0260861 0.0255559 0.0434883 0.0352438 0.0413831 0.0423053 0.032073 0.029199 0.0298316 0.037681 0.0427608 0.0534789 0.0407637 0.0179791 0.0163125 0.0267056 0.0216254 0.0218666 0.0162063 0.0097664 0.00439044 0.00261686 0.000639568 8.25445e-07 0 0 0 0 0 0 0 0 0 0 0 0 0 0 0 
0 0 0 0 0 0 0 0 0 0 0 0 0 0 0 0 0 0 2.77515e-06 0.000408009 0.00213111 0.00595917 0.0114264 0.0245078 0.0270032 0.0260026 0.0240426 0.0237358 0.0228909 0.026025 0.024255 0.0283441 0.0364246 0.0365051 0.0278142 0.037949 0.0341304 0.0205787 0.0227403 0.0354502 0.0433456 0.0462541 0.0261352 0.00547538 0.00726146 0.0139529 0.00962301 0.0105278 0.00550633 0.00244349 0.000105541 0 0 0 0 0 0 0 0 0 0 0 0 0 0 0 0 0 0 
0 0 0 0 0 0 0 0 0 0 0 0 0 0 0 0 0 0 0 0 4.8785e-05 0.000252413 0.00200254 0.00317831 0.00756877 0.00973904 0.0108231 0.0162523 0.0258109 0.0242777 0.0204899 0.0182814 0.0177233 0.0166623 0.0205999 0.0362729 0.032036 0.0165774 0.0158893 0.0211589 0.019406 0.0169547 0.00798078 0.000518884 0.00211052 0.00403996 0.00168964 0.000411506 0.000130728 0.000204935 0 0 0 0 0 0 0 0 0 0 0 0 0 0 0 0 0 0 0 
0 0 0 0 0 0 0 0 0 0 0 0 0 0 0 0 0 0 0 0 0 0 1.17024e-05 0.000254445 0.00137098 0.000565712 0.00344938 0.00437979 0.0133447 0.0176634 0.0186779 0.00699692 0.00233374 0.0048251 0.0149466 0.0245821 0.0315961 0.00882046 0.00277342 0.00331334 0.00249773 0.000718397 4.20778e-05 1.41854e-05 0.000931374 0.00161454 2.91827e-05 0 0 0 0 0 0 0 0 0 0 0 0 0 0 0 0 0 0 0 0 0 0 
0 0 0 0 0 0 0 0 0 0 0 0 0 0 0 0 0 0 0 0 0 0 0 0 0 0 0.00010048 0.000474757 0.00134674 0.00256671 0.00313427 0.000556371 0.000121319 0.000832888 0.00422336 0.00754888 0.00625586 0.00064327 0 0.000125729 0.000106897 0 0 0 0 0 0 0 0 0 0 0 0 0 0 0 0 0 0 0 0 0 0 0 0 0 0 0 0 

