0 0 0 0 0 0 0 0 0 0 0 0 0 0 0 0 0 0 0 0 0 0 0 0 0 0 0 0 0 0 0 0 4.03363e-05 5.29359e-05 0.000353769 0.000137206 0.00031724 5.60008e-06 0 0 0 0 0 0 0 0 0 0 0 0 0 0 0 0 0 0 0 0 0 0 0 0 0 0 0 0 0 0 0 
0 0 0 0 0 0 0 0 0 0 0 0 0 0 0 0 0 0 0 0 0 0 0 0 0 0 0 0 0 0 0.00015913 0.00115871 0.00454328 0.00299971 0.00422562 0.00158507 0.00388588 0.00216058 0.00195545 0.00148058 0.00360449 0.00288132 0.00111923 0.000280645 8.97682e-05 0 0 0 0 0 0 0 0 0 0 0 0 0 0 0 0 0 0 0 0 0 0 0 0 
0 0 0 0 0 0 0 0 0 0 0 0 0 0 0 0 0 0 0 0 0 0 0 8.84453e-05 0.000157229 0 1.05738e-05 0.00278233 0.00818785 0.00286166 0.00293833 0.00355735 0.00563991 0.00243106 0.00395962 0.00594028 0.00850676 0.00660127 0.00798429 0.0106261 0.0104527 0.011328 0.010862 0.00617267 0.00617052 0.00359053 0.000739123 2.21214e-05 0 0 0 0 0 0 0 0 0 0 0 0 0 0 0 0 0 0 0 0 0 
0 0 0 0 0 0 0 0 0 0 0 0 0 0 0 0 0 0 0 3.72272e-05 0.000394593 0.000404558 0.000575256 0.00266882 0.00557534 0.00202768 0.000707264 0.00561391 0.0072268 0.00542117 0.00665876 0.00258088 0.00232814 0.00485913 0.00613506 0.00643681 0.00734239 0.0159047 0.0169785 0.0165775 0.0139979 0.0161549 0.020418 0.0123884 0.0128515 0.00894769 0.00550061 0.00235663 0.00150721 0.000143857 0 0 0 0 0 0 0 0 0 0 0 0 0 0 0 0 0 0 0 
0 0 0 0 0 0 0 0 0 0 0 0 0 0 0 0 0 0 0.000266741 0.0048487 0.0121326 0.0102843 0.00783128 0.0101664 0.020305 0.00929377 0.00172284 0.00340262 0.00516629 0.00210136 0.00223088 0.00216355 0.0047329 0.0104011 0.0102225 0.0141822 0.0119359 0.0174608 0.0256075 0.0196593 0.0175719 0.0184953 0.0205209 0.0185588 0.0111851 0.0118286 0.0128114 0.0117586 0.00742617 0.00340591 0.000850339 0 0 0 0 0 0 0 0 0 0 0 0 0 0 0 0 0 0 
0 0 0 0 0 0 0 0 0 0 0 0 0 0 0 0 0 0.000404022 0.00259351 0.0125191 0.0193515 0.0207028 0.014544 0.0165599 0.0199254 0.0152077 0.00377315 0.00106262 0.0015402 1.4016e-05 2.46819e-05 0.000249005 0.0036159 0.0106742 0.0133871 0.0121065 0.0163035 0.0226125 0.0290198 0.0198835 0.020025 0.0158795 0.0125551 0.0125921 0.0161033 0.0102845 0.0108156 0.0117436 0.00951715 0.00860522 0.00533367 0.000164998 0 0 0 0 0 0 0 0 0 0 0 0 0 0 0 0 0 
0 0 0 0 0 0 0 0 0 0 0 0 0 0 0 0 0.000780551 0.00474208 0.013299 0.0149374 0.0187511 0.0235238 0.0256957 0.0180826 0.0168516 0.0135484 0.00643402 0.000995704 0.000142129 0.000454753 0.000996153 0.00250902 0.00282057 0.0077422 0.0139243 0.0136755 0.00887244 0.0168877 0.0210492 0.0179949 0.0123975 0.0130658 0.0107127 0.0117232 0.0144347 0.0135931 0.0115234 0.0101929 0.00861866 0.00919885 0.00919133 0.00168184 0.00136867 0.000228542 6.97989e-06 0 0 0 0 0 0 0 0 0 0 0 0 0 0 
0 0 0 0 0 0 0 0 0 0 0 0 0 8.86097e-05 0.0010168 0.00222782 0.00631878 0.0132936 0.0243202 0.0222263 0.0225919 0.0250815 0.0224748 0.0162861 0.0146424 0.0129485 0.0119766 0.00515253 0.000575511 0.00143356 0.0030352 0.00367237 0.00386611 0.00684745 0.0302098 0.033774 0.0147292 0.00745675 0.0122625 0.0194893 0.0165079 0.0140969 0.0142276 0.0107343 0.0141549 0.0164336 0.0131395 0.00948991 0.016179 0.0215621 0.0131036 0.00291301 0.00461232 0.00305245 0.00182582 2.47211e-05 0 0 0 0 0 0 0 0 0 0 0 0 0 
0 0 0 0 0 0 0 0 0 0 0 0 0.000287286 0.00599131 0.0118466 0.0119824 0.0167902 0.0219882 0.0295847 0.0207049 0.021033 0.0173351 0.0211022 0.0217934 0.0196013 0.0233782 0.0139888 0.0113849 0.0025942 0.00251222 0.00328123 0.00543743 0.00619702 0.00478347 0.0203943 0.03106 0.016509 0.00866653 0.00985691 0.0100739 0.0122833 0.0166275 0.0153139 0.0124289 0.0144035 0.0160388 0.0136535 0.0119787 0.0111254 0.017474 0.0101487 0.00718012 0.00573439 0.00697566 0.00536241 0.000329452 0 0 0 0 0 0 0 0 0 0 0 0 0 
0 0 0 0 0 0 0 0 0 0 0 0.000202792 0.0055076 0.0141848 0.0181684 0.0195938 0.0138005 0.0131466 0.0190291 0.0217918 0.0183807 0.0197664 0.0288858 0.030331 0.0308587 0.0270669 0.0152354 0.0145128 0.0112802 0.0114337 0.00626015 0.00527018 0.00527377 0.00420812 0.00684861 0.0124684 0.0134684 0.0119064 0.0132495 0.00964387 0.0109212 0.0187286 0.0168451 0.011196 0.02037 0.0172079 0.0118483 0.0135183 0.0100379 0.0132093 0.0167546 0.0113055 0.00892971 0.00808699 0.00685264 0.00110927 0.000181519 4.26518e-05 0 0 0 0 0 0 0 0 0 0 0 
0 0 0 0 0 0 0 0 0 0 0.001184 0.00694147 0.0144781 0.0137627 0.0133982 0.0160621 0.0167669 0.0141652 0.0210879 0.019901 0.0225232 0.0248437 0.029986 0.0263118 0.0311719 0.0218036 0.0219596 0.0216358 0.0200105 0.020159 0.018911 0.0165595 0.0108417 0.00710375 0.0054824 0.00731113 0.00987248 0.0105643 0.0122201 0.0129556 0.0169305 0.017982 0.0221327 0.0198861 0.0237278 0.0218722 0.0165875 0.00967579 0.00717937 0.00948241 0.0179532 0.0210688 0.0126457 0.00729144 0.0124744 0.00686492 0.00201771 0.00301305 0.00165002 0.000158567 0 0 0 0 0 0 0 0 0 
0 0 0 0 0 0 0 0 0 0.00011648 0.00780061 0.0118992 0.00827609 0.0141114 0.00777986 0.017062 0.0231878 0.0215036 0.0245153 0.025941 0.0275655 0.0261398 0.0279638 0.0288121 0.0286303 0.0276214 0.0333471 0.0251549 0.0205086 0.0193964 0.0275483 0.0225543 0.0150998 0.00877313 0.00797596 0.00515153 0.00634635 0.0112682 0.0177469 0.0223841 0.0247328 0.028782 0.0311691 0.0258348 0.0212887 0.0256049 0.0199464 0.013465 0.00787658 0.0143799 0.0175672 0.0175235 0.0156272 0.0125067 0.0154917 0.0117853 0.00591747 0.00400755 0.003552 0.0029354 0.000190741 0 0 0 0 0 0 0 0 
0 0 0 0 0 0 0 0 2.61388e-05 0.00135835 0.0110141 0.00766998 0.00792761 0.0126314 0.0151647 0.0246498 0.019946 0.0271152 0.0220685 0.0223298 0.0197759 0.0243978 0.0282463 0.0303883 0.0306175 0.027952 0.0280223 0.0267718 0.021993 0.0234768 0.0228619 0.0176094 0.0218872 0.017221 0.0123887 0.0162307 0.013124 0.0145138 0.0257787 0.0336903 0.0315145 0.0330772 0.0506664 0.0371889 0.0234325 0.0166843 0.0212489 0.0175943 0.015096 0.0144993 0.0129223 0.0125333 0.0178133 0.0140079 0.0145111 0.00999391 0.00877574 0.00541617 0.00717814 0.00631017 0.000580843 0 0 0 0 0 0 0 0 
0 0 0 0 0 0 0 1.62107e-05 0.000293629 0.00127671 0.0036953 0.00417401 0.00892597 0.0125515 0.0185354 0.0209148 0.0198213 0.0215791 0.0268909 0.0220554 0.0206157 0.0209401 0.0210903 0.0249721 0.0255832 0.0296149 0.0224481 0.021243 0.0233832 0.0186752 0.0191496 0.016637 0.0226548 0.0212865 0.0134757 0.0215924 0.0153357 0.017428 0.0268497 0.0335798 0.0246774 0.0193565 0.050646 0.0500018 0.0217281 0.0164218 0.019967 0.0118201 0.0166873 0.0190684 0.0182012 0.0104886 0.0155739 0.0153779 0.011952 0.00799544 0.00947936 0.00597838 0.00918921 0.00891201 0.0015096 0 0 0 0 0 0 0 0 
0 0 0 0 0 0 0 0.000101634 0.00208965 0.00555387 0.0072161 0.00380918 0.00210302 0.00909285 0.0166283 0.0203596 0.0263298 0.022903 0.0265886 0.0210273 0.0177108 0.0217985 0.0193731 0.024074 0.0238253 0.0188393 0.0208472 0.0187363 0.020914 0.024084 0.0187163 0.0164582 0.0164157 0.0228802 0.0161308 0.0147396 0.0166526 0.0183766 0.0205353 0.0334633 0.0292938 0.0245789 0.0264785 0.0214672 0.0141022 0.0166591 0.0197348 0.0149619 0.0196363 0.0236454 0.0210137 0.016484 0.0176067 0.0145416 0.0113226 0.00660202 0.00501395 0.00537006 0.0131909 0.0144232 0.00205535 0.000151106 0.000307373 2.30421e-05 0 0 0 0 0 
0 0 0 0 0 0 0.000141665 0.00519492 0.00651941 0.0119584 0.00862218 0.00205158 0.00206138 0.00575998 0.010063 0.0180461 0.0207924 0.0238057 0.0227193 0.0211608 0.0193651 0.0236081 0.0207477 0.0207978 0.0222221 0.0238509 0.0254137 0.0230361 0.019053 0.0257809 0.0255843 0.0206628 0.0164543 0.0195772 0.0143233 0.0121559 0.0151563 0.0170804 0.0145081 0.0304798 0.0246214 0.0175494 0.0178484 0.0220166 0.0150235 0.0150481 0.0167356 0.0165007 0.0189601 0.0229235 0.0154373 0.018284 0.0184727 0.0171181 0.0146007 0.00528109 0.0067522 0.0140707 0.0159701 0.0138445 0.00209655 0.0041428 0.00607317 0.000610345 0 0 0 0 0 
0 0 0 0 0 4.99937e-05 0.00280502 0.00985157 0.00666912 0.00797994 0.00917946 0.0102789 0.00949467 0.00751235 0.00981142 0.018145 0.0229986 0.0203007 0.0230947 0.0240888 0.0215224 0.0237804 0.0266025 0.0167185 0.0253637 0.0397234 0.0382832 0.0210415 0.0173739 0.02091 0.0258536 0.0195499 0.0193713 0.019387 0.0178269 0.0178982 0.0227338 0.0213766 0.019606 0.0273657 0.0362244 0.0245774 0.0169685 0.0171372 0.0171517 0.0147218 0.0141527 0.0180693 0.0200414 0.0156769 0.0168402 0.0155811 0.0120175 0.0074417 0.0083834 0.00455991 0.00465096 0.0181371 0.0184661 0.0116944 0.0115428 0.0236809 0.0236546 0.0024523 7.90518e-05 0 0 0 0 
0 0 0 0 0 0.000445668 0.0022993 0.00196257 0.00783341 0.0155867 0.0234143 0.019631 0.0152035 0.00960213 0.0101813 0.017884 0.0236172 0.0195767 0.0178068 0.020412 0.022891 0.0213908 0.0249173 0.0229938 0.0235415 0.0328432 0.0372772 0.0241806 0.0172761 0.0177796 0.0215399 0.0190847 0.0258665 0.0188593 0.0208439 0.0213643 0.0202176 0.0212246 0.0272343 0.0346562 0.0360556 0.030804 0.0174035 0.0181109 0.0205609 0.0189279 0.0105264 0.014573 0.0168849 0.0147742 0.0151107 0.0174309 0.0100765 0.0122383 0.00755587 0.00632153 0.00707691 0.0150913 0.0134074 0.0143336 0.0331051 0.0516021 0.0368939 0.00833773 0.000510489 7.44281e-06 0 0 0 
0 0 0 0 0 0.000395548 0.00123853 0.000982741 0.00762696 0.0215562 0.0249797 0.0216491 0.0217639 0.0168949 0.0153413 0.0166793 0.0230353 0.0219902 0.0227801 0.0283918 0.0280166 0.0242976 0.0256647 0.0281938 0.022314 0.0154907 0.0188855 0.0259015 0.0249532 0.0244081 0.0254285 0.0225005 0.0171867 0.0182101 0.0239742 0.0172619 0.0206572 0.026192 0.0263818 0.0335891 0.0390746 0.0305569 0.0235957 0.0181846 0.0182373 0.0201803 0.0114765 0.0139059 0.0146364 0.014695 0.0144125 0.0144986 0.0133131 0.0107408 0.0110869 0.00914869 0.0141981 0.0134545 0.0126897 0.0190854 0.0263094 0.0294852 0.0219963 0.0118431 0.00171903 0.000197893 0 0 0 
0 0 0 0 0 0.000447683 0.00289847 0.00171663 0.00502656 0.0215838 0.0244494 0.022578 0.0160454 0.0204894 0.0196277 0.0181356 0.018165 0.0240613 0.0223197 0.021195 0.0255825 0.0285237 0.0202166 0.0251063 0.0197599 0.0218261 0.0317512 0.0291886 0.0302856 0.0263628 0.027551 0.0334722 0.0240801 0.01906 0.0186331 0.0163583 0.0206659 0.0237081 0.0233167 0.0223525 0.0233821 0.0245262 0.0250963 0.0268583 0.0233504 0.0224681 0.0142766 0.0136478 0.0134234 0.0139754 0.0124158 0.0106628 0.00967059 0.00930443 0.0110797 0.0168824 0.0163601 0.0108887 0.0137217 0.0157167 0.0132214 0.0200199 0.0158755 0.0158992 0.00245253 0.000517855 0 0 0 
0 0 0 0 0 7.36481e-05 0.000972287 0.000861306 0.00407684 0.0231004 0.0253049 0.0192105 0.0169986 0.0220353 0.0265811 0.025845 0.0267113 0.0222715 0.0234701 0.0236035 0.0183994 0.02162 0.0196493 0.00983398 0.0151716 0.0370355 0.0390631 0.0241229 0.0240194 0.0291803 0.0321423 0.0297834 0.0272223 0.0201448 0.0179985 0.0192605 0.0249734 0.0254499 0.0214945 0.0221622 0.0216404 0.0195749 0.0192371 0.0220715 0.0209053 0.02049 0.0178111 0.017651 0.0228218 0.017045 0.0123636 0.0133275 0.0137829 0.0210425 0.0199466 0.0151193 0.0103745 0.0133881 0.0143958 0.01393 0.014694 0.0140735 0.0104759 0.00950549 0.00664065 0.00216089 0 0 0 
0 0 0 0 0 0.000317491 0.00152566 0.00206988 0.00815023 0.0184244 0.0206935 0.0203607 0.0205885 0.0216703 0.0308144 0.0326853 0.0284949 0.0239285 0.0215934 0.0220825 0.0203999 0.0205993 0.0192449 0.0140806 0.0211818 0.0406121 0.0307342 0.0213978 0.021817 0.0246786 0.0343912 0.0313374 0.021551 0.0187099 0.0194429 0.0170926 0.0163635 0.0221759 0.0210821 0.0230595 0.0233605 0.0201307 0.0167129 0.0174799 0.0200255 0.0184642 0.0159423 0.0202621 0.0171116 0.0123148 0.0122017 0.00987747 0.0130538 0.0193101 0.0268762 0.0177324 0.0118653 0.0118802 0.0138737 0.0142641 0.0109028 0.0131376 0.0134103 0.00949463 0.00753998 0.00364393 0 0 0 
0 0 0 0.000145807 0.000219138 0.0051869 0.0123811 0.00994729 0.0204408 0.0219031 0.0224322 0.0238285 0.0181811 0.0221188 0.0295005 0.0302974 0.0314405 0.0189452 0.0179898 0.0192972 0.0259442 0.025453 0.0206427 0.0233521 0.0295565 0.0368793 0.0345853 0.0248066 0.0247332 0.0199184 0.0249475 0.0211001 0.0283302 0.0295347 0.0238863 0.021671 0.0182087 0.0223181 0.0266241 0.0261722 0.0279128 0.0213056 0.0180822 0.0181696 0.0192925 0.0204346 0.015591 0.0142798 0.0144265 0.00896408 0.0119424 0.0096391 0.0113387 0.0177343 0.0133256 0.0160291 0.0103018 0.00928321 0.0136868 0.0166014 0.0153177 0.0148314 0.0140913 0.00794668 0.00691072 0.0046674 0.000406199 0 0 
0 0 0.000621555 0.00485783 0.0106768 0.0141281 0.0202907 0.0168659 0.0210949 0.0259747 0.0244084 0.0266768 0.0241811 0.0195167 0.0267913 0.0284663 0.0276133 0.025858 0.0234545 0.0197794 0.0211936 0.0219825 0.0191672 0.0215478 0.0314725 0.0417522 0.0555719 0.0308058 0.0205249 0.0170039 0.0196806 0.0269411 0.0425709 0.0465625 0.0409789 0.0335281 0.0278285 0.0396265 0.0431879 0.0215715 0.0215584 0.0161223 0.0221079 0.0171316 0.0209468 0.016554 0.0131293 0.0115176 0.0112551 0.00888473 0.00987028 0.0118769 0.0102019 0.0111468 0.0133272 0.0173084 0.0149716 0.0145 0.0157077 0.0169 0.0190916 0.0152112 0.0145416 0.0119707 0.010869 0.00984702 0.00228978 1.41789e-05 0 
0 0 0.0026183 0.0125126 0.0146901 0.0172597 0.0188551 0.0164823 0.0195502 0.022747 0.0245071 0.0229473 0.0271918 0.0260086 0.0277709 0.0226276 0.0261495 0.0244156 0.0214796 0.0196119 0.0215849 0.0223092 0.0220859 0.0297393 0.0332116 0.0404856 0.0394739 0.02487 0.0265331 0.0261725 0.0315567 0.0264697 0.0311718 0.0498644 0.0487746 0.029058 0.0422084 0.0624952 0.0562758 0.0353332 0.0182505 0.0210996 0.0195766 0.0188078 0.0168453 0.00888937 0.0099885 0.0134625 0.0100501 0.0113647 0.0120655 0.0320274 0.0369216 0.0209052 0.0178761 0.0138349 0.00941453 0.0121769 0.0114834 0.012796 0.0149988 0.0192543 0.0196113 0.0134369 0.0120129 0.0112709 0.00623835 8.99107e-05 0 
0 0.000130137 0.00424484 0.0134845 0.014931 0.0101348 0.0174289 0.0120547 0.0207196 0.0217626 0.0234586 0.0209919 0.0214041 0.0201636 0.0188599 0.0149416 0.0231584 0.027953 0.023798 0.0233291 0.0253616 0.0329353 0.0283985 0.0276137 0.0243792 0.0253512 0.029394 0.0324479 0.0406219 0.0369178 0.0286331 0.0268972 0.0260895 0.0379025 0.0390352 0.0285758 0.0390475 0.0435491 0.039109 0.0359875 0.0177966 0.0234637 0.0170617 0.0171775 0.0118203 0.0108778 0.00661337 0.008498 0.0083553 0.0116317 0.017314 0.076568 0.0803575 0.031743 0.0157382 0.0124198 0.00522152 0.00926065 0.0153786 0.0202534 0.022599 0.0233 0.0205867 0.0160843 0.0161534 0.0108068 0.00617137 0.00062258 0 
0 0.000470108 0.00432379 0.00758839 0.00733242 0.0094871 0.0142594 0.0146893 0.0176407 0.0141206 0.0170082 0.0196245 0.0204281 0.0244132 0.0192907 0.0213964 0.0250589 0.0224444 0.0190765 0.0279317 0.028877 0.0325736 0.0410785 0.03585 0.0290498 0.0272016 0.0320515 0.045154 0.0463953 0.0408579 0.029557 0.0250375 0.0230154 0.023069 0.032757 0.0353924 0.0284513 0.0352191 0.0421202 0.0352354 0.0271433 0.0200546 0.0173802 0.0173437 0.0136975 0.0159767 0.0114869 0.00933471 0.00871415 0.00951592 0.0136506 0.0401128 0.0383977 0.0210303 0.0157992 0.0154981 0.00857748 0.00788005 0.0167044 0.0230408 0.0266849 0.0164558 0.0136134 0.0116207 0.0111065 0.00889351 0.0060023 0.00194458 0 
0 0.000474819 0.00309844 0.00108187 0.00372208 0.0115395 0.0140076 0.0204339 0.0144595 0.0121024 0.00663137 0.0147537 0.0150172 0.0151193 0.0168295 0.0183282 0.0210617 0.0205646 0.0212715 0.0255912 0.0258727 0.0341482 0.0271645 0.0312143 0.0285217 0.033435 0.0282569 0.0349373 0.035056 0.0349937 0.0309156 0.0251947 0.0248 0.0248532 0.0283977 0.0296983 0.0229679 0.0391056 0.0426704 0.0211248 0.0301833 0.0291402 0.0199361 0.0183009 0.0190571 0.0232329 0.0188457 0.0137396 0.0133132 0.0112031 0.0127131 0.0233804 0.022301 0.0114131 0.0128206 0.0114729 0.0140042 0.0103976 0.016491 0.0274406 0.0226921 0.0117829 0.0137997 0.0102406 0.010682 0.00628865 0.00343362 0.00313515 5.4119e-05 
0 0.000650024 0.00161538 0.00123024 0.00107067 0.0043698 0.0139138 0.0157953 0.0181438 0.0126649 0.00950122 0.0129323 0.0138857 0.0157862 0.0166191 0.0167019 0.0161679 0.0167477 0.0220879 0.0196521 0.0181487 0.0222466 0.0211288 0.0262479 0.0264539 0.02544 0.021443 0.0261701 0.0252002 0.026496 0.0236669 0.0306472 0.0315322 0.0278081 0.0246264 0.0245599 0.0301962 0.0359306 0.0298328 0.0213962 0.0281956 0.0421276 0.020543 0.0200922 0.0192117 0.0178016 0.0182275 0.0196652 0.0192108 0.0133949 0.0113973 0.0167461 0.0188255 0.00971981 0.0165488 0.0185503 0.0166719 0.0129056 0.0129015 0.0122777 0.0137211 0.013397 0.0143896 0.0127744 0.0105609 0.00608427 0.00365802 0.00183048 0.000231743 
0 8.6879e-05 0.0011071 0.00334236 0.00655612 0.00362906 0.00674455 0.0130516 0.0174208 0.0169295 0.0136014 0.0110192 0.0117626 0.0163182 0.0163701 0.0205559 0.0216293 0.0238122 0.0240752 0.0231084 0.0234866 0.021999 0.0211952 0.0336592 0.0289785 0.0188063 0.0246098 0.021997 0.0193351 0.0211832 0.025492 0.0311959 0.0404576 0.0330046 0.0228386 0.0217166 0.0311563 0.0340535 0.022472 0.0175806 0.0204012 0.047945 0.0346493 0.0259563 0.0280647 0.0193274 0.0209419 0.0246739 0.0181832 0.0121894 0.0109407 0.014066 0.0165906 0.0213636 0.0220349 0.018894 0.0136607 0.0115645 0.0116695 0.0103414 0.0109159 0.0146709 0.0128053 0.0123385 0.0097414 0.0066882 0.00873043 0.00596329 0.00275 
2.04403e-05 0.000170251 0.00125476 0.00568884 0.0199181 0.0161382 0.00344946 0.00980422 0.0190284 0.0202424 0.0170258 0.01865 0.0153493 0.0150313 0.017324 0.0190906 0.0188152 0.0218568 0.0224151 0.0258869 0.025275 0.0245571 0.0209245 0.0247339 0.0250723 0.0240066 0.0222512 0.0195072 0.0210863 0.0216113 0.0223057 0.0272819 0.0249962 0.0298057 0.0255511 0.0262533 0.031966 0.0349517 0.0235064 0.0164657 0.0222424 0.0257632 0.0310604 0.0154508 0.018885 0.0163325 0.0199819 0.0190357 0.0149077 0.0153389 0.0174941 0.0136164 0.0185987 0.0239814 0.0202173 0.0209743 0.0194011 0.0137085 0.0103663 0.0102432 0.00938561 0.0130494 0.0129326 0.0135948 0.0111098 0.0174366 0.0204936 0.0134104 0.00397488 
2.96611e-05 0.000147699 0.000425137 0.00480402 0.0169937 0.015743 0.0040638 0.0138115 0.0171034 0.0204742 0.0180645 0.019433 0.0167566 0.0233075 0.0282457 0.0241871 0.0187116 0.0210173 0.0215442 0.0227005 0.0273749 0.0239306 0.0218264 0.0182965 0.0254688 0.0217503 0.0187945 0.02135 0.0293378 0.0176243 0.0183928 0.0244295 0.019309 0.0231071 0.0326408 0.0372184 0.0489965 0.0362668 0.0222461 0.018488 0.0224054 0.0184007 0.0233645 0.0131411 0.0161052 0.0201993 0.0243764 0.0217492 0.0197783 0.0229621 0.0182805 0.0134704 0.0172295 0.0188895 0.0197342 0.0167244 0.0186538 0.0128413 0.0103575 0.0096225 0.011856 0.0142756 0.021958 0.0234365 0.0185224 0.0199763 0.0216033 0.0151651 0.00426784 
7.01574e-05 0 0 0.00194096 0.00667789 0.00402576 0.00218078 0.00988536 0.0174458 0.0173413 0.022284 0.0187311 0.0207982 0.02428 0.0231812 0.0236144 0.0209748 0.0250189 0.0236985 0.019063 0.0209564 0.0221051 0.0248771 0.0249497 0.0246332 0.0203605 0.0244184 0.0184136 0.0247209 0.0209998 0.0149576 0.0191763 0.0177272 0.0253176 0.025932 0.040637 0.0436784 0.0343906 0.0284391 0.0156977 0.0183481 0.0193326 0.0183173 0.0138134 0.0132797 0.0178196 0.0156295 0.017352 0.026197 0.0346907 0.025105 0.0194771 0.0202706 0.0130293 0.0153023 0.0207667 0.017628 0.0119991 0.0072104 0.00870332 0.015938 0.0116508 0.0164482 0.0211198 0.01917 0.014923 0.00944477 0.00813835 0.00431796 
0.000146891 0 0 0.000325356 0.000760406 0.000755466 0.00313987 0.0120385 0.0172352 0.0224537 0.0238686 0.0250098 0.0272996 0.0294867 0.0245556 0.0238209 0.0158513 0.0190155 0.0250563 0.0189525 0.0159388 0.0175161 0.0232283 0.022654 0.0231426 0.0214727 0.0244025 0.0181499 0.0217793 0.0220917 0.0137384 0.0180712 0.0192293 0.0364188 0.0384476 0.0318448 0.0456906 0.0329184 0.0163903 0.0121149 0.0103356 0.0117786 0.0182632 0.0114281 0.0142693 0.0160836 0.0105615 0.0133506 0.0279228 0.0416974 0.0255604 0.0200462 0.0174424 0.0127662 0.0162479 0.0166853 0.0118406 0.0120815 0.0103046 0.0149526 0.015838 0.0118045 0.0165968 0.0182958 0.0158656 0.0101117 0.0066131 0.00574116 0.00257335 
0.000345986 0 0 0.000269608 0.00138307 0.00258744 0.012497 0.0199716 0.0204826 0.025174 0.0228839 0.0253616 0.0254501 0.0339622 0.0302758 0.025246 0.0143805 0.0138686 0.0192152 0.0151896 0.0149786 0.018347 0.0215415 0.0226171 0.0193929 0.021056 0.0203618 0.0170238 0.0213264 0.0187293 0.0201009 0.021561 0.0197141 0.0232359 0.0305039 0.0329309 0.0323313 0.0226647 0.0116681 0.0117059 0.0128489 0.0137955 0.0135587 0.0122298 0.0126343 0.0133797 0.0103152 0.0161297 0.027847 0.0333651 0.0279099 0.0259295 0.0162344 0.0114902 0.0149336 0.0140514 0.0116285 0.0140033 0.00934405 0.0132071 0.0131083 0.00725022 0.00857585 0.013395 0.00838079 0.0045958 0.00388763 0.00365433 0.00210289 
1.88376e-05 1.06604e-05 0.000847584 0.00208263 0.00694151 0.0111225 0.0164139 0.0255141 0.0220282 0.0262025 0.0247119 0.0251226 0.0243575 0.0301802 0.0223828 0.0192699 0.0168378 0.0113854 0.0125404 0.0195886 0.0166152 0.0182868 0.0153256 0.0199615 0.0175672 0.0206639 0.0213871 0.0235124 0.0197298 0.0200849 0.0230965 0.0242123 0.0227535 0.024643 0.0213345 0.0201519 0.0182112 0.0164764 0.013628 0.0120571 0.0155706 0.0113665 0.0156159 0.0245805 0.0164756 0.0147047 0.0124037 0.0155283 0.0201522 0.0294329 0.0286003 0.0286297 0.0242496 0.0135955 0.0134887 0.0107801 0.0127502 0.0113099 0.00629881 0.00873843 0.00863494 0.0033697 0.0042816 0.00917292 0.0042919 0.00332292 0.00332087 0.00538588 0.00207987 
0 0.00177992 0.00771039 0.0128752 0.0205762 0.0205545 0.023285 0.0202016 0.0182541 0.0215412 0.028701 0.0364434 0.030933 0.0225227 0.0233412 0.0199489 0.0161607 0.0129917 0.018594 0.0204327 0.0210431 0.0155274 0.0196955 0.0168325 0.0147869 0.0189063 0.0183944 0.0196041 0.0194467 0.0291539 0.0267422 0.0234032 0.0225053 0.0225193 0.0142417 0.0130287 0.016561 0.0152949 0.0175164 0.014451 0.011151 0.0185103 0.0225492 0.0253093 0.021659 0.0174417 0.0109032 0.0129003 0.0210506 0.0288689 0.0278398 0.0277768 0.018846 0.0192434 0.0196146 0.0118839 0.012617 0.0107177 0.00920199 0.00642048 0.00278531 0.000715683 0.00211556 0.00138245 0.000756841 0.00501885 0.012322 0.0110068 0.00189357 
7.38816e-05 0.00664525 0.015749 0.0200944 0.0214417 0.0269937 0.0273709 0.0227783 0.0174019 0.0230707 0.0249004 0.0319646 0.0230553 0.0129139 0.017873 0.0210181 0.0169663 0.0193322 0.0210541 0.023511 0.0236858 0.0175334 0.0174637 0.0194458 0.0165764 0.016524 0.0177044 0.0206393 0.0192453 0.0276757 0.0219955 0.0181655 0.0193881 0.0229164 0.0199014 0.0139385 0.0131034 0.0126451 0.0155713 0.0128544 0.0108261 0.0174527 0.0236167 0.0221326 0.0177782 0.0155978 0.0156408 0.0151832 0.0224285 0.0263408 0.0232666 0.0302533 0.0217827 0.0185422 0.0209337 0.0136457 0.0101328 0.00876996 0.00727537 0.00644142 0.00581359 0.00529858 0.00388858 0.0010096 0.00185189 0.0086381 0.0152089 0.0160329 0.00161508 
0.000175713 0.00480569 0.0128959 0.0118041 0.0173157 0.0206546 0.0195408 0.0248309 0.0225786 0.0293117 0.0282066 0.0186767 0.0199951 0.0143776 0.0187293 0.0164953 0.0149494 0.0202339 0.0238801 0.0234637 0.0232572 0.0204725 0.0203896 0.0200016 0.021573 0.0169523 0.0157459 0.0173818 0.0215892 0.0356959 0.0216927 0.0150745 0.023798 0.029605 0.0197918 0.01476 0.00985118 0.0116716 0.0182219 0.0105755 0.0117724 0.0173844 0.0110617 0.017356 0.016113 0.0175638 0.0148437 0.0223234 0.0219578 0.024099 0.0227447 0.0244811 0.0202297 0.0198385 0.0266398 0.0124337 0.00675423 0.0184054 0.0182358 0.0224068 0.0218054 0.0208824 0.0113653 0.00474578 0.00638447 0.0105345 0.0135959 0.0136367 0.000954928 
1.7278e-05 0.00268031 0.012828 0.0141398 0.0189294 0.0184126 0.0150645 0.0170113 0.0198051 0.0192479 0.0176673 0.00989669 0.0147202 0.020838 0.0218664 0.0202264 0.0156912 0.0171297 0.019823 0.0155609 0.0191026 0.0205328 0.0167371 0.021386 0.0165752 0.0215375 0.0209398 0.0208478 0.0227396 0.0299159 0.0221069 0.0181299 0.0180785 0.0163402 0.0150475 0.0278552 0.0287744 0.019027 0.021892 0.014259 0.0152385 0.0166805 0.0173205 0.0164642 0.01429 0.0161205 0.017575 0.0301854 0.040469 0.0246814 0.0212791 0.0190455 0.0186225 0.0218285 0.0192515 0.0160643 0.0232266 0.0269135 0.0220261 0.0261208 0.0199225 0.0173656 0.0183726 0.0113651 0.00926127 0.0121237 0.0163678 0.0128814 0.00187766 
0 0.00445493 0.0183175 0.0196155 0.0154518 0.0184912 0.0144356 0.0167646 0.00991233 0.00782924 0.00460687 0.00644452 0.00849716 0.0155771 0.0204427 0.0227201 0.0185675 0.0114202 0.0133149 0.0124769 0.0186477 0.0168213 0.0193236 0.0299745 0.0219051 0.0236818 0.0173326 0.0173461 0.0180244 0.0227926 0.0212867 0.0219604 0.0255264 0.0246519 0.0193305 0.0261146 0.0261487 0.0230882 0.0200845 0.0195565 0.0216367 0.017851 0.0213576 0.0156957 0.0162608 0.0173634 0.0254579 0.0328896 0.0391744 0.0260917 0.0172743 0.0135101 0.0177334 0.0252679 0.0253636 0.0302455 0.0281075 0.0246489 0.0207549 0.0150983 0.0246773 0.0190066 0.0227927 0.0244766 0.0140934 0.0114292 0.0100333 0.0135312 0.00209787 
0 0.00544851 0.0192675 0.0131286 0.00922196 0.0161185 0.0176556 0.0111043 0.00773679 0.00705311 0.0132677 0.0117654 0.0136428 0.0184324 0.0196071 0.0226358 0.0205375 0.0166849 0.013644 0.0165574 0.0247213 0.0199827 0.0207285 0.0240589 0.0257974 0.0233891 0.0212108 0.0218265 0.0265535 0.0245677 0.0230248 0.0279708 0.0251652 0.0244018 0.019012 0.0214245 0.0227346 0.0274143 0.0265342 0.0289943 0.0321099 0.0212321 0.018834 0.0155592 0.0186042 0.0219468 0.0303704 0.0262405 0.0236522 0.0243361 0.0151921 0.0161197 0.0141734 0.0269092 0.0281906 0.0266959 0.0260418 0.0200934 0.0211935 0.0188001 0.0285053 0.0322018 0.0333074 0.0191578 0.0189663 0.0158625 0.00942257 0.011242 0.0024232 
0 0.00292351 0.0134863 0.00712759 0.00440241 0.0140436 0.0140392 0.0159661 0.0209509 0.0186151 0.0156202 0.0151591 0.0163747 0.0166122 0.019715 0.023957 0.0248401 0.0257273 0.0164949 0.0177764 0.0211222 0.0242268 0.015504 0.017699 0.0292626 0.030955 0.0246408 0.0171147 0.0227074 0.016878 0.022815 0.024895 0.0239282 0.0272283 0.0217801 0.0184015 0.0212553 0.0227253 0.0275642 0.0205071 0.0254954 0.023021 0.0173052 0.0200187 0.0181691 0.0198304 0.0200939 0.0190485 0.017735 0.0269941 0.0173677 0.017039 0.013541 0.0185619 0.0252125 0.0280217 0.0172443 0.0167538 0.0229348 0.0276097 0.0233241 0.0240598 0.0313458 0.0278895 0.0281469 0.0224619 0.0062449 0.00402099 0.00165414 
0 0.000352261 0.00416085 0.00236822 0.00137811 0.0102889 0.0146944 0.024928 0.038181 0.0277953 0.0182911 0.0158238 0.0144914 0.0193082 0.0229711 0.024354 0.0238658 0.0235108 0.0237731 0.0213395 0.0217347 0.0217366 0.0201859 0.0209057 0.0287513 0.027238 0.0207052 0.0191632 0.0184529 0.0219256 0.0181987 0.0247463 0.0243095 0.0254015 0.0220913 0.021932 0.0204571 0.019647 0.0211068 0.019701 0.0254631 0.029336 0.0191555 0.0227554 0.019539 0.0161214 0.0202779 0.0224956 0.0199788 0.0190691 0.0163553 0.0153748 0.0148318 0.0199797 0.0246699 0.0236035 0.015193 0.0117 0.0187367 0.0231062 0.0213689 0.0214444 0.0268445 0.0288375 0.0273985 0.0213676 0.00864834 0.000775322 2.78383e-05 
0 0 0 0 0.00195426 0.010626 0.0117885 0.0206604 0.0298772 0.0178614 0.0118847 0.012598 0.017697 0.0258296 0.0205023 0.0240464 0.0253307 0.0245985 0.0191668 0.0280503 0.0259039 0.0212977 0.0225982 0.0218559 0.0273406 0.0240472 0.0200848 0.0267704 0.0210458 0.0247405 0.0218635 0.0208899 0.0223113 0.022715 0.0229723 0.0204687 0.0231528 0.0236839 0.0192777 0.0227476 0.0238319 0.0231252 0.0222864 0.0223283 0.0187225 0.015988 0.0167661 0.0198918 0.022519 0.022089 0.016492 0.0179459 0.0209311 0.0140943 0.0167312 0.0180839 0.018989 0.0188122 0.0234568 0.0318968 0.0297844 0.0285647 0.0328182 0.0298686 0.0254766 0.0162541 0.00523443 0.00134759 0 
0 0 0.000885044 0.00325539 0.00535392 0.0145538 0.0122871 0.0102544 0.0228978 0.0158271 0.00593625 0.00660362 0.0112702 0.0163147 0.0301597 0.0325551 0.0330853 0.0227933 0.0166603 0.0279625 0.0225051 0.0235228 0.0260791 0.0214942 0.0198545 0.018873 0.0237393 0.0215546 0.0275759 0.0250285 0.0174967 0.0188333 0.019541 0.0180811 0.0159714 0.0214588 0.0157094 0.0199874 0.0164892 0.0169458 0.0221325 0.0307621 0.0264636 0.0235448 0.0226794 0.0203447 0.0187822 0.0194384 0.0214344 0.0224994 0.0220373 0.0263814 0.0235307 0.0169499 0.013246 0.033393 0.0346302 0.0234381 0.026411 0.0310335 0.0410375 0.0306381 0.0241433 0.0249287 0.0242583 0.0131223 0.00424575 0.000840782 0 
0 0 0.000930756 0.00903582 0.00875352 0.0144227 0.0193535 0.0175769 0.0135759 0.00887873 0.00408037 0.00554715 0.00761829 0.0137699 0.0225533 0.034876 0.0306518 0.0272173 0.0211275 0.0261825 0.0281645 0.0286204 0.0189302 0.0168834 0.0185378 0.0169802 0.0187133 0.027176 0.0271603 0.0125917 0.0130195 0.0174333 0.0166325 0.0206486 0.0245433 0.0189286 0.0179062 0.0161549 0.0237388 0.023183 0.020095 0.0204694 0.0254203 0.0292829 0.0270404 0.0227878 0.0186157 0.022869 0.0285614 0.0314114 0.0248999 0.0302397 0.0255948 0.0264136 0.0129213 0.0239279 0.0375841 0.0247134 0.0218928 0.0251225 0.0255958 0.023605 0.0204824 0.0236 0.0166317 0.00857831 0.0025823 0.000305405 0 
0 0 8.15741e-05 0.00191706 0.0018929 0.0106097 0.0207611 0.0229421 0.0132746 0.00567287 0.00489039 0.00672586 0.0148613 0.0182865 0.0214889 0.027859 0.03013 0.0255572 0.0255395 0.027184 0.026113 0.0249532 0.0205217 0.0234689 0.0242701 0.0250116 0.0174962 0.0237775 0.0182479 0.0148963 0.0149555 0.0157059 0.0197345 0.0262822 0.024741 0.0185801 0.0142831 0.0119815 0.0315741 0.0373353 0.0251916 0.0198837 0.0144523 0.0163594 0.0239085 0.027497 0.0215766 0.0235923 0.0274744 0.0313704 0.0232314 0.0201628 0.0156613 0.0143031 0.0111199 0.020839 0.026419 0.0307464 0.0240977 0.0218636 0.0210719 0.0245171 0.0240994 0.0265724 0.0192289 0.00959215 0.00241506 2.4772e-05 0 
0 0 0 0 0.000196452 0.00766026 0.0148256 0.0151853 0.0120675 0.0296764 0.040083 0.0125269 0.0147685 0.0263381 0.0253028 0.0202677 0.0251524 0.0245836 0.0273979 0.0208293 0.0222123 0.0237452 0.020395 0.0219476 0.021961 0.0185509 0.0196876 0.0168959 0.0222997 0.0158939 0.0169522 0.0176346 0.0207584 0.0228216 0.0140239 0.0161414 0.0216997 0.0170614 0.0228988 0.0361683 0.024495 0.0138963 0.0100166 0.0145376 0.0152074 0.0193532 0.0284532 0.0265996 0.0264356 0.0255007 0.0170483 0.0186836 0.0239963 0.0155669 0.0162254 0.0207337 0.0210658 0.0313677 0.035783 0.0178529 0.0187692 0.0270391 0.0279532 0.0388283 0.0261694 0.0111228 0.000321194 0 0 
0 0 0 0 0.000110376 0.00745099 0.0103544 0.0123195 0.0154037 0.0515835 0.0802746 0.0187261 0.0154871 0.0249475 0.0224972 0.0223243 0.0221819 0.022737 0.0198001 0.0169001 0.0183945 0.0238889 0.0210781 0.0215894 0.0186612 0.0193687 0.0238935 0.0191046 0.0228834 0.0221693 0.0170341 0.0189685 0.0193662 0.0215189 0.0160382 0.017869 0.0160253 0.0205853 0.0191509 0.0216311 0.0197177 0.017279 0.0164028 0.0139938 0.0139216 0.0127138 0.022103 0.027456 0.0314301 0.020956 0.0165172 0.0215823 0.0206973 0.020397 0.0193051 0.0183401 0.0189729 0.0256262 0.0295026 0.0279537 0.021174 0.0264548 0.0234262 0.0203552 0.0108599 0.00259779 1.79099e-06 0 0 
0 0 0 0 0 0.00187349 0.00326217 0.00501544 0.00713528 0.0138427 0.0283078 0.00976097 0.0132426 0.0250029 0.0304901 0.0322565 0.0264142 0.0289574 0.0273177 0.0165483 0.0157813 0.0184804 0.0190837 0.0269804 0.0313617 0.0335373 0.0318109 0.0232438 0.0178302 0.0148163 0.0141566 0.0154491 0.0210822 0.0194439 0.020033 0.0251774 0.0245819 0.0250653 0.0211734 0.0221708 0.0143829 0.0159091 0.0183114 0.0170168 0.0150049 0.0103331 0.0220473 0.0262184 0.0229461 0.0209501 0.0234183 0.0203773 0.0190741 0.0204439 0.017165 0.0173335 0.0187531 0.0196571 0.0209901 0.0274919 0.0199191 0.0167558 0.0115924 0.00478051 0.00282135 0.000418924 0 0 0 
0 0 0 0 0 5.52523e-07 6.2968e-06 0.00227499 0.00915474 0.0109057 0.0133369 0.011761 0.0129362 0.0192458 0.0246051 0.0273958 0.0221944 0.0232881 0.0226451 0.0203924 0.0175726 0.0174022 0.024224 0.0410565 0.0512635 0.0462736 0.0363125 0.0333851 0.0188891 0.0115577 0.0130123 0.0143729 0.0183976 0.0236184 0.0364526 0.0203354 0.0242731 0.0244975 0.0261401 0.0196958 0.0162923 0.0242967 0.0256637 0.0152886 0.0121219 0.0129037 0.0178954 0.0218322 0.0227805 0.030073 0.0324968 0.0240738 0.0171543 0.0212515 0.0247725 0.0210766 0.0165482 0.0165805 0.022956 0.0210454 0.0114857 0.00809345 0.00398062 0.00154311 0.00131416 4.52129e-05 0 0 0 
0 0 0 0 0 0 0.000287371 0.00736376 0.0111562 0.0111734 0.0139237 0.0104272 0.00383166 0.00989866 0.0161919 0.0214152 0.0208306 0.0136295 0.0152751 0.0233473 0.0214534 0.0201481 0.0253413 0.0327659 0.055052 0.0528541 0.0389782 0.0348378 0.0231284 0.0199501 0.0129849 0.0133798 0.0139037 0.0219888 0.0399065 0.0378934 0.0200787 0.0164442 0.0191877 0.0181177 0.0157257 0.0263853 0.0242768 0.0225826 0.0158529 0.0168889 0.0179976 0.0132937 0.0175859 0.0285114 0.0267373 0.0212099 0.0251661 0.0267813 0.02646 0.0189202 0.0151659 0.0232106 0.021176 0.0135925 0.0142336 0.00672635 0.00112719 0.00018911 8.17195e-05 0 0 0 0 
0 0 0 0 0 0 0.000560168 0.00872267 0.0132344 0.0122951 0.00925924 0.00194532 0.0014385 0.00818173 0.0125857 0.0172481 0.02215 0.0178818 0.01496 0.0153455 0.019426 0.0201916 0.0294416 0.0292273 0.0391186 0.0418998 0.0375307 0.0349602 0.0299286 0.0224476 0.0214976 0.018499 0.0115073 0.0106697 0.0243566 0.0373966 0.0189342 0.017963 0.023476 0.0250815 0.0195276 0.0193535 0.020464 0.0235903 0.0131424 0.0140175 0.0132716 0.0135329 0.0168834 0.0255209 0.027928 0.0189507 0.0272116 0.0267545 0.0249941 0.0270705 0.0166415 0.0190761 0.0195523 0.00994299 0.0128119 0.0111122 0.00365949 0 0 0 0 0 0 
0 0 0 0 0 0 6.95741e-05 0.00434421 0.00744805 0.0062865 0.0050706 0.00190184 0.00645603 0.0176554 0.0145391 0.0212375 0.0206815 0.0203656 0.0140602 0.0143832 0.0233887 0.0225899 0.0332485 0.0402759 0.0357967 0.0294917 0.0359238 0.0442001 0.03498 0.0273288 0.0230182 0.0180612 0.0131997 0.0169735 0.0356254 0.0340647 0.023187 0.020412 0.0188205 0.0174247 0.023755 0.0251942 0.0217293 0.0267967 0.0233576 0.0129452 0.00960957 0.0103979 0.01346 0.0178688 0.022664 0.0203305 0.0268817 0.0244832 0.0234191 0.0232578 0.026972 0.0183421 0.0156005 0.00820979 0.00448727 0.00732047 0.00123927 0 0 0 0 0 0 
0 0 0 0 0 0 0 0.000202413 0.00331326 0.0063912 0.00480187 0.00303724 0.0166373 0.0435512 0.0376735 0.0179582 0.0222003 0.0278882 0.0243999 0.0244418 0.0277644 0.0304996 0.0325761 0.0326539 0.035969 0.0265633 0.0281432 0.0324136 0.0319835 0.0243805 0.0212006 0.0247058 0.026813 0.0384744 0.0369269 0.0450152 0.0341778 0.0160095 0.0121318 0.0233998 0.0413675 0.0380291 0.0249353 0.0237661 0.0211182 0.0109873 0.00786354 0.0103162 0.0143166 0.0166465 0.0192227 0.0249324 0.0236382 0.0214729 0.0197702 0.0250757 0.0291134 0.023491 0.0134414 0.00798774 0.00121684 0.000852282 0 0 0 0 0 0 0 
0 0 0 0 0 0 0 0 0.00117352 0.0076596 0.00708708 0.00519847 0.0169836 0.0283678 0.0213146 0.00963486 0.0265233 0.0410479 0.0412102 0.0343647 0.0333482 0.0414342 0.0264129 0.0310305 0.0382452 0.0353298 0.0236149 0.0185946 0.0248481 0.023916 0.0168492 0.028449 0.0380705 0.0505537 0.0503684 0.0617623 0.0416872 0.0264659 0.0177575 0.0397657 0.0423953 0.0403281 0.0290068 0.020093 0.0101282 0.00742761 0.00966333 0.008735 0.0206735 0.0237594 0.0299248 0.0305415 0.0250177 0.0279732 0.025618 0.0285251 0.0187475 0.0163883 0.0125174 0.00343096 0.000813233 2.78701e-05 0 0 0 0 0 0 0 
0 0 0 0 0 0 0 0 8.21957e-05 0.00181406 0.00635402 0.00472238 0.00539849 0.00745223 0.0144995 0.0163313 0.0203758 0.0310539 0.0373343 0.0443949 0.0344039 0.0284515 0.0253076 0.0281436 0.0400682 0.0350114 0.0222026 0.0150402 0.0168064 0.0257619 0.0244038 0.0349013 0.0332177 0.0422958 0.0487986 0.0397365 0.0356889 0.0342026 0.0263022 0.0396929 0.0376122 0.0348281 0.0285793 0.0186115 0.0143913 0.0171518 0.0116554 0.010411 0.0227079 0.0396187 0.0388188 0.0265845 0.0179896 0.0161339 0.0222067 0.02689 0.0194529 0.0160648 0.00719657 0.00264578 0.000736128 4.40957e-05 0 0 0 0 0 0 0 
0 0 0 0 0 0 0 0 0 0.00015737 0.00352648 0.00807452 0.00715965 0.0121159 0.0248021 0.0223476 0.0116505 0.0167911 0.026194 0.0374628 0.0362777 0.0270926 0.0167734 0.023329 0.0343571 0.0324453 0.0300599 0.025176 0.0201032 0.0251611 0.0292761 0.0441238 0.0419118 0.0331153 0.0347765 0.0314265 0.0356702 0.0406167 0.0384145 0.0425384 0.0334118 0.0308769 0.026714 0.0210692 0.0173771 0.0156199 0.0144809 0.0154903 0.0275603 0.0530342 0.0568794 0.024753 0.0124988 0.00794637 0.0130258 0.0185625 0.0206045 0.00768758 0.00392179 0.00131363 1.74911e-05 0 0 0 0 0 0 0 0 
0 0 0 0 0 0 0 0 0 0 0.000108399 0.0023227 0.00550927 0.0073413 0.0165974 0.0162451 0.0118196 0.00488593 0.0061034 0.0188799 0.0235452 0.0226628 0.033923 0.0301454 0.0412476 0.036988 0.0263293 0.0248443 0.0307681 0.0337564 0.0293469 0.0273677 0.0219882 0.0248721 0.0302637 0.0263536 0.0328967 0.0418443 0.0361368 0.0396041 0.0287492 0.0247439 0.0307698 0.0238683 0.0145043 0.0152241 0.0187982 0.0249915 0.0266687 0.0428664 0.0461365 0.0206493 0.0047296 0.0091216 0.00768573 0.0115265 0.013949 0.0061648 0.00160285 3.31063e-05 0 0 0 0 0 0 0 0 0 
0 0 0 0 0 0 0 0 0 0 0 0.00023536 0.000592692 0.000842395 0.00287207 0.00287427 0.00847943 0.00570114 0.00247539 0.00783354 0.0122857 0.0326745 0.0552635 0.0471376 0.051321 0.0335754 0.0251669 0.0233152 0.0249641 0.0317651 0.0228244 0.0175776 0.0214877 0.0317924 0.039088 0.0291487 0.0265518 0.0406233 0.0380167 0.0411567 0.0240929 0.0229295 0.0333309 0.0315336 0.0226217 0.0151145 0.025358 0.0238707 0.0226673 0.0160687 0.0150192 0.00485743 0.00251262 0.00471958 0.0126931 0.0151104 0.0134745 0.00286004 0.000181976 0 0 0 0 0 0 0 0 0 0 
0 0 0 0 0 0 0 0 0 0 0 0 0 4.69207e-05 0.000498282 0.000386333 0.00136543 0.000733109 0.00506545 0.0170598 0.0162456 0.0209543 0.0193554 0.0245736 0.0380517 0.0296159 0.0287525 0.0246902 0.0262465 0.0192645 0.0242961 0.0249084 0.0307822 0.0291921 0.0304704 0.0312954 0.031648 0.0374785 0.04284 0.0473002 0.0321507 0.0283843 0.0216753 0.0267317 0.0286524 0.0236199 0.0317825 0.0154697 0.0212572 0.0153164 0.0211908 0.0227837 0.012384 0.00326466 0.00901381 0.00673901 0.00311685 0.00017891 0 0 0 0 0 0 0 0 0 0 0 
0 0 0 0 0 0 0 0 0 0 0 0 0 0 0 0 0 0 0.000860845 0.00888566 0.0151154 0.0249931 0.0160162 0.0184745 0.0325323 0.0273282 0.0320797 0.0256319 0.024162 0.0187237 0.0166687 0.0233484 0.0314512 0.0204605 0.0178072 0.0199033 0.0237799 0.0257564 0.0342424 0.0415093 0.03228 0.027835 0.0153095 0.0218904 0.0248299 0.0250103 0.0155877 0.0121677 0.01152 0.0156447 0.0257817 0.0405065 0.0176304 0.00097779 0.00252947 0.00116458 4.64754e-05 0 0 0 0 0 0 0 0 0 0 0 0 
0 0 0 0 0 0 0 0 0 0 0 0 0 0 0 0 0 0 0 0.00299271 0.0179914 0.0341428 0.034694 0.015754 0.0244248 0.0348635 0.0254582 0.0177055 0.0192699 0.0175818 0.0156767 0.0129506 0.0146229 0.0103289 0.0108744 0.0169843 0.0181091 0.0204394 0.0202259 0.0253485 0.0245967 0.0165155 0.016532 0.0196195 0.0284153 0.0286792 0.0160101 0.0267074 0.0236522 0.0149991 0.0111685 0.015725 0.00598198 0.000243322 0 0 0 0 0 0 0 0 0 0 0 0 0 0 0 
0 0 0 0 0 0 0 0 0 0 0 0 0 0 0 0 0 0 0 0.00655863 0.0210864 0.0230516 0.037365 0.0288291 0.031393 0.0367442 0.020862 0.00671943 0.0145308 0.0222812 0.0163442 0.00404264 0.00645725 0.0179261 0.0282831 0.0336206 0.03043 0.0298776 0.010923 0.0120277 0.0190691 0.0250952 0.0231204 0.0235796 0.0315247 0.0316894 0.0246815 0.0289995 0.0202862 0.00947409 0.00173652 0.00227804 0.000455364 1.5285e-07 0 0 0 0 0 0 0 0 0 0 0 0 0 0 0 
0 0 0 0 0 0 0 0 0 0 0 0 0 0 0 0 0 0 0 0.00127467 0.00546215 0.00865482 0.0177113 0.0265338 0.0246545 0.0286473 0.0166241 0.0101484 0.0219198 0.0350901 0.0268036 0.0116931 0.0166099 0.0275605 0.0392239 0.0364384 0.034129 0.0354106 0.0184532 0.016317 0.0267171 0.030926 0.0270499 0.0268788 0.0426052 0.0478293 0.0353168 0.0229981 0.00747538 0.00129935 8.41825e-05 0 0 0 0 0 0 0 0 0 0 0 0 0 0 0 0 0 0 
0 0 0 0 0 0 0 0 0 0 0 0 0 0 0 0 0 0 0 0 2.29971e-05 0.00127583 0.00464809 0.0135132 0.0177921 0.0138924 0.021402 0.0132071 0.0177683 0.0447115 0.0384901 0.0102813 0.0121147 0.0109582 0.0204159 0.0314072 0.0300325 0.0302208 0.0202178 0.0174853 0.0228736 0.0334925 0.0361268 0.0345326 0.0289164 0.0321454 0.0186956 0.0068301 0.00144872 0 0 0 0 0 0 0 0 0 0 0 0 0 0 0 0 0 0 0 0 
0 0 0 0 0 0 0 0 0 0 0 0 0 0 0 0 0 0 0 0 0 5.50824e-06 8.15394e-05 0.00156717 0.00270338 0.00401359 0.0111423 0.00957853 0.0116846 0.0243788 0.0185634 0.00431536 0.0029018 0.00368554 0.00291343 0.00680526 0.0081895 0.0100425 0.0132455 0.0163504 0.0212469 0.0319921 0.0346856 0.0183512 0.00588257 0.00554882 0.00215669 9.44457e-05 0 0 0 0 0 0 0 0 0 0 0 0 0 0 0 0 0 0 0 0 0 
0 0 0 0 0 0 0 0 0 0 0 0 0 0 0 0 0 0 0 0 0 0 0 0 0 1.78955e-06 0.000741076 0.00088396 0.00179163 0.00400345 0.00300431 0.000273618 0 0.000273554 0.000238843 0 0 0.000836749 0.00298914 0.00473516 0.00660058 0.00761299 0.00736113 0.00196973 8.45171e-05 0 0 0 0 0 0 0 0 0 0 0 0 0 0 0 0 0 0 0 0 0 0 0 0 

