0 0 0 0 0 0 0 0 0 0 0 0 0 0 0 0 0 0 0 0 0 0 0 0 0 0 0 0 0 0.000102662 0.000490097 0.000951875 0.000752942 0.00037153 1.24969e-06 8.44409e-07 5.70586e-05 0.00017321 1.23299e-05 0 0 0 0 0 0 0 0 0 0 0 0 0 0 0 0 0 0 0 0 0 0 0 0 0 0 0 0 0 0 
0 0 0 0 0 0 0 0 0 0 0 0 0 0 0 0 0 0 0 0 0 0 0 0 0 1.48114e-05 0.000718409 0.00294335 0.00621561 0.0108685 0.016423 0.0155457 0.0143921 0.00923336 0.00490479 0.00476405 0.00517374 0.00719237 0.00355503 0.00194231 0.000232984 0 0 0 0 0 0 0 0 0 0 0 0 0 0 0 0 0 0 0 0 0 0 0 0 0 0 0 0 
0 0 0 0 0 0 0 0 0 0 0 0 0 0 0 0 0 0 0 0 0 0 0 0 0 0.000721614 0.00863282 0.0132854 0.0250179 0.0289701 0.0309618 0.027575 0.0233816 0.0216738 0.0162396 0.012176 0.0122942 0.0156543 0.0165171 0.00877263 0.00206049 1.82844e-05 0 4.40854e-05 0.00143417 0.00246211 0.000136275 4.4263e-05 0 0 0 0 0 0 0 0 0 0 0 0 0 0 0 0 0 0 0 0 0 
0 0 0 0 0 0 0 0 0 0 0 0 0 0 0 0 0 0 0 0 0.000524338 0.00129417 0.00173236 0.000197716 0 0.000743617 0.00636519 0.0112003 0.0263382 0.0295748 0.0283182 0.0212152 0.021833 0.0285155 0.022483 0.0227228 0.0248145 0.0285992 0.0248365 0.013527 0.00757882 0.00298756 0.00153207 0.00224408 0.00419665 0.0055058 0.00423553 0.00237393 3.84334e-05 0 0 0 0 0 0 0 0 0 0 0 0 0 0 0 0 0 0 0 0 
0 0 0 0 0 0 0 0 0 0 0 0 0 0 0 0 0 0 0.00025325 0.00094107 0.00799792 0.00946169 0.012142 0.00441807 0.000161457 4.63235e-05 0.0020355 0.017692 0.0344682 0.0281668 0.0221801 0.015432 0.0158868 0.027809 0.0317428 0.0287467 0.0283577 0.0292997 0.0290387 0.0183217 0.0122871 0.01452 0.00703119 0.0104536 0.0100896 0.0088955 0.0106326 0.00577223 0.00129737 0.000498853 0.000602655 2.42911e-05 0 0 0 0 0 0 0 0 0 0 0 0 0 0 0 0 0 
0 0 0 0 0 0 0 0 0 0 0 0 0 0 0 0 0.000378595 0.00135824 0.00267789 0.00606384 0.0145326 0.0171864 0.0240208 0.0101946 0.000308381 0.00124836 0.00887915 0.0219144 0.0282629 0.0198578 0.0236139 0.0174872 0.0109629 0.0154185 0.019541 0.0225355 0.0219126 0.0205833 0.020016 0.0196905 0.0235498 0.0191997 0.0154808 0.0146084 0.0148152 0.0203098 0.0170417 0.0114294 0.00819641 0.00531869 0.00562138 0.00266793 0.00090445 1.76056e-05 0 0 0 0 0 0 0 0 0 0 0 0 0 0 0 
0 0 0 0 0 0 0 0 0 0 0 0 0 0 0 0.000739307 0.00583063 0.0102433 0.014944 0.0115539 0.0127034 0.0206601 0.0348974 0.0177279 0.00440733 0.00498529 0.0130567 0.0184623 0.0166343 0.0170006 0.0208603 0.021654 0.0200934 0.021973 0.0188065 0.0183936 0.0240474 0.0266406 0.0197966 0.0197488 0.023527 0.0251285 0.0219881 0.0204524 0.018043 0.0231814 0.0188075 0.0178113 0.0175553 0.0174703 0.0169784 0.0146811 0.00937309 0.00316706 0.000555405 0 0 0 0 0 0 0 0 0 0 0 0 0 0 
0 0 0 0 0 0 0 0 0 0 0 0 0 0 0 0.00381193 0.00913692 0.0148905 0.0243356 0.0132431 0.00980449 0.0222188 0.0333345 0.0232534 0.023173 0.0206011 0.0220737 0.0202761 0.0170538 0.0171462 0.026029 0.0252797 0.023894 0.0235792 0.0245355 0.0208059 0.0219718 0.024647 0.0244501 0.0244296 0.0249168 0.0235477 0.0225803 0.0197064 0.0159542 0.0202674 0.0238965 0.0243392 0.0187265 0.0240259 0.027261 0.0320716 0.0279172 0.0164715 0.00716938 0.000746542 2.86632e-05 0 0 0 0 0 0 0 0 0 0 0 0 
0 0 0 0 0 0 0 0 0 0 0 0 0 0.000173428 7.64169e-05 0.0018565 0.00403037 0.0166742 0.0205978 0.018311 0.017655 0.0189147 0.0241199 0.0280466 0.0377363 0.0264938 0.0305172 0.02693 0.0227063 0.0226056 0.022281 0.0244504 0.0249643 0.0190855 0.0211336 0.0177035 0.020804 0.0262803 0.0225406 0.0277286 0.0238072 0.014983 0.0189595 0.0208984 0.0197913 0.0176441 0.027112 0.0300924 0.0255781 0.0240581 0.0255684 0.0270799 0.0244162 0.0272644 0.0234788 0.00960223 0.000987188 0 0 0 0 0 0 0 0 0 0 0 0 
0 0 0 0 0 0 0 0 0 0 0 0.000388176 0.0024156 0.00487205 0.00425113 0.00641803 0.00956908 0.0202836 0.0218445 0.0188064 0.0185441 0.0216165 0.0266077 0.0260248 0.0343812 0.0263487 0.0226575 0.0238641 0.0188222 0.0210989 0.0220283 0.0224898 0.0221413 0.0207827 0.0220746 0.0203814 0.0138615 0.0211804 0.026914 0.0233152 0.0243525 0.0196355 0.0161523 0.018827 0.0219994 0.0239505 0.0254206 0.0235352 0.0222145 0.0259477 0.0238029 0.0302695 0.0306475 0.0303304 0.0303263 0.014334 0.00688089 0.00678765 0.000970157 0 0 0 0 0 0 0 0 0 0 
0 0 0 0 0 0 0 0 0 0 0.000739295 0.00658675 0.0141631 0.0156082 0.0118309 0.0129876 0.0189809 0.0198427 0.0221755 0.023128 0.021223 0.0192667 0.0203613 0.0154183 0.0165865 0.019307 0.0236578 0.018798 0.0210101 0.0230754 0.0224586 0.0298676 0.0293472 0.0216944 0.020894 0.02324 0.0212165 0.0224593 0.029602 0.0287335 0.0254654 0.0265778 0.0253487 0.0246009 0.030106 0.0239867 0.0236839 0.0219129 0.0252981 0.0281525 0.0293836 0.0323103 0.031166 0.0252403 0.0216427 0.0161448 0.0243907 0.0227215 0.0100563 0.000289457 0 0 0 0 0 0 0 0 0 
0 0 0 0 0 0 0 0 0 0.000187968 0.00667909 0.0171407 0.0193699 0.0207337 0.020052 0.0172524 0.0154771 0.0162127 0.0238061 0.0267478 0.0238826 0.0189125 0.017938 0.0202073 0.0191107 0.0163998 0.0206217 0.0214676 0.020844 0.0194457 0.0237569 0.0270618 0.02772 0.0272167 0.0269757 0.0246876 0.0268996 0.0300591 0.0280407 0.0274913 0.0299911 0.0278725 0.0259166 0.0205374 0.0189604 0.0187828 0.0180807 0.0211545 0.0271652 0.0244623 0.0233265 0.0249575 0.0284196 0.0202517 0.0137867 0.0197168 0.0334436 0.0358032 0.0283056 0.00774838 0.000182209 0 0 0 0 0 0 0 0 
0 0 0 0 0 0 0 0 0.000131704 0.00310829 0.0202355 0.0206973 0.020152 0.0171647 0.0165961 0.011301 0.00874646 0.00892246 0.0113984 0.0186778 0.0239995 0.0172088 0.018422 0.0231855 0.0304578 0.0291511 0.0168559 0.0209462 0.0159965 0.0213444 0.0246149 0.0227163 0.0305992 0.0271248 0.0212741 0.0203241 0.025367 0.0283197 0.0283914 0.0288119 0.0347652 0.0256048 0.0214817 0.0173104 0.0173939 0.0175841 0.0196868 0.0231541 0.0250706 0.026956 0.0270468 0.0258331 0.0155622 0.0186808 0.0121933 0.0175704 0.031011 0.0344561 0.0286536 0.0144459 0.00087369 0 0 0 0 0 0 0 0 
0 0 0 0 0 0 0 0 0.000808559 0.0067309 0.022405 0.0243405 0.021558 0.0152941 0.012806 0.0063262 0.00686423 0.00646952 0.0128383 0.0187872 0.0260981 0.024425 0.0202107 0.0152861 0.024088 0.029048 0.0234737 0.0201866 0.0177534 0.0170997 0.0124023 0.0149396 0.024213 0.024315 0.025563 0.0280159 0.0170067 0.0155683 0.018182 0.0208909 0.0297691 0.0234589 0.0149437 0.0155109 0.0181108 0.0214341 0.0246402 0.01743 0.0194141 0.0237485 0.0210714 0.0189406 0.0160885 0.01477 0.0182136 0.023489 0.0314688 0.0318853 0.0265225 0.0190264 0.00115937 0 0 0 0 0 0 0 0 
0 0 0 0 0 0 0 8.99589e-05 0.00161378 0.00833899 0.0189558 0.0175052 0.0132616 0.00703333 0.00632383 0.0108061 0.018288 0.0196163 0.0187404 0.0188069 0.0215784 0.0232901 0.0190729 0.0159123 0.0176893 0.0193612 0.0182381 0.0198659 0.0207915 0.0174074 0.016656 0.0178419 0.024718 0.02065 0.0277283 0.0205497 0.0147669 0.0130272 0.0193308 0.0196374 0.0250528 0.0179343 0.0215041 0.0225648 0.0205622 0.0159935 0.021854 0.0175847 0.0192814 0.0222625 0.0183286 0.0160248 0.0195723 0.0238717 0.0291026 0.0230983 0.0190452 0.0265719 0.0214456 0.0110646 0.00123959 0 0 0 0 0 0 0 0 
0 0 0 0 0 0 0.000301884 0.002628 0.00721834 0.0174897 0.0255877 0.0149347 0.0071669 0.00325288 0.0109449 0.0224007 0.0204509 0.0210928 0.0207697 0.0266474 0.0250379 0.0213403 0.015903 0.0137106 0.0171808 0.0152421 0.0123293 0.017348 0.0171848 0.0192999 0.0190686 0.0182934 0.0234919 0.0175531 0.0255016 0.0208106 0.0187702 0.0123893 0.0162885 0.0188326 0.0203554 0.0150497 0.0133619 0.0224342 0.0203493 0.0164007 0.0211164 0.0167271 0.0197428 0.023769 0.0263228 0.0252492 0.0271768 0.0296759 0.0323757 0.023487 0.0184863 0.0262181 0.0200941 0.0112238 0.00288108 0.000571638 0.000456891 0.000448155 0 0 0 0 0 
0 0 0 0 0 0.00029347 0.00653263 0.0123726 0.0180031 0.0165654 0.0163541 0.0125458 0.00545563 0.00519429 0.0118901 0.0132751 0.00905971 0.00835882 0.0114059 0.0205856 0.0214845 0.0226721 0.0204415 0.0102246 0.0134608 0.0159827 0.0154742 0.0168399 0.0215538 0.0209142 0.0279926 0.0236431 0.0235987 0.0199338 0.0216405 0.0293595 0.0290695 0.0182004 0.0158306 0.0175855 0.0127594 0.0124418 0.0147483 0.0200145 0.0253846 0.0232678 0.0185276 0.00840666 0.0137631 0.0158492 0.0219809 0.0235956 0.0218321 0.032636 0.034078 0.0231129 0.0219429 0.0218634 0.0218033 0.0185077 0.00721456 0.00247167 0.00407304 0.00287648 4.81364e-06 0 0 0 0 
0 0 0 0 0 0.00224807 0.0123877 0.010957 0.0179698 0.0143887 0.0129149 0.0124339 0.00760556 0.0064961 0.00690316 0.00799285 0.00588847 0.00473084 0.0124142 0.0191452 0.022988 0.0227055 0.0218771 0.012968 0.0129919 0.0184846 0.019423 0.0192487 0.0202105 0.0177935 0.0176051 0.0229118 0.0194065 0.0203931 0.0249396 0.0281481 0.0252943 0.0211431 0.0168411 0.0170343 0.0159824 0.0159195 0.0176549 0.0201936 0.022134 0.0170959 0.014863 0.0180156 0.0168408 0.0159774 0.0197872 0.0221989 0.0253884 0.0264043 0.0232359 0.0212551 0.0265714 0.0183935 0.0246488 0.0243886 0.0162994 0.012466 0.0104661 0.00820482 0.000481572 0 0 0 0 
0 0 0 0 0.000168604 0.00341355 0.0089028 0.0130975 0.0205524 0.024214 0.0177269 0.00537431 0.00458756 0.0038543 0.00683402 0.00611185 0.00335413 0.0021962 0.00855202 0.0219974 0.0254264 0.019677 0.0191757 0.0158125 0.0121158 0.0148624 0.0152586 0.022431 0.0217386 0.0232578 0.0245642 0.0187691 0.0172494 0.0245011 0.0247899 0.0225453 0.0229763 0.0216715 0.0133118 0.0097084 0.0173477 0.0218287 0.0198639 0.016768 0.0199264 0.0204179 0.0191689 0.0222017 0.0209071 0.0157793 0.0180101 0.0264583 0.0268265 0.021502 0.0237943 0.02426 0.0237721 0.0149623 0.0173328 0.0266076 0.0250394 0.0224746 0.017504 0.00593262 0.00015924 0 0 0 0 
0 0 0 0 0.000175091 0.0012149 0.00724956 0.0120095 0.0208886 0.0206576 0.0107519 0.0057161 0.00742395 0.00601719 0.0134034 0.00340272 0.000653854 0.00166543 0.0142903 0.0253964 0.0249344 0.0237875 0.0221291 0.0209747 0.0172939 0.0116914 0.0141848 0.0150073 0.0221918 0.0213909 0.0239039 0.025088 0.0248396 0.0273208 0.0183109 0.0125664 0.0143618 0.0132231 0.0180778 0.0187944 0.0191088 0.022952 0.0179411 0.0185582 0.0167089 0.0175481 0.0169126 0.013532 0.0191648 0.017813 0.0192965 0.0242 0.0268442 0.0248251 0.0226946 0.0259723 0.0284838 0.0199894 0.0132076 0.0188218 0.0158444 0.028703 0.0245163 0.00802375 0.00099144 6.83647e-05 0 0 0 
0 0 0 2.8413e-05 0.000641515 0.0046868 0.00621823 0.0118732 0.0143735 0.018357 0.0133202 0.00858493 0.00937574 0.00425731 0.0046788 0.00399727 0.00466823 0.00369143 0.0145047 0.0285881 0.0345309 0.0292148 0.0221375 0.0203276 0.0226144 0.0218262 0.0188132 0.010915 0.00991635 0.0214038 0.0264725 0.0242221 0.0340605 0.0244292 0.0168603 0.0197871 0.0193078 0.016105 0.01896 0.0238993 0.0181293 0.0194074 0.0203523 0.027937 0.0236381 0.0182347 0.0186074 0.00857391 0.0108626 0.0187485 0.0174234 0.019953 0.0225505 0.028129 0.0258652 0.0251343 0.0277854 0.0203349 0.0146648 0.0167477 0.0270785 0.0358146 0.0376508 0.021781 0.00840401 0.00253864 0 0 0 
0 0 0 3.91335e-05 0.00263873 0.00712491 0.00950802 0.00899363 0.0104769 0.0130912 0.0136363 0.0157709 0.0155848 0.0126656 0.00504317 0.00674638 0.00830405 0.00736798 0.00941869 0.0203449 0.0335869 0.0264037 0.0232953 0.0261804 0.030283 0.0298037 0.023327 0.0153038 0.0138911 0.017803 0.0276792 0.0307493 0.028839 0.0258182 0.0271002 0.0279575 0.0212597 0.0255014 0.0264234 0.0268545 0.0169508 0.0142515 0.0263654 0.0312133 0.0276689 0.0200437 0.014839 0.010983 0.0127449 0.0205374 0.0235041 0.022781 0.0321664 0.0287063 0.0231361 0.0200418 0.0219732 0.025692 0.0185661 0.0262695 0.0325949 0.027531 0.0436016 0.0335528 0.0257162 0.0161463 0.00122996 0 0 
0 0 0 0 0.000368329 0.00226275 0.00405097 0.00254819 0.00648366 0.00853678 0.012943 0.0176312 0.0191521 0.0132989 0.00665008 0.00836816 0.00559153 0.00663038 0.00923921 0.0136228 0.0308847 0.0277976 0.0242399 0.0242321 0.0268084 0.0289099 0.021425 0.0180569 0.0196555 0.0205089 0.0211801 0.0232741 0.0206809 0.0246976 0.0207399 0.0193231 0.018174 0.0232345 0.0201348 0.0195425 0.0186277 0.0140059 0.021707 0.030819 0.0210915 0.0146515 0.0124976 0.0148264 0.0206992 0.030249 0.027617 0.0286586 0.0338546 0.0299402 0.0204075 0.0182206 0.0196491 0.0291679 0.0301547 0.0246583 0.0213942 0.0218291 0.027719 0.0303885 0.0268622 0.0191776 0.00475563 8.55391e-05 0 
0 0 2.67425e-05 9.80718e-05 0.000685536 0.000434432 0.000641153 0.00191025 0.00614076 0.00983124 0.00862187 0.011394 0.0150321 0.00989386 0.00576046 0.00640814 0.00688845 0.0129654 0.00824444 0.0140589 0.0242491 0.0299923 0.0286753 0.0249341 0.0259601 0.0290072 0.0227236 0.0204615 0.0154794 0.0094299 0.00924522 0.0108666 0.0121944 0.0221616 0.0215594 0.01987 0.0192237 0.0204896 0.0194696 0.0147917 0.0138119 0.0191402 0.0249464 0.0251072 0.020394 0.0199401 0.0193567 0.0183582 0.0234568 0.0302219 0.0297597 0.0283326 0.0251335 0.0156238 0.0118265 0.0128803 0.019326 0.0244176 0.0259101 0.0147045 0.0203842 0.0207958 0.0266768 0.0324265 0.025551 0.0226176 0.00820829 3.8379e-05 0 
0 0 0.00147845 0.00736359 0.00905184 0.00722313 0.004062 0.0041307 0.00544705 0.0137557 0.0118344 0.00748634 0.00605045 0.00446645 0.00638108 0.0126362 0.0159791 0.0149545 0.0101252 0.0199461 0.0264637 0.0209444 0.022721 0.0247248 0.0241624 0.0332258 0.0249343 0.0258442 0.0219284 0.0148593 0.0127197 0.0166057 0.0282167 0.0270959 0.0278178 0.0240616 0.0196624 0.0208507 0.01861 0.0164527 0.0159657 0.0216431 0.022335 0.0186768 0.0191634 0.0190702 0.0241404 0.0224676 0.0232699 0.0234549 0.0214971 0.0182212 0.016224 0.0174722 0.0122063 0.0132312 0.0147834 0.0175858 0.0159559 0.0220091 0.0218723 0.0275674 0.0293973 0.021671 0.0193659 0.0226316 0.00634533 0.000250811 0 
0 0 0.00158014 0.00777697 0.0124416 0.011353 0.00897332 0.00443108 0.00952 0.0198099 0.0105728 0.00410956 0.00760742 0.0140755 0.0115618 0.0199752 0.0210641 0.0136301 0.0121758 0.0242275 0.0257312 0.0292104 0.029961 0.0264332 0.0245328 0.0267039 0.0280072 0.0224418 0.0273776 0.0181966 0.0136494 0.0168387 0.0271766 0.0303607 0.0334695 0.0270487 0.0182861 0.0131254 0.0139365 0.0148524 0.0162477 0.0182181 0.0156135 0.0198493 0.0163142 0.0176955 0.0165047 0.0150877 0.0237439 0.0173878 0.0215849 0.0235194 0.0237956 0.0214573 0.0168138 0.0172342 0.0162686 0.0171267 0.0188347 0.0247925 0.0250821 0.0250544 0.0203159 0.0173297 0.0202644 0.0214978 0.0113539 0.00627051 8.17711e-05 
0 0 0.000211812 0.00396474 0.0105152 0.0105248 0.0115199 0.0104601 0.00923698 0.00918222 0.00514055 0.00811555 0.018757 0.0242073 0.0201044 0.023744 0.0225959 0.0206169 0.0229666 0.0320833 0.0299197 0.0296253 0.0331321 0.0269451 0.030488 0.0274155 0.026102 0.0179337 0.029401 0.0209574 0.010867 0.0186359 0.0296136 0.0309872 0.0363418 0.0334835 0.0195437 0.0121483 0.0162784 0.0191585 0.0163244 0.0148717 0.0156857 0.016213 0.0131114 0.0137128 0.0158065 0.0115283 0.0151261 0.0253924 0.0309558 0.0224666 0.0176532 0.0183753 0.0264206 0.0232362 0.0202338 0.0219194 0.0136068 0.0208508 0.0337206 0.0279433 0.0160295 0.0138503 0.015311 0.0196056 0.0256108 0.0144133 0.00111063 
0 0 0 0.000508503 0.00380237 0.00564926 0.00908878 0.0095982 0.00827919 0.0083103 0.0107588 0.0231808 0.0326806 0.0362767 0.0226716 0.0277085 0.0243667 0.0256778 0.0236765 0.0304358 0.0311078 0.0255808 0.0284355 0.0246644 0.0270004 0.024025 0.0222699 0.0252594 0.0223254 0.0213782 0.0143446 0.0133014 0.0238164 0.0262411 0.0314705 0.0276911 0.0158954 0.0170282 0.0168796 0.0215072 0.0213773 0.0201598 0.0184431 0.0194315 0.0173014 0.0137849 0.0194225 0.0118848 0.0162006 0.0283044 0.0333996 0.0202661 0.0142632 0.0215082 0.027913 0.0276731 0.0238047 0.0224153 0.0232282 0.0338638 0.030416 0.0239525 0.0200225 0.0180336 0.0204725 0.0260204 0.0167475 0.0183718 0.00377352 
0 0 0 0.000204128 0.00149252 0.00392576 0.00613749 0.0108349 0.013194 0.0194171 0.0227072 0.0249746 0.0293359 0.0399531 0.026474 0.027175 0.0252818 0.027418 0.0311415 0.028789 0.0325407 0.0266207 0.0223623 0.0263247 0.020632 0.0215129 0.0204817 0.0203313 0.0158635 0.0200716 0.0193882 0.0197085 0.0230326 0.0209799 0.0275329 0.0340527 0.0235112 0.0180033 0.0180078 0.0221733 0.0178695 0.0145909 0.0198478 0.0202409 0.0148811 0.0174585 0.0155029 0.0126311 0.0117604 0.0163213 0.0240723 0.0156459 0.0231693 0.0295849 0.0332754 0.0285193 0.0240174 0.0222177 0.0236585 0.0209569 0.0242148 0.025194 0.0201169 0.0241005 0.0315796 0.0247944 0.013877 0.0141377 0.0040975 
0 0.00059649 0.0036347 0.0104702 0.0110681 0.012243 0.0129087 0.0229141 0.0207171 0.0283641 0.0181995 0.0236906 0.0314907 0.0370655 0.0398463 0.0257698 0.0257735 0.0275551 0.0310944 0.030654 0.0248532 0.0268572 0.0216605 0.0215547 0.019906 0.0215541 0.0198022 0.016715 0.0199034 0.0204829 0.0242837 0.0201747 0.0217825 0.019246 0.0260011 0.030174 0.0227904 0.0169942 0.0208928 0.0224874 0.0264657 0.0231159 0.0222787 0.0221787 0.0175569 0.018589 0.0133162 0.0131876 0.0129513 0.0178585 0.020563 0.0226095 0.0312176 0.0314932 0.0250714 0.0209682 0.0232469 0.0264186 0.0209398 0.0141544 0.0220092 0.0270932 0.0287312 0.0339318 0.0453394 0.0270162 0.0155764 0.0084483 0.00406331 
7.8728e-05 0.00713869 0.0204074 0.0216793 0.0129944 0.0109487 0.00705118 0.017473 0.0186592 0.020839 0.0177598 0.0261558 0.0342315 0.0359412 0.0352225 0.0196233 0.0197257 0.0234888 0.0198432 0.0225458 0.0268905 0.0295782 0.0201398 0.0209615 0.0268019 0.0210056 0.0152797 0.0109701 0.0215602 0.0264095 0.0182381 0.0212369 0.0183014 0.0156928 0.0199409 0.0295779 0.0322815 0.0254636 0.0261941 0.0224471 0.0233916 0.0222124 0.0210446 0.0205005 0.0264755 0.0241956 0.015199 0.0162176 0.0145227 0.0167338 0.0214802 0.0244843 0.0234312 0.0254989 0.0249107 0.0259216 0.02477 0.0325155 0.0265677 0.0195585 0.0193821 0.0212703 0.0326271 0.0370249 0.0385181 0.0290725 0.0149865 0.0154521 0.00740857 
0.000107601 0.00929695 0.0302566 0.0222544 0.0109574 0.00457634 0.00203746 0.0124016 0.0261564 0.0245245 0.0245606 0.0251785 0.0313163 0.035722 0.030906 0.0175006 0.0168808 0.0220645 0.0229564 0.0244366 0.0269009 0.0268643 0.0208814 0.0197497 0.0227795 0.0220136 0.0257704 0.0198712 0.0249663 0.0277663 0.016933 0.0161934 0.0204092 0.0198672 0.0176834 0.022314 0.0330363 0.0242124 0.0242552 0.0263476 0.0197218 0.021141 0.0191703 0.0177589 0.0227432 0.0268234 0.02191 0.0162173 0.0172672 0.0298928 0.0288382 0.0282028 0.0231825 0.0192348 0.0209173 0.0151236 0.0230006 0.028296 0.0283667 0.0264015 0.0253015 0.0218196 0.0249237 0.0302632 0.0268047 0.0241413 0.0251718 0.0186499 0.00949111 
0.000260791 0.00577465 0.0302583 0.0277841 0.0131306 0.00472306 0.00961817 0.0243532 0.0300857 0.0255287 0.0269074 0.0317368 0.0320429 0.0295029 0.0304243 0.0197476 0.0185144 0.0200851 0.0255885 0.0251839 0.0291735 0.0271173 0.0321954 0.025272 0.0222218 0.0180801 0.0279206 0.0288593 0.0316269 0.0204699 0.0130385 0.0187781 0.0271545 0.0202578 0.0187042 0.0192272 0.0252259 0.0292005 0.0255949 0.022885 0.0210137 0.0211882 0.0152601 0.017796 0.0123316 0.0119732 0.0210123 0.0169203 0.0191827 0.0260787 0.0306397 0.0265462 0.0292072 0.020672 0.0177176 0.0165775 0.0218688 0.0267213 0.0294923 0.0306549 0.0278953 0.0309031 0.0344407 0.0334972 0.033161 0.0295104 0.0305006 0.0228621 0.00971777 
0.00042212 0.00301593 0.017701 0.0178831 0.00548628 0.0151188 0.0275116 0.0338179 0.033018 0.0249806 0.0257851 0.0282507 0.0281636 0.0290286 0.0238963 0.0178518 0.019114 0.0224354 0.0295128 0.0261616 0.0158805 0.0234997 0.0226479 0.0238219 0.0202253 0.0228258 0.0321455 0.0296831 0.0377692 0.0222993 0.0201963 0.0295533 0.03242 0.0238199 0.0253624 0.0266188 0.0270521 0.0219426 0.023288 0.0251456 0.0287757 0.0194516 0.0171458 0.0144654 0.0162535 0.0196157 0.0209107 0.0202008 0.02272 0.0223295 0.0212504 0.0277352 0.0212124 0.0178131 0.0165283 0.0145612 0.0195226 0.0261849 0.0283263 0.036266 0.0425965 0.0501664 0.0514575 0.0481991 0.0387351 0.0328567 0.0332805 0.0233786 0.00492483 
0 0.00104571 0.00578268 0.00542587 0.01453 0.0260224 0.0351465 0.0398992 0.0342098 0.0235053 0.0256987 0.0266993 0.0300129 0.024753 0.0239397 0.0203314 0.0284034 0.0206767 0.018763 0.0254215 0.0212697 0.0183184 0.01788 0.0311692 0.023023 0.0216626 0.0205247 0.0251009 0.0322067 0.0220689 0.0254018 0.0332401 0.0450633 0.0659467 0.0573958 0.0376306 0.0351592 0.0281094 0.0193115 0.0226325 0.0172185 0.018338 0.0209612 0.019691 0.0203059 0.0243903 0.0231641 0.0308262 0.0288949 0.0228411 0.0211037 0.0254363 0.0209557 0.0156301 0.0209407 0.0227958 0.0229701 0.0267259 0.0360538 0.0498467 0.0476851 0.0665864 0.06278 0.0587281 0.0444715 0.0374634 0.0334719 0.0234233 0.00473191 
0 1.32038e-06 0.000666755 0.00391875 0.0141303 0.0188406 0.0293317 0.0291434 0.0304328 0.0240426 0.0244149 0.0215413 0.0238372 0.0187842 0.0195837 0.0232837 0.0256471 0.0204774 0.0253443 0.0266017 0.0178443 0.0128741 0.0249903 0.0266332 0.0311375 0.0223152 0.0195563 0.0254983 0.0273996 0.0366593 0.0433986 0.0613375 0.0882713 0.095166 0.071581 0.0384522 0.02971 0.0244289 0.0229539 0.0198653 0.0106244 0.0202923 0.0160731 0.0143308 0.0236503 0.0268638 0.030075 0.0375059 0.0387506 0.0248032 0.024936 0.0233198 0.0265586 0.0230248 0.0240494 0.0238723 0.0277187 0.0363975 0.0365131 0.0492598 0.0544335 0.0575387 0.0646213 0.0533268 0.0414768 0.0340863 0.0332373 0.0266863 0.00547103 
0 0.000490255 0.00425763 0.00815954 0.00680314 0.00766627 0.0219361 0.034064 0.0286722 0.0243971 0.0223645 0.023429 0.0208003 0.020277 0.0219123 0.0242899 0.0234498 0.0192756 0.0306914 0.0301072 0.0198247 0.0125237 0.0295842 0.0323924 0.0224521 0.0192684 0.0186287 0.0271474 0.0487626 0.0812477 0.049321 0.0354365 0.0639175 0.0772768 0.037893 0.020153 0.0147661 0.0169147 0.0277429 0.0186892 0.0133154 0.0141205 0.0141417 0.0175513 0.0321044 0.0286822 0.0276077 0.0304215 0.0317129 0.0293051 0.0263309 0.0173831 0.0216102 0.0177486 0.028062 0.03162 0.042704 0.0481729 0.0509985 0.0521806 0.0542821 0.0481574 0.0474585 0.0574829 0.0357902 0.0307159 0.0276053 0.0184928 0.00192624 
6.62529e-05 0.00385443 0.0111016 0.0157808 0.00592935 0.00197854 0.0110389 0.0290403 0.0254596 0.0249755 0.0233529 0.0225224 0.0247495 0.0226209 0.0256142 0.0308217 0.0258781 0.0225237 0.0247065 0.0314795 0.0276903 0.0158906 0.0272089 0.0311504 0.0362493 0.0283393 0.021789 0.0285215 0.04548 0.0533701 0.0323435 0.0319479 0.0371336 0.0269555 0.0319875 0.0184738 0.00989377 0.0180942 0.0212586 0.0176764 0.0144639 0.010417 0.0191838 0.0270267 0.0324508 0.0250852 0.028794 0.0354418 0.0373156 0.0305806 0.0269458 0.0221352 0.0201432 0.0217824 0.0355609 0.0434787 0.0567221 0.0583813 0.0489762 0.0594261 0.0516761 0.0442024 0.0459881 0.0536499 0.051268 0.0385839 0.0272203 0.0142759 0.000505247 
6.21887e-05 0.00690751 0.0145273 0.00947147 0.000792924 0.000199657 0.00344952 0.0142766 0.0204135 0.0324571 0.0254092 0.0221197 0.0211568 0.0195197 0.0230416 0.0285172 0.0348994 0.0302461 0.0223524 0.0268761 0.0223077 0.0261835 0.0347684 0.0360589 0.0419028 0.0476562 0.0329671 0.0231417 0.0328122 0.029774 0.0357297 0.0318787 0.0299605 0.0321062 0.0262478 0.0166877 0.0147504 0.023575 0.0228974 0.0162155 0.0116847 0.0172467 0.0294955 0.027963 0.0295007 0.0295619 0.0301177 0.0267303 0.0284246 0.0282397 0.0293111 0.0290639 0.0261508 0.0304561 0.0483055 0.05906 0.0542873 0.0655589 0.0571947 0.0605135 0.0565236 0.0478551 0.0471018 0.0534979 0.0533567 0.0416961 0.0422261 0.0226814 0.0014342 
0 0.0016867 0.00304391 0.00202138 0.000338922 0.0067217 0.00929651 0.0169635 0.0276932 0.0357097 0.0255194 0.0192409 0.0225481 0.0294396 0.0278567 0.0354619 0.0434381 0.0405015 0.0221921 0.0198959 0.0242118 0.0285797 0.033674 0.0325619 0.0326184 0.0416249 0.0301317 0.0256259 0.0306965 0.0380396 0.0370228 0.0325969 0.0295195 0.0273672 0.0187169 0.0140001 0.0186049 0.0245242 0.0262032 0.0233821 0.0198379 0.0237142 0.025628 0.0218033 0.018758 0.0197613 0.0174568 0.0242104 0.0271359 0.0254831 0.0282165 0.0316578 0.0267365 0.0340824 0.0454657 0.0591434 0.0592935 0.0535145 0.0634408 0.0612546 0.0607698 0.0596267 0.0480785 0.0475079 0.0461308 0.0494345 0.0390801 0.0236848 0.00335595 
0 3.69982e-05 4.94943e-05 8.39412e-05 0.00699572 0.0142561 0.0199443 0.0281781 0.0312589 0.0360617 0.0244779 0.0190654 0.0307377 0.0262419 0.0289404 0.0342178 0.038615 0.0312541 0.0262706 0.0213817 0.0200133 0.0199949 0.0226101 0.0317638 0.0352017 0.0397731 0.0329602 0.0312835 0.0384579 0.0462657 0.0410454 0.0349663 0.0340775 0.0300945 0.0263339 0.0233992 0.0172155 0.0251768 0.0215665 0.0232096 0.0177158 0.0243018 0.0277466 0.0245648 0.0219525 0.0224656 0.0181453 0.0260985 0.0271047 0.0227697 0.0222199 0.0195214 0.0222578 0.0265278 0.041612 0.0364489 0.0413752 0.045096 0.0461456 0.0547496 0.0621283 0.0650276 0.0479757 0.0372382 0.0334813 0.0340488 0.0293186 0.0212048 0.00203905 
0 5.79113e-06 0.000570049 0.00384785 0.0162262 0.0247808 0.0277386 0.0286148 0.0278645 0.0299616 0.0180252 0.0178641 0.0334558 0.0326151 0.0351358 0.0305714 0.0455406 0.0398363 0.0310773 0.0265344 0.0285156 0.0217152 0.0204178 0.0229413 0.0475697 0.0410268 0.0309966 0.0335087 0.0396989 0.04708 0.0536748 0.0439526 0.0407232 0.0445842 0.0381063 0.0279203 0.0176556 0.0195946 0.020764 0.0214245 0.0227502 0.0258893 0.0281183 0.023862 0.0306359 0.0281452 0.0237499 0.0275524 0.0220514 0.0181619 0.0218345 0.0161718 0.0130028 0.0197446 0.0242247 0.0273951 0.0315931 0.0275371 0.0329967 0.0436476 0.0499494 0.0476925 0.0491435 0.0425937 0.0349645 0.0283731 0.0260965 0.0190901 0.00266843 
0 1.43014e-05 0.00562797 0.0203277 0.0226727 0.0267054 0.03453 0.0300972 0.0344199 0.0264223 0.0198773 0.0204464 0.0290465 0.0401276 0.0323874 0.0258604 0.0342272 0.0437845 0.0392763 0.0316012 0.0361252 0.040517 0.0294685 0.0280097 0.0401454 0.0351613 0.0397147 0.0396085 0.0411158 0.0570228 0.0568776 0.0520986 0.0395119 0.0396025 0.0397526 0.0351073 0.0281452 0.0230421 0.0263972 0.0250822 0.0283485 0.0324819 0.0268222 0.0342579 0.0385364 0.0408554 0.038862 0.0267766 0.0213039 0.0331442 0.039744 0.0367155 0.0171729 0.0141193 0.0136441 0.0218047 0.026111 0.02191 0.0265929 0.0311557 0.0315248 0.0271746 0.035826 0.0467674 0.0369697 0.0339157 0.0226292 0.0125577 0.00102557 
0 0 0.00794918 0.0199597 0.0223864 0.0185298 0.0255411 0.0262686 0.0349185 0.0258949 0.0189332 0.0350307 0.0384709 0.0404826 0.0313438 0.0235739 0.0340473 0.0413721 0.040389 0.0323866 0.0404862 0.0503131 0.0475266 0.0297309 0.0318286 0.0386133 0.0512435 0.0543972 0.0504939 0.0586504 0.0483066 0.0352835 0.0292366 0.0336679 0.0427586 0.0394762 0.0292065 0.031258 0.0280317 0.0294273 0.0351106 0.0382142 0.0267139 0.0305264 0.0428154 0.0457427 0.046792 0.0437756 0.0294329 0.0357943 0.0426118 0.0285321 0.020555 0.0234083 0.0220327 0.0151967 0.0159215 0.0209218 0.0300089 0.0300404 0.029755 0.0349728 0.0416438 0.0437303 0.040242 0.0339586 0.0221668 0.00910017 0.00062799 
0 0 0.00663903 0.0154187 0.0189075 0.0210428 0.0243478 0.0300358 0.0339872 0.0254197 0.0256718 0.0513812 0.0452742 0.0317915 0.0267979 0.0201217 0.0242982 0.0364939 0.0319082 0.0296742 0.0435263 0.047752 0.0367425 0.0369525 0.0365081 0.0279754 0.0305649 0.0261237 0.0272725 0.0350392 0.0312893 0.0274884 0.0303868 0.0387261 0.0401612 0.0395079 0.0411598 0.0347507 0.0381909 0.0388988 0.0261229 0.0337368 0.0303255 0.0228388 0.0472554 0.0553826 0.0457351 0.0421257 0.0362327 0.0336718 0.0350293 0.02658 0.0269427 0.0278742 0.022942 0.0168359 0.0187138 0.0271774 0.0229588 0.0276018 0.0333705 0.0345803 0.0346116 0.0344339 0.0435091 0.0311422 0.0188819 0.00982446 0.000221671 
0 0 0.00467043 0.0185041 0.0276034 0.0228289 0.0323571 0.0345384 0.0322241 0.0300591 0.0305829 0.051723 0.0568307 0.0361538 0.0244853 0.0274762 0.0223364 0.0334731 0.0413468 0.0285721 0.0315017 0.0322768 0.0277906 0.0283194 0.0301471 0.0238092 0.0233405 0.0223488 0.0246006 0.0281533 0.0321346 0.0345282 0.0520585 0.0445807 0.039781 0.0346325 0.0334328 0.0326519 0.0410919 0.0297426 0.0269426 0.0277046 0.0290467 0.0249886 0.0381342 0.0449807 0.0417439 0.0412257 0.0453004 0.0306731 0.0355117 0.0306936 0.0318187 0.0362352 0.0242577 0.0207976 0.0213475 0.0253139 0.0312973 0.0477358 0.0473884 0.0325986 0.0350366 0.0378266 0.0441914 0.0235119 0.0086049 0.00223685 4.66853e-06 
0 0 0.00202231 0.0114163 0.0221091 0.0184554 0.0305692 0.0396262 0.0391579 0.0464723 0.0447026 0.0581322 0.0607593 0.0381489 0.0314547 0.0306944 0.0261011 0.0318053 0.0435555 0.0402496 0.02435 0.0235621 0.02534 0.0197769 0.0168304 0.024898 0.0385379 0.0322271 0.0287383 0.0232611 0.0364852 0.0388639 0.0485413 0.0442619 0.0504838 0.0434802 0.0341138 0.0320729 0.029748 0.0197673 0.0205776 0.0242154 0.0239178 0.0275322 0.031329 0.0284696 0.0373403 0.0423393 0.0424492 0.0321304 0.0374025 0.0396717 0.0368284 0.0310018 0.0250885 0.021928 0.0195165 0.0268388 0.0307957 0.0385277 0.0336992 0.02913 0.0353986 0.0378323 0.0261944 0.0131903 0.00564387 0.000223486 0 
0 0 1.54185e-05 0.00570431 0.0254253 0.0277146 0.027559 0.038747 0.0489018 0.0463507 0.0380965 0.0452897 0.0407289 0.0468244 0.0358643 0.0308408 0.039972 0.0407337 0.0444044 0.0314189 0.0194671 0.0219772 0.0388609 0.0296804 0.0166257 0.0182748 0.0419054 0.0417944 0.0398501 0.0291167 0.0349974 0.0313507 0.0364797 0.0480293 0.0424661 0.0426577 0.033404 0.029723 0.026505 0.0305849 0.0324313 0.032265 0.0277624 0.0287398 0.045216 0.0460097 0.0416622 0.0351197 0.0389014 0.03741 0.0419853 0.0494432 0.0458777 0.0300507 0.0182533 0.0137361 0.020656 0.0379032 0.0356692 0.0247894 0.0249371 0.025523 0.0367542 0.0375958 0.0236669 0.0122962 0.00217285 0 0 
0 0 0 0.00116812 0.016956 0.0308283 0.0305662 0.0322959 0.0367455 0.0406623 0.0367674 0.0312447 0.0325572 0.0441105 0.0465051 0.0346245 0.0421366 0.0378103 0.0294445 0.0174619 0.0187676 0.0243037 0.0361057 0.0336844 0.0251728 0.0266191 0.0405371 0.044663 0.0392114 0.0270435 0.0343667 0.0278178 0.0312064 0.0308429 0.0344172 0.0402421 0.0370381 0.0339738 0.0302527 0.0341804 0.0410395 0.0367314 0.035958 0.0404816 0.0419469 0.0374603 0.0343854 0.0404762 0.0366214 0.0384596 0.0379987 0.0472944 0.0433106 0.0323762 0.0229065 0.0195843 0.0309325 0.0340915 0.0288731 0.0239428 0.0273992 0.029295 0.0372857 0.0436051 0.0227202 0.0145497 0.0012813 0 0 
0 0 0 0.000267534 0.00881499 0.0245499 0.0319492 0.0296615 0.0321904 0.0392779 0.0297213 0.0299278 0.034159 0.0407795 0.0628955 0.0409479 0.0445129 0.0395381 0.0277346 0.0245318 0.0305995 0.0302087 0.0248227 0.0229776 0.0311899 0.0321766 0.03206 0.0288547 0.0330886 0.0258093 0.0262492 0.0231857 0.031043 0.0226151 0.0198597 0.0323054 0.038563 0.0422931 0.0400099 0.0383691 0.0346278 0.0332447 0.0271552 0.0297679 0.0362099 0.0372923 0.0445107 0.0446098 0.0336836 0.034191 0.0345241 0.033116 0.0332252 0.032217 0.0279718 0.0253709 0.0373721 0.0284735 0.025722 0.0294768 0.0282844 0.0369946 0.0381678 0.0290394 0.013834 0.00580773 0.000174262 0 0 
0 0 0 6.47194e-06 0.000922296 0.00865582 0.0298217 0.0302971 0.0360523 0.0310791 0.0297294 0.0283546 0.0248937 0.038152 0.0418895 0.0406265 0.034569 0.0427783 0.034012 0.023597 0.0255357 0.0248051 0.0343572 0.0292575 0.0332014 0.0237493 0.0191395 0.0175252 0.0214172 0.0158847 0.0224988 0.0253769 0.0262294 0.0281067 0.0220379 0.0269748 0.0289308 0.0190512 0.0193858 0.0310489 0.0233957 0.020092 0.0222901 0.0328262 0.0416326 0.0396612 0.0451731 0.0394392 0.0310619 0.0339306 0.0384017 0.0349016 0.0319872 0.034717 0.038537 0.0318441 0.0371135 0.0288383 0.027196 0.0263259 0.0249903 0.0385958 0.0348786 0.0213306 0.00640001 0.00139751 0 0 0 
0 0 0 0 1.23681e-05 0.00246545 0.016785 0.0249785 0.0262002 0.0197076 0.019535 0.0260419 0.0320983 0.0502138 0.0321322 0.0256018 0.0223998 0.0304695 0.0259556 0.0294558 0.0279553 0.0258904 0.034589 0.0365496 0.0255685 0.0189501 0.0226328 0.0214352 0.0169673 0.010933 0.00879193 0.00930866 0.0190958 0.0295601 0.0268656 0.0264208 0.029584 0.0252766 0.0267536 0.033573 0.029635 0.0261131 0.0264065 0.0366875 0.0507134 0.0466584 0.0526381 0.0423878 0.0284456 0.0291804 0.0340631 0.0328625 0.0406283 0.0436578 0.0426566 0.0378577 0.0328032 0.02438 0.0241965 0.031734 0.0344602 0.0375314 0.036547 0.0192015 0.00524709 5.84734e-05 0 0 0 
0 0 0 0 0 0.00201842 0.0124746 0.0209653 0.0207092 0.0181849 0.0291162 0.0365827 0.0478388 0.0398143 0.0265033 0.0227287 0.0216055 0.0275072 0.0249125 0.0158127 0.0229589 0.0276014 0.032258 0.0273574 0.0170693 0.0178483 0.023686 0.0132506 0.0153847 0.0153084 0.0123619 0.0155273 0.0280555 0.0277836 0.0340324 0.0313472 0.0397655 0.0409855 0.0392977 0.0442271 0.0333464 0.036853 0.0411049 0.0399325 0.0414505 0.0470171 0.0529385 0.0487888 0.0352268 0.0310057 0.0336039 0.030005 0.0290356 0.0342906 0.0413616 0.040306 0.0319478 0.0252623 0.0300041 0.0379436 0.0427744 0.0458408 0.0332959 0.00926545 0.00165123 0 0 0 0 
0 0 0 0 0 0.000315007 0.00629351 0.0193428 0.0286179 0.0292112 0.0376164 0.0405461 0.0522354 0.0377885 0.0261278 0.0186862 0.0205991 0.0229807 0.0243154 0.0164185 0.0132624 0.0213279 0.0320114 0.0249789 0.0345534 0.0365568 0.02485 0.0267282 0.0183281 0.0169296 0.0113865 0.0156476 0.0229974 0.0235065 0.043412 0.0418554 0.0389166 0.030369 0.0435715 0.0490673 0.0407478 0.0290793 0.0353422 0.0441786 0.0435961 0.0489786 0.0506543 0.0606008 0.0415587 0.0277968 0.0356036 0.0322853 0.0296948 0.0328844 0.0384698 0.0477523 0.0402131 0.0440484 0.03722 0.0279934 0.0284494 0.038917 0.0311869 0.00270138 0.000144405 0 0 0 0 
0 0 0 0 0 0 0.00104589 0.0160187 0.0340488 0.0318192 0.0350532 0.0340806 0.035351 0.0335125 0.0295859 0.029759 0.0240111 0.037846 0.0530015 0.0435204 0.0395539 0.0216306 0.0205932 0.0245824 0.0289989 0.0358709 0.0340965 0.0392441 0.0332249 0.021034 0.00722034 0.00800337 0.0132234 0.0236035 0.0451286 0.0400905 0.030318 0.0263222 0.0327117 0.0564077 0.0521103 0.0265519 0.0275071 0.034032 0.041075 0.0434056 0.0420848 0.0494655 0.0378111 0.0278081 0.032764 0.046131 0.0551287 0.0533932 0.0418598 0.047652 0.0493874 0.0501018 0.0384081 0.022563 0.0110513 0.00960859 0.00585641 5.77226e-05 0 0 0 0 0 
0 0 0 0 0 0 2.64567e-06 0.00339836 0.0127771 0.0203173 0.0294216 0.0303809 0.0269411 0.0296065 0.0379922 0.0473303 0.0568103 0.0666637 0.0645396 0.05324 0.0577242 0.0392544 0.0244765 0.0182711 0.0307421 0.0367098 0.0447785 0.0515851 0.0517397 0.0389526 0.0194741 0.00953118 0.0167648 0.0254748 0.0403549 0.0467287 0.0355605 0.0337472 0.0341713 0.0427289 0.0404346 0.0265227 0.0261747 0.0324034 0.0459243 0.0551393 0.0385304 0.0346793 0.0285198 0.0364927 0.0494199 0.0723822 0.0672845 0.0563356 0.0467162 0.0519455 0.0525737 0.0582076 0.0564388 0.0245162 0.0032987 0.000229943 8.05882e-05 0 0 0 0 0 0 
0 0 0 0 0 0 0 0 0.00122265 0.0116773 0.0251965 0.0253255 0.0246616 0.0241317 0.0399169 0.0462622 0.0605564 0.0563966 0.0456268 0.0351659 0.0336283 0.0374619 0.0251921 0.0170068 0.0209267 0.0230857 0.0389098 0.063075 0.0583935 0.0554001 0.0394333 0.0243805 0.0215198 0.0332189 0.0355198 0.0472305 0.0448683 0.032509 0.0319047 0.0311449 0.0408525 0.0374408 0.0374112 0.0408493 0.0451916 0.0616316 0.0485029 0.0326672 0.0318843 0.0310766 0.0574259 0.0766097 0.0667605 0.0587924 0.0504642 0.0480564 0.0488292 0.0545779 0.0369513 0.00734495 0.000135703 0 0 0 0 0 0 0 0 
0 0 0 0 0 0 0 0 0.000173025 0.00598114 0.0244991 0.029216 0.0293662 0.0331383 0.0377706 0.0458641 0.0515059 0.0457994 0.0484702 0.0358302 0.0364582 0.0360097 0.0301657 0.0478454 0.0554919 0.0343331 0.0295795 0.0487934 0.0572627 0.0631094 0.0498344 0.0483946 0.0338397 0.0246927 0.0306331 0.0465063 0.0461966 0.0345184 0.0348673 0.0346082 0.0421703 0.0479634 0.0407738 0.0331594 0.0406854 0.0597212 0.0483153 0.0453687 0.0344031 0.0267158 0.0496254 0.0518885 0.0350869 0.0304041 0.0454523 0.0440332 0.0502388 0.0443532 0.0255963 0.00840861 0.000160658 0 0 0 0 0 0 0 0 
0 0 0 0 0 0 0 0 0 0.000856391 0.0125875 0.0292606 0.0328903 0.0381224 0.0667656 0.0644418 0.0475641 0.032426 0.0403493 0.0274714 0.0344962 0.0299649 0.0318734 0.054711 0.0567998 0.0359308 0.0293101 0.0288693 0.0368785 0.0553302 0.0587199 0.069418 0.0488667 0.027562 0.0352203 0.0434773 0.0372952 0.0356381 0.0317348 0.0330466 0.0391702 0.0427909 0.0315191 0.0345376 0.0317241 0.0394213 0.036277 0.0413149 0.0463083 0.0310474 0.0300993 0.0242729 0.0119422 0.0120587 0.0358473 0.0559849 0.0477752 0.0419232 0.0396189 0.00849309 9.47102e-05 0 0 0 0 0 0 0 0 
0 0 0 0 0 0 0 0 0 0 0.000230914 0.00743433 0.015254 0.0242823 0.0399587 0.0415455 0.0390293 0.0361275 0.0327715 0.0301259 0.0469227 0.0324642 0.0312039 0.0477004 0.0447191 0.0539365 0.0473397 0.0219477 0.0290835 0.0395718 0.0579805 0.0725627 0.0651379 0.0368418 0.0287022 0.0266074 0.0299158 0.0376494 0.0358712 0.026829 0.0236246 0.0214346 0.02452 0.0374544 0.0330504 0.0305472 0.0320017 0.0276643 0.0278553 0.0248724 0.0116121 0.00926046 0.00256882 0.00573662 0.0355222 0.0499569 0.0277868 0.0208936 0.0170639 0.000966031 0 0 0 0 0 0 0 0 0 
0 0 0 0 0 0 0 0 0 0 0 0.000128907 0.00208152 0.0115496 0.0242867 0.0384126 0.0390662 0.0416754 0.0365769 0.026956 0.0303487 0.038621 0.043367 0.058545 0.0702364 0.0686292 0.0618566 0.0346799 0.0234925 0.0317286 0.0578481 0.0676677 0.0590182 0.0391154 0.0379374 0.0326888 0.0427045 0.061616 0.0504019 0.034795 0.0174993 0.0186528 0.0270614 0.0419381 0.0431041 0.0376456 0.0318383 0.0242552 0.0232307 0.0272175 0.018728 0.00950701 0.00494697 0.0026143 0.0152508 0.0278997 0.013248 0.00382529 0.000768394 0 0 0 0 0 0 0 0 0 0 
0 0 0 0 0 0 0 0 0 0 0 0 3.29761e-05 0.00297006 0.0186549 0.0414379 0.0472875 0.0441207 0.0359131 0.0308519 0.0311884 0.0372326 0.0666001 0.0792359 0.0869615 0.0739681 0.0590109 0.0466965 0.0398651 0.0414187 0.055805 0.056895 0.0659182 0.0543754 0.0520564 0.0478433 0.0479098 0.0523314 0.049179 0.0402735 0.0356327 0.0389985 0.0391596 0.052544 0.0759689 0.0609896 0.0532096 0.0344674 0.0337119 0.0344015 0.0403068 0.0358715 0.0109584 0.00152396 0.00254316 0.00432662 0.000869946 9.33221e-05 0 0 0 0 0 0 0 0 0 0 0 
0 0 0 0 0 0 0 0 0 0 0 0 0 7.17071e-05 0.00519278 0.0274319 0.0383464 0.0229812 0.0203638 0.0276573 0.0312236 0.0418578 0.0555117 0.0668457 0.0692346 0.0575735 0.056874 0.0633242 0.0618671 0.0608127 0.0595381 0.0566861 0.0760626 0.0819735 0.0808253 0.0702885 0.0626423 0.0560171 0.0597733 0.0525459 0.0563016 0.0581931 0.0521961 0.0493254 0.0934291 0.0901136 0.0793966 0.0565653 0.0396317 0.0282201 0.0306906 0.0295542 0.0104877 0.00214571 0.000132518 0.000157876 0 0 0 0 0 0 0 0 0 0 0 0 0 
0 0 0 0 0 0 0 0 0 0 0 0 0 0 1.50709e-05 0.00446953 0.00873216 0.00323651 0.00223847 0.00340311 0.0117208 0.0287335 0.0408999 0.0475316 0.0584895 0.0593745 0.0576645 0.067787 0.0625748 0.0528715 0.0539575 0.0467306 0.0682534 0.0859458 0.0852024 0.0834942 0.0660196 0.0585635 0.0516289 0.044167 0.0487187 0.0595326 0.0667737 0.0660634 0.0954709 0.104686 0.0883126 0.0619713 0.0369039 0.0322227 0.0120403 0.0104261 0.00234511 2.73812e-05 0 0 0 0 0 0 0 0 0 0 0 0 0 0 0 
0 0 0 0 0 0 0 0 0 0 0 0 0 0 0 0 0 0 0 2.13949e-06 0.00100937 0.00969015 0.0313448 0.0402664 0.0445562 0.0420252 0.0475707 0.0653467 0.0460036 0.0448197 0.0483101 0.0516457 0.0502281 0.0594706 0.0648296 0.0603629 0.0496541 0.0447163 0.044198 0.0395166 0.0439365 0.0531229 0.0755796 0.0823792 0.0984621 0.101279 0.062769 0.0292165 0.0229794 0.0227096 0.00625659 0.00161411 0.000373552 0 0 0 0 0 0 0 0 0 0 0 0 0 0 0 0 
0 0 0 0 0 0 0 0 0 0 0 0 0 0 0 0 0 0 0 0 0.000597914 0.00575254 0.0227235 0.0353388 0.0321196 0.0203108 0.0160533 0.0266934 0.0333933 0.0367074 0.0465797 0.0416627 0.038512 0.0422367 0.05451 0.052378 0.0504324 0.0381481 0.0411673 0.0388899 0.0356155 0.0530188 0.0666366 0.0752799 0.0780538 0.0711863 0.0284399 0.00698814 0.00460209 0.00525333 0.000851523 0 0 0 0 0 0 0 0 0 0 0 0 0 0 0 0 0 0 
0 0 0 0 0 0 0 0 0 0 0 0 0 0 0 0 0 0 0 0 7.56145e-05 0.00106705 0.00422622 0.00871047 0.00932161 0.00230301 0.000949422 0.00500231 0.0127996 0.0235891 0.030148 0.0353004 0.0415241 0.0404188 0.0525702 0.0442089 0.0296768 0.020245 0.0190425 0.0298041 0.0395582 0.0599259 0.0588787 0.0537761 0.052759 0.0285146 0.00481086 0.000239681 0.000191805 0 0 0 0 0 0 0 0 0 0 0 0 0 0 0 0 0 0 0 0 
0 0 0 0 0 0 0 0 0 0 0 0 0 0 0 0 0 0 0 0 0 0 0 0 1.92452e-05 1.77719e-06 8.27608e-05 0.00156371 0.00741007 0.0177781 0.024192 0.021598 0.0226383 0.0218404 0.0310734 0.0380236 0.0122056 0.00693083 0.00454955 0.011968 0.0296472 0.0456617 0.0342583 0.0206399 0.0131399 0.00566556 0.000783879 0 0 0 0 0 0 0 0 0 0 0 0 0 0 0 0 0 0 0 0 0 0 
0 0 0 0 0 0 0 0 0 0 0 0 0 0 0 0 0 0 0 0 0 0 0 0 0 0 0 4.31412e-05 0.00100321 0.0024207 0.00442996 0.00441357 0.00299554 0.00435117 0.00850225 0.00581471 0.000847824 0.000622836 0.000157728 0.000821719 0.00664222 0.0124029 0.00739682 0.00126863 0.000200535 0 0 0 0 0 0 0 0 0 0 0 0 0 0 0 0 0 0 0 0 0 0 0 0 

