0 0 0 0 0 0 0 0 0 0 0 0 0 0 0 0 0 0 0 0 0 0 0 0 0 0 0 0 0 0 0.000142618 0.000122223 5.87882e-05 0 0 0 0 0 0 2.7673e-05 5.35756e-05 0 0 0 0 0 0 0 0 0 0 0 0 0 0 0 0 0 0 0 0 0 0 0 0 0 0 0 0 
0 0 0 0 0 0 0 0 0 0 0 0 0 0 0 0 0 0 0 0 0 0 0 0 0 0.000112238 0.000529407 0.00173427 0.00330153 0.00658424 0.00733855 0.00727174 0.00657916 0.00243337 0.00189994 0.00149582 1.25555e-05 0 0.000566672 0.00560678 0.00855793 0.00451206 0.0018885 0.000157435 0 0 0 0 0 0 0 0 0 0 0 0 0 0 0 0 0 0 0 0 0 0 0 0 0 
0 0 0 0 0 0 0 0 0 0 0 0 0 0 0 0 0 0 0 0 0 0 0 0.000649489 0.00218023 0.00580001 0.0105764 0.0125881 0.0103785 0.0153589 0.0188352 0.0251594 0.0171285 0.0116749 0.0149484 0.0121503 0.00110924 5.14e-05 0.00183744 0.0132666 0.0226283 0.0165296 0.00846222 0.00296936 0.0027747 0.00348678 0.00093855 8.15562e-06 0 0 0 0 0 0 0 0 0 0 0 0 0 0 0 0 0 0 0 0 0 
0 0 0 0 0 0 0 0 0 0 0 0 0 0 0 0 0 0 0 0 0.00014907 0.00131736 0.00440733 0.00659992 0.00988842 0.0180885 0.020898 0.0176224 0.0212399 0.0232237 0.0227778 0.0293075 0.0217104 0.0188742 0.0165673 0.0133736 0.00298887 8.74577e-05 0.00183449 0.00541483 0.0203672 0.0254201 0.0218236 0.0107258 0.00550446 0.00505605 0.00728692 0.00103704 7.52096e-05 0 0 0 0 0 0 0 0 0 0 0 0 0 0 0 0 0 0 0 0 
0 0 0 0 0 0 0 0 0 0 0 0 0 0 0 0 0 0 0 0.000399124 0.00222947 0.00860051 0.0154264 0.0163238 0.0187072 0.01714 0.0197663 0.0220748 0.0277217 0.0245084 0.0223912 0.0224126 0.0237435 0.0219395 0.0199051 0.0202801 0.00704152 0.00155603 0.000998474 0.00354016 0.0121801 0.0209022 0.0245885 0.0151487 0.0130084 0.0104654 0.0149886 0.00665376 0.00446451 0.000631645 0 0 0 0 0 0 0 0 0 0 0 0 0 0 0 0 0 0 0 
0 0 0 0 0 0 0 0 0 0 0 0 0 0 0 0 0.000225466 0.000803626 0.000970765 0.0044367 0.0108605 0.0149908 0.0198307 0.0214936 0.0195601 0.0236851 0.030833 0.0325091 0.0319916 0.0202872 0.0229703 0.0207023 0.0217959 0.021533 0.0189241 0.0185941 0.00860266 0.00396735 0.0033058 0.00560675 0.00901868 0.0195901 0.0206784 0.0197515 0.0115693 0.012677 0.0157694 0.0132971 0.0124363 0.00227651 0 0.000465084 0.00141685 0.000154424 0 0 0 0 0 0 0 0 0 0 0 0 0 0 0 
0 0 0 0 0 0 0 0 0 0 0 0 0 0 0 0.00114947 0.00589121 0.00722585 0.00811142 0.0157076 0.0229645 0.0155129 0.0120927 0.0151421 0.0204771 0.0204898 0.0320575 0.0292777 0.0270469 0.0214721 0.0249664 0.0215234 0.0287073 0.0218677 0.0184146 0.0159921 0.014156 0.0118214 0.0124296 0.01991 0.0192261 0.0199425 0.0241967 0.0202203 0.0170014 0.0144971 0.00855099 0.0145472 0.0113885 0.00214951 0.00245228 0.00739273 0.00970582 0.00405253 0.000276048 0 0 0 0 0 0 0 0 0 0 0 0 0 0 
0 0 0 0 0 0 0 0 0 0 0 0 0 1.41394e-05 0.00172466 0.00921518 0.0114062 0.0115898 0.0152012 0.0219636 0.0260114 0.0209075 0.017572 0.0115044 0.0181026 0.0165349 0.0262382 0.0221341 0.0217688 0.017255 0.0216309 0.0189822 0.0273917 0.0199558 0.0219319 0.0240588 0.0203697 0.020936 0.0166947 0.0177129 0.0188962 0.0206119 0.0276768 0.0206047 0.0145836 0.00945994 0.0122071 0.0124904 0.00952705 0.00221255 0.00261744 0.0135489 0.0237584 0.0128572 0.00505347 0.00119474 3.66968e-05 0 0 0 0 0 0 0 0 0 0 0 0 
0 0 0 0 0 0 0 0 0 0 0 0 0 2.39354e-05 0.00463568 0.0112598 0.0158292 0.0189025 0.0237219 0.0190373 0.0216913 0.0212981 0.0171157 0.011827 0.013622 0.0137282 0.0189107 0.0231172 0.0180262 0.0154409 0.0219162 0.0191802 0.0224052 0.0257958 0.0232025 0.0287037 0.0243236 0.0241026 0.0158287 0.0156595 0.0194162 0.0198681 0.0237594 0.020224 0.0174814 0.0161869 0.0126465 0.0119301 0.0083672 0.00176913 0.000682703 0.0106108 0.0283746 0.0200365 0.015043 0.00736067 0.00162193 7.7553e-05 0 0 0 0 0 0 0 0 0 0 0 
0 0 0 0 0 0 0 0 0 0 0 0.000422815 0.000545862 0.0012723 0.00369003 0.00919717 0.0264979 0.0515066 0.0619559 0.0307598 0.0129085 0.0150356 0.019939 0.0153796 0.0176544 0.0178904 0.0152031 0.019159 0.0152656 0.0135649 0.0229871 0.0261602 0.0221562 0.0198413 0.0181994 0.0273978 0.0241238 0.0227886 0.0216926 0.0192155 0.0171578 0.0145544 0.0231675 0.0198161 0.0159931 0.0147333 0.0166654 0.0199017 0.0110185 0.00626576 0.0031593 0.00552487 0.0218855 0.0200896 0.0240374 0.0178033 0.0106957 0.00282654 0.000232634 0 0 0 0 0 0 0 0 0 0 
0 0 0 0 0 0 0 0 0 0 0.000150101 0.005448 0.0131749 0.0113879 0.00979013 0.0151923 0.0402451 0.0787914 0.0891819 0.0331032 0.00762291 0.0105669 0.0160162 0.0213286 0.0165747 0.0164971 0.0146052 0.0162099 0.0200427 0.0181362 0.012313 0.0175467 0.018002 0.0177655 0.0216769 0.0253068 0.0215003 0.0210014 0.0198453 0.0204958 0.0188976 0.0172403 0.0166528 0.0135942 0.016921 0.0161929 0.015942 0.0141434 0.0109146 0.0128024 0.00749745 0.00680831 0.019278 0.0293796 0.0256169 0.0252172 0.0198851 0.0115398 0.00228296 2.26849e-05 0 0 0 0 0 0 0 0 0 
0 0 0 0 0 0 0 0 0 0 0.00272021 0.00908495 0.0147527 0.0152444 0.0150129 0.0194406 0.0348046 0.0465494 0.0397981 0.0292039 0.0116658 0.00901585 0.0128084 0.0182791 0.0197815 0.0168168 0.0145703 0.0223567 0.0218361 0.0255512 0.0182619 0.0210851 0.0246026 0.0243335 0.0172206 0.020685 0.0213209 0.0226295 0.0182616 0.0233877 0.0206186 0.0167551 0.0125816 0.013235 0.0113861 0.00824183 0.012352 0.0193788 0.0202945 0.0213208 0.0132498 0.0114136 0.0231628 0.0311152 0.017558 0.024211 0.0188916 0.0100016 0.00160118 4.61958e-07 0 0 0 0 0 0 0 0 0 
0 0 0 0 0 0 0 0 0 6.46016e-06 0.00185859 0.00815204 0.0107151 0.0176334 0.0240645 0.0300985 0.031815 0.0237075 0.0226509 0.0234619 0.0168974 0.0117186 0.0152246 0.023341 0.0205181 0.0172287 0.0196342 0.0317592 0.0242559 0.0247044 0.0215557 0.0216559 0.025592 0.0263218 0.0189491 0.0213741 0.0318879 0.0370994 0.0234998 0.0247499 0.0185516 0.0171846 0.0145797 0.0174331 0.0172733 0.0114466 0.0134456 0.0308441 0.0320075 0.0318611 0.0234032 0.0151902 0.0195534 0.0204799 0.0182865 0.0217269 0.018126 0.00853003 0.00253209 0.00078836 0 0 0 0 0 0 0 0 0 
0 0 0 0 0 0 0 0 0 0.000377796 0.00679891 0.00836427 0.00441941 0.00917074 0.0208918 0.0189652 0.0147501 0.0137828 0.0120669 0.0214687 0.0244205 0.0173891 0.0183894 0.025886 0.0165524 0.0136163 0.0102319 0.0162797 0.0267767 0.0217728 0.0194181 0.0208763 0.0256026 0.0269552 0.023839 0.0204024 0.0312969 0.0330713 0.0223982 0.0183646 0.0206064 0.0181781 0.0155211 0.019744 0.0166343 0.0167238 0.0170821 0.0302402 0.0363197 0.0290288 0.0201859 0.0208383 0.0134419 0.0149559 0.0168818 0.0163027 0.0188123 0.00808165 0.00521584 0.00258345 0.00179869 0.00128996 4.65459e-06 0 0 0 0 0 0 
0 0 0 0 0 0 0 0 0 0.00133793 0.00607151 0.00267487 0.00340588 0.0127117 0.0208933 0.0123924 0.00948478 0.0111315 0.0120184 0.0231275 0.0207683 0.0171894 0.0208095 0.0208655 0.0180952 0.0254621 0.0188041 0.0216098 0.0193347 0.0238517 0.0230535 0.0165366 0.0214009 0.0250781 0.0244442 0.0224871 0.0343073 0.0437533 0.0296818 0.0217572 0.0303725 0.0250937 0.0189962 0.0177954 0.0203753 0.0182426 0.020099 0.0238488 0.0287805 0.0203182 0.0231143 0.0258974 0.0163027 0.0130895 0.0172577 0.0166997 0.011664 0.0140649 0.00848388 0.00612007 0.00729502 0.00557213 6.62692e-05 0 0 0 0 0 0 
0 0 0 0 0 0 0.000160255 0.000890523 0.00134231 0.00145964 0.0030604 0.00365464 0.00962832 0.0139183 0.0131859 0.0125939 0.0136655 0.0113911 0.0237214 0.0238884 0.0201987 0.0129943 0.0210222 0.0344172 0.0259604 0.0271891 0.0228616 0.0264471 0.0176748 0.0214751 0.0179037 0.0166028 0.0221197 0.0179961 0.0201711 0.0215319 0.0273479 0.0338875 0.0286196 0.0279332 0.0479892 0.0448385 0.0231329 0.0208866 0.0215567 0.0170178 0.0175809 0.0181618 0.0177128 0.0218613 0.0236544 0.02854 0.0188606 0.0149884 0.0161824 0.0163464 0.0124865 0.027728 0.0312683 0.00690828 0.0119464 0.00755309 0.00122112 4.24669e-05 0 0 0 0 0 
0 0 0 0 0 0 0.00431896 0.0123773 0.00807385 0.00888973 0.00773113 0.0110458 0.0156519 0.012753 0.014073 0.0170229 0.00991087 0.0153456 0.0261046 0.0234493 0.0247997 0.0177215 0.022271 0.0350257 0.0307214 0.0270759 0.0201958 0.0253717 0.0160882 0.0178482 0.0182281 0.0166025 0.0185515 0.0231627 0.0223049 0.0262265 0.0330351 0.0271223 0.0378261 0.043274 0.0449102 0.0240655 0.0185143 0.0218563 0.0280608 0.0241713 0.0191131 0.0201588 0.0142645 0.0189006 0.0292294 0.0220965 0.0241852 0.0172698 0.0178376 0.0172714 0.0157723 0.0118563 0.0110439 0.00565902 0.00994173 0.0110531 0.00389382 0.000359013 0 0 0 0 0 
0 0 0 0 0 0.00115442 0.00588589 0.0146854 0.0196499 0.0194219 0.0205201 0.017185 0.0177453 0.0126563 0.0154322 0.0178759 0.0172866 0.0223513 0.0218696 0.0189244 0.0192948 0.0170863 0.022578 0.0327118 0.0276432 0.0188777 0.0172199 0.0141496 0.0147457 0.0152954 0.0192229 0.0188304 0.0175139 0.031488 0.0327076 0.0248662 0.0293256 0.023849 0.0194905 0.0365162 0.037242 0.031276 0.032576 0.023639 0.0235 0.0259983 0.0209349 0.0195319 0.0194291 0.0181104 0.0242828 0.0235906 0.0251203 0.0259456 0.00995533 0.0150723 0.0152047 0.0118993 0.0116749 0.00801466 0.00696509 0.0104491 0.00640929 0.00027497 0 0 0 0 0 
0 0 0 0 0 0.00545939 0.00989007 0.0123695 0.0173016 0.0168995 0.0202216 0.0175745 0.0218315 0.0178465 0.0158463 0.0121808 0.0173025 0.0210637 0.012769 0.0114361 0.0168934 0.0190759 0.0166423 0.025002 0.0244649 0.0198434 0.0187853 0.0222651 0.019638 0.0177133 0.0185953 0.0212304 0.0285855 0.0301266 0.0318972 0.0347089 0.0298523 0.0244818 0.0149445 0.0221406 0.0359365 0.0386412 0.0593912 0.0485231 0.0333773 0.0264437 0.0247456 0.0235444 0.0196887 0.0201485 0.0221441 0.0197317 0.0245249 0.0218439 0.00981158 0.0193784 0.0216704 0.014931 0.0132924 0.0105881 0.0167955 0.0167543 0.00520113 0.000471195 0 0 0 0 0 
0 0 0 0 0.00168053 0.00967889 0.0137604 0.0183274 0.0188378 0.0220816 0.0159154 0.0174094 0.0173649 0.0158622 0.0162391 0.0165247 0.0197806 0.0194233 0.0146787 0.00818255 0.0104883 0.0170812 0.0236627 0.0284884 0.0171652 0.0204597 0.0171955 0.017662 0.0218013 0.0251047 0.0337753 0.0256589 0.0349256 0.04868 0.0394299 0.033662 0.0333316 0.0154127 0.012005 0.0288038 0.0373702 0.0614221 0.0537449 0.0503645 0.0432552 0.0210858 0.0227487 0.0212279 0.0196527 0.0181783 0.0225945 0.0202559 0.022934 0.0179112 0.00566869 0.0190812 0.0271604 0.0187283 0.0135278 0.0110632 0.0164531 0.0197468 0.0114263 0.00343019 0.000348038 0 0 0 0 
0 0 0 0.000808334 0.00765303 0.0102474 0.0131927 0.0147854 0.0158118 0.0176295 0.0156135 0.0126044 0.0175603 0.0151284 0.015377 0.0146526 0.0229358 0.0163208 0.0131656 0.00981173 0.00857518 0.0096124 0.0173877 0.0186335 0.0152888 0.0171354 0.0189842 0.0148 0.0257021 0.0250451 0.0333179 0.0315589 0.0279102 0.0362286 0.0295323 0.0254659 0.0273547 0.0234989 0.0202722 0.0294189 0.0344897 0.0335069 0.0240022 0.0245312 0.0210536 0.0180543 0.019646 0.0176729 0.0149313 0.0180475 0.0205848 0.0193794 0.0196011 0.011905 0.00767197 0.0167564 0.0195629 0.0136171 0.0146727 0.00934792 0.0127786 0.0185889 0.0124289 0.00511051 0.00087803 0 0 0 0 
0 0 0 0.00298631 0.0170142 0.01967 0.0153635 0.0166602 0.0126662 0.0199626 0.0182204 0.0174434 0.0199698 0.0182544 0.00980508 0.0133165 0.018424 0.00903076 0.00886185 0.0073313 0.00625528 0.0102797 0.0178994 0.0190989 0.0197918 0.0190027 0.0205628 0.0165168 0.0176847 0.020904 0.0314702 0.0356722 0.0362572 0.0259165 0.0244815 0.021463 0.0225795 0.0263221 0.0232948 0.0263135 0.0252478 0.03499 0.037398 0.0245475 0.0269518 0.0254466 0.0261036 0.0239149 0.0228735 0.0185603 0.0191921 0.0209181 0.0190158 0.0121177 0.00974099 0.0112082 0.0137973 0.0169916 0.0156513 0.0111248 0.0136339 0.0168561 0.0145117 0.0126206 0.00606347 0.000701748 0.000324406 0 0 
0 0 0.000132686 0.00842887 0.0270056 0.0187162 0.018333 0.0127326 0.00863821 0.0161961 0.0164659 0.0162396 0.0183578 0.0161314 0.00919089 0.0118165 0.0111229 0.0144785 0.00864895 0.00990923 0.0136583 0.0191543 0.0176858 0.0183662 0.0211073 0.0154431 0.0162799 0.0149109 0.0165605 0.0253113 0.0243622 0.0309953 0.0311496 0.0206807 0.0217244 0.0257722 0.0269973 0.0228167 0.0326642 0.0312361 0.0291165 0.0198393 0.0212175 0.0232203 0.0240146 0.0269028 0.025717 0.0199675 0.0185501 0.0193406 0.0217762 0.0200849 0.020178 0.0125222 0.0108088 0.0135302 0.0224466 0.0370769 0.0227678 0.0168766 0.0149462 0.0106688 0.0119493 0.0157639 0.0116448 0.00304041 0.00051915 0 0 
0 0 0.00060793 0.00916525 0.0199827 0.0287443 0.0224441 0.0147739 0.0134791 0.0121541 0.0171444 0.0166128 0.0151145 0.0158807 0.0144154 0.0134758 0.0106274 0.0136361 0.0142275 0.0157911 0.0236875 0.0249113 0.0215931 0.0158385 0.0210422 0.0169268 0.0154873 0.015182 0.0128282 0.0188054 0.0280183 0.034475 0.0301428 0.0244073 0.0311147 0.0418845 0.0330023 0.023782 0.0222357 0.0277254 0.019749 0.0205159 0.0196968 0.0204783 0.0240519 0.0206158 0.0202866 0.0170984 0.0114412 0.0132541 0.0155057 0.0179349 0.0156945 0.0114572 0.0106454 0.0145555 0.0308254 0.0713803 0.0247832 0.0133004 0.0158191 0.0140354 0.0150428 0.0164844 0.0193138 0.00729425 0.000505754 4.19241e-06 0 
0 0 0.00101217 0.0105755 0.0179184 0.0222641 0.0207343 0.0141274 0.0164673 0.0131478 0.0172787 0.020872 0.023123 0.0186838 0.0164929 0.0185581 0.0141077 0.0138184 0.0158998 0.0161358 0.0203693 0.0190026 0.0191572 0.0152752 0.0132302 0.0158232 0.0158481 0.0151089 0.0151991 0.0203333 0.0215385 0.0260956 0.0299537 0.0256534 0.0383144 0.0764603 0.047306 0.0228446 0.0189546 0.0161521 0.0179712 0.0199337 0.0183054 0.0183431 0.019965 0.0201826 0.0219321 0.021241 0.0135557 0.0122031 0.0149916 0.016285 0.0157139 0.0133945 0.0125814 0.0160352 0.022187 0.0295477 0.0127231 0.0134438 0.0157167 0.0195106 0.0141782 0.0158215 0.0206031 0.0126555 0.00930388 0.00107954 3.99019e-06 
0 0 0.000641217 0.00769457 0.0136401 0.0196759 0.0197007 0.0130592 0.0167927 0.0164474 0.0206439 0.0208903 0.0208278 0.016183 0.0220939 0.0242744 0.0237245 0.0207815 0.0169496 0.015731 0.0133971 0.0173616 0.0159401 0.0148991 0.0158361 0.0143997 0.012346 0.0154973 0.0239263 0.0191897 0.0220089 0.0225823 0.0292421 0.0198529 0.0296833 0.0477124 0.0353053 0.0217865 0.0308091 0.0229916 0.0128939 0.0197255 0.0193043 0.0175256 0.0269211 0.0256404 0.0228946 0.0218099 0.0179585 0.0177595 0.0165159 0.0230936 0.0159198 0.0120451 0.00929123 0.0105246 0.00848642 0.00993001 0.0127903 0.0149455 0.0186276 0.0217184 0.0128774 0.0162748 0.0205871 0.0168699 0.0145444 0.00511608 0.00020135 
0 0 0.00290611 0.010968 0.0179256 0.0166474 0.0124451 0.01088 0.0150055 0.0172022 0.0186563 0.0230554 0.0183914 0.0208667 0.019198 0.0191723 0.0211484 0.0217099 0.0209302 0.0168375 0.0121109 0.0169863 0.0120709 0.0111243 0.0122239 0.00863628 0.0155919 0.0191076 0.0245622 0.0206557 0.0173899 0.021121 0.0193349 0.020491 0.028986 0.0373222 0.0284063 0.0226208 0.0246075 0.0295499 0.0225593 0.0258371 0.0225411 0.0185416 0.0213067 0.0247055 0.026323 0.0179831 0.0155912 0.0141742 0.0199382 0.0248658 0.0221602 0.0197378 0.0128519 0.013654 0.0154811 0.0123232 0.0143052 0.0141027 0.0221255 0.0236031 0.0253317 0.0288286 0.0167938 0.0151068 0.0101833 0.00274198 0.000117975 
0 3.36893e-05 0.00672489 0.0168609 0.0229225 0.0102506 0.00928214 0.00615998 0.0147098 0.0136942 0.0181633 0.0230018 0.0153658 0.0174602 0.0184344 0.0169099 0.0186314 0.0174382 0.0220665 0.0198885 0.0151775 0.0177291 0.0146439 0.0118561 0.011885 0.0134089 0.0136783 0.0138424 0.0214672 0.0251011 0.0185334 0.015686 0.0172341 0.0214084 0.0237749 0.0412032 0.026588 0.0270917 0.0248067 0.0356251 0.0520881 0.039489 0.0194754 0.0211627 0.0231908 0.0266023 0.0267562 0.0232187 0.0175727 0.0159352 0.022818 0.0180973 0.0199154 0.0206147 0.0171789 0.0178045 0.0209211 0.0192488 0.0157 0.0138241 0.0190008 0.0367751 0.0426058 0.033641 0.0245251 0.0202453 0.0150977 0.00517035 0.000524848 
0 0.000124879 0.00658739 0.0128674 0.0220772 0.0156787 0.00684495 0.00263399 0.00760606 0.0141954 0.0152391 0.0210152 0.0162654 0.0206048 0.0213112 0.01666 0.0166377 0.0195339 0.0165996 0.0177117 0.0183634 0.0140275 0.0140014 0.00960211 0.00982796 0.0114801 0.0114025 0.015916 0.0234508 0.0231319 0.0180702 0.0152058 0.0170279 0.0229829 0.0248946 0.0315587 0.0264957 0.0285623 0.0297571 0.0397234 0.0595265 0.0676652 0.0245544 0.0213466 0.0216113 0.0223634 0.0262191 0.0277344 0.022559 0.0178056 0.0207742 0.0199586 0.0222988 0.0173948 0.0173988 0.0213411 0.0214339 0.0194433 0.0183342 0.0157104 0.0187588 0.0334401 0.0529548 0.0409134 0.0251736 0.024176 0.0136525 0.00813097 0.00185074 
0 0 0.00258655 0.0086627 0.0211382 0.0211788 0.00725203 0.00067189 0.00558035 0.0126961 0.0128666 0.0236117 0.0234343 0.0218115 0.018993 0.0159587 0.0135959 0.0161231 0.0271381 0.0181253 0.0170588 0.019568 0.013152 0.0148522 0.0192016 0.0170274 0.0167063 0.0169015 0.0235509 0.0279664 0.0216895 0.0203737 0.0166777 0.0207226 0.0233072 0.0214352 0.03403 0.0334646 0.0425275 0.046823 0.0247703 0.0447242 0.0325994 0.0317903 0.0175528 0.0241904 0.0224309 0.0255519 0.0212853 0.0147062 0.0176563 0.0184805 0.023084 0.0188138 0.0198173 0.0169135 0.0179977 0.0149466 0.0182279 0.0181952 0.0224546 0.0198017 0.0193885 0.0224823 0.0214761 0.0246576 0.0256838 0.0169593 0.00659535 
0 0 0 0.00109641 0.00473681 0.00858576 0.00386986 0.000797909 0.00797301 0.0144482 0.0155971 0.0170665 0.0176555 0.016439 0.013715 0.010885 0.0146831 0.0187261 0.0247607 0.0226373 0.0187713 0.0216285 0.0254394 0.0240347 0.0244284 0.0191224 0.0218136 0.0247392 0.0227237 0.022322 0.0203815 0.0246473 0.0192543 0.0221796 0.022996 0.0239058 0.0266483 0.0372882 0.0453818 0.0450813 0.040909 0.0393461 0.0310491 0.0519201 0.0298889 0.0286567 0.0222855 0.0186541 0.0190058 0.0191135 0.0199015 0.021631 0.0290345 0.0236475 0.0257294 0.0242958 0.0219979 0.0206707 0.0148512 0.0135556 0.0172564 0.0204475 0.0179666 0.0231992 0.023989 0.0348114 0.0292938 0.0250707 0.00925519 
4.37407e-05 0 0 0 0 0.000277885 0.000294921 0.000657208 0.01003 0.0148486 0.0132232 0.0138937 0.0156534 0.0157909 0.0187041 0.0177697 0.0178143 0.0176439 0.0139193 0.0148657 0.0175748 0.0147067 0.0224226 0.0349114 0.0697219 0.0292559 0.0241279 0.0204422 0.0182665 0.0232329 0.0171559 0.0148337 0.0198308 0.0234348 0.0241353 0.0252084 0.0258679 0.0279 0.0253018 0.0257358 0.0334541 0.0259618 0.0383576 0.0751559 0.0562723 0.0284938 0.0246739 0.0155643 0.0182403 0.0232777 0.0285867 0.0307079 0.0186191 0.022304 0.0148222 0.0156832 0.0197763 0.0221703 0.0172222 0.0153734 0.0191936 0.0180936 0.0235355 0.0260482 0.0256994 0.033288 0.0227348 0.0152452 0.00446072 
0.000285141 3.96261e-06 8.13999e-05 9.48787e-05 0 0 0.0015004 0.00589503 0.0125769 0.0142429 0.0114338 0.0124419 0.0130525 0.0137471 0.0187249 0.0226062 0.0208218 0.0135232 0.013009 0.0115212 0.0253195 0.0173717 0.0187397 0.0456327 0.0895603 0.0259912 0.0179072 0.0154379 0.0130846 0.0171742 0.0198831 0.0158572 0.019755 0.0213313 0.0225904 0.0233324 0.0288413 0.0308 0.0262703 0.027136 0.0238249 0.0267562 0.040137 0.0507323 0.065665 0.0451607 0.0321572 0.0231016 0.0253772 0.0251701 0.0225826 0.0203878 0.0227293 0.0180616 0.0197425 0.0171332 0.019589 0.0165242 0.0155407 0.0183386 0.0236231 0.0169041 0.0267803 0.0274398 0.0240623 0.0257144 0.015366 0.0131401 0.0040896 
9.47471e-05 0.000935955 0.00367355 0.0014446 0.00187171 0.00175309 0.00381147 0.0108204 0.0111927 0.0115756 0.0127532 0.012791 0.0159388 0.0166397 0.0164853 0.0192757 0.0146987 0.00956652 0.0150509 0.0119789 0.0151662 0.0146081 0.017268 0.0162749 0.0193974 0.0261426 0.0210629 0.0153244 0.0134018 0.02057 0.0200603 0.0200978 0.026647 0.0194065 0.0224298 0.0285635 0.0347397 0.0473282 0.0385425 0.0345505 0.0391822 0.0350037 0.0448582 0.0533421 0.0519754 0.0436339 0.0336908 0.0283611 0.0242466 0.0250613 0.0220939 0.0168449 0.0206012 0.0207904 0.020083 0.0206537 0.0223311 0.0204074 0.0186831 0.017751 0.0157726 0.0194676 0.0266052 0.0177527 0.0163263 0.0137035 0.00600877 0.00361332 0.000850531 
0 0.00308256 0.0113068 0.00941562 0.0110533 0.00679737 0.00753662 0.0158518 0.0120947 0.00878222 0.0139732 0.0137716 0.0184377 0.0153797 0.0136041 0.0130203 0.0115081 0.0115172 0.0194033 0.0154632 0.0173628 0.0114366 0.00584537 0.0068703 0.0132773 0.0200067 0.0205446 0.0179849 0.0160903 0.0247386 0.0222026 0.019195 0.0217881 0.0250097 0.0264325 0.0271601 0.025168 0.0350797 0.0306445 0.0219883 0.027809 0.0312126 0.0417446 0.0630946 0.0450901 0.036075 0.0371401 0.0246413 0.0280169 0.0250802 0.0209302 0.0136219 0.0175026 0.0228627 0.0197866 0.0279261 0.0312016 0.0265203 0.0262493 0.0238611 0.0174935 0.0139597 0.0192129 0.0169238 0.0154773 0.00799904 0.00619191 0.00217575 2.55619e-05 
0 0.0011206 0.00631008 0.0128119 0.0135512 0.0104568 0.00687601 0.012309 0.0157472 0.0115079 0.0144001 0.0119873 0.0182631 0.0225895 0.0215862 0.0113588 0.0153001 0.0188375 0.0170011 0.0134031 0.0181359 0.0182072 0.0145276 0.0135604 0.01328 0.0120499 0.0157308 0.0192107 0.014455 0.0236572 0.0244573 0.0253048 0.0311189 0.0299685 0.0252987 0.0209916 0.0193687 0.0235543 0.0173163 0.0183539 0.0174565 0.0138094 0.0258069 0.0557737 0.0479227 0.0394191 0.0320504 0.0325097 0.0298854 0.024916 0.0194231 0.0146444 0.0137138 0.0178003 0.0153803 0.0240275 0.0279557 0.0317112 0.0221352 0.0200677 0.015993 0.0145464 0.0164419 0.0194302 0.0124453 0.00629861 0.00988791 0.00416991 1.94445e-05 
0 0.00276718 0.00913996 0.0115882 0.00733736 0.00826459 0.0096068 0.0111577 0.0128699 0.010462 0.0108878 0.0148758 0.0138975 0.0180067 0.0159459 0.0165752 0.0237907 0.0239494 0.0173427 0.0227676 0.0242423 0.0192895 0.0252941 0.0239715 0.0178846 0.0103929 0.0193807 0.0223926 0.0196126 0.0171087 0.0218199 0.0186502 0.0215166 0.0250367 0.024754 0.0198846 0.0178922 0.0255784 0.0160403 0.0209523 0.0219594 0.0129254 0.0223689 0.0538261 0.0501513 0.0553682 0.0311106 0.0387075 0.0228408 0.0349868 0.0217378 0.0163225 0.0162803 0.0183957 0.0182188 0.024845 0.0271304 0.0262156 0.0164238 0.0218492 0.0164504 0.0169049 0.0227849 0.022645 0.0158802 0.0140946 0.0179893 0.00842376 0.000170655 
0.000149193 0.00438297 0.00727513 0.00541304 0.00186813 0.00667025 0.0124537 0.0154419 0.0181131 0.0149082 0.013214 0.0152502 0.0163533 0.0181989 0.0169375 0.0163583 0.0185997 0.0142284 0.0250011 0.0280357 0.0260248 0.0215798 0.0223226 0.0276326 0.0224459 0.019839 0.0229108 0.0263158 0.0240364 0.019942 0.0212434 0.0119173 0.0149165 0.023091 0.0288215 0.0219323 0.0174548 0.0201422 0.0182509 0.0195927 0.0234308 0.017698 0.0173846 0.0300507 0.0426856 0.0451321 0.0258145 0.0346023 0.0252052 0.0413091 0.0246428 0.0159866 0.0197681 0.0174507 0.0192752 0.0204363 0.0165021 0.0182631 0.0193439 0.0170041 0.0134445 0.0222332 0.0306314 0.033066 0.0216508 0.0229093 0.0298389 0.0173416 0.00067027 
0.000247662 0.00570119 0.0125919 0.0125836 0.00638897 0.004196 0.011164 0.0155362 0.015135 0.0173665 0.0162944 0.013909 0.0162542 0.0142725 0.0156865 0.0163979 0.0148317 0.0170597 0.0266367 0.0295816 0.0255609 0.0222419 0.0217938 0.0249021 0.0299079 0.0300721 0.0227513 0.0261574 0.0236994 0.0189564 0.015175 0.0181329 0.0226956 0.0229599 0.0262433 0.0208151 0.0173351 0.0230544 0.0203045 0.022151 0.018362 0.0180194 0.019906 0.0265903 0.0346141 0.027146 0.0310335 0.0327085 0.0190576 0.0386854 0.0271294 0.0261047 0.0208957 0.0156397 0.0188084 0.0161175 0.0169956 0.0193169 0.0188416 0.019391 0.0173523 0.0201939 0.0233798 0.0311109 0.0294355 0.0314733 0.0254517 0.0123698 0.000459921 
3.5621e-05 0.00580089 0.013823 0.0143617 0.00663454 0.00753547 0.0153786 0.0165263 0.0157796 0.0169914 0.0193643 0.0187232 0.0148517 0.0138959 0.0140581 0.0144729 0.0167158 0.0221812 0.0347504 0.0279186 0.0266055 0.0237325 0.0215012 0.0237033 0.0218248 0.0221276 0.0153529 0.0205214 0.028496 0.0226514 0.0174927 0.0162614 0.0267537 0.0353464 0.0245599 0.0204678 0.0193325 0.0139039 0.019318 0.0244509 0.0291598 0.0354682 0.0338046 0.0305749 0.02045 0.0219869 0.0304052 0.0297365 0.0201256 0.0243068 0.0268909 0.0389541 0.0242936 0.0139119 0.0125027 0.0145374 0.0153373 0.0183349 0.0180431 0.0202931 0.0266262 0.0225641 0.0216492 0.0249622 0.029116 0.0255213 0.0202653 0.00710502 0.000119729 
1.85455e-05 0.00363835 0.0114726 0.00592108 0.00298759 0.0104925 0.0200206 0.0228798 0.015583 0.0197482 0.0214738 0.0192695 0.0190942 0.0168637 0.0160123 0.0152392 0.024332 0.0221371 0.0301843 0.0238263 0.0188509 0.0149143 0.0205291 0.0239881 0.0169839 0.0155145 0.0149514 0.0165253 0.0220254 0.0226953 0.019845 0.0216478 0.0209554 0.0285905 0.0248931 0.0220441 0.0201221 0.0177346 0.0341257 0.0370864 0.0476676 0.0500165 0.0303711 0.0243885 0.0178292 0.0218252 0.0322667 0.0207572 0.0216662 0.0277086 0.0402583 0.0460229 0.0291189 0.0173423 0.0179704 0.0141809 0.0137107 0.0145476 0.0223271 0.0274499 0.033025 0.0274296 0.0221986 0.0218421 0.0241076 0.0163857 0.00584537 0.00194068 0 
0 0.000343583 0.000394573 0.00046126 0.00342968 0.0129389 0.023461 0.021947 0.0221174 0.0172226 0.0201216 0.0193805 0.0179914 0.0195046 0.0130758 0.0150551 0.0201257 0.0156701 0.0207091 0.0194661 0.0118963 0.00873852 0.0121179 0.0151972 0.0136256 0.0164932 0.0211651 0.0211347 0.0200158 0.0224772 0.0206059 0.024814 0.0228367 0.0189963 0.0199426 0.0255417 0.0266 0.0294056 0.0355982 0.0569586 0.0562122 0.0301045 0.0312721 0.0270486 0.0177581 0.0153168 0.0167855 0.0150289 0.0208998 0.0245727 0.046416 0.0405617 0.0266026 0.0185266 0.0164616 0.0207648 0.0221393 0.0194947 0.0273368 0.0467243 0.0433385 0.030354 0.022537 0.0188809 0.0144302 0.00564088 0.000986166 0.000563802 0.000169045 
0 0 0.00043528 0.00311122 0.0103754 0.0203729 0.0206375 0.0208332 0.02057 0.0150806 0.0213254 0.0193466 0.0198288 0.027743 0.0186013 0.0218261 0.0177472 0.018332 0.0155697 0.0158838 0.0161566 0.0133974 0.0157095 0.0137003 0.0169978 0.023971 0.026364 0.0266825 0.0204112 0.0229437 0.0258372 0.0296057 0.0217679 0.0147686 0.0246025 0.0287482 0.0341775 0.0360828 0.0361157 0.0216308 0.0259222 0.0275527 0.0346152 0.028603 0.0182907 0.0184605 0.0218681 0.0164779 0.0196302 0.0275847 0.0232036 0.0284407 0.0266705 0.0209928 0.0182942 0.0149091 0.0223509 0.0220008 0.0240783 0.0311354 0.0212577 0.0136475 0.0136456 0.0110673 0.00412628 0.00174657 0.00643259 0.00356365 0.000267752 
0 1.90464e-05 0.00251607 0.0102722 0.0150262 0.0136305 0.0112344 0.0149307 0.0192936 0.0157495 0.0169632 0.0192817 0.0228496 0.0207735 0.018468 0.0161979 0.0121433 0.0171796 0.0122794 0.0147902 0.0184263 0.0133556 0.016145 0.0223192 0.0241966 0.0262045 0.0278571 0.0271571 0.0219007 0.0259135 0.0294494 0.0269357 0.0241768 0.0249948 0.02425 0.0332255 0.0307977 0.0297469 0.0316345 0.0246226 0.024579 0.0265255 0.0315026 0.0283512 0.0237293 0.0232775 0.0299696 0.0223675 0.0228611 0.0220523 0.0217976 0.0244619 0.0253066 0.0219118 0.0213154 0.0227958 0.0304062 0.020552 0.0220023 0.0183512 0.0122825 0.0179815 0.0158394 0.0141532 0.00724847 0.0098332 0.00978355 0.00658488 0.000297516 
0 9.21298e-06 0.00307926 0.0101104 0.0157616 0.0123343 0.0176995 0.0257681 0.0253804 0.0138184 0.0140853 0.016259 0.0127787 0.0114753 0.010149 0.0135919 0.00758021 0.0143693 0.0129947 0.0126248 0.0145187 0.0168257 0.024453 0.0256161 0.0271066 0.02438 0.0225226 0.0264558 0.024194 0.0254975 0.0237926 0.0243961 0.0253441 0.0235003 0.0347198 0.0355736 0.0272975 0.0321477 0.0297475 0.024526 0.0252143 0.025019 0.0324708 0.0348457 0.0305162 0.0335318 0.0298097 0.0209977 0.0178939 0.0216525 0.0227094 0.0221957 0.0286781 0.0241888 0.0185865 0.0172965 0.0180703 0.0166192 0.0165109 0.0100908 0.0179825 0.0348549 0.0279934 0.0157513 0.0135959 0.0119776 0.0105287 0.00660748 0.000223864 
0 0 0.00241142 0.0102319 0.0181053 0.0172277 0.0172004 0.0216069 0.020462 0.0161673 0.0117234 0.00813085 0.00485291 0.0072529 0.00471452 0.00483114 0.0042786 0.0100597 0.00752568 0.00760607 0.0165704 0.0234503 0.0195428 0.0130414 0.0186186 0.0193989 0.0262881 0.0307577 0.0269027 0.0235357 0.0219519 0.0271409 0.0275514 0.0233357 0.0331252 0.0492294 0.0348761 0.0274764 0.0314084 0.0291962 0.0268782 0.0246816 0.0335137 0.0347681 0.0346735 0.0299044 0.032199 0.0233119 0.0154491 0.0193964 0.0212378 0.026673 0.0285383 0.0207036 0.016292 0.0162417 0.0186111 0.0133717 0.0119877 0.0125302 0.0168624 0.0323994 0.0149286 0.0144742 0.0125869 0.00636408 0.00390281 0.000991148 1.72097e-05 
0 0 0.000461583 0.00771896 0.0151308 0.020516 0.0133564 0.0216727 0.0180118 0.021193 0.0168301 0.00917742 0.00494778 0.00456831 0.00155389 0.00210651 0.00145741 0.00235601 0.00271294 0.0142588 0.0257548 0.0321638 0.0266809 0.0163233 0.016803 0.0226349 0.0274703 0.033646 0.0393927 0.0247194 0.0188479 0.0257225 0.0274013 0.0185576 0.022613 0.0412984 0.0592864 0.026516 0.032574 0.0369606 0.0268713 0.0237605 0.0286133 0.0295572 0.035276 0.0335087 0.0269426 0.0256164 0.0221965 0.0218932 0.029968 0.0245233 0.0187069 0.0185066 0.0162787 0.0218498 0.016492 0.0135189 0.00802967 0.0130495 0.00923749 0.0119506 0.0116574 0.0129727 0.00685457 0.00291214 7.17398e-05 0 0 
0 0 1.89685e-05 0.00499282 0.00934145 0.0186798 0.0197615 0.0145787 0.0127596 0.00697194 0.00934909 0.00361532 0.00103486 0.00271898 0.00660596 0.0048475 0.00336985 0.00519322 0.00712969 0.0173461 0.0192946 0.0233575 0.0325143 0.0197679 0.0257411 0.0267814 0.0286195 0.0341284 0.0323203 0.0257038 0.0199214 0.0210482 0.0223432 0.0294698 0.0270268 0.0321969 0.055696 0.0481516 0.0371807 0.0318487 0.0221822 0.0276659 0.0260787 0.0241388 0.0338422 0.0274595 0.0195026 0.0231106 0.0244855 0.0252576 0.0327315 0.0238976 0.0172355 0.0171156 0.0163237 0.0215479 0.0157985 0.0169324 0.0142294 0.0134597 0.00909384 0.00956389 0.0116922 0.00857285 0.0066927 0.0112521 0.00125195 0 0 
0 0 0 0.00014701 0.00402316 0.0174147 0.0166473 0.0124383 0.0108719 0.00834877 0.00922809 0.0040981 0.00533011 0.00609877 0.00575334 0.0038396 0.00812363 0.00651454 0.00877437 0.0119901 0.0202228 0.0191046 0.0273692 0.0283795 0.0329701 0.0340723 0.0233207 0.0260211 0.0282358 0.03156 0.0244541 0.0228129 0.0347511 0.0428534 0.0299949 0.027876 0.032942 0.0327207 0.0346486 0.0225777 0.0196885 0.0298842 0.0312197 0.0299655 0.029389 0.023352 0.0200932 0.0254709 0.0239777 0.0321912 0.0334015 0.023474 0.028326 0.0181142 0.0227503 0.0167458 0.0150222 0.0187282 0.0189495 0.0141349 0.0156908 0.0160656 0.00997643 0.00984919 0.0143994 0.0104275 0.000893637 0 0 
0 0 0 0 0.00138418 0.0102317 0.0145115 0.0152968 0.0202457 0.0196934 0.0131824 0.00652805 0.0124813 0.018273 0.00985969 0.00453233 0.00542244 0.0105449 0.0098328 0.00896793 0.0221341 0.018025 0.0275504 0.0278184 0.0288857 0.0316636 0.0262641 0.0267519 0.0232157 0.0233006 0.0292467 0.0192252 0.0240144 0.0286796 0.0295569 0.0241709 0.0279817 0.0256596 0.021602 0.00876345 0.00814736 0.0178264 0.022281 0.0239296 0.0245395 0.0269663 0.0220936 0.025147 0.026215 0.0289102 0.0332114 0.0340274 0.036687 0.0345782 0.0272189 0.0102519 0.0109895 0.0123677 0.0171539 0.013894 0.0231893 0.029675 0.0138006 0.00663948 0.00384079 0.00202331 0.000287593 0 0 
0 0 0 0 9.33304e-05 0.00401089 0.0116163 0.013121 0.0208316 0.0231638 0.0155125 0.00806519 0.00901415 0.0316076 0.0125702 0.00500159 0.00564914 0.00994623 0.0140478 0.0106963 0.0227748 0.0182514 0.0196081 0.0248338 0.0288086 0.0240727 0.0208659 0.0247393 0.0234588 0.0267108 0.024733 0.0163233 0.015957 0.0287015 0.0384237 0.0323038 0.0347686 0.0444691 0.0179719 0.00385344 0.00450502 0.0121272 0.0166426 0.0206799 0.0268274 0.0234347 0.0190009 0.022022 0.0270914 0.0211844 0.03412 0.0325136 0.0327199 0.0278414 0.0243943 0.0151295 0.0120574 0.0114849 0.0140133 0.0136874 0.0208797 0.0287884 0.0205326 0.0075236 0.00194883 4.94567e-05 0 0 0 
0 0 0 0 0 0.00187171 0.0104837 0.0117355 0.0220308 0.0273111 0.0176029 0.00723286 0.00335421 0.00495477 0.00583741 0.0108921 0.0125117 0.00601007 0.0130874 0.0143328 0.0307236 0.0244094 0.0192723 0.0250843 0.0302668 0.0271801 0.0219011 0.0204505 0.0208866 0.0205375 0.0192024 0.0175171 0.0204799 0.0296044 0.0321677 0.0229271 0.015548 0.0162286 0.0107622 0.00910825 0.0135096 0.00763888 0.00322654 0.0106802 0.0251607 0.0284142 0.0236438 0.0249954 0.0238509 0.023363 0.0257427 0.0335351 0.0306234 0.0292637 0.0232833 0.0139582 0.0209812 0.0189363 0.0242102 0.0260644 0.0204888 0.0230169 0.0202083 0.0107228 0.000606704 0 0 0 0 
0 0 0 0 0 0.00111902 0.00677486 0.00981311 0.0198031 0.0198051 0.0144435 0.00629618 0.00174931 0.00483695 0.00774992 0.00646392 0.0059477 0.00341823 0.00784238 0.0191127 0.025032 0.0298019 0.0383193 0.0289165 0.0225012 0.0213709 0.0254191 0.0257885 0.0165424 0.0139441 0.0206228 0.0253055 0.026698 0.0250322 0.0211738 0.0171224 0.0240607 0.0186114 0.0172338 0.0133019 0.0178682 0.0140656 0.00336878 0.00692513 0.0220968 0.0271329 0.0214215 0.0217915 0.0201204 0.0196217 0.0192372 0.0364936 0.034334 0.0250744 0.0204335 0.0201348 0.0251195 0.0277402 0.029732 0.0264935 0.0196524 0.0222562 0.0214091 0.00787424 0.000223066 0 0 0 0 
0 0 0 0 0 0.000174107 0.00518687 0.0110257 0.0247886 0.0223294 0.0157701 0.00910475 0.0145756 0.0197005 0.0169348 0.0106942 0.00493741 0.00163342 0.00853799 0.0216637 0.0224959 0.024158 0.0290795 0.0267981 0.0228224 0.0170197 0.0200424 0.0244963 0.0151665 0.019907 0.0272837 0.0341348 0.0308317 0.0293728 0.0231487 0.0167379 0.0187869 0.0168434 0.0146298 0.0165047 0.0144709 0.00602929 0.00203296 0.00960995 0.0247757 0.0217002 0.0194826 0.0237791 0.02111 0.0200189 0.0147681 0.0220914 0.0267078 0.0241835 0.0208806 0.0294764 0.0245502 0.0199398 0.0195624 0.0144182 0.00696621 0.0097997 0.0160393 0.00524893 0 0 0 0 0 
0 0 0 0 0 0 0.00135611 0.00777318 0.0157281 0.0220594 0.0202652 0.0200982 0.0211388 0.0173191 0.010175 0.00980808 0.00380271 0.0013686 0.00836923 0.0227112 0.0257144 0.0232149 0.0218601 0.0267287 0.0304668 0.0224228 0.0162657 0.0210301 0.018106 0.0178624 0.023292 0.0275517 0.0277554 0.0324376 0.0215238 0.0198744 0.0169466 0.0161434 0.0178454 0.0188296 0.0163323 0.0105224 0.00558908 0.0148492 0.0311337 0.0219016 0.0160937 0.0141361 0.0146259 0.0205843 0.0145339 0.0135153 0.0200241 0.0155175 0.0155683 0.0187301 0.0241597 0.0217937 0.0252592 0.0170376 0.00438775 0.00256421 0.00391486 0.00111225 0 0 0 0 0 
0 0 0 0 0 0 0 0.000260587 0.0043467 0.0165367 0.0225852 0.0216052 0.0159156 0.0142015 0.0129651 0.00664255 0.00342301 0.00101349 0.00892881 0.0204545 0.0189139 0.0216567 0.0212013 0.0431972 0.043562 0.0235835 0.0175446 0.0191503 0.0195059 0.0168574 0.0216315 0.0275722 0.0266446 0.025149 0.0285425 0.0241022 0.0196308 0.0191659 0.0204035 0.0171033 0.0199591 0.0141007 0.0143381 0.0223236 0.0238363 0.0209784 0.0190728 0.0133892 0.0119954 0.0167373 0.0163875 0.0193382 0.0221036 0.0229204 0.0214316 0.0178573 0.0284522 0.0288953 0.0256062 0.0171107 0.0032894 0.000308583 0.000108521 0 0 0 0 0 0 
0 0 0 0 0 0 0 0 0.000358966 0.00677071 0.0163708 0.0213404 0.0213346 0.0135439 0.0112609 0.0100757 0.00453421 0.00333008 0.0126559 0.0135197 0.0204331 0.0204705 0.0241236 0.0336716 0.0335065 0.0243426 0.0233592 0.028948 0.0268389 0.0214923 0.0225106 0.0179521 0.0162175 0.0195406 0.023749 0.0170528 0.0134942 0.0116408 0.0206771 0.0221694 0.024104 0.0207467 0.0230871 0.0216637 0.0229911 0.0258801 0.0276817 0.0242529 0.0211014 0.010687 0.0146235 0.0176474 0.0204282 0.0198517 0.0207763 0.0262586 0.0150317 0.0245648 0.0254238 0.0111599 0.00354183 2.7704e-05 0 0 0 0 0 0 0 
0 0 0 0 0 0 0 0 3.93985e-05 0.00285881 0.0144767 0.0228642 0.0252176 0.00821348 0.00686908 0.014808 0.0128026 0.00395169 0.00843319 0.0150486 0.026313 0.0283888 0.0285068 0.0187537 0.025127 0.027339 0.0315969 0.037797 0.0433578 0.0297441 0.0171611 0.0105055 0.0104657 0.011046 0.0165242 0.0132279 0.0133833 0.0125227 0.0228578 0.0223448 0.0268984 0.0189317 0.0222971 0.0217893 0.0215543 0.0226897 0.0228365 0.0318831 0.0198289 0.012097 0.0164165 0.0147307 0.0179846 0.0146016 0.018992 0.0184664 0.0175801 0.0285231 0.0238905 0.00817271 0.00265621 0 0 0 0 0 0 0 0 
0 0 0 0 0 0 0 0 0 0.00071443 0.00678502 0.0107946 0.0105949 0.00215232 0.00575488 0.0124641 0.0167176 0.0038401 0.00827615 0.0293177 0.034796 0.026771 0.0230804 0.0171699 0.0197523 0.0248081 0.0276734 0.0365283 0.0473086 0.0462911 0.0196815 0.00648284 0.00975891 0.0136351 0.0118614 0.0193592 0.0204712 0.0203843 0.0254462 0.0206556 0.0267554 0.0228723 0.023256 0.0257401 0.021136 0.016927 0.0205265 0.0219053 0.0150337 0.00784238 0.0189365 0.0193836 0.0198316 0.020107 0.0159758 0.0146994 0.0180906 0.0179373 0.0100118 0.00309002 0.000303714 0 0 0 0 0 0 0 0 
0 0 0 0 0 0 0 0 0 0 0.00014116 0.0015861 0.00177383 0.000186957 0.00355722 0.0134812 0.0140023 0.00463813 0.00231821 0.0221648 0.0341027 0.0260389 0.0132427 0.0144196 0.0187641 0.0256524 0.0262478 0.0257401 0.0302125 0.0367317 0.0201487 0.00944004 0.0102042 0.0150299 0.0099614 0.0163829 0.0223221 0.0205801 0.0234374 0.0250771 0.0204482 0.020897 0.0214649 0.0193202 0.0166422 0.0184352 0.0185996 0.0163599 0.00725903 0.0119216 0.0211377 0.0197866 0.0210754 0.0238238 0.0168142 0.0159356 0.0148284 0.0136648 0.00681057 0.00026345 0 0 0 0 0 0 0 0 0 
0 0 0 0 0 0 0 0 0 0 0 0 0 0 0.00284536 0.010349 0.0111085 0.00296888 0.00194662 0.0210089 0.0287192 0.0151931 0.00538506 0.00895533 0.0183291 0.0145991 0.0211792 0.0167417 0.013913 0.0218259 0.0261523 0.0231819 0.020902 0.0224469 0.0141693 0.00991306 0.0242998 0.0170523 0.0123067 0.0150395 0.0205861 0.0218167 0.0194743 0.0230704 0.012477 0.00867995 0.0143777 0.0126315 0.00826824 0.0164649 0.0223757 0.0276701 0.0273446 0.024332 0.0192371 0.0134127 0.0064858 0.00447634 0.000693915 0 0 0 0 0 0 0 0 0 0 
0 0 0 0 0 0 0 0 0 0 0 0 0 0 0.000552757 0.00261976 0.00205006 0.000233371 0.0019104 0.0154443 0.0190333 0.00985681 0.00457303 0.00748885 0.0138676 0.016817 0.0206175 0.0172883 0.0151954 0.0203208 0.0336413 0.0344137 0.0248058 0.0213493 0.0140592 0.00348654 0.00868028 0.0112119 0.0111766 0.0123426 0.0200162 0.0242564 0.0227493 0.0250704 0.0234142 0.0164574 0.0159439 0.0146417 0.00982243 0.0117772 0.0210474 0.0266726 0.0229201 0.0156294 0.0131019 0.00355546 0.000570093 0.000234967 0 0 0 0 0 0 0 0 0 0 0 
0 0 0 0 0 0 0 0 0 0 0 0 0 0 0 0 0 0 0.000813457 0.0118181 0.0166444 0.00792608 0.00893412 0.0136748 0.0176675 0.0202079 0.0240373 0.0279575 0.0204353 0.0188444 0.0300199 0.030016 0.0299189 0.0201216 0.0168124 0.00311983 0.00317705 0.0125095 0.0134709 0.0107865 0.021791 0.0203644 0.0308943 0.0266769 0.0197244 0.0159663 0.0153162 0.0163988 0.0221192 0.0175791 0.010984 0.0132999 0.012138 0.00786536 0.00277066 0.00041903 3.14591e-05 0 0 0 0 0 0 0 0 0 0 0 0 
0 0 0 0 0 0 0 0 0 0 0 0 0 0 0 0 0 0 0.000531459 0.00819632 0.0199546 0.00800115 0.00715399 0.0188184 0.0235332 0.0243794 0.0206714 0.0188295 0.0157581 0.0154005 0.0182581 0.0270874 0.0302048 0.014472 0.0216858 0.0121472 0.0147705 0.0164033 0.0191455 0.0132217 0.0134309 0.0185913 0.0204909 0.0218432 0.0274167 0.0188047 0.011583 0.0108034 0.0161852 0.0189461 0.00638612 0.00161836 0.0014593 0.000733956 1.18659e-05 0 0 0 0 0 0 0 0 0 0 0 0 0 0 
0 0 0 0 0 0 0 0 0 0 0 0 0 0 0 0 0 0 0.000269684 0.00170784 0.00311852 0.000714252 0.00421981 0.0165611 0.0262 0.0243622 0.0196828 0.0234801 0.0168805 0.0175165 0.0177478 0.0267584 0.0245508 0.0163824 0.0225069 0.022969 0.0233007 0.0229028 0.0242214 0.0240185 0.0193808 0.0141911 0.0161574 0.0257591 0.0337452 0.0178764 0.0099785 0.00935339 0.00247755 0.00357506 0.00128886 3.82075e-05 0.000103295 0 0 0 0 0 0 0 0 0 0 0 0 0 0 0 0 
0 0 0 0 0 0 0 0 0 0 0 0 0 0 0 0 0 0 0 0 0 0.000641188 0.0056257 0.0175848 0.0270762 0.0231343 0.0231341 0.0247689 0.0209641 0.0231767 0.0270931 0.0267199 0.0263101 0.021277 0.0266438 0.0335175 0.039097 0.0289479 0.0166354 0.0203415 0.0188856 0.0131046 0.0121869 0.0159816 0.0301697 0.0243998 0.00933198 0.00215102 0.000121243 0 0 0 0 0 0 0 0 0 0 0 0 0 0 0 0 0 0 0 0 
0 0 0 0 0 0 0 0 0 0 0 0 0 0 0 0 0 0 0 0 0 0.00092477 0.00773096 0.0136523 0.0103169 0.011052 0.0150456 0.0220237 0.0292128 0.0291541 0.0265486 0.0210444 0.0279313 0.0384316 0.0423701 0.0297315 0.0228122 0.0177564 0.0100429 0.0115648 0.015783 0.0137451 0.00828095 0.0129852 0.0111706 0.0119713 0.00303695 5.09373e-06 0 0 0 0 0 0 0 0 0 0 0 0 0 0 0 0 0 0 0 0 0 
0 0 0 0 0 0 0 0 0 0 0 0 0 0 0 0 0 0 0 0 0 1.40979e-07 0.000213771 0.0016931 0.00161293 0.00289567 0.0100243 0.0212262 0.0287431 0.0244021 0.0190486 0.0350259 0.0361696 0.0402288 0.0361916 0.0141057 0.00252567 0.00232507 0.00138726 0.00199193 0.01189 0.0165213 0.00439268 0.000990468 0.000499218 0.000162123 1.50746e-05 0 0 0 0 0 0 0 0 0 0 0 0 0 0 0 0 0 0 0 0 0 0 
0 0 0 0 0 0 0 0 0 0 0 0 0 0 0 0 0 0 0 0 0 0 0 0 0 8.95251e-05 0.000593144 0.0029067 0.00435375 0.00243903 0.00914557 0.0163462 0.0188654 0.0276963 0.0102374 0.00122203 1.27976e-05 0 0 0.000199753 0.00297268 0.00458476 0.00133782 0 0 0 0 0 0 0 0 0 0 0 0 0 0 0 0 0 0 0 0 0 0 0 0 0 0 

