0 0 0 0 0 0 0 0 0 0 0 0 0 0 0 0 0 0 0 0 0 0 0 0 0 0 0 0 0 0 1.95061e-05 0.000456169 0.00194084 0.000950241 0.000432787 0 0 0 0 9.8396e-06 3.38194e-05 0 0 0 0 0 0 0 0 0 0 0 0 0 0 0 0 0 0 0 0 0 0 0 0 0 0 0 0 
0 0 0 0 0 0 0 0 0 0 0 0 0 0 0 0 0 0 0 0 0 0 0 0 0 0.000125265 0.00146415 0.00568763 0.00885655 0.00780508 0.00782674 0.0194195 0.0252832 0.022058 0.0142998 0.0060314 0.000759123 0 0.00169927 0.00884185 0.0121043 0.00629627 0.00397842 0.000448774 3.06886e-05 0 0 0 0 0 0 0 0 0 0 0 0 0 0 0 0 0 0 0 0 0 0 0 0 
0 0 0 0 0 0 0 0 0 0 0 0 0 0 0 0 0 0 0 0 0 0 7.11399e-05 0.000751767 0.004164 0.0111034 0.0174397 0.0312862 0.0291803 0.0278348 0.0256533 0.0298179 0.0341969 0.0371943 0.0251552 0.022594 0.00707437 0.000294579 0.00672954 0.0192834 0.0280825 0.0240647 0.0210484 0.0170444 0.00619821 0.00111751 0 0 0 0 0 0 0 0 0 0 0 0 0 0 0 0 0 0 0 0 0 0 0 
0 0 0 0 0 0 0 0 0 0 0 0 0 0 0 0 0 0 0 0 0.000231027 0.00383921 0.0108792 0.0114176 0.0215438 0.0306804 0.0264888 0.0253983 0.0250804 0.0353598 0.0352111 0.0263893 0.0306974 0.0347457 0.0290784 0.0220773 0.0118511 0.000399825 0.00673014 0.0276634 0.0484518 0.0444012 0.0322144 0.0344167 0.0183365 0.00541825 0.00140289 0.000994486 0.000282827 0 0 0 0 0 0 0 0 0 0 0 0 0 0 0 0 0 0 0 0 
0 0 0 0 0 0 0 0 0 0 0 0 0 0 0 0 0 0 0 0.00183644 0.00868917 0.021421 0.027788 0.0273007 0.0324091 0.0293426 0.0214409 0.0235578 0.023045 0.0350884 0.0329073 0.0259641 0.0268969 0.0312544 0.0328307 0.0240253 0.00960248 0.0035029 0.0155739 0.0360241 0.0507426 0.0469043 0.0341031 0.0328894 0.0270804 0.00948935 0.00897586 0.0204798 0.0116631 0.00174518 0.000311889 5.1416e-05 0 0 0 0 0 0 0 0 0 0 0 0 0 0 0 0 0 
0 0 0 0 0 0 0 0 0 0 0 0 0 0 0 0 0 0.000255914 0.00157127 0.0113722 0.0186336 0.0230721 0.0261795 0.0247356 0.02278 0.0280574 0.0258634 0.0207813 0.0197113 0.0281094 0.0339853 0.0326305 0.0296032 0.0331907 0.0332607 0.0258093 0.0115787 0.00918734 0.0291715 0.0415678 0.0429358 0.0360436 0.0271038 0.0358323 0.0294199 0.0181046 0.0150302 0.0232647 0.0192524 0.0215727 0.0132497 0.00773307 0.000596299 0 0 0 0 0 0 0 0 0 0 0 0 0 0 0 0 
0 0 0 0 0 0 0 0 0 0 0 0 0 0 0 0.00145027 0.00560385 0.00617885 0.0085623 0.0191612 0.024067 0.0218707 0.0216564 0.019136 0.0203234 0.0231744 0.0222388 0.0148227 0.0173947 0.0256579 0.0304157 0.0328631 0.032808 0.0348593 0.0439582 0.0340109 0.0292984 0.0316878 0.0356631 0.0437018 0.0377714 0.0305055 0.0264137 0.0366119 0.0364938 0.0230584 0.0201528 0.02637 0.0250327 0.0298005 0.0309299 0.0202161 0.00365282 0.000358565 6.51283e-05 0 0 0 0 0 0 0 0 0 0 0 0 0 0 
0 0 0 0 0 0 0 0 0 0 0 0 0 0 0.000445755 0.0095436 0.0218339 0.0189477 0.0165615 0.0158419 0.0171051 0.0204075 0.0182416 0.0158891 0.0194221 0.0253957 0.0198635 0.0207535 0.020259 0.026548 0.0295048 0.0337762 0.0356904 0.0378138 0.0408343 0.0405377 0.0423082 0.0360498 0.0318723 0.0435011 0.025305 0.0199701 0.0228907 0.0277021 0.0362202 0.0352559 0.0276067 0.0284403 0.0283043 0.0258019 0.0254135 0.0280216 0.0163733 0.00979641 0.00620301 0.00161794 0 0 0 0 0 0 0 0 0 0 0 0 0 
0 0 0 0 0 0 0 0 0 0 0 0 1.15221e-05 0.000240312 0.000538 0.010672 0.0144909 0.0137745 0.0138013 0.015621 0.0185144 0.0228161 0.0249497 0.0189606 0.0173351 0.0290619 0.0290895 0.0265482 0.0279257 0.0272809 0.0236953 0.0277017 0.0349799 0.034448 0.0269821 0.0302937 0.0368183 0.0359063 0.0302144 0.0279496 0.0177399 0.0167024 0.0199037 0.0260478 0.0367182 0.0469081 0.0426764 0.036524 0.0307211 0.0208846 0.0211831 0.0279962 0.0215556 0.0190965 0.0158476 0.00839795 0.00196443 0.00021279 0 0 0 0 0 0 0 0 0 0 0 
0 0 0 0 0 0 0 0 0 0 0 2.05982e-05 0.00397518 0.00732484 0.00827595 0.00874809 0.00784877 0.00597409 0.00606418 0.0163074 0.0257915 0.0263196 0.032203 0.0280283 0.025017 0.0289041 0.0307041 0.025417 0.0198715 0.0272135 0.0242032 0.0264792 0.0317461 0.0254513 0.0299132 0.029811 0.0314294 0.0214999 0.0248183 0.0271011 0.0336628 0.0190391 0.0216182 0.0269465 0.0339856 0.035952 0.0438344 0.0367228 0.036854 0.034425 0.0273047 0.0255423 0.0335073 0.0204119 0.0240327 0.0241387 0.011871 0.00898127 0.000938551 0 0 0 0 0 0 0 0 0 0 
0 0 0 0 0 0 0 0 0 0 0.00055486 0.0045219 0.0138656 0.0217689 0.0237309 0.0166832 0.016584 0.0145545 0.0108406 0.00962966 0.02442 0.0290331 0.0275339 0.0256217 0.0256941 0.0248188 0.0304879 0.0247289 0.0228484 0.028196 0.0321828 0.0249062 0.027186 0.0271729 0.0328113 0.0329137 0.0303892 0.0172422 0.0247468 0.0261259 0.031234 0.0244203 0.0261476 0.0261682 0.0326544 0.0336723 0.0425537 0.0414869 0.0480312 0.0513759 0.0350966 0.0277483 0.0314053 0.0358191 0.0397843 0.0316824 0.0233822 0.0209359 0.00802363 9.20551e-05 0 0 0 0 0 0 0 0 0 
0 0 0 0 0 0 0 0 0 0.000707209 0.00834368 0.0169881 0.0237293 0.0305715 0.0261742 0.0213782 0.0179356 0.0201583 0.0262742 0.0230857 0.0213237 0.0286454 0.0261011 0.0197286 0.0215752 0.0284235 0.0235858 0.0195528 0.0189241 0.0230926 0.0253025 0.0241802 0.0294526 0.0284988 0.0333151 0.0404299 0.0402434 0.0249514 0.0264543 0.0262077 0.0296644 0.0255834 0.0272919 0.0258737 0.0296208 0.0346769 0.0386216 0.0406193 0.0421488 0.0424426 0.0300322 0.0311006 0.0227715 0.0262009 0.0389719 0.0354679 0.0264068 0.0246227 0.0142148 0.00083341 0 0 0 0 0 0 0 0 0 
0 0 0 0 0 0 0 0 0 0.00448021 0.0218752 0.0313767 0.0300235 0.0406311 0.0338157 0.0239729 0.0212415 0.0221708 0.0233762 0.0241142 0.0230713 0.0216834 0.0248927 0.0230355 0.0216677 0.0261309 0.0274004 0.0142545 0.0137796 0.0229119 0.0253496 0.0258936 0.0318106 0.037132 0.0390565 0.0477969 0.0442432 0.0331179 0.0221325 0.0281267 0.0309179 0.0271431 0.0297391 0.024365 0.0309607 0.0344801 0.0306855 0.0338835 0.0363611 0.0317228 0.031445 0.0350161 0.0248183 0.023634 0.0351462 0.0338748 0.0253111 0.0234753 0.0209914 0.00675007 0.000265583 0 0 0 0 0 0 0 0 
0 0 0 0 0 0 0 0 0.000141981 0.00432184 0.0247411 0.0386668 0.0317947 0.029217 0.0267789 0.0182322 0.0172559 0.0171466 0.0196132 0.0193115 0.0189536 0.0171476 0.017435 0.0210979 0.0255683 0.0313582 0.0277461 0.0163299 0.0175278 0.0252537 0.0287103 0.0266403 0.0315156 0.0351653 0.0354657 0.0385094 0.0319423 0.0264151 0.019773 0.0253767 0.0308618 0.0235234 0.021903 0.0249932 0.039482 0.03339 0.0346938 0.0368329 0.0408527 0.0349245 0.0388526 0.0280275 0.0248916 0.0326551 0.0228838 0.0233229 0.019703 0.0202133 0.0211842 0.0163037 0.00511421 0.0019219 2.64031e-05 0 0 0 0 0 0 
0 0 0 0 0 0 0 0.00100805 0.00552855 0.015494 0.0308105 0.0370848 0.0254617 0.0189746 0.0219859 0.021553 0.0188196 0.0263171 0.0249133 0.0272868 0.0243245 0.0177698 0.0166377 0.0213449 0.0281211 0.0323335 0.0283575 0.0216395 0.0189082 0.0246296 0.0311583 0.0259566 0.0255016 0.0266544 0.0266414 0.0274688 0.0256926 0.0276495 0.0268132 0.0265691 0.0251773 0.0194652 0.0229197 0.0267754 0.0265724 0.0318997 0.0315141 0.0373463 0.0374928 0.0417833 0.0254271 0.0157459 0.0253874 0.0299129 0.025894 0.0236923 0.0202603 0.0219331 0.0206775 0.0196208 0.0186359 0.0164549 0.00328807 6.97383e-05 0 0 0 0 0 
0 0 0 0 0 0 0.000923385 0.0112191 0.0183625 0.0237987 0.0232586 0.0256491 0.0237265 0.025034 0.0286179 0.0226988 0.0245928 0.0312708 0.0267967 0.0317024 0.0224002 0.0151073 0.018934 0.0214435 0.027948 0.0352948 0.02625 0.0198777 0.0162909 0.0195065 0.0267747 0.0269503 0.0253082 0.0290667 0.0326252 0.0261272 0.022715 0.0278209 0.0252389 0.017694 0.0208697 0.0194551 0.0193245 0.0247033 0.0241944 0.0333111 0.0325498 0.0426549 0.0397903 0.0413197 0.0327971 0.0176564 0.0268791 0.0277123 0.0221809 0.0214702 0.015118 0.0196057 0.0224277 0.0298389 0.0292117 0.0295756 0.0163039 0.00117152 0 0 0 0 0 
0 0 0 0 0 0.000402955 0.00762963 0.0230995 0.025546 0.0233808 0.0212812 0.0164088 0.0195818 0.0243252 0.0286354 0.0286666 0.0266902 0.0277494 0.0296309 0.031418 0.0252574 0.0201675 0.0205754 0.0244408 0.0259325 0.0316985 0.0343954 0.0287963 0.016396 0.0204068 0.0268854 0.0259387 0.02427 0.0281531 0.0225187 0.0219972 0.0265593 0.0256489 0.0234041 0.0205789 0.0263767 0.0245809 0.0231545 0.0242483 0.0254066 0.0273818 0.0269565 0.0387261 0.0364072 0.034431 0.0267725 0.0195066 0.0223239 0.0250113 0.0231343 0.0185872 0.0192461 0.0222551 0.0288426 0.0382572 0.0434485 0.0442783 0.0249098 0.00673255 8.88325e-05 0 0 0 0 
0 0 0 0 0 0.00215527 0.0174384 0.0315453 0.0275098 0.0227995 0.0144892 0.0147133 0.0150688 0.0200411 0.0303693 0.0292418 0.0272178 0.0254615 0.0236084 0.0321045 0.0203609 0.0154504 0.0188574 0.0175858 0.0195504 0.0216886 0.0298905 0.0265094 0.0231326 0.0184703 0.0276521 0.0295457 0.0300077 0.0257042 0.0244233 0.0256989 0.0287489 0.0252718 0.0226579 0.0215043 0.0270877 0.0282198 0.0281779 0.0263723 0.0313358 0.0300006 0.0269533 0.0324255 0.0283774 0.0255595 0.0218936 0.0216461 0.0194543 0.0268462 0.0208094 0.0184756 0.0218482 0.0263332 0.0341533 0.0393841 0.03395 0.0434709 0.0263545 0.00582888 0.00014513 0 0 0 0 
0 0 0 0 0 0.00176033 0.0173365 0.0398363 0.0246669 0.0192037 0.0184869 0.0162428 0.0143376 0.0298278 0.0289863 0.0227758 0.0246236 0.0286694 0.0262398 0.0242866 0.0235566 0.0133985 0.0174033 0.0169562 0.020504 0.0265822 0.0210323 0.0233261 0.0215222 0.0201073 0.0275168 0.0287396 0.0346118 0.0282073 0.0199877 0.0294473 0.0323037 0.0299901 0.0248027 0.0249428 0.0321109 0.0302404 0.0292064 0.029068 0.0315071 0.0265002 0.0258112 0.0257838 0.018685 0.0214936 0.0332917 0.0323953 0.0268429 0.0196772 0.0204645 0.0181366 0.0125028 0.0235037 0.0281453 0.0331307 0.0316116 0.0371022 0.0290896 0.00969347 0.000103857 0 0 0 0 
0 0 0 0 0 0.00158424 0.0102449 0.0180524 0.0175123 0.0172389 0.016806 0.0123556 0.0138688 0.0242937 0.0305416 0.0251178 0.0276566 0.0332184 0.0271939 0.020279 0.0225811 0.0175467 0.0152709 0.0174323 0.018337 0.0212794 0.0263227 0.0268958 0.0223537 0.024278 0.0220534 0.0243094 0.0300696 0.0307978 0.0296854 0.0361697 0.0376317 0.0325734 0.0266638 0.0270488 0.0304894 0.0366036 0.0286639 0.0255446 0.0268561 0.0288039 0.0251839 0.0210823 0.00979374 0.0155094 0.0248418 0.02905 0.0221747 0.0161782 0.0170432 0.0145355 0.017323 0.0217752 0.0266427 0.0297227 0.0295039 0.036208 0.0386477 0.025028 0.00593035 0.000328986 0 0 0 
0 0 0 0 0 0.00207009 0.0143178 0.0184194 0.013643 0.0124416 0.0157653 0.0139537 0.0104728 0.0111873 0.017971 0.0128322 0.0270405 0.0348443 0.0222609 0.0182737 0.0204883 0.0214304 0.01557 0.0164571 0.0157055 0.0222433 0.0254036 0.0310799 0.0253402 0.0280218 0.0275047 0.0278954 0.022818 0.0264193 0.0316883 0.0391197 0.0318217 0.0287098 0.0235351 0.0269086 0.0330155 0.0370273 0.0276615 0.0203316 0.0234347 0.0262086 0.022413 0.0218169 0.0253782 0.0288575 0.0283762 0.0297479 0.0201857 0.0157861 0.0138085 0.013525 0.0200939 0.0321388 0.0394091 0.0374397 0.0352342 0.0368129 0.036487 0.0328058 0.0188945 0.007172 0.000821093 0 0 
0 0 0 0 5.02803e-06 0.00575957 0.018094 0.0169113 0.013657 0.0206398 0.02307 0.0169715 0.00502802 0.00601319 0.0172351 0.0298468 0.0302789 0.0324167 0.0226545 0.0177994 0.0207422 0.0278929 0.0225241 0.0169055 0.013492 0.0302787 0.0271996 0.0332326 0.0266177 0.0286681 0.0238828 0.0242639 0.0163105 0.0228494 0.0229488 0.0297043 0.0373481 0.0308061 0.0289221 0.0368472 0.0313634 0.0342869 0.0306452 0.0312151 0.0232047 0.0285801 0.0322558 0.0302694 0.0455164 0.0396259 0.0386427 0.0312655 0.0161431 0.0145205 0.0108803 0.0198931 0.0259502 0.0324862 0.0374985 0.0425298 0.0434189 0.0400246 0.0396692 0.0437367 0.0369583 0.0227143 0.00612098 0 0 
0 0 0 0.000500428 0.00431974 0.0107303 0.0252896 0.0196978 0.0185121 0.025046 0.025839 0.0135323 0.0108242 0.0126705 0.010126 0.0208171 0.0305496 0.0310634 0.020386 0.0162682 0.0199134 0.0162217 0.0139863 0.0200614 0.0199347 0.0258801 0.0329028 0.0330568 0.0307988 0.0324434 0.0286661 0.0283368 0.022046 0.0230563 0.0288438 0.0292728 0.0346494 0.0285233 0.0288685 0.0369403 0.0338819 0.0315465 0.0317307 0.0326458 0.0323132 0.028118 0.0365787 0.0393471 0.0418851 0.037005 0.0379063 0.0385217 0.0257314 0.026133 0.0264596 0.0320852 0.0320814 0.0329472 0.0330458 0.0334537 0.0328916 0.0363184 0.0490309 0.0405487 0.0433194 0.0312685 0.012207 0.000226991 0 
0 0 0.000416907 0.0055288 0.0106167 0.0155051 0.0229427 0.0258364 0.0198338 0.0226723 0.0177316 0.0174511 0.0185509 0.0248403 0.0231048 0.019369 0.0215445 0.0210843 0.0142226 0.0118732 0.0131877 0.016125 0.014637 0.0175126 0.0241754 0.0266426 0.0283934 0.0347752 0.0398134 0.033323 0.0255746 0.0245196 0.0194735 0.02649 0.0306206 0.0261563 0.0271202 0.0272638 0.0341839 0.0310848 0.0345908 0.0388494 0.0458975 0.0485156 0.0445043 0.0405526 0.0447779 0.0411645 0.03961 0.0360234 0.043186 0.041406 0.0343653 0.0300276 0.0362289 0.0421176 0.0350443 0.0327068 0.0328024 0.0273136 0.0307966 0.0401158 0.0438487 0.039709 0.0358333 0.0325719 0.022333 0.00242164 0 
0 0 0.00248744 0.0185493 0.0194548 0.0155638 0.0101014 0.0113162 0.0160553 0.0198459 0.020281 0.0196308 0.0266688 0.0271791 0.030361 0.0193435 0.0208548 0.024417 0.0198779 0.014214 0.0144254 0.0191894 0.0185735 0.0148647 0.0227082 0.0272069 0.0204719 0.0290227 0.0319698 0.0381319 0.0295262 0.0297385 0.0278573 0.0311685 0.0370138 0.0299755 0.025702 0.0251451 0.0323004 0.0426768 0.0419717 0.0344363 0.0379238 0.0462002 0.0431624 0.0419067 0.049813 0.041842 0.0421529 0.033415 0.0408941 0.0314123 0.0332138 0.0308362 0.0350046 0.0327987 0.0366159 0.0387692 0.0333107 0.0346206 0.0333364 0.0351752 0.0443242 0.0374527 0.0277019 0.0324782 0.0221717 0.00507694 0 
0 0.000111094 0.00325453 0.0123942 0.013002 0.0110437 0.00583401 0.00547435 0.00983751 0.0154824 0.0169587 0.0207628 0.0230349 0.0224049 0.021284 0.0199258 0.0215504 0.0240611 0.0244532 0.0142229 0.0146991 0.0196791 0.0167544 0.0181867 0.023053 0.0247286 0.0230895 0.0308163 0.0296569 0.0329469 0.0222879 0.0221066 0.0250651 0.0271585 0.0282215 0.0333662 0.0288518 0.0298191 0.0382468 0.0384899 0.0378662 0.0271603 0.0325368 0.0353359 0.0409701 0.0338017 0.0380054 0.0341755 0.0316423 0.0356339 0.0356271 0.0338889 0.0326753 0.031872 0.0313619 0.0366055 0.0327678 0.0360323 0.0296812 0.0327615 0.026631 0.0264377 0.0374201 0.0341765 0.0269128 0.0287368 0.0195129 0.0069235 2.87024e-05 
0 0.00051738 0.00309281 0.0110867 0.0077959 0.00761558 0.00803759 0.012556 0.0163242 0.0217282 0.0219909 0.0255702 0.0274721 0.02644 0.0177759 0.0227466 0.0197316 0.022207 0.0200067 0.0150218 0.0196871 0.025117 0.0192172 0.0147965 0.0194142 0.0242804 0.0280543 0.0307008 0.0282011 0.0283171 0.0231603 0.0230454 0.0199621 0.0270488 0.0344472 0.0322091 0.0215695 0.0267537 0.0332333 0.038158 0.0379881 0.0347538 0.0384118 0.0421277 0.0348223 0.0370089 0.0346038 0.0390689 0.0363984 0.0359032 0.0308006 0.034866 0.0335301 0.0378095 0.032542 0.0300478 0.0345094 0.0372362 0.0347655 0.0345858 0.0413223 0.0316178 0.0336471 0.0386468 0.0344906 0.026945 0.0257961 0.0112196 0.000300147 
0 0.000904385 0.00772505 0.0113675 0.00985376 0.00932372 0.0082121 0.0135693 0.0182492 0.0218737 0.0176209 0.0259646 0.024909 0.026669 0.0202142 0.0237546 0.0199713 0.0206851 0.0202771 0.0181363 0.0228137 0.0188152 0.020389 0.0205036 0.0204604 0.025115 0.0315816 0.0325158 0.0303992 0.0290696 0.0239855 0.0222933 0.0201939 0.025968 0.0313284 0.0314782 0.0268009 0.0274291 0.0271403 0.0345008 0.038339 0.0332285 0.0387458 0.0437544 0.0384708 0.0351048 0.039069 0.0403826 0.0427975 0.0334396 0.0338192 0.0318067 0.028 0.0288918 0.0276476 0.0278842 0.0367496 0.0329063 0.0369483 0.0356872 0.0377563 0.0329128 0.0328941 0.0381806 0.0300108 0.0302862 0.0253785 0.0131188 0.00155052 
0 0.00267352 0.00884088 0.0071484 0.00879389 0.0104788 0.0109194 0.011372 0.0182641 0.0135078 0.0162378 0.0201474 0.0230196 0.0201479 0.0142447 0.0138922 0.0131497 0.0141541 0.0199974 0.0214726 0.0238363 0.0185913 0.027815 0.0214874 0.0200271 0.0251718 0.0280084 0.03559 0.0362839 0.0344721 0.021202 0.0253093 0.0228839 0.026491 0.0351482 0.0403269 0.0324695 0.0308287 0.0367375 0.0332818 0.0325858 0.0394705 0.0413596 0.0452046 0.0411081 0.0409004 0.0491395 0.0470221 0.0410256 0.0361963 0.0330578 0.0385958 0.0342971 0.0327332 0.0262053 0.033083 0.0332105 0.0427162 0.0419453 0.0331294 0.032817 0.0388804 0.0293686 0.0368778 0.0347079 0.0343721 0.0287441 0.0198069 0.00560466 
0 0.00163786 0.00375504 0.00231726 0.00882876 0.0097544 0.00546591 0.00672854 0.0135567 0.0110444 0.0155146 0.0157819 0.013593 0.0190575 0.0211159 0.0142311 0.00820626 0.0133878 0.0152526 0.0195222 0.0254445 0.0285517 0.0312189 0.0243117 0.0255016 0.0290592 0.0219563 0.0247332 0.0269228 0.0265931 0.0240775 0.0302087 0.0253836 0.0261734 0.0324793 0.0376643 0.033573 0.0289988 0.0286843 0.0310238 0.0305223 0.0359725 0.0314538 0.0362464 0.0404714 0.0374089 0.0395356 0.0461119 0.0425203 0.0343154 0.0353235 0.0427255 0.0449396 0.0378638 0.0345322 0.0330729 0.0322373 0.0406089 0.037711 0.0324953 0.0281569 0.0280626 0.0340642 0.0367564 0.0365415 0.0317806 0.0269384 0.018615 0.00716643 
2.3678e-06 0.00113152 0.00875025 0.0104701 0.0122239 0.00614593 0.00353549 0.00657346 0.00781294 0.00422973 0.00467706 0.00722245 0.0100134 0.0178194 0.017609 0.015333 0.00838379 0.00868674 0.00967007 0.0160659 0.0268411 0.0297473 0.0303089 0.0277565 0.0306835 0.0307947 0.0214506 0.0247023 0.0285282 0.0259882 0.0310533 0.0308324 0.0251941 0.0247209 0.0239141 0.0313968 0.028682 0.0261544 0.023933 0.0343236 0.0339833 0.0355983 0.0371794 0.0377714 0.0331481 0.037626 0.0414778 0.0409144 0.0310011 0.0308425 0.0324602 0.0344152 0.0388752 0.0470193 0.0519277 0.0297948 0.0332381 0.0418138 0.0319713 0.0310718 0.0261923 0.0346649 0.0414028 0.0323697 0.0319007 0.0274085 0.0240788 0.0198763 0.00466808 
1.80734e-06 0 0.0017916 0.00425118 0.0039218 0.0024863 0.00858352 0.00779342 0.00503113 0.00251025 0.00286314 0.00788975 0.0133747 0.0153763 0.01544 0.0092232 0.00304395 0.00365786 0.00938985 0.0127164 0.0225076 0.026867 0.024646 0.0214721 0.019461 0.0209259 0.0217681 0.0220445 0.022521 0.0208898 0.0298221 0.0274905 0.0273257 0.0286609 0.0341888 0.0326243 0.0283664 0.0280369 0.0287183 0.0374389 0.0405887 0.0294686 0.0334534 0.0416122 0.0357919 0.0427522 0.0390002 0.0390229 0.037339 0.030581 0.0364768 0.0440706 0.0377313 0.0422789 0.0566437 0.0456541 0.0379425 0.0364068 0.0306586 0.028768 0.0359129 0.0379986 0.03834 0.0339027 0.0299929 0.0347533 0.025744 0.0182316 0.00744198 
6.93168e-05 0 1.01145e-05 0.00157859 0.00463186 0.00671199 0.00882326 0.00902296 0.00549904 0.00543617 0.00598745 0.013388 0.0172243 0.0131977 0.00659044 0.002903 0.00255693 0.00822182 0.0158941 0.0174271 0.0180387 0.0182059 0.0202405 0.0164596 0.0118992 0.0213703 0.0195082 0.0248084 0.0210126 0.0212049 0.0285411 0.0262532 0.0343293 0.0271802 0.0304755 0.0278523 0.0311285 0.0285815 0.03219 0.0366525 0.0371004 0.0322433 0.0372704 0.0351294 0.0397016 0.0377361 0.0372536 0.0378353 0.0359775 0.0346944 0.0425689 0.043349 0.0388997 0.0357153 0.0443666 0.038131 0.038768 0.0295938 0.0312781 0.0272934 0.0452454 0.0393326 0.0312586 0.0299936 0.0332378 0.0318493 0.0336138 0.0266386 0.0109687 
0.000167407 3.38751e-05 0.00162394 0.00952566 0.0109257 0.00441738 0.00753773 0.00941905 0.0114392 0.0121837 0.0149603 0.0200005 0.0158311 0.00601872 0.00450374 0.00582111 0.00843223 0.0114497 0.0255176 0.0316242 0.0245662 0.0238937 0.01769 0.0199427 0.0226241 0.0307913 0.0233589 0.0196565 0.0229482 0.0246057 0.026793 0.02595 0.0288288 0.0267364 0.028358 0.0230887 0.0282294 0.0314889 0.037194 0.0358946 0.0444419 0.0401258 0.0446956 0.0395566 0.0432275 0.0433126 0.0405315 0.0407186 0.0391077 0.036198 0.0351758 0.0330994 0.0365619 0.0346178 0.0352561 0.0318494 0.0306124 0.0310719 0.0249716 0.0317662 0.0469637 0.0387814 0.0316477 0.0331938 0.0321432 0.0221413 0.0298164 0.026847 0.00814088 
0.000360099 0.000621057 0.00637918 0.0126711 0.00746034 0.0060449 0.00857051 0.01097 0.0117907 0.0120316 0.0217752 0.0227303 0.0178563 0.00473262 0.00339734 0.00809079 0.0135848 0.018167 0.0249226 0.0312912 0.0232081 0.0259459 0.0298605 0.0280974 0.0309923 0.0284647 0.0203909 0.021583 0.0268106 0.0232283 0.0206939 0.0276986 0.0318742 0.0362486 0.0266624 0.0237721 0.0276094 0.0363533 0.0401489 0.0385626 0.0479027 0.0381008 0.0378802 0.0465667 0.0472521 0.0440895 0.0321121 0.0364138 0.034505 0.0330603 0.0420034 0.0405927 0.0397905 0.041238 0.0341038 0.0310727 0.0350575 0.0329461 0.0298479 0.0310591 0.0343141 0.0371836 0.0346381 0.0332441 0.0221261 0.0190533 0.0258794 0.0262875 0.00711321 
0.00048859 0.000128491 0.000861261 0.00272318 0.00673554 0.00597191 0.00301534 0.00465364 0.0103936 0.0132562 0.0186929 0.0276192 0.0157745 0.00527884 0.00826863 0.0150196 0.0150407 0.0241688 0.0212268 0.0225754 0.024612 0.0233474 0.0250274 0.0275657 0.0237337 0.0283599 0.0262116 0.0218252 0.0249885 0.0257298 0.0254632 0.0243965 0.0252215 0.0268735 0.026006 0.0212908 0.0206875 0.029054 0.0328791 0.0343082 0.0362782 0.0293514 0.0372277 0.0400545 0.0407475 0.0413999 0.04362 0.036883 0.0290601 0.0242662 0.0314685 0.0339339 0.0356169 0.0392294 0.0343846 0.0285386 0.0334852 0.0280752 0.0258349 0.0270225 0.0286925 0.0299124 0.0266006 0.0207768 0.0132435 0.0172355 0.0195207 0.0210119 0.00898607 
0.00019225 0 0.00112463 0.00524712 0.010682 0.00833022 0.00510718 0.00416862 0.00623286 0.0106965 0.0105599 0.0179456 0.013466 0.0124439 0.0185222 0.0194615 0.0187152 0.020574 0.0233035 0.0203894 0.0218353 0.0185841 0.0271073 0.0290745 0.0260865 0.03526 0.0286087 0.0224581 0.0221081 0.0279781 0.0242312 0.0240001 0.0221503 0.0247294 0.0218651 0.0195488 0.0218749 0.0189343 0.0221548 0.0206926 0.0251804 0.0259477 0.0250234 0.0225949 0.0284954 0.0354308 0.0410385 0.0413625 0.0407768 0.0350017 0.0282562 0.0345335 0.0278992 0.0354096 0.0365271 0.0243123 0.0281164 0.0269181 0.0309112 0.0371873 0.030394 0.01904 0.0130185 0.011115 0.015325 0.0158249 0.0180425 0.0163074 0.00536129 
4.93207e-05 0.00358502 0.00775707 0.00649766 0.0121683 0.011206 0.0141534 0.0167641 0.00830964 0.00372759 0.00718675 0.010166 0.010181 0.0206077 0.0219341 0.0201022 0.0248446 0.0213582 0.0217838 0.0161528 0.0171685 0.0213614 0.0258473 0.0233118 0.0246766 0.031733 0.0306602 0.0235565 0.0171153 0.0246231 0.0273063 0.0304537 0.0253097 0.0271949 0.0286651 0.0262064 0.0243277 0.0218913 0.0271945 0.0364851 0.0386221 0.0250679 0.0169749 0.0171044 0.0234953 0.0310483 0.0442765 0.0457513 0.0457499 0.03258 0.0265302 0.031224 0.0288737 0.0310436 0.0366932 0.0308973 0.0264919 0.0243278 0.0307401 0.0340593 0.0215773 0.0108642 0.0127992 0.0144795 0.0195795 0.0200182 0.0244105 0.0202765 0.00537853 
7.65355e-05 0.0050374 0.00818917 0.00542765 0.00406133 0.0108598 0.0233396 0.0296494 0.0141837 0.00770742 0.00969491 0.0116177 0.0176848 0.0236073 0.0304492 0.0327328 0.0274839 0.0192243 0.0163944 0.0101968 0.0151092 0.0193459 0.0176998 0.0236304 0.0294068 0.0356917 0.0319669 0.0260328 0.031426 0.0238001 0.0207128 0.0216277 0.0303824 0.0313367 0.0297048 0.0246343 0.025978 0.0296756 0.0272017 0.0271495 0.0322391 0.0243792 0.0195898 0.0188068 0.0244802 0.035326 0.0317158 0.0332474 0.0393361 0.03128 0.0336042 0.0333113 0.028318 0.0277523 0.0325165 0.0323056 0.0284331 0.0355046 0.0312012 0.0264173 0.0132457 0.00987347 0.0154686 0.0189641 0.0195697 0.0245699 0.0186294 0.0152242 0.00101213 
0 0.000478484 0.00216575 0.0028349 0.00514313 0.0182616 0.0268111 0.0262745 0.0202823 0.0173317 0.0185111 0.0212005 0.0281839 0.032482 0.0279455 0.0338444 0.0277209 0.0194154 0.0164559 0.0180077 0.014489 0.0151153 0.026674 0.0284817 0.0219443 0.0297853 0.0331721 0.026252 0.0305228 0.0194468 0.0169796 0.0243344 0.0298311 0.0331533 0.0299751 0.0230028 0.025369 0.0254096 0.0222612 0.0223011 0.0241788 0.0196366 0.0174206 0.0149515 0.0326514 0.0391162 0.0308085 0.0280232 0.0435538 0.0394973 0.0444305 0.0445829 0.0332453 0.0310677 0.0348454 0.0288427 0.0229607 0.02911 0.0261914 0.0242487 0.0153229 0.0191147 0.0165139 0.0183401 0.0180759 0.0242676 0.0170597 0.00824599 0.000297241 
0 0.00030185 0.000819296 0.00534369 0.0135099 0.0264787 0.0320221 0.0225382 0.023951 0.0246124 0.0261808 0.0286272 0.0294962 0.031406 0.030168 0.0269066 0.0320026 0.0240804 0.0203846 0.0162815 0.0136327 0.0151266 0.0327617 0.0291651 0.0280958 0.0297515 0.0261964 0.0256762 0.0289768 0.0153563 0.0109371 0.0218862 0.0293168 0.0360115 0.0295307 0.0253092 0.0280227 0.0227462 0.0242985 0.023744 0.0186875 0.0156881 0.0154483 0.0157872 0.0276626 0.0404806 0.0361425 0.0321497 0.0517198 0.064589 0.0503797 0.0383535 0.0391609 0.0348193 0.028839 0.0235789 0.0255135 0.0261586 0.0253324 0.0194103 0.0161689 0.0188902 0.0228088 0.0215453 0.0227655 0.0235134 0.0204609 0.00491981 0.000395481 
0 0.000258196 0.00337134 0.0102488 0.017455 0.0201426 0.0268116 0.0185708 0.0233815 0.0315685 0.0271538 0.0269266 0.0298889 0.0281174 0.0265277 0.0287809 0.026892 0.0282218 0.0207472 0.0171506 0.0149812 0.0222364 0.034189 0.0254346 0.0246146 0.0267177 0.0265129 0.0190971 0.0224562 0.0186112 0.015829 0.0265408 0.0313346 0.0395659 0.0441175 0.0378002 0.0311027 0.0252369 0.0241504 0.0298604 0.0228244 0.0142135 0.0182638 0.0214433 0.0249889 0.0263325 0.021605 0.0312986 0.047186 0.046108 0.0402314 0.0373261 0.0365759 0.0230384 0.0208473 0.0239499 0.0261102 0.0327662 0.0299268 0.0195331 0.0193959 0.022143 0.0220864 0.0199644 0.0316505 0.0350763 0.0221714 0.0095 0.00115132 
0 0.00100759 0.0108706 0.022819 0.0142132 0.0181408 0.023749 0.0224786 0.0316109 0.0372262 0.0266386 0.0208246 0.0208386 0.0226232 0.020752 0.023121 0.0214762 0.0191826 0.016408 0.0211422 0.02131 0.0252224 0.0314022 0.022511 0.0217522 0.0190003 0.0155566 0.0191323 0.0264451 0.026156 0.0268491 0.0270619 0.0333846 0.0404287 0.0448562 0.0478935 0.0382746 0.0291684 0.0191314 0.0263805 0.0256128 0.0272122 0.0226112 0.0247048 0.025472 0.0239952 0.0207489 0.0260245 0.0298565 0.0317918 0.046131 0.0401005 0.0304228 0.0231617 0.0210621 0.0244212 0.0313719 0.0392014 0.036638 0.0279574 0.0289581 0.0328916 0.0292553 0.0173939 0.0307734 0.0300228 0.0206152 0.012246 0.00109563 
0 0.000830433 0.0165459 0.0274179 0.0148657 0.0192257 0.0217385 0.0231019 0.0366298 0.0239059 0.0207654 0.0237275 0.0229652 0.0191666 0.0214566 0.022847 0.0199687 0.0245945 0.022293 0.0277409 0.0287045 0.0266058 0.02476 0.0251298 0.0285117 0.0223664 0.0232448 0.0278305 0.033188 0.0330975 0.0314348 0.0291674 0.0285075 0.0233767 0.0340112 0.0448515 0.0459901 0.0261804 0.0226559 0.0242922 0.0283575 0.0288651 0.0259012 0.0183905 0.0196789 0.0285931 0.0282549 0.0246447 0.0312062 0.0365865 0.0467998 0.0458597 0.0318836 0.0250275 0.0371611 0.0348176 0.0332346 0.0451229 0.0362492 0.0312997 0.0302135 0.0420512 0.0326148 0.0221769 0.0254145 0.0238716 0.0184375 0.00802031 0.000326837 
0 2.05027e-05 0.0026756 0.00844019 0.00538754 0.0125905 0.0289025 0.0351573 0.0351859 0.0311769 0.0282982 0.026157 0.0221136 0.0184023 0.0261542 0.0245772 0.0321814 0.027074 0.0242271 0.028483 0.0250618 0.0238267 0.0228588 0.0322195 0.0314987 0.0322525 0.0353808 0.0415376 0.0295754 0.0324486 0.0370749 0.0328549 0.0247668 0.020443 0.0351133 0.0542588 0.0478448 0.02545 0.0246274 0.0277745 0.0279435 0.0226489 0.0249723 0.0154862 0.0203795 0.0270588 0.0196543 0.026957 0.0303783 0.0333445 0.0337637 0.0388154 0.0313187 0.0304997 0.0461534 0.0444338 0.038743 0.0338082 0.027629 0.0223644 0.0252494 0.0318129 0.026889 0.0207792 0.0260623 0.0235749 0.0219957 0.00458408 5.62161e-05 
0 0 2.32654e-05 0.00105616 0.00371017 0.0133657 0.0267316 0.0341784 0.0367797 0.0408952 0.0305388 0.0365347 0.0298526 0.0200066 0.0236642 0.0260393 0.0245526 0.0253709 0.0244776 0.0277826 0.0197094 0.0194631 0.0346816 0.045339 0.0411155 0.042885 0.0358202 0.0395347 0.0233944 0.0328076 0.0322579 0.0327847 0.0239228 0.0262566 0.0353066 0.0440296 0.036338 0.0305384 0.0291819 0.027996 0.0232759 0.0166741 0.0180889 0.0187665 0.0249874 0.0358609 0.030192 0.0268074 0.0299603 0.0269304 0.0308606 0.0366977 0.0308971 0.032368 0.0447705 0.036216 0.0288754 0.028016 0.0244835 0.0214754 0.0245229 0.0268031 0.0228384 0.0282505 0.0229258 0.0239303 0.0134837 0.00303246 0 
0 0 0 0.000940327 0.0100877 0.018544 0.0236657 0.0275507 0.0381785 0.0416284 0.0376002 0.0381494 0.0312541 0.0163836 0.0161696 0.0159575 0.0243326 0.0234334 0.0240771 0.0202183 0.0218462 0.0208494 0.0410318 0.0428056 0.0313077 0.0297637 0.0345246 0.035702 0.022264 0.0225363 0.0248585 0.0312845 0.0268357 0.0332669 0.0346476 0.0272698 0.0357624 0.0346638 0.0299787 0.0237865 0.0228877 0.0241808 0.0225744 0.0319211 0.029817 0.0300058 0.0303951 0.0307894 0.0342037 0.0347402 0.0334079 0.0343999 0.0300965 0.02856 0.0306386 0.0321684 0.0284303 0.025342 0.0327315 0.0267837 0.0309612 0.026357 0.0308631 0.026825 0.0219938 0.0129598 0.00675218 0.000708761 0 
0 0 0 0.00325761 0.0187054 0.0294919 0.0264497 0.0278269 0.0370868 0.047711 0.0413807 0.0399293 0.0320764 0.0182201 0.0173631 0.0159768 0.0251894 0.019873 0.0260811 0.0239979 0.0232106 0.028256 0.0430828 0.0364834 0.0279373 0.0285581 0.0351072 0.0306006 0.0301266 0.0233619 0.0226773 0.0275871 0.0319866 0.0295527 0.0297939 0.0239892 0.0273873 0.0369345 0.0279381 0.0280026 0.0273645 0.0260795 0.0317574 0.0342644 0.0368327 0.0371177 0.0303582 0.0291891 0.0391559 0.0375334 0.0242254 0.0246122 0.0222559 0.0237792 0.031275 0.0307144 0.0269733 0.022964 0.0235698 0.0240877 0.0228713 0.0258157 0.0321527 0.030456 0.0153847 0.00895368 0.00259279 2.24447e-06 0 
0 0 0 0.00173327 0.0156871 0.0389729 0.0332512 0.0274052 0.0304371 0.0460475 0.0419772 0.037442 0.0287816 0.0210245 0.0139637 0.0166573 0.0231894 0.0221978 0.0203692 0.0198531 0.0204073 0.0273152 0.0241306 0.0238574 0.0350229 0.0419537 0.0353784 0.0225536 0.0257549 0.0302371 0.0268662 0.0200572 0.0301555 0.0306168 0.0294083 0.0303974 0.0317767 0.0293045 0.0280589 0.0293537 0.0235791 0.0284002 0.0305754 0.0341373 0.0326143 0.0317511 0.0337352 0.0314036 0.0415715 0.0263922 0.0193399 0.0280264 0.0242597 0.0269538 0.0382252 0.0279674 0.0232096 0.0212336 0.0211085 0.0262134 0.0197125 0.0260904 0.0326475 0.0286317 0.010988 0.00111973 0.000449702 0 0 
0 0 0 8.91719e-05 0.011236 0.0309261 0.0221034 0.0137197 0.0225426 0.0336177 0.0399576 0.0320993 0.0240119 0.0221962 0.0189272 0.022982 0.0243333 0.0222309 0.0181074 0.0192884 0.0255914 0.0204836 0.0190106 0.0183405 0.0326025 0.0382912 0.0332636 0.0260786 0.025016 0.0369861 0.0310701 0.0244626 0.0267249 0.0247741 0.0312282 0.0277423 0.0324685 0.026158 0.0298452 0.0273145 0.0280022 0.0243829 0.0269386 0.0256791 0.0317545 0.0283364 0.0339174 0.0330839 0.0333689 0.0303364 0.0207101 0.0207512 0.0198033 0.0200843 0.0286826 0.0311927 0.018314 0.0153126 0.0209332 0.0283118 0.0154265 0.0232015 0.0251864 0.0226787 0.0141343 0.00100003 0 0 0 
0 0 0 0 0.00161423 0.0084624 0.00974993 0.00955131 0.0167087 0.0344232 0.0289771 0.025796 0.0226735 0.0218975 0.0223072 0.0193123 0.019725 0.0176012 0.0164441 0.0191957 0.0240091 0.0256374 0.0275889 0.0212394 0.0202975 0.0134334 0.0171514 0.0213513 0.025713 0.0329489 0.034622 0.034231 0.0244921 0.0241624 0.0408369 0.0419447 0.0282795 0.0230918 0.0270053 0.0230042 0.0308621 0.0299567 0.0272357 0.0328572 0.0333607 0.0296304 0.0381925 0.0342878 0.0322286 0.0317024 0.0203184 0.0149965 0.013606 0.0154788 0.0216278 0.0205431 0.0108848 0.00879806 0.0109259 0.0182791 0.0134744 0.0152437 0.0172496 0.0219637 0.0103223 0.000300534 0 0 0 
0 0 0 0 0 0.000151078 0.000580405 0.00701748 0.0214234 0.0274031 0.0225268 0.0216023 0.0274934 0.0223516 0.0189113 0.0129283 0.018336 0.0185143 0.0152825 0.0143582 0.0178587 0.0175243 0.0276557 0.0217655 0.0220362 0.0237018 0.0192741 0.0188008 0.0201045 0.0289313 0.0343879 0.0341925 0.0366767 0.0381694 0.039901 0.0434059 0.0280674 0.0209791 0.0236544 0.0249039 0.030482 0.0304492 0.0299641 0.0393526 0.0369192 0.0368238 0.0475177 0.0414714 0.0400091 0.0238705 0.0182904 0.0129433 0.0149236 0.0138555 0.0150947 0.0175183 0.011098 0.0149654 0.01522 0.0292906 0.0228539 0.00692231 0.0089955 0.0135987 0.00571947 1.93626e-06 0 0 0 
0 0 0 0 0 0 0.000169309 0.00645284 0.0265403 0.023821 0.0159806 0.0170263 0.0273386 0.0211488 0.0224622 0.018931 0.0166385 0.016146 0.0137879 0.0166833 0.0156072 0.011553 0.0153094 0.0168865 0.0249331 0.0297946 0.0299211 0.0259657 0.0224829 0.0241273 0.0326897 0.0253381 0.0336987 0.0334934 0.0280141 0.0411161 0.0352651 0.0254494 0.0186642 0.0293321 0.0255798 0.0163464 0.0113861 0.0154887 0.02283 0.0237367 0.0295928 0.0303672 0.033276 0.0236901 0.0142423 0.0121842 0.0176536 0.0159755 0.0204708 0.0181741 0.0158786 0.0160976 0.0114521 0.0276318 0.0201363 0.00888335 0.00655628 0.00534328 0.0020282 0 0 0 0 
0 0 0 0 0 0 0.00118575 0.0149727 0.0253092 0.026165 0.0249602 0.0210625 0.0269868 0.0251241 0.0416354 0.0321278 0.0146799 0.0106278 0.0133646 0.0120465 0.0153963 0.0159606 0.0144059 0.0111285 0.0196659 0.0262895 0.0300597 0.0323972 0.0219487 0.0188555 0.0289674 0.0244852 0.024829 0.0254087 0.0265541 0.0352126 0.0427661 0.0321968 0.0249196 0.034001 0.031044 0.0152798 0.00296099 0.00293973 0.00704306 0.0105628 0.0154196 0.0228565 0.0263924 0.017407 0.0137286 0.0143054 0.0149428 0.0206467 0.0210654 0.0142823 0.012434 0.0093491 0.0083078 0.019111 0.0187276 0.0086837 0.00372334 0.00122147 9.75824e-05 0 0 0 0 
0 0 0 0 0 0 0.000683203 0.0113006 0.0146781 0.0260324 0.0290027 0.0193422 0.0272097 0.0307967 0.0256721 0.0261177 0.0204008 0.00920586 0.0175752 0.0137379 0.0149024 0.0160496 0.0126013 0.0126802 0.0189363 0.0216698 0.024362 0.0223823 0.0168553 0.0167057 0.0231642 0.0259936 0.0262853 0.0303852 0.0308003 0.0260963 0.0328814 0.0247271 0.0249375 0.038645 0.0459175 0.0240117 0.00600685 0.00342229 0.0045852 0.00821272 0.0134875 0.0290377 0.0261039 0.0197985 0.0153105 0.0141646 0.0112487 0.0213616 0.0196469 0.0111864 0.00794946 0.00390015 0.00462037 0.0147397 0.0194657 0.00831355 0.000504992 0.0001083 0 0 0 0 0 
0 0 0 0 0 0 2.60984e-05 0.00280961 0.0111736 0.017223 0.0262879 0.0199924 0.0204979 0.0194241 0.0153299 0.0203169 0.0210297 0.0085763 0.0121991 0.0143434 0.0158491 0.0177866 0.0185143 0.01553 0.0192974 0.0192934 0.0248524 0.0188702 0.0160685 0.0152351 0.0110529 0.0234692 0.0292067 0.032919 0.0284561 0.022119 0.0245717 0.0262293 0.0265596 0.0313231 0.0422271 0.0327017 0.0130373 0.0171906 0.0174858 0.00491728 0.00667491 0.02167 0.0265803 0.023603 0.0192005 0.00741115 0.00990842 0.0182241 0.0156699 0.0103491 0.00490642 0.00100263 0.000891968 0.00499627 0.00607984 0.00142081 3.32864e-06 0 0 0 0 0 0 
0 0 0 0 0 0 0 3.65455e-05 0.000690909 0.0103092 0.0249467 0.0254811 0.0210971 0.0148566 0.0159643 0.0169369 0.0207633 0.00952097 0.0114752 0.0186975 0.0191045 0.0196392 0.0227315 0.0157226 0.0110344 0.0199176 0.0141607 0.0141814 0.013314 0.0158913 0.0124579 0.0183662 0.023998 0.0219838 0.0201187 0.0183211 0.0286121 0.0270694 0.0255403 0.0311957 0.0346894 0.0263851 0.0245513 0.0189909 0.0124347 0.00377875 0.00422292 0.0120375 0.0129236 0.0207464 0.0229654 0.014455 0.0192836 0.0253079 0.0182488 0.0114901 0.0045673 0.00184574 9.83935e-05 0.000179353 4.35319e-05 0 0 0 0 0 0 0 0 
0 0 0 0 0 0 0 0 0.000145494 0.0054262 0.0206755 0.0208854 0.0189655 0.0169003 0.0176082 0.0198543 0.0161149 0.0153793 0.0145657 0.0244909 0.0164574 0.0193324 0.0168145 0.0127368 0.00998269 0.0173722 0.0120635 0.0116113 0.0148657 0.0175611 0.0114843 0.0177481 0.0213894 0.0193082 0.018444 0.0199243 0.0259218 0.0185667 0.0130774 0.0275314 0.032798 0.0283519 0.0214263 0.0164019 0.0104409 0.00440815 0.00325023 0.0140919 0.014326 0.0238557 0.022941 0.0199014 0.0320466 0.0339104 0.0286727 0.0144886 0.00925262 0.00605879 0.00022911 0 0 0 0 0 0 0 0 0 0 
0 0 0 0 0 0 0 0 0 0.000700433 0.010353 0.018888 0.0182515 0.0231886 0.0259108 0.0246081 0.020946 0.0283519 0.0348449 0.0326277 0.018544 0.0205914 0.0209804 0.0145171 0.00676645 0.0130564 0.0144548 0.0124621 0.0179001 0.0123469 0.00574078 0.0148791 0.018246 0.0215202 0.0174305 0.0288652 0.0270223 0.0197989 0.0136307 0.0211761 0.0280835 0.0274227 0.0258233 0.0162133 0.00535495 0.001661 0.00247535 0.00919899 0.0159964 0.0286867 0.0189611 0.00958792 0.0227913 0.0315404 0.0468864 0.0362478 0.024207 0.00703232 0.000361858 0 0 0 0 0 0 0 0 0 0 
0 0 0 0 0 0 0 0 0 0 0.00101675 0.00760945 0.0107288 0.0104567 0.0171834 0.0322685 0.0291383 0.0319134 0.0451278 0.0469124 0.0329604 0.0236934 0.0143314 0.0184378 0.0123357 0.00413456 0.00837464 0.0181498 0.0188641 0.00648483 0.00329145 0.00619187 0.0139658 0.017567 0.0171397 0.02792 0.0301199 0.0202334 0.0146374 0.0172419 0.0213594 0.0206579 0.0240151 0.0150506 0.00852231 0.00107894 0.000537152 0.00553391 0.0132707 0.0245169 0.022456 0.00851927 0.00865731 0.019771 0.0311501 0.0243157 0.02126 0.00561182 0.000119274 0 0 0 0 0 0 0 0 0 0 
0 0 0 0 0 0 0 0 0 0 0 0 0.000584986 0.000602562 0.00808526 0.0298232 0.0317015 0.0375999 0.0441355 0.0346222 0.0324347 0.0296955 0.012594 0.0186801 0.0146799 0.00152201 0.00347746 0.0120854 0.010896 0.00279802 0.0020406 0.00401473 0.0082833 0.0191539 0.0200446 0.023461 0.0356721 0.0270338 0.0199596 0.0154984 0.017867 0.0234282 0.0157703 0.0193299 0.0120901 0.00653282 0.00301747 0.00695559 0.00711257 0.0155706 0.0157513 0.0133177 0.0104117 0.0126276 0.0170721 0.0126697 0.00715659 0.000832463 1.03265e-06 0 0 0 0 0 0 0 0 0 0 
0 0 0 0 0 0 0 0 0 0 0 0 0 0 0.00660921 0.0233451 0.0340121 0.0341059 0.0407684 0.0241047 0.0163633 0.0237071 0.00896374 0.0126781 0.0122673 0.00206613 0.000407358 0.00158237 0.00279231 0.00287419 0.00401178 0.00491597 0.0101011 0.0163397 0.0158577 0.0213438 0.0361517 0.0319399 0.0259314 0.0139031 0.0172371 0.0142288 0.0121341 0.015333 0.0170177 0.00949172 0.0093742 0.00645562 0.00768087 0.00845014 0.00979017 0.00890465 0.0118055 0.0149377 0.0146032 0.00975988 0.000841627 0 0 0 0 0 0 0 0 0 0 0 0 
0 0 0 0 0 0 0 0 0 0 0 0 0 0 0.0015652 0.0155997 0.0290381 0.0217557 0.0366747 0.0203373 0.00520776 0.0127698 0.00381165 0.0077671 0.00449107 0.000760917 0 0.000341667 0.00428893 0.0108265 0.00944355 0.0115087 0.0125938 0.016531 0.0183993 0.0212917 0.0332121 0.0357593 0.0294134 0.0197689 0.0129471 0.0095951 0.013945 0.0217835 0.0234357 0.0148418 0.0192256 0.0136674 0.010737 0.0126455 0.0129317 0.0130799 0.0147112 0.00802637 0.00253125 0.000707232 7.33225e-07 0 0 0 0 0 0 0 0 0 0 0 0 
0 0 0 0 0 0 0 0 0 0 0 0 0 0 0 0.00214503 0.0105128 0.00814284 0.00816146 0.0032982 0.000350847 0.00359249 0.000965319 0.00233923 0.000721707 4.51046e-06 0.000705675 0.00344324 0.0116506 0.0191294 0.0158895 0.0134829 0.0136652 0.0183066 0.0192815 0.0194358 0.0257885 0.0349433 0.0257091 0.0191494 0.0171542 0.0101425 0.0191171 0.0318842 0.0175 0.0192965 0.0199921 0.0117406 0.0102096 0.0117529 0.0122561 0.011227 0.00616889 0.00266239 0.000204654 0 0 0 0 0 0 0 0 0 0 0 0 0 0 
0 0 0 0 0 0 0 0 0 0 0 0 0 0 0 0 0.000212878 0.000567222 0.000313317 4.04955e-05 0 0 4.91344e-05 0.000203119 4.25986e-05 0.000435011 0.00329136 0.00682285 0.0100849 0.0135969 0.017103 0.0139286 0.0112991 0.00985416 0.0135309 0.0188187 0.0260107 0.0271477 0.0209127 0.0169073 0.0209895 0.0125226 0.0165578 0.0254314 0.0255664 0.0249378 0.0213334 0.00746687 0.00441119 0.00542791 0.00774418 0.00446474 0.00118661 0 0 0 0 0 0 0 0 0 0 0 0 0 0 0 0 
0 0 0 0 0 0 0 0 0 0 0 0 0 0 0 0 0 0 0 0 0 0 0 0 0 0.00174585 0.00622091 0.00746391 0.0158505 0.0181307 0.0182615 0.0178618 0.0157009 0.012593 0.00989883 0.0172365 0.0198947 0.0219075 0.0203582 0.0188325 0.0247656 0.0169001 0.016895 0.0286402 0.0390058 0.0312301 0.0152593 0.00273043 0.000992529 0.000280733 4.2385e-05 5.78176e-06 0 0 0 0 0 0 0 0 0 0 0 0 0 0 0 0 0 
0 0 0 0 0 0 0 0 0 0 0 0 0 0 0 0 0 0 0 0 0 0 0 0.00014164 0.00126635 0.0016203 0.00423579 0.00628729 0.010836 0.0130901 0.0167593 0.0190272 0.0188081 0.00802902 0.00998097 0.0111142 0.0152159 0.0153353 0.0164019 0.0162329 0.013777 0.0142315 0.0219445 0.0236797 0.0243656 0.0119987 0.00248041 3.31845e-06 0 0 0 0 0 0 0 0 0 0 0 0 0 0 0 0 0 0 0 0 0 
0 0 0 0 0 0 0 0 0 0 0 0 0 0 0 0 0 0 0 0 0 0 0 0.000106272 0.000718268 0.00104918 0.000841576 0.00304429 0.00663 0.0117736 0.016889 0.0139508 0.010316 0.00323588 0.00568496 0.0100911 0.00816373 0.00843838 0.0107235 0.00914789 0.00733915 0.0096235 0.0146067 0.0112108 0.00346651 0.00138367 2.05588e-05 0 0 0 0 0 0 0 0 0 0 0 0 0 0 0 0 0 0 0 0 0 0 
0 0 0 0 0 0 0 0 0 0 0 0 0 0 0 0 0 0 0 0 0 0 0 0 0 3.62801e-05 8.26689e-05 0.00114227 0.00150634 0.000888131 0.00225613 0.00290213 0.000496471 1.4692e-05 0.000898976 0.00283975 0.0024237 0.00271751 0.00239159 0.000616147 0.0017121 0.00139045 0.00172791 0.000528387 2.11851e-05 0 0 0 0 0 0 0 0 0 0 0 0 0 0 0 0 0 0 0 0 0 0 0 0 

