0 0 0 0 0 0 0 0 0 0 0 0 0 0 0 0 0 0 0 0 0 0 0 0 0 0 0 0 0 2.48828e-06 5.72087e-05 2.62294e-05 2.84594e-05 0 0 0 0 5.22462e-05 0.000129922 0.00017643 2.11708e-05 0 0 0 0 0 0 0 0 0 0 0 0 0 0 0 0 0 0 0 0 0 0 0 0 0 0 0 0 
0 0 0 0 0 0 0 0 0 0 0 0 0 0 0 0 0 0 0 0 0 0 0 0 0 0.000117255 0.000408287 0.000879621 0.0040116 0.00628764 0.00561627 0.00652148 0.00500324 0.00147211 0.00030291 0.000366138 0.00246027 0.00567088 0.00837298 0.00888761 0.00663685 0.00362479 0.000727451 0 0 0 0 0 0 0 0 0 0 0 0 0 0 0 0 0 0 0 0 0 0 0 0 0 0 
0 0 0 0 0 0 0 0 0 0 0 0 0 0 0 0 0 0 0 0 0 0 0 3.56314e-06 0.00126754 0.00433836 0.00870904 0.0116771 0.0120469 0.0121653 0.0192734 0.0220183 0.0137805 0.0105263 0.00259467 0.00622689 0.0134803 0.0181823 0.0202307 0.0235311 0.0241484 0.0157991 0.00915686 0.00687203 0.00238077 0.00209391 0.000111523 0 0 0 0 0 0 0 0 0 0 0 0 0 0 0 0 0 0 0 0 0 0 
0 0 0 0 0 0 0 0 0 0 0 0 0 0 0 0 0 0 0 0 0.000252891 0.000628859 5.96839e-06 0.000205173 0.006679 0.0125634 0.0202485 0.0195815 0.0163662 0.0202512 0.0285708 0.0313948 0.026193 0.0177347 0.00670623 0.00772592 0.0127465 0.0268206 0.0311864 0.0268963 0.0286 0.0296705 0.0288092 0.0203603 0.0115238 0.0117287 0.0078529 0.00531437 0.00132724 0.000233739 0 0 0 0 0 0 0 0 0 0 0 0 0 0 0 0 0 0 0 
0 0 0 0 0 0 0 0 0 0 0 0 0 0 0 0 0 0 8.46544e-05 0.00105311 0.00741044 0.00841424 0.000501223 7.79181e-05 0.00525319 0.00824257 0.00989095 0.0159536 0.0162365 0.0203997 0.0302476 0.0301706 0.032059 0.0269374 0.0174999 0.0138193 0.0183881 0.0303902 0.0298525 0.0295518 0.0311677 0.020198 0.0257534 0.0240767 0.0250871 0.0247113 0.0288828 0.0215799 0.0117358 0.00388188 0.000774439 0.000310248 7.69338e-06 0 0 0 0 0 0 0 0 0 0 0 0 0 0 0 0 
0 0 0 0 0 0 0 0 0 0 0 0 0 0 0 0 0 0.00108778 0.00511424 0.00943158 0.0164715 0.0162061 0.00344841 0.000568386 0.00633184 0.00698846 0.0124204 0.0165445 0.0191617 0.0191603 0.019953 0.0233513 0.0233816 0.0264766 0.0210016 0.0236297 0.0405849 0.0386824 0.0293119 0.0237558 0.0288565 0.0320274 0.0289999 0.0318905 0.0276063 0.0250854 0.0281603 0.0255378 0.0266017 0.0180836 0.0139726 0.00881944 0.00135187 0 0 0 0 0 0 0 0 0 0 0 0 0 0 0 0 
0 0 0 0 0 0 0 0 0 0 0 0 0 0 3.21608e-06 0.000535405 0.00207028 0.00782363 0.0158141 0.0126688 0.0177823 0.0193691 0.00855439 0.00124863 0.0036032 0.0103472 0.018318 0.0163447 0.0162636 0.0293499 0.02842 0.0231162 0.0159066 0.0302208 0.038205 0.0442469 0.0343645 0.0331687 0.0240873 0.0272109 0.0297387 0.0428766 0.0357191 0.0360428 0.0281049 0.0223702 0.0233251 0.027897 0.0363343 0.0297531 0.0301053 0.0172308 0.00411367 0.000309093 0 0 0 0 0 0 0 0 0 0 0 0 0 0 0 
0 0 0 0 0 0 0 0 0 0 0 0 0 6.39039e-05 0.00307804 0.0102321 0.0174398 0.0132189 0.0203245 0.01659 0.0163913 0.0162993 0.00793643 0.00240082 0.0043661 0.0169612 0.0189011 0.010814 0.0122946 0.0176374 0.0286572 0.0248692 0.0161311 0.0197491 0.0262968 0.0310946 0.0311628 0.0316862 0.0289803 0.0343236 0.0276127 0.0266651 0.0319706 0.029261 0.026537 0.0248982 0.0216019 0.0209891 0.0254712 0.029866 0.0310021 0.0186541 0.00764882 0.00275582 0.00100469 7.76874e-05 0 0 0 0 0 0 0 0 0 0 0 0 0 
0 0 0 0 0 0 0 0 0 0 0 0 2.85197e-05 0.00172205 0.00754432 0.0095367 0.0107347 0.0173215 0.022278 0.0140254 0.0184312 0.0208389 0.00929632 0.010155 0.0136099 0.0168347 0.0128014 0.0141409 0.0156771 0.0137962 0.0144895 0.0215156 0.0137808 0.0189935 0.018887 0.0180041 0.030705 0.0351213 0.0264089 0.0304762 0.0392258 0.027244 0.0216018 0.0379652 0.0247698 0.0220901 0.0170568 0.023216 0.0272623 0.0266194 0.0374046 0.0310677 0.0249527 0.0127124 0.0138335 0.00454103 0.000367083 0 0 0 0 0 0 0 0 0 0 0 0 
0 0 0 0 0 0 0 0 0 0 0 8.11133e-05 0.00323007 0.00718491 0.0111751 0.0125983 0.0177589 0.0151256 0.0160526 0.0184917 0.0195052 0.0251043 0.018183 0.0210872 0.0201789 0.0161523 0.0151806 0.0187549 0.0207474 0.0174669 0.0122713 0.0101724 0.0145907 0.0162717 0.0131933 0.0144257 0.0340404 0.0353915 0.0281534 0.024575 0.0297583 0.03054 0.0256323 0.03564 0.0329145 0.0268533 0.0210265 0.0216455 0.0302236 0.0327719 0.0422147 0.0380779 0.0361649 0.0224265 0.0102102 0.00655526 0.00374603 0.00011681 0 0 0 0 0 0 0 0 0 0 0 
0 0 0 0 0 0 0 0 0 0 0.000448077 0.00414323 0.00826667 0.0117086 0.0200452 0.0216628 0.0214474 0.0190168 0.0271068 0.0373916 0.0260201 0.0256599 0.0183668 0.0219133 0.0234867 0.0262444 0.0203267 0.0212065 0.0188038 0.020592 0.0202785 0.00673467 0.0115594 0.00822314 0.0070657 0.0203235 0.0410464 0.0387545 0.0329316 0.02494 0.024864 0.0251919 0.0232098 0.0323073 0.0359793 0.0297017 0.0303556 0.0237693 0.034188 0.0339238 0.0287154 0.0222381 0.0276213 0.0285805 0.0178383 0.0081882 0.00805348 0.00504868 0.00236625 0.000144776 0 0 0 0 0 0 0 0 0 
0 0 0 0 0 0 0 0 0 0.000150658 0.00298423 0.00759251 0.0132374 0.0149259 0.0175313 0.0260246 0.0309857 0.0353923 0.0280444 0.0246335 0.0235783 0.0217271 0.0214857 0.0179215 0.0186404 0.0254297 0.0249359 0.0267689 0.0168786 0.0161475 0.0223474 0.00814905 0.0096858 0.0128249 0.0111343 0.0214705 0.0428153 0.0576713 0.0463933 0.0316595 0.0226763 0.0231874 0.0277604 0.0417102 0.0349034 0.0308512 0.0311052 0.0292649 0.0292048 0.0226102 0.021266 0.013825 0.02258 0.0270813 0.0236394 0.00916525 0.0125274 0.0170006 0.0206859 0.00255355 7.10164e-06 0 0 0 0 0 0 0 0 
0 0 0 0 0 0 0 0 0 0.00127682 0.00495951 0.0071603 0.00805824 0.0129687 0.0148806 0.0234978 0.032475 0.0281651 0.0141924 0.00750495 0.00851002 0.00599643 0.0155153 0.0144794 0.0243292 0.0349341 0.0330563 0.0380064 0.0209544 0.0130253 0.013676 0.00853186 0.00930148 0.0150695 0.0135787 0.012426 0.0244471 0.0420892 0.0362412 0.0267339 0.0210093 0.0197384 0.0216929 0.0314243 0.0296747 0.025544 0.0265771 0.0202871 0.0240188 0.0231884 0.0231425 0.0198013 0.0292978 0.0227167 0.0283434 0.0191458 0.0103686 0.0130676 0.01818 0.00778465 0.00201511 0 0 0 0 0 0 0 0 
0 0 0 0 0 0 0 0 0 0.000509725 0.00502456 0.0155123 0.0203754 0.0213306 0.00759112 0.00739534 0.0102255 0.0068257 0.00280673 0.00256106 0.00409579 0.00809065 0.0165015 0.0190625 0.0228948 0.0358017 0.0369731 0.030664 0.0240311 0.0126638 0.00955079 0.0120971 0.0207057 0.0192122 0.020827 0.0132799 0.0177883 0.0189185 0.0231773 0.0247559 0.0261149 0.0253671 0.025034 0.0268687 0.0256902 0.0215678 0.0267256 0.0164182 0.0198632 0.0210607 0.0216069 0.0270818 0.0318071 0.027469 0.0256785 0.0180392 0.0108371 0.0106935 0.0161984 0.0142017 0.00469288 0.000305722 3.22672e-06 0 0 0 0 0 0 
0 0 0 0 0 0 0 0 0 0.000505112 0.00568599 0.0140579 0.0225523 0.0213509 0.0057519 0.00517427 0.0042088 0.00184429 0.00302234 0.00424432 0.0075933 0.00896786 0.0200106 0.0227804 0.0239956 0.031775 0.029867 0.0228638 0.0243407 0.0181275 0.0232012 0.0232341 0.0242924 0.0197739 0.0194355 0.0190873 0.0237232 0.023774 0.0222389 0.0228638 0.0251692 0.0241903 0.0308991 0.0332245 0.0326112 0.0323265 0.0307006 0.0158176 0.0165379 0.021451 0.0232853 0.0235815 0.022807 0.0182368 0.0147387 0.011283 0.0121522 0.0111446 0.0170989 0.0224467 0.019716 0.0139696 0.00210841 5.72644e-06 0 0 0 0 0 
0 0 0 0 0 0 0 0 0.000868431 0.0011856 0.00590361 0.00807509 0.0117609 0.00950948 0.00828267 0.0109009 0.0102625 0.0067583 0.00837798 0.0132039 0.0138457 0.0190343 0.0275725 0.0277892 0.0268923 0.0209927 0.0213937 0.0214498 0.0338 0.0300285 0.0294993 0.0315135 0.0220445 0.0203556 0.0231523 0.0207112 0.0182002 0.0237051 0.025162 0.0201359 0.0174981 0.0237139 0.0259649 0.0279464 0.0286559 0.0320369 0.026938 0.0256351 0.016396 0.0168138 0.0200999 0.01489 0.0141455 0.0135896 0.0134499 0.0145053 0.0112712 0.0142529 0.0190916 0.0208886 0.0238951 0.0278006 0.0117826 0.000879563 0 0 0 0 0 
0 0 0 0 0 0 0.00100421 0.00317854 0.00428145 0.00531463 0.00676723 0.00991384 0.00942669 0.00865599 0.0182737 0.0206193 0.0226921 0.0105043 0.0169609 0.0219835 0.0217586 0.026771 0.026162 0.0236875 0.0231562 0.0182417 0.0313826 0.0279195 0.0295798 0.0246039 0.0221943 0.0268883 0.0339916 0.0314381 0.0354574 0.0311754 0.0272905 0.0263643 0.0320591 0.0260895 0.0253093 0.0443956 0.0271282 0.0271646 0.0262413 0.0265153 0.0194899 0.0235896 0.016086 0.0157801 0.0181244 0.0136767 0.0126178 0.0180941 0.019176 0.0162592 0.0161321 0.0230794 0.0212759 0.0191656 0.0236779 0.0292474 0.0178198 0.00411283 0.000196482 0 0 0 0 
0 0 0 0 0 4.21274e-05 0.00365076 0.00930691 0.0138237 0.0132464 0.0189013 0.0134023 0.00903326 0.00857958 0.0175371 0.015403 0.018419 0.0164956 0.0232593 0.020695 0.0205981 0.0271872 0.0222756 0.02177 0.0202025 0.0197509 0.022549 0.0242041 0.0241563 0.0170636 0.0202229 0.0289142 0.0352049 0.030824 0.0335726 0.0321772 0.0328081 0.0244119 0.0328794 0.0366569 0.0334642 0.0318201 0.0268754 0.0270125 0.0293575 0.026638 0.0208756 0.0186634 0.0185482 0.0246988 0.0199667 0.0069386 0.0118506 0.0170702 0.0152457 0.0120254 0.017763 0.0205548 0.0197191 0.0174697 0.0180403 0.0270229 0.0295634 0.0127588 0.00310576 0 0 0 0 
0 0 0 0 0.000309999 0.00337355 0.0117139 0.0199507 0.0250995 0.0196205 0.0218359 0.022736 0.0202763 0.0162212 0.0177847 0.0140013 0.0189841 0.0234022 0.0334499 0.0233197 0.0228571 0.0261401 0.0255223 0.0213065 0.0221599 0.0228956 0.0250532 0.0332653 0.0349155 0.0221036 0.0264316 0.0255438 0.0290318 0.0304636 0.0285922 0.0287273 0.0237328 0.0147777 0.0316811 0.0445807 0.0409713 0.0288037 0.0205323 0.019068 0.0253543 0.0302818 0.0236868 0.0203225 0.0220147 0.0233932 0.0223138 0.0126946 0.012452 0.0156519 0.0115085 0.0131269 0.016773 0.0240297 0.0262142 0.019001 0.0125402 0.0150553 0.0284481 0.0230853 0.00487615 0.000326567 0 0 0 
0 0 0 6.38058e-06 0.00139393 0.00771213 0.0182055 0.0235294 0.0177777 0.0171448 0.0246184 0.0189158 0.0228332 0.0127269 0.0148045 0.0203927 0.0201467 0.0248448 0.0277728 0.023583 0.020346 0.0256861 0.0315077 0.0349816 0.0251725 0.0183205 0.0189474 0.0316908 0.0273371 0.0277948 0.0249043 0.0256565 0.0319209 0.0291824 0.0302568 0.0179603 0.0171676 0.0175706 0.025574 0.031321 0.0294947 0.0253287 0.0194479 0.0208345 0.0237281 0.0178702 0.0227051 0.0294514 0.0215148 0.0179363 0.018863 0.0154832 0.020386 0.0176859 0.00965099 0.00987931 0.0163659 0.021473 0.0277291 0.0262155 0.0180963 0.0186016 0.0217022 0.0249577 0.010464 0.0013492 0 0 0 
0 0 0 0.00036027 0.00603794 0.0132817 0.020372 0.0187575 0.0149784 0.0174937 0.0253682 0.0174856 0.0187354 0.0192869 0.0225029 0.0254657 0.0224212 0.0269747 0.0291748 0.0279766 0.02347 0.0228136 0.0238261 0.0240772 0.0201437 0.0191922 0.021729 0.0335172 0.0295936 0.0261675 0.0247633 0.0265095 0.0389761 0.0271517 0.0231524 0.0210234 0.0266506 0.0207368 0.0228495 0.0193432 0.02352 0.0218102 0.021689 0.0297731 0.0337062 0.018844 0.0207095 0.0345918 0.0318278 0.0278788 0.024816 0.0158599 0.019726 0.0267715 0.0231628 0.0232729 0.0235574 0.0191523 0.02918 0.0337297 0.0243378 0.0170624 0.0178743 0.0263838 0.0119398 0.00146273 0 0 0 
0 0 0 0.00142899 0.00983296 0.0248094 0.0232783 0.00979497 0.0110834 0.0178416 0.0251904 0.0229666 0.0192967 0.0248459 0.0286905 0.0227242 0.0251545 0.019886 0.0238405 0.0293728 0.0325598 0.0271449 0.022141 0.0183466 0.0197194 0.0208348 0.0248858 0.0239498 0.0236568 0.0279107 0.0256959 0.0284625 0.0304381 0.0204922 0.0263589 0.0301478 0.0232886 0.0279217 0.0267715 0.0226775 0.0177252 0.0221258 0.0267062 0.0271917 0.0278289 0.0250331 0.0286953 0.030886 0.0287141 0.0310305 0.0312982 0.0223642 0.0213866 0.0245786 0.0274945 0.023887 0.0228691 0.0236185 0.0267644 0.0379543 0.0268513 0.0221397 0.0183629 0.0243169 0.0151841 0.00271706 0 0 0 
0 0 3.60198e-05 0.00374892 0.00712187 0.0165607 0.0157478 0.00242195 0.00339063 0.0147898 0.0198817 0.0266821 0.0181166 0.022609 0.0215489 0.0196844 0.0205042 0.0218298 0.027696 0.0297986 0.0341893 0.0305022 0.0244052 0.0157735 0.0244441 0.0276278 0.0210477 0.0221032 0.0305393 0.0259507 0.0254374 0.0262553 0.0285528 0.0267617 0.0343673 0.0249461 0.0225964 0.0260779 0.0214278 0.0202977 0.0222897 0.0258228 0.0259354 0.0277893 0.0254033 0.0295836 0.026589 0.0293834 0.0278885 0.0249587 0.025861 0.0226108 0.0253856 0.0220135 0.0278054 0.0318466 0.0352362 0.0289945 0.0322314 0.0344144 0.0275322 0.0288229 0.0229779 0.02117 0.0186138 0.00470004 0 0 0 
0 0 2.16078e-06 0.00150387 0.0102873 0.012925 0.0090444 0.00154794 0.00210206 0.00781962 0.012439 0.0202609 0.0195225 0.0223953 0.0219273 0.0184735 0.018553 0.0127722 0.0198901 0.0271664 0.0399777 0.0398575 0.0332853 0.0221328 0.0227905 0.0245614 0.0194572 0.0194105 0.0242016 0.0301074 0.0278368 0.0329411 0.0289248 0.0229804 0.0212907 0.0258178 0.0232817 0.0277865 0.0237194 0.0281173 0.0257591 0.0292955 0.025467 0.021418 0.0265182 0.0307107 0.0241368 0.0292038 0.0285568 0.0182226 0.0146435 0.025725 0.028898 0.0225133 0.020152 0.0254323 0.0329404 0.0379129 0.0247057 0.026442 0.0297069 0.0261142 0.0200492 0.0129476 0.01446 0.00468053 0.000210752 0 0 
0 0 0.000875877 0.00347085 0.00535127 0.00904235 0.00781526 0.00588785 0.00741587 0.00571351 0.0158063 0.0203103 0.0270351 0.0233107 0.0254605 0.0232562 0.0221359 0.0211069 0.0155071 0.0206869 0.0238419 0.0279146 0.0232302 0.0174587 0.0189003 0.0223937 0.0224701 0.0223578 0.0251194 0.0285598 0.0329158 0.0422503 0.0315595 0.0289444 0.0264859 0.021875 0.0280068 0.0292139 0.0302301 0.0257332 0.0299052 0.0325727 0.0306989 0.0238111 0.0285817 0.0274002 0.0419732 0.0438368 0.0246756 0.0199041 0.0175057 0.0181233 0.0186959 0.0173403 0.0183377 0.0218451 0.0208593 0.0220133 0.020747 0.0275952 0.0229955 0.0265097 0.0159747 0.0114054 0.0249206 0.00629963 0.000178933 0 0 
0 0 0.00441916 0.00933709 0.0100565 0.0118105 0.00888203 0.00669743 0.00861891 0.00633144 0.0182432 0.0227779 0.0263861 0.027325 0.0231016 0.018938 0.0175956 0.0215967 0.0237559 0.0174676 0.0157254 0.017676 0.0195087 0.0209223 0.0256772 0.0253742 0.0158276 0.0175993 0.0274217 0.0327886 0.0316763 0.0291502 0.0288779 0.0300014 0.0312586 0.0362136 0.0406297 0.0293032 0.0218745 0.0343798 0.0567892 0.0619786 0.0451859 0.0234614 0.0163913 0.0216502 0.033552 0.0426837 0.0237856 0.0170231 0.00920526 0.0127797 0.0146089 0.0212675 0.0213054 0.0181119 0.0177829 0.0242988 0.0147741 0.024906 0.0206851 0.0242684 0.0191076 0.0215496 0.0205563 0.00397523 0.000949963 3.34606e-05 0 
0 0 0.00256601 0.00475123 0.00365819 0.00284076 0.00196845 0.00603598 0.00580556 0.00886332 0.0195491 0.0290372 0.0265897 0.0224004 0.0211966 0.0185948 0.0185771 0.0200637 0.0252959 0.026832 0.0193578 0.0201349 0.0215629 0.0270815 0.0252468 0.0211749 0.0170356 0.0173532 0.0238861 0.0265746 0.025019 0.0216355 0.0255911 0.0242248 0.023728 0.0415857 0.050907 0.0427929 0.0386097 0.0716587 0.0636167 0.0342582 0.0220105 0.0214909 0.0152286 0.0153919 0.0155164 0.0270879 0.0251076 0.0204766 0.0103785 0.0111403 0.0106106 0.0110257 0.0155597 0.0204017 0.0313058 0.0250304 0.0159217 0.0183845 0.0238469 0.0255168 0.021939 0.0160811 0.0122467 0.00569301 0.00441209 0.0011017 7.10637e-05 
0 0 5.36079e-05 0.000443561 0.000849196 0.00255996 0.00713508 0.012177 0.013763 0.0192731 0.0258573 0.0233369 0.0308652 0.0235374 0.018942 0.0245731 0.024466 0.0230688 0.0257773 0.0220357 0.0262891 0.0293884 0.0293096 0.0196542 0.0258806 0.0264502 0.0221229 0.0203717 0.0257693 0.0312399 0.0252677 0.0239789 0.0295411 0.0250302 0.0317003 0.0417774 0.0471823 0.0442267 0.0581692 0.0827315 0.0642705 0.0556468 0.0220072 0.017012 0.0151317 0.0128253 0.0145676 0.0236221 0.0266659 0.0221717 0.0153807 0.00839388 0.012492 0.0126327 0.0130236 0.0196081 0.0327824 0.0234889 0.0200714 0.0241499 0.0284195 0.0277905 0.016306 0.00662419 0.0100972 0.00674701 0.00553121 0.00416721 0.000135681 
0 0 0.000962611 0.00449878 0.0082316 0.0101692 0.0217697 0.0172221 0.0162194 0.0196238 0.0163395 0.0186775 0.0297856 0.0269784 0.0167726 0.0218517 0.0233217 0.0178895 0.0151753 0.0216213 0.0357937 0.0268221 0.026684 0.0264837 0.0409849 0.0312389 0.025486 0.0313737 0.0325234 0.0232411 0.0229008 0.020457 0.0311923 0.0298205 0.0294416 0.0335451 0.0322362 0.0369925 0.0834379 0.0897977 0.105796 0.0646777 0.0283872 0.0173489 0.0165749 0.0212894 0.0199064 0.0281392 0.0284308 0.0173121 0.0112017 0.00781707 0.0137469 0.026118 0.0191184 0.0218123 0.0241859 0.0233922 0.0254123 0.0312117 0.0224352 0.0234643 0.010589 0.00955565 0.0153423 0.00970309 0.00301754 0.00585356 0.00113669 
2.6263e-06 0.00140332 0.00480365 0.0107017 0.0131327 0.0166364 0.0199118 0.0156029 0.0200371 0.0215553 0.0135961 0.0193656 0.0286176 0.0283552 0.02249 0.0206087 0.0223677 0.0166972 0.0156113 0.0266231 0.0324901 0.0252442 0.0238931 0.0294905 0.0266529 0.0395336 0.0270134 0.0216422 0.0271958 0.0204463 0.0218678 0.0204083 0.0226696 0.0337694 0.0270669 0.0301283 0.0248025 0.0373498 0.075057 0.0960156 0.157208 0.0754596 0.0184515 0.0159093 0.0236799 0.0252326 0.0218021 0.0289327 0.0257284 0.0195448 0.0142796 0.0117382 0.0169673 0.0213185 0.0188482 0.0204735 0.0237517 0.0322928 0.0291091 0.0311773 0.034075 0.0235818 0.0118974 0.00618427 0.0133211 0.0120546 0.00475075 0.00682332 0.00310314 
5.07432e-06 0.00176151 0.00386816 0.00621105 0.00919939 0.0204726 0.0239437 0.0218752 0.0192306 0.017769 0.0184028 0.0206134 0.0214311 0.0255411 0.0270145 0.0248405 0.0219955 0.0217808 0.0227335 0.0338525 0.0332597 0.0285969 0.0292028 0.0345511 0.0278936 0.0280722 0.0405686 0.0308987 0.0218094 0.017 0.0179507 0.0155741 0.0207843 0.0366199 0.0288328 0.0229517 0.027839 0.037326 0.0610378 0.0863349 0.0954196 0.0519874 0.0267042 0.0205833 0.029409 0.0437943 0.0409137 0.0375188 0.0277964 0.0210361 0.0184116 0.0177167 0.0192139 0.0187292 0.0173254 0.0151365 0.0237239 0.0328753 0.0307086 0.0292412 0.037035 0.0210788 0.0142644 0.00173307 0.00134151 0.0121532 0.0122811 0.0141126 0.00449846 
0 8.05038e-05 0.00235116 0.00251467 0.00470175 0.0149372 0.0199802 0.023694 0.0220575 0.0253756 0.0231235 0.0227479 0.0186512 0.02002 0.0258246 0.0233353 0.0264476 0.0193559 0.027874 0.0567231 0.0361914 0.0253528 0.0275955 0.0289184 0.0207937 0.019509 0.0298109 0.0700693 0.0348131 0.0144396 0.0169472 0.0111704 0.0169555 0.0327866 0.0380657 0.0320859 0.0339288 0.0731735 0.0439452 0.0360037 0.0382955 0.0292313 0.0310462 0.0279791 0.0344154 0.0448377 0.0514543 0.0319697 0.020577 0.0246513 0.0296143 0.0294959 0.0241473 0.018395 0.0161219 0.0196415 0.0247725 0.027551 0.0306848 0.0325098 0.0315492 0.020148 0.0162355 0.00714757 0.00639639 0.0089656 0.0180814 0.0143009 0.00312836 
0 0.00017448 0.00337306 0.0111833 0.0120106 0.0101632 0.0179238 0.0239766 0.0209723 0.0206833 0.0287005 0.0303712 0.0192151 0.0216055 0.0250373 0.0186184 0.0272743 0.0251607 0.030096 0.0383055 0.0359002 0.0195413 0.0182955 0.0226612 0.0243515 0.0216831 0.0149541 0.0502672 0.0293344 0.0119383 0.0126218 0.0131581 0.016948 0.0222152 0.0213093 0.0242621 0.0380541 0.0597466 0.0541715 0.027194 0.0189233 0.0301538 0.0283013 0.0240525 0.0305539 0.0287087 0.0354546 0.026449 0.018137 0.0324742 0.0473118 0.0303345 0.0218298 0.013896 0.0140727 0.0185736 0.0236133 0.0240105 0.0264873 0.0378843 0.0281217 0.0225746 0.0167501 0.0168293 0.0147982 0.0160731 0.0183729 0.0175682 0.00379993 
6.75291e-05 0.00363075 0.0143055 0.0170589 0.0169759 0.0106053 0.0159877 0.0248474 0.0234015 0.0213626 0.0256304 0.0171835 0.0214109 0.0226391 0.0190307 0.0176713 0.0217404 0.0226257 0.0304838 0.0295956 0.0211643 0.0186985 0.0134631 0.0203256 0.0207437 0.0214072 0.0240919 0.0215927 0.0116688 0.0156701 0.0171769 0.013779 0.0154905 0.0170171 0.0232727 0.0255488 0.0329971 0.0355306 0.0357969 0.0333108 0.0195767 0.0210078 0.0203533 0.0179472 0.0229968 0.0290883 0.0279222 0.0289629 0.0193903 0.0249383 0.0336105 0.0283426 0.0151294 0.0102995 0.0185829 0.0316066 0.0272857 0.0200922 0.0241133 0.0327177 0.0269639 0.0231776 0.0198425 0.0119262 0.0139725 0.013038 0.00777769 0.016974 0.00575341 
0.000252372 0.012773 0.0214038 0.010265 0.0101381 0.0112995 0.016664 0.0197725 0.0221438 0.0219881 0.0280791 0.0250845 0.0195982 0.0157973 0.017894 0.0169515 0.017601 0.0220259 0.0338175 0.0259893 0.0221562 0.0240161 0.0122561 0.0184116 0.0235431 0.0371682 0.0308104 0.0261698 0.0154871 0.0151127 0.0169957 0.0188477 0.0168644 0.0140303 0.0234335 0.032937 0.035524 0.031421 0.0284607 0.0353322 0.0166163 0.0174526 0.0158845 0.0184405 0.0197621 0.0210309 0.0284951 0.0258821 0.0207746 0.0264503 0.0242092 0.0195038 0.0185546 0.0124155 0.0148968 0.0232399 0.0308018 0.0249664 0.0256627 0.0287701 0.0201605 0.017266 0.011489 0.00691197 0.00393709 0.00334202 0.00244365 0.0150476 0.0101219 
0.000247885 0.00801261 0.0115447 0.0056601 0.00206122 0.00582698 0.0153151 0.0187783 0.0187223 0.0220189 0.0286042 0.0284381 0.0227096 0.0164312 0.0134858 0.0162858 0.0176713 0.0179295 0.0239585 0.0202174 0.0170685 0.0199327 0.0180215 0.0183081 0.0191256 0.0324599 0.0355242 0.0302925 0.0239648 0.0188776 0.0230187 0.0214261 0.0174306 0.0244143 0.0528888 0.0570039 0.0556647 0.0525848 0.0541977 0.038324 0.0175081 0.0175792 0.0144785 0.0222252 0.0209643 0.0161682 0.0226539 0.022735 0.0233232 0.0190426 0.0164757 0.0198254 0.0193633 0.0171531 0.0140242 0.0166979 0.0341551 0.034689 0.0331687 0.0334583 0.0154791 0.0198009 0.0160616 0.00655034 0.00175209 0.00274907 0.00278493 0.0112064 0.00905931 
0.000218094 0.000206819 0.0019122 0.000916649 0.00100859 0.0073415 0.0169443 0.0168124 0.0216142 0.0177837 0.0222814 0.0259364 0.0192167 0.0181869 0.0252425 0.0277933 0.0200099 0.0149654 0.017118 0.0209654 0.0165423 0.0234881 0.02509 0.0225282 0.0217754 0.0213542 0.0253263 0.031663 0.031047 0.0317272 0.0270714 0.0313946 0.026653 0.0337124 0.0410361 0.0427043 0.0565077 0.0770332 0.0600874 0.0229693 0.0171144 0.0178994 0.0252445 0.0212723 0.0170887 0.0135115 0.0112584 0.0124674 0.0134778 0.0149606 0.0175312 0.0202158 0.0237304 0.0197975 0.0209249 0.0230279 0.0344188 0.0322088 0.0268805 0.0207353 0.0239664 0.0259478 0.0212913 0.0117347 0.0071793 0.00435093 0.00536959 0.00946453 0.00417581 
1.118e-06 0 0 6.50805e-05 0.0034063 0.0112038 0.0168136 0.0150499 0.0245867 0.0193508 0.0155239 0.0181249 0.0207448 0.0247221 0.0320211 0.0240028 0.018262 0.0190617 0.0170911 0.0188027 0.0218372 0.0319034 0.0320791 0.0251152 0.0206332 0.0173829 0.0179316 0.03025 0.0514476 0.0310953 0.0255944 0.0364315 0.0254711 0.020397 0.0146184 0.0175203 0.0227319 0.040687 0.0247043 0.0183316 0.0201029 0.0217703 0.021181 0.0144419 0.0129159 0.0134472 0.0136638 0.0193114 0.0156677 0.0185731 0.0189341 0.0197484 0.0175837 0.0178791 0.018829 0.0153728 0.0219325 0.0363545 0.0211315 0.0191316 0.0220856 0.023132 0.0177327 0.0102892 0.0111288 0.0101318 0.00800054 0.00391153 0.000660649 
0 0 0 0.000383112 0.0049619 0.0150428 0.0226034 0.0193871 0.0227322 0.0174097 0.0119977 0.0139132 0.0225271 0.0285946 0.0204367 0.0197736 0.0212054 0.0271011 0.0264708 0.0211035 0.0227941 0.0201899 0.020516 0.0224737 0.0217481 0.0202689 0.0204853 0.0184745 0.028137 0.019152 0.0197271 0.0252907 0.021305 0.0239295 0.0222408 0.0175435 0.0202175 0.021451 0.0219788 0.0249258 0.0260823 0.0183589 0.0173782 0.0185481 0.0231121 0.0275615 0.0223142 0.0221107 0.0224677 0.0252322 0.0278446 0.0292842 0.021498 0.0221052 0.0219808 0.0154636 0.013666 0.0261879 0.0165831 0.0166818 0.0151581 0.0225772 0.0181472 0.0112113 0.0147643 0.020752 0.0130832 0.00669798 0 
0 0.000259508 0.00180399 0.00262007 0.0122364 0.0218144 0.0211327 0.0166552 0.0160038 0.0173744 0.0148346 0.00889656 0.0145247 0.027442 0.0245877 0.0217583 0.0207679 0.0283855 0.0323678 0.0252105 0.018992 0.0185046 0.0183951 0.0175069 0.0226949 0.0141185 0.0236704 0.0206957 0.0192306 0.0197415 0.0184048 0.0205823 0.0199457 0.0229877 0.0243023 0.0227003 0.0208898 0.0225435 0.0236804 0.0323175 0.0223718 0.0223243 0.0207232 0.0183377 0.0229862 0.0288154 0.0317987 0.0303057 0.022696 0.0167372 0.0210284 0.0199813 0.018705 0.0180232 0.018595 0.00817515 0.00644106 0.0210837 0.0358384 0.026516 0.0116167 0.0186312 0.0202027 0.0198873 0.0220875 0.0289456 0.0167126 0.0113681 0.000740859 
0 0.00142429 0.00700116 0.00869206 0.0164009 0.0212576 0.0258587 0.0139376 0.00746541 0.0109303 0.0133463 0.0121969 0.0141131 0.0217245 0.020419 0.0194856 0.0207465 0.0266205 0.0223892 0.021997 0.0254878 0.0191295 0.0132272 0.0172924 0.0210393 0.0156704 0.014545 0.0190223 0.0273313 0.0242873 0.0223372 0.0214111 0.0234157 0.0270696 0.0267665 0.0235339 0.0262684 0.0242364 0.0182572 0.0181358 0.024407 0.021108 0.0149475 0.0199689 0.019687 0.0201419 0.0276053 0.0250764 0.0238462 0.020393 0.0193732 0.0127502 0.0142553 0.0167922 0.016596 0.0100335 0.00871182 0.0263016 0.0399954 0.0340835 0.0174022 0.0156955 0.0211351 0.0338452 0.0247838 0.0233248 0.0151078 0.0129174 0.00198792 
0 0.000787878 0.0126791 0.0136072 0.0165715 0.0222447 0.0266772 0.0171866 0.00605643 0.00458699 0.0126915 0.0140704 0.0197354 0.0202679 0.0116356 0.012208 0.0135489 0.0192449 0.0230764 0.0233445 0.0252186 0.0181995 0.0165614 0.0151103 0.0180306 0.0182055 0.0166811 0.0167517 0.0230759 0.0158522 0.0155021 0.0179148 0.0224049 0.0206825 0.0259244 0.0221516 0.0226562 0.0170544 0.0178876 0.0220607 0.0186433 0.0176377 0.0214391 0.0235078 0.0204144 0.0193245 0.0178821 0.0187318 0.0289235 0.0178052 0.015354 0.0129591 0.0138626 0.0180045 0.0145917 0.00906431 0.0102696 0.0173125 0.0248236 0.0230886 0.0170319 0.018326 0.0227657 0.022164 0.0196006 0.0233904 0.0164287 0.00899639 0.00196165 
0 0.00139714 0.010422 0.0125887 0.0142899 0.0232292 0.0228147 0.0205619 0.0184331 0.0120099 0.0158001 0.0208624 0.021472 0.0170091 0.00696518 0.00847648 0.0119593 0.0146799 0.0165125 0.0237061 0.0205266 0.0139247 0.0128216 0.019945 0.0190711 0.0140688 0.0128199 0.0154122 0.0213484 0.0202293 0.0166067 0.0191108 0.0162755 0.0177896 0.0218367 0.0199459 0.0181261 0.0156289 0.0167762 0.0177977 0.0126143 0.0158105 0.0152076 0.0212521 0.0235616 0.0189852 0.0215429 0.0197986 0.0261896 0.0216501 0.0175177 0.0126067 0.0164806 0.0177906 0.0110254 0.0109692 0.00944909 0.0105382 0.0188379 0.0196373 0.0204711 0.0219118 0.0213238 0.0177388 0.0151641 0.0269541 0.0202417 0.00846768 0.000905948 
0 0.000667476 0.00628439 0.0150082 0.0159439 0.0200544 0.0222817 0.0207729 0.02379 0.0179774 0.0209236 0.0213488 0.0235601 0.0167896 0.0105881 0.0154483 0.0178147 0.0183377 0.0228753 0.0222528 0.0148114 0.019008 0.0171201 0.0214853 0.0264192 0.0179783 0.00901 0.0159824 0.0191655 0.0202707 0.0153778 0.0187754 0.0149561 0.0170338 0.0227233 0.0252572 0.0178212 0.0182608 0.0167946 0.0251361 0.0186781 0.0115053 0.0104612 0.0233169 0.0247868 0.0251005 0.0278485 0.021987 0.0232505 0.0264311 0.0202272 0.0208709 0.0206114 0.0177507 0.0179429 0.015654 0.0128249 0.0159374 0.0207033 0.0152452 0.0206398 0.0173099 0.0173699 0.0173734 0.0192564 0.0174302 0.0143172 0.00594788 0.000433394 
0 5.52706e-05 0.0033859 0.0155542 0.0222583 0.0191218 0.0227712 0.0166766 0.0203855 0.0173884 0.0184355 0.0177026 0.0189004 0.020155 0.0157889 0.0174697 0.0206893 0.0210584 0.0182929 0.0142377 0.0153382 0.0221966 0.0213651 0.0219809 0.0186985 0.0200273 0.0127628 0.0132591 0.0200549 0.0270615 0.0287386 0.0311805 0.0270412 0.0183371 0.0180972 0.0203057 0.019182 0.0236784 0.0197732 0.0164523 0.015983 0.0109346 0.0146351 0.0234161 0.0202612 0.0222037 0.0262396 0.0222353 0.0192373 0.020214 0.0165694 0.0179102 0.0177014 0.0193052 0.0244964 0.0169015 0.0151347 0.0158323 0.0161106 0.016803 0.0178962 0.018133 0.0213975 0.0233592 0.02281 0.00955496 0.00588608 0.0015878 8.4094e-08 
0 0 0.00170808 0.0159113 0.0190548 0.00934223 0.0124534 0.0141769 0.0167558 0.0167516 0.0168758 0.0156439 0.0181289 0.0214169 0.02407 0.0209298 0.0205871 0.0173882 0.0195711 0.0184863 0.0146768 0.020249 0.0182925 0.0142206 0.0168508 0.024686 0.0185541 0.0147242 0.0186379 0.0237278 0.0183211 0.0188822 0.0197201 0.0176615 0.0203055 0.0169551 0.0194098 0.0222869 0.0179982 0.0153795 0.016977 0.017541 0.0185561 0.0237582 0.0242563 0.0248969 0.030685 0.0346491 0.0135105 0.0151097 0.0155897 0.016878 0.0218908 0.0231313 0.0162723 0.0173166 0.0177 0.0118378 0.0125968 0.0191013 0.0196368 0.0178758 0.0189535 0.0205134 0.017252 0.0098016 0.00404954 0.000462439 0 
0 0 0.000363843 0.01127 0.0192604 0.0174096 0.013489 0.0129088 0.0197794 0.0216178 0.0171811 0.0171736 0.0218424 0.0279084 0.0266528 0.0194336 0.0178092 0.0146916 0.0192216 0.0228167 0.0217497 0.0208581 0.0232443 0.0165935 0.0179185 0.0186582 0.0203172 0.0190194 0.0190631 0.0188388 0.0186228 0.0140568 0.0135306 0.0135742 0.0147909 0.0177393 0.0165646 0.0150087 0.015163 0.0223302 0.025823 0.0227038 0.0226619 0.0226148 0.0236562 0.0234795 0.0244787 0.0234146 0.013384 0.0221861 0.0232129 0.0172207 0.0211885 0.022819 0.021476 0.0219229 0.0140868 0.0134466 0.018037 0.0220546 0.0216158 0.0247457 0.0186458 0.0135527 0.00770881 0.00470975 0.00180355 0.00014634 0 
0 0 8.83465e-06 0.00290846 0.00903464 0.0125468 0.0127025 0.00919312 0.010218 0.0247698 0.0159907 0.0160113 0.0216017 0.036978 0.0276676 0.017395 0.0128554 0.0158561 0.0218786 0.0214949 0.0239543 0.0257277 0.0241895 0.0176894 0.0140163 0.0148261 0.0164988 0.0159591 0.0146875 0.0200923 0.021311 0.0177155 0.0171134 0.013803 0.0141376 0.0162481 0.0180809 0.0149875 0.023883 0.0291333 0.027208 0.0217444 0.0208418 0.0246488 0.0240748 0.0261896 0.0263556 0.0140983 0.0153502 0.0253737 0.0319818 0.0256331 0.0167123 0.0203839 0.0177496 0.0165293 0.018988 0.0233325 0.0176369 0.0160286 0.0257289 0.0255183 0.013316 0.00885349 0.00411945 0.00169302 0.000166746 0 0 
0 0 0 8.73945e-05 0.00133043 0.00530205 0.015929 0.0111226 0.00873351 0.0104401 0.00672734 0.0113232 0.0225943 0.0255626 0.0236346 0.0166977 0.0110346 0.018599 0.0238167 0.0294349 0.0267164 0.0232465 0.0207905 0.0202395 0.0142957 0.0110898 0.0198186 0.0199327 0.0179368 0.0174301 0.0169793 0.0159315 0.0144962 0.00905403 0.0153026 0.0156937 0.0166184 0.0205408 0.0397788 0.0353696 0.0270722 0.0141561 0.0146206 0.0217133 0.0233449 0.0205208 0.0186916 0.01881 0.0289603 0.0282562 0.0270526 0.0210803 0.0146451 0.0168238 0.016957 0.0145771 0.0126701 0.0205259 0.0288361 0.0324342 0.027699 0.0278185 0.0151788 0.0113289 0.00420643 0.00200302 0.000258218 0 0 
0 0 0 0 0.00125604 0.00559603 0.019467 0.0228717 0.0172088 0.0147623 0.0115022 0.00469004 0.0104616 0.0205594 0.0168981 0.013092 0.0170521 0.0190903 0.0335784 0.0410264 0.0307219 0.0196516 0.0173223 0.0182268 0.01796 0.012214 0.0161423 0.0170312 0.0212219 0.016423 0.0138754 0.0183062 0.0170735 0.0169202 0.0166117 0.0195978 0.0161581 0.0244585 0.0291674 0.0241463 0.0200044 0.0144525 0.0148923 0.0189587 0.0224778 0.0249922 0.0255142 0.0300821 0.0264918 0.0194869 0.0200732 0.0211399 0.0341486 0.0226601 0.00822612 0.0143408 0.0126701 0.0112051 0.0131432 0.0210317 0.0258549 0.0325115 0.0229207 0.0147746 0.00643496 0.00145966 1.70764e-05 0 0 
0 0 0 0 0.00108434 0.00833975 0.0289608 0.025606 0.0151889 0.0118365 0.00539912 0.00344694 0.00767617 0.0182204 0.0147699 0.013946 0.0189804 0.0218606 0.0283831 0.0345255 0.02472 0.018258 0.0192768 0.0161194 0.0210456 0.0231135 0.0107154 0.00913492 0.0171648 0.0162377 0.0132725 0.0178821 0.0221304 0.0193311 0.0145788 0.0137584 0.0124631 0.016577 0.0214609 0.0173401 0.0154993 0.0162594 0.0183041 0.0171998 0.0221294 0.0424625 0.0289564 0.0179126 0.0129828 0.0135677 0.0149933 0.0227851 0.0339962 0.0177831 0.00453369 0.00593995 0.00638787 0.0081438 0.0118496 0.0160962 0.0282445 0.0329442 0.0327698 0.0191519 0.00403459 0.00046471 0 0 0 
0 0 0 0 0.00029012 0.00518837 0.0158859 0.0149235 0.00784346 0.00667044 0.00410427 0.00338515 0.0072719 0.0145956 0.0190827 0.0184703 0.0183622 0.0212899 0.0291551 0.024281 0.0176994 0.0188639 0.0147617 0.0191128 0.0247328 0.0245814 0.0210626 0.0074731 0.00950097 0.0159822 0.0153235 0.0144633 0.016889 0.0176031 0.016461 0.0186651 0.0171415 0.0205981 0.0178771 0.0161728 0.0185424 0.0209502 0.0253646 0.0185087 0.0189231 0.027486 0.0257421 0.00638048 0.00327383 0.00680961 0.00869025 0.0126453 0.0111325 0.00821107 0.0043628 0.00289824 0.00377021 0.00522736 0.00838849 0.0097509 0.015529 0.0154037 0.0274121 0.0233304 0.0034697 0 0 0 0 
0 0 0 0 1.13637e-05 0.000716823 0.00181665 0.00171741 0.0012027 0.00241522 0.00201574 0.00187469 0.0146227 0.0254413 0.0248357 0.0216248 0.0238511 0.019603 0.0220686 0.0173353 0.0166686 0.0119995 0.0109362 0.0211634 0.0207829 0.0240021 0.0224219 0.00838354 0.00477933 0.0107212 0.0136391 0.0155455 0.0186804 0.020748 0.0172374 0.0150032 0.0113336 0.0180661 0.0174054 0.0218543 0.0233982 0.0228023 0.0219066 0.0215943 0.0152869 0.0148244 0.0165035 0.00590138 0.0137652 0.00717205 0.0082928 0.0114706 0.00960169 0.0138766 0.0131221 0.0117952 0.0064177 0.00510327 0.00550849 0.00366002 0.00358919 0.00976436 0.0159198 0.010753 0.00162281 0 0 0 0 
0 0 0 0 0 0 0 0 0 0.000120707 2.18169e-05 0.00185925 0.0169574 0.0269144 0.0248402 0.0266974 0.0254435 0.023154 0.0206257 0.0127921 0.0117424 0.00720415 0.0079737 0.0126764 0.01799 0.0198364 0.0205517 0.0143009 0.0124856 0.00842556 0.013177 0.0198704 0.0240406 0.0191493 0.0220309 0.0248913 0.0165908 0.0230082 0.0179394 0.0249178 0.0269836 0.0192864 0.0190306 0.0178681 0.0148235 0.0137907 0.0111401 0.0368565 0.173319 0.0683495 0.00922212 0.0202273 0.0163023 0.0146456 0.00902549 0.00927813 0.008044 0.00651021 0.00977601 0.00500013 0.00141859 0.00525982 0.00950869 0.00203064 8.33611e-05 0 0 0 0 
0 0 0 0 0 0 0 0 0 0 0.000127515 0.00528166 0.0185457 0.0266867 0.0316104 0.0298548 0.0220801 0.0180591 0.0202303 0.0163629 0.0157587 0.0154223 0.0122242 0.0148035 0.0139441 0.0106811 0.0191754 0.024105 0.0219167 0.0108369 0.0040017 0.00609314 0.0139503 0.014835 0.0216361 0.0164294 0.0177987 0.0225991 0.0203209 0.0256794 0.0294542 0.0269737 0.0156922 0.0136919 0.0123955 0.0184024 0.0161296 0.0242719 0.133428 0.0427757 0.00826801 0.014779 0.0150504 0.00630146 0.00500494 0.00546579 0.00304789 0.00685945 0.0126951 0.01314 0.00779681 0.00458054 0.0037286 5.31296e-05 0 0 0 0 0 
0 0 0 0 0 0 0 0 0 0.0001878 0.00350924 0.0128799 0.018262 0.0261774 0.033813 0.0317504 0.0244874 0.0213113 0.0167113 0.0216492 0.0218482 0.0146269 0.0121434 0.0143627 0.0196109 0.0196657 0.0208215 0.0190411 0.0156799 0.0084082 0.00343937 0.000395812 0.00232519 0.00417239 0.0128326 0.0135406 0.0166195 0.0252865 0.0222635 0.0246073 0.0283352 0.0338598 0.0191318 0.0121349 0.0131196 0.0158413 0.0149526 0.0121994 0.0124356 0.00655573 0.01053 0.0174184 0.0176827 0.012544 0.0110586 0.00795781 0.00229776 0.00167133 0.0055429 0.00873379 0.00515408 0.00153054 6.61916e-06 0 0 0 0 0 0 
0 0 0 0 0 0 0 0 0.000129779 0.00376075 0.012932 0.0210053 0.0234687 0.0226209 0.0260812 0.0336748 0.0340828 0.023581 0.0153606 0.0201733 0.0208716 0.0127283 0.0130724 0.00873626 0.0195198 0.0164553 0.015515 0.00772283 0.00866411 0.0058786 0.000583975 0 0.00039429 0.00232527 0.00653369 0.0106231 0.0151059 0.0213676 0.0221077 0.018276 0.0251297 0.0381361 0.025157 0.0135545 0.0130288 0.0164512 0.0156962 0.0106809 0.0134717 0.0164096 0.0206799 0.0254495 0.0223628 0.0119744 0.00509235 0.00508964 0.00132288 0.000122973 0.000265728 0.00132065 0.000971442 0 0 0 0 0 0 0 0 
0 0 0 0 0 0 0 0 0.000164161 0.00449495 0.013805 0.0137416 0.0153676 0.0225954 0.0209806 0.0269484 0.0261479 0.0191861 0.0200024 0.0243938 0.0175208 0.0106004 0.0118198 0.0132261 0.0170793 0.0146822 0.0188667 0.0158179 0.0148094 0.00495734 0.000930503 0.000954346 0.00193291 0.0020262 0.0086299 0.011982 0.0228181 0.0229294 0.0231362 0.0169232 0.0222862 0.0234265 0.0222117 0.0230297 0.0149094 0.0112032 0.00872516 0.00699221 0.0117581 0.016134 0.0216615 0.0271287 0.0188387 0.00597068 0.0035894 0.000493646 0 0.00064027 0.000310676 0.000549331 0 0 0 0 0 0 0 0 0 
0 0 0 0 0 0 0 0 0 0.000533937 0.00547981 0.0103469 0.0171459 0.0242932 0.02096 0.0156313 0.0214179 0.024662 0.0208362 0.0187942 0.0124333 0.0163931 0.0180402 0.0181416 0.0210551 0.0247222 0.0274115 0.0150251 0.016659 0.00862433 0.000384464 0.00378364 0.00420328 0.00654302 0.0122695 0.0151887 0.0250496 0.0244496 0.0295781 0.0222502 0.0164974 0.0161807 0.0186301 0.01772 0.00872053 0.0112367 0.0134096 0.00871744 0.00422583 0.0097929 0.0172593 0.0140433 0.0189271 0.00832636 0.00611732 0.000760086 0 0 0 0 0 0 0 0 0 0 0 0 0 
0 0 0 0 0 0 0 0 0 0 0.000148605 0.0027843 0.0109714 0.0155294 0.0207738 0.0146312 0.0189298 0.0193663 0.0182643 0.0216724 0.0158387 0.0220889 0.0200648 0.026085 0.0271202 0.0228885 0.0174383 0.00688137 0.0138077 0.00526026 0.00126857 0.00309934 0.00694058 0.011895 0.01457 0.0116172 0.0177159 0.0181976 0.0172908 0.00598326 0.0073708 0.00883292 0.00942084 0.00860928 0.00973232 0.0187516 0.0225205 0.017016 0.0111335 0.00795271 0.0082258 0.01002 0.0199936 0.0101977 0.00597269 0.000697915 0 0 0 0 0 0 0 0 0 0 0 0 0 
0 0 0 0 0 0 0 0 0 0 0 0.000154373 0.00167158 0.00417785 0.00773124 0.00700233 0.0165805 0.014329 0.0132452 0.0275527 0.0342372 0.0302263 0.0201559 0.0137837 0.0147523 0.0145229 0.00868691 0.00292047 0.00482981 0.00274615 0.00160565 0.00630629 0.00853437 0.0127448 0.016061 0.0133447 0.0151773 0.0134814 0.00593973 0.00272625 0.00500414 0.00532999 0.00680247 0.00834761 0.0141905 0.0342891 0.0326271 0.0180806 0.00757764 0.00653492 0.00775766 0.0137038 0.0117724 0.0108483 0.0218656 0.00600281 0 0 0 0 0 0 0 0 0 0 0 0 0 
0 0 0 0 0 0 0 0 0 0 0 0 0 4.42671e-07 0.000635162 0.00515939 0.0145026 0.0198463 0.0145611 0.0260608 0.0369928 0.0334876 0.0211808 0.0198859 0.0133488 0.0129332 0.00906172 0.00585306 0.00121874 1.96023e-05 0.00242875 0.0037118 0.00460272 0.00803601 0.0135899 0.0160041 0.0129765 0.00644285 0.00341677 0.00489235 0.00644456 0.00849258 0.0109476 0.0118566 0.0182506 0.0257741 0.0318588 0.0219193 0.00667645 0.0098371 0.0136377 0.0137925 0.0127246 0.0182465 0.0365608 0.0112161 0 0 0 0 0 0 0 0 0 0 0 0 0 
0 0 0 0 0 0 0 0 0 0 0 0 0 0 4.84758e-05 0.00350279 0.0100875 0.0124563 0.0142809 0.0191156 0.0231871 0.0207826 0.0235422 0.0254772 0.0189172 0.0330223 0.0238456 0.00817849 0.000602658 0.000253094 0.00389488 0.00972003 0.00627861 0.00969849 0.0158418 0.0123025 0.00633116 0.00482493 0.00398684 0.015488 0.043768 0.0178292 0.0109894 0.016316 0.0249108 0.0211137 0.0230557 0.0116986 0.00861304 0.0122602 0.0169517 0.0134936 0.0126502 0.0167079 0.012308 0.00279008 0 0 0 0 0 0 0 0 0 0 0 0 0 
0 0 0 0 0 0 0 0 0 0 0 0 0 0 0 0.000664975 0.00438537 0.0074364 0.00555174 0.0108945 0.0168654 0.014785 0.0214494 0.0243037 0.0190999 0.0269115 0.0258344 0.0210872 0.0029095 0.00112138 0.00589087 0.00757153 0.0144288 0.0183029 0.0103028 0.00851878 0.00689493 0.00565318 0.00573096 0.030682 0.105251 0.0277705 0.0116532 0.0184021 0.0216747 0.0171511 0.010973 0.0124585 0.0104635 0.00926966 0.0118727 0.00899419 0.00722562 0.00489545 0.000946158 3.08869e-05 0 0 0 0 0 0 0 0 0 0 0 0 0 
0 0 0 0 0 0 0 0 0 0 0 0 0 0 0 0 0.00013443 0.0012692 0.00317293 0.0087066 0.0239891 0.0188366 0.00845126 0.01072 0.011359 0.0197467 0.0278752 0.0467231 0.022925 0.00193812 0.00415739 0.00885835 0.0196859 0.0168718 0.00863035 0.00638559 0.00894097 0.00887925 0.00762356 0.0127584 0.035267 0.0139157 0.0137315 0.0186863 0.0214842 0.0164489 0.0135942 0.0189944 0.0101116 0.00677434 0.00468848 0.00370346 0.00213939 0.000124686 0 0 0 0 0 0 0 0 0 0 0 0 0 0 0 
0 0 0 0 0 0 0 0 0 0 0 0 0 0 0 0 0 0 0.000153474 0.00198442 0.0125245 0.0095605 0.00503491 0.00240227 0.00567794 0.0125088 0.029793 0.0582497 0.0459218 0.00714989 0.00839278 0.0112043 0.0168767 0.0130082 0.0179516 0.0128573 0.0114757 0.0105014 0.00949329 0.0112098 0.00820442 0.010302 0.0144927 0.0152046 0.0113492 0.00762044 0.00694722 0.0108531 0.00561784 0.00108035 0.000776754 0.000155621 0 0 0 0 0 0 0 0 0 0 0 0 0 0 0 0 0 
0 0 0 0 0 0 0 0 0 0 0 0 0 0 0 0 0 0 0 0 0.000785579 0.00332962 0.000915552 0.000893235 0.00327639 0.00539855 0.0133667 0.0323532 0.0246473 0.0101998 0.00793591 0.00974973 0.0192928 0.0140192 0.0217368 0.0149883 0.0092895 0.0088492 0.00882627 0.00929104 0.00906496 0.0108742 0.0136338 0.00906376 0.00416191 0.00195856 0.00162877 0.00199118 0.000225465 0 0 0 0 0 0 0 0 0 0 0 0 0 0 0 0 0 0 0 0 
0 0 0 0 0 0 0 0 0 0 0 0 0 0 0 0 0 0 0 0 0 0 0 0.000230562 0.00118614 0.00281201 0.00306714 0.0102822 0.00835308 0.00410027 0.00488135 0.00858872 0.0126989 0.00808408 0.0103819 0.0152379 0.00840434 0.00744119 0.00948311 0.0087989 0.0119613 0.0160755 0.0107166 0.00287606 0.000186291 0 0 0 0 0 0 0 0 0 0 0 0 0 0 0 0 0 0 0 0 0 0 0 0 
0 0 0 0 0 0 0 0 0 0 0 0 0 0 0 0 0 0 0 0 0 0 0 0 0 4.43124e-05 0.000112024 0.000155657 2.23501e-05 0 0.00023573 0.00101162 0.00253449 0.00192393 0.000992339 0.00295321 0.000699696 0.000812041 0.00073235 0.00192469 0.00401289 0.0026278 0.00229485 0.000710097 0 0 0 0 0 0 0 0 0 0 0 0 0 0 0 0 0 0 0 0 0 0 0 0 0 

