0 0 0 0 0 0 0 0 0 0 0 0 0 0 0 0 0 0 0 0 0 0 0 0 0 0 0 0 0 0 0 0.00109202 0.00145386 0.00115729 0.00111387 0.000238758 0 0 0 0 0 0 0 0 0 0 0 0 0 0 0 0 0 0 0 0 0 0 0 0 0 0 0 0 0 0 0 0 0 
0 0 0 0 0 0 0 0 0 0 0 0 0 0 0 0 0 0 0 0 0 0 0 0 0 1.73487e-05 0.000842296 0.00350885 0.00189654 0.000496068 0.00200835 0.0143359 0.0176553 0.0124909 0.0123361 0.00638705 0.000425071 0 0 1.85267e-05 0.000406206 0.000657091 0.00128517 0.000474151 0 0 0 0 0 0 0 0 0 0 0 0 0 0 0 0 0 0 0 0 0 0 0 0 0 
0 0 0 0 0 0 0 0 0 0 0 0 0 0 0 0 0 0 0 0 0 0 6.51466e-06 0.000294515 0.000878047 0.00289004 0.00807244 0.0162671 0.0122324 0.00755581 0.0180394 0.0278506 0.0273221 0.0203957 0.0177793 0.0165198 0.00694623 0.000409318 0 0.00220171 0.00516789 0.00365602 0.00808834 0.00698739 0.00175943 0.000935574 0.000282979 0 0 0 0 0 0 0 0 0 0 0 0 0 0 0 0 0 0 0 0 0 0 
0 0 0 0 0 0 0 0 0 0 0 0 0 0 0 0 0 0 0 0 3.84764e-06 0.00213749 0.0043792 0.00581719 0.00875964 0.0120459 0.0150335 0.0169962 0.0172331 0.0237176 0.0226283 0.0248748 0.0258059 0.0200414 0.0226981 0.020422 0.0146201 0.00683277 0.00021857 0.000843269 0.00216804 0.00260341 0.00778316 0.00672869 0.00554102 0.00348688 0.00253148 0.00143573 0.000961373 0.000241837 0 0 0 0 0 0 0 0 0 0 0 0 0 0 0 0 0 0 0 
0 0 0 0 0 0 0 0 0 0 0 0 0 0 0 0 0 0 0 0.000193904 0.0019237 0.0110554 0.0118916 0.0102228 0.012797 0.0187643 0.0194647 0.0159964 0.0191956 0.0231991 0.0213301 0.0211302 0.0268942 0.0229167 0.023876 0.0189042 0.0182049 0.0116215 0.0032708 0.00122607 0.00181145 0.00359443 0.00789251 0.0116674 0.0142991 0.00977563 0.00656889 0.0120179 0.00998399 0.00368522 0.00198076 0.00012076 2.89793e-06 0 0 0 0 0 0 0 0 0 0 0 0 0 0 0 0 
0 0 0 0 0 0 0 0 0 0 0 0 0 0 0 0 0 4.11873e-05 6.11549e-05 0.00128373 0.00999042 0.0182576 0.0161994 0.0232824 0.021313 0.020214 0.0172369 0.0186031 0.0216007 0.0173793 0.0208231 0.0190638 0.0210681 0.0204065 0.0208704 0.0173089 0.0113721 0.0144633 0.00764023 0.00176935 0.0039194 0.00364665 0.00744286 0.00813072 0.00943393 0.0120944 0.00996167 0.0234375 0.0222483 0.0161419 0.00687548 0.00164239 2.33743e-05 0 0 0 0 0 0 0 0 0 0 0 0 0 0 0 0 
0 0 0 0 0 0 0 0 0 0 0 0 0 0 0 5.43029e-05 0.000337006 0.00355481 0.00405889 0.0057994 0.0165062 0.0242845 0.0266762 0.0243066 0.0256787 0.0191677 0.0154778 0.0164461 0.0200991 0.0165215 0.0222142 0.0201194 0.0222793 0.0233168 0.0249588 0.0223107 0.0139477 0.0195193 0.0158204 0.00584329 0.00309081 0.00346386 0.00444207 0.0147338 0.0153986 0.0127525 0.0220621 0.0255406 0.0305956 0.0283486 0.0110902 0.00383199 0.000177345 0 0 0 0 0 0 0 0 0 0 0 0 0 0 0 0 
0 0 0 0 0 0 0 0 0 0 0 0 0 0 0.000301805 0.00382603 0.00929552 0.0138886 0.0163172 0.0103726 0.0112492 0.0151155 0.0179487 0.0143933 0.0136938 0.0174096 0.0182169 0.0173264 0.0151415 0.0188527 0.0152889 0.0149144 0.0260255 0.0322534 0.0333211 0.0269958 0.018961 0.0215665 0.0224203 0.0146478 0.0149535 0.00914656 0.0119246 0.0213312 0.0172664 0.0192877 0.0215995 0.029525 0.0256368 0.0161466 0.011693 0.00972962 0.00178922 0.00214837 0.00216516 8.36529e-05 0 0 0 0 0 0 0 0 0 0 0 0 0 
0 0 0 0 0 0 0 0 0 0 0 0 0 0.00010465 0.0012801 0.00786182 0.0147017 0.0187295 0.0208369 0.0202807 0.0223289 0.0150738 0.0120262 0.00718685 0.00656451 0.0102712 0.0196034 0.0217423 0.0195059 0.0224165 0.0190416 0.0170034 0.0226653 0.0296037 0.0263895 0.0284326 0.0223529 0.0238914 0.0211488 0.021053 0.0233176 0.02319 0.0267656 0.0245847 0.0243846 0.0174392 0.0155439 0.0172433 0.0193708 0.00958717 0.0114188 0.00900095 0.00442521 0.00912431 0.0057576 0.000568891 4.32321e-05 5.58493e-05 0 0 0 0 0 0 0 0 0 0 0 
0 0 0 0 0 0 0 0 0 0 0 0.000336618 0.000422669 0.00302963 0.00658818 0.00590408 0.0168029 0.0254441 0.0194245 0.0182389 0.0199315 0.0220485 0.0133413 0.00479678 0.00448363 0.0141296 0.0156127 0.0209808 0.020551 0.0292135 0.02143 0.0177259 0.023989 0.0293762 0.0254333 0.0345146 0.0251704 0.0217507 0.0220299 0.0205103 0.0212179 0.0241643 0.024845 0.0289846 0.0317263 0.027444 0.0219211 0.0202497 0.0214343 0.0137552 0.0142726 0.00892394 0.00461821 0.0027574 0.00143912 0.00116255 0.00134885 0.00229616 9.08325e-05 0 0 0 0 0 0 0 0 0 0 
0 0 0 0 0 0 0 0 0 0 0.000865706 0.0091512 0.0080269 0.0136487 0.0135482 0.010225 0.0124736 0.0215021 0.0157104 0.0138462 0.015846 0.0213762 0.013327 0.00882792 0.00943659 0.0185607 0.0261412 0.0235582 0.0179629 0.018999 0.0212245 0.0252714 0.0297091 0.0271293 0.0198449 0.0247657 0.0245161 0.0224545 0.0122786 0.0132764 0.022238 0.0268089 0.0321798 0.0314668 0.0389696 0.026406 0.021124 0.0200799 0.0204525 0.0166724 0.014899 0.00962008 0.00506759 0.00125977 6.69374e-05 0.00340411 0.00575229 0.00509552 0.000982154 0 0 0 0 0 0 0 0 0 0 
0 0 0 0 0 0 0 0 0 9.26385e-06 0.00653041 0.0145927 0.0161155 0.0165097 0.014547 0.0119007 0.0161928 0.0279456 0.0185065 0.0136836 0.0166032 0.0207484 0.0185668 0.00940313 0.0150676 0.0249998 0.0234827 0.0275262 0.0238204 0.0156127 0.0226503 0.0258683 0.0193306 0.0163429 0.0124752 0.0140858 0.0331806 0.0225409 0.0116949 0.0117331 0.0231189 0.0329114 0.0429185 0.0342419 0.029498 0.0157855 0.0165821 0.0198118 0.023321 0.0178882 0.0137808 0.0116129 0.00564092 0.0023138 0.00147489 0.0062383 0.00952728 0.00600345 0.00227946 0.00025345 0 0 0 0 0 0 0 0 0 
0 0 0 0 0 0 0 0 8.4581e-05 0.00324833 0.0151166 0.017666 0.018065 0.0208781 0.0216828 0.0199376 0.0160175 0.0250262 0.0220853 0.0204381 0.0170665 0.0186006 0.0156408 0.0124419 0.0146848 0.0266881 0.0350067 0.0290431 0.02247 0.0195374 0.0303441 0.0284009 0.0227986 0.014675 0.0203322 0.0253035 0.0221008 0.0197358 0.0140228 0.0204115 0.0302122 0.0274024 0.028404 0.0332294 0.0293548 0.0164362 0.0131642 0.0203226 0.0215609 0.0154497 0.0117992 0.0135103 0.0085274 0.00744326 0.00608867 0.00418701 0.00864144 0.00493656 0.0025583 0.00186937 0.000385022 0 0 0 0 0 0 0 0 
0 0 0 0 0 0 0 0 0.000980889 0.00672428 0.0149667 0.0180832 0.0195379 0.0213551 0.0223683 0.0183313 0.0153115 0.0119019 0.0198983 0.0206435 0.0259688 0.0310872 0.0291675 0.0232643 0.0153807 0.0166703 0.0182434 0.0216029 0.0140157 0.0180403 0.036732 0.0321684 0.0295181 0.0174706 0.0162371 0.0254814 0.0208966 0.0197966 0.020036 0.0241865 0.0310545 0.0330501 0.0395944 0.0332176 0.0373818 0.0206316 0.0166315 0.0161019 0.0230905 0.0149946 0.00955438 0.0177914 0.0209014 0.0131972 0.00796673 0.00528072 0.00748257 0.00923681 0.00576149 0.00666949 0.00376937 0.000273985 0 0 0 0 0 0 0 
0 0 0 0 0 0 0 0 0.00181948 0.00891472 0.0189929 0.0139105 0.0182317 0.0183983 0.0209621 0.0224151 0.0199142 0.0172458 0.0156392 0.0194388 0.0247143 0.023391 0.0283261 0.0186376 0.019191 0.0180806 0.0174686 0.0204288 0.01642 0.0196115 0.037124 0.0400874 0.034742 0.0180865 0.0124412 0.0217868 0.0176639 0.0148969 0.018297 0.0150216 0.0196099 0.022767 0.0321332 0.0300833 0.0329669 0.0285973 0.0160635 0.0153279 0.0161256 0.0173585 0.0146128 0.0223275 0.0230728 0.0180234 0.0106235 0.0113759 0.0104766 0.0102491 0.0108643 0.0116768 0.00862731 0.00148294 0.000194526 0 0 0 0 0 0 
0 0 0 0 0 0 4.02274e-05 0.000149217 0.000474263 0.00594488 0.014877 0.0155176 0.0146233 0.0189058 0.0228558 0.0281106 0.0222314 0.0205513 0.0174969 0.0204187 0.0228033 0.0224755 0.0230843 0.0226912 0.0195425 0.0145686 0.0173136 0.0220186 0.0275241 0.028605 0.0373842 0.034901 0.0245802 0.0198409 0.0200503 0.0156953 0.00946959 0.0144219 0.0224032 0.0224311 0.0195367 0.0193039 0.0149091 0.0295023 0.0245993 0.023327 0.0150272 0.00754607 0.012346 0.0124771 0.0115747 0.0188901 0.0153634 0.0116597 0.0113959 0.0105407 0.00948664 0.0102777 0.0151464 0.00985417 0.0122076 0.00667988 0.00108439 5.20738e-05 0 0 0 0 0 
0 0 0 0 0 9.64557e-05 0.00191349 0.00283754 0.00380959 0.00456715 0.00976128 0.0142093 0.0182263 0.0198571 0.018008 0.0225234 0.0190503 0.0239484 0.0246668 0.024163 0.0176564 0.0193555 0.0195589 0.0232791 0.022751 0.0153804 0.0167701 0.0252972 0.0306474 0.0355241 0.0332041 0.0221158 0.0192579 0.0188399 0.0254341 0.0203997 0.0129561 0.0168398 0.0252096 0.021828 0.0300122 0.0248583 0.025396 0.0267984 0.0233574 0.0243331 0.0143583 0.00961767 0.00943289 0.00822437 0.0106721 0.00952038 0.0126398 0.0147882 0.0150416 0.0122359 0.0105583 0.0105988 0.0141401 0.0101056 0.0103995 0.00768992 0.0032709 0.000312708 0 0 0 0 0 
0 0 0 0 1.26645e-06 0.000523439 0.00561282 0.00879439 0.0117505 0.00965233 0.0143611 0.0201703 0.0215034 0.0219993 0.0190436 0.0242658 0.021146 0.0222152 0.015944 0.0225272 0.0202259 0.0185726 0.0158506 0.0209546 0.0222484 0.0141148 0.0150632 0.0281666 0.0246822 0.023338 0.030069 0.0276368 0.0271751 0.0249586 0.0248849 0.024764 0.0168247 0.016213 0.0216949 0.0206433 0.023272 0.0238837 0.0311892 0.0262489 0.0268583 0.0365222 0.028566 0.0140821 0.0187858 0.0109716 0.0116546 0.00967313 0.0138755 0.0149121 0.0109429 0.00988609 0.0079973 0.00743573 0.00689959 0.00917037 0.00596326 0.00846358 0.00601652 0.00137081 0 0 0 0 0 
0 0 0 0 0.000204288 0.00441259 0.00888398 0.0189618 0.0217762 0.0184861 0.0181538 0.0206082 0.0198612 0.0197466 0.016288 0.0187243 0.0173462 0.0189442 0.0160657 0.0182965 0.0176574 0.0154967 0.0146405 0.0222438 0.027802 0.0221766 0.0240879 0.0389587 0.0326242 0.0241999 0.0248932 0.0343032 0.0243724 0.0344178 0.0234125 0.0216833 0.0191428 0.0235593 0.0317213 0.0307625 0.0357447 0.0276237 0.018527 0.0192453 0.0263908 0.0289234 0.0293427 0.0187606 0.0172701 0.0134224 0.0143163 0.00956213 0.0136565 0.0174925 0.00923028 0.012076 0.0136087 0.0065103 0.00651253 0.00837014 0.00776333 0.0075088 0.00708142 0.00338991 2.62381e-05 0 0 0 0 
0 0 0 0 0.00214262 0.013715 0.019723 0.0234317 0.0265475 0.0208656 0.019245 0.0212707 0.0146376 0.0147886 0.0188463 0.0191265 0.0210164 0.0168726 0.0206562 0.0175703 0.0158261 0.0133239 0.0147507 0.018908 0.0212169 0.023684 0.0203608 0.0300289 0.0344296 0.0204523 0.0270949 0.0642451 0.0293734 0.0237495 0.0263259 0.0168036 0.0173167 0.0165039 0.0158113 0.0177948 0.0249756 0.0491542 0.037807 0.0239242 0.0210958 0.0199109 0.0243727 0.0296192 0.0366947 0.0250772 0.018303 0.0169102 0.0105709 0.00889022 0.0060761 0.00967665 0.0117774 0.00484482 0.00419223 0.00440089 0.0058988 0.0052854 0.0086354 0.00965032 0.000997866 0 0 0 0 
0 0 0 0.000112725 0.00462164 0.017645 0.0242633 0.0181577 0.0218744 0.024234 0.0256427 0.0180118 0.0159751 0.0203895 0.0194407 0.0218221 0.0238878 0.0169355 0.0246764 0.0230919 0.0161467 0.0109953 0.0185414 0.0204909 0.02319 0.0280728 0.0273879 0.0230813 0.0210716 0.0226437 0.0330943 0.0393946 0.0260539 0.0209027 0.0207041 0.0260012 0.0190254 0.0218507 0.019123 0.0179261 0.0242213 0.0254872 0.0259876 0.021629 0.0211272 0.020208 0.020728 0.0355112 0.0474527 0.034579 0.0251183 0.0185587 0.0156868 0.00951411 0.00573729 0.00779297 0.00940763 0.00715712 0.00559558 0.00521743 0.00641862 0.0095192 0.00871037 0.0116527 0.00252276 0.000442915 0 0 0 
0 0 0 8.10907e-05 0.00344278 0.0115767 0.0225339 0.0137336 0.0191124 0.0269805 0.0211797 0.0252089 0.0174781 0.0181831 0.0237383 0.0224508 0.0191432 0.0173107 0.0194756 0.0223305 0.012968 0.013641 0.0171887 0.0189366 0.0245197 0.025929 0.0262403 0.025022 0.0198441 0.025627 0.0317581 0.0288204 0.0235637 0.0269374 0.0229416 0.0264041 0.022123 0.0215111 0.0226824 0.0248109 0.0278946 0.02255 0.0217473 0.0299851 0.0212424 0.0257511 0.0276899 0.0245242 0.0227496 0.0202646 0.021485 0.0168333 0.016094 0.0140876 0.00706711 0.00669733 0.00714931 0.0064845 0.00635729 0.00628724 0.0140184 0.0164778 0.0151997 0.0134954 0.00839592 0.00403244 0.000122274 0 0 
0 0 0 0.00256791 0.00954558 0.0185468 0.0192833 0.0169136 0.016905 0.0177013 0.0143884 0.0169187 0.0152696 0.0241834 0.0293993 0.0274683 0.0201115 0.0112274 0.0149289 0.0180249 0.0170697 0.0151067 0.019297 0.0193251 0.0195856 0.0224439 0.0216202 0.0273912 0.0184782 0.0227763 0.0258598 0.0255433 0.0307944 0.0391208 0.0311198 0.0273966 0.0239963 0.0191125 0.0177957 0.0227121 0.0277936 0.0321449 0.0304383 0.0274756 0.0257366 0.0169599 0.0165476 0.0186035 0.0234876 0.0167383 0.0123849 0.0175771 0.0188352 0.0113572 0.00836408 0.00939418 0.00836594 0.00783683 0.00759414 0.00979872 0.0126679 0.0191053 0.0156853 0.0105891 0.01543 0.00638107 0.000967065 0 0 
0 0 0 0.0026595 0.00703233 0.00724962 0.00968899 0.00889978 0.00992467 0.00725965 0.0112327 0.0149627 0.0232278 0.0259618 0.0294753 0.0245154 0.0187461 0.0164687 0.0198923 0.0224577 0.0224393 0.0166276 0.0193121 0.0228085 0.0177508 0.0239103 0.029428 0.025678 0.0231869 0.0237562 0.0303906 0.0270536 0.0339938 0.0269984 0.0350181 0.0320882 0.0251553 0.0205386 0.0184922 0.021538 0.0258712 0.0345814 0.0260978 0.0176926 0.019396 0.0158042 0.0154749 0.0160331 0.019841 0.0150961 0.00889449 0.0101874 0.0108554 0.00803371 0.0122764 0.0121833 0.011683 0.00783505 0.0123614 0.0127519 0.0134419 0.0149584 0.0132409 0.0116208 0.0140145 0.00870708 0.000923095 0.000109763 0 
0 0 0 0 0.000667173 0.00172241 0.00360244 0.00397786 0.0074029 0.00573789 0.0131845 0.0175574 0.0138262 0.0181932 0.0230211 0.02338 0.018404 0.0192905 0.0167882 0.0242343 0.0271577 0.035828 0.0308508 0.0232294 0.0258233 0.0211734 0.0192052 0.021168 0.0247117 0.0307819 0.0549405 0.0532119 0.0382935 0.0279251 0.0403068 0.0387454 0.0257953 0.0199893 0.0170779 0.0225002 0.030391 0.0296699 0.0222902 0.0182854 0.0147351 0.0242434 0.0182856 0.01441 0.0140608 0.00960937 0.00801351 0.010382 0.00883508 0.00862014 0.0162782 0.0128885 0.0112627 0.00884846 0.0152851 0.0202025 0.018801 0.0134454 0.0130225 0.0124808 0.0117748 0.00433603 0.000521265 0.000737307 0 
0 0 0 0 0 0.000541524 0.00194889 0.00321496 0.00153499 0.00155777 0.0125381 0.0186516 0.0227354 0.0168172 0.014183 0.0166037 0.0250948 0.0218432 0.0220772 0.0242854 0.0265774 0.0295253 0.030395 0.0351889 0.0242825 0.0277056 0.0291213 0.0301065 0.0317158 0.0365486 0.0636774 0.0545231 0.034966 0.0243478 0.0218714 0.0263816 0.020911 0.0215922 0.0226571 0.0287967 0.0375827 0.0257665 0.0216486 0.0237478 0.0238721 0.0262597 0.0237166 0.0145419 0.0132067 0.0102286 0.00796446 0.00438502 0.00539253 0.0114054 0.0221384 0.0191293 0.0180198 0.0114539 0.0179987 0.0377796 0.0325763 0.0264339 0.020353 0.0127343 0.00831927 0.00442355 0.00125317 0.00109664 8.87189e-05 
0 0 2.81964e-05 0.000932132 0.0022019 0.0032535 0.00304352 0.00256644 0.00368609 0.00815164 0.0130203 0.0162503 0.0237869 0.0249359 0.0147898 0.0168533 0.0245363 0.0275895 0.0240383 0.0247352 0.027313 0.0217859 0.0239268 0.0260496 0.0252134 0.0263257 0.0246442 0.0312629 0.0289591 0.0390326 0.0400633 0.0358163 0.0248938 0.0120312 0.0115307 0.0154776 0.019106 0.0279963 0.022432 0.0240311 0.0308329 0.0217779 0.0195261 0.0361201 0.0393515 0.0362245 0.0241818 0.0218554 0.0172714 0.0109587 0.0087909 0.00457994 0.00462608 0.0127346 0.0290532 0.0314538 0.0201835 0.0169644 0.0180384 0.0429758 0.0440966 0.0271977 0.0164365 0.0158248 0.0151246 0.00669314 0.00435779 0.00372226 0.000583958 
0 0.000117305 0.00285963 0.00679924 0.00992918 0.00906087 0.010066 0.00705545 0.0103172 0.0158162 0.020525 0.0181681 0.019215 0.0256848 0.021151 0.020008 0.0204253 0.0287597 0.0266334 0.0174962 0.0188979 0.0192118 0.019176 0.0254653 0.0270649 0.0233678 0.0358828 0.0390735 0.0290134 0.0296183 0.0222978 0.0235039 0.0200237 0.0150483 0.0187577 0.0249124 0.0228863 0.0206278 0.017068 0.0186922 0.0235936 0.0266124 0.0241784 0.0367649 0.0318832 0.0234999 0.0277531 0.0200688 0.0180704 0.017117 0.0118376 0.00456104 0.00563033 0.00961866 0.0204306 0.0301907 0.025343 0.0151145 0.0153535 0.0237428 0.0342194 0.0158949 0.0119374 0.017858 0.0155068 0.00996215 0.00560418 0.00449381 0.000291496 
0 0.00144622 0.0101386 0.00819205 0.0100048 0.0164299 0.0173352 0.0132744 0.0126681 0.0145866 0.016708 0.0196371 0.0174366 0.0192922 0.0140654 0.0234192 0.0260237 0.0255693 0.029407 0.0185356 0.0193465 0.0186123 0.0198018 0.0241246 0.0210165 0.0320988 0.047593 0.0390999 0.0313104 0.0370307 0.0305836 0.0135135 0.0182337 0.0170156 0.0192917 0.0183898 0.0165493 0.0145545 0.0180195 0.0213766 0.0215153 0.0266929 0.0282254 0.0293846 0.031673 0.0216701 0.0268298 0.0227282 0.0218508 0.0231462 0.0203601 0.0130912 0.010373 0.0145317 0.0143927 0.0148322 0.0182355 0.0135565 0.0155543 0.0218819 0.0187634 0.0107731 0.0108092 0.0141071 0.0174253 0.0206398 0.0140587 0.00632362 0.0010759 
0 0.00138245 0.00979195 0.0117764 0.00825625 0.0149877 0.019268 0.0146952 0.017111 0.0149709 0.0198624 0.0244374 0.0175582 0.016481 0.0167693 0.0211667 0.0255229 0.0237741 0.0245135 0.0155809 0.019728 0.0210056 0.021058 0.0166742 0.0227121 0.0235788 0.0382003 0.0355037 0.0391409 0.0421595 0.0378556 0.0186224 0.0232832 0.0209989 0.0116423 0.0139147 0.0178981 0.0175649 0.0134921 0.0232749 0.0164968 0.0205469 0.0264495 0.0233167 0.0201701 0.0181608 0.0180268 0.0183019 0.01535 0.0232372 0.0252371 0.0290921 0.0240651 0.0245978 0.0215771 0.0218647 0.020135 0.0187889 0.0145093 0.0144141 0.020559 0.0151101 0.0124808 0.0118748 0.0168387 0.0201939 0.0169839 0.00930635 0.00124483 
0 0.000298068 0.00355749 0.0103122 0.0134163 0.0139767 0.0194281 0.0115976 0.0186407 0.0191873 0.0192223 0.0291364 0.0249834 0.023641 0.0200274 0.0168234 0.0232307 0.019534 0.0211832 0.0243661 0.0233283 0.0238772 0.0267651 0.0237542 0.0230332 0.0197186 0.0158682 0.0291074 0.0396571 0.0429541 0.0293505 0.0282227 0.0205203 0.0162942 0.0142803 0.0112344 0.010669 0.0162492 0.0134465 0.0117416 0.013625 0.018335 0.0202885 0.0243574 0.0199436 0.0155392 0.0151096 0.0130483 0.0130673 0.0146159 0.0190779 0.0248147 0.020186 0.0240375 0.0245075 0.0290742 0.023869 0.0213824 0.015185 0.0186319 0.0162478 0.0130681 0.0147488 0.0152176 0.0179142 0.0188028 0.011011 0.00880219 0.0034239 
0 0.000790594 0.004358 0.0109305 0.0156428 0.0127129 0.0149025 0.0152135 0.0197782 0.0208646 0.0212535 0.0264808 0.0310428 0.0218138 0.0159188 0.0142143 0.0217448 0.0234413 0.0169787 0.0177965 0.020331 0.024465 0.0205624 0.0197453 0.0175406 0.0209573 0.0271908 0.0313162 0.0393583 0.0397422 0.0326514 0.0306993 0.0273366 0.0156572 0.0194271 0.0167402 0.0152563 0.0113138 0.00806572 0.0102928 0.0153489 0.021995 0.0239671 0.0235173 0.0184225 0.0199378 0.0129414 0.01201 0.0126486 0.00651723 0.00980677 0.0198259 0.022475 0.0202551 0.0203661 0.0239591 0.0246226 0.0195393 0.0174344 0.0176036 0.0164808 0.0182233 0.0181481 0.0196768 0.0180494 0.0151852 0.00957203 0.00686264 0.00195397 
0 0.000542561 0.00207715 0.010182 0.0156361 0.0162006 0.0133439 0.0149719 0.0134453 0.0169226 0.0200693 0.0128708 0.0237428 0.0257259 0.020166 0.0138242 0.0185755 0.0172179 0.0167969 0.0196431 0.0173596 0.0220484 0.0190737 0.0173307 0.0277738 0.0227951 0.0219084 0.0262876 0.0265247 0.0275454 0.0303848 0.034102 0.0291775 0.00954799 0.0205698 0.021372 0.0142482 0.00952659 0.0081588 0.00621791 0.00871441 0.0205555 0.0232039 0.0216131 0.0129998 0.0120342 0.012155 0.00892737 0.0107302 0.00976241 0.0178178 0.0208555 0.0205625 0.0162275 0.0197623 0.015651 0.0180535 0.0217199 0.0150071 0.0124664 0.013532 0.0181484 0.0180797 0.01935 0.0180232 0.0142937 0.0121388 0.00317092 4.80108e-05 
0 0.000365196 0.00391316 0.00527429 0.00780696 0.0149688 0.017685 0.0156168 0.013769 0.0158219 0.0190954 0.0162501 0.0173742 0.0185199 0.0173587 0.0184032 0.0194988 0.0182884 0.0210406 0.0203102 0.0212328 0.0165439 0.0229999 0.0327074 0.0347203 0.0239799 0.0253214 0.0220154 0.029329 0.0309581 0.0305673 0.0316324 0.0317293 0.0171702 0.0148379 0.0183786 0.0160406 0.0109055 0.00920229 0.0103448 0.0118085 0.0157614 0.0163219 0.0115859 0.0109555 0.0104042 0.0156744 0.0124563 0.0118054 0.0130245 0.0160337 0.0191544 0.0197332 0.0145202 0.0150482 0.0181489 0.0181177 0.0160235 0.013229 0.0104091 0.0124263 0.0201907 0.018049 0.0132411 0.0143866 0.0196696 0.00962947 0.00164258 0 
5.78663e-05 0.00153624 0.00784036 0.00425349 0.00925625 0.0167611 0.0140622 0.0136938 0.0209814 0.0191726 0.0193671 0.0235488 0.0172065 0.017766 0.0168165 0.01732 0.0219735 0.0206832 0.0241283 0.0237648 0.0243068 0.0247431 0.0254887 0.0236864 0.0200331 0.0208154 0.0171202 0.0268661 0.0419384 0.0320309 0.0254406 0.0225967 0.0368154 0.0375017 0.0202679 0.0181973 0.01912 0.0150984 0.0124214 0.0204956 0.0160402 0.0119875 0.0160897 0.0123066 0.0108167 0.0130479 0.0173967 0.014359 0.014583 0.0135729 0.0131838 0.0147024 0.0158086 0.014542 0.0286529 0.0260097 0.0260391 0.0174036 0.0146748 0.0138451 0.0153825 0.0179467 0.0155757 0.0174721 0.0204816 0.0182976 0.0131363 0.00385886 4.63804e-05 
0.00109621 0.0118975 0.0104941 0.00681627 0.0124941 0.0150847 0.0193141 0.0213819 0.0234684 0.0205332 0.0235606 0.0195343 0.0199485 0.0257758 0.0194375 0.020946 0.0229853 0.0211736 0.0204196 0.0217329 0.0212197 0.0298979 0.0343228 0.0189557 0.0181421 0.0185664 0.0193137 0.0348338 0.0392481 0.0244728 0.0179026 0.0202563 0.0357996 0.0500163 0.0311875 0.0249671 0.0183864 0.0186571 0.0126137 0.0152799 0.0129767 0.0110031 0.0185438 0.0104921 0.012841 0.0124551 0.0175368 0.0151721 0.0149617 0.0137708 0.0124948 0.0143015 0.0173889 0.0186696 0.0270329 0.0241662 0.0214008 0.0221287 0.0184658 0.0149794 0.0202976 0.0193675 0.023011 0.0196241 0.0155279 0.0135456 0.0116538 0.00607489 0.000801945 
0 0.00268058 0.00429017 0.0147542 0.0143661 0.0184731 0.0266981 0.0210305 0.0247225 0.0246369 0.0237285 0.0213495 0.0226009 0.0276707 0.0249418 0.0203291 0.0195976 0.0251605 0.0214382 0.0187907 0.0215682 0.0259755 0.0245684 0.0168034 0.0112966 0.0193005 0.0209235 0.0213472 0.0287908 0.0199815 0.0177969 0.0248963 0.0271048 0.0264211 0.0264979 0.0268803 0.0194876 0.0243021 0.0163408 0.0117394 0.011465 0.0138268 0.0208071 0.0148473 0.00983595 0.0117308 0.0155058 0.0172817 0.0284626 0.0365204 0.0292165 0.0144699 0.014665 0.0203793 0.019894 0.0209422 0.0217379 0.0198525 0.0167057 0.0151255 0.0166281 0.0208143 0.0240627 0.0273917 0.0234059 0.0141342 0.00934503 0.00686812 0.000553564 
0 5.24564e-05 0.0044164 0.0164447 0.0164462 0.0203227 0.0227908 0.0156791 0.0207243 0.0175774 0.0133043 0.0192187 0.0233246 0.026393 0.0268329 0.0169226 0.0205824 0.0266166 0.0202714 0.0176437 0.0237026 0.0261787 0.023387 0.0162555 0.0146401 0.0201144 0.0183045 0.0221045 0.0234452 0.0193592 0.0218825 0.0234861 0.0215887 0.0262093 0.019283 0.0148164 0.0243829 0.0191579 0.015825 0.0142966 0.0134772 0.0161069 0.0186725 0.0172001 0.0141459 0.00975253 0.0118922 0.0199497 0.0389499 0.0615635 0.0278975 0.0149053 0.0122482 0.011177 0.0145837 0.0219637 0.0237585 0.016498 0.0167821 0.0135653 0.014328 0.0172253 0.0199514 0.0241127 0.0200567 0.00439351 0.0046789 0.00571152 0.00131754 
0 0.00171966 0.00930913 0.0161809 0.0199544 0.0249353 0.0143548 0.013839 0.0161508 0.018406 0.0175958 0.0249729 0.0196793 0.0202309 0.0192841 0.0158471 0.0189634 0.0241896 0.0204875 0.0181024 0.0168994 0.012084 0.0168443 0.0174073 0.0219884 0.0178616 0.0137151 0.0205266 0.024762 0.0264677 0.0291162 0.0189853 0.0204765 0.0212202 0.0181116 0.0197139 0.0271614 0.0182447 0.0134796 0.0156879 0.0164467 0.0167455 0.0195672 0.0227793 0.0183896 0.0208799 0.0136604 0.0137629 0.0246 0.0357157 0.0154799 0.0116769 0.00961925 0.0128907 0.0144992 0.0189621 0.0216995 0.0146103 0.0175706 0.0144837 0.0128573 0.0200339 0.019282 0.022975 0.0113443 0.00555941 0.00535124 0.008016 0.00289063 
0 0.00231942 0.00825173 0.0169486 0.0215503 0.0179673 0.0136837 0.0129631 0.0162011 0.0280245 0.0282958 0.0238821 0.0215161 0.0163719 0.0147079 0.0139173 0.0189598 0.0228861 0.0167779 0.0145581 0.01398 0.020714 0.0338009 0.0380249 0.0277642 0.0202894 0.0160493 0.0167923 0.0262595 0.0320219 0.0268264 0.0250446 0.0321232 0.0230274 0.0180409 0.0196398 0.0204687 0.0207414 0.0141691 0.0180142 0.0223212 0.0188975 0.0186432 0.0180251 0.016171 0.0151869 0.0143268 0.012646 0.0139592 0.0158738 0.0162236 0.0158043 0.0116823 0.0174339 0.020681 0.0229509 0.0191384 0.0140719 0.0103211 0.0118211 0.0108201 0.0197397 0.0237105 0.0248869 0.0184107 0.0100852 0.0132279 0.0101184 0.00361284 
0 0.000493321 0.0047817 0.0146186 0.0204934 0.0147927 0.0213804 0.0230601 0.0206284 0.0286256 0.0240581 0.0221911 0.0176227 0.0130947 0.0126451 0.017438 0.0170557 0.0149069 0.0177274 0.0266004 0.0249052 0.0243568 0.0599873 0.0458616 0.0183558 0.0180713 0.0187616 0.0208552 0.0200626 0.0242425 0.0223022 0.0314249 0.0304241 0.0199769 0.0218672 0.0224309 0.0199715 0.0241966 0.0194381 0.0215793 0.0187889 0.015529 0.0182763 0.0156162 0.0164702 0.0187466 0.020903 0.0146828 0.0100821 0.0117908 0.0179373 0.0195437 0.020436 0.0268038 0.037784 0.0254501 0.0180085 0.0166201 0.0122591 0.015809 0.0147478 0.0129814 0.0175416 0.0229263 0.0201902 0.0140478 0.00848374 0.00458678 0.00128837 
0 0 0.00295089 0.0076739 0.0129594 0.00648873 0.0158968 0.0344054 0.0259604 0.0251707 0.0235213 0.0278166 0.0265903 0.0245797 0.0172573 0.0193355 0.0176957 0.017974 0.0215153 0.0332941 0.0308749 0.0193449 0.0275737 0.0303857 0.0215719 0.0176393 0.0175228 0.0172684 0.0119664 0.0138773 0.0229524 0.0274272 0.0255485 0.0279796 0.0329359 0.0283222 0.0190202 0.0238783 0.0239844 0.0189883 0.0165327 0.0186742 0.0189028 0.0205459 0.0149935 0.0199381 0.0146433 0.0137892 0.0181391 0.0177252 0.0194872 0.0160501 0.0182319 0.0262878 0.0377985 0.0215151 0.0165616 0.0159654 0.0129898 0.013101 0.0139518 0.0197855 0.0178839 0.0179916 0.0141568 0.00667037 0.00303169 0.00412482 0.00237657 
0 0 0.0010828 0.00576154 0.00633554 0.00577423 0.0143449 0.0604135 0.0509417 0.0414014 0.0244619 0.0388954 0.0411874 0.0235585 0.025041 0.0178146 0.0160128 0.0236138 0.0223758 0.0227586 0.0182931 0.0143185 0.0196943 0.0216082 0.0240537 0.0189766 0.0185599 0.0164495 0.0155563 0.0150398 0.0170509 0.0174961 0.0318243 0.036089 0.0460206 0.0424034 0.0210521 0.0223592 0.026371 0.0190055 0.0208159 0.0181845 0.0194234 0.0191839 0.0149836 0.0151503 0.0161338 0.0222409 0.0280669 0.0272926 0.0225728 0.0169618 0.0161519 0.0148931 0.012397 0.010725 0.00883946 0.0148601 0.0168705 0.0131747 0.0162145 0.0210754 0.0165314 0.00987769 0.00537663 0.00778981 0.00296185 0.0015889 0.00042229 
0 0 0 0.00037305 0.00536469 0.00590825 0.0125006 0.0367503 0.0522601 0.0487941 0.025165 0.0295511 0.0284405 0.0194642 0.0140167 0.020328 0.0228876 0.0266274 0.0242122 0.0160247 0.0131405 0.0152418 0.0184757 0.0165085 0.01954 0.0200942 0.0231525 0.0215677 0.0225587 0.0156294 0.0167032 0.0195861 0.028062 0.0287048 0.0386539 0.0311794 0.0207411 0.0177352 0.0220126 0.0250131 0.0193927 0.019734 0.024192 0.0188921 0.0174358 0.0149345 0.0194487 0.0221305 0.0338125 0.026411 0.0287534 0.0245824 0.0152659 0.0122459 0.0108759 0.00933757 0.00656564 0.00960139 0.0149748 0.0200651 0.0158021 0.0206667 0.0139781 0.0110786 0.0174424 0.0159863 0.00404683 0.000358665 0 
0 0 0 0.000662912 0.00529112 0.013729 0.0149657 0.0220265 0.0324257 0.0276123 0.0135478 0.0105496 0.0111667 0.0104819 0.0109455 0.0217667 0.0239121 0.0231748 0.0248681 0.0187432 0.0224553 0.0201194 0.0205537 0.0200174 0.0208142 0.0213617 0.0192309 0.0208554 0.0182203 0.0113617 0.00991486 0.0151743 0.0218747 0.0189779 0.0207871 0.0225722 0.0218904 0.0201786 0.0235383 0.022466 0.0223154 0.0236333 0.0250545 0.0210291 0.0180183 0.0201101 0.0194648 0.0217927 0.0312863 0.0231152 0.02261 0.020778 0.0149504 0.0139914 0.0153163 0.0151924 0.0135785 0.00957196 0.0155183 0.0259896 0.0309077 0.022734 0.0128798 0.0196879 0.0201014 0.00765871 0.00167521 0.000161393 0 
0 0 0 0.00399872 0.0174937 0.0182858 0.0213798 0.0168524 0.0167653 0.0132677 0.00322596 0.00477235 0.00479684 0.0107925 0.0135799 0.0163593 0.021163 0.0207484 0.021929 0.0179773 0.0151462 0.0215065 0.024824 0.0172621 0.0159417 0.0205348 0.0247032 0.0229059 0.0206087 0.015756 0.0152894 0.0172287 0.0262883 0.0196024 0.0220583 0.0221126 0.0188258 0.0203046 0.0176131 0.0154004 0.0236716 0.0263374 0.0271215 0.0173056 0.0177347 0.0225162 0.0191204 0.0149634 0.0173551 0.0185719 0.0191417 0.0179401 0.017802 0.0199009 0.0130749 0.0153708 0.0126923 0.00585205 0.0120547 0.0174585 0.0309134 0.0165616 0.0138205 0.0240567 0.0107729 0.00105672 0 0 0 
0 0 0 0.00499183 0.0174689 0.0162921 0.0142407 0.0163853 0.0157582 0.0104268 0.00414099 0.00320054 0.00623526 0.0118785 0.0161114 0.0194422 0.0233028 0.0152096 0.00866598 0.0137822 0.0226585 0.0188244 0.0257716 0.0173969 0.0181397 0.0213008 0.0195122 0.0156341 0.0187794 0.0165524 0.0157663 0.0197918 0.0224542 0.0208154 0.0184175 0.0332016 0.0275384 0.0188811 0.018615 0.0199748 0.0225076 0.0234938 0.0225723 0.0157037 0.0171967 0.0182929 0.0175759 0.0175718 0.0153113 0.0183798 0.0250257 0.0415758 0.0280772 0.0222869 0.0155144 0.0129429 0.0138794 0.0114813 0.0124287 0.00896871 0.0149943 0.0128327 0.01226 0.0157146 0.00554483 0.000337494 0.000159623 1.31852e-05 0 
0 0 0 0.0011679 0.00330517 0.00409318 0.00934685 0.0124349 0.0120432 0.00597541 0.00362759 0.000548536 0.00366212 0.0100856 0.0179513 0.0226491 0.0261989 0.0155678 0.00560182 0.00422369 0.017598 0.022842 0.0235931 0.0263004 0.0276779 0.0190848 0.0185686 0.0196934 0.0218445 0.0161051 0.0236741 0.0319078 0.0250375 0.0225142 0.0187984 0.0204799 0.0305802 0.0212154 0.0241968 0.0221807 0.0170229 0.0170068 0.0189221 0.0172272 0.0178726 0.0172054 0.0185226 0.0199037 0.0187739 0.0165359 0.0401694 0.0838737 0.0412356 0.0231648 0.0177541 0.0164932 0.0166603 0.014146 0.022027 0.0165367 0.0148235 0.0109547 0.0129116 0.0155822 0.00595113 0 0.00058042 4.79437e-05 0 
0 0 0 0 0 0.000390682 0.00407828 0.011116 0.0150251 0.0175138 0.0100785 0.00298258 0.00807662 0.0133603 0.0163404 0.0198398 0.0285109 0.0155603 0.00897233 0.00304707 0.0091639 0.0198349 0.0210559 0.023761 0.0230529 0.0202838 0.0172178 0.0170859 0.019268 0.0222256 0.0579499 0.0636101 0.0303505 0.0173276 0.0174765 0.0184018 0.0193499 0.0191547 0.0258473 0.0278532 0.0189614 0.0194505 0.0150545 0.0192406 0.0191852 0.0131604 0.0130981 0.0121465 0.0172253 0.0224497 0.033554 0.0670036 0.0339792 0.0210695 0.0164014 0.0197344 0.0204993 0.0196577 0.0207163 0.0196399 0.0164139 0.0171442 0.0165958 0.0133647 0.00627555 0.000345249 0 0 0 
0 0 0 0 0 9.06373e-06 0.000717612 0.00638914 0.0287865 0.0211356 0.0125033 0.00599346 0.0161199 0.0177087 0.0183402 0.016131 0.0164477 0.0144543 0.0146315 0.00458844 0.0129845 0.0208554 0.0164168 0.0196277 0.0190972 0.0163448 0.0145012 0.0136297 0.0154497 0.017569 0.0469345 0.0394368 0.019857 0.0192281 0.0177846 0.0247373 0.0261434 0.0185214 0.0142965 0.0211081 0.014706 0.0145418 0.0137721 0.0183531 0.0214843 0.0131055 0.00944209 0.0119223 0.0170522 0.0252728 0.0301677 0.0318431 0.0222865 0.0244324 0.0159104 0.0145142 0.0178942 0.0194921 0.0215718 0.0171058 0.0186374 0.0252839 0.0203863 0.0142508 0.00560287 0.000621439 0 0 0 
0 0 0 0 0 0.000295334 0.00294122 0.0048518 0.0217408 0.02414 0.00822814 0.00448896 0.0156834 0.0172551 0.0173312 0.0120389 0.0136116 0.0152197 0.0125775 0.00457533 0.0111899 0.0204847 0.0175 0.0227046 0.0246403 0.025677 0.0212806 0.0153909 0.0172821 0.018803 0.0256396 0.0256606 0.0155376 0.0221308 0.0210972 0.0193015 0.023862 0.0216506 0.0153379 0.0157933 0.0261593 0.0220898 0.0197558 0.0187687 0.0198862 0.0151111 0.0119345 0.0169408 0.0165798 0.0240389 0.0283515 0.0235624 0.0196027 0.0170987 0.0262519 0.0165957 0.0273741 0.027004 0.0230881 0.0220112 0.0207874 0.0234987 0.0173345 0.0151332 0.0055818 0.000173731 0 0 0 
0 0 0 0 0 0.00110864 0.00916137 0.016106 0.0219457 0.0227258 0.0105938 0.0103905 0.0186773 0.0175097 0.0128659 0.0100478 0.0127147 0.0131651 0.0104339 0.00602252 0.00850907 0.0107323 0.0168048 0.0154931 0.0163992 0.020821 0.0275113 0.0225995 0.0198365 0.0143557 0.0147663 0.0139219 0.0139739 0.0150893 0.0204551 0.0239443 0.0197107 0.0162339 0.0186706 0.0148765 0.0216463 0.0195801 0.0229457 0.0216036 0.0196355 0.0194484 0.0154208 0.0186226 0.0250758 0.0312551 0.0278885 0.0165089 0.0212071 0.0177874 0.0238643 0.0187022 0.0209077 0.025668 0.0189547 0.0135206 0.0159357 0.0210105 0.00979576 0.00764113 0.00156667 0 0 0 0 
0 0 0 0 0 0.00113738 0.010696 0.0198362 0.0283983 0.0149731 0.00930871 0.00823753 0.0176216 0.0178324 0.00952069 0.0136334 0.0125602 0.00977396 0.00844327 0.00353473 0.00868784 0.0184862 0.0141365 0.0133715 0.0170703 0.0150282 0.0165314 0.0192209 0.0196129 0.0157461 0.011853 0.0109414 0.0136575 0.0114954 0.0139334 0.0257176 0.0286897 0.0208508 0.0152184 0.0198475 0.0215635 0.019911 0.019578 0.0176802 0.0180476 0.0182169 0.0213901 0.024281 0.0307629 0.0333806 0.0337949 0.0289839 0.0279878 0.0305543 0.0279366 0.0220251 0.0229351 0.0216808 0.0236269 0.0156879 0.0167856 0.0237558 0.00934199 0.00247177 0.000316885 0 0 0 0 
0 0 0 0 0 0.000117561 0.00865056 0.0233188 0.0255598 0.00894416 0.00985384 0.0159646 0.0209241 0.016695 0.0130162 0.0188074 0.0142149 0.00839359 0.00562613 0.00412326 0.0188762 0.0242891 0.0182627 0.0129277 0.00926542 0.0108968 0.0131841 0.0118012 0.0128505 0.00993144 0.0121608 0.0152948 0.0240284 0.0221494 0.0182013 0.0334396 0.0338352 0.0161271 0.0139328 0.0265319 0.0222227 0.0225571 0.0203802 0.0215187 0.0221855 0.0178683 0.0205759 0.0247881 0.021551 0.0358579 0.0295059 0.0304164 0.0274775 0.0370819 0.0436562 0.0225191 0.024026 0.0156296 0.0233986 0.0218448 0.0233137 0.0189622 0.00920391 0.000186052 1.37443e-07 0 0 0 0 
0 0 0 0 0 0 0.0019745 0.00967903 0.00932969 0.00510216 0.0224933 0.0307153 0.0218474 0.016301 0.0123825 0.0191151 0.0237516 0.012942 0.00692695 0.00983627 0.0252779 0.0141787 0.00998786 0.0121086 0.0150919 0.0181124 0.0153073 0.0159769 0.0106896 0.0055114 0.0046151 0.0198065 0.0299569 0.0254365 0.0200415 0.0248195 0.0301885 0.0200845 0.0193479 0.0249483 0.0209282 0.0168623 0.0187801 0.0340275 0.026877 0.0170174 0.020462 0.0260127 0.0212307 0.0229313 0.0237294 0.0229076 0.0319952 0.042315 0.0650665 0.0269826 0.0163085 0.0120753 0.0167986 0.017395 0.0188208 0.016371 0.00529397 0.000174954 0 0 0 0 0 
0 0 0 0 0 0 4.11868e-05 0.00073019 0.000440184 0.00447397 0.0238831 0.0266744 0.016285 0.0135517 0.0140405 0.016968 0.0194502 0.0125621 0.0108079 0.0185611 0.0206835 0.00998107 0.0115861 0.0429837 0.0373861 0.0157897 0.0178465 0.0221251 0.0201242 0.00998158 0.00455744 0.0225066 0.0266492 0.0258597 0.0226729 0.029909 0.0277002 0.0211557 0.0223971 0.0197599 0.0192643 0.0145426 0.0172108 0.0284766 0.027228 0.0213473 0.0183817 0.0215949 0.0191812 0.0202578 0.0240062 0.0239291 0.0285223 0.0351194 0.0390222 0.0262514 0.0202402 0.018222 0.0209578 0.0168606 0.0141384 0.0042387 0.000816482 0 0 0 0 0 0 
0 0 0 0 0 0 0 0 0 0.00422862 0.0185785 0.0194722 0.0148016 0.0174498 0.0138962 0.0120583 0.0134237 0.0163997 0.0162899 0.0193951 0.0213667 0.0102323 0.0187186 0.0664275 0.0383411 0.0120748 0.0251459 0.0283712 0.0186539 0.0104129 0.00871208 0.0204353 0.026247 0.0293761 0.0260845 0.0243846 0.0219951 0.0179869 0.0257896 0.0241752 0.0199775 0.0192331 0.0184218 0.0211332 0.022236 0.0175604 0.0121595 0.0119934 0.0172604 0.0199743 0.0232201 0.0283281 0.0362346 0.0243979 0.0265941 0.0266523 0.0239449 0.0201187 0.0269543 0.014545 0.0058207 0.000663657 2.83589e-05 0 0 0 0 0 0 
0 0 0 0 0 0 0 0 0 0.00383499 0.0191245 0.0183537 0.0100839 0.0190061 0.0103124 0.00786331 0.00960917 0.0137898 0.0135296 0.015836 0.0266325 0.0244272 0.0210761 0.0212185 0.0151949 0.0138413 0.0231619 0.031278 0.0197172 0.0107435 0.0152194 0.0209737 0.0170316 0.0185004 0.0274254 0.0254105 0.0192696 0.0264148 0.0421605 0.0295967 0.0224516 0.0212455 0.0129511 0.0145202 0.0193841 0.0181826 0.00999176 0.011387 0.0139897 0.0203434 0.0241183 0.0235681 0.0259198 0.0180863 0.0267167 0.0286489 0.0144261 0.0242066 0.0292982 0.0121496 0.000378057 0 0 0 0 0 0 0 0 
0 0 0 0 0 0 0 0 0 0.00024944 0.00666248 0.010928 0.0103172 0.0184749 0.0135635 0.0107333 0.0133609 0.0152221 0.0175768 0.0147505 0.015658 0.0185622 0.0192143 0.013609 0.00941463 0.0142171 0.0170538 0.0214649 0.0205027 0.0129367 0.00861097 0.0158721 0.0132617 0.0206875 0.0262809 0.026014 0.0241153 0.0349162 0.0535023 0.0407621 0.0268832 0.0271827 0.016544 0.0152315 0.0151468 0.0161608 0.0105693 0.017406 0.0268925 0.0260218 0.0159177 0.0137308 0.016632 0.0177949 0.0304199 0.0233871 0.00653257 0.007866 0.0143029 0.00590676 1.75826e-05 0 0 0 0 0 0 0 0 
0 0 0 0 0 0 0 0 0 0 0.000354124 0.00426703 0.0103898 0.0147338 0.0314731 0.0231217 0.0153831 0.015882 0.0268277 0.0189107 0.0141488 0.0130359 0.0107832 0.00911022 0.00911316 0.0149739 0.00935698 0.0170077 0.0225672 0.0187534 0.0106605 0.0108213 0.0219179 0.0229558 0.0179989 0.0241077 0.0279908 0.034276 0.0354086 0.0355597 0.0291738 0.0294603 0.0301999 0.0303494 0.0194619 0.019149 0.012629 0.0198939 0.0463667 0.035132 0.0242022 0.0185979 0.0148652 0.021031 0.0236696 0.016086 0.00561922 0.0018443 0.00107714 8.84243e-05 0 0 0 0 0 0 0 0 0 
0 0 0 0 0 0 0 0 0 0 0 1.03964e-06 0.0022585 0.0064493 0.0190065 0.0249348 0.0262557 0.0227517 0.0236665 0.0249506 0.0195591 0.0194851 0.012482 0.00832182 0.0110091 0.0135965 0.0123134 0.0164059 0.0273755 0.020118 0.0166208 0.017978 0.0186755 0.0224438 0.0204753 0.0312533 0.0294026 0.0263712 0.0267752 0.0301915 0.0283114 0.0277179 0.0267627 0.0264452 0.0212796 0.0220046 0.0182259 0.020128 0.0406285 0.0281582 0.0183971 0.017384 0.018966 0.0203991 0.0176685 0.0109618 0.00144015 1.90356e-05 0 0 0 0 0 0 0 0 0 0 0 
0 0 0 0 0 0 0 0 0 0 0 0 2.41691e-05 0.00175351 0.0101523 0.0200775 0.0236094 0.0257029 0.01908 0.0188585 0.02624 0.028733 0.0154297 0.00642066 0.00961442 0.0144638 0.00787349 0.0144934 0.0252046 0.0193779 0.0152454 0.0184877 0.0197448 0.0218255 0.0240722 0.0331873 0.0312182 0.0244796 0.0265932 0.0210558 0.021289 0.0231721 0.0292041 0.0225878 0.0177862 0.0181585 0.0195026 0.0234452 0.0216028 0.0202971 0.0177892 0.023568 0.0240287 0.0229354 0.00924622 0.00268044 0.000197361 0 0 0 0 0 0 0 0 0 0 0 0 
0 0 0 0 0 0 0 0 0 0 0 0 0 0.000222251 0.00251219 0.00598291 0.00678893 0.013012 0.013423 0.013403 0.0205732 0.0264208 0.0190072 0.0176317 0.0084463 0.00776264 0.00762583 0.0137623 0.0271779 0.0224532 0.0210496 0.0176139 0.0203067 0.0237165 0.0333314 0.0386653 0.0256001 0.0211752 0.0210044 0.0206988 0.0167857 0.0269081 0.0300827 0.0211161 0.0170269 0.0211821 0.0189522 0.018117 0.0193347 0.0235271 0.0285919 0.0211378 0.0141063 0.00862098 0.00166785 0.000226754 0 0 0 0 0 0 0 0 0 0 0 0 0 
0 0 0 0 0 0 0 0 0 0 0 0 0 0 0 3.50729e-05 8.73922e-05 0.00306073 0.00858719 0.0129821 0.0227458 0.0355912 0.0396052 0.0313398 0.0162844 0.00111942 0.00570596 0.0126608 0.0199294 0.0136542 0.0274221 0.027573 0.0203639 0.0242313 0.0252673 0.0237028 0.0138104 0.0206552 0.0143171 0.016493 0.0168421 0.0180259 0.0240527 0.027976 0.0291081 0.020093 0.0160354 0.0199292 0.0247309 0.025385 0.0228028 0.0154293 0.00331767 0.000598946 0 0 0 0 0 0 0 0 0 0 0 0 0 0 0 
0 0 0 0 0 0 0 0 0 0 0 0 0 0 0 0 4.01388e-06 0.000741387 0.0018097 0.00402576 0.0122355 0.0243681 0.0467628 0.0387259 0.0145245 0.000342747 0.00116228 0.00697491 0.0119324 0.00837107 0.0126702 0.0251151 0.0243184 0.0250657 0.0243856 0.0154764 0.0107228 0.0185601 0.0198079 0.03119 0.0216472 0.0273906 0.0207605 0.0222461 0.0266203 0.0204384 0.0235538 0.0173691 0.0156421 0.0162351 0.0111691 0.00324982 0.000279638 0 0 0 0 0 0 0 0 0 0 0 0 0 0 0 0 
0 0 0 0 0 0 0 0 0 0 0 0 0 0 0 0 0 0 0 0.000930893 0.00434997 0.0156537 0.0257611 0.0251356 0.00687112 4.6654e-05 2.29343e-05 0.00440895 0.00952478 0.00628809 0.00406618 0.0110842 0.0161189 0.0165548 0.0264549 0.0159376 0.0106853 0.0180714 0.0217561 0.0273673 0.0331163 0.0300528 0.0230367 0.0140365 0.0138077 0.0142146 0.0186613 0.0102704 0.00736866 0.00740922 0.00182583 5.52027e-05 0 0 0 0 0 0 0 0 0 0 0 0 0 0 0 0 0 
0 0 0 0 0 0 0 0 0 0 0 0 0 0 0 0 0 0 0 0 0.000185554 0.00409827 0.00864742 0.00451904 0.000608607 0 0 0.00236115 0.00505278 0.00435753 0.000823769 0.00217519 0.0103729 0.0189411 0.0207818 0.0125896 0.0110854 0.0129434 0.0145997 0.0235192 0.0336379 0.0321861 0.014946 0.00654709 0.00300923 0.00401364 0.00511138 0.00214703 0.000325203 0.000247088 1.32065e-05 0 0 0 0 0 0 0 0 0 0 0 0 0 0 0 0 0 0 
0 0 0 0 0 0 0 0 0 0 0 0 0 0 0 0 0 0 0 0 0 0 0 0 0 0 0 5.84058e-05 0.00010016 0.000279357 3.85723e-05 0.000760042 0.00504829 0.00884706 0.0109566 0.00715711 0.0041498 0.00339198 0.0093466 0.0173309 0.0245497 0.0296953 0.0106424 0.000393266 0.000230501 0.000349429 0.000316908 0 0 0 0 0 0 0 0 0 0 0 0 0 0 0 0 0 0 0 0 0 0 
0 0 0 0 0 0 0 0 0 0 0 0 0 0 0 0 0 0 0 0 0 0 0 0 0 0 0 0 0 0 0 0 0.000626886 0.0012147 0.00162482 0.000752619 0.00010432 8.97998e-05 0.00271136 0.0078389 0.00928938 0.00868201 0.00148674 0 0 0 0 0 0 0 0 0 0 0 0 0 0 0 0 0 0 0 0 0 0 0 0 0 0 

