0 0 0 0 0 0 0 0 0 0 0 0 0 0 0 0 0 0 0 0 0 0 0 0 0 0 0 0 0 0 0 0 3.18591e-05 1.82238e-05 0 0 0 0 9.28172e-05 6.88177e-05 0 0 0 0 0 0 0 0 0 0 0 0 0 0 0 0 0 0 0 0 0 0 0 0 0 0 0 0 0 
0 0 0 0 0 0 0 0 0 0 0 0 0 0 0 0 0 0 0 0 0 0 0 0 0 0 0 3.20711e-05 0.000216829 0.000190709 0 0.000286899 0.0031106 0.00671828 0.00588315 0.00162221 0.0017136 0.00296705 0.00893767 0.015468 0.0123655 0.00574136 0.00284923 0.000157877 0 0 0 0 0 0 0 0 0 0 0 0 0 0 0 0 0 0 0 0 0 0 0 0 0 
0 0 0 0 0 0 0 0 0 0 0 0 0 0 0 0 0 0 0 0 0 0 0 0.000124492 0.00163587 0.00391961 0.00633205 0.00163243 0.00399307 0.00652508 0.00310091 0.00399255 0.0102201 0.0216506 0.0209297 0.0148442 0.012998 0.0193257 0.027588 0.036587 0.0259157 0.0162861 0.0126318 0.00659265 0.0040634 0.00164241 0 0 0 0 0 0 0 0 0 0 0 0 0 0 0 0 0 0 0 0 0 0 0 
0 0 0 0 0 0 0 0 0 0 0 0 0 0 0 0 0 0 0 0 6.61029e-06 0.00036668 0.00253976 0.0056849 0.00812545 0.0137575 0.0148168 0.00503807 0.00556258 0.00887102 0.00938689 0.00670847 0.0102106 0.0182638 0.0206132 0.0237494 0.0269636 0.0330412 0.0268838 0.0253397 0.0214886 0.0191189 0.0192611 0.0189653 0.0148561 0.00688846 9.47691e-05 0 0 0 0 0 0 0 0 0 0 0 0 0 0 0 0 0 0 0 0 0 0 
0 0 0 0 0 0 0 0 0 0 0 0 0 0 0 0 0 0 0.00033648 0.00295666 0.00688847 0.00859606 0.0110394 0.0103059 0.0128051 0.0188373 0.0202396 0.0156417 0.0107439 0.011874 0.010519 0.00979219 0.0112011 0.0118962 0.0123448 0.0149689 0.0209479 0.020018 0.0149161 0.0127116 0.0215498 0.0215339 0.0220832 0.0193075 0.02293 0.0104472 0.00170824 0.00234014 0.00301087 0.000419508 0 0 0 0 0 0 0 0 0 0 0 0 0 0 0 0 0 0 0 
0 0 0 0 0 0 0 0 0 0 0 0 0 0 0 0 2.65705e-06 0.00189179 0.00340073 0.00714648 0.0136235 0.0168713 0.0216054 0.0161847 0.0161384 0.019103 0.0207466 0.0179236 0.0169145 0.0174144 0.014002 0.011175 0.00984675 0.00788747 0.0107526 0.00897898 0.0145243 0.0252617 0.0179952 0.0172167 0.0218833 0.0226029 0.0224425 0.0230266 0.0250088 0.0179997 0.0115118 0.0104337 0.00695039 0.00222099 0.000346572 0.000383465 7.92776e-05 6.28472e-05 0 0 0 0 0 0 0 0 0 0 0 0 0 0 0 
0 0 0 0 0 0 0 0 0 0 0 0 0 0 0 0.000239498 0.00253769 0.0069752 0.00810369 0.00992763 0.0121395 0.0224373 0.0182344 0.0142098 0.0182166 0.0213822 0.0224375 0.018949 0.0170017 0.0179655 0.0175958 0.0160486 0.0107212 0.0125836 0.0258983 0.0198236 0.0204207 0.0207847 0.0219714 0.028174 0.0226694 0.022001 0.0193093 0.0204753 0.0240714 0.0342249 0.0242553 0.0202707 0.0119359 0.0101204 0.0072289 0.0059746 0.00574633 0.00480579 0.000789338 0 0 0 0 0 0 0 0 0 0 0 0 0 0 
0 0 0 0 0 0 0 0 0 0 0 0 0 0 0.000410776 0.00549846 0.00601585 0.00702688 0.00972402 0.0106668 0.0115779 0.0144216 0.0140031 0.0130603 0.013093 0.0204705 0.0240585 0.0249701 0.0159301 0.0156414 0.0152735 0.0176131 0.017798 0.0217094 0.0292661 0.0244249 0.0233991 0.019671 0.0225107 0.0302097 0.0202001 0.0256758 0.0233092 0.016786 0.021282 0.0307334 0.0269841 0.0164612 0.0112366 0.0132963 0.016352 0.0162517 0.0151195 0.0165919 0.00457417 7.51013e-05 0 0 0 0 0 0 0 0 0 0 0 0 0 
0 0 0 0 0 0 0 0 0 0 0 0 0 0 0.000390556 0.00745704 0.00877084 0.00910893 0.00337696 0.00370179 0.00598512 0.0126342 0.0166913 0.0148456 0.0165245 0.0184346 0.0241358 0.0277564 0.0245291 0.0196696 0.0195539 0.0183433 0.0183002 0.0202703 0.018894 0.021328 0.0205866 0.0224879 0.023016 0.0275183 0.0222717 0.0269715 0.024132 0.0220846 0.0204975 0.0247442 0.0209642 0.0157945 0.017679 0.0135624 0.0115972 0.0151006 0.0125388 0.0137177 0.00677427 0.00266172 0.000359776 0.000163532 0 0 0 0 0 0 0 0 0 0 0 
0 0 0 0 0 0 0 0 0 0 0 0 0 0 0 0.00260391 0.0105846 0.0100662 0.00452601 0.00226535 0.00510105 0.010435 0.0131217 0.0105459 0.0173475 0.0196618 0.0193257 0.0197661 0.0210065 0.0261417 0.0268171 0.0226236 0.0186684 0.0181315 0.0156476 0.0214867 0.0217488 0.0215681 0.0244297 0.0348876 0.0201284 0.0269905 0.0241846 0.0214553 0.0262676 0.0251998 0.0206187 0.0164238 0.0196235 0.0152204 0.0131854 0.0164182 0.0133584 0.0146702 0.00747828 0.00393382 0.00219481 0.00219011 0.000406873 0 0 0 0 0 0 0 0 0 0 
0 0 0 0 0 0 0 0 0 0 3.69191e-05 0.000566572 0.000730913 0.000266585 0.000254809 0.000907261 0.00753389 0.00785801 0.00794049 0.00329098 0.00249844 0.00475052 0.00731363 0.0119381 0.0166039 0.0143698 0.0158695 0.0202763 0.0194802 0.0224426 0.0259428 0.0220404 0.0232485 0.01447 0.016395 0.0191116 0.0193603 0.0194608 0.0277517 0.0473622 0.0444588 0.0245572 0.0180276 0.0216931 0.0280655 0.0218715 0.0262589 0.0216999 0.0235256 0.0239692 0.0199461 0.0162435 0.0123698 0.00879293 0.00709217 0.0081288 0.00732987 0.00664476 0.00472919 8.45435e-05 0 0 0 0 0 0 0 0 0 
0 0 0 0 0 0 0 0 0 0.000287072 0.0046052 0.00618931 0.0101106 0.00513099 0.00231507 0.000646089 0.00253961 0.00487922 0.00417944 0.0028074 0.00736676 0.00477505 0.00546528 0.0138496 0.0169181 0.0117529 0.0179989 0.0176039 0.0191356 0.0204429 0.0144262 0.0222694 0.0259109 0.0240921 0.0210359 0.0212963 0.0243602 0.0320447 0.0494017 0.0761463 0.0637681 0.0424439 0.0200916 0.0203264 0.02915 0.0227063 0.026466 0.0213571 0.0201039 0.0163086 0.0211577 0.0155037 0.0179082 0.0133664 0.00989824 0.00786221 0.0117497 0.0155588 0.0088594 0.000976339 3.12968e-05 0 0 0 0 0 0 0 0 
0 0 0 0 0 0 0 0 0.000102536 0.00350052 0.010408 0.0131789 0.0160562 0.0118236 0.0117757 0.00519893 0.00484313 0.00418069 0.00461377 0.00749482 0.0166329 0.00994336 0.0108531 0.018305 0.0210067 0.0155689 0.0196147 0.0228124 0.0260522 0.0181654 0.013911 0.0198079 0.021842 0.0265747 0.0287463 0.104018 0.0770456 0.0574106 0.0631596 0.0660534 0.068884 0.0655754 0.0588877 0.0489341 0.0323381 0.0232925 0.0200033 0.0250219 0.0228895 0.0187854 0.0225933 0.01453 0.0119415 0.0155671 0.012455 0.0112522 0.00881518 0.00875165 0.00526641 0.00222301 0.000110871 0 0 0 0 0 0 0 0 
0 0 0 0 0 0 0 0 0.000612441 0.00709132 0.012371 0.0129488 0.0131152 0.0158952 0.0155902 0.0131568 0.0122158 0.00986257 0.0115088 0.0121345 0.0162028 0.0145717 0.0153654 0.0139043 0.0189345 0.0164702 0.0158437 0.0206067 0.0218801 0.0182211 0.0200523 0.0179482 0.0269289 0.0253531 0.0431686 0.159537 0.0478083 0.0214302 0.0209291 0.0234008 0.0286732 0.0335762 0.0381433 0.0327151 0.0269409 0.023053 0.0144883 0.018324 0.0185502 0.0190123 0.0206081 0.0165363 0.0214813 0.0181781 0.0156259 0.0183888 0.0152389 0.0182728 0.0117913 0.0048878 0.000265957 0 0 0 0 0 0 0 0 
0 0 0 0 0 0 0 0.0011766 0.00698835 0.00995881 0.0157589 0.0188679 0.020206 0.0194754 0.0172738 0.0133974 0.0139887 0.0149169 0.015114 0.0162134 0.0143257 0.0147679 0.0110783 0.0101623 0.0173781 0.0206468 0.0181033 0.0166883 0.0163022 0.0196387 0.0206546 0.0189626 0.0178118 0.0253759 0.0324816 0.0668988 0.0334964 0.0214929 0.0201448 0.0191251 0.0170867 0.0291289 0.0336605 0.0213916 0.0239527 0.024417 0.0150474 0.020453 0.0187346 0.0182187 0.022683 0.0240939 0.0210965 0.0195093 0.0206773 0.0245668 0.0231835 0.016337 0.0144081 0.00634124 0.0030855 0.00136209 4.32409e-05 0 0 0 0 0 0 
0 0 0 0 0 0 0.000421038 0.00671313 0.0172941 0.0185122 0.0168133 0.0161735 0.0131784 0.0146347 0.0163585 0.0195528 0.0160035 0.0188158 0.0141321 0.0148366 0.015819 0.0136214 0.014644 0.0123779 0.0139605 0.020721 0.0186262 0.0162223 0.0180621 0.0157015 0.0198141 0.0202566 0.0156379 0.0178898 0.0237679 0.0547155 0.0283345 0.0295004 0.0280561 0.01962 0.0141315 0.0359184 0.0443247 0.0469749 0.0402166 0.0379306 0.0416853 0.0613127 0.0640906 0.0192148 0.0264801 0.0209899 0.022387 0.0185093 0.0222303 0.0265059 0.0220586 0.0145555 0.0112899 0.0198264 0.0240683 0.0114529 0.00179375 2.32723e-05 0 0 0 0 0 
0 0 0 0 0 0 0.00225529 0.0108683 0.0202419 0.0190789 0.0191123 0.0168405 0.0118623 0.0135514 0.0130644 0.0160009 0.0200577 0.0124737 0.018847 0.0215032 0.0188396 0.023927 0.0227749 0.017639 0.0145049 0.0161016 0.0153949 0.0172696 0.0200129 0.0211627 0.0190766 0.0208093 0.0229343 0.0188669 0.0211715 0.0225586 0.0330968 0.0372445 0.0293611 0.024488 0.0403681 0.0629484 0.123817 0.071886 0.0403993 0.0344747 0.0406347 0.0453227 0.0813087 0.0296652 0.0144403 0.0267325 0.0235875 0.0221497 0.021224 0.023196 0.0206337 0.0175371 0.0125076 0.0235813 0.0355514 0.0198657 0.00572619 0.000686274 0.000123766 0 0 0 0 
0 0 0 0 0 0.000432083 0.00525334 0.0171901 0.0187402 0.0150389 0.0167927 0.0245408 0.0177527 0.0208237 0.0242344 0.0214361 0.0207776 0.018121 0.0131457 0.0171505 0.016988 0.0112272 0.0148776 0.016548 0.0227545 0.0211604 0.016382 0.0159071 0.0221187 0.0187689 0.0154627 0.0229762 0.0210005 0.0246812 0.0187381 0.0170888 0.0350423 0.0315009 0.0280994 0.0256826 0.0549175 0.0410559 0.0713594 0.0586014 0.0359382 0.0274083 0.0346721 0.0485432 0.0630116 0.021891 0.0116029 0.0167234 0.0222615 0.020004 0.0181201 0.019817 0.0153562 0.0160119 0.0164601 0.0174996 0.0232285 0.017969 0.0121521 0.00416621 0.000266933 0 0 0 0 
0 0 0 0 0.00029299 0.00407777 0.0100662 0.0192033 0.016511 0.0158561 0.0208394 0.0224657 0.0168417 0.0176447 0.0170771 0.0137499 0.0125783 0.0123996 0.0139995 0.0164458 0.0170575 0.0107891 0.0123047 0.0130334 0.0145261 0.017569 0.0164961 0.017155 0.019697 0.0170778 0.0170535 0.0150505 0.0143396 0.0219029 0.0215198 0.022368 0.026083 0.0235795 0.0259056 0.0290771 0.0255036 0.0265413 0.0381069 0.0340587 0.0305442 0.0228332 0.0168043 0.0146746 0.0145349 0.0139844 0.0114983 0.0181179 0.0178374 0.0206074 0.0191821 0.0228801 0.018514 0.0271513 0.0235374 0.0198525 0.0172582 0.0173715 0.0145025 0.00772155 0.00122122 0 0 0 0 
0 0 0 0 0.00188859 0.0070864 0.00991949 0.0148438 0.0182553 0.0138666 0.0153528 0.0154156 0.0150242 0.0139463 0.0128998 0.0140503 0.00714597 0.00703108 0.0165391 0.0173708 0.0125967 0.0125746 0.00951013 0.0126898 0.0147189 0.0210272 0.0200392 0.02112 0.0245048 0.0209771 0.0233934 0.0237608 0.0217696 0.0184266 0.0222206 0.0211667 0.0239817 0.0252011 0.0258933 0.0249832 0.0194074 0.0156902 0.0192377 0.0190962 0.0196769 0.0224839 0.0220218 0.0177706 0.0157797 0.0166777 0.0183936 0.0169517 0.013037 0.0162513 0.0198083 0.0209154 0.0220453 0.0283911 0.0331151 0.0320191 0.0214765 0.01867 0.0212815 0.0220711 0.00641751 0 0 0 0 
0 0 0 0 0.00080197 0.00426577 0.00363419 0.00322515 0.0101119 0.0169694 0.0177748 0.0110736 0.00876331 0.00806256 0.00462444 0.00399369 0.00298643 0.00698398 0.0130768 0.0158521 0.0163376 0.0161585 0.016318 0.0139666 0.017697 0.0207343 0.0159419 0.020975 0.0256187 0.025701 0.027662 0.0325928 0.0259305 0.020265 0.0203915 0.0250877 0.0223938 0.026717 0.0212566 0.0295091 0.023865 0.0172823 0.0287619 0.0307615 0.0164247 0.0184936 0.019107 0.0186828 0.0221084 0.0210736 0.0193018 0.0122306 0.0125065 0.0191207 0.0226915 0.0169881 0.0190464 0.0158984 0.0253987 0.0244545 0.0285477 0.0182065 0.0142283 0.0199563 0.00789538 0 0 0 0 
0 0 0 0 4.03538e-05 0.000495633 0.000562441 0.00236631 0.00781919 0.0193361 0.0154388 0.00709216 0.00704104 0.00551716 0.00304962 0.00504784 0.00510828 0.00676847 0.0109848 0.0195573 0.0278878 0.0365886 0.0280803 0.0196259 0.0201234 0.0207394 0.0184832 0.0141453 0.0191524 0.0286713 0.0445908 0.0347126 0.0230816 0.0200711 0.016146 0.0238034 0.0267678 0.0251912 0.0232936 0.0291596 0.0304424 0.0211383 0.0230013 0.0331635 0.0182206 0.016449 0.0164736 0.0163743 0.0222645 0.0235848 0.0222014 0.0159023 0.0182142 0.0210012 0.0187876 0.0135166 0.020383 0.0222419 0.0238688 0.028089 0.0248934 0.0170294 0.014173 0.0130612 0.00639334 0.000269956 0 0 0 
0 0 0 0 0 0 0.000351182 0.00513922 0.0128928 0.0177966 0.0116019 0.00759553 0.00994046 0.00650198 0.0112615 0.0105455 0.0157525 0.0113574 0.0131876 0.0224061 0.0343758 0.0623459 0.0393465 0.0195997 0.0182378 0.0219508 0.0233922 0.0273844 0.031351 0.0384026 0.0342232 0.0197492 0.0205068 0.0187635 0.0206748 0.0167014 0.0261226 0.0240787 0.0269725 0.0281995 0.0271773 0.0235524 0.0171606 0.0215225 0.0135464 0.0134247 0.0157944 0.0244046 0.0277684 0.023306 0.0221911 0.0199063 0.0224229 0.0178437 0.0142815 0.014427 0.0214175 0.0219734 0.0211981 0.0187297 0.0183945 0.0131543 0.0132469 0.0165167 0.00543611 0.00167921 8.60402e-05 0 0 
0 0 1.68165e-05 0.0015914 0.00193707 0.000975124 0.000689233 0.0056336 0.00914688 0.0130428 0.0092669 0.0150878 0.0158807 0.0143301 0.0133553 0.0159704 0.0115657 0.0133708 0.0142237 0.0205259 0.0415324 0.0610484 0.0525562 0.0258979 0.0165997 0.0249118 0.0458646 0.0480267 0.0266567 0.015783 0.0198492 0.0196062 0.0199814 0.0217009 0.0181005 0.0205544 0.0254071 0.0230133 0.0279789 0.023608 0.0216306 0.0206023 0.0116101 0.0203232 0.0167238 0.0135003 0.0166249 0.0261933 0.018588 0.0220593 0.0276771 0.0207019 0.0186208 0.0162687 0.0140754 0.0155132 0.0240181 0.0195783 0.0191594 0.014171 0.0142197 0.0136686 0.0104127 0.014996 0.00699429 0.00255163 0.000285914 0 0 
0 0 0.00115845 0.00856673 0.00837407 0.00565742 0.00583437 0.00396911 0.00981722 0.011901 0.0136392 0.0172255 0.0206229 0.0187107 0.0190491 0.0158627 0.0124033 0.0139541 0.0122391 0.0153141 0.0208418 0.02392 0.028392 0.0233447 0.0177273 0.0219937 0.0556833 0.0346307 0.0165654 0.0216348 0.0204891 0.013522 0.0220855 0.0248686 0.0217626 0.0227884 0.0231429 0.0187662 0.0201052 0.0270162 0.0213423 0.0176095 0.0177566 0.0196602 0.0172165 0.0142046 0.0183008 0.0259049 0.0234865 0.018886 0.025523 0.0248809 0.0226388 0.0205903 0.01949 0.0127939 0.0179833 0.0102313 0.0129604 0.0130293 0.012989 0.0125427 0.00948403 0.00560714 0.00861429 0.00313207 0.000379482 0.000244032 0 
0 0.000125 0.00734842 0.0124848 0.0122991 0.00829805 0.00926256 0.0106701 0.0128861 0.0142449 0.0186754 0.0204456 0.0193097 0.0237802 0.0193791 0.0159216 0.0227349 0.0181554 0.0148142 0.0174247 0.0160615 0.0174413 0.0297504 0.0267869 0.0174866 0.0216855 0.0366922 0.0353371 0.0323001 0.0361606 0.032229 0.021343 0.0214667 0.0215457 0.020157 0.0185372 0.0206756 0.0168836 0.0231431 0.0223172 0.0296425 0.020937 0.0177247 0.0219964 0.0211302 0.0192713 0.017597 0.0231497 0.0201643 0.018874 0.0177983 0.017842 0.0244903 0.0302472 0.0269971 0.0181062 0.00865221 0.00474637 0.0137527 0.0196719 0.0165467 0.0164145 0.0181336 0.00833482 0.00574247 0.00193797 0.000611431 0.000550659 0 
0 0.000567878 0.00642671 0.0148196 0.0123786 0.0124061 0.0123752 0.0130127 0.0124984 0.0143599 0.0212265 0.0175978 0.0165983 0.0176604 0.0147005 0.0223924 0.0241157 0.0170584 0.0212621 0.0170976 0.0248023 0.0202734 0.0233213 0.0315905 0.0241877 0.0259665 0.0188024 0.0337524 0.0465609 0.0328487 0.0282828 0.0235731 0.0224792 0.0187309 0.017606 0.0154183 0.0183103 0.0213207 0.0186619 0.0254912 0.0337272 0.0259179 0.0167676 0.0224273 0.0189737 0.019118 0.013676 0.0182537 0.0208364 0.0192876 0.0184459 0.0239368 0.0266971 0.0258419 0.0245005 0.0206426 0.00971489 0.0110934 0.0130568 0.0151416 0.0159812 0.0198808 0.0280754 0.0333117 0.0204941 0.00669486 0.00327713 0.00178499 0 
0 0.000605812 0.00722135 0.0170644 0.0133347 0.0123626 0.0101703 0.00735508 0.0089616 0.016659 0.0189142 0.0130501 0.0157546 0.0163603 0.0178692 0.0219597 0.0190954 0.0183551 0.0211024 0.0162091 0.0192353 0.0177288 0.0182005 0.0314401 0.0272679 0.0212889 0.0201337 0.0244354 0.0428334 0.0384632 0.0354478 0.0343668 0.0311702 0.0234359 0.0217685 0.0164855 0.0232542 0.0246228 0.0255646 0.0245133 0.0228092 0.0213181 0.0147442 0.0195927 0.0197148 0.0192112 0.0163333 0.0151537 0.0212595 0.0224244 0.0171348 0.0231331 0.0166366 0.0107828 0.0144927 0.013034 0.00929826 0.0134597 0.0110234 0.0190537 0.0164106 0.0171079 0.0355872 0.0423259 0.0287278 0.0265751 0.0173302 0.00846851 0.000540235 
0 0.00215571 0.00971979 0.0149777 0.016554 0.0125458 0.00549825 0.00454697 0.00856293 0.0146321 0.0166567 0.0127044 0.0127209 0.0135598 0.0169043 0.0208494 0.022715 0.0199477 0.0217892 0.016625 0.024135 0.0183772 0.0213329 0.030786 0.0289576 0.020935 0.0226973 0.0254089 0.0391507 0.0296689 0.0347754 0.0451368 0.0292957 0.0304739 0.0216217 0.0238582 0.0252887 0.0233562 0.0254542 0.0206078 0.0302007 0.0210567 0.0147579 0.0181324 0.0197129 0.021375 0.0235484 0.024106 0.025368 0.0196479 0.0169338 0.0176281 0.0149334 0.00882547 0.0181174 0.0104285 0.00585705 0.0115015 0.0196771 0.0232888 0.0163448 0.0179386 0.0258002 0.0266235 0.027581 0.0140103 0.0164683 0.0111744 0.00278668 
0 0.00344373 0.0110901 0.0152874 0.0150428 0.0114468 0.00474921 0.00164667 0.00567347 0.0136555 0.0211391 0.0164244 0.011496 0.0117581 0.0198382 0.0187919 0.0211672 0.0239738 0.0195283 0.0154846 0.0180266 0.0198612 0.0237288 0.0259528 0.02587 0.0182734 0.0183459 0.0194207 0.0346027 0.0264682 0.0322894 0.0495319 0.0313208 0.0217517 0.0204199 0.0205761 0.0210925 0.0216935 0.0247628 0.0228163 0.022487 0.0192116 0.0193957 0.0216178 0.0186659 0.0162341 0.0214792 0.0232629 0.0209929 0.0239138 0.0195659 0.0146597 0.0131728 0.0119397 0.0111857 0.00747425 0.0158195 0.0229345 0.019989 0.0197647 0.0158542 0.0124979 0.0115788 0.0273192 0.0310827 0.0204461 0.0170078 0.0126068 0.00270964 
0 0.00196071 0.0110998 0.0125554 0.0155159 0.0107391 0.00409884 0.00432409 0.00886944 0.0132026 0.0245974 0.0215635 0.0144701 0.0139306 0.0123009 0.0186821 0.0225143 0.0200969 0.017712 0.018396 0.0190058 0.0220276 0.0206462 0.0297552 0.02468 0.0220181 0.0206303 0.0243781 0.0373349 0.0355024 0.0309169 0.0505516 0.0484688 0.0254673 0.0269232 0.018487 0.0186703 0.0152043 0.0164679 0.0201474 0.0229208 0.0214814 0.0238516 0.0219555 0.0152746 0.0147383 0.0160192 0.0158118 0.0148311 0.0205014 0.0131579 0.010178 0.0123108 0.0142126 0.0165114 0.00828453 0.0174434 0.0244853 0.016924 0.012427 0.014259 0.00891992 0.0089166 0.0202 0.0233801 0.0233781 0.0160487 0.0126907 0.00139154 
8.4124e-06 0.00267037 0.00943881 0.0124435 0.0145723 0.01316 0.00715592 0.00899408 0.0119103 0.0192996 0.0170429 0.0222576 0.020697 0.011105 0.00893627 0.0200529 0.0188673 0.0179147 0.0210774 0.0201153 0.0180789 0.0219538 0.0232333 0.0225199 0.0227301 0.0196602 0.0189669 0.0224673 0.0410742 0.0331183 0.0284738 0.0410203 0.0252828 0.0236365 0.0560777 0.0359914 0.0180032 0.0148276 0.0187458 0.0165043 0.0226201 0.0186028 0.0232822 0.0202101 0.0130772 0.0159627 0.0112375 0.0177092 0.0164146 0.0145521 0.012979 0.0134026 0.0131328 0.0159412 0.0130757 0.00729996 0.0106384 0.0210186 0.0196296 0.0154172 0.0175231 0.0120916 0.00644048 0.00936226 0.0147519 0.0174385 0.0100709 0.0109247 0.00245659 
0.000414408 0.00598167 0.0115039 0.015423 0.0116468 0.0114797 0.00940463 0.00644186 0.00908129 0.0155691 0.0171546 0.0156061 0.0189227 0.0158043 0.0117228 0.0165814 0.0152383 0.0193613 0.0193518 0.0224169 0.0260581 0.0266994 0.0202131 0.0202775 0.0168453 0.0169539 0.0133036 0.0203874 0.0308045 0.0272843 0.0283014 0.0209345 0.0203664 0.0242009 0.0749456 0.0737637 0.0234239 0.0116411 0.0115881 0.0195544 0.0228274 0.0159066 0.0155226 0.0174592 0.0167325 0.0135796 0.0116128 0.010097 0.0121001 0.0103204 0.0114628 0.0112074 0.0140402 0.0130348 0.00724147 0.00557175 0.00957989 0.0155051 0.0152062 0.0185693 0.0193332 0.0194269 0.0145696 0.0153302 0.0150518 0.0172962 0.0144736 0.0103168 0.00347347 
0.00116936 0.0101119 0.0150285 0.0150599 0.00707265 0.00716294 0.00846573 0.00462501 0.00629797 0.0105754 0.0162691 0.0182496 0.0114438 0.00820526 0.0100523 0.0128203 0.0167779 0.0178475 0.019386 0.0227634 0.029978 0.0253495 0.0177139 0.0191579 0.0179104 0.0199824 0.0174209 0.0233513 0.0182804 0.025028 0.0229907 0.022789 0.0314413 0.0468381 0.0703073 0.060943 0.0200636 0.0117994 0.0167111 0.0209995 0.0220422 0.0140264 0.0149814 0.0179629 0.0141412 0.0139974 0.0150633 0.00964671 0.0118119 0.00998289 0.0142991 0.0107775 0.0126876 0.0140652 0.0101616 0.00609149 0.0122009 0.0093698 0.0143296 0.0190169 0.0227335 0.0205628 0.0190338 0.0184552 0.0168408 0.00969146 0.0132757 0.0129639 0.00509115 
0.000553825 0.00700614 0.0122085 0.0152205 0.00395696 0.00291463 0.00758029 0.00214561 0.00230442 0.00182241 0.00520529 0.00579496 0.00334424 0.00197713 0.00195337 0.00486272 0.0148496 0.0175442 0.0205854 0.0217472 0.0250238 0.0220199 0.019275 0.0170856 0.0185653 0.0177545 0.0225803 0.0172739 0.0234357 0.030539 0.01854 0.0236823 0.0635824 0.101336 0.0558184 0.0394797 0.0135729 0.0121962 0.0171712 0.0228072 0.0235448 0.0214592 0.0204699 0.013084 0.00836066 0.0144912 0.0130978 0.00630653 0.0103795 0.0198697 0.0145126 0.00779225 0.0121744 0.0166031 0.0167243 0.0247292 0.0338128 0.0219975 0.0232607 0.0216793 0.0257108 0.0190387 0.0135917 0.0149255 0.0204845 0.0186783 0.0150644 0.00732929 0.00310397 
6.84698e-05 0.00318546 0.00702351 0.0135897 0.00961289 0.00304536 0.00531959 0.00164944 0.000616887 0.000162735 0 0 0 0.000111262 0.0010335 0.00247081 0.00479303 0.0120388 0.0170795 0.0225714 0.0265473 0.0178842 0.0169269 0.0152229 0.0122398 0.01615 0.0312894 0.0339136 0.0312582 0.025327 0.0220671 0.024165 0.0429872 0.0572932 0.0321229 0.0242632 0.0151019 0.0133072 0.00894463 0.00992647 0.0151615 0.0219946 0.0210223 0.00644051 0.00407128 0.00856964 0.0126658 0.00982631 0.00624504 0.0175174 0.013583 0.00833297 0.0126016 0.0131257 0.0157377 0.0249816 0.032148 0.0247943 0.0193414 0.0235133 0.0338746 0.0235838 0.0233978 0.0159006 0.0175937 0.0148344 0.011541 0.00619491 0.00309533 
0 0.000132981 0.0010472 0.00468514 0.00581327 0.00303257 0.00418155 0.00489987 0.0250557 0.00720883 0.000117152 0 0.000497423 0.00266084 0.00357268 0.00329053 0.00715304 0.0123464 0.0103846 0.0187372 0.0270807 0.0188542 0.0174567 0.0154919 0.0157855 0.0215283 0.0295063 0.0477522 0.035253 0.026354 0.0238694 0.0260127 0.0226615 0.0200869 0.016894 0.0162376 0.0184987 0.0182827 0.00854403 0.00396464 0.0112478 0.0201038 0.0150811 0.00912966 0.00971061 0.00970862 0.0145674 0.00718195 0.00536582 0.0143856 0.0159663 0.0153179 0.0150167 0.0135078 0.0136588 0.0167469 0.0229874 0.0194439 0.0156587 0.0208734 0.0331173 0.0211198 0.0223279 0.0128479 0.0152625 0.01221 0.00689732 0.00562734 0.00181282 
0 0 0.000159373 0.000845709 0.00252926 0.00723364 0.00338102 0.00386378 0.0262583 0.00949502 0.000435985 0.00256237 0.00666608 0.00849416 0.00834481 0.00863433 0.0115695 0.014086 0.0107574 0.017227 0.0245596 0.0174013 0.0142207 0.0168647 0.0156986 0.0183108 0.0315112 0.0378064 0.0384188 0.0314873 0.0220278 0.0300598 0.0195778 0.0139674 0.0144479 0.0151741 0.0178421 0.0144797 0.00766717 0.00324686 0.00782831 0.0081541 0.0102451 0.0215024 0.0239305 0.0160824 0.0113854 0.00979166 0.00836664 0.0100418 0.0105962 0.0154467 0.0157067 0.019359 0.0121847 0.0150342 0.0190609 0.0144679 0.0210106 0.0190681 0.0164095 0.0188014 0.0175873 0.0110809 0.0118601 0.0118312 0.00829968 0.00240547 5.68792e-05 
0 0 0.000111377 0.00360761 0.00749226 0.00913159 0.0061024 0.00424275 0.00400187 0.00174748 0.00345189 0.0117066 0.0143538 0.0170784 0.0157117 0.0121614 0.0113616 0.0120366 0.013591 0.0197334 0.0185397 0.0154444 0.0125654 0.015191 0.0113501 0.0106125 0.0199484 0.0262701 0.0248606 0.031527 0.0209842 0.0190791 0.0173665 0.0167063 0.01503 0.0147845 0.0187178 0.010608 0.00544843 0.00561902 0.0102115 0.0120693 0.0198791 0.0249263 0.0231837 0.0167237 0.00779049 0.00537797 0.00861752 0.00880223 0.0141363 0.0171222 0.0167528 0.0146 0.0121072 0.0130036 0.0163378 0.0235006 0.025328 0.0225073 0.0148124 0.0131933 0.00994332 0.0104158 0.0116291 0.0140727 0.00883022 0.00237444 5.96938e-05 
0 0.000187897 0.00319285 0.0143151 0.0113235 0.00917137 0.00608177 0.00343267 0.00356608 0.00620257 0.016189 0.0218902 0.0232173 0.019742 0.0204288 0.0156372 0.015262 0.0136494 0.00970297 0.0154216 0.0169929 0.0174364 0.0119125 0.0167544 0.0145061 0.00995278 0.0136934 0.0314901 0.0302123 0.0298293 0.021875 0.0145055 0.01801 0.0129181 0.0155979 0.0158225 0.0133075 0.0120766 0.0167338 0.016018 0.0183354 0.0278756 0.02334 0.018801 0.0182797 0.0140694 0.00856203 0.00436392 0.00692159 0.00688811 0.0119643 0.0201776 0.0108486 0.0133241 0.0170051 0.0176498 0.0139768 0.0186477 0.0175263 0.0224771 0.0181498 0.00743156 0.00645441 0.00625709 0.00672876 0.00928557 0.0153598 0.00684246 0.000502197 
0 0.000459035 0.006691 0.0120968 0.0120521 0.00961229 0.00711921 0.0022337 0.00297886 0.009549 0.0161103 0.0168273 0.0215267 0.018028 0.0192849 0.0193619 0.0186791 0.0142277 0.0115177 0.0231599 0.0237859 0.0203465 0.0113601 0.0114387 0.0143685 0.0227517 0.0287427 0.0219152 0.025897 0.0219925 0.0220142 0.0185613 0.0204537 0.0131407 0.0176325 0.0226512 0.0237859 0.0267541 0.0308607 0.0210406 0.0213927 0.0221388 0.0231712 0.0209783 0.0162826 0.00959804 0.00926511 0.00876774 0.00484406 0.00610099 0.00651712 0.0125103 0.0158705 0.0172175 0.0167589 0.0191792 0.0158539 0.0204415 0.0240249 0.0198405 0.0163122 0.00413141 0.00557747 0.00357487 0.00615913 0.0117275 0.0209823 0.0160011 0.00185387 
0 0 0.000212059 0.00130198 0.00212681 0.00211765 0.00231053 0.00109559 0.00232333 0.0146392 0.0160171 0.0179814 0.0176599 0.0152744 0.019216 0.0199574 0.0164775 0.0185483 0.0140678 0.0201169 0.0224975 0.0284031 0.0160319 0.0246475 0.0252603 0.0234332 0.0302948 0.0288683 0.0296602 0.0277865 0.0272064 0.0285972 0.0265705 0.0178997 0.0205845 0.0213985 0.0280964 0.0263304 0.0239456 0.0211755 0.0219638 0.0228735 0.0271249 0.0313851 0.0214109 0.0103301 0.0093692 0.00740513 0.00624043 0.00682885 0.0057842 0.0100844 0.0167861 0.0141339 0.018102 0.0139497 0.0178587 0.0163454 0.0223364 0.0211983 0.021602 0.0195316 0.0173023 0.0197295 0.024376 0.0222883 0.0205036 0.00947824 0.000419437 
0 0 7.6697e-05 0.000830654 0.00261371 0.00608673 0.0138127 0.00928495 0.0111295 0.0182596 0.0194642 0.0137763 0.0218499 0.0225569 0.0150515 0.0207555 0.0195144 0.0159369 0.0162534 0.0247668 0.0261006 0.0357086 0.0410597 0.0338428 0.0242336 0.0198929 0.0278005 0.0276594 0.0296002 0.027596 0.0323424 0.0261012 0.0203218 0.0228815 0.018917 0.017388 0.02286 0.0226145 0.0234693 0.0236165 0.02562 0.0280994 0.0302097 0.0306205 0.0190822 0.0189393 0.0138468 0.0131297 0.0154267 0.0121348 0.0123089 0.0144324 0.0215631 0.0217472 0.0157079 0.0184339 0.0219536 0.019504 0.0207349 0.0167224 0.0246078 0.0335376 0.0277845 0.0340622 0.0303586 0.0256995 0.0272402 0.00943024 0.000770705 
0 0 0.000297044 0.00665028 0.0100379 0.0135109 0.0213965 0.0179334 0.0220486 0.0226707 0.0121821 0.00975614 0.0168019 0.0204672 0.0225802 0.0201772 0.0234753 0.0260397 0.0214224 0.0236049 0.019969 0.0339543 0.0502642 0.0310791 0.0314208 0.0301066 0.0268019 0.0306633 0.0339343 0.0265767 0.0283665 0.0210517 0.017521 0.0167932 0.0196525 0.0152154 0.0195018 0.0199408 0.0185343 0.0185604 0.0205635 0.0246032 0.0195891 0.0229432 0.0234712 0.0251585 0.0227525 0.0268758 0.0287383 0.0199211 0.0141511 0.0139209 0.0189077 0.0172207 0.0103514 0.0136746 0.0182121 0.0226104 0.0221029 0.0261233 0.0289016 0.0315382 0.0252996 0.0269705 0.0212582 0.0215502 0.0199091 0.00643074 0.000287368 
0 0 0.000116634 0.00258771 0.00652933 0.0117605 0.0140592 0.0217292 0.0200736 0.0166278 0.014522 0.0136594 0.014071 0.018126 0.0224326 0.0233998 0.0240835 0.0220279 0.0239327 0.0212302 0.0168035 0.0226387 0.0271404 0.0370831 0.0370693 0.0297476 0.0343197 0.0272839 0.0316648 0.0265943 0.0224215 0.0279866 0.0252885 0.0177004 0.0175553 0.0175039 0.0204735 0.0233659 0.0198952 0.017795 0.018033 0.0184722 0.0210907 0.0233694 0.0243954 0.0246451 0.0226229 0.0251362 0.0272199 0.01996 0.0199349 0.0204476 0.0203065 0.0145405 0.0199306 0.0134036 0.0135772 0.0175129 0.0223434 0.0303215 0.028566 0.0197938 0.0230851 0.0219447 0.0221542 0.0159298 0.0136366 0.00589383 0.000127711 
0 0 0 0.000849575 0.00571805 0.0168113 0.0184164 0.0245247 0.0290828 0.0188338 0.0164219 0.0177171 0.017469 0.024839 0.0184872 0.0236047 0.0231779 0.0175218 0.021932 0.0237134 0.0231279 0.0195325 0.0240407 0.0352358 0.0357908 0.0326075 0.0294592 0.0212929 0.0208273 0.0237035 0.0298957 0.031016 0.0263383 0.0217593 0.0188455 0.0252848 0.0261694 0.0321652 0.0351541 0.0275832 0.0217795 0.0226907 0.0245636 0.0266358 0.0213232 0.0154193 0.018299 0.020788 0.0351938 0.0243984 0.0180633 0.0135534 0.0169759 0.019712 0.0197213 0.018268 0.0183569 0.0213967 0.0333747 0.0317222 0.0290562 0.0195407 0.0162729 0.0154723 0.00946127 0.00713722 0.00513225 0.00181989 0 
0 0 0 0.000510875 0.0115523 0.0198531 0.0218759 0.0238498 0.0224614 0.0246899 0.018334 0.0226502 0.0227093 0.0265028 0.0245559 0.0216373 0.0225208 0.0228833 0.0285997 0.0251493 0.0188777 0.0194028 0.0265577 0.0287786 0.0362448 0.0288727 0.0310185 0.0239586 0.0250215 0.0194962 0.0240193 0.0353507 0.0516841 0.0377418 0.0238106 0.0225622 0.0197677 0.0200047 0.0288914 0.0253616 0.0225867 0.0226172 0.0264193 0.0269716 0.0209402 0.018262 0.0220458 0.0154717 0.0234739 0.0220453 0.0267383 0.0127082 0.0143859 0.0183534 0.0145074 0.0165356 0.0167348 0.0231176 0.0304357 0.0304607 0.0236315 0.0137817 0.0108891 0.0105451 0.00215368 0.00172188 0.000507427 1.69598e-06 0 
0 0 0 0.000554803 0.00914417 0.0152216 0.018766 0.022436 0.0224398 0.0223553 0.0219326 0.0210161 0.0236049 0.0271899 0.0211231 0.0267995 0.0180863 0.0188187 0.0291651 0.0347862 0.0283679 0.026521 0.0277574 0.0275509 0.0309099 0.0227069 0.0275451 0.0335813 0.0339477 0.0295993 0.031522 0.045538 0.0797375 0.0456041 0.0282254 0.0236655 0.0148981 0.0139635 0.0209408 0.0238124 0.0188028 0.0287301 0.0279826 0.0221833 0.0219539 0.0170657 0.0136353 0.0157866 0.0174636 0.0143699 0.029462 0.0255339 0.0206918 0.0176177 0.0147875 0.0167805 0.0172771 0.0274587 0.0260346 0.0280544 0.0277352 0.0126647 0.00656001 0.0142524 0.00457474 0.000863311 0.00188576 4.65597e-05 0 
0 0 0 0.000119014 0.00591063 0.0132686 0.0146036 0.0237033 0.0244454 0.0215754 0.0211454 0.0184549 0.0235474 0.0246448 0.0283375 0.022577 0.0216913 0.0222284 0.0223165 0.0357789 0.0416812 0.033934 0.0230549 0.0207055 0.0206883 0.0248643 0.0290669 0.035937 0.0292049 0.0275281 0.0337007 0.0300924 0.0388952 0.032181 0.0312673 0.0276594 0.0147114 0.0109504 0.0174726 0.0231614 0.0186137 0.0278083 0.0285899 0.027034 0.0220664 0.0217023 0.0156776 0.0156454 0.0194244 0.0184361 0.0205286 0.025246 0.025938 0.0268435 0.0245453 0.021943 0.0214002 0.0244261 0.0335887 0.0327517 0.0256442 0.0129335 0.00385526 0.00953763 0.00669133 0.00320516 0.000818278 0 0 
0 0 0 0 0.00415574 0.0096736 0.0142809 0.0192803 0.015415 0.0194498 0.0221151 0.0171593 0.0185902 0.0273118 0.0223486 0.0171497 0.0250686 0.0257666 0.0197999 0.03243 0.0353186 0.0274185 0.0262357 0.0187697 0.0177655 0.0253437 0.0321475 0.0338162 0.0320793 0.0271987 0.0242836 0.0225045 0.0256278 0.0200948 0.017052 0.0246258 0.0212408 0.00831774 0.0141728 0.0189906 0.0181685 0.0232965 0.0217295 0.0209673 0.0209732 0.0239384 0.0176008 0.0177513 0.0165821 0.0163214 0.0184817 0.0198479 0.0236837 0.0345171 0.0304506 0.0181144 0.0228168 0.0254532 0.0327789 0.0315595 0.02654 0.0149704 0.0147861 0.00755199 0.00615617 0.00190356 3.06255e-05 0 0 
0 0 0 0 0.00165899 0.0115091 0.0125617 0.0135833 0.014108 0.0176389 0.0300913 0.0268239 0.0168449 0.0257772 0.0249804 0.0170082 0.022911 0.0299663 0.0254764 0.0271621 0.0274812 0.0252462 0.0219147 0.0205729 0.0266261 0.0309358 0.0326146 0.0327941 0.0300243 0.0292938 0.0281387 0.0326857 0.019916 0.0161961 0.0120329 0.0204377 0.0234763 0.0149655 0.0125147 0.0144485 0.0188056 0.0221983 0.0249583 0.0242604 0.0205126 0.0198925 0.0141691 0.0138992 0.0139508 0.0165072 0.0161278 0.0233532 0.0321766 0.0368612 0.0296615 0.022178 0.0241052 0.0247251 0.0291975 0.0339744 0.0242598 0.0237417 0.017862 0.0082474 0.00321571 0.000317544 0 0 0 
0 0 0 0 0.000281383 0.00769983 0.0153189 0.0132528 0.016191 0.0276565 0.0321987 0.0352911 0.0224177 0.0167526 0.0272479 0.0287219 0.0246921 0.0270787 0.0227061 0.0227596 0.0169776 0.0251918 0.0199811 0.0209119 0.0318441 0.0283324 0.0320721 0.0357716 0.0361402 0.0400079 0.0323024 0.0302304 0.0184554 0.0225784 0.0190284 0.0175058 0.0214488 0.0206409 0.0225104 0.0222525 0.0188174 0.0228984 0.0246997 0.0244795 0.0204228 0.0221237 0.0153624 0.0206911 0.0188684 0.0190423 0.0209269 0.0226507 0.0358733 0.0387209 0.0297124 0.0188549 0.0214088 0.0264858 0.0285754 0.0332229 0.0248945 0.0276628 0.0165249 0.00797741 0.00266416 3.51636e-05 0 0 0 
0 0 0 0 0 0.00204864 0.00451746 0.0043495 0.0115591 0.0242056 0.0300825 0.0285044 0.021966 0.0177102 0.0271824 0.0374168 0.0236694 0.017666 0.0214175 0.0197511 0.0204375 0.0214036 0.0241282 0.0244212 0.0208706 0.0224332 0.0322467 0.0353809 0.0305859 0.034545 0.038863 0.024431 0.0313067 0.0486713 0.0453447 0.0124703 0.0105369 0.0178064 0.0173987 0.0239606 0.0249128 0.0249943 0.0213959 0.0232075 0.0222129 0.0185792 0.0192513 0.0244625 0.0245742 0.0249566 0.0291229 0.0281462 0.037477 0.0356804 0.0290582 0.0256766 0.0209856 0.0315436 0.0315488 0.02439 0.0291766 0.0234579 0.0174064 0.00802141 0.000928855 0 0 0 0 
0 0 0 0 0 9.18221e-06 0.000360045 0.00236366 0.00538256 0.0103644 0.0296949 0.0279791 0.0200122 0.019962 0.0210555 0.0270399 0.0262228 0.0245198 0.0208108 0.0176567 0.0268637 0.0310414 0.0293518 0.0225135 0.0194533 0.020801 0.0341459 0.0516859 0.0468764 0.0297781 0.0379859 0.0289935 0.0405716 0.0522822 0.046557 0.0207907 0.00968313 0.0131849 0.0170844 0.0195372 0.0270078 0.0318892 0.0228634 0.0210084 0.0167502 0.013496 0.0197235 0.0224074 0.0310086 0.0353822 0.0382897 0.0304599 0.0280047 0.0302053 0.0323025 0.0261403 0.0219825 0.0293101 0.0267848 0.0252711 0.0216519 0.0140029 0.00516005 0.00190524 2.26329e-05 0 0 0 0 
0 0 0 0 0 0 0 0.000443101 0.00379858 0.00779305 0.0219706 0.0237168 0.0200075 0.0209159 0.0304172 0.0295393 0.0309445 0.0267351 0.0182283 0.0175446 0.0187653 0.0175205 0.0147934 0.0179441 0.0213073 0.0264846 0.0495704 0.0609472 0.0356023 0.0235397 0.0343685 0.041236 0.0514649 0.0393879 0.0337047 0.0238701 0.0199466 0.0125288 0.0235429 0.0226686 0.0164388 0.0233804 0.0209771 0.0251383 0.0178212 0.0192426 0.023017 0.020688 0.0295438 0.0345551 0.0450517 0.0283474 0.0270865 0.0273503 0.0385608 0.0446701 0.0356818 0.033559 0.0248598 0.0190681 0.0134726 0.00491635 0.000268069 0.000190626 0 0 0 0 0 
0 0 0 0 0 0 0 0.000379865 0.00262051 0.00988084 0.0210615 0.020957 0.0162188 0.0212399 0.0228686 0.0240194 0.0274768 0.029375 0.0142323 0.0087721 0.00566066 0.00299065 0.00550172 0.0122943 0.0200016 0.0285493 0.0353224 0.0333155 0.034297 0.0272568 0.0330958 0.0330278 0.033806 0.0272425 0.0321972 0.0307166 0.0268579 0.0208986 0.0237517 0.0175756 0.0154903 0.0198773 0.0252811 0.0213823 0.0268656 0.0146877 0.0139756 0.0207602 0.0242653 0.0289279 0.0409516 0.029891 0.0320905 0.0265507 0.037665 0.0643505 0.0680027 0.0371048 0.036872 0.0381573 0.0138924 0.000228025 0 0 0 0 0 0 0 
0 0 0 0 0 0 0 0 0.000399142 0.00895733 0.019279 0.0196326 0.0190048 0.0228212 0.0225232 0.0211631 0.020721 0.0232183 0.00539024 0.00111812 0.00116439 0.00129103 0.00309431 0.00897176 0.0177574 0.0187221 0.0187979 0.0241644 0.0298473 0.0292038 0.0357089 0.0327377 0.0327978 0.0393107 0.0331725 0.0376356 0.0258504 0.0253637 0.0190742 0.0220134 0.0265393 0.0243218 0.0394679 0.0420123 0.0149026 0.00820141 0.00984632 0.0209452 0.0196728 0.024679 0.0257818 0.0308456 0.0306695 0.0226279 0.0369371 0.0577792 0.0704063 0.0433038 0.0339542 0.0319231 0.00536704 1.75065e-05 0 0 0 0 0 0 0 
0 0 0 0 0 0 0 0 7.35077e-05 0.00739709 0.0184599 0.0230001 0.0188316 0.0201692 0.0188803 0.0177425 0.0165827 0.0166756 0.00375388 0.000299671 0.00206066 0.00566405 0.00727125 0.0120399 0.0168694 0.0133687 0.0156267 0.0171014 0.0223933 0.027022 0.0311314 0.0428832 0.0393789 0.0286941 0.0317565 0.0389334 0.0268063 0.0281734 0.0221131 0.0196969 0.0272591 0.028574 0.0413051 0.0496159 0.0153986 0.00577557 0.0101908 0.0179663 0.0203873 0.0233141 0.0250655 0.0314618 0.0247068 0.0207716 0.0272038 0.0242901 0.0351982 0.0360388 0.0307851 0.0236277 0.00366039 0 0 0 0 0 0 0 0 
0 0 0 0 0 0 0 0 0 0.000856571 0.00838428 0.0217487 0.0214647 0.0210639 0.0240675 0.0243098 0.0161787 0.0126447 0.00225106 0.00239227 0.00963179 0.0137146 0.0118856 0.0127834 0.0197341 0.0264346 0.0305951 0.0299083 0.0283879 0.0296388 0.0325003 0.0410547 0.0381781 0.0300239 0.0339708 0.0293714 0.0202609 0.0159707 0.0104258 0.0183185 0.0144802 0.0138369 0.02303 0.0146405 0.0025111 0.00531285 0.0124962 0.0182664 0.0199155 0.0259842 0.0245167 0.0274415 0.0292916 0.0252697 0.0169577 0.013748 0.0220366 0.0289454 0.0249136 0.011826 0.000374568 0 0 0 0 0 0 0 0 
0 0 0 0 0 0 0 0 0 0 0.000285541 0.0101047 0.0176645 0.0248971 0.0123774 0.00858398 0.0127879 0.0144573 0.00895093 0.0103816 0.0418717 0.0289281 0.0152859 0.0134905 0.0212292 0.0292918 0.0344023 0.0307208 0.026191 0.0270269 0.0328492 0.0274575 0.0283316 0.0383454 0.036856 0.0185732 0.0156467 0.0114013 0.010136 0.0148351 0.00843863 0.00683843 0.00558601 0.00147518 0.00267833 0.00959187 0.0155478 0.0309821 0.0328241 0.0252212 0.0308318 0.0300443 0.0332968 0.0290227 0.0267198 0.0208241 0.0169125 0.0154137 0.00953305 0.000657319 0 0 0 0 0 0 0 0 0 
0 0 0 0 0 0 0 0 0 0 0 0.00153412 0.00578465 0.0164372 0.00206425 0.00055584 0.00525524 0.0115363 0.0132638 0.0116233 0.0322438 0.0282026 0.016629 0.0148577 0.0210782 0.0292322 0.0397249 0.032005 0.0246781 0.0238363 0.0294564 0.0157584 0.0106749 0.0182178 0.0206649 0.0203117 0.00763097 0.0137542 0.0119996 0.0081281 0.00262738 0.00190277 0.00500746 0.00232322 0.00672757 0.013986 0.0132804 0.0247757 0.0203709 0.0225228 0.0224317 0.0255098 0.0387579 0.0301174 0.0287637 0.0191753 0.00760288 0.00343275 0.000570495 3.54541e-07 0 0 0 0 0 0 0 0 0 
0 0 0 0 0 0 0 0 0 0 0 0 0.000134889 0.000617612 0.000256538 0.000120728 0.000696491 0.00726004 0.0145375 0.0136776 0.0155049 0.00819182 0.0115696 0.021421 0.0241423 0.0290246 0.0316531 0.0342769 0.0302687 0.0330316 0.0184175 0.0107069 0.0088394 0.0117168 0.0142837 0.0103673 0.00490756 0.00648131 0.00503989 0.0103686 0.0115709 0.00677125 0.00891719 0.00863226 0.00717677 0.0143505 0.0131494 0.0140382 0.0179105 0.0174972 0.0228086 0.0291734 0.0209981 0.0254395 0.0249264 0.00787519 0.00126907 8.75536e-05 0 0 0 0 0 0 0 0 0 0 0 
0 0 0 0 0 0 0 0 0 0 0 0 0 0 0 0 0.000275136 0.00378537 0.0128935 0.0126836 0.0101981 0.00395851 0.0128585 0.0308125 0.0324867 0.0215237 0.0253393 0.0305398 0.0381679 0.0320718 0.0156856 0.0117309 0.00676475 0.0126425 0.0442529 0.0285614 0.0159492 0.0197282 0.01505 0.010811 0.0118526 0.0125742 0.0142226 0.0135537 0.0031463 0.00666429 0.00827673 0.00946574 0.022668 0.0213747 0.0206172 0.01904 0.00831451 0.0128846 0.00912785 0.00176877 0 0 0 0 0 0 0 0 0 0 0 0 0 
0 0 0 0 0 0 0 0 0 0 0 0 0 0 0 0 5.8924e-05 0.000354983 0.00344445 0.00823853 0.00325627 0.00350536 0.0161438 0.028223 0.0255571 0.0229511 0.0260603 0.0240995 0.0382197 0.0337134 0.018398 0.0165761 0.0105018 0.0174176 0.0657489 0.0316105 0.0226492 0.02867 0.0362608 0.02477 0.00900325 0.0103317 0.0144048 0.0301949 0.00935791 0.00342714 0.00192306 0.00897216 0.0132463 0.0196812 0.0181388 0.0103164 0.00107511 0.00181453 0.000403657 8.86722e-07 0 0 0 0 0 0 0 0 0 0 0 0 0 
0 0 0 0 0 0 0 0 0 0 0 0 0 0 0 0 0 0 0.00013296 0.000625432 0.000235465 0.00202936 0.0147287 0.0299956 0.0241056 0.0219457 0.0226895 0.020943 0.0317961 0.0356123 0.0246716 0.0201678 0.0165176 0.0126304 0.0173741 0.0158399 0.0314397 0.0387219 0.0364707 0.0306648 0.0171699 0.00950797 0.0180426 0.0347082 0.0322088 0.0138486 0.00203716 0.000589677 0.00172141 0.00591813 0.00485416 0.00100679 0 0 0 0 0 0 0 0 0 0 0 0 0 0 0 0 0 
0 0 0 0 0 0 0 0 0 0 0 0 0 0 0 0 0 0 0 0 0.000904157 0.0046934 0.0150113 0.0239882 0.0207226 0.0247908 0.0238257 0.0217597 0.0284353 0.034286 0.0358453 0.0308641 0.0233732 0.0171868 0.0213603 0.029308 0.0387031 0.0441557 0.0350193 0.0369968 0.0199865 0.0135269 0.0272224 0.0435909 0.0373232 0.0220579 0.00628195 9.26366e-05 0.000400265 0.000408916 7.31584e-05 0 0 0 0 0 0 0 0 0 0 0 0 0 0 0 0 0 0 
0 0 0 0 0 0 0 0 0 0 0 0 0 0 0 0 0 0 0 0 0.000247157 0.00187531 0.00836483 0.013742 0.0153141 0.017758 0.0168546 0.0238843 0.03491 0.035076 0.0289965 0.030802 0.0291356 0.0252205 0.0286947 0.0431976 0.0396801 0.0284514 0.0213522 0.0261699 0.0318017 0.0300338 0.0310332 0.0248695 0.0240577 0.0144092 0.00245492 4.87173e-06 0 0 0 0 0 0 0 0 0 0 0 0 0 0 0 0 0 0 0 0 0 
0 0 0 0 0 0 0 0 0 0 0 0 0 0 0 0 0 0 0 0 0 0 0.000143272 0.00137689 0.00372991 0.00954835 0.0102257 0.0216502 0.0215318 0.0167768 0.00896015 0.0127238 0.0152274 0.0145956 0.0206784 0.0290029 0.0221469 0.014077 0.00640053 0.0167197 0.0211112 0.0221475 0.0224308 0.00957152 0.00219046 0.00201469 0.000327148 0 0 0 0 0 0 0 0 0 0 0 0 0 0 0 0 0 0 0 0 0 0 
0 0 0 0 0 0 0 0 0 0 0 0 0 0 0 0 0 0 0 0 0 0 0 0 0 0.00031778 0.000661653 0.00309248 0.00362767 0.00144141 0.000425836 0.00118762 0.00224231 0.0021956 0.00363819 0.0074492 0.00452828 0.000808589 6.16987e-05 0.00203754 0.00650724 0.00742909 0.0041827 0.000521206 5.50441e-05 0 0 0 0 0 0 0 0 0 0 0 0 0 0 0 0 0 0 0 0 0 0 0 0 

