0 0 0 0 0 0 0 0 0 0 0 0 0 0 0 0 0 0 0 0 0 0 0 0 0 0 0 0 0 0 0 0.00024017 0.000616621 0.000522061 0.000402269 8.66926e-05 0 0 0 0 0 0 0 0 0 0 0 0 0 0 0 0 0 0 0 0 0 0 0 0 0 0 0 0 0 0 0 0 0 
0 0 0 0 0 0 0 0 0 0 0 0 0 0 0 0 0 0 0 0 0 0 0 0 0 0 0 0 5.94538e-05 0.000293941 0.00292503 0.0076285 0.0131358 0.00823951 0.00794885 0.00370849 0.00169906 8.96435e-05 0.000245528 0.00109992 0.00118526 0.00102111 0.000509803 0.00054407 0.00014018 0 0 0 0 0 0 0 0 0 0 0 0 0 0 0 0 0 0 0 0 0 0 0 0 
0 0 0 0 0 0 0 0 0 0 0 0 0 0 0 0 0 0 0 0 0 0 0 9.21198e-05 0.000813067 0.00235385 0.00368426 0.00233098 0.00172586 0.00376726 0.00908625 0.0132527 0.017008 0.0127767 0.0146792 0.0122732 0.00877257 0.00727029 0.00373583 0.00608973 0.00573662 0.00571046 0.0048663 0.00512767 0.00344758 0.000193569 0 0 0 0 0 0 0 0 0 0 0 0 0 0 0 0 0 0 0 0 0 0 0 
0 0 0 0 0 0 0 0 0 0 0 0 0 0 0 0 0 0 0 0 0 0.000381018 0.0013521 0.00272297 0.00519478 0.00795076 0.00923448 0.00796921 0.00823223 0.00978155 0.011762 0.0166277 0.03084 0.0374293 0.0237218 0.0145946 0.015865 0.0220128 0.0146973 0.0129662 0.0126768 0.0112992 0.00947554 0.0113906 0.00741321 0.00069562 0.000328183 0.000652135 0.000109575 7.57184e-06 0 0 0 0 0 0 0 0 0 0 0 0 0 0 0 0 0 0 0 
0 0 0 0 0 0 0 0 0 0 0 0 0 0 0 0 0 4.26815e-06 0.000192662 0.00021967 7.09538e-05 0.00414348 0.00709149 0.00944653 0.0104429 0.00672833 0.0112404 0.0114855 0.0139622 0.0120098 0.0162223 0.0186004 0.0279565 0.0411709 0.0222227 0.0162864 0.0180703 0.0177677 0.0155625 0.0181613 0.0147109 0.0130189 0.0166802 0.0145125 0.00914862 0.00256302 0.00575328 0.011337 0.00657282 0.00164539 0.000829773 0.000109385 0 0 0 0 0 0 0 0 0 0 0 0 0 0 0 0 0 
0 0 0 0 0 0 0 0 0 0 0 0 0 0 0 0 0 0.00117311 0.00523924 0.00730855 0.00227974 0.008479 0.00837969 0.0117485 0.0114611 0.0136066 0.0176414 0.0172993 0.0193489 0.0169408 0.0161573 0.0212097 0.0141054 0.0142022 0.0180863 0.014172 0.0187113 0.0299757 0.0242999 0.0207103 0.0154379 0.0106881 0.0148423 0.014793 0.0114434 0.0134572 0.0151309 0.0210914 0.0185265 0.00854198 0.00403156 0.000837753 0 0 0 0 0 0 0 0 0 0 0 0 0 0 0 0 0 
0 0 0 0 0 0 0 0 0 0 0 0 0 0 0 0.000253739 0.00106824 0.00559595 0.0114824 0.00956302 0.00674233 0.00721218 0.0108572 0.0141642 0.0145066 0.0291906 0.0382707 0.0246863 0.0169626 0.015172 0.0169492 0.0112121 0.0162898 0.0157258 0.0200921 0.015574 0.0155286 0.024514 0.0295981 0.0182459 0.0148392 0.0140284 0.0193034 0.0165823 0.0174285 0.0184287 0.0199982 0.017864 0.021767 0.0200466 0.0139367 0.00382629 0.000741262 0 0 0 0 0 0 0 0 0 0 0 0 0 0 0 0 
0 0 0 0 0 0 0 0 0 0 0 0 0 0 0 0.00135276 0.00447294 0.0114373 0.0163702 0.00803716 0.00750309 0.00596169 0.012198 0.0160403 0.020125 0.0570073 0.0712135 0.0252234 0.0129972 0.00902593 0.016778 0.0155236 0.0181034 0.01692 0.0195228 0.0170466 0.0133095 0.0124162 0.0145478 0.0131124 0.0180538 0.0139916 0.0157276 0.0167856 0.0255004 0.0172805 0.0172834 0.0158312 0.0297515 0.0261205 0.0219989 0.0120293 0.00157516 0.000673059 0.000115801 7.69093e-05 0 0 0 0 0 0 0 0 0 0 0 0 0 
0 0 0 0 0 0 0 0 0 0 0 0 1.14075e-05 0.000276156 0.00111632 0.00610982 0.00591439 0.00827251 0.013632 0.014268 0.00882558 0.00419371 0.0112305 0.0167196 0.0137182 0.0315615 0.0350849 0.0217132 0.0143693 0.0136136 0.016983 0.015533 0.0148376 0.0155908 0.0144732 0.0149415 0.0146581 0.0087437 0.0114665 0.0174898 0.0242447 0.0178479 0.014252 0.0174005 0.0210797 0.0172143 0.0191556 0.0223387 0.0295013 0.0227329 0.0202094 0.013112 0.00329051 0.00288852 0.00099379 0.00275071 0.000685739 0 0 0 0 0 0 0 0 0 0 0 0 
0 0 0 0 0 0 0 0 0 0 0 0 0.000121112 0.00118338 0.00397058 0.00767742 0.00556289 0.00675544 0.00998028 0.00892376 0.0111316 0.00970519 0.0153667 0.0133853 0.0149919 0.0201936 0.0182432 0.0139147 0.0104881 0.0155088 0.0196523 0.0184496 0.0175423 0.0161019 0.0173514 0.0157053 0.0108545 0.0128271 0.0106392 0.017252 0.0204032 0.0178278 0.0182737 0.0188413 0.0195651 0.0178093 0.019573 0.0195356 0.0218311 0.0221137 0.0194712 0.0187834 0.00965837 0.00544772 0.00496581 0.00436216 0.00362431 0.000928954 0.000278645 0 0 0 0 0 0 0 0 0 0 
0 0 0 0 0 0 0 0 0 0 1.17004e-05 0.000165754 0.00145543 0.00579956 0.010724 0.0107507 0.00603177 0.00951483 0.010381 0.00690797 0.011565 0.0140925 0.012599 0.0118328 0.0134493 0.016344 0.0184001 0.0146523 0.0120551 0.0189271 0.0180679 0.0222298 0.0197065 0.0207329 0.0186288 0.0136543 0.0177975 0.019242 0.0162384 0.0155074 0.0150305 0.0163379 0.0215365 0.0248964 0.0212119 0.0183652 0.0176455 0.0115681 0.0140932 0.0141292 0.012775 0.0143699 0.0131684 0.0150819 0.0100651 0.00415593 0.00387162 0.00243651 0.000429765 1.49261e-06 0 0 0 0 0 0 0 0 0 
0 0 0 0 0 0 0 0 0 0 0.000126768 0.00320224 0.00679942 0.00759129 0.00909652 0.0106552 0.0106275 0.0129259 0.0147312 0.00989443 0.0096962 0.0128655 0.00917951 0.00992378 0.0122946 0.0188938 0.0339087 0.0194337 0.0186015 0.0248365 0.0273146 0.0304448 0.0199772 0.0142067 0.0142745 0.0164047 0.0164318 0.0137898 0.0171669 0.0158712 0.015257 0.0140208 0.0262285 0.0316151 0.027205 0.0187226 0.0133112 0.0119333 0.0113442 0.0135413 0.0176439 0.0170598 0.0175398 0.0179817 0.0163339 0.0079563 0.00634846 0.00669146 0.00301812 0.00260031 0.000132203 0 0 0 0 0 0 0 0 
0 0 0 0 0 0 0 0 0 0.000514906 0.000199505 0.00581048 0.0152105 0.0130053 0.00918627 0.0102799 0.00827355 0.0174886 0.0208574 0.0162324 0.0115755 0.0123985 0.00861429 0.0104181 0.0120007 0.0275985 0.0436521 0.0235586 0.0173488 0.0201745 0.0197245 0.0222218 0.0154857 0.0159905 0.0187767 0.017612 0.0196879 0.0121053 0.0201115 0.0182177 0.0208624 0.0228318 0.0248893 0.0239654 0.0243662 0.0205629 0.0154922 0.0147151 0.0150556 0.0176963 0.017844 0.0218587 0.0183912 0.0169387 0.017 0.00744463 0.0151615 0.0158323 0.014537 0.00840272 0.00252618 0.000176065 0 0 0 0 0 0 0 
0 0 0 0 0 0 0 0 0 0.000998087 0.000315469 0.0133753 0.0291953 0.017706 0.00742574 0.00693811 0.00837316 0.00793584 0.012091 0.015546 0.00833936 0.0117106 0.0122365 0.00940382 0.0117301 0.0292954 0.0261863 0.0272644 0.0220324 0.0178603 0.0167174 0.0154971 0.0188302 0.0177674 0.0175252 0.0139891 0.0147142 0.0182524 0.0202675 0.0223751 0.0235831 0.0194804 0.0170983 0.0164233 0.0210928 0.0178063 0.0169321 0.0163124 0.0232149 0.0191666 0.0192709 0.0204032 0.0122425 0.0143825 0.01601 0.0101084 0.0168619 0.0176386 0.0218101 0.0224778 0.0145506 0.00244402 2.85242e-06 0 0 0 0 0 0 
0 0 0 0 0 0 0 0.000644084 0.0037477 0.00423954 0.00200779 0.0142125 0.0418975 0.0265212 0.00698494 0.00852318 0.0129541 0.0092582 0.00903507 0.0102304 0.0176142 0.0170046 0.0127672 0.0130179 0.0127267 0.029703 0.034659 0.0305843 0.0214611 0.0232323 0.0160203 0.0194722 0.0215419 0.0155668 0.0130017 0.0165408 0.014299 0.0197424 0.0214406 0.0220609 0.0173164 0.0173663 0.0168568 0.0167228 0.0213326 0.0219139 0.0220884 0.0194495 0.0222907 0.02254 0.022917 0.0190023 0.0185908 0.022478 0.019226 0.00658698 0.0109373 0.0156771 0.0211948 0.0243522 0.0252476 0.00958985 0.000269059 0 0 0 0 0 0 
0 0 0 0 0 0 0.00168133 0.00629928 0.00899164 0.00758745 0.00927791 0.00742197 0.0132341 0.0124894 0.0104204 0.0104101 0.0111582 0.00799922 0.00856212 0.0148843 0.0140668 0.0210305 0.0176785 0.0145848 0.0125163 0.0243191 0.0215239 0.0174439 0.0216168 0.0284111 0.0176057 0.0160301 0.0177195 0.0138193 0.0146788 0.0184893 0.0170386 0.0190196 0.0274303 0.023493 0.0161928 0.0149974 0.0173556 0.0213478 0.0211378 0.0256635 0.029582 0.0194612 0.0167038 0.020806 0.019144 0.0213644 0.0169052 0.0214461 0.0191768 0.00436791 0.00780031 0.00959097 0.0142517 0.0166641 0.0143544 0.00672351 0.000149604 0 0 0 0 0 0 
0 0 0 0 0 3.19704e-05 0.00543636 0.0117531 0.0129446 0.00733278 0.00695076 0.0070143 0.00579704 0.00925606 0.0102496 0.0133916 0.0113491 0.0109948 0.0101325 0.0151117 0.0149522 0.0170453 0.0208483 0.0125951 0.00961126 0.0129228 0.0168127 0.0181417 0.0349353 0.0316033 0.0189545 0.0150898 0.0168451 0.0164581 0.0163268 0.0145635 0.0148421 0.0208984 0.0243029 0.0210756 0.0187365 0.0153245 0.0191767 0.0166138 0.0213976 0.0311023 0.0235261 0.0237888 0.0172232 0.0157389 0.0179995 0.0210251 0.0142421 0.0171775 0.0188784 0.0146024 0.00839356 0.00571234 0.0143576 0.0140532 0.00960251 0.00284245 0.000272513 1.79292e-05 0 0 0 0 0 
0 0 0 0 0 7.20647e-06 0.00633686 0.0133485 0.0104685 0.00527182 0.00706851 0.0101398 0.0105657 0.0166341 0.0125852 0.0184231 0.0196156 0.0110608 0.0190975 0.0276875 0.0232587 0.0190237 0.0197105 0.0215934 0.0172436 0.0146051 0.0196033 0.0215546 0.0257301 0.0218115 0.0202116 0.0191457 0.025789 0.0197223 0.0156319 0.0129939 0.0144672 0.0213906 0.0272203 0.0259022 0.0233532 0.0211457 0.0141149 0.0136054 0.0172566 0.0170438 0.0202932 0.0235207 0.0215192 0.0148354 0.0140941 0.020009 0.0186526 0.0141026 0.0118802 0.0165309 0.0127635 0.00897725 0.0127024 0.0114716 0.00339712 0.00418341 0.00437265 0.00290465 0.000192226 0 0 0 0 
0 0 0 0 0 0 0.000396212 0.00283254 0.00401615 0.00762317 0.0118009 0.0141741 0.0132808 0.0133436 0.0155847 0.0115819 0.0127862 0.0213051 0.0318022 0.0296742 0.0295738 0.0290586 0.0254827 0.0305865 0.0265218 0.0220539 0.0242538 0.0273944 0.0260865 0.0180096 0.0228492 0.0224225 0.0201851 0.0207219 0.0161133 0.0134206 0.0165637 0.0161139 0.0216049 0.0202533 0.0182181 0.0210412 0.0133899 0.0157611 0.0148669 0.0148606 0.0152338 0.0202617 0.0267959 0.0286935 0.0202486 0.0176785 0.0199237 0.0140316 0.00818989 0.0124223 0.0114897 0.0156679 0.0143859 0.00575264 0.00197458 0.00446644 0.0135024 0.013026 0.00225455 0.000109162 0 0 0 
0 0 0 0 0 0.000112648 0.00131305 0.00153169 0.00229016 0.00664846 0.0102857 0.0140879 0.0151495 0.0150951 0.0151759 0.0138806 0.0154814 0.0174613 0.0177819 0.027108 0.0307516 0.0296221 0.0278708 0.0313758 0.0374098 0.0325951 0.0266351 0.0276635 0.0427868 0.0204126 0.0205445 0.0235211 0.0204906 0.0182914 0.0156637 0.0150316 0.0188632 0.0163364 0.0208109 0.0165386 0.0145685 0.0178232 0.0188101 0.0232933 0.0154906 0.0171474 0.0204721 0.023422 0.0293952 0.0275346 0.0252859 0.0201248 0.0212465 0.0161334 0.0160849 0.0111438 0.0152035 0.0160883 0.00905534 0.00441889 0.00270391 0.00910895 0.0160319 0.00972771 0.00627302 0.00225171 0 0 0 
0 0 0 0 0 0.00182558 0.00521329 0.00340434 0.00409459 0.00816651 0.0124456 0.0120402 0.0125209 0.0141244 0.0129496 0.0135131 0.0160536 0.0192752 0.0168642 0.0210057 0.0260134 0.0269124 0.025136 0.0332059 0.027637 0.0459457 0.0290783 0.0226901 0.0217184 0.0150979 0.0168219 0.0163236 0.0210774 0.0175494 0.0131284 0.0193213 0.0205754 0.0156444 0.0150383 0.0137066 0.0178408 0.0181986 0.0199259 0.0146335 0.0164523 0.020827 0.0280515 0.0225321 0.0235006 0.0222236 0.0281895 0.0221716 0.0229947 0.0201573 0.0187591 0.0152923 0.0182036 0.0198862 0.00843528 0.00508493 0.00474172 0.00722968 0.0103686 0.0132658 0.00801148 0.0048637 8.8464e-05 0 0 
0 0 0 4.18443e-05 0.000701157 0.00236708 0.00468329 0.00478213 0.0052456 0.00800019 0.0097212 0.0100255 0.0125615 0.0144689 0.0163818 0.0184695 0.0187768 0.016704 0.0252579 0.0164871 0.0227704 0.0209067 0.0126279 0.0179123 0.0227119 0.0382007 0.0366359 0.0260294 0.023365 0.0143529 0.0140693 0.0124974 0.0187658 0.0144401 0.0182796 0.0185563 0.0154378 0.0135923 0.0162608 0.0165708 0.0169578 0.0179092 0.0145541 0.015265 0.0199978 0.0225172 0.0277309 0.0246636 0.0197049 0.0211185 0.026213 0.0208203 0.0232936 0.0191558 0.0191628 0.0160117 0.0201048 0.020317 0.00866266 0.00533554 0.00425325 0.0049973 0.00922965 0.0169686 0.0108671 0.00565464 0.00066939 0 0 
0 0 0 0.00174994 0.00384274 0.00310775 0.00563806 0.00590784 0.00721845 0.00938631 0.00662363 0.00742472 0.00952478 0.0113094 0.0189675 0.0190717 0.022873 0.020377 0.019361 0.0156801 0.0191843 0.0167515 0.0201812 0.0252506 0.0223732 0.0244992 0.0295919 0.0217912 0.0183805 0.0188847 0.0152243 0.0115267 0.0103213 0.0135816 0.0182608 0.0136902 0.019691 0.0263207 0.0222506 0.0234052 0.019343 0.0235918 0.0193428 0.0187222 0.0209071 0.0256363 0.0183038 0.0217573 0.0161532 0.0210444 0.0231961 0.0223628 0.0211307 0.0148391 0.0224696 0.0172417 0.0168964 0.015313 0.0078005 0.00437627 0.00255123 0.00180783 0.00667573 0.0138999 0.0124308 0.00833563 0.00158862 0 0 
0 0 0.000179343 0.00355479 0.00643126 0.004709 0.00713871 0.0065105 0.00410043 0.00533702 0.00310481 0.000910418 0.00195075 0.00809741 0.016794 0.0190826 0.021998 0.0166671 0.0148594 0.0168397 0.0148182 0.0212922 0.027583 0.0324749 0.0237943 0.0280892 0.0265299 0.0247246 0.0227443 0.0198284 0.019688 0.0160192 0.0140139 0.0122178 0.0156515 0.014596 0.0187113 0.0179273 0.0179561 0.0188143 0.0149494 0.0218773 0.0190373 0.0194825 0.0185987 0.0194371 0.0190483 0.018201 0.0156299 0.0138318 0.0160116 0.0206836 0.0203067 0.0177451 0.0199847 0.020439 0.0178335 0.0134665 0.0103075 0.0136827 0.00965303 0.00953805 0.016662 0.019331 0.0133787 0.0160295 0.00385567 0.000151919 0 
0 0 0.000887836 0.00610327 0.00813547 0.00948131 0.00681845 0.00415171 0.00104069 0.000801649 0.0018135 0.000580817 0.00214171 0.00516214 0.00660478 0.014035 0.0168444 0.0147763 0.0171439 0.0174679 0.0225252 0.0270153 0.0311258 0.0389604 0.0234797 0.0275259 0.0281654 0.0327116 0.0405276 0.0221743 0.0167098 0.0107704 0.012339 0.0154341 0.0162757 0.0150663 0.0217997 0.0193791 0.0195991 0.020361 0.0129186 0.0149605 0.0152431 0.021247 0.0193471 0.013084 0.0175314 0.0174994 0.011422 0.0102841 0.0123542 0.0210761 0.0261045 0.0223575 0.0163809 0.0214766 0.014342 0.0145023 0.021691 0.03134 0.0197106 0.0201718 0.0203002 0.0177412 0.0169756 0.0168839 0.00369585 0.000406086 0 
0 0 0.000403504 0.00518168 0.00667692 0.0053418 0.00460437 0.00873611 0.00521482 0.00141035 0.00196509 0.000747004 0.00130946 0.00462071 0.00632736 0.0115047 0.0124076 0.0137603 0.0192727 0.0206321 0.0252224 0.0261896 0.0243577 0.0374774 0.0227522 0.0148682 0.0157663 0.0258672 0.0256348 0.0198225 0.0209623 0.0198871 0.0161673 0.0174292 0.0150824 0.0210212 0.022759 0.0210395 0.0253045 0.0224751 0.0180819 0.0158809 0.0140609 0.0304867 0.0246337 0.0197153 0.0167388 0.0152811 0.0114637 0.0129265 0.013209 0.0199619 0.0290683 0.0260127 0.0212817 0.0246588 0.0196049 0.0180627 0.0354163 0.0407979 0.0276945 0.0207133 0.0193379 0.0149727 0.0160569 0.0124889 0.00381788 0.00217467 8.62471e-05 
0 0.000111294 0.000705892 0.00285012 0.00301761 0.00232641 0.00370093 0.00751329 0.00514231 0.000775151 0.00136108 0.0016208 0.00592854 0.0106121 0.00588423 0.00982494 0.0109772 0.00989198 0.0199521 0.0227331 0.0188163 0.0277044 0.0196802 0.030833 0.0257859 0.026192 0.0204195 0.016982 0.0225507 0.0225306 0.0253434 0.0245015 0.0234388 0.024545 0.0333843 0.0302942 0.0243824 0.020929 0.022294 0.0253908 0.0178642 0.0166061 0.0210484 0.0219933 0.0288282 0.0223558 0.0161048 0.0154082 0.0176734 0.015185 0.0174287 0.0205392 0.0305535 0.0258953 0.0224286 0.017649 0.0214893 0.0231181 0.032413 0.0313952 0.0254107 0.0223077 0.0179986 0.0141745 0.0132668 0.0107988 0.00403474 0.00163555 9.60948e-06 
0 0.000149165 0.00065764 0.000229867 0.00127384 0.00097932 0.00107192 0.0024157 0.000757281 0.000688229 0.00118995 0.00421216 0.0106804 0.0113329 0.00800546 0.00688468 0.00859647 0.00446854 0.0109079 0.0219116 0.0340605 0.0310052 0.0356309 0.0369301 0.02244 0.0253446 0.0202402 0.0225935 0.0261701 0.0270634 0.0312643 0.0261192 0.0275799 0.0266839 0.0298828 0.0284102 0.0259867 0.0223638 0.0257549 0.0238524 0.0199092 0.0178505 0.0171278 0.0167893 0.0202773 0.0211907 0.0207717 0.0209794 0.0190012 0.0174226 0.014554 0.0171773 0.0252622 0.0238887 0.01794 0.0226998 0.0211108 0.0178936 0.0206604 0.0228078 0.0224134 0.0180746 0.0173189 0.0215681 0.0146637 0.0107131 0.01038 0.00386733 0.000601711 
0 0 0 0.0003445 0.000786525 0.00129936 0.00120903 0.00022852 3.32392e-05 0.000427323 0.00234348 0.00708167 0.0128435 0.0128695 0.00892633 0.004765 0.0022136 0.00339721 0.0105848 0.0242968 0.0534604 0.0529248 0.0483501 0.0291066 0.0167827 0.0202118 0.0232084 0.0217477 0.0219689 0.0218524 0.0275999 0.0235284 0.023681 0.0194116 0.026005 0.0235648 0.0168547 0.0156514 0.0205947 0.0227448 0.0227832 0.0188274 0.0249563 0.0248422 0.0244174 0.0242688 0.0213489 0.0235013 0.0161245 0.0164346 0.0105471 0.012119 0.0252486 0.0217256 0.0191516 0.0191969 0.0234253 0.0261472 0.0277761 0.0263745 0.021613 0.0162718 0.02326 0.0180376 0.0161417 0.0163982 0.0156214 0.0104591 0.0022346 
0 0 0 3.32702e-05 0.000432595 0.00165549 0.000979079 0.00216531 0.0012318 0.0033472 0.00953245 0.0140027 0.0150817 0.0131703 0.0127769 0.00468919 0.00300091 0.00678033 0.013047 0.0231158 0.035228 0.0447012 0.0521553 0.0285378 0.0338522 0.0304835 0.0364908 0.0391972 0.0304631 0.0203855 0.0289969 0.027332 0.022504 0.0218099 0.0179947 0.0168508 0.0161865 0.0186649 0.0216246 0.0221543 0.0266739 0.0224053 0.0270973 0.023061 0.0192669 0.0271546 0.0247881 0.0213791 0.0218823 0.0228154 0.0142331 0.0142615 0.0206137 0.0295464 0.0232324 0.0209753 0.0228799 0.0248536 0.0244993 0.025562 0.0173339 0.0209319 0.0196676 0.0136214 0.013095 0.0154269 0.0206317 0.0107482 0.00202043 
0 0.000296007 0.00249676 0.00647042 0.00729844 0.00745824 0.00698733 0.00876645 0.00560227 0.00872526 0.00782436 0.00882524 0.0101242 0.00999372 0.00756333 0.00545974 0.0063703 0.0127378 0.0156984 0.0196849 0.0314751 0.0359032 0.0514802 0.0295365 0.0340925 0.0318041 0.038376 0.0348599 0.0347926 0.0176354 0.0285749 0.0311379 0.0311807 0.0239694 0.0173066 0.0163339 0.0217995 0.0240969 0.0250658 0.0305819 0.027077 0.0228934 0.0222627 0.0226144 0.0214183 0.021373 0.0183045 0.0164249 0.0168669 0.0206867 0.0168011 0.0207073 0.018505 0.0245773 0.031923 0.022271 0.0207965 0.0256788 0.0242158 0.0185344 0.0188839 0.0192969 0.0159532 0.0121105 0.0165779 0.0194505 0.0170107 0.00667648 0.00283199 
0.000118662 0.0054022 0.0134196 0.0151897 0.0147005 0.014863 0.0106267 0.0108823 0.00857939 0.00708499 0.00727865 0.0140251 0.0116404 0.0121072 0.00726193 0.00884662 0.00970176 0.011567 0.018223 0.0191694 0.0181367 0.0236217 0.0397127 0.0284936 0.0313456 0.0336945 0.0333689 0.031224 0.0273957 0.0186802 0.0247488 0.0298885 0.0278772 0.0333629 0.0257895 0.0242951 0.0210882 0.0197265 0.0252931 0.0305574 0.0255069 0.0229625 0.0211073 0.0189352 0.0210716 0.0212181 0.0187917 0.0150605 0.0177289 0.0221284 0.0199546 0.021357 0.0250228 0.0232548 0.021113 0.0218258 0.0217496 0.0233875 0.0217257 0.0179234 0.0149105 0.0155481 0.0232068 0.0251403 0.0260363 0.0142 0.0108918 0.00685835 0.00274033 
0.000225267 0.00222238 0.00895452 0.0130994 0.0166318 0.011845 0.00964063 0.00950106 0.00769806 0.00789004 0.010123 0.0132474 0.00917509 0.00693942 0.00744605 0.00998215 0.0116974 0.0171604 0.0126056 0.0115069 0.0130507 0.0146543 0.0291962 0.0336743 0.0447571 0.0385173 0.032345 0.0390638 0.0286181 0.0250052 0.0266188 0.0337741 0.030404 0.0296116 0.0333137 0.0386347 0.0307621 0.019505 0.0184449 0.0157441 0.0138442 0.0175397 0.0168018 0.0195353 0.0199465 0.0182426 0.0191946 0.0174669 0.0185528 0.0234377 0.0172209 0.018545 0.0170412 0.0173012 0.0204725 0.0251608 0.021643 0.0186149 0.0210809 0.016329 0.0134656 0.0120958 0.0225033 0.0339716 0.0226516 0.0140474 0.00977143 0.0103964 0.00239761 
1.05519e-06 0.000762239 0.0032004 0.00484047 0.0148976 0.0150505 0.0129706 0.0128386 0.0138451 0.0124408 0.0166395 0.0142123 0.00525875 0.00726866 0.0112035 0.0142548 0.0142718 0.0161613 0.0124862 0.0103451 0.01067 0.0140892 0.0156929 0.0271953 0.033125 0.0305797 0.0265679 0.0351198 0.0240708 0.0328572 0.0282892 0.0319258 0.0322234 0.0286263 0.044548 0.0725046 0.0571317 0.0195521 0.0117351 0.0150306 0.0171657 0.0160081 0.0167849 0.0160248 0.01402 0.0149512 0.0134109 0.0189447 0.0222776 0.0237317 0.0227748 0.0187568 0.0167096 0.0143258 0.0204734 0.0248124 0.0234598 0.0151641 0.0206085 0.0182801 0.0202769 0.0174997 0.0203888 0.0312552 0.0177241 0.0089277 0.00966534 0.0085395 0.00206713 
5.59818e-05 0.000953437 0.000241743 0.00307329 0.0105778 0.0109225 0.00946151 0.0105796 0.011182 0.010711 0.0138159 0.0169012 0.00962127 0.0121973 0.0144213 0.0114531 0.0138763 0.0172403 0.0119005 0.0155943 0.0235746 0.0165574 0.0140975 0.0166583 0.026542 0.0217103 0.0293379 0.0279549 0.0259731 0.0290609 0.0353787 0.0274207 0.0463854 0.0652231 0.12771 0.118451 0.0775827 0.0277443 0.0147269 0.019111 0.0254498 0.0241981 0.0221564 0.0188898 0.0163195 0.0193044 0.0235377 0.0224011 0.0204379 0.0215419 0.0218029 0.021298 0.0238297 0.0163896 0.0176665 0.0211837 0.0239709 0.0239605 0.0243267 0.0156911 0.0131992 0.0163641 0.0184507 0.0223339 0.0170481 0.0152938 0.0157157 0.00775331 0.000712493 
0.000477777 0.00567707 0.00443381 0.00197673 0.00675407 0.0131678 0.00889967 0.00740834 0.00762898 0.00645249 0.00767697 0.0121819 0.0126712 0.0177087 0.0149528 0.0134766 0.00869437 0.0123846 0.0101005 0.0218944 0.026792 0.0143311 0.0154555 0.0156768 0.0206694 0.0311599 0.0239695 0.017274 0.0243428 0.0276736 0.0346729 0.0312623 0.0319704 0.0507598 0.0702569 0.0641307 0.0857592 0.035245 0.0256631 0.0236735 0.02615 0.0203214 0.0219934 0.0187853 0.0171986 0.0205516 0.0223226 0.0258665 0.025616 0.0204489 0.0185267 0.0213555 0.0218708 0.0214239 0.0219856 0.0223396 0.0278051 0.0281958 0.029222 0.0213173 0.0181804 0.0192052 0.0199544 0.0197461 0.0189768 0.0214147 0.0219554 0.0108685 0.000201296 
0.00132548 0.00979229 0.00654558 0.00103486 0.00411012 0.00916573 0.00578432 0.0075147 0.0061414 0.00937081 0.0117577 0.0119225 0.00709112 0.00710354 0.0105812 0.0131876 0.0110953 0.0136399 0.0205475 0.0302005 0.024957 0.0163774 0.0153964 0.0178946 0.0208849 0.0272956 0.0227468 0.0123302 0.0188178 0.0284306 0.0279333 0.0256974 0.0238612 0.0224874 0.0324728 0.0242249 0.0375508 0.0336461 0.0329759 0.0331744 0.0290584 0.0224966 0.0175729 0.018311 0.0211401 0.0231631 0.0235602 0.0218382 0.0230794 0.0176413 0.0220257 0.0168537 0.0220424 0.0248995 0.0252002 0.0248143 0.0260617 0.033468 0.0322972 0.0232175 0.0285377 0.0303833 0.0298208 0.0306745 0.0208151 0.0169822 0.017549 0.00858969 0.000295864 
0.000110097 0.000958857 0.000437955 7.61507e-05 0.00256142 0.00833361 0.00935949 0.0110975 0.00460939 0.00856064 0.0211631 0.0225 0.0158608 0.0132026 0.0113683 0.012071 0.0119593 0.0171992 0.0245 0.0310509 0.0179815 0.0188526 0.0188702 0.0163659 0.0160257 0.0223757 0.0160279 0.0150972 0.0162219 0.0234348 0.0221499 0.020949 0.014978 0.0188808 0.0225963 0.0223162 0.0250029 0.0277972 0.0338732 0.0287158 0.0238944 0.0205973 0.028029 0.0209726 0.0182312 0.0184591 0.0218797 0.0198628 0.0245744 0.0269002 0.0266822 0.018579 0.0170088 0.0203947 0.0187186 0.0235869 0.0262058 0.0284531 0.0235135 0.0294564 0.0365175 0.0309349 0.0347907 0.0472493 0.0243522 0.0146456 0.00992453 0.00495352 0.000557136 
0 0 3.93717e-05 0.000859869 0.00435835 0.00998161 0.0121906 0.0103955 0.00631828 0.0104859 0.0189181 0.0244922 0.0339464 0.0250723 0.0174061 0.0187037 0.00920656 0.0227775 0.0300146 0.0236698 0.0219353 0.0232668 0.0188472 0.0104284 0.0184081 0.0218962 0.0140616 0.0204181 0.0165891 0.0193919 0.0219913 0.0165443 0.0167794 0.0211135 0.0239198 0.0255046 0.0276117 0.0280822 0.0256193 0.0270659 0.0291544 0.0275101 0.026449 0.0288385 0.021797 0.021308 0.0215274 0.0216915 0.033846 0.0362092 0.0267445 0.0243631 0.0218066 0.0215688 0.0179211 0.019635 0.0177888 0.0212175 0.0243727 0.029243 0.0316887 0.030532 0.0275398 0.0313165 0.0226102 0.0206379 0.0164444 0.00603933 0.000579911 
0 0 0.000190562 0.00230221 0.0056005 0.011201 0.0125496 0.0101227 0.00526275 0.00340252 0.0125451 0.0240342 0.0288565 0.0214007 0.0178104 0.0231734 0.0171351 0.0206996 0.0249368 0.0226353 0.0268592 0.0258372 0.0227517 0.0187243 0.0199622 0.0161147 0.0162402 0.0178507 0.0186084 0.0174855 0.0208961 0.0181622 0.0254905 0.0225078 0.026573 0.0225218 0.0216835 0.0229408 0.0250478 0.0272042 0.0314717 0.0267052 0.0255173 0.0260746 0.0203778 0.0221303 0.0167576 0.0216643 0.0221509 0.0287246 0.0294505 0.0280005 0.0279201 0.0216111 0.0252554 0.0211176 0.0234144 0.0199183 0.0195261 0.0183424 0.0269039 0.0248153 0.0309466 0.0310846 0.019477 0.0200169 0.0148045 0.00509062 0.000971254 
0 0 0.000211517 0.00639881 0.0197566 0.022157 0.0193699 0.0186241 0.0207054 0.0164095 0.0129712 0.0135444 0.011543 0.0114759 0.0111931 0.0132111 0.0180997 0.0251188 0.0286854 0.025823 0.022613 0.0244559 0.0343857 0.0268339 0.0198725 0.0136669 0.0211391 0.0214751 0.028362 0.0202239 0.0202457 0.0271346 0.0217042 0.015941 0.0187468 0.0248124 0.0184006 0.0178099 0.0237718 0.0193086 0.0235891 0.0274734 0.0221935 0.0226741 0.0224709 0.0160498 0.0152633 0.0159627 0.0160271 0.0258701 0.0341263 0.0337092 0.0386067 0.0378494 0.0318758 0.0261645 0.0252063 0.0252623 0.0218351 0.022679 0.0252751 0.0182989 0.0310838 0.0300514 0.0153561 0.0222305 0.0187862 0.0121591 0.00296443 
0 0 0.000111591 0.0119182 0.0242484 0.025653 0.0230239 0.0225312 0.0226197 0.0215961 0.023396 0.0190211 0.0180695 0.0154978 0.0162437 0.0173264 0.0290591 0.0339468 0.0343501 0.0283655 0.0256789 0.0360515 0.0312784 0.0243592 0.0203878 0.0190176 0.0197001 0.0235173 0.0239011 0.0255672 0.0257836 0.0461053 0.0288518 0.0157821 0.0171325 0.0203154 0.024774 0.0203341 0.0209626 0.0162633 0.0176373 0.0265377 0.0274716 0.0264956 0.0181203 0.0192068 0.0193032 0.0136943 0.018543 0.0304421 0.0356842 0.0335609 0.041655 0.0591136 0.0324067 0.0279624 0.0314358 0.0253263 0.021522 0.0222264 0.0167708 0.0145873 0.0231403 0.024528 0.0164067 0.0215187 0.0154815 0.00819794 0.00186251 
0 7.93916e-06 0.00261276 0.0188203 0.0296101 0.0247486 0.0225983 0.0179631 0.0217124 0.02536 0.0200578 0.019146 0.0176224 0.016696 0.0271606 0.0330836 0.0334212 0.0359618 0.0380389 0.0374231 0.0336493 0.0290585 0.0248637 0.0344888 0.0332509 0.0268713 0.0218918 0.0242916 0.0316402 0.0262143 0.0320136 0.0409481 0.0274362 0.018384 0.0159991 0.0201829 0.0239096 0.0299508 0.0235758 0.0202192 0.0199094 0.0324868 0.0262533 0.0284567 0.0199255 0.0224789 0.0209367 0.0176077 0.0227003 0.043022 0.079398 0.0409501 0.028094 0.0320021 0.02933 0.0297944 0.0332364 0.0277991 0.0208782 0.0246391 0.0271934 0.0218785 0.0196468 0.0194307 0.0162764 0.0223457 0.0145535 0.00508127 0.000493948 
0 0.000109002 0.0051888 0.0199891 0.0261534 0.0233338 0.0169741 0.0159455 0.0193322 0.0225401 0.0118386 0.0113929 0.0120538 0.0249422 0.0427625 0.0411072 0.0353948 0.0305718 0.0383181 0.0392864 0.0354408 0.0291378 0.0232096 0.0287948 0.0255992 0.0187649 0.0159005 0.0282982 0.0386355 0.0332105 0.0448777 0.0334821 0.0311985 0.0234795 0.0236635 0.0284491 0.0288644 0.0286979 0.0233308 0.0190769 0.02457 0.0328767 0.0321621 0.0295913 0.0265317 0.0253707 0.0230237 0.025477 0.0227329 0.0501167 0.154373 0.0556833 0.024909 0.0239942 0.0253173 0.0233348 0.0198344 0.0231515 0.0218122 0.0252586 0.030501 0.0292057 0.0177423 0.0218057 0.0195277 0.0244088 0.0165878 0.00512252 0.000633178 
0 0 0.00234573 0.0161435 0.0229232 0.0236013 0.0166782 0.0174642 0.02454 0.0157305 0.0120447 0.0144922 0.0192774 0.0306664 0.0418853 0.0440733 0.034767 0.0386905 0.0435896 0.0336839 0.0286162 0.0256946 0.0284417 0.0211497 0.0145708 0.013178 0.0193809 0.0298058 0.0358729 0.0442396 0.038174 0.0224279 0.0240347 0.0215508 0.0237683 0.0267056 0.0331875 0.0286804 0.028974 0.0246738 0.0333714 0.0404604 0.0375252 0.0335353 0.0276788 0.0184391 0.022746 0.0217783 0.0275662 0.0282926 0.0454421 0.0361975 0.0273504 0.0224536 0.0241653 0.0258644 0.0225561 0.0191177 0.0255143 0.0201272 0.0212779 0.0273862 0.0246226 0.0271981 0.0170381 0.0188214 0.0114008 0.00425984 0.000234344 
0 0 0.000423071 0.0112145 0.0150642 0.0187166 0.0258626 0.0288652 0.0302868 0.0193244 0.0189721 0.0231178 0.0199009 0.0324172 0.0401402 0.0350155 0.0310924 0.0244956 0.037234 0.029334 0.0342963 0.0236983 0.0294001 0.0172736 0.0125172 0.012 0.0184739 0.023471 0.0296175 0.042182 0.0334824 0.0217323 0.0208197 0.0167878 0.0224582 0.0341029 0.0628155 0.0367958 0.0243569 0.0223879 0.0353682 0.0374247 0.0348874 0.0312403 0.0307431 0.0182566 0.0165421 0.0213461 0.0297761 0.0276535 0.0324303 0.0302221 0.0330444 0.0248258 0.0296921 0.0325141 0.0275154 0.0231077 0.0264064 0.0275255 0.0263442 0.0322112 0.0372251 0.0258546 0.0209773 0.0108342 0.00570826 0.000209449 0 
0 0 6.24527e-05 0.00296099 0.00480197 0.0187269 0.036317 0.0409591 0.0324917 0.0183631 0.0188867 0.0217672 0.0140721 0.0158619 0.0179766 0.02705 0.0289053 0.0297922 0.030895 0.0275628 0.0340091 0.0264182 0.0277005 0.0191572 0.0148959 0.0155699 0.0218553 0.0223794 0.0260863 0.0355666 0.0302747 0.0294293 0.0318196 0.017636 0.0187984 0.0411798 0.0805253 0.0462825 0.0276298 0.0190115 0.0206921 0.0283306 0.0318138 0.0324501 0.024509 0.0232224 0.0186526 0.0200451 0.024428 0.0268817 0.0226306 0.0234347 0.0334331 0.0296508 0.0399029 0.0425354 0.0343396 0.0171807 0.0213731 0.028538 0.0264596 0.0291058 0.0317316 0.0265405 0.0250869 0.0100013 0.00417537 2.49473e-05 0 
0 0 0 8.53814e-06 0.000312602 0.00784636 0.0228643 0.029746 0.0275473 0.0197655 0.0307891 0.0238087 0.0105372 0.00608996 0.00849962 0.0171515 0.028193 0.0321645 0.0298121 0.0273845 0.0219231 0.0233541 0.0291481 0.0228549 0.0188301 0.0197971 0.0227498 0.0210862 0.0358178 0.0657919 0.0240689 0.0328913 0.0267774 0.0241949 0.0257487 0.0274594 0.0324586 0.0290965 0.0246189 0.0184823 0.0186862 0.0188127 0.0250277 0.0199579 0.0213936 0.0206363 0.0201322 0.0198764 0.0250916 0.0271036 0.0234496 0.0234326 0.0303056 0.0236811 0.037026 0.0491409 0.035682 0.0260168 0.0240746 0.0300489 0.0329112 0.0257002 0.0242111 0.0283129 0.0202581 0.0116009 0.00325853 0 0 
0 0 0 0 0.0001485 0.00711035 0.0217277 0.0204585 0.0194659 0.0175428 0.0314991 0.0234155 0.0146358 0.013134 0.0162344 0.0199753 0.0276048 0.0227742 0.0285046 0.0278016 0.0270914 0.0221925 0.0236037 0.0256914 0.0166015 0.0176507 0.0180058 0.013347 0.0309881 0.0415275 0.0222124 0.0351489 0.0343523 0.033307 0.0341379 0.0338099 0.0336664 0.03369 0.0208364 0.0224552 0.0218723 0.0193671 0.0261275 0.0223655 0.0188368 0.017535 0.0129891 0.0153988 0.0257316 0.025797 0.0207993 0.0269467 0.0273615 0.0318111 0.0264672 0.0274537 0.0245901 0.0220383 0.0240471 0.0249028 0.031369 0.02408 0.0154831 0.0178111 0.0211323 0.0106885 0.00160038 0 0 
0 0 0 0 0.000494553 0.00652026 0.0166842 0.0197836 0.0204371 0.0196164 0.0327039 0.0273168 0.0244276 0.0142284 0.0138906 0.0202558 0.0278324 0.0281874 0.0258493 0.0270908 0.0239732 0.0237109 0.0222095 0.0326755 0.0276838 0.026535 0.0270334 0.0161701 0.024926 0.0345265 0.0270759 0.0314441 0.0277359 0.0472848 0.0447809 0.049424 0.0330748 0.0212647 0.0197926 0.0242779 0.023688 0.0270635 0.0274015 0.0307691 0.0216374 0.0206296 0.0165143 0.0145081 0.0186996 0.026692 0.0286305 0.0273784 0.0292211 0.0325076 0.0240285 0.0199441 0.028102 0.0408347 0.0383717 0.0302638 0.0278972 0.0258999 0.0264675 0.0184747 0.0113283 0.00515777 0.000142381 0 0 
0 0 0 0 3.09373e-05 0.00192419 0.00689366 0.014607 0.0260945 0.0290947 0.0269661 0.0233969 0.0215248 0.0161485 0.012562 0.013817 0.0205157 0.0231954 0.0319692 0.0295103 0.0244558 0.0272321 0.0339968 0.0389358 0.0358028 0.0292511 0.0254781 0.0239523 0.0223181 0.031069 0.0360686 0.0312922 0.0361653 0.039099 0.0379333 0.0394905 0.0341035 0.0253846 0.0241269 0.0300423 0.0350111 0.0289255 0.0253655 0.026904 0.0334445 0.027072 0.0181816 0.021563 0.0187246 0.0305205 0.0369699 0.0310474 0.0224902 0.0205735 0.020731 0.0211154 0.0302936 0.0390212 0.0430608 0.0331427 0.0272608 0.0188224 0.0235986 0.0140961 0.00784181 0.00136458 0 0 0 
0 0 0 0 0 0.000406365 0.00465101 0.0119736 0.0271637 0.023044 0.0204998 0.0241676 0.0220076 0.0234785 0.0239492 0.0213115 0.0273906 0.0239619 0.0261201 0.0291307 0.0273638 0.0341412 0.0360577 0.03598 0.0248561 0.0195286 0.0186321 0.0256572 0.0234802 0.0312166 0.0321724 0.0383813 0.0386761 0.0315906 0.0302172 0.0245645 0.0300721 0.0291595 0.0243983 0.0464645 0.0494968 0.0325313 0.021545 0.0224826 0.028204 0.0268804 0.0227283 0.0243127 0.0204898 0.0254031 0.0491729 0.0614389 0.0283765 0.0189595 0.0176726 0.0246831 0.0203054 0.0223772 0.0385533 0.0353372 0.0292402 0.0276485 0.0207318 0.0100535 0.00435319 0.000317892 0 0 0 
0 0 0 0 0 9.42149e-05 0.00566924 0.0222561 0.0229192 0.0190324 0.0227715 0.0243335 0.0234853 0.0267504 0.0339689 0.0321056 0.0340349 0.0271728 0.0285234 0.0249865 0.0315821 0.0297729 0.0228925 0.0227785 0.0227103 0.0262172 0.0365031 0.0273931 0.0208298 0.0404223 0.0347888 0.0286865 0.0288114 0.0284591 0.0211836 0.0262257 0.0304562 0.0303308 0.0273857 0.0449024 0.0454757 0.0252732 0.0232326 0.0246191 0.0217439 0.0173551 0.0230785 0.0271878 0.0225621 0.0255117 0.0443476 0.0539652 0.0288611 0.0293734 0.0269962 0.0280566 0.0203905 0.0178781 0.0293472 0.0400924 0.0182219 0.0230127 0.0131209 0.00259508 0.000829636 0 0 0 0 
0 0 0 0 0 1.48173e-05 0.006598 0.0207171 0.0121193 0.0223321 0.024651 0.020296 0.020683 0.0192899 0.0258724 0.0317368 0.0276765 0.023124 0.024934 0.0250015 0.0280493 0.0268317 0.0231078 0.019562 0.0235837 0.0300675 0.0323545 0.0216928 0.020182 0.0246254 0.0366655 0.0315698 0.0320807 0.0221661 0.0157786 0.0214022 0.0304013 0.0279183 0.0204228 0.0267515 0.022574 0.0198612 0.0250885 0.0262534 0.0158518 0.0131919 0.022206 0.0261452 0.0306894 0.0293827 0.028412 0.0317427 0.0336169 0.0266543 0.02716 0.027877 0.0232792 0.0267842 0.0384452 0.0283867 0.00844056 0.00613647 0.00191454 9.54668e-05 1.81159e-05 0 0 0 0 
0 0 0 0 0 0 0.0010472 0.00473036 0.00487573 0.0173967 0.029139 0.0158993 0.014899 0.0176689 0.0251044 0.0259721 0.0289216 0.0289325 0.0252474 0.0265703 0.0268979 0.028756 0.0229587 0.0190134 0.0198256 0.0269568 0.0360627 0.032077 0.0331672 0.0346425 0.0414473 0.0323399 0.0249754 0.0137222 0.0185379 0.0213141 0.0403426 0.0286132 0.0179876 0.018459 0.0156602 0.0220991 0.024374 0.0231186 0.0164521 0.018826 0.0206453 0.0269297 0.0355241 0.0317579 0.0239557 0.0275502 0.0297757 0.0221271 0.02668 0.02137 0.0227312 0.0310656 0.0423375 0.0235673 0.00748189 0.0020989 0.000484523 0 0 0 0 0 0 
0 0 0 0 0 0 0 0.000186448 0.00178551 0.0191903 0.0290384 0.0137612 0.00651188 0.0098056 0.0223716 0.0221564 0.0191672 0.0205091 0.0179517 0.020436 0.0228475 0.0232519 0.0191322 0.0238799 0.0288861 0.0313476 0.037815 0.0432724 0.0447602 0.036785 0.030809 0.0249263 0.0226272 0.0135529 0.0146263 0.0251465 0.0359459 0.0233261 0.0194517 0.0230273 0.0241914 0.0256859 0.0265843 0.030351 0.0223186 0.0226381 0.0267525 0.0283651 0.0213517 0.0221025 0.0213106 0.0211119 0.0309244 0.0289021 0.0258285 0.0223665 0.035722 0.0277297 0.0333639 0.024389 0.0062709 0.000388197 0 0 0 0 0 0 0 
0 0 0 0 0 0 0 0 0.000409461 0.0113391 0.0202293 0.0132479 0.00482615 0.00234414 0.00546786 0.00775507 0.00593595 0.00696741 0.00767999 0.0115779 0.0255474 0.0245191 0.0233234 0.0273307 0.0377829 0.055713 0.0523474 0.0368567 0.0359109 0.0308883 0.0329762 0.0334828 0.0232601 0.0246279 0.0223738 0.0256727 0.0289683 0.0224522 0.0205083 0.0278801 0.0262589 0.0307495 0.0279574 0.0348611 0.036217 0.0291915 0.0263094 0.0291478 0.0206707 0.0161268 0.0200328 0.0314069 0.0371127 0.0390716 0.0327882 0.0305263 0.0318905 0.0324318 0.0297337 0.0156522 0.0039185 4.96138e-05 0 0 0 0 0 0 0 
0 0 0 0 0 0 0 0 2.00985e-05 0.00434072 0.0197588 0.0199535 0.0181376 0.00663618 0.000547557 0.000808475 0.00117687 0.00929909 0.0124702 0.0106084 0.0180489 0.0231606 0.0284781 0.0312703 0.0369684 0.0495323 0.0326216 0.0273558 0.0363366 0.0371078 0.0351311 0.0262516 0.0260176 0.0264806 0.0277699 0.0278215 0.0241663 0.0214446 0.023745 0.028492 0.0313114 0.0337168 0.0309401 0.0376267 0.0404957 0.0329311 0.0175891 0.0240877 0.0263687 0.0216564 0.0197208 0.0166538 0.0229438 0.0312834 0.0234225 0.0223991 0.0270528 0.0322134 0.0152461 0.00347492 0.00091971 0 0 0 0 0 0 0 0 
0 0 0 0 0 0 0 0 0 0.000467674 0.00832092 0.0182356 0.0156788 0.00779273 0.00323835 0.000448676 0.00386368 0.0107136 0.016746 0.0164235 0.0177511 0.0210652 0.0291777 0.0252632 0.0244864 0.0255559 0.0282128 0.0301701 0.0308756 0.0310199 0.02705 0.0237953 0.025301 0.0236157 0.0277045 0.0283303 0.0283969 0.0280956 0.0312718 0.0256457 0.0334571 0.0289599 0.0257806 0.0349758 0.0349758 0.0259234 0.0212446 0.0200504 0.0459239 0.0440906 0.0216039 0.00702511 0.00908231 0.0257872 0.0248309 0.02042 0.0229587 0.0267716 0.00790371 0.000442791 0 0 0 0 0 0 0 0 0 
0 0 0 0 0 0 0 0 0 0 0.000641381 0.00430771 0.00630035 0.00808779 0.00638258 0.00652494 0.0204256 0.0146083 0.00870482 0.0105419 0.0110725 0.0111381 0.0257337 0.02404 0.0221706 0.0227259 0.0286811 0.0309369 0.0369998 0.0484338 0.0420178 0.0218734 0.0250865 0.0248956 0.0272675 0.0190181 0.0237531 0.0258997 0.0195384 0.0225257 0.0287589 0.0251081 0.0250975 0.024107 0.018161 0.0136727 0.0171922 0.0122055 0.0395029 0.0276429 0.0111481 0.00655075 0.00703114 0.0207961 0.0332791 0.026678 0.0197309 0.0114337 0.00104605 0.000121167 0 0 0 0 0 0 0 0 0 
0 0 0 0 0 0 0 0 0 0 0 8.24592e-05 0.000500055 0.00367686 0.00649769 0.0129457 0.0260103 0.0215561 0.00699419 0.00897876 0.0161062 0.0224098 0.0332251 0.0269943 0.0272186 0.0338234 0.0395512 0.0396135 0.0285513 0.0326394 0.0266078 0.0148822 0.0236828 0.0260804 0.0265531 0.0191818 0.0176834 0.0218379 0.0195686 0.0198948 0.029603 0.0309356 0.0279133 0.0167952 0.00688176 0.0046087 0.00985568 0.00842964 0.00971166 0.00640892 0.00526603 0.00376396 0.00655961 0.0246089 0.0352406 0.0338164 0.0119703 0.00199265 3.81321e-05 0 0 0 0 0 0 0 0 0 0 
0 0 0 0 0 0 0 0 0 0 0 0 0 0.000921825 0.0069864 0.0188015 0.0182166 0.0087035 0.00102909 0.00610616 0.0219184 0.0267527 0.0304919 0.0233401 0.0294385 0.0343016 0.0357374 0.0319061 0.0248902 0.0179031 0.0217081 0.0238218 0.0344332 0.0341019 0.0295302 0.0257777 0.0191497 0.0185544 0.0191325 0.0208287 0.0266038 0.0336126 0.03367 0.0243657 0.00934191 0.00810464 0.0127925 0.0106667 0.00772748 0.008817 0.00592825 0.00236093 0.00368547 0.0214019 0.0252803 0.0183648 0.00305381 7.27433e-05 0 0 0 0 0 0 0 0 0 0 0 
0 0 0 0 0 0 0 0 0 0 0 0 0 0 0.0018355 0.0090721 0.00312448 4.79039e-05 0.0003665 0.00617722 0.0174529 0.020716 0.0231369 0.0252622 0.035586 0.0248384 0.0235131 0.0272803 0.0233461 0.0243243 0.0215087 0.0323384 0.0524626 0.0542396 0.0376519 0.0245859 0.0250432 0.0221551 0.0193434 0.0212214 0.0213412 0.0242076 0.0279551 0.0202007 0.0412795 0.0370939 0.0149834 0.00826756 0.00461026 0.0060613 0.00593048 0.00113307 0.00351498 0.00742698 0.00607795 0.00118053 8.08878e-05 0 0 0 0 0 0 0 0 0 0 0 0 
0 0 0 0 0 0 0 0 0 0 0 0 0 0 2.79124e-05 0.000379658 9.58854e-06 0 0.000524871 0.00703437 0.0126268 0.0205405 0.0226022 0.0268597 0.030018 0.0242366 0.0281746 0.0266012 0.0327318 0.0295339 0.0273439 0.030285 0.0475413 0.0523049 0.0424443 0.0232108 0.0160712 0.0117574 0.0110448 0.0156014 0.0150464 0.0209745 0.0212905 0.0361373 0.167761 0.104899 0.0193507 0.00971307 0.00378226 0.00444683 0.00769313 0.00186647 0.00119071 0.00113095 0.000621621 0 0 0 0 0 0 0 0 0 0 0 0 0 0 
0 0 0 0 0 0 0 0 0 0 0 0 0 0 0 0 0 0 0.000519903 0.00678417 0.0137725 0.0166092 0.0216956 0.0253717 0.0300063 0.0281154 0.0271998 0.0256485 0.0296591 0.0419388 0.0430414 0.0318451 0.0368813 0.0348175 0.0340707 0.0243745 0.0199457 0.0127796 0.0120644 0.00870885 0.00903448 0.0190928 0.0154159 0.0275318 0.0683007 0.0458263 0.0120825 0.00688611 0.00157238 0.00172274 0.00239465 0.000530174 0.00039415 0 0 0 0 0 0 0 0 0 0 0 0 0 0 0 0 
0 0 0 0 0 0 0 0 0 0 0 0 0 0 0 0 0 0 2.10374e-05 0.00141016 0.00523881 0.0132355 0.0189097 0.0242848 0.0271524 0.0293551 0.0284954 0.0223535 0.023077 0.0267881 0.0234839 0.0236729 0.0225116 0.0244111 0.0172233 0.0115335 0.013567 0.0165186 0.0162769 0.0133189 0.0155315 0.0158854 0.0154407 0.0119863 0.0111469 0.00754569 0.00297643 0.000698041 0 0 0 0 0 0 0 0 0 0 0 0 0 0 0 0 0 0 0 0 0 
0 0 0 0 0 0 0 0 0 0 0 0 0 0 0 0 0 0 0 0 0.000483304 0.00244872 0.00794277 0.00844057 0.0116355 0.0121213 0.0141012 0.0129672 0.0134259 0.0110103 0.0140666 0.0125106 0.0136648 0.00932889 0.00672261 0.00604597 0.00890956 0.0106407 0.0128354 0.014666 0.0158957 0.0138056 0.00901971 0.00569681 0.00383645 0.00191172 2.54292e-05 0 0 0 0 0 0 0 0 0 0 0 0 0 0 0 0 0 0 0 0 0 0 
0 0 0 0 0 0 0 0 0 0 0 0 0 0 0 0 0 0 0 0 0 2.65715e-06 5.74951e-05 0.000632427 0.00176023 0.000780498 0.00110752 0.00313327 0.00271071 0.00344893 0.00720999 0.00550713 0.00149637 0.0010801 0.00143895 0.00132353 0.00585962 0.00936826 0.00937297 0.0110855 0.00965851 0.00457798 0.00133185 4.75838e-05 0.000461728 0.000453392 0 0 0 0 0 0 0 0 0 0 0 0 0 0 0 0 0 0 0 0 0 0 0 
0 0 0 0 0 0 0 0 0 0 0 0 0 0 0 0 0 0 0 0 0 0 0 0 0 0 0 0 0 5.625e-05 0.00253357 0.0015416 0.000221809 0 0 4.46269e-06 0.000535295 0.00271575 0.00266141 0.00191979 0.00217594 0.00100179 0.000185953 0 0 0 0 0 0 0 0 0 0 0 0 0 0 0 0 0 0 0 0 0 0 0 0 0 0 

