0 0 0 0 0 0 0 0 0 0 0 0 0 0 0 0 0 0 0 0 0 0 0 0 0 0 0 0 0 0 0 0 0 0 0 0 0 0 0.000113101 2.53573e-05 0 0 0 0 0 0 0 0 0 0 0 0 0 0 0 0 0 0 0 0 0 0 0 0 0 0 0 0 0 
0 0 0 0 0 0 0 0 0 0 0 0 0 0 0 0 0 0 0 0 0 0 0 0 0 6.84506e-05 0.000174274 4.83826e-05 0 0 0 0 0 0 0 0.000490824 0.000116234 0.000941402 0.00264911 0.0017357 0.000662158 0.000720574 0.000375814 0 0 0 0 0 0 0 0 0 0 0 0 0 0 0 0 0 0 0 0 0 0 0 0 0 0 
0 0 0 0 0 0 0 0 0 0 0 0 0 0 0 0 0 0 0 0 0 0 6.42993e-06 0.000309292 0.00197086 0.00598701 0.00990387 0.0112328 0.00604629 9.80125e-05 0 0.000420502 0.00045008 0.000358447 0.00124978 0.00109067 0.00214444 0.00180342 0.00316771 0.006329 0.00835779 0.00819104 0.00655864 0.00248006 0.00149999 0.0004168 0 0 0 0 0 0 0 0 0 0 0 0 0 0 0 0 0 0 0 0 0 0 0 
0 0 0 0 0 0 0 0 0 0 0 0 0 0 0 0 0 0 0 0 0 0.000555763 0.00283431 0.00827808 0.0171334 0.0162935 0.0200355 0.0207668 0.0152992 0.00200821 6.29294e-05 0.00246596 0.00254402 0.00102055 0.00419109 0.000500471 0.000601583 0.000295248 0.001425 0.00432139 0.00658688 0.0100723 0.0112098 0.00860513 0.00653363 0.00241054 0.000545932 0 0 0 0 0 0 0 0 0 0 0 0 0 0 0 0 0 0 0 0 0 0 
0 0 0 0 0 0 0 0 0 0 0 0 0 0 0 0 0 0 0 0 0.000298105 0.00735672 0.0171644 0.025635 0.0290422 0.0293093 0.023021 0.0203345 0.0206604 0.00886206 0.0038263 0.00192533 0.00409811 0.00085762 0.00152539 0.000450284 0.000432413 0.00142652 0.00676615 0.00721884 0.00808663 0.00530663 0.0073622 0.00948504 0.0124339 0.0101 0.00379429 0.00126924 0.000502358 0 0 0 0 0 0 0 0 0 0 0 0 0 0 0 0 0 0 0 0 
0 0 0 0 0 0 0 0 0 0 0 0 0 0 0 0 0 0 0.000907278 0.00384639 0.00860361 0.015474 0.0213016 0.0308529 0.0418028 0.0634606 0.0484313 0.0211634 0.0223988 0.0148695 0.0107449 0.00402957 0.00209959 0.00498093 0.00287196 0.000982185 0.00148495 0.00366338 0.0132575 0.0146091 0.0152035 0.0107731 0.00530428 0.00719067 0.0134688 0.0158156 0.0105604 0.00717843 0.00318047 0.0012714 0.0016294 0.00358962 0.000846885 4.27076e-05 0 0 0 0 0 0 0 0 0 0 0 0 0 0 0 
0 0 0 0 0 0 0 0 0 0 0 0 0 0 7.62775e-06 0.000422369 0.000437123 0.000754267 0.00671547 0.0179565 0.0300862 0.027371 0.0208706 0.0262544 0.0282491 0.0434954 0.0408345 0.0183181 0.0186809 0.0175431 0.0168374 0.0156048 0.00892001 0.00864921 0.0065863 0.00367652 0.00483765 0.00992067 0.0165392 0.0189169 0.0191268 0.0145655 0.00698954 0.0101439 0.0170545 0.0141473 0.0143971 0.0113273 0.00367365 0.00645621 0.0133314 0.01217 0.006689 0.00418456 0.000950792 0 0 0 0 0 0 0 0 0 0 0 0 0 0 
0 0 0 0 0 0 0 0 0 0 0 0 0 3.19478e-05 0.003354 0.00907144 0.00630429 0.00681786 0.00518895 0.016737 0.0235848 0.0201313 0.0174545 0.0151314 0.0205205 0.0215022 0.0239176 0.0210745 0.0143379 0.0105609 0.0177271 0.0202715 0.0163498 0.0143768 0.00726272 0.00934197 0.0100634 0.0135854 0.0163305 0.0196764 0.0190809 0.0138634 0.00995929 0.0129604 0.018924 0.0168907 0.0156278 0.0110282 0.002983 0.00630153 0.00939223 0.012514 0.0123606 0.0142065 0.0085693 0.000591435 0 0 0 0 0 0 0 0 0 0 0 0 0 
0 0 0 0 0 0 0 0 0 0 0 0 3.57049e-05 0.00171844 0.0143522 0.0185655 0.0125029 0.0117319 0.00820744 0.0133491 0.0127558 0.0116019 0.0183487 0.00998002 0.00930963 0.0107541 0.0105057 0.0128564 0.0150206 0.0105495 0.0170157 0.0198644 0.0180123 0.0242556 0.0184925 0.0120829 0.0155069 0.0134722 0.0159595 0.0145906 0.0137934 0.0115783 0.0138143 0.0193432 0.0260091 0.0226891 0.0168869 0.0136522 0.00901406 0.0130925 0.0133345 0.0170275 0.0252077 0.0208694 0.0218287 0.00907902 0.0018154 1.77729e-05 0 0 0 0 0 0 0 0 0 0 0 
0 0 0 0 0 0 0 0 0 0 0 7.337e-06 0.000816226 0.00858152 0.0184874 0.0133253 0.00711743 0.0066553 0.0116554 0.0164886 0.0168605 0.0127418 0.0141731 0.014552 0.0128443 0.01538 0.0159043 0.0156977 0.0148023 0.015754 0.0159799 0.0192417 0.0230549 0.0248606 0.0217044 0.0141589 0.0157894 0.013299 0.0187463 0.0164926 0.0151211 0.0147843 0.0140071 0.0168807 0.0217215 0.0232641 0.0270039 0.0281862 0.0314684 0.0260121 0.0258918 0.030429 0.0233173 0.0221597 0.0171379 0.0245158 0.00964384 0.000808281 3.80048e-05 0 0 0 0 0 0 0 0 0 0 
0 0 0 0 0 0 0 0 0 0 0 0.000929301 0.00362186 0.00816546 0.00806311 0.00370885 0.00530385 0.00555623 0.00330711 0.00739869 0.0139053 0.015628 0.015728 0.0159086 0.0230321 0.022874 0.0174597 0.0168661 0.0157027 0.0151285 0.0182128 0.0244776 0.0257163 0.0219494 0.0196286 0.0124743 0.0125807 0.0113348 0.0133038 0.0168753 0.0141277 0.0164847 0.0218281 0.0190786 0.0265872 0.0283019 0.0341652 0.0268409 0.0364893 0.0301498 0.0257056 0.0282815 0.0232112 0.0193446 0.0193989 0.0209861 0.0154843 0.00771407 0.0110298 0.00205126 0 0 0 0 0 0 0 0 0 
0 0 0 0 0 0 0 0 0 0 3.69688e-07 0.00130044 0.00466712 0.00588964 0.0026888 0.00309454 0.00308081 0.00445393 0.00545639 0.0068326 0.00852222 0.0136888 0.0141079 0.0186774 0.0208246 0.0205476 0.0200165 0.0199457 0.0199553 0.0188537 0.0221328 0.0172825 0.0181947 0.0161084 0.01499 0.0100889 0.0201703 0.0159546 0.013147 0.0146334 0.013446 0.0198727 0.0192421 0.0155968 0.0194281 0.0200689 0.0260269 0.0213471 0.0303769 0.0376744 0.0302978 0.0284295 0.0175641 0.0198652 0.016965 0.0181519 0.0203927 0.0200197 0.0267465 0.0108951 0.000396274 0 0 0 0 0 0 0 0 
0 0 0 0 0 0 0 0 0 0 4.87372e-06 0.00283463 0.00507125 0.00211191 0.00276645 0.00246927 0.00129234 0.00810738 0.0179978 0.0168127 0.0206339 0.0141736 0.0135279 0.01612 0.019915 0.022955 0.0230689 0.0191359 0.0220555 0.0190142 0.0185276 0.0131576 0.0170806 0.0248681 0.0182478 0.0141137 0.0174379 0.0199834 0.0148729 0.0143774 0.0197855 0.0155081 0.0135066 0.0160311 0.0151322 0.0182481 0.0229424 0.0260433 0.0258053 0.0298223 0.0358456 0.0265501 0.0184087 0.0237512 0.0153717 0.0193554 0.0217235 0.0229785 0.026336 0.0103056 0.00218817 0 0 0 0 0 0 0 0 
0 0 0 0 0 0 0 8.85375e-07 9.31617e-05 0.000975211 0.00071757 0.000832443 0.00215963 0.00474758 0.00665435 0.00487882 0.00682266 0.0220051 0.0294115 0.0240581 0.019561 0.0193216 0.0126249 0.0147886 0.0207807 0.0247755 0.0177602 0.0194545 0.0254237 0.0191808 0.0170284 0.0146204 0.0171857 0.0256086 0.0201906 0.0208151 0.0247408 0.0231102 0.0162365 0.0133271 0.0155884 0.0146624 0.017085 0.0191423 0.0180176 0.0223592 0.0290393 0.0283304 0.0236986 0.0242385 0.0325056 0.0271806 0.017169 0.0189839 0.0200098 0.0163416 0.0204694 0.0293777 0.0308264 0.00993564 0.00090751 0 0 0 0 0 0 0 0 
0 0 0 0 0 0 0 0.00105137 0.00796188 0.0119163 0.00726939 0.00223553 0.00107839 0.00420022 0.00488968 0.00497755 0.0193369 0.0265655 0.0269202 0.0238376 0.0194029 0.0161432 0.0114234 0.012957 0.0100053 0.0172292 0.0226051 0.0214717 0.0257785 0.0186972 0.0221013 0.0179311 0.0171788 0.0218014 0.0248586 0.0275729 0.0316055 0.0239191 0.018215 0.0192288 0.017263 0.0185319 0.0196735 0.0209585 0.0210285 0.0249423 0.0271275 0.0221529 0.0218848 0.0241479 0.0342659 0.0301874 0.0183362 0.0191814 0.0230857 0.0267806 0.0259962 0.0197666 0.0231482 0.00798365 0.000337491 0 0 0 0 0 0 0 0 
0 0 0 0 0 0 0.000993913 0.0269643 0.0342626 0.0225964 0.0156214 0.0122317 0.00489413 0.00109234 0.00255091 0.0141398 0.0326032 0.0349319 0.0397223 0.0326564 0.0253093 0.0207924 0.016257 0.0150854 0.0114869 0.0142619 0.0143123 0.0140764 0.0201769 0.0203344 0.023013 0.0210436 0.0175076 0.0188323 0.0226038 0.0242836 0.0232724 0.0248218 0.0217011 0.0215912 0.0180494 0.017857 0.0178308 0.0220262 0.0210774 0.0237888 0.0201811 0.0168527 0.0236702 0.0209325 0.0310491 0.0265326 0.023134 0.0211059 0.0186276 0.0254996 0.0256363 0.0170359 0.0182031 0.00667393 0.000858973 0.0013569 4.74668e-06 0 0 0 0 0 0 
0 0 0 0 0 9.96973e-05 0.00452721 0.0379861 0.0298576 0.0227323 0.0223025 0.0204383 0.0123975 0.00981973 0.0233037 0.0315168 0.0283064 0.0404523 0.0487989 0.0291986 0.021017 0.0181393 0.0157861 0.016613 0.0136285 0.0142647 0.00963253 0.00764736 0.0102866 0.0141549 0.0167058 0.0151329 0.0260562 0.0191447 0.0214768 0.0254529 0.0219995 0.0253531 0.0251609 0.0228297 0.0185029 0.020845 0.0175183 0.0187314 0.0221606 0.017677 0.0204733 0.0186405 0.0224055 0.0219985 0.0344891 0.026811 0.0218383 0.0200726 0.0174614 0.0192806 0.0248887 0.0214982 0.021807 0.00770843 0.00490975 0.00449049 0.000354565 5.6308e-05 0 0 0 0 0 
0 0 0 0 0 0.00314755 0.0159167 0.02002 0.0280641 0.0242278 0.0219403 0.0212464 0.0241052 0.0231671 0.0286484 0.0304931 0.0261281 0.0344719 0.0310003 0.0221618 0.0205294 0.0130274 0.0160708 0.013092 0.0126605 0.0107574 0.00554151 0.00572608 0.00796981 0.0114691 0.0130242 0.0157897 0.0223655 0.0194639 0.0172401 0.0220169 0.0184617 0.0341179 0.037397 0.0295526 0.0224355 0.0229476 0.0243231 0.0229817 0.019645 0.0187651 0.017294 0.0212569 0.0261924 0.0254551 0.0242959 0.0216636 0.0214969 0.022682 0.0237136 0.0158523 0.012212 0.0135713 0.017851 0.00709705 0.00968118 0.00730146 0.00627564 0.00438417 1.39327e-06 0 0 0 0 
0 0 0 0 0.000843508 0.0159124 0.0274529 0.0255203 0.0355437 0.0234162 0.021585 0.0257447 0.0305406 0.0253722 0.0228432 0.0254568 0.024323 0.0288377 0.0272236 0.0182484 0.0176014 0.0184662 0.0201231 0.024781 0.0193494 0.00828756 0.00655852 0.00710908 0.010827 0.0174265 0.0173368 0.0154457 0.0158202 0.0208962 0.0195905 0.0241487 0.0373129 0.0748028 0.041925 0.0308801 0.0193414 0.0202253 0.0201601 0.0177294 0.0162079 0.0218528 0.0158109 0.0117452 0.0221726 0.025523 0.0259745 0.0274202 0.0211705 0.0216263 0.0273994 0.0169332 0.0116673 0.00946236 0.0113244 0.00866761 0.00904099 0.00573264 0.0129297 0.0120411 0.00243385 3.82696e-06 0 0 0 
0 0 0 9.45302e-06 0.00622082 0.037187 0.0370535 0.0330538 0.037452 0.0358807 0.0310001 0.0215273 0.0143108 0.0196665 0.0179682 0.0158017 0.0264209 0.0346235 0.0213547 0.0251804 0.0222127 0.0197601 0.0175824 0.0243384 0.0273234 0.0211124 0.0188237 0.0166854 0.0157037 0.0177395 0.016683 0.0175168 0.0158403 0.0195588 0.0270589 0.0257741 0.0248357 0.0399351 0.0262229 0.0275004 0.0217615 0.0273039 0.0209244 0.0176516 0.0155411 0.0153508 0.016798 0.0188029 0.0162878 0.0167638 0.0187864 0.0238351 0.0208906 0.0231135 0.0248816 0.0250164 0.0187623 0.0130414 0.0149214 0.0131426 0.0166683 0.00676108 0.0115586 0.0156852 0.00542368 0.000458262 0 0 0 
0 0 0 0.000930294 0.00930439 0.0332914 0.041529 0.0251282 0.0255282 0.0156004 0.0143269 0.0134176 0.0185376 0.019877 0.0187351 0.0216241 0.0298674 0.0313941 0.0313075 0.025148 0.0248112 0.020766 0.0146511 0.0204333 0.0275357 0.0292085 0.0207697 0.0211286 0.0196254 0.0144252 0.0147959 0.0123094 0.00969605 0.0126444 0.0266498 0.0259559 0.0233138 0.0271633 0.0212963 0.0245627 0.0236426 0.0226212 0.0182776 0.0183627 0.015009 0.0196083 0.0195455 0.016756 0.0172531 0.0157471 0.0129541 0.0161746 0.0189453 0.019542 0.0203263 0.0251455 0.026662 0.018109 0.0175258 0.0133946 0.0176243 0.0138093 0.00901339 0.016821 0.0109951 0.00366554 0.000179653 0 0 
0 0 0 0.00526534 0.02093 0.036109 0.0279384 0.0269292 0.0246352 0.0175788 0.0197132 0.0173551 0.0239567 0.0163613 0.0217889 0.0265734 0.0252154 0.0251292 0.0282938 0.025685 0.0252588 0.0173427 0.0155992 0.0195238 0.0202238 0.0224546 0.0231408 0.0350396 0.0204803 0.0175638 0.0175123 0.0105595 0.00769877 0.0133961 0.0233307 0.0294077 0.0189459 0.0226116 0.0232613 0.025052 0.025583 0.0217639 0.0240563 0.0196231 0.0133332 0.0182329 0.0175149 0.0147439 0.0183403 0.0160611 0.021937 0.0206928 0.0232678 0.023365 0.0236056 0.0231053 0.0250898 0.018666 0.0132207 0.00943913 0.0113816 0.0139705 0.0144514 0.0165359 0.0181312 0.0101589 0.00133785 0 0 
0 0 0.000318723 0.0090488 0.0230317 0.0283185 0.0283682 0.0268107 0.0216019 0.0213445 0.0237187 0.0196136 0.0196792 0.0267195 0.0226386 0.020935 0.0223319 0.0223785 0.0195996 0.0187765 0.0232368 0.0174334 0.0108536 0.0117468 0.0190027 0.016385 0.0213813 0.0319932 0.027732 0.0223715 0.0245448 0.0130109 0.0127745 0.0076592 0.0130691 0.0218467 0.0291968 0.0258129 0.0247861 0.0213848 0.0247662 0.0226489 0.0242583 0.0210262 0.0148051 0.0121254 0.0140724 0.0161184 0.0130726 0.0202596 0.0270009 0.0232643 0.01661 0.0151653 0.0198222 0.0197054 0.0159342 0.0157629 0.0162397 0.0137397 0.00906252 0.0115989 0.0140669 0.0117746 0.0151639 0.0116164 0.00419532 0 0 
0 0 0.00322566 0.019668 0.0269704 0.0268882 0.018592 0.0154959 0.0127325 0.0147095 0.0137287 0.0145048 0.0130668 0.0206984 0.0158002 0.0206783 0.022662 0.0179782 0.0285832 0.0311493 0.0344299 0.0199972 0.0172083 0.0150668 0.0160562 0.0150086 0.0190532 0.0240219 0.0186063 0.0178746 0.0167162 0.0131629 0.019711 0.017159 0.0172818 0.0152637 0.0218238 0.0188532 0.0213502 0.0169597 0.0198509 0.0270105 0.0234914 0.0229664 0.0202582 0.0155036 0.0204684 0.0169624 0.0138999 0.0238497 0.0281252 0.042238 0.0225047 0.0130058 0.0158769 0.0153935 0.0176996 0.0112114 0.00924817 0.0111148 0.0123623 0.0131064 0.0154968 0.0125258 0.0174678 0.0154904 0.00540007 0 0 
0 0 0.00616303 0.0192743 0.0334966 0.0303822 0.0223696 0.0167111 0.0152209 0.0177342 0.0126472 0.0161483 0.0221785 0.0133114 0.0116805 0.0242436 0.0252821 0.0237512 0.0244032 0.0253937 0.0183327 0.0154392 0.0169689 0.0164456 0.0184526 0.019987 0.0189564 0.0152576 0.0161934 0.0126961 0.0177074 0.0160875 0.0227226 0.0184023 0.0212793 0.0187777 0.0194267 0.0199231 0.0161239 0.0195224 0.0226809 0.0248346 0.0216611 0.0148332 0.0200625 0.0220094 0.0187702 0.0211777 0.0238134 0.031767 0.0306547 0.0480191 0.0216351 0.0110783 0.0103957 0.014217 0.0170835 0.0108971 0.00761667 0.00942911 0.0115053 0.0226332 0.0289897 0.0165614 0.0174564 0.0136468 0.00231745 0 0 
0 0.000242592 0.00958677 0.0213038 0.0264698 0.0203425 0.017796 0.016024 0.0222209 0.0246754 0.016407 0.0387504 0.024387 0.0177156 0.0167315 0.0219262 0.021871 0.0233999 0.0183101 0.0223051 0.0212413 0.0170996 0.0208982 0.021436 0.0167352 0.0141734 0.0179165 0.0176893 0.0187715 0.0102875 0.0153389 0.0141236 0.0149166 0.0170605 0.0231616 0.0165723 0.0144172 0.0138442 0.0134872 0.0149181 0.0186357 0.0142824 0.017072 0.0170661 0.0165046 0.0207637 0.0204844 0.0210223 0.0226969 0.0208719 0.0209529 0.0204216 0.0120301 0.0134569 0.00968054 0.0121038 0.0162867 0.0131664 0.0111287 0.0125318 0.0150847 0.024207 0.0239359 0.0174488 0.0134327 0.0140417 0.0027097 8.39154e-05 0 
0 0.00157744 0.0165217 0.0279889 0.0238733 0.0166996 0.0160037 0.0198386 0.0220962 0.0233261 0.0217568 0.0352758 0.0182285 0.0164798 0.0199112 0.0239636 0.0214595 0.0247177 0.0247681 0.019508 0.0197123 0.0214153 0.0201747 0.0126655 0.0163146 0.0139841 0.0195391 0.0138736 0.0150294 0.0132981 0.0149627 0.011333 0.0119757 0.010554 0.0113152 0.0136238 0.013616 0.0150705 0.0122957 0.0178878 0.0134071 0.0137817 0.0174918 0.0219052 0.0165682 0.014878 0.0239662 0.0159836 0.0176694 0.0147506 0.0122904 0.00775246 0.0123032 0.0139661 0.0124236 0.0112317 0.00765138 0.0140679 0.0186289 0.0200334 0.0210877 0.0191303 0.0154387 0.0175316 0.0144245 0.0133758 0.00846051 0.00358924 0.000723495 
0 0.00532122 0.0402196 0.044261 0.0308766 0.0202728 0.0204973 0.0204785 0.0301601 0.0199951 0.0180362 0.0239453 0.0235936 0.0206754 0.0188409 0.0169399 0.0231639 0.0240347 0.020525 0.0208993 0.0173538 0.0224248 0.0260149 0.017354 0.0213873 0.0217997 0.0200514 0.0172378 0.0151115 0.0105601 0.0128181 0.0107324 0.0103196 0.0101799 0.00869711 0.0148134 0.0140563 0.0167178 0.0142189 0.0137995 0.0166193 0.0179196 0.01628 0.0251337 0.0212121 0.0143018 0.0181084 0.0128201 0.0136059 0.0154604 0.0133568 0.012603 0.0249127 0.0203843 0.0164008 0.0110591 0.0124621 0.0171171 0.0227806 0.0193667 0.014104 0.0157092 0.0136429 0.0145276 0.0168347 0.0212143 0.0129626 0.00735873 0.000744132 
0 0.00921795 0.0411577 0.0413008 0.0392772 0.0284368 0.0199525 0.0323041 0.037046 0.0252151 0.0237254 0.0257488 0.0238434 0.0244588 0.0246527 0.0199032 0.0187939 0.0196222 0.0211278 0.0225127 0.0206905 0.0175775 0.0200912 0.0217359 0.0246383 0.0216782 0.0197154 0.0178227 0.0164949 0.0145331 0.0164603 0.0126762 0.011216 0.0116028 0.0125564 0.013719 0.0146582 0.0165656 0.0194163 0.0219152 0.0235222 0.0200542 0.0147729 0.0188217 0.021523 0.0151197 0.0196643 0.0170448 0.0216522 0.0169354 0.0176577 0.0236504 0.0261269 0.0237157 0.0225447 0.0196876 0.0155757 0.01108 0.0121062 0.0055405 0.00651997 0.0159607 0.0175892 0.017876 0.0165537 0.0154714 0.0127414 0.00397272 0.000272303 
0 0.0100134 0.0342946 0.0449491 0.0496308 0.0400704 0.0318067 0.0360391 0.0458832 0.0336141 0.0243859 0.027264 0.0268497 0.0225294 0.0272968 0.0222136 0.0160007 0.022234 0.0292493 0.0237539 0.0212634 0.0173791 0.019742 0.0214619 0.0233439 0.027432 0.0223402 0.0141539 0.0226541 0.015261 0.0134042 0.0130686 0.00749244 0.010462 0.0171935 0.014002 0.0142454 0.0259474 0.0276805 0.0257159 0.0296273 0.0326192 0.0152088 0.0150173 0.0174575 0.0167568 0.0389197 0.0461391 0.0217107 0.0159002 0.0175446 0.02204 0.0239665 0.0232474 0.0209901 0.0154879 0.0160298 0.0168837 0.00842398 0.00280993 0.00864645 0.0146134 0.0162278 0.0193283 0.0161712 0.0143777 0.00695039 0.0027711 4.48922e-05 
0 0.00878144 0.0336883 0.0445495 0.0610199 0.0513828 0.0312332 0.0275965 0.0482528 0.0350416 0.0208856 0.0191089 0.0227166 0.0220969 0.0324146 0.0262192 0.016093 0.0148021 0.0249525 0.0387695 0.0235784 0.0211587 0.0206781 0.0261279 0.0281458 0.0263193 0.0232455 0.00932474 0.014226 0.0191858 0.0158795 0.0145899 0.012288 0.0164519 0.0150973 0.0163201 0.0166067 0.0176309 0.0234785 0.0194792 0.0181722 0.0182675 0.0174465 0.0185607 0.0119868 0.0201768 0.0571568 0.0555712 0.025405 0.0171325 0.0157054 0.0119327 0.016918 0.0130539 0.0162298 0.0153067 0.0156476 0.0144534 0.016357 0.00860663 0.0111572 0.0136852 0.0194959 0.0216319 0.0138324 0.00779135 0.00257068 0.00153095 0.000127859 
0 0.00613004 0.0282324 0.0413392 0.0503966 0.0330401 0.0231048 0.0217171 0.0267626 0.0250796 0.019872 0.0182091 0.0174811 0.0192937 0.0233713 0.0282077 0.0214583 0.0222607 0.0247213 0.0316723 0.0273574 0.0261136 0.023035 0.0253778 0.0300925 0.0248878 0.0237904 0.0112428 0.0135671 0.0166048 0.0150196 0.0172624 0.0141122 0.0199129 0.0187927 0.0220433 0.0215814 0.0220574 0.0185986 0.0219304 0.0154157 0.0254825 0.0230228 0.0246195 0.0166301 0.0123266 0.0213877 0.0282024 0.0271392 0.0188523 0.0141445 0.0119266 0.0166979 0.012376 0.0114114 0.0100451 0.016317 0.0122628 0.0139814 0.0139886 0.0179383 0.014016 0.0207711 0.0213266 0.0101507 0.00301493 0.000615334 0.000808143 3.17905e-05 
3.47235e-06 0.013441 0.0378112 0.0322798 0.0317501 0.0222192 0.0241527 0.0241249 0.0223927 0.0157451 0.0201604 0.0205191 0.0175046 0.0190838 0.0195689 0.0176542 0.0206762 0.0245473 0.0225654 0.0219277 0.0241315 0.0317623 0.0330822 0.027768 0.0277031 0.022585 0.0313345 0.0214955 0.0193122 0.022663 0.0183093 0.0174528 0.0161688 0.0174443 0.0153838 0.0215266 0.0258573 0.0196248 0.0161177 0.0160409 0.0153995 0.0318723 0.0320714 0.023654 0.0195455 0.0203868 0.0175264 0.0167699 0.0222898 0.0151904 0.0162952 0.0149281 0.0149322 0.01437 0.0118278 0.0120805 0.0129721 0.0103463 0.0154321 0.015373 0.0186706 0.0174027 0.0212201 0.0127887 0.00759228 0.0042729 0.00300143 0.000134186 0 
1.51478e-05 0.0177979 0.0315701 0.0288773 0.0279557 0.0180299 0.0219919 0.0256112 0.0235071 0.0210226 0.0225801 0.0232586 0.0179292 0.0167901 0.0180948 0.0227104 0.0209347 0.0226656 0.0290765 0.0307627 0.0219325 0.0274199 0.0350761 0.0276117 0.0195923 0.0194849 0.0374142 0.0273562 0.018178 0.0297263 0.0361623 0.0223081 0.0173619 0.0156777 0.0133134 0.0218671 0.0223022 0.0184217 0.0156863 0.0147964 0.0226396 0.0341401 0.0328877 0.027662 0.0176168 0.0177643 0.0151393 0.0157149 0.0176787 0.0136083 0.0179139 0.021639 0.019083 0.0157789 0.0143262 0.0146445 0.0107846 0.0109713 0.0176544 0.0132475 0.011115 0.00906233 0.00796595 0.00635698 0.00945934 0.00349434 0.00138639 0.000169959 0 
0.000117442 0.013871 0.0310061 0.0234054 0.0234153 0.020649 0.0215889 0.024606 0.0191197 0.0215379 0.0232931 0.0232053 0.0204861 0.0194576 0.0183518 0.019431 0.0224292 0.0260044 0.0258644 0.0233626 0.0263274 0.0256421 0.0309124 0.0190902 0.0196145 0.0204066 0.0250193 0.0355388 0.0188828 0.0258017 0.0361745 0.0392762 0.0379324 0.0337112 0.0273591 0.0268598 0.0118362 0.0105853 0.0141783 0.0156839 0.0234498 0.0257455 0.0188812 0.0144899 0.0146535 0.011274 0.0123839 0.0138294 0.0138226 0.0172195 0.0224621 0.0233318 0.0256746 0.0208896 0.0168409 0.0192907 0.0128363 0.0151196 0.0130691 0.0101969 0.00871619 0.00574881 0.00488923 0.00698431 0.00418065 0.00131121 0.00231628 0.00189556 0 
0.000222216 0.00720033 0.0202629 0.0247919 0.0246709 0.0213269 0.0219973 0.0223836 0.0231019 0.0251479 0.0305435 0.0333902 0.0296697 0.0337488 0.0248253 0.0261635 0.020969 0.0240683 0.0250631 0.0248518 0.0246971 0.0219371 0.0226329 0.02099 0.0235038 0.0180486 0.0189913 0.0288792 0.0266014 0.0215973 0.038215 0.062005 0.0738604 0.0420341 0.0263292 0.0207923 0.0150059 0.0109123 0.0113704 0.0164987 0.0207856 0.0214202 0.019892 0.0142786 0.0130492 0.0112475 0.015368 0.013162 0.01373 0.0147229 0.0209667 0.0326302 0.0458729 0.0266984 0.0124303 0.0160721 0.0101542 0.0160427 0.0178494 0.00989096 0.0096235 0.00931804 0.00780778 0.00327439 0.00460476 0.00450336 0.00392955 0.00222481 7.18043e-08 
0.000388662 0.00757949 0.0172811 0.023726 0.0308425 0.0258017 0.0261173 0.030323 0.0306133 0.0267439 0.0300628 0.0305781 0.0323047 0.0262531 0.0285004 0.0302573 0.0246635 0.0247039 0.0305827 0.0249999 0.0256434 0.0228616 0.0186628 0.0177954 0.0179179 0.0235606 0.0199164 0.0227937 0.023387 0.0172813 0.024008 0.0570925 0.0946805 0.0401313 0.0337543 0.0199523 0.0147176 0.0108051 0.0117551 0.013441 0.0164674 0.0140981 0.0140047 0.0110845 0.0200401 0.0189554 0.0138039 0.00949767 0.0114937 0.0161795 0.0182462 0.0422899 0.0572341 0.0304208 0.024079 0.0176598 0.0203834 0.0155369 0.011105 0.010324 0.00988785 0.00977428 0.0128286 0.0127758 0.0081544 0.00917524 0.00310795 0.00252168 0.000427626 
0.000177394 0.00578769 0.0221717 0.026946 0.0306578 0.0300119 0.0298585 0.0270277 0.0249726 0.0293822 0.0277921 0.0242982 0.0272137 0.0255718 0.0279629 0.0242789 0.0222351 0.0175643 0.0238735 0.0226484 0.0278493 0.0251761 0.0195922 0.0180668 0.014296 0.0212945 0.0184954 0.0199198 0.0227077 0.0188001 0.0255875 0.040889 0.0529072 0.0442496 0.0415366 0.0192744 0.0168418 0.0165879 0.0124532 0.0152145 0.0173997 0.0171904 0.0104863 0.0122792 0.0112319 0.0131562 0.0131094 0.014887 0.011985 0.014411 0.0170608 0.019548 0.020866 0.0200002 0.019155 0.0142794 0.0154991 0.0184715 0.0150914 0.0114466 0.00824324 0.00481086 0.0179312 0.0263933 0.0237958 0.0170834 0.00764491 0.0101131 0.0015471 
0.000146019 0.0121194 0.0290395 0.0303407 0.0247886 0.0279773 0.0276026 0.0286096 0.0322481 0.0231872 0.0237615 0.0256135 0.0246749 0.0214966 0.0226944 0.023145 0.0205068 0.0189009 0.0179194 0.0183547 0.0240415 0.0224221 0.0142419 0.0163239 0.0209221 0.0195634 0.0182118 0.0227746 0.0207787 0.0212957 0.0308069 0.03327 0.0315726 0.0683204 0.044287 0.0230983 0.0210902 0.0189054 0.013963 0.012005 0.0148893 0.0198306 0.0190159 0.0186804 0.00975857 0.00943156 0.0160884 0.012723 0.0148332 0.0134793 0.0147689 0.016011 0.0156602 0.0167699 0.012293 0.0169228 0.0157318 0.0177206 0.0144961 0.017436 0.0118077 0.00571819 0.0111789 0.0156276 0.0178013 0.0204409 0.0223203 0.0177961 0.00570639 
0.000183488 0.0138484 0.0265464 0.0245494 0.0181165 0.0246388 0.0216139 0.0299595 0.0527293 0.0430486 0.0244247 0.0196772 0.0224175 0.0288051 0.0307067 0.0262148 0.0236631 0.0220844 0.0188373 0.0170313 0.0220312 0.0237163 0.0178538 0.0193439 0.0270017 0.0164368 0.017882 0.0199144 0.0142871 0.0134039 0.0179743 0.0163585 0.0390384 0.0469041 0.0277305 0.0213758 0.0235325 0.0198766 0.0127642 0.0128949 0.0164771 0.0207317 0.0204537 0.020692 0.01566 0.0130364 0.0143366 0.0119658 0.0119415 0.0189116 0.0250376 0.0196719 0.0176607 0.0157194 0.0129395 0.0223483 0.0269835 0.0270133 0.0146401 0.0189928 0.0164095 0.0154391 0.0153398 0.0214721 0.0229489 0.0197201 0.0206877 0.017849 0.00893183 
0.000124179 0.0110286 0.0268419 0.0248939 0.0118422 0.0156066 0.0215796 0.0307662 0.0399375 0.0325485 0.0258137 0.0184027 0.0257906 0.0308357 0.0284809 0.0331603 0.0228438 0.018774 0.0185818 0.0216131 0.0247673 0.0255502 0.0175502 0.0216662 0.0185343 0.021271 0.0215508 0.0218833 0.0176629 0.0142782 0.0136484 0.0221378 0.0499309 0.0507807 0.040292 0.0174199 0.0169533 0.0198027 0.0123486 0.016843 0.0209771 0.0189596 0.022831 0.0195365 0.0170651 0.013971 0.00852141 0.00791224 0.00753983 0.0207226 0.0293336 0.0246936 0.0178175 0.0248184 0.025651 0.0228881 0.0207581 0.0247197 0.0218255 0.0163023 0.0203441 0.019879 0.021002 0.0296448 0.034134 0.0311726 0.0191328 0.0108184 0.00512886 
7.66342e-05 0.00631278 0.017985 0.01272 0.00483844 0.0139784 0.023692 0.0244119 0.0244356 0.0247214 0.0226519 0.0156573 0.0173873 0.0264584 0.0261359 0.0234139 0.0258408 0.0198208 0.0174552 0.0235143 0.0263765 0.0266041 0.0211399 0.0252784 0.0189691 0.0274983 0.0344281 0.0319398 0.0259074 0.0170115 0.0144544 0.0178763 0.046903 0.0558585 0.0304462 0.019898 0.0174005 0.0189413 0.022132 0.0269573 0.0210247 0.0220168 0.0240126 0.0188001 0.0106179 0.0122601 0.0068202 0.00649061 0.0106668 0.0231721 0.0296158 0.0253172 0.0163386 0.0225363 0.0229654 0.0206163 0.016427 0.022031 0.0279121 0.0172861 0.0222671 0.0326245 0.0258386 0.0267038 0.0262926 0.0262689 0.013752 0.00989759 0.0023703 
0 0.000611681 0.00615824 0.00715243 0.0106185 0.0125378 0.0246112 0.0280948 0.0162213 0.0247868 0.0260126 0.0190133 0.0128642 0.0232808 0.0313154 0.022218 0.0252065 0.023731 0.0232495 0.0220021 0.0192695 0.0196814 0.021117 0.0320879 0.0214422 0.0249022 0.0335816 0.0305449 0.0252936 0.0262975 0.0244823 0.0185597 0.015803 0.0180841 0.0154538 0.0238383 0.029558 0.0214539 0.0217022 0.0236794 0.0207012 0.0247902 0.0197231 0.0167774 0.0087876 0.0073386 0.00948851 0.0074923 0.0113377 0.0218908 0.0225135 0.0204631 0.0159275 0.0208844 0.0243803 0.0162661 0.012687 0.0187285 0.0174474 0.0172137 0.0260392 0.0497846 0.0420564 0.0231233 0.0201749 0.0183283 0.0131512 0.00938754 0.00188708 
0 8.25364e-05 0.00392501 0.00636843 0.00724442 0.00510207 0.0119462 0.0268207 0.0231741 0.021756 0.0275833 0.0226173 0.0107555 0.0162292 0.0263029 0.021285 0.0213305 0.0238344 0.0195309 0.0209835 0.0178524 0.0188434 0.0243274 0.0229439 0.0231112 0.0245613 0.0215189 0.0211457 0.0181425 0.0219421 0.0252481 0.0206548 0.0181959 0.0144868 0.0173485 0.0249452 0.0266069 0.022821 0.0171517 0.0236043 0.0244038 0.0210654 0.0219566 0.0135539 0.0116172 0.0144055 0.0200236 0.0136335 0.0173063 0.0227699 0.016865 0.0187654 0.0187768 0.0202521 0.0173832 0.0138948 0.013922 0.0135985 0.0137499 0.0173444 0.0244428 0.0411225 0.0518089 0.0236029 0.022886 0.0137059 0.00846704 0.00297301 0.000200235 
0 0 0.000902424 0.00407724 0.0114854 0.00679267 0.00570982 0.0230554 0.0256336 0.0220933 0.023006 0.0177639 0.0149422 0.0201793 0.0252055 0.0350756 0.0325037 0.0242695 0.0214163 0.0174367 0.016056 0.0198896 0.0205253 0.0194465 0.0220744 0.0213298 0.0152285 0.0150678 0.018928 0.0214107 0.0240547 0.0260742 0.0243017 0.0202632 0.02501 0.0241476 0.0186265 0.0177675 0.016807 0.019956 0.0206933 0.0230425 0.018989 0.0186651 0.0258018 0.026364 0.0239313 0.0189301 0.0201346 0.0127133 0.0122391 0.0166237 0.021126 0.0277671 0.0192909 0.0210625 0.0200971 0.0200755 0.0187233 0.0153459 0.0198194 0.0292356 0.028692 0.0231141 0.0219967 0.0111151 0.00454491 0.000252755 0 
0 0 0.000938612 0.0104786 0.0181901 0.00648728 0.00292032 0.0178681 0.021793 0.0260569 0.0206065 0.0149495 0.0226358 0.0244599 0.0241658 0.0304174 0.0309531 0.0230694 0.0223937 0.0195894 0.0165977 0.0164773 0.0258148 0.0159403 0.0243082 0.0226954 0.0147106 0.0163908 0.0250906 0.0320531 0.0265144 0.0219335 0.0218315 0.0208844 0.0225405 0.0184085 0.0183491 0.0126955 0.0120941 0.0187089 0.0232858 0.0237302 0.0216899 0.0248509 0.0329108 0.0340308 0.0373672 0.0238375 0.015974 0.0154983 0.0154182 0.0192154 0.0280902 0.0260204 0.0239439 0.0257474 0.0177565 0.0213959 0.0191622 0.0152768 0.0156162 0.020423 0.0237042 0.0194357 0.0130505 0.00621114 0.00282331 8.15749e-06 0 
0 0 0.000317719 0.0021742 0.00462833 0.00328788 0.0113597 0.0240438 0.0334024 0.0325906 0.0190982 0.012784 0.0210523 0.0209432 0.0151114 0.017605 0.0225758 0.0215578 0.0189878 0.020523 0.020371 0.0147348 0.0195421 0.0129738 0.0181738 0.0150738 0.0207813 0.0325796 0.0347023 0.0306118 0.0344013 0.0249997 0.0231697 0.020437 0.0203431 0.0158705 0.0194104 0.0237827 0.0134128 0.0214594 0.0248014 0.0285156 0.0248319 0.0241221 0.0234813 0.0258124 0.026111 0.0194459 0.0140046 0.0187266 0.0180079 0.0193537 0.020344 0.0186482 0.0221724 0.0286465 0.0145388 0.0154477 0.0203398 0.0163843 0.0122221 0.0122871 0.0140856 0.0132992 0.0091723 0.00582478 0.00105738 0 0 
0 0 0 0.000100855 0.000486948 0.00387328 0.0210369 0.0329801 0.0352258 0.0283186 0.0176855 0.0174496 0.0254211 0.0221985 0.00900739 0.0133047 0.0196048 0.0272321 0.0368429 0.0280165 0.0221424 0.0178356 0.0193497 0.0150056 0.0204465 0.0249601 0.0265354 0.0270889 0.0359355 0.0304238 0.0294856 0.0207084 0.0208927 0.0229236 0.0160192 0.0179173 0.021157 0.0245882 0.0215318 0.0273989 0.0249088 0.0211253 0.0237775 0.0281391 0.0198949 0.0162816 0.0144863 0.0182134 0.0183275 0.026721 0.0228279 0.0172503 0.0157165 0.0223717 0.0199981 0.0294769 0.0195806 0.0195767 0.0325795 0.021704 0.0155468 0.0141457 0.0144571 0.0138529 0.00963146 0.00329386 0.000381536 0 0 
0 0 0 0 0.000257345 0.00711411 0.0259661 0.0335982 0.0283149 0.0246622 0.0140652 0.0213328 0.0247165 0.0239488 0.018064 0.0198258 0.0300818 0.0489996 0.0856101 0.036977 0.0155558 0.017215 0.0170295 0.0165926 0.0303756 0.0391276 0.0204883 0.0199011 0.0243361 0.0267289 0.0231839 0.0218044 0.0194976 0.0201583 0.0197314 0.0198046 0.0210042 0.0209185 0.033925 0.0279 0.0233212 0.0188697 0.0214465 0.0202451 0.0235302 0.0230607 0.0186216 0.0142898 0.0224751 0.0282783 0.0201752 0.0178504 0.0250392 0.0235362 0.0213713 0.030355 0.0236605 0.0191346 0.0275356 0.0225441 0.0190298 0.0174411 0.0140292 0.0158441 0.00771635 0.00153339 0.000189017 0 0 
0 0 0 0 0.00185688 0.0168162 0.0320007 0.0369563 0.0282229 0.0204601 0.0124716 0.0186051 0.0264531 0.0281659 0.0252766 0.0248308 0.0263278 0.0424849 0.0602447 0.0405366 0.0238172 0.0203998 0.0202488 0.0245493 0.0378412 0.0430507 0.0305056 0.0206773 0.0178358 0.0218017 0.0197772 0.0194042 0.0193375 0.0179397 0.0240866 0.0283443 0.0182043 0.0176961 0.0244842 0.0249395 0.0184361 0.0128538 0.0130296 0.0149195 0.0163465 0.0213229 0.0221333 0.0202595 0.0188679 0.0247305 0.0223131 0.0365626 0.0408488 0.0278195 0.0251799 0.0279017 0.0267872 0.0309579 0.0230295 0.018713 0.0214502 0.0180139 0.0164826 0.0159433 0.0033459 0.000446109 2.2575e-05 0 0 
0 0 0 0 0.000293394 0.00754954 0.0196233 0.0195335 0.0216269 0.0258898 0.0127845 0.0213028 0.0270326 0.0294301 0.0278558 0.0338727 0.0285437 0.0341523 0.034406 0.0282768 0.024354 0.0235809 0.022024 0.0286221 0.0433725 0.0418842 0.0276908 0.020102 0.0155505 0.0183095 0.0195365 0.0156423 0.0174862 0.0229921 0.0303757 0.029433 0.0164503 0.0141486 0.0101985 0.0156944 0.0181835 0.0112172 0.00435673 0.011056 0.0191195 0.0217892 0.0233524 0.0211535 0.017422 0.0217719 0.0184428 0.0349929 0.0490564 0.0356679 0.0193422 0.022265 0.029426 0.0287106 0.0248321 0.0202027 0.0166227 0.0229871 0.017547 0.00612471 0.000641718 0 0 0 0 
0 0 0 0 0 0.000782784 0.00574122 0.00970209 0.0218784 0.021288 0.0148064 0.0272969 0.0344496 0.0376196 0.0304158 0.0264975 0.0273461 0.0207067 0.0220638 0.0263239 0.0226882 0.0205023 0.0252708 0.0245635 0.0266638 0.028543 0.0299547 0.0268749 0.0214537 0.0225281 0.0236743 0.0276143 0.0208197 0.0212286 0.0231219 0.0233589 0.0181562 0.015373 0.024929 0.0248582 0.0182991 0.011201 0.00489208 0.00707307 0.0138531 0.0130044 0.0163543 0.0143918 0.0175417 0.0217888 0.016081 0.0251129 0.0364899 0.0329175 0.0242114 0.0182281 0.0140503 0.0200954 0.0181384 0.0157098 0.012244 0.0198384 0.0118973 0.000206924 0 0 0 0 0 
0 0 0 0 0 1.55624e-06 0.00095845 0.00543904 0.0210555 0.0266337 0.0199341 0.0291577 0.0280297 0.0288224 0.026696 0.0246574 0.0212691 0.0201816 0.0190961 0.0220223 0.0238213 0.0206876 0.018283 0.0199702 0.0234167 0.0231231 0.0309733 0.0330539 0.0288605 0.0286354 0.0243804 0.021824 0.018137 0.0181953 0.01894 0.01578 0.0189947 0.0168103 0.0324055 0.0326544 0.0260437 0.0215362 0.0138855 0.00957065 0.00782973 0.0114362 0.0172148 0.0196164 0.0208423 0.0211281 0.0265103 0.0192635 0.0257906 0.0289631 0.0301973 0.0320547 0.019288 0.017149 0.0160983 0.0213058 0.0192127 0.015671 0.00384114 0.000594974 0 0 0 0 0 
0 0 0 0 0 0 0.000305537 0.00768782 0.0188624 0.0257322 0.0227952 0.0210685 0.0214871 0.0282891 0.0247876 0.0291052 0.0327845 0.0241784 0.0179306 0.0208854 0.019478 0.0218425 0.016957 0.0192134 0.0222779 0.0291945 0.0359494 0.0249372 0.0211792 0.0246991 0.0219582 0.0192195 0.0171593 0.0140581 0.014623 0.0174716 0.0223689 0.0228579 0.0299391 0.0305651 0.0192132 0.0158253 0.0164047 0.0107828 0.00724513 0.0122217 0.0191185 0.0192841 0.0225515 0.0188449 0.0253158 0.026067 0.0228455 0.0268092 0.0397603 0.0343657 0.0282834 0.0196008 0.0204293 0.0266636 0.0145783 0.00763479 0.00126362 0.000191689 0 0 0 0 0 
0 0 0 0 0 0 3.63022e-05 0.00469999 0.0167511 0.0236321 0.0212787 0.0219281 0.025135 0.0243615 0.0242018 0.031858 0.0475045 0.0285173 0.0227235 0.0233958 0.024178 0.0278513 0.0236808 0.0241715 0.0268973 0.0253698 0.0259294 0.0170035 0.0215467 0.0176521 0.0137902 0.0149389 0.0120184 0.0134691 0.0167963 0.0180381 0.0190699 0.0259766 0.0268887 0.02747 0.027214 0.0217518 0.0216494 0.0126643 0.00924579 0.0143743 0.0200512 0.0207919 0.0239736 0.0171286 0.0214806 0.0264126 0.0251236 0.0238067 0.0318465 0.0301352 0.0290438 0.0219901 0.0177969 0.0204292 0.0155842 0.00862932 0.00197895 0.000111739 0 0 0 0 0 
0 0 0 0 0 0 0 0.000170768 0.0107348 0.0185919 0.0157955 0.0204216 0.0138362 0.0120209 0.0175127 0.0296646 0.0363557 0.0291536 0.0280311 0.0273649 0.0284778 0.0273037 0.0235534 0.0165397 0.0261549 0.0144174 0.00617333 0.0137841 0.0225588 0.010067 0.0104846 0.0138909 0.0186118 0.0188521 0.0187823 0.018739 0.0145233 0.0156513 0.0171681 0.0155232 0.0171896 0.0167845 0.0222494 0.0147782 0.0142956 0.0204612 0.0240578 0.0211165 0.020945 0.0169181 0.0191866 0.0238059 0.0261937 0.031933 0.0249721 0.0248155 0.0227356 0.018779 0.0205293 0.0256802 0.0156797 0.00376132 0.000916236 1.16395e-05 0 0 0 0 0 
0 0 0 0 0 0 0 0 0.00126404 0.00811029 0.0187743 0.0182349 0.0120708 0.00695322 0.00968835 0.0202319 0.0336399 0.0279975 0.032249 0.0311965 0.0224673 0.0259328 0.0196853 0.0214956 0.0199718 0.0097427 0.00783787 0.0167281 0.01667 0.00891207 0.0134866 0.0171382 0.0194287 0.0206116 0.0153401 0.0171669 0.0155318 0.00959567 0.00844133 0.0104724 0.0146185 0.0254801 0.0223923 0.0167018 0.013844 0.013848 0.0156379 0.0134477 0.0121294 0.0160005 0.0130551 0.0169171 0.0194676 0.0282774 0.0255767 0.021552 0.0232678 0.0296798 0.0336358 0.0264842 0.0102548 0.000702278 2.14115e-05 0 0 0 0 0 0 
0 0 0 0 0 0 0 0 0 0.000617 0.00368996 0.00627188 0.00146983 0.00211106 0.00617293 0.0125073 0.025601 0.0250927 0.0263198 0.0244926 0.0283452 0.0307971 0.0266458 0.0221509 0.0165842 0.00728942 0.00871712 0.0164736 0.0186715 0.0132617 0.0112231 0.017101 0.00820245 0.0170587 0.0212107 0.0234674 0.0194998 0.0131681 0.0138221 0.0150158 0.0204198 0.0195279 0.020075 0.0200427 0.0156127 0.00441801 0.00552984 0.00658237 0.0102247 0.0127311 0.0156733 0.0226113 0.0209824 0.0270982 0.027542 0.0221222 0.0221745 0.0287001 0.0305615 0.0178885 0.00304541 0 0 0 0 0 0 0 0 
0 0 0 0 0 0 0 0 0 0 0 0 5.05227e-05 0.00302567 0.00585034 0.00900286 0.0199172 0.0139004 0.0203827 0.0265366 0.0248953 0.0257302 0.0297158 0.0270529 0.0162117 0.0105042 0.00790472 0.0143514 0.0180888 0.0130755 0.0126819 0.0112158 0.00668115 0.017621 0.0245117 0.0312831 0.0195364 0.0188076 0.0227232 0.0230962 0.0197721 0.0189831 0.0183879 0.0429099 0.0334217 0.00848472 0.00369473 0.00943884 0.0161834 0.0205679 0.0157317 0.0179887 0.0133982 0.0182164 0.0289349 0.0238221 0.0264143 0.0281861 0.0226209 0.00675701 0.000451211 0 0 0 0 0 0 0 0 
0 0 0 0 0 0 0 0 0 0 0 0.000137633 0.00235299 0.00508965 0.0106263 0.0100064 0.00780654 0.0100451 0.0189716 0.0212208 0.0187308 0.0260808 0.0257418 0.0200276 0.0167888 0.0148971 0.0121282 0.0144393 0.0134334 0.0122448 0.0121546 0.0147213 0.0151902 0.0195653 0.0372204 0.0324307 0.0184374 0.0184133 0.0189119 0.018466 0.015724 0.0150955 0.0417033 0.0606796 0.052075 0.014002 0.00512036 0.006336 0.0139032 0.0229111 0.00958603 0.0123726 0.0100583 0.00885317 0.0198009 0.0225342 0.0185864 0.0153955 0.00685423 0.000654703 0 0 0 0 0 0 0 0 0 
0 0 0 0 0 0 0 0 0 0 0 3.51712e-05 0.000838939 0.00578218 0.0179315 0.0230414 0.0150639 0.0124568 0.0195564 0.0219358 0.0181747 0.0341005 0.0239848 0.0185068 0.0206641 0.0193628 0.0147425 0.0163209 0.0195602 0.02286 0.0163182 0.0166121 0.0140697 0.0170868 0.0224857 0.0125856 0.0149867 0.0185314 0.0247077 0.0134319 0.0110116 0.0125849 0.0257386 0.0335453 0.0191287 0.011289 0.00702254 0.00671198 0.00970884 0.0175465 0.0138427 0.0173792 0.0157408 0.00636473 0.0123799 0.0114611 0.00543493 0.00220208 0.000238234 0 0 0 0 0 0 0 0 0 0 
0 0 0 0 0 0 0 0 0 0 0 0 1.31667e-05 0.000720164 0.00812237 0.0122236 0.0144808 0.0132328 0.0149744 0.0162049 0.0164708 0.021679 0.0225854 0.0294216 0.0190848 0.0105329 0.0131467 0.0303157 0.0260468 0.0263088 0.0190533 0.0208181 0.0194324 0.0163337 0.00920543 0.0102466 0.00673141 0.00917023 0.0231559 0.0238777 0.0198052 0.0159139 0.0257472 0.0232033 0.0154528 0.0153131 0.0116372 0.00464412 0.00357843 0.00814388 0.00843574 0.0129536 0.0117519 0.00563211 0.00313155 0.00186852 0.000449081 0.000104884 0 0 0 0 0 0 0 0 0 0 0 
0 0 0 0 0 0 0 0 0 0 0 0 0 0 0.000419308 0.00145269 0.00472129 0.00769051 0.0110968 0.0104682 0.0147969 0.00894223 0.0203812 0.0510621 0.030629 0.0120962 0.0169552 0.0250518 0.0310865 0.0206694 0.0126129 0.0126647 0.0196573 0.0174747 0.0124482 0.0147136 0.00480435 0.00578637 0.02103 0.0186176 0.0167423 0.0257124 0.0306258 0.0227751 0.01911 0.0207879 0.0142662 0.00573085 0.00636083 0.00648138 0.00260187 0.00579531 0.00791671 0.00497584 0.000593112 5.60772e-05 0 0 0 0 0 0 0 0 0 0 0 0 0 
0 0 0 0 0 0 0 0 0 0 0 0 0 0 0 0 0.000377224 0.00126435 0.00376275 0.01315 0.0189209 0.00310843 0.00844903 0.0317091 0.0316113 0.0184634 0.0169381 0.0179478 0.0229704 0.0151059 0.0114537 0.00237139 0.00484027 0.00885482 0.0095102 0.0150334 0.00763738 0.0032619 0.0135533 0.016813 0.0237917 0.0334038 0.042342 0.036585 0.0246946 0.020771 0.0176527 0.0101553 0.00901498 0.0114691 0.00727867 0.00545258 0.00592879 0.00218271 1.00622e-05 0 0 0 0 0 0 0 0 0 0 0 0 0 0 
0 0 0 0 0 0 0 0 0 0 0 0 0 0 0 0 0 0 0.00439036 0.0138157 0.023235 0.00511135 0.00453916 0.0150221 0.0222742 0.0194091 0.00697591 0.012752 0.0299687 0.0233299 0.0140076 0.00122381 0.00276534 0.00752647 0.0146223 0.0268529 0.0193101 0.00900341 0.00513537 0.00859894 0.0228747 0.0286029 0.0343831 0.0365394 0.0351687 0.0183917 0.0152407 0.0100428 0.00498055 0.00247162 0.00380097 0.00228052 0.000727452 5.715e-07 0 0 0 0 0 0 0 0 0 0 0 0 0 0 0 
0 0 0 0 0 0 0 0 0 0 0 0 0 0 0 0 0 0 0.000453056 0.00344875 0.00411487 0.000880947 0.00257161 0.00604734 0.0110928 0.0127017 0.00550477 0.012421 0.0321048 0.0347086 0.0201963 0.00352267 0.000937214 0.00584895 0.0111701 0.0216504 0.0241517 0.0184331 0.0105301 0.00758479 0.00900286 0.0139452 0.0237758 0.0310104 0.0337761 0.0152172 0.00286155 0.00503239 0.00483053 0.00170827 0.000683018 0.000186188 0 0 0 0 0 0 0 0 0 0 0 0 0 0 0 0 0 
0 0 0 0 0 0 0 0 0 0 0 0 0 0 0 0 0 0 0 0 0 4.51156e-05 0.00303538 0.00482255 0.00672049 0.00997669 0.0123532 0.0167662 0.0205802 0.0216951 0.0194161 0.00324668 2.97034e-06 0.000178597 0.00300694 0.00750229 0.0117028 0.0181124 0.0164548 0.0125982 0.0087929 0.00782204 0.023133 0.0200738 0.0128935 0.0110468 0.00117385 0.000351293 0.000724723 0 0 0 0 0 0 0 0 0 0 0 0 0 0 0 0 0 0 0 0 
0 0 0 0 0 0 0 0 0 0 0 0 0 0 0 0 0 0 0 0 0 6.06916e-07 0.000126629 0.000516609 0.00120243 0.00268496 0.0063799 0.0135776 0.0136912 0.0112592 0.0105619 0.00163918 0 0.00055387 0.00156733 0.00181043 0.00632811 0.0120985 0.0132523 0.0135007 0.0140668 0.0154515 0.0174514 0.0120996 0.00451463 0.00252525 5.07734e-05 0 0 0 0 0 0 0 0 0 0 0 0 0 0 0 0 0 0 0 0 0 0 
0 0 0 0 0 0 0 0 0 0 0 0 0 0 0 0 0 0 0 0 0 0 0 0 0 0 0.00022368 0.000666938 0.00266964 0.00244495 0.000821422 0 0 9.43067e-05 3.3319e-05 1.08156e-05 0.000471504 0.00252066 0.0062848 0.00705052 0.00508822 0.00464213 0.00292535 0.00106963 9.00714e-05 0 0 0 0 0 0 0 0 0 0 0 0 0 0 0 0 0 0 0 0 0 0 0 0 

