0 0 0 0 0 0 0 0 0 0 0 0 0 0 0 0 0 0 0 0 0 0 0 0 0 0 0 0 0 0 0.000162591 0.000738946 0.000434107 0.000208075 9.18418e-07 0 0 0 0 0.000207232 4.67645e-05 0 0 0 0 0 0 0 0 0 0 0 0 0 0 0 0 0 0 0 0 0 0 0 0 0 0 0 0 
0 0 0 0 0 0 0 0 0 0 0 0 0 0 0 0 0 0 0 0 0 0 0 0 0 0.000137104 0.000979719 0.00201369 0.00361325 0.00476617 0.0101486 0.0133286 0.00859211 0.00427932 0.00356061 0.000431402 0 6.25004e-05 0.00202267 0.0123696 0.00560759 0.00502538 0.00110654 0.000123568 9.07469e-05 0 0 0 0 0 0 0 0 0 0 0 0 0 0 0 0 0 0 0 0 0 0 0 0 
0 0 0 0 0 0 0 0 0 0 0 0 0 0 0 0 0 0 0 0 0 0 0 0 1.58852e-05 0.00476597 0.0097646 0.00569118 0.00957604 0.0119928 0.0203476 0.0241656 0.0196323 0.0145267 0.0118168 0.00807873 0.00167141 0.00156838 0.0149567 0.037093 0.024031 0.0126951 0.00664827 0.00362247 0.00340975 0.0017319 0.00049115 0 0 0 0 0 0 0 0 0 0 0 0 0 0 0 0 0 0 0 0 0 0 
0 0 0 0 0 0 0 0 0 0 0 0 0 0 0 0 0 0 0 1.7403e-05 0.000859806 0.000462688 6.10588e-05 0 0.00100286 0.00926638 0.00873797 0.00277529 0.00271936 0.00502311 0.00826373 0.0135962 0.0150951 0.0224766 0.0175558 0.01667 0.00890964 0.00646071 0.0207296 0.0398056 0.0298477 0.0169941 0.0120433 0.00969686 0.0135355 0.0126573 0.00614937 0.000480692 0.000129292 5.50124e-07 0 0 0 0 0 0 0 0 0 0 0 0 0 0 0 0 0 0 0 
0 0 0 0 0 0 0 0 0 0 0 0 0 0 0 0 0 0 0.000339514 0.00511104 0.0175256 0.0127919 0.00119686 0 0.00195677 0.00649262 0.00390026 0.000930638 0.00131972 0.00438748 0.0141223 0.00861013 0.0109945 0.015915 0.0234003 0.0188193 0.0230963 0.0161685 0.0167226 0.0179189 0.0180357 0.0130368 0.0119887 0.0118122 0.0120986 0.016423 0.0147416 0.0082386 0.0050921 0.000714713 2.90887e-05 0 0 0 0 0 0 0 0 0 0 0 0 0 0 0 0 0 0 
0 0 0 0 0 0 0 0 0 0 0 0 0 0 0 0 0.000297004 0.00257238 0.00519152 0.0183636 0.0220115 0.0226892 0.00679125 0.00028282 0.000619931 0.00359277 0.0014813 0.000318035 0.000784724 0.0140601 0.0190684 0.0142488 0.0142187 0.0166947 0.0265569 0.0222212 0.0262223 0.021118 0.0172477 0.0145842 0.0128807 0.0123235 0.0122371 0.0108081 0.0104302 0.0129267 0.0170113 0.0178941 0.012843 0.00640943 0.00058287 0 0 0 0 0 0 0 0 0 0 0 0 0 0 0 0 0 0 
0 0 0 0 0 0 0 0 0 0 0 0 0 0 0 0.00111067 0.00946613 0.0243472 0.02276 0.0271567 0.0303922 0.0264755 0.0130124 0.00456858 0.00123986 0.000676696 0.00100687 0.00201262 0.00301331 0.0201688 0.0297726 0.0207823 0.0236955 0.0214239 0.0221922 0.0234011 0.0232893 0.0247528 0.0188878 0.0163861 0.0121538 0.0117571 0.0141908 0.0120959 0.0151698 0.0161799 0.0144942 0.0212745 0.0216398 0.0134942 0.00290881 0.000611636 0.000241125 0 0 0 0 0 0 0 0 0 0 0 0 0 0 0 0 
0 0 0 0 0 0 0 0 0 0 0 0 0 0.000495671 0.00702014 0.0200879 0.0267716 0.0334176 0.0288538 0.0241774 0.0254743 0.0312133 0.0228567 0.0193586 0.0126605 0.00745857 0.0111994 0.017674 0.0229054 0.0360644 0.0367397 0.0299755 0.0422851 0.0334608 0.0195424 0.0217039 0.0195974 0.0208968 0.018031 0.0138431 0.0114462 0.0138751 0.0147806 0.0145979 0.00874301 0.00898456 0.00919415 0.0143393 0.0155127 0.0150882 0.00772657 0.00167347 0.000468582 0 0 0 0 0 0 0 0 0 0 0 0 0 0 0 0 
0 0 0 0 0 0 0 0 0 0 0 0 2.13948e-05 0.0131361 0.0444716 0.0341942 0.028366 0.0294192 0.0201292 0.0202836 0.0226176 0.027203 0.0259736 0.0169258 0.0234111 0.0242715 0.0263263 0.0253267 0.0343186 0.0348104 0.0304042 0.0526673 0.135691 0.0736106 0.0227499 0.0195095 0.0130843 0.0119514 0.0140905 0.0105745 0.00969078 0.01538 0.0104055 0.009151 0.00937023 0.0100355 0.0100323 0.0150146 0.0116773 0.011606 0.00791496 0.00217835 0.000193122 0.000240071 0.000244548 0.000340703 0 0 0 0 0 0 0 0 0 0 0 0 0 
0 0 0 0 0 0 0 0 0 0 0 1.66979e-05 0.000729353 0.0209075 0.043723 0.0321927 0.0318093 0.0434503 0.0317483 0.0297488 0.0247115 0.030595 0.0309751 0.024347 0.0310881 0.0333121 0.0308136 0.0280949 0.035912 0.03401 0.0203531 0.0227253 0.0609353 0.0453101 0.0251534 0.0238705 0.0143913 0.00779643 0.012219 0.00994443 0.011044 0.010481 0.00833567 0.00886992 0.016091 0.015359 0.0129663 0.0197463 0.0166019 0.0122646 0.00684384 0.00272271 0.00202487 0.00454299 0.00498976 0.00482924 0.00015097 0 0 0 0 0 0 0 0 0 0 0 0 
0 0 0 0 0 0 0 0 0 0 0.000515287 0.00502888 0.00821795 0.0206045 0.035235 0.0350435 0.0320939 0.0373042 0.0289338 0.0291962 0.0284084 0.0314525 0.0300661 0.0242469 0.0258563 0.0295202 0.0307035 0.0278088 0.0304771 0.0273523 0.0225879 0.0217387 0.0206445 0.0194746 0.0282164 0.0259523 0.0159162 0.00538635 0.0097209 0.0122431 0.0123333 0.0197025 0.00846915 0.0074324 0.0184074 0.0238951 0.0132953 0.0133189 0.0166043 0.0122853 0.00841077 0.00184127 0.00483731 0.0099526 0.00765551 0.00427577 0.0010631 0.000359283 0 0 0 0 0 0 0 0 0 0 0 
0 0 0 0 0 0 0 0 0 6.20093e-05 0.00583348 0.0222166 0.031521 0.0281194 0.032342 0.0297099 0.0327664 0.0336037 0.0272316 0.0269567 0.0273049 0.0206706 0.0277328 0.0242923 0.0245157 0.030166 0.0279528 0.0263756 0.0275002 0.0274509 0.0203673 0.0267069 0.0255533 0.0302503 0.0290474 0.0250145 0.0167296 0.0101748 0.0144303 0.0169862 0.0185579 0.0225931 0.0116799 0.0118193 0.0189515 0.0296163 0.0134288 0.00919048 0.0157924 0.0171056 0.00884582 0.0034666 0.00733266 0.00746308 0.00733629 0.00809297 0.00626454 0.00467954 0.000737597 0.000669347 4.15271e-05 0 0 0 0 0 0 0 0 
0 0 0 0 0 0 0 0 0 0.00108204 0.0119762 0.022341 0.0206258 0.0217518 0.0257502 0.0289498 0.0296359 0.0316962 0.0294313 0.0207658 0.0259114 0.0267217 0.0241084 0.0228771 0.0210797 0.0261641 0.0320886 0.0368269 0.0356919 0.0401079 0.0340792 0.0293365 0.0310375 0.0265705 0.0149198 0.0209664 0.0182592 0.0113608 0.0125735 0.0166802 0.0156782 0.0213712 0.0152463 0.00859957 0.0140673 0.0168232 0.00957839 0.00808545 0.011847 0.00959027 0.00400733 0.0032924 0.00507281 0.00429162 0.00292401 0.00629483 0.00993681 0.0135981 0.00784371 0.00465278 0.000861034 2.56792e-05 0 0 0 0 0 0 0 
0 0 0 0 0 0 0 0 0 0.00122006 0.012712 0.0250209 0.0207405 0.0235265 0.0303999 0.0390748 0.0295247 0.0317768 0.0306174 0.024246 0.0259978 0.0273938 0.0322326 0.032113 0.0235775 0.0267881 0.0356335 0.0448553 0.0480085 0.0356506 0.0331244 0.0272417 0.018809 0.0196339 0.0123079 0.0237315 0.0222856 0.0117336 0.0139628 0.0135383 0.0195664 0.0247079 0.0238483 0.0128036 0.013642 0.0207002 0.0220326 0.013304 0.0126174 0.0141448 0.00687591 0.00484535 0.00482438 0.00641022 0.00731476 0.00625986 0.00604037 0.00880294 0.0156025 0.00950088 0.00298926 0.000505909 0 0 0 0 0 0 0 
0 0 0 0 0 0 0 0.000785264 0.00201657 0.00534904 0.0182069 0.0325966 0.0325851 0.0255105 0.0392487 0.0417378 0.031695 0.0267906 0.0219211 0.0260844 0.0285219 0.034896 0.0412507 0.0266407 0.0247124 0.0225568 0.0221761 0.0215789 0.0283558 0.025068 0.024218 0.020455 0.0142808 0.0187945 0.0183469 0.0281774 0.0256404 0.0147015 0.0104734 0.0124531 0.0199647 0.024518 0.0201455 0.0192438 0.0281861 0.0327132 0.0296835 0.0183394 0.0161506 0.014898 0.00557809 0.00590026 0.024625 0.0488086 0.0260126 0.0135225 0.00823188 0.00756245 0.00900332 0.0074138 0.00453506 0.00476554 0.00099597 0 0 0 0 0 0 
0 0 0 0 0 0 0.000590072 0.00706283 0.0106734 0.0195029 0.0201164 0.0233175 0.0259226 0.0260215 0.0284996 0.0346928 0.0346581 0.0311888 0.0250747 0.0289435 0.033536 0.0291921 0.0380743 0.0291402 0.0267969 0.0238029 0.0209878 0.0181276 0.0188608 0.0212852 0.0210054 0.0250236 0.0252088 0.021439 0.0226866 0.0298903 0.0301335 0.0260753 0.0159103 0.0137117 0.0178265 0.0189205 0.0174171 0.0195845 0.0278351 0.039077 0.0335141 0.0291379 0.0194019 0.00815319 0.00343738 0.00360186 0.0636596 0.123592 0.0409111 0.0123635 0.00606953 0.00980026 0.0148542 0.0133796 0.0134976 0.0146398 0.00862884 0.000783715 1.56082e-09 0 0 0 0 
0 0 0 0 0 7.3423e-05 0.00655768 0.0160922 0.0291125 0.0286997 0.0222957 0.0258039 0.0282068 0.0337091 0.0237282 0.0234252 0.0273394 0.0326896 0.0291461 0.0328254 0.0322209 0.0254856 0.0239168 0.0219123 0.027936 0.0316133 0.0303369 0.0211826 0.0209173 0.0197118 0.0229615 0.0237881 0.0175963 0.0190505 0.0271345 0.0336872 0.0327976 0.0330231 0.0277585 0.0151458 0.0118174 0.0116412 0.0112086 0.0184908 0.0297226 0.0261629 0.0294297 0.0294086 0.0255132 0.0104243 0.00725648 0.00169437 0.0194597 0.0465871 0.0275109 0.0110258 0.00758303 0.0164225 0.0233536 0.0214121 0.0211605 0.0234427 0.0220672 0.00488973 9.85003e-07 0 0 0 0 
0 0 0 0 0 0.00464793 0.0188697 0.0275855 0.021833 0.0283183 0.0289515 0.0340647 0.0266848 0.0308946 0.0265777 0.0243786 0.0188627 0.0231299 0.0303524 0.0323237 0.0333596 0.0248416 0.0276119 0.0221786 0.0226473 0.0224171 0.0256069 0.0157372 0.018801 0.0230508 0.0259081 0.0231065 0.0232232 0.0215046 0.0238678 0.0266589 0.0336326 0.0331484 0.0344722 0.0252645 0.0174566 0.0127276 0.0152134 0.0177235 0.0226053 0.0259518 0.0333465 0.0295927 0.020746 0.0125202 0.00896968 0.00243093 0.00459986 0.00939933 0.0112454 0.011405 0.00999612 0.0203339 0.0193439 0.0238876 0.0234525 0.0249386 0.0227727 0.00760305 0.000975769 0 0 0 0 
0 0 0 0 0 0.00472347 0.015811 0.017936 0.0145284 0.0219232 0.0301607 0.0265668 0.0314478 0.0379005 0.0309095 0.0307912 0.0267479 0.0248434 0.0280434 0.0366035 0.0407507 0.02595 0.0249384 0.024894 0.021857 0.0179621 0.0213206 0.018529 0.0236596 0.0255785 0.03049 0.0325157 0.0246748 0.0180385 0.0155214 0.0154683 0.0280492 0.0274144 0.0261485 0.0278632 0.0227401 0.0146288 0.0159323 0.0169886 0.022149 0.023919 0.0362549 0.039876 0.0307183 0.017113 0.0104377 0.00546274 0.00738434 0.00918799 0.012863 0.01146 0.0120825 0.0210478 0.029442 0.035242 0.0371452 0.0229605 0.0186093 0.0134995 0.0041149 2.1035e-05 0 0 0 
0 0 0 0 1.85899e-05 0.00205992 0.00649572 0.0133698 0.0191147 0.0264716 0.0233965 0.0312489 0.0351735 0.0343452 0.0248562 0.0243099 0.028295 0.0267944 0.0251316 0.0353548 0.0362247 0.0349755 0.032592 0.0305547 0.0254235 0.0225051 0.0297389 0.0223811 0.0233713 0.0221653 0.0249632 0.0354194 0.0268883 0.0165776 0.0181403 0.018293 0.0196627 0.0356898 0.0313692 0.0229959 0.0191098 0.0118107 0.0164467 0.0209962 0.0181744 0.0234084 0.023726 0.0318545 0.0333763 0.0165672 0.012956 0.00937034 0.00915618 0.0136469 0.0145355 0.0133578 0.0140736 0.0192381 0.0321123 0.0367134 0.0257653 0.0207127 0.0135696 0.0127361 0.00514157 0.00016396 0 0 0 
0 0 0 0.000335877 0.00213671 0.00286749 0.00585674 0.016861 0.0276526 0.0254432 0.0223082 0.0343613 0.0333962 0.0276009 0.0298594 0.0254658 0.023208 0.0252547 0.0302725 0.0319417 0.0324446 0.0355272 0.031337 0.0279734 0.0256402 0.0210812 0.0216114 0.0177601 0.0163141 0.0185411 0.0223353 0.0246308 0.0267265 0.0197119 0.0201982 0.0245757 0.0273323 0.0284847 0.0290607 0.0231967 0.0195447 0.0211827 0.0242399 0.0162654 0.0169118 0.0217484 0.0239031 0.0245858 0.0278587 0.019744 0.0131837 0.0084357 0.00891126 0.012856 0.0173683 0.0194049 0.0143149 0.0102498 0.0169335 0.0228469 0.0218308 0.0159746 0.0196161 0.0179217 0.00669053 0.00114828 0 0 0 
0 0 0 0.00185643 0.0076025 0.00822897 0.00625273 0.013904 0.0239447 0.0267193 0.0297214 0.0331104 0.0332411 0.0278733 0.0256106 0.024876 0.0274144 0.0238198 0.0245533 0.0264487 0.0197994 0.0332837 0.0328316 0.0272049 0.0243632 0.0162466 0.0151964 0.0143894 0.0155165 0.0171803 0.0222225 0.0184159 0.0265605 0.0233721 0.0203974 0.029448 0.0295951 0.025401 0.0263904 0.0295454 0.0280219 0.0314075 0.0354875 0.0233935 0.0151294 0.0211615 0.0203958 0.0188146 0.0197671 0.0199648 0.0112075 0.00816355 0.0108486 0.0129834 0.0209114 0.0312777 0.0203163 0.0188752 0.0155126 0.0174662 0.0188039 0.0189611 0.0244072 0.0231949 0.00951826 0.00397572 0.000401608 0 0 
0 0 0 0.00131143 0.00548593 0.0117152 0.00736459 0.0069343 0.0215335 0.0313371 0.0364866 0.0311356 0.026163 0.0225597 0.0280658 0.0232938 0.025952 0.0323914 0.029778 0.0232804 0.0215328 0.0242169 0.025387 0.0280686 0.0294563 0.0221196 0.0171276 0.0196139 0.0199294 0.0187915 0.0189582 0.0122442 0.0143801 0.0121541 0.0229345 0.0271718 0.0299481 0.0233313 0.0305427 0.0333264 0.0273963 0.0311591 0.0377866 0.0254273 0.0220092 0.017076 0.016338 0.0190513 0.0149445 0.0236399 0.0250623 0.0142761 0.0151291 0.0188871 0.0176598 0.0270062 0.0306556 0.02146 0.0201903 0.0150836 0.0202146 0.0231631 0.0212425 0.0209021 0.0141018 0.0082957 0.00146727 0 0 
0 0 0 0.000270496 0.00182983 0.00432248 0.0095547 0.0042527 0.0105252 0.0260516 0.0340838 0.032064 0.0241839 0.0251594 0.0334362 0.025104 0.0222496 0.0384827 0.0354249 0.0207499 0.0243812 0.0237127 0.027749 0.0267871 0.0271211 0.029922 0.0283231 0.0235478 0.0269305 0.0242257 0.0215411 0.0174939 0.0128531 0.0128125 0.0166849 0.0258643 0.0328057 0.0287025 0.031791 0.0267628 0.019201 0.02795 0.0470402 0.0265545 0.0227672 0.025858 0.0221424 0.0227213 0.0243436 0.0195833 0.0255925 0.0223396 0.0188544 0.0169126 0.0211303 0.029032 0.027169 0.019196 0.0167779 0.011976 0.0170891 0.0186918 0.0234285 0.0258421 0.0193436 0.0124645 0.00330217 0.000275581 0 
0 0 0 0 7.55178e-05 0.00015373 0.000945396 0.000911166 0.00566863 0.0189401 0.0264956 0.0287452 0.0312531 0.0389076 0.0317161 0.0287882 0.0238325 0.0319156 0.0303659 0.0205969 0.0196958 0.0210915 0.0271979 0.0240143 0.0303902 0.025789 0.0259969 0.0239643 0.0231854 0.0206392 0.025845 0.0203441 0.0165094 0.018209 0.0201768 0.0206885 0.0322202 0.03311 0.0342486 0.023343 0.0191516 0.0251759 0.0411162 0.0229534 0.0183273 0.0255948 0.0283311 0.0136801 0.0234296 0.0174063 0.0216923 0.0194998 0.0221256 0.0166143 0.0198064 0.0191974 0.0183269 0.0229876 0.0200408 0.01655 0.0164826 0.018605 0.0218492 0.0177552 0.0143504 0.00960018 0.00465989 0.000232157 0 
0 0 0 0 0 0 0 5.91533e-05 0.00306219 0.0134039 0.0267869 0.0261119 0.028051 0.0361823 0.0343104 0.0296746 0.0236252 0.0285757 0.0297206 0.0238765 0.0223135 0.0269881 0.0334206 0.0255881 0.0243858 0.0268962 0.0260591 0.0200596 0.0203585 0.0250948 0.0252688 0.0221067 0.0144547 0.0200307 0.0236977 0.017652 0.0185563 0.028697 0.0268468 0.0247588 0.0204702 0.0180357 0.0171555 0.0143623 0.0159745 0.0193739 0.0150415 0.0169549 0.0183661 0.0140553 0.0186221 0.0167713 0.0151055 0.0183189 0.0181062 0.0137694 0.0182634 0.0242997 0.0199637 0.016073 0.020962 0.0247447 0.0168787 0.0186213 0.0140429 0.0117764 0.00353621 0.00101071 0 
0 9.97491e-07 0.000104285 0.000155779 0.000132051 0 0 0.00026615 0.00215616 0.0096811 0.0186592 0.0291041 0.0300535 0.0338766 0.0419902 0.0315271 0.0212973 0.0168494 0.022364 0.0196693 0.0221866 0.0277466 0.0261378 0.0259365 0.0281755 0.0238391 0.0224918 0.0230587 0.0235726 0.0266647 0.0297526 0.0282998 0.0164127 0.019982 0.0181191 0.0170831 0.0233687 0.0190247 0.0226573 0.0218942 0.0157977 0.0143275 0.0135494 0.0162419 0.0178996 0.0185936 0.0143078 0.018488 0.0201189 0.0157481 0.0133275 0.0183164 0.0208951 0.0173166 0.0148048 0.0179001 0.0185348 0.021292 0.0186842 0.0154093 0.0170743 0.0226237 0.022326 0.0374096 0.0248122 0.0141789 0.00999049 0.00388438 0.000212638 
0 6.68542e-05 0.00248862 0.00770222 0.00774144 0.0048258 0.000895244 0.000219805 0.00517882 0.00742411 0.0219214 0.0350985 0.0322774 0.0301179 0.0287003 0.0205018 0.0167702 0.0151845 0.0200263 0.0181141 0.0278932 0.0260531 0.0227856 0.0264169 0.0253294 0.019519 0.0206567 0.0220955 0.0205402 0.0306259 0.0454144 0.0250105 0.0154983 0.0159335 0.0170409 0.015785 0.0188893 0.0200332 0.0177167 0.0137539 0.0208127 0.0150729 0.0148445 0.0148736 0.018617 0.0171979 0.0151923 0.0205545 0.0216544 0.0116905 0.0113619 0.0166755 0.0175748 0.0169946 0.0136551 0.0251369 0.0300601 0.023337 0.0221433 0.0187132 0.0204432 0.0155552 0.0161499 0.0239257 0.0191493 0.020191 0.0145669 0.00661565 0.000291179 
0 4.01272e-06 0.00315998 0.0160514 0.0180669 0.0204363 0.00902688 0.000650105 0.00521583 0.00519396 0.0148144 0.0260396 0.0326373 0.0281386 0.0189709 0.0173536 0.0207332 0.0234108 0.0220043 0.0306789 0.0369878 0.02641 0.0246907 0.0201401 0.017615 0.0189247 0.0250351 0.0240408 0.0257888 0.0260082 0.0423851 0.0242455 0.0217337 0.0166342 0.0144095 0.0178039 0.0168599 0.0173471 0.0186809 0.0207206 0.0225751 0.0254713 0.0154358 0.0188335 0.0185959 0.017712 0.011685 0.0164844 0.0175781 0.0131589 0.0101907 0.0142855 0.015421 0.0139008 0.0125359 0.0264924 0.0251487 0.0261064 0.0236076 0.0166404 0.0194801 0.0182995 0.0145854 0.0176434 0.0192525 0.0260998 0.0176372 0.00336391 0.000113967 
0 0.000150978 0.00411604 0.0118908 0.0223573 0.0243913 0.012784 0.00108026 0.00168436 0.0075688 0.0142896 0.0180971 0.0250826 0.0236841 0.0175208 0.0204022 0.0224265 0.0245438 0.0226506 0.0345052 0.0365728 0.0407345 0.0310996 0.0263018 0.020734 0.0178865 0.0230267 0.0236871 0.0200714 0.012381 0.0258665 0.0218226 0.0227256 0.0201454 0.0194293 0.0129705 0.0178532 0.0187857 0.0211271 0.0207487 0.019669 0.0208443 0.0164648 0.0172407 0.0172053 0.0228267 0.0126907 0.0123417 0.0165621 0.0221654 0.0125104 0.0141015 0.0142721 0.0108299 0.00928781 0.020355 0.022763 0.0293211 0.0269002 0.0185235 0.0168263 0.017456 0.019226 0.0142614 0.0175727 0.023649 0.0175601 0.00340073 0.000454176 
0 0.00144535 0.0126168 0.0126193 0.010607 0.0237999 0.0126352 0.00412275 0.00185741 0.0042339 0.00929754 0.0138142 0.0199477 0.0223001 0.0222648 0.0249692 0.0300237 0.0252001 0.026538 0.0309491 0.0378875 0.0519544 0.0359369 0.0236369 0.0254745 0.0237135 0.0230611 0.027658 0.018067 0.017329 0.0241179 0.033337 0.0253236 0.019697 0.0256983 0.0194708 0.0210638 0.017273 0.0175899 0.0181263 0.0183639 0.0143373 0.0151251 0.0155147 0.0220819 0.0222798 0.0204051 0.0240948 0.0189792 0.028565 0.0219568 0.0119594 0.0177909 0.0124286 0.0104054 0.0156746 0.0143874 0.0186989 0.028784 0.0285826 0.0256394 0.0155083 0.0147942 0.0171425 0.0307182 0.0213783 0.0134657 0.00939115 0.000798844 
0 0.0031238 0.0176841 0.0185041 0.0120133 0.0293855 0.0212727 0.0101036 0.00936205 0.010495 0.0185965 0.0209463 0.0265862 0.0273312 0.0314947 0.0268976 0.0313669 0.0336468 0.030194 0.0273396 0.0265845 0.0339066 0.0268844 0.0263214 0.029647 0.0257824 0.0217324 0.0279332 0.0258017 0.0235853 0.026325 0.0288338 0.022892 0.0170076 0.0427815 0.0457118 0.0183338 0.0198861 0.0202919 0.0203586 0.0190367 0.013275 0.0165832 0.0209865 0.0249433 0.0301754 0.0254213 0.0151197 0.0183654 0.02301 0.0130442 0.0137651 0.0216106 0.0196987 0.018724 0.0176639 0.020544 0.0188475 0.0285454 0.0353629 0.0317152 0.0181223 0.0122929 0.0242092 0.0619966 0.0454302 0.0163824 0.00967856 0.000885852 
0 0.00541666 0.0223594 0.0213684 0.0184269 0.025078 0.0232937 0.0166578 0.0148084 0.0202429 0.0275467 0.0277137 0.0258421 0.0359426 0.0303783 0.0247422 0.02447 0.0280591 0.0216029 0.02488 0.0269063 0.0194427 0.0234858 0.0282811 0.0265447 0.0221457 0.0229097 0.0188596 0.0258475 0.0300951 0.0322891 0.0239532 0.0311638 0.0408726 0.0523718 0.0674371 0.0230433 0.0262997 0.0222569 0.0215859 0.0188292 0.0195545 0.0157951 0.0189833 0.0257382 0.025504 0.0224126 0.0205779 0.0179075 0.0195591 0.0228013 0.02073 0.0179909 0.0170362 0.0201594 0.0164443 0.0181783 0.0222879 0.024055 0.0289899 0.0236683 0.0209397 0.0155976 0.0194915 0.0273178 0.0184524 0.0181164 0.00760205 0.000584754 
6.12484e-05 0.00595962 0.016129 0.022953 0.0248862 0.0257692 0.0228705 0.0211113 0.0267273 0.0238604 0.0268364 0.0313033 0.0282336 0.0360351 0.0257332 0.0192874 0.0171815 0.0210204 0.0178646 0.0230756 0.0221272 0.0221573 0.0225022 0.0265979 0.0240233 0.0276852 0.0310813 0.0228439 0.0241948 0.0233467 0.0290936 0.0320921 0.0286624 0.0272381 0.022487 0.0461319 0.0345847 0.0197754 0.0242693 0.0233873 0.0149057 0.0174377 0.016076 0.0185012 0.0245974 0.0249578 0.0209533 0.0207346 0.0151985 0.0146371 0.0211709 0.029921 0.0228412 0.0170767 0.0190649 0.016989 0.0208342 0.0229946 0.0200221 0.0239758 0.0234882 0.0234518 0.0188823 0.0243748 0.0161559 0.0132063 0.0136674 0.00969179 0.000528704 
5.05631e-05 0.00485665 0.018192 0.0283475 0.0211948 0.0267152 0.0303763 0.0352558 0.0365883 0.0314514 0.0282716 0.0274478 0.0258669 0.0290373 0.0213876 0.0259967 0.0261786 0.0221959 0.0220795 0.0225806 0.0262085 0.0289672 0.030874 0.0398493 0.0345635 0.0349189 0.0332747 0.0218878 0.0171576 0.0158361 0.0165194 0.0228253 0.0279889 0.033056 0.0250377 0.0318153 0.0644852 0.0224762 0.0177436 0.0176748 0.0158339 0.0178437 0.0202389 0.0200126 0.0187957 0.0217273 0.0174756 0.0207631 0.0158371 0.0207072 0.0341505 0.038591 0.0166697 0.0172359 0.0183549 0.0171135 0.0249055 0.0287887 0.0202379 0.017367 0.0149523 0.0251287 0.0235371 0.0138744 0.0105856 0.0104061 0.00734443 0.00536395 0.0019375 
0.00017531 0.00537461 0.0195007 0.0278058 0.0312978 0.02438 0.0301653 0.0601748 0.0714753 0.0376859 0.0238781 0.0200727 0.015945 0.0153059 0.0242619 0.0294229 0.0296225 0.0255175 0.0184515 0.0188609 0.027998 0.0275522 0.0366881 0.0388242 0.0367729 0.0331573 0.0302359 0.0200058 0.0167597 0.0165773 0.0165491 0.0299539 0.0335281 0.0251725 0.0238424 0.0245664 0.0838674 0.0476109 0.0232353 0.0167295 0.0150234 0.0194175 0.0206306 0.018126 0.0147562 0.0143556 0.0215204 0.0208252 0.0200247 0.0205395 0.0234657 0.0200272 0.022882 0.021343 0.0204663 0.0193818 0.0183301 0.0230651 0.0237196 0.0211198 0.0151577 0.02284 0.0250137 0.00961741 0.0094363 0.00910392 0.0127527 0.0172848 0.00630166 
0.00046454 0.00846122 0.0213419 0.0277485 0.030934 0.0282693 0.03249 0.0472732 0.0500751 0.0341759 0.0209864 0.0154064 0.0148408 0.0197331 0.0253703 0.0287135 0.0307583 0.025677 0.0252452 0.0229128 0.0286196 0.0291032 0.0342004 0.0264614 0.0313837 0.0303168 0.0277047 0.0243062 0.0226009 0.0229903 0.0290752 0.0294447 0.0285711 0.0253608 0.0246134 0.0179625 0.0635373 0.0606404 0.0782568 0.0264543 0.0167557 0.0200504 0.0209204 0.0224305 0.0236724 0.0186231 0.0179353 0.0154801 0.0181164 0.0175202 0.0149499 0.017388 0.0241381 0.0211367 0.0208781 0.0319564 0.0234377 0.0195365 0.0175383 0.0167482 0.0220192 0.0224348 0.0221687 0.0093965 0.00724323 0.0103941 0.0183783 0.0165119 0.00455747 
0.000562997 0.0114551 0.0254911 0.0261935 0.0343532 0.0323205 0.030791 0.0325905 0.0272729 0.0265167 0.023372 0.0186416 0.0196224 0.0223396 0.0239738 0.017648 0.0182683 0.0223358 0.0205698 0.0208903 0.0250212 0.0181222 0.01842 0.0270534 0.0296423 0.0210531 0.0235713 0.0231622 0.0242547 0.0262732 0.03167 0.0298954 0.0293334 0.0291839 0.022817 0.0356586 0.057212 0.084058 0.0794885 0.0195933 0.0150551 0.0166177 0.0233149 0.0166134 0.0232729 0.0179372 0.0153321 0.0124444 0.0124123 0.0121687 0.0116331 0.0123407 0.0191102 0.0252034 0.0215579 0.0243718 0.0197317 0.0192882 0.014039 0.0147828 0.0211668 0.0202203 0.0184383 0.0157949 0.0139853 0.0107239 0.0136023 0.00794743 0.00120588 
0.000972503 0.0168059 0.0278627 0.0305486 0.0376022 0.0398697 0.0305051 0.0260444 0.0154376 0.0185062 0.0239014 0.020929 0.0178796 0.0221533 0.0249609 0.0197764 0.0194882 0.017269 0.0172662 0.0215377 0.023648 0.0171003 0.0146517 0.0191342 0.017912 0.0145386 0.0256662 0.0246544 0.0182595 0.0242212 0.0231026 0.0239968 0.0237306 0.0272076 0.0496647 0.099201 0.059492 0.0356003 0.0200643 0.0183613 0.017669 0.0137667 0.0253959 0.019565 0.0216271 0.0233036 0.0162717 0.013386 0.00976096 0.011946 0.0101746 0.00843239 0.0149207 0.0170547 0.0158407 0.0175577 0.020373 0.0248341 0.0188439 0.013842 0.0141993 0.0118745 0.00951407 0.0180521 0.0226825 0.0188484 0.0133591 0.0091703 0.00275756 
0.000435748 0.0136933 0.0288954 0.0294642 0.0434859 0.0361738 0.0351533 0.0318121 0.0129029 0.0119525 0.0149949 0.01871 0.016288 0.0191907 0.0222777 0.0244262 0.0215167 0.0190294 0.0191968 0.0286184 0.026062 0.0230704 0.02157 0.0273505 0.0160384 0.0207689 0.0220701 0.0254263 0.025708 0.0271673 0.0273399 0.0297138 0.0225839 0.0238759 0.0701631 0.0696644 0.0336462 0.0285625 0.0230813 0.0186855 0.0163298 0.0137883 0.0228305 0.0179199 0.020381 0.0309626 0.0161153 0.00782593 0.0079053 0.00982351 0.00962568 0.00903484 0.0142756 0.0224154 0.020654 0.0170665 0.0210061 0.0268052 0.0229558 0.0163509 0.0164671 0.013558 0.0124809 0.0183672 0.0276534 0.0216256 0.0161047 0.0134017 0.0030237 
6.66563e-05 0.0115303 0.028825 0.0299196 0.0348727 0.0294291 0.0335571 0.0269063 0.0104944 0.00999882 0.0117367 0.0214388 0.0192283 0.0207575 0.0215141 0.0149329 0.0171609 0.0140749 0.014812 0.0258464 0.028884 0.0236566 0.0271809 0.0232212 0.0198117 0.0216787 0.0207592 0.0250566 0.0268823 0.025291 0.0248235 0.0223265 0.0196851 0.0206748 0.0453493 0.0533986 0.0307994 0.0243093 0.0193706 0.0202676 0.0193048 0.0170371 0.017586 0.0206093 0.0312288 0.0298877 0.0148467 0.00828079 0.00963675 0.0115723 0.0154019 0.0108293 0.0147442 0.0170471 0.0156296 0.0150636 0.0174688 0.0217655 0.020818 0.0167572 0.0171306 0.0229364 0.0219353 0.0181388 0.0159031 0.0118827 0.00852999 0.0128726 0.00389373 
0 0.00613591 0.0210542 0.0285417 0.0374727 0.0317447 0.020646 0.0207875 0.00917984 0.0125248 0.0166065 0.0155555 0.0227265 0.0262866 0.0209461 0.0171376 0.021143 0.0173315 0.0167621 0.0267615 0.0286356 0.0199097 0.0242124 0.0263297 0.015012 0.0191305 0.0211723 0.0233136 0.0210044 0.0213563 0.0183948 0.0208943 0.0219725 0.0224672 0.0277993 0.0391139 0.0241779 0.0150692 0.0161048 0.0189994 0.0164334 0.0125874 0.0145924 0.0184376 0.0212564 0.015247 0.00915207 0.0088999 0.0129531 0.0147154 0.015076 0.0158031 0.0126921 0.0154686 0.0158165 0.0239531 0.01857 0.0156403 0.0158223 0.015186 0.0184568 0.0231966 0.0209682 0.0209716 0.0188609 0.0132855 0.00856562 0.0121554 0.00198429 
0 0.00530795 0.0266915 0.0278728 0.0262263 0.023937 0.0238155 0.0188885 0.0112015 0.0104731 0.0121449 0.0162603 0.0181254 0.0242642 0.0172958 0.0123659 0.0236094 0.0269657 0.023685 0.022833 0.0198649 0.0212159 0.0271207 0.0255446 0.0246637 0.0227316 0.0269192 0.0384623 0.0254062 0.0191342 0.0161476 0.0234129 0.0213065 0.0197283 0.03166 0.0311876 0.0190041 0.00796701 0.0172888 0.0159457 0.0127666 0.0156812 0.0165183 0.0119155 0.0151283 0.014394 0.0150183 0.00937309 0.0138191 0.0203412 0.0204967 0.0208899 0.0181386 0.0149765 0.0155994 0.0160081 0.0143702 0.013672 0.0122109 0.0141427 0.0188723 0.0190133 0.0320172 0.0376845 0.0208266 0.0142912 0.0103223 0.00691494 0.000737819 
0 0.0027986 0.0180697 0.0260435 0.027715 0.0237526 0.0184483 0.0210771 0.0279986 0.0176569 0.012265 0.0112567 0.0208502 0.0216144 0.0211779 0.0155569 0.0310102 0.0410112 0.0274957 0.0165668 0.0167722 0.0190064 0.0247135 0.0222878 0.0215645 0.0502471 0.0411946 0.0344928 0.0246228 0.0199463 0.0184142 0.0157164 0.0149845 0.021279 0.0339968 0.028412 0.0300572 0.018476 0.0156115 0.0134375 0.0221162 0.0248807 0.0281405 0.0194009 0.019343 0.0148296 0.0127241 0.00982787 0.014548 0.0225651 0.0150545 0.0194915 0.0167578 0.010844 0.0136035 0.0124877 0.0161812 0.0252231 0.0223987 0.0265068 0.0311042 0.0166507 0.0281774 0.0293888 0.0168078 0.0124617 0.008596 0.00487929 0.000605529 
0 0.000257025 0.00918252 0.0229531 0.0314048 0.0265087 0.0159832 0.0205193 0.0337387 0.0165497 0.00743765 0.00535324 0.0145517 0.0150922 0.0142966 0.0168804 0.0280833 0.0398039 0.0424017 0.0263419 0.018396 0.0191554 0.0186156 0.017218 0.017653 0.0531326 0.046564 0.0322736 0.0232902 0.0215844 0.0184031 0.018095 0.0189743 0.0231107 0.0316086 0.0520607 0.0463075 0.02286 0.0153525 0.0155504 0.0159879 0.0285595 0.0439253 0.0309801 0.0216171 0.0192583 0.0115005 0.00991325 0.0188502 0.0161589 0.0113358 0.0119855 0.011494 0.0141024 0.0117385 0.0135264 0.0209862 0.0235866 0.0190265 0.0211192 0.0262338 0.018386 0.0179478 0.0145589 0.0130467 0.0112551 0.00663674 0.00206846 5.78062e-05 
0 1.65038e-07 0.00421282 0.0220156 0.0397284 0.0477136 0.0298223 0.0182924 0.0227631 0.0140176 0.00573575 0.00663601 0.014162 0.0136361 0.0123257 0.0175142 0.0210721 0.0300709 0.034616 0.0214991 0.0177247 0.0159737 0.0145401 0.0197509 0.0176319 0.0442363 0.0293136 0.0218129 0.018832 0.0168236 0.0326655 0.0407614 0.0313181 0.0324875 0.0315014 0.041552 0.0328126 0.0194995 0.0179551 0.0208875 0.0174657 0.0236826 0.0237631 0.0231823 0.016226 0.0191497 0.0154842 0.0155114 0.0127867 0.0116472 0.00884385 0.0113969 0.020842 0.0168698 0.0159195 0.0172121 0.0218379 0.0178334 0.0145875 0.0145011 0.014727 0.0145233 0.0172238 0.016084 0.0152923 0.0071944 0.00276966 0.00219831 0 
0 0 0.000754671 0.0142069 0.0378094 0.0483888 0.0410772 0.0214604 0.0128829 0.0112746 0.00790516 0.0164723 0.0204878 0.0201128 0.0141606 0.0170809 0.0166244 0.0198892 0.0194793 0.0232074 0.0203901 0.0209129 0.0196934 0.0181442 0.0171154 0.0338371 0.0227896 0.0168235 0.0152867 0.0187331 0.0243765 0.0546503 0.0671646 0.049202 0.0277299 0.0346891 0.0347751 0.0167457 0.0218624 0.022749 0.01786 0.013375 0.0150214 0.015794 0.013588 0.0168578 0.0160274 0.0153052 0.0134546 0.0158922 0.0126031 0.0099343 0.0187726 0.0165425 0.0113616 0.0174668 0.014854 0.0160744 0.014611 0.010326 0.0137808 0.0156027 0.0211073 0.0160871 0.0128208 0.00739355 0.00305698 0.000530398 0 
0 0 0 0.00376642 0.0173738 0.0302726 0.0321378 0.0215836 0.014206 0.0168157 0.017932 0.0166877 0.0230416 0.0242908 0.0200361 0.0176352 0.0132033 0.0113241 0.0129227 0.0190686 0.0225225 0.0218329 0.0188571 0.0161597 0.0224635 0.0221867 0.0253049 0.0173417 0.0183365 0.0227618 0.0284284 0.0327462 0.0349481 0.0346077 0.0286455 0.0262466 0.0242838 0.0180683 0.021066 0.0184389 0.013479 0.00971586 0.0184507 0.0134636 0.00917369 0.0114826 0.01643 0.017996 0.0105168 0.00915218 0.0135691 0.012137 0.0182775 0.0138541 0.0169143 0.0172748 0.0155844 0.0180859 0.0144402 0.0139329 0.0198487 0.0135711 0.012077 0.0071355 0.00360625 0.00177962 0.00129316 0 0 
0 0 0 0.000286165 0.00429562 0.0102815 0.0177385 0.0199949 0.0107577 0.0181675 0.0392887 0.0316085 0.0237268 0.0211616 0.0166765 0.0175158 0.0133404 0.0154888 0.0162841 0.0142743 0.0176906 0.0209354 0.0180715 0.0222067 0.0243253 0.023205 0.0200952 0.0187217 0.0220084 0.0258093 0.0229778 0.0241185 0.020696 0.0167419 0.0165405 0.0201688 0.0192353 0.0288541 0.0193796 0.0116375 0.0121031 0.0141656 0.0196613 0.011481 0.00611726 0.00952917 0.0203731 0.0162871 0.0100781 0.00667684 0.00563276 0.00901677 0.0148314 0.0134834 0.0214864 0.0260752 0.0187033 0.0164569 0.0206062 0.0154822 0.0188806 0.0106138 0.00563942 0.00164486 0.000741947 0.000626405 1.51177e-05 0 0 
0 0 0 0 0.000464677 0.0108498 0.0124415 0.0168093 0.0118023 0.0216346 0.0604373 0.044019 0.0229383 0.0145192 0.0138662 0.0165409 0.01723 0.0136364 0.0166667 0.0165964 0.0215206 0.0159697 0.0218753 0.0219313 0.0272364 0.0182852 0.0188566 0.0248709 0.0306164 0.0263393 0.025205 0.0221769 0.0224148 0.016625 0.0129261 0.0167166 0.020934 0.0365946 0.0182269 0.00751194 0.0126 0.00862636 0.01044 0.00690068 0.00878543 0.0109661 0.0142189 0.0136973 0.0088527 0.00372995 0.00527107 0.0176005 0.0118975 0.0096077 0.0172103 0.0221239 0.0199544 0.023001 0.0214208 0.0212732 0.0153435 0.00700057 0.00140362 0.000101641 0 0 0 0 0 
0 0 0 0 0.000894017 0.01123 0.0127749 0.0135015 0.0115518 0.0223101 0.0527243 0.0425523 0.0192568 0.0155089 0.0237405 0.0178919 0.0187125 0.017528 0.017701 0.0217625 0.0224579 0.0214556 0.0225696 0.0188613 0.021563 0.0158864 0.0168789 0.0208863 0.0231047 0.0233416 0.0244991 0.0207198 0.0217897 0.0188408 0.0186854 0.0196559 0.0257596 0.0296384 0.0131833 0.00448827 0.0055138 0.00562482 0.00779868 0.00749495 0.00859692 0.0117283 0.0135834 0.0145894 0.00901302 0.00496468 0.00584485 0.0095052 0.00934716 0.00773189 0.0151918 0.0180122 0.0187562 0.0170857 0.0182531 0.0212178 0.00781715 0.00174728 0.000325724 0.000570906 1.39303e-05 0 0 0 0 
0 0 0 0 9.68692e-05 0.00605669 0.0181846 0.0192002 0.0201308 0.0201583 0.0239144 0.018358 0.0149755 0.0126321 0.019597 0.0185539 0.0218028 0.0273195 0.0312146 0.0294303 0.0234613 0.0236057 0.0169299 0.014313 0.0211329 0.0208727 0.0226877 0.0232595 0.0197961 0.0202239 0.0252734 0.0262061 0.0241525 0.0183146 0.0163559 0.0161232 0.016941 0.016087 0.012117 0.00333385 0.00835937 0.00592007 0.00499756 0.00700981 0.0103427 0.0116676 0.0128352 0.00942929 0.00823424 0.0064006 0.0147028 0.0114826 0.0152938 0.0124182 0.0145185 0.0156633 0.0160034 0.0142774 0.0146997 0.0192979 0.00684071 0.00253293 0.000874667 0.00493409 0.000726375 0 0 0 0 
0 0 0 0 0 0.00100235 0.0139568 0.0129697 0.0182291 0.0199838 0.01897 0.0212359 0.0183405 0.0164758 0.0238219 0.0187737 0.0221069 0.0253465 0.0290201 0.0210503 0.0229249 0.0168303 0.0155745 0.0122261 0.0214209 0.0261066 0.0261046 0.0313788 0.0300003 0.0190239 0.0299794 0.0243529 0.0217557 0.0168282 0.00863467 0.00709419 0.00811479 0.00978631 0.0110956 0.00737942 0.0152366 0.00971744 0.00581886 0.00664082 0.00739003 0.00922227 0.00929362 0.00837687 0.0121831 0.026849 0.05918 0.0352206 0.00885295 0.0083436 0.0138266 0.014748 0.0134177 0.0159854 0.0141694 0.0162988 0.0062222 0.00478776 0.00367455 0.00664579 0.000457096 0 0 0 0 
0 0 0 0 0 0.000164394 0.00489829 0.011435 0.0147415 0.0123762 0.0126975 0.015186 0.0167332 0.0212423 0.0287022 0.0217146 0.0231284 0.0262726 0.0231442 0.0192046 0.0238753 0.0147044 0.0204086 0.0174884 0.0195303 0.0210935 0.0304979 0.0294992 0.0229287 0.0177278 0.0295099 0.024849 0.0152257 0.0118786 0.0107434 0.00948319 0.00767473 0.00857893 0.00910384 0.00733652 0.0067583 0.0103557 0.0071617 0.0104151 0.00761971 0.0130296 0.0100994 0.00944109 0.0162677 0.0343859 0.0725179 0.0265953 0.00345274 0.00644631 0.0130849 0.0181638 0.0170232 0.0182707 0.0159693 0.012668 0.00896192 0.00443471 0.00496971 0.00166811 1.49255e-05 0 0 0 0 
0 0 0 0 0 0 0.000319279 0.002403 0.00299794 0.00200543 0.00523516 0.00557689 0.0152376 0.0181856 0.0212535 0.0197786 0.0183876 0.0189298 0.0183754 0.0206648 0.0288371 0.0231945 0.0196243 0.0164744 0.0300042 0.0332949 0.026549 0.0235725 0.0225501 0.0236189 0.027155 0.0280184 0.0160686 0.0129085 0.0140097 0.0163225 0.0134387 0.0108254 0.0115002 0.0100432 0.0060334 0.00772277 0.0101249 0.0100843 0.00896216 0.0120272 0.00967825 0.0108361 0.0234371 0.0141039 0.0107267 0.00335994 0.00143023 0.0059114 0.00918123 0.0163607 0.0113889 0.0127985 0.012739 0.0133245 0.0107666 0.00313727 0.00211694 0.000127496 0 0 0 0 0 
0 0 0 0 0 0 0 0 0 8.87218e-06 0.0015859 0.00614413 0.0152553 0.0234701 0.0247559 0.0214225 0.0186398 0.024549 0.0263925 0.034177 0.0249595 0.0209908 0.0199953 0.0212883 0.029197 0.0239334 0.0199538 0.0262961 0.0295151 0.0235922 0.0306937 0.0444373 0.0249148 0.0172423 0.0122811 0.0191138 0.0219085 0.0133352 0.0116379 0.00985465 0.00733933 0.00632777 0.00803815 0.0114745 0.00719215 0.00669872 0.0110612 0.0108886 0.0106921 0.00683868 0.00178335 0.000463649 0.00121024 0.00101599 0.00330814 0.00797603 0.00939002 0.00587744 0.00644369 0.00407457 0.00251086 0.000346288 0.000459553 0 0 0 0 0 0 
0 0 0 0 0 0 0 0 0 0 0.000569836 0.00959111 0.0164855 0.0163093 0.0158044 0.0163192 0.0198069 0.0332679 0.039499 0.0330061 0.0239849 0.0194283 0.0221096 0.0219116 0.0283209 0.0234198 0.0229972 0.0298871 0.0439611 0.0275044 0.0271517 0.0300199 0.0250106 0.0211274 0.0140588 0.0173959 0.0188951 0.0127628 0.0111758 0.00673711 0.00373139 0.00832866 0.0057355 0.00423483 0.00278879 0.00526308 0.00856101 0.00955892 0.00547169 0.00456819 0.00332967 0.00287529 0.00421634 0.00186459 0.00138845 0.00731911 0.0116732 0.00965266 0.00715598 0.00449475 0.00194424 0.000471204 0 0 0 0 0 0 0 
0 0 0 0 0 0 0 0 0 0.000106048 0.0033109 0.0134788 0.0149332 0.0114197 0.00971652 0.0169906 0.016654 0.0282498 0.0316122 0.0155543 0.0138474 0.0189825 0.0234441 0.0212992 0.0228142 0.0216659 0.0210391 0.0328102 0.0514933 0.0352445 0.0229664 0.023029 0.0285671 0.0192326 0.0110552 0.0120302 0.0197223 0.0137159 0.008422 0.00356788 0.00407795 0.00706734 0.00778996 0.00756227 0.00437899 0.00448684 0.00435913 0.00682707 0.0080303 0.00871605 0.00829057 0.00437591 0.00571477 0.00653505 0.00298732 0.00444357 0.00924218 0.0120064 0.00672891 0.00370933 0.0013791 5.26106e-05 0 0 0 0 0 0 0 
0 0 0 0 0 0 0 0 0 2.47035e-05 0.00198935 0.0111958 0.0130952 0.0139537 0.0126607 0.0145451 0.0146287 0.020352 0.0164152 0.0161313 0.0139647 0.0082735 0.00663329 0.0111179 0.0101975 0.020353 0.0229661 0.033734 0.0383066 0.0251034 0.0168825 0.0169979 0.0227971 0.0224185 0.00973756 0.00729509 0.0154178 0.0193615 0.0138588 0.0107476 0.00843367 0.00763912 0.0126967 0.0121753 0.00886547 0.00867472 0.00356797 0.00436413 0.00362805 0.00644504 0.00753619 0.00441085 0.00747278 0.00790058 0.00613052 0.00563699 0.0061167 0.00930422 0.00622555 0.00174795 0.000207272 0 0 0 0 0 0 0 0 
0 0 0 0 0 0 0 0 0 0 0.000164584 0.00534379 0.00853409 0.00655784 0.02202 0.0296586 0.0233673 0.0136757 0.00908224 0.0097185 0.00674222 0.00352485 0.00297709 0.00760847 0.00937187 0.014918 0.0240796 0.0352739 0.0267261 0.0179859 0.0188114 0.0238975 0.0291922 0.0229267 0.00908868 0.00197954 0.0109572 0.0200145 0.0118172 0.0169927 0.0112272 0.00641726 0.00976389 0.0144126 0.011339 0.0127767 0.00692972 0.00620429 0.00463103 0.00658261 0.0054815 0.00458233 0.00635521 0.00739278 0.00716645 0.00675972 0.00444987 0.00493586 0.00207559 0.000274006 0 0 0 0 0 0 0 0 0 
0 0 0 0 0 0 0 0 0 0 0 0.000252539 0.00274132 0.00711292 0.0314248 0.0585247 0.0462447 0.023072 0.00825196 0.00379617 0.014898 0.0123192 0.0108449 0.0174171 0.0175319 0.0167712 0.0156341 0.0201844 0.0208743 0.0215095 0.0246664 0.0306575 0.0306772 0.0175925 0.00553988 0.00320213 0.01183 0.0154172 0.00843581 0.011513 0.0092371 0.0136983 0.0127871 0.0110596 0.0105705 0.00803955 0.00758298 0.0129114 0.0154468 0.00663669 0.00174752 0.00122783 0.00165684 0.00369796 0.00759364 0.00744432 0.00493476 0.00130361 0 0 0 0 0 0 0 0 0 0 0 
0 0 0 0 0 0 0 0 0 0 0 0 0.000146284 0.00187782 0.0167971 0.0574439 0.0522758 0.0300139 0.0146003 0.00639938 0.0307549 0.0334421 0.0198881 0.0220583 0.0269008 0.0253437 0.0225544 0.0157179 0.0175347 0.019042 0.0234053 0.0373992 0.0322713 0.0163898 0.00599362 0.00760283 0.0107485 0.0153311 0.0109344 0.0112031 0.00903717 0.0247725 0.0238381 0.020658 0.0127057 0.0113146 0.0111435 0.0256123 0.0339695 0.0139083 0.00553593 0.000543642 0.000743209 0.00170525 0.00283629 0.00169886 0.000859986 0.000124477 0 0 0 0 0 0 0 0 0 0 0 
0 0 0 0 0 0 0 0 0 0 0 0 0 0 0.000739083 0.00832921 0.0169313 0.0169791 0.00807153 0.00462117 0.0164983 0.0155974 0.0119541 0.0212967 0.0314621 0.0320923 0.0354728 0.0239141 0.0229289 0.0242106 0.0291965 0.038225 0.0380392 0.0204359 0.00839716 0.0104273 0.0116165 0.0141839 0.0114305 0.0104248 0.00766737 0.0262662 0.041367 0.0225477 0.012158 0.00967012 0.0106124 0.022428 0.0274969 0.00998594 0.00235453 0.000329012 0 0.000194361 0.000392316 9.66537e-05 0 0 0 0 0 0 0 0 0 0 0 0 0 
0 0 0 0 0 0 0 0 0 0 0 0 0 0 0 0 0.00158872 0.00723292 0.00278852 0.00223807 0.00574428 0.00964157 0.00714398 0.0132495 0.0251122 0.0265958 0.0300387 0.0300808 0.0227133 0.0244336 0.0291372 0.0282685 0.0297455 0.0237853 0.010609 0.0094681 0.0148965 0.0168196 0.00944791 0.00964337 0.00632271 0.0114307 0.0152145 0.0135352 0.0148884 0.0166512 0.0125524 0.0217048 0.0158539 0.00618245 0.000578222 9.49196e-08 0 0 0 0 0 0 0 0 0 0 0 0 0 0 0 0 0 
0 0 0 0 0 0 0 0 0 0 0 0 0 0 0 0 0 0.000226215 7.02664e-05 0.000312263 0.000760089 0.00248974 0.00286459 0.0150739 0.02196 0.0232001 0.0271599 0.0232606 0.018066 0.0257023 0.025654 0.0255798 0.0272282 0.0306447 0.0269142 0.0287536 0.0402832 0.0266197 0.0111898 0.00842638 0.00507831 0.00570096 0.0117284 0.013126 0.0141628 0.0168752 0.0159574 0.0159085 0.00714489 0.00535794 0.00249153 0 0 0 0 0 0 0 0 0 0 0 0 0 0 0 0 0 0 
0 0 0 0 0 0 0 0 0 0 0 0 0 0 0 0 0 0 0 0 0 0.000450698 0.00383129 0.0162654 0.0236182 0.0242649 0.0227931 0.0204631 0.0241021 0.0224927 0.0189408 0.0226694 0.0276216 0.03659 0.0436653 0.0424104 0.0381121 0.035986 0.0152915 0.00675149 0.00643917 0.00771114 0.00885436 0.00791032 0.0133471 0.0140969 0.0122635 0.00919147 0.00358997 0.00199778 0.00123525 0 0 0 0 0 0 0 0 0 0 0 0 0 0 0 0 0 0 
0 0 0 0 0 0 0 0 0 0 0 0 0 0 0 0 0 0 0 0 0 0.000531723 0.00259051 0.0066317 0.016559 0.0229775 0.0192859 0.0176836 0.0210403 0.0134389 0.0153572 0.0206871 0.0240561 0.02952 0.0322067 0.0238012 0.0266498 0.024453 0.0198425 0.0117644 0.0107696 0.0156242 0.00722559 0.00653788 0.00922586 0.00676238 0.00570409 0.00156419 0.00098892 9.70816e-06 4.9503e-06 0 0 0 0 0 0 0 0 0 0 0 0 0 0 0 0 0 0 
0 0 0 0 0 0 0 0 0 0 0 0 0 0 0 0 0 0 0 0 0 0 2.66291e-05 0.00167787 0.00476209 0.00698495 0.0085221 0.00933579 0.0108234 0.0101608 0.00716292 0.00806522 0.00936233 0.0124227 0.0127445 0.0105753 0.0133996 0.0125002 0.0152724 0.00729425 0.017395 0.0162856 0.0114719 0.00388824 0.0021938 0.000713397 0.00079509 2.84327e-05 0 0 0 0 0 0 0 0 0 0 0 0 0 0 0 0 0 0 0 0 0 
0 0 0 0 0 0 0 0 0 0 0 0 0 0 0 0 0 0 0 0 0 0 0 0 0 6.68078e-05 0.000255696 0.000214395 0.000726543 0.00188162 0.000666198 0.0007844 0.00136494 0.00107331 0.000674476 0.00250496 0.00522415 0.00207565 0.00216222 0.00110141 0.00467435 0.00175084 0.000606193 9.43664e-05 0 0 0 0 0 0 0 0 0 0 0 0 0 0 0 0 0 0 0 0 0 0 0 0 0 

