0 0 0 0 0 0 0 0 0 0 0 0 0 0 0 0 0 0 0 0 0 0 0 0 0 0 0 0 0 0 0 0 0 0 0 0 0 0 0 2.74892e-05 2.66319e-05 0 0 0 0 0 0 0 0 0 0 0 0 0 0 0 0 0 0 0 0 0 0 0 0 0 0 0 0 
0 0 0 0 0 0 0 0 0 0 0 0 0 0 0 0 0 0 0 0 0 0 0 0 0 0 1.1968e-05 0.00182849 0.00198741 0.000849655 0.000155623 0 0 0.000477835 0.00125392 0.00124494 0.000444265 0.00086779 0.0010726 0.00315949 0.00333589 0.000224871 0 0 0 0 0 0 0 0 0 0 0 0 0 0 0 0 0 0 0 0 0 0 0 0 0 0 0 
0 0 0 0 0 0 0 0 0 0 0 0 0 0 0 0 0 0 0 0 0 0 0 0 0 5.25582e-05 0.00038782 0.00927011 0.0151212 0.00795125 0.00248849 0.000116892 0.000454901 0.00311444 0.00370543 0.0047269 0.00205236 0.00141896 0.00227324 0.00539597 0.00943084 0.00290828 0.00157948 0.00144479 0.00295185 0.00210668 0.000527368 0 0 0 0 0 0 0 0 0 0 0 0 0 0 0 0 0 0 0 0 0 0 
0 0 0 0 0 0 0 0 0 0 0 0 0 0 0 0 0 0 0 0 6.0114e-05 0.00124504 0.00243626 0.00349626 0.00155999 0.00213121 0.00155798 0.0116918 0.0201105 0.0231764 0.0153098 0.0148841 0.00988109 0.00388227 0.00383675 0.00415271 0.00481314 0.00230301 0.00462048 0.00402899 0.00815604 0.0123926 0.00611802 0.00345564 0.00570603 0.00786876 0.00406161 0.00108855 6.03968e-05 0 0 0 0 0 0 0 0 0 0 0 0 0 0 0 0 0 0 0 0 
0 0 0 0 0 0 0 0 0 0 0 0 0 0 0 0 0 0 9.32875e-05 0.000484939 0.00273207 0.0109663 0.0146877 0.010858 0.00572125 0.010571 0.009321 0.0193071 0.0278489 0.034371 0.0398439 0.0328588 0.0310503 0.0178607 0.00885409 0.00591327 0.00387267 0.00303286 0.00234851 0.00446021 0.00844732 0.0078982 0.00955517 0.0032169 0.00450774 0.0117969 0.0133 0.00363113 0.000361842 0.000325694 7.42573e-05 9.71585e-05 0 0 0 0 0 0 0 0 0 0 0 0 0 0 0 0 0 
0 0 0 0 0 0 0 0 0 0 0 0 0 0 0 0 0 0.000121908 0.00173788 0.00575183 0.00834161 0.017965 0.0144196 0.00978731 0.0112344 0.0179972 0.0292631 0.0320815 0.0376574 0.0360459 0.0361902 0.0270161 0.0258219 0.038914 0.0199501 0.0137906 0.00903013 0.00404625 0.00391398 0.00913669 0.0142155 0.0136664 0.00916043 0.00702962 0.00877968 0.0110055 0.0165337 0.011767 0.00176659 0.00123907 0.0025928 0.002368 0.00110661 0.00013247 0 0 0 0 0 0 0 0 0 0 0 0 0 0 0 
0 0 0 0 0 0 0 0 0 0 0 0 0 0 0 0 0 0.00145063 0.00759229 0.0174248 0.0169973 0.01384 0.00832353 0.0065226 0.01413 0.0278978 0.0363021 0.0489521 0.0410808 0.0208965 0.0181535 0.0202857 0.0163147 0.027735 0.0319864 0.0176856 0.0116337 0.012822 0.0108217 0.0130289 0.0247297 0.0251654 0.013712 0.0113513 0.00809485 0.00587613 0.0138183 0.0117048 0.00248135 0.00165533 0.00651455 0.00890667 0.011902 0.00545852 2.48095e-05 0 0 0 0 0 0 0 0 0 0 0 0 0 0 
0 0 0 0 0 0 0 0 0 0 0 0 0 0 0 0 0 0.00177171 0.0116817 0.0212419 0.0243389 0.0319401 0.0299168 0.0169654 0.016016 0.0179257 0.0363541 0.025267 0.0201263 0.0178145 0.0104293 0.0181628 0.0138409 0.0225339 0.0322217 0.0208109 0.016818 0.0256868 0.0207439 0.0216872 0.0237973 0.0289784 0.0306828 0.0249326 0.0173387 0.00924835 0.00925871 0.00851631 0.00409707 0.00428443 0.0133537 0.0122902 0.0120112 0.00805507 0.000810939 4.3327e-08 0 0 0 0 0 0 0 0 0 0 0 0 0 
0 0 0 0 0 0 0 0 0 0 0 0 0 0 0 0.000619307 0.00163762 0.00655676 0.0177159 0.0176919 0.0377298 0.0582544 0.0528469 0.0301597 0.019747 0.0151673 0.014002 0.0135641 0.0162052 0.01603 0.0151756 0.0224425 0.0170224 0.0185996 0.0238761 0.0219116 0.0233535 0.0276633 0.0279444 0.0286256 0.0296018 0.0334425 0.0365604 0.0253969 0.0212996 0.0148315 0.00957416 0.0116764 0.00922833 0.0130839 0.0219532 0.0128763 0.0128462 0.00648527 0.00237346 1.90646e-05 0 0 0 0 0 0 0 0 0 0 0 0 0 
0 0 0 0 0 0 0 0 0 0 0 0.000114116 0.000799992 0.000425958 0.00331686 0.0094714 0.0174435 0.0150604 0.0217238 0.0234887 0.0286962 0.0424039 0.0415599 0.0216296 0.0192406 0.0198689 0.0224821 0.0112977 0.00881985 0.0117115 0.0241883 0.0371015 0.0225675 0.0168709 0.024984 0.0376132 0.0592068 0.0201928 0.0236193 0.0263651 0.0277262 0.0228733 0.0201323 0.0205694 0.0252437 0.0154362 0.0139943 0.0183002 0.0145855 0.0177231 0.0234753 0.0189555 0.0195122 0.0149083 0.00367544 0.000703037 0.00198662 0.000677408 0 0 0 0 0 0 0 0 0 0 0 
0 0 0 0 0 0 0 0 0 0 3.8368e-05 0.00189984 0.00971425 0.00913844 0.0122373 0.0159309 0.0278276 0.0234334 0.0172167 0.0168938 0.0252203 0.024727 0.0291663 0.0170362 0.0178816 0.0298179 0.0237116 0.0154294 0.0108402 0.0208653 0.0244512 0.0235696 0.0217079 0.0191797 0.0219859 0.0459264 0.0585741 0.0366474 0.0302967 0.0314773 0.0267185 0.0284356 0.0218449 0.0205597 0.0232569 0.0166509 0.0171847 0.0148252 0.017646 0.018377 0.0319608 0.0287619 0.0235461 0.0225354 0.00868592 0.00559153 0.0101199 0.00616862 0.00224612 0.00028398 0 0 0 0 0 0 0 0 0 
0 0 0 0 0 0 0 0 0 0.000257504 0.00574055 0.00741381 0.0137776 0.013995 0.0168157 0.0172275 0.0228269 0.0226139 0.0219478 0.0159664 0.0119359 0.0182696 0.0222371 0.0216335 0.022289 0.0273026 0.0352031 0.0193141 0.0185256 0.021853 0.0211357 0.0218445 0.0175613 0.0196814 0.0224313 0.0276591 0.0310403 0.0397304 0.0426054 0.0296053 0.0288472 0.0240809 0.0217548 0.0237674 0.0126533 0.0137671 0.0151199 0.0192811 0.0189185 0.0256718 0.0476776 0.0400497 0.0233997 0.0157749 0.00965955 0.0100561 0.0120654 0.0192734 0.0142893 0.00567907 8.44229e-05 0 0 0 0 0 0 0 0 
0 0 0 0 0 0 0 0 0 0.00102827 0.00799681 0.0118962 0.0158513 0.0138078 0.011347 0.0161474 0.0248056 0.0223082 0.0189159 0.016093 0.0131258 0.0142633 0.0204846 0.0288666 0.0281461 0.0224128 0.0354863 0.0242193 0.0189763 0.0167678 0.0162609 0.0140122 0.0151743 0.0155622 0.0218144 0.019165 0.0186802 0.0238483 0.0313216 0.0258917 0.0206883 0.016569 0.0309473 0.0236854 0.0126165 0.0110974 0.0180754 0.0207297 0.0155801 0.0258755 0.0347529 0.0306326 0.0213672 0.0157447 0.0136762 0.0131801 0.0117 0.0158871 0.0149337 0.0095828 0.0015199 9.22964e-05 0 0 0 0 0 0 0 
0 0 0 0 0 0 0 3.09622e-05 0.00121924 0.00355889 0.00753702 0.0131102 0.0149377 0.0114973 0.0117922 0.0160374 0.0153945 0.0143676 0.0178179 0.0119865 0.014227 0.021885 0.0224671 0.0288143 0.0296043 0.0318379 0.0264254 0.0227571 0.0203425 0.0236324 0.0202182 0.0147824 0.0175383 0.0238558 0.0287863 0.0195432 0.0217545 0.0323841 0.0451006 0.0250004 0.0190884 0.0156965 0.0295719 0.0212654 0.01198 0.0141731 0.0210962 0.0138642 0.0151307 0.018205 0.0203848 0.0181895 0.0222053 0.0196977 0.0183473 0.0142386 0.0142847 0.0125446 0.019197 0.0174094 0.00932315 0.00392136 0 0 0 0 0 0 0 
0 0 0 0 0 0 0 0.00185094 0.0115452 0.0256035 0.0333496 0.0224754 0.0173298 0.0117523 0.0118866 0.0158047 0.0129464 0.0128233 0.0176974 0.0127019 0.0210006 0.0333362 0.033712 0.0331568 0.0333942 0.0319863 0.0345659 0.0243905 0.0138962 0.0158223 0.0175842 0.0187206 0.0201044 0.0224914 0.0232961 0.0347149 0.035127 0.0319993 0.027441 0.0182463 0.0143993 0.0143926 0.0253802 0.015578 0.0157977 0.0187038 0.017765 0.0120486 0.0166122 0.0184616 0.0212513 0.0209463 0.0143427 0.0131543 0.0148097 0.0154759 0.0151796 0.0214253 0.027985 0.0183009 0.0190979 0.0118507 0.000948105 0 0 0 0 0 0 
0 0 0 0 0 0 0.000164754 0.00617252 0.0215167 0.0404948 0.0394875 0.0257939 0.0123009 0.0117618 0.0112736 0.0186954 0.0203946 0.0143224 0.0241171 0.0252264 0.025144 0.0424509 0.039378 0.0284363 0.0288691 0.0426348 0.0349101 0.0309611 0.0176655 0.0176479 0.0197472 0.0196701 0.0222839 0.0234162 0.0184649 0.0235615 0.0181935 0.0146827 0.0153323 0.0128257 0.0131841 0.0166214 0.0226779 0.0141065 0.0171759 0.0166621 0.0172552 0.0166753 0.019874 0.0186283 0.0216359 0.0172632 0.0175464 0.0157133 0.0124478 0.0128089 0.011555 0.016561 0.0220016 0.0170487 0.0196719 0.0113686 0.00216196 8.1695e-05 0 0 0 0 0 
0 0 0 0 0 0 0.000818811 0.0152705 0.0275919 0.0411223 0.0316736 0.0174309 0.010359 0.00885427 0.0128564 0.0151833 0.0143695 0.020648 0.0298129 0.0314684 0.0317054 0.0482202 0.0450364 0.029424 0.0324179 0.0402291 0.0338553 0.0291762 0.0269825 0.0263697 0.0227909 0.022009 0.0244337 0.0227486 0.0179811 0.0159504 0.0194398 0.02065 0.0218171 0.0188014 0.0169381 0.0189062 0.0133727 0.0112624 0.0166616 0.0217978 0.0247644 0.0166928 0.0192695 0.0230459 0.017542 0.017573 0.0223793 0.0181296 0.021654 0.0171925 0.0135977 0.0132202 0.0194742 0.0292794 0.0238498 0.0177235 0.00567648 0.000373018 0 0 0 0 0 
0 0 0 0 0 0 0.0038799 0.0150115 0.0241434 0.026521 0.024268 0.0116136 0.0086253 0.00661257 0.00470792 0.0127741 0.0107321 0.0258503 0.0297288 0.0313035 0.0386414 0.0326685 0.0370409 0.0265856 0.0274105 0.0273906 0.0405849 0.0554241 0.0320271 0.0314069 0.0289006 0.0309712 0.0287439 0.0203481 0.0205502 0.0154933 0.0264198 0.0165114 0.0144819 0.022484 0.0209866 0.0164995 0.00968581 0.012534 0.0219476 0.0209946 0.02011 0.0191925 0.0159659 0.0157993 0.0206132 0.0254348 0.0229238 0.0152388 0.0240519 0.0197579 0.0143736 0.0161348 0.0166844 0.0227238 0.0236985 0.0192485 0.0104485 0.00243585 0 0 0 0 0 
0 0 0 0 0 0 0.0027915 0.00853198 0.0195101 0.0189932 0.0162029 0.0118994 0.0160933 0.00944355 0.00519054 0.0103384 0.00961676 0.0284844 0.0273665 0.029933 0.0465734 0.0297844 0.0274927 0.0272107 0.0257566 0.0295322 0.0328194 0.0475932 0.0338309 0.0263038 0.0310233 0.0301816 0.0272176 0.0212381 0.0216235 0.0187228 0.0197948 0.0161151 0.0173884 0.0179091 0.0168839 0.0099866 0.010356 0.0210923 0.02367 0.019074 0.0148028 0.0174304 0.0176393 0.0179265 0.0185055 0.0241792 0.0156481 0.0172141 0.0142075 0.0207265 0.0256448 0.0210058 0.015587 0.017517 0.0278089 0.0238711 0.0164695 0.0051512 4.87017e-06 0 0 0 0 
0 0 0 0 0 0 0 0.00142299 0.00384496 0.00486297 0.00569728 0.0114041 0.021817 0.0108793 0.0080815 0.00977858 0.00786848 0.0142255 0.0208701 0.028443 0.0638639 0.0315228 0.0236551 0.0230428 0.0252274 0.0254581 0.0289713 0.0258167 0.027826 0.0329972 0.029368 0.0239117 0.0264851 0.0231253 0.0221161 0.023708 0.0202397 0.0149522 0.00999736 0.0103521 0.0115856 0.0169153 0.0160356 0.0176254 0.0233477 0.0238126 0.020408 0.0157588 0.0121309 0.0156256 0.0183946 0.0159361 0.0129588 0.0147149 0.0135201 0.0177655 0.0214249 0.0186573 0.014728 0.0178388 0.0208657 0.0225522 0.0103041 0.0033839 0.000542577 0 0 0 0 
0 0 0 0 0 6.92572e-05 0.000407387 0.00267525 0.00464218 0.00318218 0.00326991 0.0112982 0.0151669 0.0112938 0.00963301 0.0125994 0.0116508 0.0123379 0.0135652 0.0162084 0.0475564 0.0346903 0.0207367 0.0250597 0.0280081 0.0295381 0.0312969 0.034244 0.026388 0.0286197 0.0208766 0.0178232 0.0232385 0.0199168 0.0188754 0.0189814 0.0134725 0.0161215 0.011469 0.0200834 0.0199842 0.0187089 0.0154325 0.012352 0.0257852 0.0264616 0.0169238 0.0144456 0.0141122 0.0182484 0.0190049 0.0163287 0.0159172 0.0128955 0.0108179 0.014259 0.0196755 0.0187321 0.0213719 0.0196091 0.011723 0.00931316 0.00536574 0.00398758 0.00327645 0.00128281 1.07329e-05 0 0 
0 0 0 4.03578e-05 0.000302942 0.00177948 0.00164963 0.00416156 0.00653211 0.00900297 0.0125522 0.00904134 0.0110916 0.0063945 0.00633752 0.0126962 0.0162957 0.0157242 0.0159266 0.0158033 0.033494 0.0326896 0.0231979 0.0270078 0.0338907 0.0265224 0.0250872 0.0277111 0.0272635 0.0249743 0.0214298 0.0249003 0.0252666 0.0193002 0.0181868 0.0211244 0.0139334 0.0220321 0.0154087 0.0216123 0.0219807 0.0183097 0.0127062 0.0155723 0.0251212 0.0262999 0.0173775 0.0209392 0.0179543 0.0154018 0.0164696 0.0187827 0.0219762 0.0185677 0.0142149 0.0139802 0.0153675 0.0198888 0.0299654 0.0243464 0.0101434 0.00712456 0.00658273 0.00842084 0.0123923 0.00891862 0.000562191 0 0 
0 0 0 0.00118058 0.00404134 0.0054808 0.00629019 0.00578568 0.00808453 0.0112647 0.0102171 0.010737 0.0144594 0.0125085 0.0188314 0.0114052 0.0272739 0.0278729 0.0207051 0.0197682 0.0327587 0.0525568 0.023265 0.0339531 0.0311467 0.032896 0.0293127 0.0278933 0.0286001 0.0259316 0.0178923 0.0258524 0.019341 0.019303 0.0193342 0.023805 0.0221481 0.0251209 0.0204807 0.0216738 0.0189656 0.0182338 0.0126177 0.0161797 0.025203 0.0264545 0.0252521 0.0239595 0.018812 0.0218319 0.0276619 0.0288428 0.0265131 0.0228373 0.016713 0.0248402 0.0223837 0.0213933 0.0240621 0.026841 0.0203001 0.00917619 0.00649744 0.0056628 0.0187408 0.0189954 0.0030587 3.12899e-05 0 
0 0 0.000521653 0.00391446 0.0113804 0.0133575 0.013028 0.00971828 0.00873462 0.0105911 0.0101919 0.0108392 0.00991015 0.0122862 0.018932 0.0137977 0.0220396 0.0252487 0.0203919 0.0233056 0.0327427 0.0336545 0.0227009 0.0297153 0.0304498 0.0320035 0.0343011 0.028741 0.0223314 0.0200499 0.0167435 0.02227 0.0244641 0.0192242 0.020797 0.0293724 0.0266539 0.0224508 0.0264404 0.0211089 0.012955 0.0184632 0.0143164 0.0206684 0.0217809 0.0257897 0.0262903 0.0264945 0.0207089 0.0282836 0.0277809 0.0285684 0.0310228 0.024089 0.0236965 0.0178785 0.0178981 0.0217244 0.0180463 0.0214625 0.0236241 0.0128473 0.0121249 0.00909008 0.0197446 0.0156081 0.00621927 0.000917345 0 
0 0 0.00260287 0.0127333 0.0192116 0.0139646 0.00949354 0.00983233 0.00712849 0.00800035 0.0113212 0.0107727 0.0110882 0.0149011 0.0229559 0.0143138 0.0190525 0.024487 0.0260874 0.0266975 0.0243629 0.021265 0.023254 0.0316045 0.0349526 0.0309397 0.0286681 0.0217539 0.022214 0.0206854 0.0196956 0.019085 0.0239782 0.0201985 0.0243659 0.026358 0.0196091 0.0253328 0.0184898 0.0153247 0.0149629 0.0203763 0.0259486 0.0268109 0.0257452 0.0240759 0.0190412 0.0175511 0.0263404 0.0354034 0.0346945 0.0315074 0.0302506 0.0244201 0.022427 0.0195381 0.0177361 0.0189473 0.0150808 0.0232417 0.0189504 0.0119447 0.0176866 0.016592 0.0133919 0.0134967 0.0082797 0.00122698 0 
0 0 0.00264375 0.00930443 0.0126985 0.00761813 0.0187653 0.0120051 0.00711916 0.00575628 0.0121126 0.00851611 0.00787119 0.0134923 0.0182944 0.0134931 0.0166698 0.0197309 0.0246051 0.031921 0.02575 0.025585 0.0314222 0.0330049 0.0314321 0.0284455 0.0312365 0.0291147 0.0271414 0.0271846 0.0338096 0.0309321 0.0255798 0.0205834 0.0234919 0.0241584 0.0209173 0.0255861 0.0225048 0.0216419 0.0177999 0.017777 0.0219352 0.0289455 0.02539 0.022259 0.0183421 0.0135264 0.0197926 0.0226933 0.0274393 0.0319882 0.0273238 0.0205206 0.0180501 0.0199514 0.0230203 0.0140079 0.014693 0.0224987 0.023242 0.0173996 0.0209745 0.0183168 0.0178058 0.0154048 0.0118 0.00295984 0 
0 7.34859e-05 0.00390398 0.00736069 0.00316249 0.00462584 0.0161753 0.0195752 0.0140622 0.0117322 0.0121271 0.0122465 0.012876 0.0111233 0.0131278 0.0165671 0.017119 0.0219363 0.0291877 0.0371911 0.0244745 0.0220811 0.0250881 0.0266701 0.029223 0.0253759 0.0263589 0.0332023 0.0308957 0.0241383 0.030868 0.0395593 0.0267313 0.0178261 0.0227053 0.0170368 0.0182936 0.0242196 0.0263486 0.0251551 0.0253616 0.0141851 0.0172858 0.020822 0.0213219 0.0212369 0.0217884 0.0150693 0.0200935 0.029287 0.0246735 0.0266352 0.0235549 0.0245847 0.0199094 0.020686 0.0193657 0.0168242 0.0145085 0.015396 0.0166282 0.0177416 0.0199414 0.0210432 0.0235771 0.0198962 0.0179415 0.00586172 0.000406705 
0 0.00086154 0.00921061 0.00913336 0.00467102 0.00417809 0.0109771 0.0231771 0.0202557 0.0150456 0.015208 0.0165967 0.0189153 0.0173454 0.0169874 0.01532 0.0171135 0.019162 0.0236928 0.0290437 0.0266715 0.0252575 0.0254685 0.0293615 0.0257108 0.0227675 0.0253963 0.0281232 0.0262163 0.0328688 0.031633 0.0364265 0.0277674 0.0266264 0.0273387 0.0220418 0.024486 0.0278188 0.0251614 0.024359 0.0273351 0.017878 0.0232415 0.0243011 0.0192402 0.0185983 0.0245554 0.0180808 0.0174279 0.0218875 0.018915 0.0287908 0.0272912 0.0243022 0.0209223 0.0127586 0.016014 0.0154195 0.015752 0.0145579 0.0137304 0.0148816 0.0178693 0.0200004 0.0231225 0.0230918 0.0134286 0.00871505 0.000300744 
0 0.0035593 0.0120318 0.00688532 0.00560422 0.00413941 0.00515229 0.0156847 0.0228854 0.0160036 0.0161193 0.0198669 0.0228254 0.0231107 0.0165264 0.0141463 0.0177194 0.0197546 0.0232881 0.028708 0.02562 0.0235041 0.021876 0.0287115 0.0264004 0.0223348 0.0232157 0.0221888 0.0270026 0.0330667 0.0316916 0.0296097 0.0308184 0.0367396 0.0232304 0.0176434 0.0194543 0.0228716 0.0208024 0.025143 0.0230467 0.0169358 0.0221475 0.0273188 0.0271072 0.0256122 0.0223099 0.0152297 0.0138427 0.0197473 0.0212713 0.0335275 0.0298334 0.0291698 0.0218343 0.0119616 0.0194953 0.0241866 0.0219726 0.0181267 0.0181108 0.0185122 0.019899 0.0216865 0.025515 0.0172141 0.00772539 0.00485399 0.000747901 
0 0.00109615 0.00235354 0.00360175 0.00610444 0.00744789 0.00619769 0.0120196 0.0200309 0.0206665 0.0197377 0.0228608 0.0269924 0.0223566 0.0144281 0.0211154 0.0127299 0.0118678 0.0223742 0.0222597 0.0261211 0.019395 0.0219815 0.0218955 0.0221828 0.023329 0.0244675 0.0252314 0.0314578 0.0317894 0.0303234 0.0232288 0.0229212 0.030116 0.019693 0.0149038 0.0208149 0.0211821 0.0232118 0.0242743 0.0264036 0.018837 0.0138223 0.0254223 0.0263075 0.0211437 0.0175109 0.0164939 0.0198103 0.0290664 0.0256153 0.0298302 0.0203228 0.0217036 0.0215484 0.015699 0.0176932 0.0209795 0.01984 0.017046 0.0131458 0.0232408 0.0223495 0.0152827 0.0159836 0.0125329 0.0070084 0.00389577 0.000126979 
0 0 0.000828031 0.00407945 0.0110188 0.0132299 0.0106807 0.0121585 0.021405 0.0202749 0.0181867 0.0191451 0.0231948 0.023295 0.0265934 0.0280883 0.0197978 0.0193037 0.0209666 0.0191652 0.0228659 0.0211697 0.0198038 0.020997 0.0250655 0.0204496 0.0245887 0.0225423 0.0197175 0.0258146 0.0269453 0.0269378 0.0263487 0.024837 0.0291838 0.0194235 0.0227563 0.0244699 0.0220248 0.017571 0.0176389 0.0228283 0.0238005 0.0219711 0.0173348 0.0135291 0.0183502 0.0194569 0.0236866 0.0262147 0.0266844 0.0207957 0.0236232 0.0223253 0.0263971 0.0225478 0.0164257 0.012875 0.0152712 0.0140162 0.0150293 0.0168985 0.0166385 0.0186266 0.0150169 0.0102655 0.0119308 0.0109642 0.000791561 
0 0.000310399 0.0038342 0.00615141 0.0131763 0.00976882 0.00558355 0.00854535 0.014096 0.0218576 0.0210398 0.0200612 0.0191582 0.024224 0.031005 0.037476 0.030867 0.0214322 0.0216617 0.0207668 0.017918 0.0221088 0.0266306 0.0306114 0.0277012 0.0221908 0.0232854 0.0206819 0.0158377 0.0191685 0.0220704 0.0202183 0.0245408 0.0242454 0.0260026 0.0222484 0.0211271 0.0248007 0.0280986 0.0180315 0.0162768 0.0239543 0.0294837 0.0187545 0.016367 0.0140384 0.01616 0.0203192 0.029798 0.0293525 0.0250148 0.0157672 0.0251208 0.0285415 0.0313905 0.0284796 0.0212737 0.0139745 0.0123257 0.0144553 0.0139821 0.0120196 0.014475 0.0155676 0.0108284 0.0101503 0.00908569 0.00815342 0.00193171 
0 0.00158534 0.00838791 0.00766378 0.00635393 0.00463671 0.00610991 0.0147345 0.0206228 0.0231748 0.0248457 0.0264541 0.0292945 0.0290053 0.0274653 0.0312734 0.0294763 0.0225189 0.0260117 0.0198439 0.0215303 0.0319441 0.0319762 0.03032 0.0270371 0.0168856 0.0199631 0.0207122 0.0220285 0.0179699 0.0210098 0.0234758 0.0198476 0.0217289 0.0266213 0.0243941 0.0231618 0.02748 0.0254767 0.0251945 0.0215632 0.0222644 0.0310648 0.0228819 0.0166384 0.0136214 0.0174045 0.0168622 0.0200049 0.0299233 0.0231587 0.0200342 0.0316374 0.0424586 0.0334645 0.0239211 0.0206368 0.0147667 0.0183095 0.0194453 0.0175421 0.0184932 0.0177232 0.011853 0.0115492 0.0108593 0.00419407 0.00798468 0.00336781 
5.81118e-06 0.00302126 0.00957784 0.00456248 0.00504081 0.0138149 0.0130288 0.0122736 0.0144093 0.0123714 0.02051 0.0398471 0.0431944 0.029522 0.0291588 0.0263786 0.0255421 0.0185333 0.0192822 0.0177298 0.0255322 0.0319554 0.0310992 0.0311585 0.0285779 0.0164145 0.0141902 0.0188568 0.0293577 0.0283259 0.0237468 0.0237593 0.0242759 0.01843 0.0314308 0.0404621 0.0433017 0.0538701 0.0490211 0.0267505 0.0220344 0.0166952 0.0136428 0.0176358 0.0149818 0.0172761 0.0207306 0.0232306 0.0227211 0.0207184 0.0238854 0.026987 0.033129 0.0331813 0.0335462 0.0246298 0.0378393 0.0438134 0.0285156 0.0189316 0.0146848 0.0165864 0.0168873 0.0139694 0.0108863 0.0075418 0.00571811 0.00788698 0.00360527 
0.000104654 0.00356658 0.00429357 0.00314383 0.00935435 0.0211864 0.0245671 0.0184246 0.0115974 0.00945641 0.00680386 0.00510425 0.0111386 0.020321 0.0206334 0.0145685 0.0144466 0.00947479 0.0150503 0.0208849 0.026534 0.0284346 0.026264 0.0281232 0.0246948 0.0151432 0.011415 0.0187672 0.0206024 0.0203172 0.0237612 0.0232686 0.0239192 0.0204774 0.0727181 0.108662 0.0933777 0.0845892 0.0839583 0.0480227 0.0213763 0.0185378 0.0169148 0.018056 0.0182764 0.0196958 0.0286024 0.0231181 0.0228114 0.019001 0.0216189 0.0271854 0.0213058 0.0204637 0.0265524 0.0263355 0.0337161 0.0406181 0.022033 0.0171145 0.0170576 0.0205882 0.0240962 0.0189551 0.0150216 0.0126648 0.00661979 0.00666485 0.003199 
0.000112923 0.00126945 0.00209066 0.00583284 0.0142527 0.0218425 0.0180609 0.0198975 0.0105386 0.00786919 0.00656613 0.00529316 0.00258993 0.00590177 0.0103013 0.0130173 0.0102416 0.0147412 0.0192573 0.0243193 0.0217 0.0255172 0.0215704 0.0268176 0.0287443 0.0197024 0.0207984 0.0220971 0.02011 0.0235022 0.0194497 0.0220011 0.0208681 0.0213031 0.0814179 0.112853 0.0344518 0.0320865 0.0441127 0.0380268 0.0275539 0.023507 0.0164041 0.0168155 0.0195191 0.0191687 0.0233252 0.0214962 0.0216849 0.021875 0.0240593 0.02287 0.0236997 0.0180078 0.0214449 0.0217271 0.0266047 0.0297161 0.025011 0.0262841 0.0246245 0.0204983 0.0224272 0.0230568 0.0175481 0.00951587 0.0106664 0.0149003 0.00530458 
0 0.00102709 0.00499507 0.00583518 0.013478 0.0189402 0.0110824 0.0101741 0.0153487 0.0218227 0.0115185 0.00863241 0.00134735 0.000465285 0.00428367 0.0127156 0.0161434 0.0170151 0.0218888 0.0244726 0.024443 0.0346905 0.0251556 0.0283659 0.0270139 0.0206191 0.0188239 0.0170786 0.0198934 0.0251308 0.0197131 0.0236426 0.0205747 0.0182483 0.0270293 0.0265124 0.0251732 0.0227598 0.0235826 0.0248215 0.0225364 0.0197196 0.0197799 0.0178188 0.0154901 0.0204824 0.0192491 0.0291668 0.0319082 0.0259558 0.0234806 0.0222878 0.0301197 0.0216812 0.0252674 0.0259757 0.0295868 0.040458 0.0340862 0.0309972 0.0251303 0.0188422 0.0179075 0.0192353 0.0162546 0.0079574 0.0171762 0.019997 0.00535157 
0 0.00169993 0.00550693 0.0049805 0.00914332 0.0104216 0.0095146 0.0123653 0.0195833 0.0227181 0.0178352 0.00861643 0.00288196 0.000343221 0.00173027 0.0116794 0.0199637 0.0188283 0.0171763 0.0196911 0.0299692 0.0285848 0.0248758 0.026794 0.0267376 0.0166699 0.0169835 0.0181328 0.0239457 0.0233615 0.0256892 0.0233301 0.021533 0.0191327 0.0140493 0.0197888 0.0258322 0.0288128 0.0273883 0.0256122 0.0262415 0.0259612 0.020125 0.020083 0.0211891 0.0217692 0.0196488 0.0263027 0.0345378 0.0262732 0.0240548 0.0196788 0.0222048 0.0350897 0.0372156 0.0306711 0.027058 0.0334474 0.0334139 0.0292559 0.0225443 0.0230365 0.0219682 0.0171276 0.0104361 0.0149941 0.0185546 0.0124637 0.00150389 
0 0.00179208 0.0115506 0.00939754 0.00817223 0.0116013 0.0163453 0.0244344 0.0235248 0.0182739 0.0198984 0.00674348 0.00187618 0.0015755 0.00547958 0.0123026 0.0211868 0.0191495 0.0159126 0.0174811 0.0262626 0.0311942 0.0285887 0.0248047 0.027726 0.015423 0.0226715 0.0189276 0.0229027 0.0243551 0.0250741 0.023005 0.0221877 0.0251046 0.0224431 0.0229374 0.0243561 0.0268701 0.019954 0.0181609 0.0208102 0.0235913 0.0208734 0.0161686 0.0217231 0.0209881 0.0197141 0.0208045 0.0216516 0.0225791 0.0173009 0.017222 0.0347934 0.0895496 0.0854203 0.0393486 0.0270072 0.0208639 0.0197985 0.022964 0.026582 0.0254694 0.024707 0.0166359 0.010977 0.021517 0.0183221 0.0109028 0.00112979 
6.54217e-05 0.00205435 0.00686012 0.00870947 0.00634164 0.00586804 0.0118568 0.0196494 0.0127667 0.0120202 0.00906801 0.00489072 0.00269082 0.00444737 0.0116913 0.0172978 0.0197079 0.0243156 0.0198033 0.0231981 0.024711 0.0324029 0.0266263 0.0220314 0.0235873 0.0213009 0.0253298 0.0334639 0.0219181 0.0188122 0.0237695 0.023146 0.0219477 0.0266915 0.0245448 0.0234398 0.0254677 0.023157 0.0183716 0.0177816 0.0188521 0.0212515 0.0217104 0.0176545 0.0195951 0.0266427 0.0235543 0.0218638 0.0172502 0.0245051 0.0191474 0.0194053 0.0387978 0.0809908 0.0731132 0.037541 0.029287 0.0245389 0.0163917 0.0181659 0.0245211 0.0201022 0.0268973 0.0302014 0.0307158 0.0319569 0.0301272 0.0142461 0.00343273 
2.83573e-05 0.00150547 0.00663726 0.00672744 0.00173902 0.0022681 0.00342161 0.00345227 0.00558041 0.0044674 0.00561352 0.00547326 0.00753026 0.0106919 0.013441 0.0185454 0.0202861 0.0300916 0.0304469 0.0251954 0.0324186 0.0300394 0.025789 0.0214591 0.0286252 0.0309966 0.0392608 0.0373466 0.0367223 0.0237856 0.0155577 0.0131277 0.0240681 0.0221287 0.020053 0.0239782 0.0222489 0.0220847 0.0177041 0.0188758 0.0173116 0.0173551 0.0180798 0.0227186 0.0214301 0.022846 0.025454 0.0228734 0.0197655 0.0261718 0.0224431 0.0243108 0.0203261 0.0265457 0.0309042 0.022365 0.0279712 0.0346735 0.0265934 0.0263876 0.0220394 0.0271288 0.0321609 0.0280655 0.0287303 0.0316696 0.0285649 0.0235958 0.00624511 
0 0.000500725 0.0108528 0.0154988 0.00203057 0 0.0005582 0.00212823 0.0045416 0.00542562 0.00486338 0.00771274 0.0136788 0.0147045 0.0141284 0.0213973 0.0263887 0.0251969 0.023196 0.0232526 0.0273911 0.0339991 0.0285545 0.0267664 0.0284724 0.0278726 0.0289306 0.0311338 0.0375106 0.0315786 0.0213825 0.00993479 0.0212806 0.0233772 0.0227263 0.024654 0.0248195 0.0244043 0.0276841 0.0203406 0.0181679 0.0222804 0.0185266 0.0245425 0.0214726 0.0214549 0.0239859 0.028937 0.0254592 0.0313319 0.0293388 0.0196445 0.0179273 0.0208367 0.0212988 0.0216619 0.0201526 0.0299442 0.0254879 0.0284482 0.0196964 0.0272773 0.0220024 0.0157043 0.023292 0.0216534 0.023634 0.019495 0.00517022 
0 0.000558274 0.00476864 0.00581819 0.000243678 0.00148414 0.0052245 0.00710985 0.00564883 0.00322844 0.00678273 0.0154809 0.0182596 0.0149493 0.0169988 0.0280127 0.0303272 0.027774 0.0305677 0.0173241 0.0211685 0.0305879 0.0287353 0.0236894 0.027076 0.0208995 0.0170103 0.0214434 0.0326574 0.0337027 0.0287028 0.0181951 0.0141192 0.0112327 0.0184362 0.0263394 0.0245279 0.0236783 0.025354 0.0179729 0.0215232 0.0263101 0.024458 0.025256 0.0251602 0.0185384 0.0219113 0.0201267 0.0218125 0.0230177 0.0213528 0.0172191 0.0232814 0.02614 0.0223035 0.024196 0.0241995 0.0214917 0.0228616 0.0265429 0.0239206 0.024408 0.0163845 0.00876031 0.00936765 0.0163529 0.0167887 0.0100473 0.00192855 
0 0 5.14715e-05 0.000116917 0.000290045 0.00359166 0.00475278 0.00290739 0.001958 0.00607446 0.016432 0.0255911 0.0194714 0.0161062 0.0164348 0.0313829 0.0372606 0.0311433 0.0269815 0.0164258 0.0198223 0.0222025 0.0218434 0.0200388 0.0171716 0.0164926 0.0147171 0.0158656 0.0246287 0.0293507 0.0267982 0.0225608 0.0117467 0.00964449 0.00797864 0.0180926 0.0225448 0.0256508 0.0222235 0.0224095 0.0149623 0.0243391 0.0248849 0.0261366 0.0209963 0.0247845 0.0272397 0.0203549 0.0229848 0.019084 0.0174822 0.0216804 0.0299651 0.0410787 0.0347408 0.0232914 0.0238513 0.0256223 0.02892 0.0298115 0.0340106 0.02595 0.0172946 0.00840645 0.00704782 0.0164804 0.0177177 0.00619685 0.000202287 
0 0 0 0 2.54675e-05 0.000365238 0.00268447 0.00552704 0.0088503 0.0146914 0.022702 0.0291127 0.0253284 0.0229476 0.0223164 0.030369 0.0350121 0.0350783 0.0243371 0.0242636 0.0144538 0.0119832 0.0169355 0.0197995 0.0152604 0.0173451 0.0179743 0.0131175 0.0187239 0.0163589 0.0176897 0.0161636 0.0108867 0.0124673 0.0134344 0.017735 0.0203125 0.0243362 0.0221232 0.0217443 0.0150648 0.0196327 0.0177198 0.0239543 0.0264811 0.0276476 0.0345346 0.0313673 0.0335171 0.0208434 0.018811 0.0198404 0.0244129 0.051361 0.0466897 0.0244591 0.0241909 0.0230682 0.0267839 0.0326404 0.0277014 0.0244547 0.0147252 0.0109395 0.016627 0.0172853 0.0141957 0.00393214 5.13072e-05 
0 0 0 0 0.000217189 0.00432608 0.0133966 0.0186283 0.0193828 0.0225349 0.0298147 0.0335954 0.0279607 0.0201555 0.0196376 0.0252036 0.0330285 0.0331974 0.0277416 0.0191784 0.0158395 0.0112086 0.0169824 0.0247926 0.0208252 0.0184695 0.0189307 0.0158398 0.0115779 0.00924026 0.0114087 0.00932522 0.00851239 0.00969477 0.0185933 0.0225848 0.0260194 0.0241732 0.0232956 0.0209952 0.0157244 0.0183583 0.0158009 0.0262312 0.0287129 0.0229284 0.0309383 0.046452 0.0440636 0.0198715 0.0257001 0.024358 0.0244123 0.0284636 0.0303981 0.0284698 0.023992 0.0184776 0.0206745 0.0239447 0.0179304 0.0122824 0.00967718 0.0144865 0.0187566 0.0176778 0.0103415 0.0026563 0 
0 0 0 0 0.00254245 0.0117049 0.0195275 0.0157358 0.0203628 0.0212233 0.018807 0.0230316 0.0260923 0.0267625 0.0301158 0.029331 0.0274456 0.0241431 0.0295537 0.0204333 0.0158995 0.0158696 0.022434 0.0156666 0.0149563 0.015216 0.0169729 0.0151037 0.0166584 0.0128921 0.00855888 0.00872587 0.00845201 0.0130188 0.0143614 0.0131367 0.0203665 0.01977 0.0278248 0.029886 0.0237869 0.0209208 0.0192576 0.0232733 0.0275891 0.0273002 0.0269175 0.0357903 0.0374597 0.0264459 0.0234742 0.0248514 0.0230428 0.0222304 0.0182013 0.0279169 0.0223327 0.0158484 0.00792805 0.00561444 0.00529589 0.00810018 0.0137648 0.0202742 0.028372 0.0209357 0.0062983 0.000346481 0 
0 0 0 0.000469454 0.00540617 0.0158652 0.0243462 0.0264351 0.018717 0.0189977 0.0160454 0.0243135 0.0235694 0.0268089 0.0209718 0.0277673 0.0199624 0.0223216 0.0248921 0.0220331 0.0137212 0.0181692 0.0240601 0.0167525 0.0214344 0.0169005 0.0208367 0.013374 0.0152448 0.0118974 0.0135299 0.0148705 0.0150476 0.0249054 0.0186524 0.0129763 0.0141355 0.0172828 0.0211994 0.028998 0.0248486 0.0215512 0.0199437 0.0155461 0.0206497 0.0286156 0.0225928 0.0214729 0.0254464 0.0236219 0.0260087 0.0236904 0.0201897 0.0186474 0.0188469 0.0236251 0.0201445 0.0223383 0.00975942 0.00466938 0.00842955 0.0156431 0.0191524 0.0281927 0.0211391 0.0123544 0.00437621 4.34838e-05 0 
0 0 0 9.33301e-05 0.00659153 0.0144097 0.0214855 0.0267158 0.0210824 0.0185488 0.0174248 0.017197 0.0273707 0.029927 0.028538 0.0312993 0.0227549 0.015743 0.0172022 0.0163053 0.0271352 0.0245243 0.0184888 0.0178276 0.0196603 0.0152034 0.0147983 0.013473 0.0191891 0.018531 0.0127963 0.0190519 0.017769 0.0216543 0.0221132 0.0208647 0.0194811 0.0179405 0.024415 0.0228981 0.0197647 0.0212565 0.0160526 0.0141232 0.017432 0.033145 0.0365632 0.0291331 0.0232995 0.0270374 0.0372631 0.0395096 0.034754 0.0262475 0.0217207 0.0246662 0.019951 0.0144743 0.00936497 0.00688645 0.0222849 0.0310232 0.0373276 0.0345573 0.0210678 0.00646079 0.000737959 0 0 
0 0 0 0 0.00597607 0.0156131 0.018429 0.0242213 0.0152925 0.0160836 0.0171731 0.0212372 0.0322626 0.0336593 0.0344546 0.0196807 0.0112876 0.0138888 0.0145737 0.0336847 0.0232164 0.0161849 0.0138379 0.0137525 0.0135925 0.0159312 0.0139292 0.0123946 0.0160554 0.0192636 0.0126775 0.0219428 0.0257256 0.0209443 0.020633 0.0258551 0.0281467 0.0187807 0.0201267 0.0195849 0.0162207 0.020652 0.0218145 0.0210762 0.0135154 0.0243269 0.0418056 0.0278202 0.019206 0.023616 0.0279933 0.0332078 0.0313186 0.0238148 0.0190108 0.0196644 0.0133148 0.0120503 0.0137827 0.0149926 0.0327177 0.0406892 0.0416955 0.0359332 0.0183327 0.001976 7.61695e-06 0 0 
0 0 0 0 0.00130447 0.00945634 0.0223625 0.0221766 0.0137458 0.0186584 0.019791 0.0141509 0.0210479 0.0237961 0.0205526 0.0148938 0.0129186 0.0103362 0.0141955 0.0441636 0.0302458 0.0178794 0.016787 0.0101756 0.0108595 0.00915562 0.0114562 0.00894264 0.0154076 0.0200149 0.0173811 0.0320487 0.0276896 0.0236794 0.0287907 0.0354603 0.0329704 0.0201509 0.0193471 0.0204627 0.0157109 0.0211168 0.0187915 0.0229278 0.0236576 0.0210603 0.0273695 0.0192839 0.0188778 0.0255679 0.0212078 0.0218428 0.0246866 0.0232939 0.0261066 0.0185248 0.0087126 0.00707092 0.0120305 0.0161967 0.0332128 0.0327548 0.0378885 0.0205351 0.00330216 0.000299213 0 0 0 
0 0 0 0 0.000368257 0.00783446 0.0189773 0.0227255 0.0125388 0.00925975 0.0183747 0.019084 0.0180155 0.02088 0.0234319 0.0394219 0.0436587 0.0260965 0.0158637 0.0152957 0.0131478 0.0144307 0.0117179 0.0144392 0.0140581 0.0120251 0.0160394 0.0140856 0.0179725 0.020101 0.0212458 0.0367131 0.0403284 0.0261345 0.028268 0.0346606 0.0333002 0.0245738 0.0228838 0.0166092 0.0211645 0.0255678 0.0241065 0.0177154 0.0184846 0.018887 0.0241269 0.0193799 0.0224822 0.0242508 0.0228368 0.0188902 0.0200562 0.0223453 0.0176857 0.0170393 0.0145203 0.0104525 0.00677185 0.0123768 0.0197854 0.0286862 0.0248908 0.0159036 0.00127563 0 0 0 0 
0 0 0 0 0 0.00220537 0.013207 0.0310067 0.0226957 0.00677096 0.0125373 0.0215621 0.0229111 0.0250197 0.0359071 0.108257 0.0862521 0.0319792 0.0168531 0.0119204 0.0112109 0.0117584 0.0106265 0.0151687 0.0202494 0.0146113 0.011393 0.00917397 0.0189673 0.0204897 0.0175864 0.0230887 0.0340809 0.0242915 0.0258814 0.0320446 0.0260831 0.021989 0.0198148 0.0238032 0.021782 0.0234755 0.0322152 0.0233714 0.0180277 0.0145221 0.0171131 0.0249973 0.0210834 0.017889 0.015395 0.0165147 0.0134461 0.0175495 0.0138341 0.0067314 0.00842106 0.0135703 0.0067943 0.00256052 0.00325488 0.00623225 0.00685978 0.00214355 0.000202367 0 0 0 0 
0 0 0 0 0 9.9929e-05 0.00553725 0.0299316 0.0241465 0.00711625 0.0054964 0.0158706 0.0188519 0.0232672 0.045606 0.110833 0.0794669 0.0293305 0.0200895 0.0165771 0.0154925 0.0153401 0.012534 0.0190197 0.024213 0.0197152 0.0144017 0.0079588 0.015089 0.0189576 0.0150769 0.018265 0.023854 0.0183111 0.0215337 0.0250039 0.0257291 0.026472 0.0223749 0.0225904 0.0142168 0.0178994 0.0270071 0.0261991 0.0199167 0.0141766 0.0122036 0.020117 0.0220396 0.0255368 0.0156074 0.0176584 0.0192144 0.0191073 0.0149871 0.0136897 0.0111936 0.007664 0.00726249 0.00377957 0.00152949 0.000522852 0.000115232 0 0 0 0 0 0 
0 0 0 0 0 0 0.000984941 0.00687014 0.00832777 0.00232635 0.000512197 0.00694615 0.0128861 0.0264578 0.0303331 0.0410197 0.0263539 0.0253796 0.0151894 0.0218491 0.0223108 0.0170466 0.0129944 0.0205807 0.0354447 0.0287392 0.012418 0.0093794 0.0119409 0.0106597 0.0119635 0.0155553 0.0189122 0.0207117 0.023886 0.0169958 0.0198012 0.0182115 0.0205101 0.0198486 0.0193849 0.0173387 0.0213652 0.030283 0.0174801 0.0138743 0.0116933 0.0116868 0.0160787 0.0234243 0.0180728 0.0165933 0.0153032 0.0210282 0.0215832 0.0179045 0.00988767 0.0113574 0.0109511 0.0107834 0.00226898 0.000193535 0 0 0 0 0 0 0 
0 0 0 0 0 0 0 2.64372e-06 1.03521e-05 5.7111e-07 0.000222373 0.0041442 0.0113144 0.0212269 0.0238578 0.0263387 0.0282588 0.0318705 0.0208927 0.0156154 0.0162072 0.0203596 0.0154669 0.0158111 0.0213814 0.0205421 0.0169979 0.0161086 0.0152662 0.0136278 0.012136 0.0158068 0.0165833 0.0204892 0.0259377 0.0147217 0.0126071 0.0206061 0.0222135 0.0251339 0.0274192 0.0206275 0.0190164 0.0209629 0.0161622 0.0119758 0.0189077 0.0135007 0.0211127 0.027402 0.0234352 0.0182112 0.0169651 0.0169418 0.0185357 0.0133807 0.00672617 0.00513026 0.014778 0.0089925 0.00157558 5.26079e-05 0 0 0 0 0 0 0 
0 0 0 0 0 0 0 0 0 0.000174667 0.00392555 0.0117715 0.0153648 0.0271982 0.0264767 0.0190832 0.0310705 0.0331806 0.0268241 0.0161304 0.0115352 0.016138 0.0149 0.0117658 0.0163219 0.0168884 0.0161392 0.014363 0.00959442 0.00778896 0.00582391 0.00894903 0.0125936 0.0138373 0.0183303 0.0217089 0.0186894 0.021072 0.0238113 0.0249914 0.0250167 0.0257547 0.0180951 0.0166573 0.0233542 0.0234007 0.022468 0.0188177 0.0221055 0.0305386 0.0299527 0.0336214 0.0287653 0.0192532 0.0165996 0.00755415 0.00306852 0.00220215 0.00466831 0.00569845 0.000755415 0 0 0 0 0 0 0 0 
0 0 0 0 0 0 0 0 0 0.00117204 0.00862058 0.0148236 0.0210866 0.0347491 0.0259178 0.0193888 0.0258659 0.0346796 0.0277696 0.01972 0.0189483 0.0147007 0.0170327 0.0134619 0.0153627 0.0145458 0.0125346 0.0124613 0.00704744 0.00475649 0.00916419 0.0106541 0.0057996 0.0132942 0.0188804 0.0255054 0.0207594 0.0205257 0.0256239 0.0264301 0.0212552 0.0199406 0.0177049 0.0165516 0.0259985 0.0271907 0.0207929 0.017579 0.0164215 0.0165859 0.0287881 0.0347965 0.0233562 0.0229348 0.0156867 0.0487594 0.086784 0.0209949 0.00385242 0.00125449 0.000138645 0 0 0 0 0 0 0 0 
0 0 0 0 0 0 0 0 0 0.00017879 0.00439429 0.0109365 0.0200264 0.0152705 0.00992241 0.0139371 0.0210666 0.0216089 0.0177674 0.0159213 0.0136476 0.0105188 0.0150492 0.0161492 0.0186462 0.0183214 0.00941446 0.008636 0.0112924 0.00958527 0.0350351 0.0514484 0.0139382 0.00734281 0.0165243 0.0205461 0.0220871 0.0174109 0.0162298 0.0188249 0.0202969 0.020705 0.019279 0.0190155 0.0263035 0.0348698 0.0292427 0.0258604 0.0200099 0.0153204 0.0182624 0.0259008 0.016239 0.017118 0.0164001 0.109443 0.172485 0.030347 0.00391538 0.000157862 0 0 0 0 0 0 0 0 0 
0 0 0 0 0 0 0 0 0 0 0.000389453 0.00120709 0.00236156 0.00182597 0.0105522 0.0210175 0.0261694 0.02321 0.018865 0.0146924 0.0105984 0.0184869 0.0115637 0.0177098 0.0182233 0.017067 0.0136744 0.0131567 0.0137453 0.0114445 0.042813 0.0591519 0.0147561 0.00722986 0.0128752 0.0202761 0.020092 0.0115471 0.0117853 0.0142987 0.0152932 0.0219617 0.0249636 0.0210453 0.0208859 0.0296335 0.0401493 0.0318428 0.0188978 0.0180774 0.0160519 0.0142265 0.0117247 0.0123499 0.0140749 0.0369369 0.0352752 0.01073 0.000871251 0 0 0 0 0 0 0 0 0 0 
0 0 0 0 0 0 0 0 0 0 0 0 0 0.00104867 0.0152226 0.0315882 0.0306516 0.0157432 0.00996098 0.0134801 0.0171666 0.0182498 0.00948731 0.0176054 0.0188455 0.0173574 0.0107867 0.00762856 0.00972426 0.0103295 0.0177586 0.0146923 0.00367922 0.00676967 0.0101145 0.0111162 0.00770693 0.00959121 0.0134383 0.0216929 0.0188427 0.0218612 0.0233668 0.0194897 0.0152569 0.0198537 0.032047 0.0297871 0.0213882 0.0190664 0.0118037 0.00979481 0.0123887 0.0116509 0.0094437 0.00911921 0.00441412 0.000663776 0.000141269 0 0 0 0 0 0 0 0 0 0 
0 0 0 0 0 0 0 0 0 0 0 0 0 0.000502469 0.00841428 0.0201274 0.0302613 0.0199926 0.0109913 0.0194462 0.0148907 0.0136072 0.00627591 0.0126609 0.0170001 0.0228493 0.013636 0.008067 0.00678094 0.00892461 0.0109768 0.00702663 0.00831781 0.010401 0.0116167 0.00715954 0.0032419 0.00903737 0.0199093 0.0203734 0.014953 0.022656 0.0218686 0.0118436 0.031993 0.0233104 0.0123466 0.00940277 0.00960733 0.0104751 0.0102982 0.00782579 0.00758152 0.00668129 0.00679719 0.0040744 0.0015442 0 0 0 0 0 0 0 0 0 0 0 0 
0 0 0 0 0 0 0 0 0 0 0 0 0 0 0.000875946 0.00949493 0.0228724 0.0141378 0.00952275 0.0200216 0.0177994 0.0149079 0.00990873 0.00729897 0.0164709 0.0320132 0.0246164 0.021418 0.011299 0.00909375 0.00815765 0.00940966 0.00901377 0.0134236 0.0143874 0.00622599 0.00673345 0.0105249 0.0185385 0.0130023 0.0104692 0.0155648 0.00870541 0.0236011 0.148854 0.0920079 0.0114742 0.00805397 0.00787956 0.00844884 0.00535806 0.00738519 0.0092041 0.00492943 0.000904143 0.000448567 7.25144e-05 0 0 0 0 0 0 0 0 0 0 0 0 
0 0 0 0 0 0 0 0 0 0 0 0 0 0 0 0.000399228 0.00272041 0.00305896 0.00434543 0.017723 0.0160029 0.0143348 0.0115153 0.0119571 0.0237681 0.0346404 0.0292065 0.0220461 0.0173844 0.0114052 0.00780733 0.0113136 0.00550475 0.00739964 0.00820782 0.00431542 0.00204632 0.00356688 0.00678127 0.00588415 0.0092174 0.0161777 0.00670197 0.0066608 0.0610294 0.031947 0.0107444 0.00835069 0.00569003 0.0134999 0.00787139 0.00356321 0.00309783 0.00103809 0.000117512 0 0 0 0 0 0 0 0 0 0 0 0 0 0 
0 0 0 0 0 0 0 0 0 0 0 0 0 0 0 0 0 0.000415858 0.00198826 0.00967039 0.00949934 0.00901479 0.0122925 0.00949411 0.0143365 0.0224889 0.0278212 0.0163024 0.0167025 0.0149135 0.00830439 0.0132023 0.0182316 0.0159185 0.0101606 0.004801 0.00114714 0.000584092 0.00411314 0.00750183 0.00870062 0.00569466 0.0057763 0.00442317 0.00697461 0.0102364 0.0157465 0.0123943 0.00330614 0.00589636 0.00219784 0.000777025 0.000437558 0 0 0 0 0 0 0 0 0 0 0 0 0 0 0 0 
0 0 0 0 0 0 0 0 0 0 0 0 0 0 0 0 0 0 0.000229612 0.00176139 0.00302856 0.00575048 0.00594417 0.00687557 0.010312 0.0141247 0.0187278 0.0184584 0.0162958 0.0126484 0.0115841 0.00805324 0.0159496 0.0278064 0.0328666 0.00937649 0.00677745 0.00138892 0.00509489 0.0115707 0.0121076 0.00923221 0.00789372 0.00807894 0.0106268 0.018557 0.0157778 0.0088858 0.00148636 0.000164853 9.65514e-06 0 0 0 0 0 0 0 0 0 0 0 0 0 0 0 0 0 0 
0 0 0 0 0 0 0 0 0 0 0 0 0 0 0 0 0 0 0 0 5.08852e-05 4.6692e-05 0.000346357 0.00218752 0.00726338 0.00730245 0.00758522 0.012515 0.00927641 0.00931726 0.0104136 0.00775461 0.00749892 0.00998756 0.019575 0.0151947 0.0106454 0.00187286 0.00596559 0.0093483 0.0110632 0.00928643 0.00719473 0.0037658 0.00344123 0.00994613 0.00534378 0.00125758 0.000242189 0 0 0 0 0 0 0 0 0 0 0 0 0 0 0 0 0 0 0 0 
0 0 0 0 0 0 0 0 0 0 0 0 0 0 0 0 0 0 0 0 0 0 0 0.000502504 0.00262296 0.00200006 0.00245079 0.00745301 0.00881967 0.0109447 0.0079889 0.00471027 0.00175452 0.0036927 0.00604923 0.0100074 0.00582239 0.00123909 0.000343677 0.00415935 0.00926043 0.0073233 0.00474288 0.000878117 0.000613978 0.00194209 0.000111185 0 0 0 0 0 0 0 0 0 0 0 0 0 0 0 0 0 0 0 0 0 0 
0 0 0 0 0 0 0 0 0 0 0 0 0 0 0 0 0 0 0 0 0 0 0 0 0 2.15702e-06 0.000147334 0.00060152 0.00146549 0.00800658 0.0061909 0.000919276 0 0.000379558 0.00152808 0.0013176 0.00116672 0.00012905 0 0.000532196 0.00228911 0.00226014 0.000262938 0 0 0 0 0 0 0 0 0 0 0 0 0 0 0 0 0 0 0 0 0 0 0 0 0 0 

