0 0 0 0 0 0 0 0 0 0 0 0 0 0 0 0 0 0 0 0 0 0 0 0 0 0 0 0 0 0 0 0 0 0 2.57697e-05 1.18392e-05 0.000259782 0.000198153 0.000261948 1.11523e-05 0 0 0 0 0 0 0 0 0 0 0 0 0 0 0 0 0 0 0 0 0 0 0 0 0 0 0 0 0 
0 0 0 0 0 0 0 0 0 0 0 0 0 0 0 0 0 0 0 0 0 0 0 0 0 0 0.000192457 0.000991421 0.00162872 0.000154957 0 0.000289969 0.000244535 0.000305587 0.00253773 0.00252924 0.00290904 0.00474265 0.00501459 0.00567161 0.00193326 0.000910703 0.0011899 0.000690467 9.10627e-05 0 0 0 0 0 0 0 0 0 0 0 0 0 0 0 0 0 0 0 0 0 0 0 0 
0 0 0 0 0 0 0 0 0 0 0 0 0 0 0 0 0 0 0 0 0 0 7.11857e-05 0.00161529 0.00356898 0.00310258 0.00381786 0.00728014 0.00668275 0.00326238 0.000139316 0.00111927 0.00206979 0.00347372 0.0108321 0.00925854 0.00262232 0.00394429 0.00509039 0.0152824 0.00644477 0.0046564 0.0134934 0.0107211 0.00806435 0.00335462 0.000683553 1.30756e-05 0 0 0 0 0 0 0 0 0 0 0 0 0 0 0 0 0 0 0 0 0 
0 0 0 0 0 0 0 0 0 0 0 0 0 0 0 0 0 0 0 0 0 5.77989e-05 0.0019549 0.0122397 0.0127967 0.0113191 0.00856765 0.011227 0.00895291 0.00910733 0.00139237 0.0021165 0.00687966 0.0102176 0.0175433 0.00680056 0.00231313 0.00429303 0.00312049 0.0133441 0.00691557 0.00947325 0.0185013 0.0166587 0.0134671 0.0115372 0.00507714 0.00118518 4.5612e-05 0 0 0 0 0 0 0 0 0 0 0 0 0 0 0 0 0 0 0 0 
0 0 0 0 0 0 0 0 0 0 0 0 0 0 0 0 0 0 0 0 0 0.00107384 0.00745294 0.0146346 0.0137778 0.0191842 0.0179377 0.0112705 0.0101366 0.00911576 0.00493356 0.00955121 0.0113767 0.0113758 0.0154097 0.013563 0.00654671 0.00561849 0.00536891 0.0085926 0.0132142 0.0108744 0.0127536 0.0165858 0.0123948 0.0183881 0.0113186 0.00495529 0.000176362 0.000138457 2.07373e-05 4.76407e-06 0 0 0 0 0 0 0 0 0 0 0 0 0 0 0 0 0 
0 0 0 0 0 0 0 0 0 0 0 0 0 0 0 0 4.26381e-06 0.000143144 0.000108367 0 0.000169216 0.00438964 0.0112174 0.013441 0.0175547 0.0208119 0.0180686 0.0132959 0.0122357 0.00648165 0.0029553 0.00827238 0.0180393 0.0129295 0.0172927 0.0209163 0.0168018 0.00914026 0.0048663 0.0109609 0.0115695 0.0148605 0.0119518 0.014843 0.0147713 0.0148187 0.0119755 0.00767588 0.00690926 0.00773803 0.00487713 0.00184178 0.000476163 4.30221e-05 0 0 0 0 0 0 0 0 0 0 0 0 0 0 0 
0 0 0 0 0 0 0 0 0 0 0 0 0 0 0 0.000256834 0.00146788 0.0023689 0.00327788 0.00108361 0.00412103 0.0126767 0.0145068 0.0184682 0.0280691 0.0237185 0.0186819 0.0120562 0.0101689 0.0078786 0.00398448 0.00690738 0.013145 0.014363 0.0182882 0.0200274 0.0154373 0.0084915 0.00660411 0.00717977 0.0121885 0.0162496 0.0138856 0.0223218 0.0245307 0.0155947 0.012339 0.0145746 0.0156324 0.0163159 0.0119039 0.0080005 0.00355782 0.00117474 0.000390312 0 0 0 0 0 0 0 0 0 0 0 0 0 0 
0 0 0 0 0 0 0 0 0 0 0 0 0 0 0.000109436 0.00111685 0.00373946 0.00406572 0.0055602 0.00524854 0.00984222 0.0128569 0.0197267 0.0228491 0.0201667 0.0187754 0.0210751 0.0158377 0.0104352 0.00885135 0.0175629 0.0235071 0.0139665 0.0103681 0.0147923 0.0110195 0.0118096 0.0101993 0.0101763 0.00776016 0.0100383 0.0155657 0.0127314 0.021036 0.0255925 0.017231 0.0152827 0.0174481 0.0181472 0.0188332 0.0165814 0.0155695 0.00938702 0.00685684 0.0037366 7.55783e-05 1.3706e-05 0 0 0 0 0 0 0 0 0 0 0 0 
0 0 0 0 0 0 0 0 0 0 0 0 0 6.10942e-05 0.00168758 0.00708811 0.00712411 0.00886394 0.0059715 0.00581179 0.0124037 0.0165268 0.018711 0.0203751 0.0136213 0.0124158 0.0192985 0.0152287 0.0154881 0.0111388 0.0252256 0.0210687 0.0110464 0.0116433 0.0127592 0.0138683 0.0124899 0.0138637 0.0120458 0.0122558 0.0100596 0.0117267 0.0126984 0.0181975 0.0266486 0.0244284 0.0170532 0.0270858 0.0260633 0.0286067 0.0181439 0.0131792 0.0129036 0.0135924 0.00887675 0.00290875 0.000204493 5.56447e-05 0 0 0 0 0 0 0 0 0 0 0 
0 0 0 0 0 0 0 0 0 0 0 0 0 0.000658979 0.00498901 0.0153118 0.0113186 0.0114955 0.0104386 0.0086125 0.0106681 0.0131374 0.0136951 0.0129579 0.0155913 0.0180873 0.014717 0.017764 0.0198304 0.0126483 0.0199457 0.0169133 0.0122406 0.0135404 0.0151166 0.0165359 0.0156069 0.0143417 0.0130658 0.0145002 0.0107749 0.0078016 0.012811 0.0102941 0.0161571 0.0185599 0.0209069 0.0196622 0.0244635 0.0279314 0.0230046 0.0154064 0.0184857 0.0169748 0.0147296 0.00582246 0.00383794 0.00325155 2.36558e-05 0 0 0 0 0 0 0 0 0 0 
0 0 0 0 0 0 0 0 0 0 5.6294e-05 0.000964635 0.0013475 0.00533962 0.0112067 0.0165192 0.0167957 0.0164249 0.0120393 0.0103929 0.0108569 0.0121666 0.0160303 0.0133956 0.022137 0.0178099 0.0137995 0.0150543 0.0174855 0.0133142 0.0208174 0.0232322 0.0158186 0.0150213 0.0184886 0.0144936 0.0175221 0.01368 0.0152031 0.0166329 0.0127384 0.0107521 0.0133728 0.0150487 0.0158683 0.0119329 0.0138856 0.012807 0.0169611 0.0228954 0.018455 0.0113213 0.0128022 0.0158228 0.0123356 0.0131925 0.0136093 0.00480368 0.000915092 9.99199e-05 0 0 0 0 0 0 0 0 0 
0 0 0 0 0 0 0 0 0 0 0.00301324 0.00970296 0.00906733 0.0158641 0.0170664 0.0161815 0.0188248 0.0171359 0.0133825 0.0125505 0.013418 0.0161727 0.0144749 0.0157741 0.0174075 0.0195779 0.0199391 0.0151738 0.0188723 0.0171908 0.0209432 0.0166727 0.0145827 0.0135644 0.0132837 0.0124092 0.0128195 0.0165701 0.0157387 0.0166259 0.0249036 0.024981 0.0145712 0.0153524 0.0101835 0.0135796 0.0158962 0.0162567 0.0264931 0.0240845 0.017275 0.0181395 0.014071 0.0136348 0.0124826 0.0156307 0.0118744 0.00716021 0.00466403 0.00164351 9.04039e-05 0 0 0 0 0 0 0 0 
0 0 0 0 0 0 0 0 0 0.000326485 0.00631973 0.0172361 0.0209315 0.0222147 0.0245759 0.0197539 0.0198279 0.0207825 0.0169481 0.014871 0.0152051 0.0129229 0.013668 0.0180722 0.0136112 0.0190377 0.0225761 0.0177076 0.0190767 0.0215226 0.0218158 0.0205808 0.0197648 0.0181702 0.0131594 0.0161803 0.0137543 0.00968887 0.0154794 0.0200487 0.0228883 0.0253644 0.0209919 0.0165232 0.00988241 0.0109479 0.0141839 0.0188385 0.0273955 0.0228113 0.0167143 0.0185611 0.0190915 0.0160839 0.0140478 0.0161685 0.011698 0.0132532 0.00684407 0.00289052 0.000379776 5.12077e-05 0 0 0 0 0 0 0 
0 0 0 0 0 0 0 0 0 0.000378197 0.00457406 0.0131392 0.0191257 0.0212009 0.0233371 0.0220846 0.0227697 0.0195358 0.0149361 0.0217224 0.0195286 0.0116344 0.0171535 0.015129 0.014044 0.0114069 0.0152467 0.0203871 0.0204433 0.0280555 0.019556 0.0154197 0.0183286 0.0203044 0.0181503 0.0216849 0.0168723 0.0207363 0.0173185 0.0120337 0.0125089 0.0145447 0.0158071 0.0128799 0.0108324 0.0119412 0.0113656 0.0128306 0.0127401 0.0172795 0.0178167 0.0213355 0.0194134 0.021202 0.0169313 0.0163001 0.0121996 0.0101049 0.00667937 0.00768066 0.00689024 0.000944485 0 0 0 0 0 0 0 
0 0 0 0 0 0 0 0.000334772 0.00110631 0.00169119 0.00592217 0.0139154 0.0138658 0.0169948 0.018586 0.0225127 0.0230898 0.0173538 0.0157305 0.0157495 0.0200344 0.021053 0.0193764 0.0170313 0.0146415 0.0086449 0.0144033 0.0161744 0.0198756 0.0195293 0.0228765 0.0192904 0.020422 0.0189769 0.0213966 0.0206389 0.0159758 0.0190798 0.01391 0.0140759 0.00902177 0.00759805 0.00872489 0.0107268 0.0109181 0.012997 0.0156581 0.0128517 0.00978547 0.013884 0.0180363 0.0273934 0.0237327 0.0207673 0.0177415 0.0109314 0.0145424 0.0089162 0.00831094 0.0145439 0.0120195 0.00778655 0.00222942 0 0 0 0 0 0 
0 0 0 0 0 0 6.66703e-07 0.00432721 0.00632737 0.00647555 0.00927586 0.012571 0.0167234 0.0128928 0.00816523 0.0142592 0.0170256 0.0118085 0.0106536 0.0163582 0.0221586 0.0301386 0.0200122 0.0184946 0.0169423 0.0124616 0.0191022 0.0166216 0.0202302 0.0150784 0.0191402 0.01712 0.0180758 0.0228899 0.0214248 0.0193668 0.0165351 0.0203908 0.0181659 0.0135792 0.00848448 0.00647469 0.00560171 0.00756462 0.0116076 0.0119484 0.0132845 0.0110085 0.0100129 0.00754253 0.0136511 0.020281 0.0210546 0.0189831 0.0130006 0.0115447 0.0137741 0.0111154 0.0156706 0.0209529 0.0132533 0.0169219 0.00915264 1.83478e-05 0 0 0 0 0 
0 0 0 0 0 1.24277e-05 0.00208437 0.00589667 0.010688 0.0102432 0.00894713 0.0116992 0.0178722 0.0122564 0.00809442 0.0148198 0.0162582 0.0114316 0.0106414 0.0149993 0.0190786 0.0232031 0.0193294 0.0221514 0.0191207 0.0160831 0.0215858 0.0270632 0.0246343 0.019072 0.013793 0.0146301 0.0188704 0.0206514 0.0180441 0.025083 0.0281129 0.0236141 0.0176113 0.0128671 0.00986447 0.00693093 0.00700635 0.00845354 0.00975391 0.0122082 0.00969819 0.013073 0.0134787 0.0101939 0.0193351 0.0219672 0.0179296 0.0204822 0.0161187 0.0171373 0.014536 0.0229343 0.0268261 0.0253902 0.0166186 0.0158027 0.00705574 0.000407762 0 0 0 0 0 
0 0 0 0 0 0.000551085 0.00325042 0.00850305 0.0114558 0.0137426 0.0160114 0.0114875 0.0124897 0.01651 0.0149165 0.0153631 0.0137818 0.0152115 0.00941465 0.0175227 0.0228069 0.0215011 0.0201293 0.023227 0.0152542 0.0136639 0.0183925 0.0199127 0.0225829 0.019626 0.012469 0.0162651 0.0215252 0.0189926 0.042239 0.0633684 0.0491953 0.0345459 0.0187861 0.0120933 0.0165139 0.0109244 0.00934732 0.0108021 0.00956448 0.0125336 0.00946022 0.0135907 0.0166105 0.0159151 0.0216862 0.0190928 0.0144393 0.0184117 0.0165876 0.0256946 0.0270683 0.0228147 0.0257041 0.0201908 0.0205397 0.013838 0.0072469 0.000583498 0 0 0 0 0 
0 0 0 0 0 0.00214863 0.00731503 0.0107496 0.0180795 0.0119102 0.0168298 0.021751 0.0198048 0.0232461 0.0212611 0.0130345 0.0111846 0.0152216 0.0125059 0.0146742 0.0197501 0.0168618 0.018867 0.0196117 0.0188307 0.012945 0.0165214 0.0248297 0.0262999 0.0177891 0.0154463 0.0176469 0.0261316 0.0254137 0.0334694 0.0401304 0.0325474 0.0548276 0.0294737 0.0146185 0.0180797 0.0153684 0.0206199 0.0168045 0.0178405 0.0211308 0.016551 0.0174097 0.022388 0.0242172 0.0216546 0.0177394 0.0143283 0.0132674 0.0185271 0.0323363 0.0349226 0.0299733 0.0197126 0.0209115 0.0152069 0.0152917 0.00421685 3.34075e-05 0 0 0 0 0 
0 0 0 0 1.99078e-05 0.00162539 0.00664317 0.00940777 0.012392 0.0155388 0.0151446 0.0159074 0.0175992 0.0216133 0.0237281 0.0187166 0.0177838 0.0187727 0.0144619 0.0152739 0.0190607 0.0176243 0.0188459 0.0243748 0.0150672 0.0144449 0.0162231 0.0211118 0.0176201 0.0144966 0.0182246 0.0228367 0.0273844 0.0336275 0.0320856 0.0477767 0.05679 0.0739584 0.0348207 0.0268922 0.0152074 0.0152137 0.0198021 0.020791 0.0219431 0.0177803 0.0165452 0.0165309 0.0215523 0.024424 0.0214231 0.0193519 0.0219461 0.0178032 0.020218 0.0283655 0.0341404 0.0298043 0.0177052 0.0190438 0.0152228 0.00860817 0.00137403 0 0 0 0 0 0 
0 0 0 0 2.16778e-05 0.00197956 0.006583 0.0106138 0.0174154 0.0118697 0.012183 0.0150029 0.0180871 0.0158633 0.0211343 0.0188018 0.0232943 0.0185701 0.0142398 0.016844 0.0208275 0.0198773 0.0208986 0.0226064 0.0165704 0.0192193 0.0194783 0.020363 0.0148679 0.0134692 0.0156931 0.0245412 0.0680301 0.0445111 0.0332588 0.0479811 0.0558747 0.0582045 0.0305416 0.0295446 0.0254374 0.012711 0.0143268 0.0186397 0.0198045 0.0246204 0.0160947 0.0145051 0.017337 0.0262996 0.0240649 0.0251777 0.0266059 0.027954 0.021892 0.0184126 0.0284643 0.0283821 0.0238192 0.0207135 0.0178842 0.00622716 0.000882996 0.00059179 4.41377e-05 0 0 0 0 
0 0 0 0 0 0.0031751 0.0114253 0.0149071 0.0194697 0.0107102 0.011789 0.0184676 0.0192359 0.0202572 0.018947 0.0261112 0.0292688 0.0289232 0.0184858 0.018432 0.0202834 0.0211361 0.0186063 0.0197634 0.0198653 0.0222754 0.0219223 0.0233384 0.019093 0.0125994 0.0209398 0.0299867 0.0544235 0.0379644 0.0252231 0.0280022 0.0470323 0.0345391 0.0266177 0.0312784 0.0224481 0.0125152 0.0135266 0.0139083 0.0171862 0.0199501 0.0206786 0.0168919 0.0115831 0.0206605 0.0196239 0.0279655 0.034654 0.0312591 0.0168204 0.0219638 0.0231422 0.0213259 0.021788 0.0213 0.0232006 0.0115429 0.00659945 0.00778192 0.0014313 0.000537567 0 0 0 
0 0 0 0 0 0.0018646 0.0118214 0.0197167 0.0205483 0.0168051 0.011158 0.0135148 0.0175011 0.0269524 0.0245752 0.0262853 0.0304053 0.019299 0.018576 0.0212213 0.0241163 0.0185107 0.015493 0.0144227 0.0141199 0.0162332 0.0168775 0.0147444 0.0156014 0.0168741 0.0212684 0.0242495 0.029437 0.0328752 0.0247588 0.0161943 0.0159706 0.0177174 0.03292 0.0256946 0.0238647 0.0152069 0.0144502 0.0162376 0.0152767 0.0212686 0.024877 0.0217086 0.0157417 0.0172515 0.0174883 0.0247971 0.0307842 0.0272055 0.0159502 0.0121029 0.0111619 0.0190514 0.0202311 0.0207808 0.0208085 0.019483 0.0190555 0.015686 0.00412179 0.000235288 1.64563e-05 0 0 
0 0 0 0 0 0.000587657 0.00647765 0.0136616 0.0211352 0.0191936 0.00819819 0.008726 0.0207894 0.0196122 0.0174095 0.0173138 0.0197198 0.0169797 0.0150065 0.0147311 0.0217237 0.0223706 0.0235617 0.023181 0.0219625 0.0152394 0.0100584 0.0143703 0.0141906 0.0160228 0.0149883 0.0179499 0.0220167 0.0255404 0.0215822 0.0195525 0.0130239 0.0175833 0.0387797 0.037782 0.0232819 0.0189456 0.0210556 0.0164597 0.0151014 0.0148364 0.0189969 0.0195518 0.0179821 0.0170828 0.0147941 0.0191407 0.0199296 0.0138032 0.0111095 0.0126017 0.0159581 0.0252348 0.0234638 0.0204153 0.0186441 0.0162881 0.0234687 0.0157234 0.00440347 0.00059194 0.000218931 0 0 
0 0 0 0 0 6.66015e-05 0.00131268 0.00647124 0.0130539 0.0113977 0.00747672 0.0110569 0.0169992 0.0126949 0.0158428 0.0189006 0.0179912 0.0144583 0.0105316 0.0139878 0.0206899 0.0181764 0.0196677 0.0184179 0.0203839 0.0209021 0.0135825 0.0150454 0.0183311 0.0197728 0.0175542 0.0189284 0.0213396 0.021243 0.0231263 0.0242123 0.014487 0.0232508 0.020048 0.0231658 0.0312079 0.0295426 0.0283654 0.0224672 0.0205911 0.0209581 0.020282 0.0181456 0.0115655 0.0164295 0.0163966 0.0195601 0.0224869 0.0165482 0.0111666 0.0180946 0.0202575 0.0213608 0.0256242 0.0214614 0.0188661 0.0236371 0.01946 0.0115737 0.00158403 0.00037373 0.000227494 0 0 
0 0 0.000317013 0.00330652 0.00281755 0.000996759 0.000264473 0.00211475 0.00478841 0.00787852 0.0108792 0.0145614 0.012571 0.0164449 0.0230723 0.0257433 0.0169074 0.0201475 0.0198407 0.0150361 0.0179716 0.0216189 0.0218187 0.0189974 0.01913 0.0205323 0.0168269 0.0154577 0.0207114 0.0158267 0.0160221 0.0151598 0.0120502 0.0182284 0.0246039 0.0233511 0.0152327 0.0182619 0.0216515 0.0287532 0.0325066 0.0428856 0.0304987 0.0195401 0.0173448 0.0162683 0.0178283 0.0163486 0.0157709 0.0100321 0.0111912 0.019819 0.0178614 0.0198022 0.0217543 0.0177906 0.0207208 0.0243734 0.0208471 0.0187658 0.0164396 0.0152827 0.0160862 0.0119048 0.00117173 0.000440763 0.000651685 0.000176308 8.43494e-06 
0 1.64347e-05 0.00137841 0.00797034 0.0161423 0.010156 0.00342184 0.000265699 0.00186731 0.00776639 0.0181556 0.0157226 0.014981 0.0133144 0.0162133 0.0216803 0.0184086 0.01931 0.0151615 0.0130201 0.0169493 0.0194861 0.0184576 0.0156218 0.0169501 0.0238292 0.0183393 0.020726 0.0240619 0.0143483 0.0164373 0.0196776 0.0183909 0.0236431 0.0237381 0.0173444 0.0142614 0.0158504 0.0233067 0.0254913 0.0276304 0.0292382 0.0273896 0.0158451 0.0200303 0.0180793 0.0165467 0.0169686 0.0172774 0.0148733 0.0152707 0.0193936 0.0181654 0.0131968 0.0193529 0.0196201 0.0185753 0.0239721 0.0211061 0.0140015 0.0142553 0.0125189 0.0156867 0.00968047 0.00230285 0.000967178 0.00144513 0.00731691 0.00116598 
0 0.000890812 0.00548987 0.0141942 0.025276 0.0289492 0.011953 0.00388966 0.00647678 0.0186056 0.0228894 0.0209367 0.0163324 0.011776 0.0172319 0.0150851 0.0202745 0.0144537 0.0135009 0.0117753 0.015055 0.0154997 0.0123958 0.0152437 0.0182679 0.0150168 0.018265 0.0201555 0.0158897 0.0159141 0.013639 0.0210607 0.0274184 0.0240224 0.0217187 0.0182103 0.0222911 0.0226971 0.0232142 0.0204032 0.022188 0.0238127 0.0213561 0.0160446 0.021628 0.0185606 0.0166831 0.0182542 0.0183512 0.0188282 0.013095 0.012782 0.0173711 0.0154015 0.023279 0.023858 0.0184777 0.0203089 0.0132497 0.0104519 0.0182911 0.0162885 0.0145637 0.00850222 0.002508 0.00133177 0.00222459 0.00779558 0.00255 
0 0.000825493 0.00421647 0.0108336 0.0213677 0.0261046 0.0174692 0.0138596 0.0115355 0.0225582 0.0257248 0.0238431 0.0192751 0.0160123 0.0153582 0.0169129 0.0148011 0.0123982 0.0180581 0.0188684 0.0158081 0.021067 0.0167399 0.0117658 0.0155253 0.0138861 0.0204782 0.0207248 0.0171688 0.0185792 0.015664 0.021836 0.0300133 0.0220436 0.0187401 0.0165646 0.0214386 0.0310654 0.0237299 0.0189416 0.0197022 0.0180968 0.0193412 0.0192233 0.0238315 0.0271359 0.0223951 0.0209577 0.0171648 0.0150719 0.00995963 0.00727844 0.0133045 0.0144711 0.0172037 0.0200008 0.0145857 0.0162696 0.0123231 0.0173077 0.0159528 0.0131681 0.00799197 0.00387825 0.00204221 0.0027068 0.00928148 0.0121724 0.00370154 
0 0.000889181 0.0035835 0.00720921 0.0156104 0.0216791 0.0127996 0.0109759 0.0109672 0.0195172 0.0211986 0.0192861 0.0216043 0.0196956 0.0174593 0.0193322 0.0183542 0.018268 0.0172314 0.0174301 0.0143738 0.0151677 0.0126893 0.0124806 0.0166165 0.0177157 0.0158667 0.016316 0.0148959 0.0171149 0.0158712 0.0230679 0.0338568 0.0325424 0.0253226 0.0259673 0.0233529 0.0194145 0.0182199 0.0190409 0.013057 0.0118174 0.0161152 0.0178802 0.0165091 0.0202103 0.0277177 0.0156363 0.013537 0.0166846 0.013817 0.0107238 0.00907436 0.0171673 0.0165732 0.0183393 0.0154768 0.0187836 0.0124807 0.0168147 0.0111835 0.0105182 0.0082643 0.0115839 0.00978877 0.010269 0.0168602 0.0131975 0.00444313 
3.18942e-05 0.00208104 0.008044 0.00791268 0.0110082 0.0141754 0.014095 0.013209 0.0138335 0.0186164 0.0154392 0.0212062 0.0233702 0.0207337 0.0179922 0.0215696 0.023908 0.0151063 0.0150937 0.0144724 0.0129465 0.0130239 0.0124511 0.0168645 0.0167972 0.018506 0.0161179 0.0186095 0.0193488 0.0245229 0.0299279 0.0304154 0.0287594 0.0239547 0.0220109 0.0252492 0.0187662 0.019879 0.0228927 0.0230443 0.0127608 0.0152211 0.020985 0.0211989 0.0227454 0.0262628 0.0253619 0.0169229 0.0143303 0.0208028 0.0241822 0.0157359 0.0116633 0.0121355 0.017621 0.0167672 0.0214186 0.0240761 0.0193933 0.0177973 0.0120334 0.0115916 0.0166265 0.0267345 0.0222622 0.0234343 0.0182918 0.00670757 0.00208164 
0.000123292 0.00544112 0.0119123 0.0116307 0.0142237 0.0107218 0.0103804 0.00806453 0.0115436 0.0164458 0.0155314 0.0155529 0.0171692 0.0216169 0.017474 0.015128 0.0173745 0.0157483 0.0238866 0.0193594 0.0184388 0.0440774 0.033943 0.0210362 0.0176804 0.0190717 0.0167075 0.0188167 0.0240206 0.0387202 0.0278179 0.0227149 0.0241201 0.0458973 0.0296088 0.0189793 0.0153485 0.0198917 0.0227298 0.0214471 0.0182166 0.0160948 0.0226422 0.0208099 0.0217094 0.0227662 0.0180152 0.0185519 0.0162651 0.0145668 0.0233036 0.0171119 0.0157876 0.0180138 0.0173648 0.0253637 0.0253166 0.0215141 0.0202598 0.0174234 0.0165517 0.0138021 0.0283996 0.0304923 0.0247441 0.019997 0.0105709 0.0038878 0.000419341 
3.28866e-05 0.0023003 0.00808375 0.0085634 0.00742403 0.00778323 0.0121842 0.0144404 0.0133176 0.0145926 0.0137931 0.0116642 0.0190417 0.0201329 0.0161813 0.0121183 0.0180396 0.0177903 0.0213522 0.0229389 0.0349937 0.0730115 0.0297247 0.0173147 0.0224956 0.0223117 0.0169814 0.0164097 0.019988 0.0321877 0.0244024 0.023286 0.0247533 0.0343154 0.0279251 0.0232642 0.0175007 0.02941 0.0324664 0.0259691 0.0287544 0.0250461 0.0218977 0.021689 0.0177353 0.0202591 0.0165718 0.0132384 0.0135454 0.0170463 0.0193617 0.0171347 0.0133431 0.0176724 0.0196924 0.0277842 0.0206645 0.0238554 0.0184084 0.0173967 0.0267003 0.025662 0.0361035 0.0309078 0.0203116 0.0182321 0.00877966 0.00168189 0 
0.000551299 0.00491718 0.0116325 0.0086161 0.00772301 0.00887323 0.0129504 0.0133941 0.0133312 0.0163512 0.0180945 0.0122026 0.020068 0.016307 0.014419 0.0149984 0.0249511 0.0206343 0.0217937 0.0202264 0.0436054 0.0449239 0.0287032 0.0304548 0.0208348 0.0193337 0.0161219 0.0175033 0.0164002 0.028307 0.0248903 0.0235672 0.0206492 0.0259956 0.0272731 0.0305465 0.0256285 0.0257309 0.0294946 0.0225925 0.0273563 0.0271259 0.0240265 0.0240695 0.018321 0.0223387 0.0203225 0.0155642 0.0175529 0.0222304 0.0217804 0.0167917 0.0136504 0.0209291 0.0200954 0.0217829 0.0207081 0.0223337 0.0195671 0.0211632 0.0202068 0.0269618 0.0370819 0.0354645 0.0273083 0.0186902 0.00911217 0.00210073 0.000149221 
0.000562445 0.0113872 0.0154906 0.00776009 0.00646489 0.00737412 0.0129487 0.0176486 0.0193731 0.0149798 0.0124517 0.013463 0.017599 0.0138887 0.0132522 0.0194512 0.0224344 0.0154923 0.0196728 0.015238 0.0251409 0.0362241 0.0255849 0.0275934 0.025095 0.017703 0.0162784 0.021183 0.0187367 0.0207351 0.0181389 0.0232775 0.0216049 0.0283743 0.0358388 0.049565 0.0450991 0.0289656 0.026933 0.023496 0.0247043 0.0228569 0.0220721 0.0296599 0.0232713 0.0210306 0.0223566 0.0180297 0.0223274 0.0230558 0.0226719 0.0141168 0.0142029 0.0178019 0.0214634 0.0177867 0.0179037 0.0178544 0.0258373 0.0180438 0.019032 0.0157964 0.0244086 0.0308778 0.0237437 0.0155579 0.00878375 0.00298191 0.000251759 
0.000661716 0.006425 0.0143701 0.0113452 0.00951965 0.00710849 0.0126235 0.0215483 0.0266178 0.0215006 0.0145017 0.0160001 0.0142484 0.0116013 0.0155628 0.0176306 0.0155946 0.015939 0.0155626 0.0104799 0.0122937 0.0235985 0.0284991 0.0267445 0.0461207 0.0233929 0.0305096 0.0326381 0.0168073 0.0156821 0.0225804 0.033929 0.0279847 0.0320633 0.0376859 0.066197 0.0574933 0.0300779 0.0243028 0.0184523 0.0182545 0.0174397 0.0216229 0.0292381 0.0216856 0.0169438 0.0204749 0.0242358 0.0211398 0.0152935 0.0128388 0.0149043 0.0200462 0.0201336 0.0157419 0.0137205 0.016382 0.0181903 0.0154419 0.00887445 0.0100271 0.0136735 0.0167016 0.0285385 0.0225354 0.0159258 0.0158148 0.0121604 0.00256344 
0 0.00203588 0.00800348 0.00662909 0.00849923 0.00535505 0.00957003 0.0151573 0.0245095 0.0242827 0.0198821 0.0166228 0.019216 0.0189028 0.0171849 0.0173076 0.0112088 0.0157004 0.020883 0.0192569 0.0141656 0.018521 0.0215772 0.0162911 0.0457629 0.0451517 0.0436411 0.0380439 0.0283793 0.0242044 0.0494507 0.060229 0.0476503 0.0432482 0.034658 0.0299526 0.0317265 0.022999 0.0267296 0.0154926 0.0140307 0.0164861 0.0255122 0.0269776 0.0259921 0.021399 0.0330478 0.0307347 0.0215504 0.022597 0.0144336 0.019454 0.0183532 0.0180255 0.0174024 0.0184832 0.0176248 0.0159574 0.0117864 0.0157138 0.0139753 0.0177249 0.0162306 0.0197193 0.02986 0.0239949 0.0148825 0.0125 0.00392079 
0 0.000497421 0.0061521 0.00684706 0.00800492 0.00509086 0.00372665 0.00808529 0.0156609 0.0257793 0.0323193 0.0241559 0.0259778 0.0194325 0.0156448 0.0109364 0.00794062 0.00855923 0.0135235 0.0157691 0.0152319 0.0204952 0.0225916 0.0188011 0.0202753 0.0418161 0.0533137 0.0441777 0.028056 0.0279094 0.0625766 0.0515477 0.038976 0.0464775 0.0554103 0.0380911 0.0304037 0.020649 0.0173089 0.0188688 0.0168542 0.0137252 0.0200549 0.0225228 0.021789 0.0175107 0.0290226 0.0262798 0.0191476 0.0221652 0.0148956 0.0208458 0.0178392 0.0179845 0.0204015 0.017442 0.0146728 0.0149045 0.0178094 0.0185018 0.019043 0.0191526 0.0203278 0.0159264 0.0214929 0.0189583 0.0170909 0.0138391 0.00590741 
0 1.34842e-06 0.00257837 0.00373402 0.00447234 0.00377872 0.00387231 0.00842112 0.0131371 0.0196469 0.0270625 0.0227939 0.0247211 0.0184202 0.0101003 0.0110864 0.00899845 0.0135046 0.0160702 0.0160181 0.0154657 0.0165394 0.0143726 0.0160879 0.0202902 0.0369395 0.0525211 0.0434366 0.0299527 0.0248208 0.0401188 0.0393362 0.0288519 0.0223121 0.0375602 0.0232455 0.0200466 0.0260855 0.0243145 0.0212614 0.0153726 0.0121406 0.0155223 0.0149672 0.0176873 0.0202099 0.0205311 0.0174294 0.019846 0.0131697 0.0106978 0.0207169 0.0191094 0.0225586 0.0164685 0.0120125 0.0154738 0.0194597 0.0255545 0.0178153 0.022721 0.0205133 0.0211419 0.017883 0.0218675 0.018014 0.021627 0.0150736 0.0030203 
1.88989e-06 0 0.00163615 0.000804468 0.00102534 0.00376853 0.00734671 0.0118099 0.0149232 0.0148516 0.0160179 0.0127522 0.0150387 0.0112038 0.0097999 0.00827379 0.0118809 0.0159512 0.0209918 0.020361 0.0174894 0.00928245 0.00905897 0.0126078 0.014103 0.0188479 0.0410283 0.0344458 0.0351818 0.0314515 0.0324164 0.0342074 0.0258052 0.0237946 0.0259656 0.022165 0.0291139 0.0272178 0.0211705 0.0216932 0.0166518 0.0175956 0.0183638 0.0146603 0.0180886 0.0200806 0.0203622 0.0180462 0.0256567 0.0270161 0.0142983 0.0219578 0.017587 0.0186347 0.0145088 0.0205283 0.0211669 0.0207389 0.0260286 0.0245887 0.0238035 0.0215532 0.0141937 0.0146355 0.0151942 0.014282 0.025446 0.0199084 0.00696703 
8.43519e-05 0 0.000499711 0.00025232 0.00121127 0.00614291 0.00782996 0.00956951 0.0149433 0.011158 0.00716899 0.00504175 0.0067956 0.0120133 0.0124384 0.0100851 0.0109456 0.0114735 0.0155359 0.0154429 0.012054 0.00670009 0.00763845 0.0168891 0.018355 0.0215183 0.0344892 0.0404682 0.0404814 0.0417798 0.0395589 0.0375856 0.0344482 0.0361385 0.0322048 0.0281687 0.0379402 0.0295052 0.0264144 0.0302553 0.0240146 0.0233995 0.0170775 0.0188116 0.0191384 0.0160617 0.0124808 0.0188611 0.0658796 0.0488793 0.0176168 0.0167745 0.0216653 0.0196947 0.0126999 0.0148073 0.0198156 0.0188031 0.016298 0.0210474 0.0213441 0.0209311 0.0157881 0.0163189 0.0174415 0.0258724 0.0199134 0.0169205 0.00631338 
0 0 0 0.000165386 0.0010711 0.0058742 0.0098026 0.00935157 0.016228 0.0143539 0.00459378 0.00358691 0.00700434 0.0156085 0.015686 0.0151899 0.0106788 0.00618211 0.0101461 0.0124975 0.0150504 0.012805 0.00429295 0.0125313 0.0176543 0.0162365 0.023484 0.04097 0.0429519 0.0548604 0.05451 0.0336374 0.0289036 0.0252309 0.0260247 0.0263375 0.03996 0.0265262 0.021753 0.0245528 0.0249556 0.0214697 0.0143783 0.0164806 0.0271724 0.0206049 0.0141798 0.0201974 0.041738 0.0351687 0.0209759 0.019554 0.0212671 0.0190006 0.00894488 0.00967442 0.0179153 0.0200901 0.0185773 0.017465 0.0182274 0.0242728 0.0284375 0.0338091 0.0323566 0.0281837 0.0150847 0.0122366 0.00411616 
0 0 2.23829e-05 0.000903694 0.00400945 0.0110729 0.0124165 0.0127097 0.0142563 0.00626903 0.00243511 0.00326111 0.00947825 0.0201282 0.0150485 0.0141003 0.0130782 0.00622531 0.0152303 0.022309 0.0196484 0.0156812 0.00811996 0.0102123 0.0178203 0.0140397 0.0153697 0.0242669 0.0496706 0.0630429 0.0505088 0.0274923 0.0149216 0.0161824 0.0289919 0.0286181 0.0336835 0.0296826 0.0244557 0.0217508 0.0267667 0.0165755 0.0159438 0.015187 0.0273831 0.0267412 0.0196593 0.0183988 0.0204378 0.0183247 0.017879 0.0127032 0.0157806 0.017423 0.0110838 0.0101531 0.0246894 0.0208624 0.0123203 0.0128461 0.022702 0.0256243 0.035586 0.0442745 0.0310607 0.0303874 0.0194496 0.00543842 0.000950947 
0 0 0.00061878 0.00316061 0.0129441 0.0196062 0.0143775 0.00836924 0.00681005 0.00659351 0.00660192 0.0115364 0.0168388 0.0191261 0.0161114 0.00997974 0.00989859 0.0113248 0.0155336 0.021317 0.0278875 0.0200761 0.011407 0.00748447 0.0138637 0.0152053 0.0148654 0.0166668 0.0310719 0.039906 0.0334185 0.0173816 0.0150321 0.0189265 0.0315462 0.0253333 0.0183501 0.0260405 0.0228781 0.0217048 0.0216603 0.0178857 0.0206734 0.0329088 0.0270786 0.0239701 0.0167944 0.0194585 0.0163305 0.0156703 0.0158119 0.00802999 0.00406317 0.00849547 0.0132692 0.0176239 0.0268905 0.0223512 0.0146561 0.00939748 0.0232411 0.0247582 0.0274285 0.0284426 0.0250753 0.0281496 0.0235115 0.00677001 0.000264775 
0 0 0.00153141 0.00511205 0.0166168 0.0131841 0.0137906 0.00803005 0.00720127 0.0165675 0.0124456 0.0130439 0.0182799 0.0163939 0.00837053 0.011382 0.0195295 0.0152991 0.0107147 0.0136585 0.0256549 0.028326 0.0133315 0.00669332 0.00726966 0.0142204 0.0169538 0.0174838 0.0180715 0.0264511 0.0188743 0.0154093 0.0154008 0.0162756 0.0262589 0.0233517 0.0239303 0.0327239 0.0239325 0.0240051 0.0227708 0.0258659 0.028347 0.0352978 0.0300951 0.0239928 0.0214813 0.0220213 0.0171823 0.01405 0.016854 0.0140412 0.00575895 0.00541721 0.0124287 0.0214922 0.0276631 0.0293911 0.0201352 0.0148352 0.0190509 0.0216077 0.0256352 0.028865 0.0274363 0.0234505 0.0140703 0.00613873 2.91104e-05 
0 0 0.000572821 0.00649473 0.0125899 0.011036 0.0145152 0.0113032 0.0187157 0.0467809 0.0208423 0.0204271 0.0184185 0.014452 0.0101614 0.0137181 0.0207412 0.0190984 0.0220942 0.0200878 0.0214317 0.022497 0.0235148 0.015438 0.012634 0.0142878 0.016915 0.0182457 0.0167749 0.0168093 0.0182884 0.0199428 0.0173246 0.0218393 0.0222407 0.0349926 0.0376611 0.0351057 0.0207695 0.021321 0.0223091 0.0281035 0.034684 0.0318787 0.0297188 0.0239612 0.0218935 0.0224531 0.0204079 0.0119603 0.0151951 0.016515 0.00758207 0.00743292 0.0183173 0.0200979 0.0250122 0.0191994 0.0128751 0.0135419 0.0143412 0.0195211 0.0211512 0.0255044 0.0273855 0.0171581 0.00674917 0.00310533 9.89389e-06 
0 0 0.000415884 0.00451662 0.0141089 0.0139289 0.0125921 0.0154356 0.0175643 0.0359446 0.0214533 0.0245099 0.0181919 0.015363 0.0162952 0.0150313 0.0239335 0.0326104 0.0423791 0.0258519 0.0195563 0.0202706 0.0305311 0.0314975 0.0298276 0.0222843 0.0169326 0.0175162 0.0209882 0.0235221 0.0185476 0.0195823 0.0203767 0.0198653 0.0199303 0.0386337 0.0281556 0.0251098 0.0213151 0.0238761 0.0219589 0.0258289 0.0380208 0.0293329 0.0181223 0.0173176 0.0155134 0.0170196 0.0189475 0.017379 0.0159405 0.0169868 0.0120729 0.0126612 0.02301 0.0206106 0.021243 0.0157224 0.0117338 0.0131397 0.0166476 0.0173764 0.018762 0.0260496 0.0279748 0.0130542 0.00319887 0.000398083 0 
0 0 4.84604e-05 0.00220928 0.0087543 0.0170813 0.0182039 0.0151662 0.00856643 0.0107272 0.022749 0.026073 0.0152998 0.0114715 0.00723993 0.0118643 0.0426551 0.0567494 0.056892 0.0321423 0.0204085 0.0177652 0.0263584 0.0311841 0.0227409 0.0250034 0.0181467 0.0112936 0.013493 0.0157665 0.0171737 0.0203911 0.0166724 0.0197135 0.0296926 0.0320808 0.0191385 0.0187751 0.0151872 0.0214015 0.0281784 0.0292915 0.0330402 0.0242113 0.0220778 0.0164355 0.0210446 0.0173775 0.0191611 0.0170515 0.0129822 0.017108 0.0221625 0.0242831 0.0196412 0.0202595 0.0173229 0.0157505 0.024869 0.0228698 0.0223955 0.0289924 0.0206499 0.0291677 0.0226598 0.0103295 0.00168068 0.000117333 0 
0 0 0 0.000197805 0.00498947 0.0170788 0.0164899 0.0197087 0.0193067 0.0242054 0.0210047 0.0183401 0.00543443 0.00256789 0.000404711 0.00514457 0.0380085 0.0349782 0.0304267 0.0255251 0.022447 0.0229401 0.0221543 0.0240953 0.0284878 0.0279682 0.0210987 0.0101934 0.0145719 0.0229897 0.0261571 0.020457 0.019129 0.018324 0.0258175 0.0227568 0.0211132 0.0177187 0.0173152 0.0249189 0.0299311 0.0325548 0.0238728 0.0163401 0.0288982 0.0233442 0.02132 0.0192172 0.0171221 0.0151784 0.0146321 0.0211818 0.0209091 0.0205066 0.01308 0.0125794 0.0216863 0.0240517 0.023407 0.0243876 0.0214988 0.0258834 0.0253545 0.0248978 0.0165824 0.00929698 0.00101838 0 0 
0 0 0 0.000168129 0.00266524 0.0101509 0.019091 0.0227354 0.0237965 0.0201563 0.0221839 0.0130054 0.00386547 0.000828786 0.000199221 0.000681268 0.00854934 0.0151993 0.0201648 0.0238496 0.0206374 0.020851 0.0335223 0.0293972 0.0256819 0.0278866 0.0297138 0.0248996 0.0263081 0.0275803 0.0254675 0.0251877 0.0174189 0.021087 0.027655 0.0224007 0.0239935 0.0218659 0.0200994 0.0225107 0.0295537 0.0311093 0.0217072 0.0154505 0.0204071 0.0270344 0.0219828 0.0243794 0.0234053 0.0151691 0.0160503 0.0149137 0.0150609 0.015661 0.0141229 0.0160344 0.0256202 0.0309724 0.0279321 0.0263348 0.0243678 0.0256027 0.0193031 0.0102662 0.00464293 0.00444561 0.00024631 0 0 
0 0 0 0 0.000419601 0.00489614 0.0173937 0.022437 0.0198123 0.019128 0.0223818 0.020436 0.012391 0.000625103 4.97422e-05 0.000994671 0.00343252 0.00588227 0.016187 0.0224872 0.0185328 0.0178382 0.023003 0.0216093 0.020832 0.0274703 0.0256536 0.0200076 0.0274351 0.0281763 0.0275308 0.0314334 0.0145695 0.0168373 0.0281156 0.0347433 0.0256229 0.0228156 0.0222579 0.0230788 0.0297227 0.0271101 0.0209491 0.0147383 0.0199477 0.0210816 0.0211033 0.0217332 0.0251642 0.0244186 0.0147687 0.013437 0.015997 0.023351 0.0280898 0.0317763 0.0382085 0.031251 0.0324669 0.0286068 0.0282002 0.0209876 0.0106177 0.00417005 0.00397597 0.000874666 0 0 0 
0 0 0 0 0 0.00101732 0.00970861 0.0201389 0.0184749 0.0144317 0.0177457 0.0132718 0.00434587 0.000251023 0.00114023 0.00260957 0.00104931 0.00544107 0.0197851 0.0188081 0.0164218 0.0152116 0.0122391 0.0129527 0.0187007 0.0314766 0.0250082 0.0213786 0.0241888 0.0313303 0.0256625 0.0282125 0.028455 0.0234394 0.028486 0.038802 0.0233886 0.0249702 0.027486 0.0337501 0.0310943 0.0266695 0.0213559 0.0105005 0.0194216 0.0261862 0.0165209 0.01796 0.0191756 0.0179569 0.0143608 0.0149696 0.0227122 0.0439386 0.106431 0.066251 0.0364298 0.0303963 0.0283645 0.0209582 0.0211448 0.0202573 0.0108894 0.00218544 0.00105277 0.000289897 0 0 0 
0 0 0 0 0 0.000183268 0.00629856 0.0136941 0.0107869 0.00755132 0.00877154 0.00803947 0.000638357 0.00405183 0.0148388 0.0159156 0.00934138 0.0147083 0.0256661 0.0191787 0.0181104 0.0220423 0.0175803 0.00914685 0.0127939 0.0243024 0.0293759 0.0190498 0.0216563 0.0281277 0.03482 0.0324809 0.0286632 0.0261419 0.0212122 0.0240771 0.0275096 0.0419769 0.0318695 0.0366279 0.0257785 0.023348 0.0168061 0.0090148 0.0125847 0.0197083 0.0186085 0.0200439 0.0266956 0.0243453 0.0224399 0.0141234 0.0180595 0.0467046 0.118452 0.0828079 0.0211909 0.0228694 0.0290763 0.0204782 0.0135725 0.0134432 0.00900008 0.00223881 0.000201911 0 0 0 0 
0 0 0 0 0 0.000123166 0.00185325 0.00304752 0.00697163 0.00460038 0.00129368 0.000964132 0.00107523 0.0159834 0.0419573 0.0336151 0.0231208 0.0253832 0.0270407 0.0174254 0.0227107 0.022787 0.0267792 0.0121973 0.0132671 0.0275572 0.0334215 0.0221882 0.0278034 0.0214226 0.0236554 0.0264416 0.023252 0.0235827 0.0141406 0.0163968 0.0224847 0.0323393 0.029832 0.0271322 0.0202775 0.0239205 0.0138719 0.0122277 0.0171538 0.0210271 0.0236743 0.0337116 0.0467085 0.0490555 0.0345144 0.0272615 0.0205242 0.0252184 0.038705 0.0387059 0.0158866 0.02037 0.022542 0.00417994 0.00423466 0.00363869 0.00142669 0.00010653 1.40275e-05 0 0 0 0 
0 0 0 0 0 0 0 0.000286433 0.00208443 0.00332971 0.00330229 0 0.00217368 0.0225702 0.0345792 0.0449803 0.0367293 0.039378 0.0302631 0.0234698 0.0197636 0.0240416 0.0303114 0.0212098 0.014164 0.023157 0.0316553 0.0275777 0.0290212 0.0244213 0.0295838 0.0272232 0.0193632 0.0238003 0.0161347 0.013833 0.0185816 0.0228677 0.0314262 0.0268156 0.0199661 0.0149865 0.0140111 0.0252471 0.0221214 0.0240075 0.0327223 0.0307788 0.0304597 0.0361153 0.034675 0.0232748 0.0210287 0.0219579 0.0232996 0.0251761 0.0171169 0.0198903 0.0169437 0.00826784 0.00779004 0.000209789 0 0 0 0 0 0 0 
0 0 0 0 0 0 0 0.000246283 0.00265095 0.0228677 0.0184178 6.48295e-06 0.00285397 0.0197865 0.0277383 0.0369528 0.0446007 0.0410346 0.0282181 0.0230882 0.0220875 0.0208691 0.0240849 0.0214557 0.0151003 0.0251303 0.0287687 0.0245342 0.0311953 0.0377932 0.0307663 0.0206211 0.0176911 0.0188983 0.0180578 0.0212557 0.0249073 0.0169089 0.0208768 0.0200573 0.0213778 0.021856 0.0211865 0.0332683 0.0262239 0.0223951 0.0215372 0.0264029 0.0304392 0.0282137 0.026082 0.022466 0.0250703 0.0216666 0.0184407 0.0244189 0.0253458 0.0270199 0.0205031 0.0108973 0.00964743 0.000186596 0 0 0 0 0 0 0 
0 0 0 0 0 0 0 0 0.000851779 0.0131501 0.00684453 0.000249374 0.00487389 0.0236274 0.0303373 0.0307711 0.0275607 0.0267482 0.0241802 0.0254985 0.0234351 0.0205124 0.018242 0.0147639 0.0156641 0.0253859 0.0207392 0.0178784 0.0201663 0.0315403 0.0386355 0.0329099 0.0255314 0.0235631 0.0218819 0.0175097 0.0202648 0.0187225 0.0189575 0.0160304 0.0166116 0.0254265 0.0256071 0.0230225 0.0242302 0.0330653 0.0190921 0.0125477 0.0222561 0.0236807 0.0205813 0.0219212 0.0274969 0.0291632 0.0225719 0.0328733 0.0334413 0.0365316 0.0251161 0.00719359 0.00173164 0.000234162 0 0 0 0 0 0 0 
0 0 0 0 0 0 0 0 0 0.00297859 0.000663788 0.00151563 0.00936307 0.022791 0.0244223 0.0186911 0.020042 0.0268795 0.02678 0.0248959 0.0245299 0.023729 0.0194108 0.0172945 0.026015 0.0208429 0.0160505 0.0116109 0.0173921 0.0280354 0.0363569 0.0348116 0.0324267 0.0263118 0.0215657 0.0148364 0.0168674 0.0224923 0.0214543 0.0242045 0.0161538 0.0174673 0.022862 0.0213616 0.0330494 0.0691897 0.0479055 0.0107908 0.0119285 0.00704072 0.00806062 0.0153083 0.0293965 0.0285512 0.0220158 0.0219805 0.0250812 0.0331889 0.0290924 0.0115666 0.00140414 0 0 0 0 0 0 0 0 
0 0 0 0 0 0 0 0 0 0 0 0.000816028 0.0102862 0.0226468 0.0304989 0.0306909 0.0301718 0.032827 0.0269245 0.0223188 0.0282999 0.0258989 0.0265786 0.0215163 0.0200782 0.017479 0.014844 0.0232148 0.0343472 0.0287444 0.0311039 0.0355707 0.0248317 0.0280279 0.0226738 0.0225378 0.0281751 0.0296313 0.0214307 0.0153834 0.015786 0.0258258 0.0198517 0.0219022 0.0219993 0.0595175 0.0380728 0.0152547 0.014878 0.00513035 0.00578047 0.0117459 0.0147102 0.0133582 0.0160839 0.0104451 0.00920642 0.0143521 0.0143868 0.00430643 3.18789e-05 0 0 0 0 0 0 0 0 
0 0 0 0 0 0 0 0 0 0 0 0.000246182 0.00681417 0.026907 0.0425237 0.0341648 0.0241443 0.0220705 0.0250969 0.0200027 0.0269526 0.022677 0.0232804 0.0209677 0.0297061 0.0249557 0.0228247 0.0261731 0.027661 0.0192588 0.0151728 0.0212967 0.0236382 0.0273399 0.0205713 0.0325676 0.0319635 0.0413104 0.0302184 0.0176405 0.0115336 0.0264557 0.0171347 0.0139529 0.0162241 0.0154695 0.0177666 0.014313 0.0110462 0.00337918 0.00585818 0.00728799 0.0131587 0.0186692 0.0259514 0.0175268 0.00765753 0.00114695 0.00102062 0.000209715 0 0 0 0 0 0 0 0 0 
0 0 0 0 0 0 0 0 0 0 0 0 0.00135455 0.0152138 0.0300497 0.0291897 0.0224007 0.0285478 0.0304162 0.0311619 0.0239665 0.0271393 0.0293043 0.0339595 0.0329235 0.0259092 0.0271303 0.0319576 0.0247638 0.00878231 0.00490444 0.011826 0.0241929 0.0256816 0.0245975 0.0307987 0.0340706 0.03937 0.0365888 0.0398376 0.0268194 0.0167949 0.0160115 0.0129872 0.0149017 0.019567 0.0148868 0.012091 0.00624896 0.00402583 0.00345231 0.00726383 0.0132749 0.0144954 0.0189303 0.0168554 0.00445292 0.000400731 0 0 0 0 0 0 0 0 0 0 0 
0 0 0 0 0 0 0 0 0 0 0 0 0 0.000722947 0.0104705 0.0170247 0.0210547 0.0292664 0.0339487 0.0365251 0.0376674 0.0296816 0.0346835 0.0389215 0.0427316 0.0401745 0.0420891 0.0480715 0.0304344 0.0112107 0.00390194 0.0147608 0.0292295 0.0366446 0.0332843 0.0341699 0.0317855 0.0357643 0.043412 0.0481936 0.0442079 0.0273595 0.0214646 0.0183939 0.0265914 0.0260406 0.0160139 0.00939073 0.00884707 0.00582578 0.00389027 0.00811997 0.0201365 0.0119688 0.0109203 0.00632519 0.00063958 0 0 0 0 0 0 0 0 0 0 0 0 
0 0 0 0 0 0 0 0 0 0 0 0 0 2.54861e-06 0.00145209 0.00980189 0.0167834 0.0223483 0.027744 0.0293551 0.035267 0.0354639 0.0426018 0.0587886 0.0477909 0.0423004 0.0450619 0.0468576 0.0397358 0.0195435 0.00757822 0.00427287 0.0212037 0.0326544 0.045579 0.0420693 0.0367596 0.0337705 0.0302271 0.0357835 0.0391895 0.0383369 0.0338918 0.0263321 0.0405231 0.0306841 0.0213918 0.0200573 0.0172856 0.0125733 0.00783803 0.00551236 0.00732971 0.00570654 0.00406727 0.000538017 2.81504e-05 0 0 0 0 0 0 0 0 0 0 0 0 
0 0 0 0 0 0 0 0 0 0 0 0 0 0 1.78478e-05 0.00120281 0.00537377 0.0151403 0.0205707 0.023415 0.0245574 0.0288401 0.0525777 0.0698556 0.049355 0.0270753 0.0268687 0.0440553 0.04646 0.02557 0.00743046 0.000846835 0.010828 0.0314034 0.0293495 0.0277087 0.0256452 0.0278969 0.0303493 0.0285816 0.0350432 0.0426559 0.0372639 0.0288403 0.0293358 0.0259586 0.0236928 0.0310294 0.0294857 0.0229141 0.00795435 0.00290536 0.00234724 0.000661657 0.00014698 0 0 0 0 0 0 0 0 0 0 0 0 0 0 
0 0 0 0 0 0 0 0 0 0 0 0 0 0 0 0 0.00035566 0.00308957 0.00673658 0.0128105 0.0143137 0.0211129 0.044645 0.047584 0.0488592 0.0377422 0.0269736 0.0308229 0.0273859 0.0326128 0.0131834 0.000138715 0.00555217 0.0301645 0.0317567 0.028804 0.0311117 0.0324573 0.0465603 0.0416563 0.0358578 0.0319315 0.022625 0.0194178 0.0257635 0.0253303 0.0220159 0.0271957 0.013589 0.00565864 0.000680735 9.41084e-05 0 0 0 0 0 0 0 0 0 0 0 0 0 0 0 0 0 
0 0 0 0 0 0 0 0 0 0 0 0 0 0 0 0 0 0 8.41909e-05 0.00163933 0.00431194 0.0112462 0.0213716 0.0356294 0.0378801 0.0477787 0.0290542 0.0137854 0.016401 0.0532359 0.0294101 0.00188155 0.00364624 0.0211038 0.0317563 0.0299261 0.0296233 0.0352547 0.0379234 0.0255624 0.0208813 0.0169709 0.0187769 0.0186691 0.0329166 0.0399414 0.0162653 0.0104342 0.00217171 3.75376e-06 0 0 0 0 0 0 0 0 0 0 0 0 0 0 0 0 0 0 0 
0 0 0 0 0 0 0 0 0 0 0 0 0 0 0 0 0 0 0 0 0.000198775 0.0026707 0.00357856 0.0130602 0.0224255 0.0190066 0.0203938 0.0115111 0.0142072 0.0312776 0.0214982 0.00298175 0.0023915 0.0175898 0.0365324 0.0377736 0.032204 0.0252207 0.0272442 0.0224991 0.0210271 0.0211105 0.0283002 0.0243187 0.0264574 0.0238105 0.00373457 0 0 0 0 0 0 0 0 0 0 0 0 0 0 0 0 0 0 0 0 0 0 
0 0 0 0 0 0 0 0 0 0 0 0 0 0 0 0 0 0 0 0 0 0 9.99706e-05 0.00136141 0.00639173 0.006268 0.0070836 0.00961522 0.0143875 0.0135898 0.00439154 0.00120935 0.00300458 0.00775826 0.0232326 0.0308387 0.0213397 0.0163807 0.021503 0.0174208 0.016748 0.0115557 0.0129491 0.0176922 0.0115273 0.00385565 0.00013421 0 0 0 0 0 0 0 0 0 0 0 0 0 0 0 0 0 0 0 0 0 0 
0 0 0 0 0 0 0 0 0 0 0 0 0 0 0 0 0 0 0 0 0 0 0 0 0 0 0.000180341 0.00110017 0.00197561 0.00179549 0.000177177 0 0.000106966 0.000472413 0.00311356 0.00580688 0.00607556 0.00709183 0.00625092 0.00429853 0.00262994 0.000663306 0.0014205 0.00151496 0.000665837 8.59945e-06 0 0 0 0 0 0 0 0 0 0 0 0 0 0 0 0 0 0 0 0 0 0 0 

