0 0 0 0 0 0 0 0 0 0 0 0 0 0 0 0 0 0 0 0 0 0 0 0 0 0 0 0 0 6.35628e-05 0.000242681 8.99011e-05 0 0 0 0 0 0 0 0 0 0 0 0 0 0 0 0 0 0 0 0 0 0 0 0 0 0 0 0 0 0 0 0 0 0 0 0 0 
0 0 0 0 0 0 0 0 0 0 0 0 0 0 0 0 0 0 0 0 0 0 0 0 0 4.93052e-06 0.00021896 0.000535637 0.00215953 0.00610925 0.0100642 0.00605714 0.00071158 6.0791e-05 0 0.00201965 0.00443567 0.00114407 0.000532937 0.00117201 0.00122776 0.00100326 0.000521753 3.09674e-05 0 0 0 0 0 0 0 0 0 0 0 0 0 0 0 0 0 0 0 0 0 0 0 0 0 
0 0 0 0 0 0 0 0 0 0 0 0 0 0 0 0 0 0 0 0 0 0 2.57644e-05 0.000494302 0.000875135 0.00191819 0.00412647 0.00638466 0.0128177 0.0223878 0.0283986 0.0212663 0.00611701 0.00168723 0.000421516 0.0039385 0.0171222 0.00830085 0.00549689 0.00457116 0.00851701 0.0074937 0.00395962 0.000248966 0.000242306 0.000334527 0.0003953 1.59049e-05 0 0 0 0 0 0 0 0 0 0 0 0 0 0 0 0 0 0 0 0 0 
0 0 0 0 0 0 0 0 0 0 0 0 0 0 0 0 0 0 0 1.09929e-05 8.78416e-05 0.00239011 0.00595759 0.0101411 0.0131232 0.0150427 0.015625 0.0167685 0.0179797 0.0176481 0.0241986 0.0241583 0.0169692 0.00640636 0.00209672 0.00392325 0.00431657 0.00806462 0.0128627 0.0123852 0.00871106 0.00734036 0.00894313 0.00204313 0.00115855 0.00196664 0.00341079 0.00182679 0.00118439 0 0 0 0 0 0 0 0 0 0 0 0 0 0 0 0 0 0 0 0 
0 0 0 0 0 0 0 0 0 0 0 0 0 0 0 0 0 0 0 0.000529642 0.00302713 0.00433583 0.00788757 0.0129312 0.0227001 0.0249147 0.0264367 0.0242319 0.0147252 0.0140023 0.0188463 0.0213687 0.0158149 0.0130645 0.00547909 0.00656018 0.00688704 0.00777339 0.0180897 0.0165546 0.0112428 0.0100971 0.0130768 0.0030598 0.00393838 0.00646646 0.00477954 0.00470824 0.00364598 0.000671377 0.000643428 8.47862e-05 0 0 0 0 0 0 0 0 0 0 0 0 0 0 0 0 0 
0 0 0 0 0 0 0 0 0 0 0 0 0 0 0 0 0.000194216 0.00199306 0.0057182 0.0130895 0.0110715 0.00645048 0.00645679 0.0114977 0.0207178 0.0267698 0.0279623 0.0201929 0.0203708 0.0211197 0.0206138 0.0128025 0.016656 0.0194508 0.0132795 0.0109258 0.01041 0.0161847 0.0201761 0.0175593 0.014963 0.0107287 0.0167871 0.00881736 0.0074647 0.0102173 0.0116872 0.0116301 0.00899204 0.00615922 0.00639556 0.003601 0.0011811 7.54111e-05 0 0 0 0 0 0 0 0 0 0 0 0 0 0 0 
0 0 0 0 0 0 0 0 0 0 0 0 0 0 0.00011218 0.00505418 0.00971855 0.0119305 0.0161161 0.0195668 0.0144377 0.0126409 0.0134891 0.0182895 0.0220476 0.0229195 0.0203983 0.0251032 0.0265922 0.0256606 0.0198264 0.0166536 0.0150909 0.0155817 0.0208292 0.0217764 0.018983 0.0214613 0.0227997 0.020119 0.0149718 0.00820598 0.011985 0.0151383 0.00936439 0.013505 0.0143189 0.0188154 0.0148634 0.0110056 0.0165313 0.0202571 0.0127221 0.00587933 0.000973694 0 0 0 0 0 0 0 0 0 0 0 0 0 0 
0 0 0 0 0 0 0 0 0 0 0 0 0 0 0.00356445 0.0373286 0.0228809 0.0138704 0.0104217 0.0162969 0.0155283 0.0151653 0.0137805 0.0209975 0.0235721 0.0299652 0.0212589 0.0245396 0.0258849 0.0196089 0.0101741 0.0148632 0.0160129 0.0125579 0.0148109 0.0164224 0.0174107 0.0235254 0.0247972 0.0212597 0.0176679 0.0133167 0.0133156 0.0175419 0.013639 0.0119465 0.0192096 0.023291 0.0262392 0.0232341 0.0212774 0.0263854 0.0211936 0.0156291 0.00604636 0.000482588 0 0 0 0 0 0 0 0 0 0 0 0 0 
0 0 0 0 0 0 0 0 0 0 0 0 0 0 0.00137817 0.015908 0.00767956 0.00855442 0.00744914 0.00748409 0.0147923 0.0155868 0.0145197 0.0162139 0.0190966 0.0254346 0.0247737 0.0287845 0.0383989 0.0283607 0.0202232 0.0155115 0.014569 0.013527 0.0118691 0.0154596 0.0162661 0.0214032 0.0213114 0.0181696 0.0244586 0.0204001 0.0148046 0.0182214 0.0140731 0.0165573 0.0139565 0.0183246 0.0338163 0.0246609 0.0206121 0.0197125 0.017786 0.015221 0.0196568 0.00518059 0.00208908 0.000119118 0 0 0 0 0 0 0 0 0 0 0 
0 0 0 0 0 0 0 0 0 0 0 0 0 0 0 0.000613021 0.0038446 0.00628938 0.00597971 0.00430146 0.0137688 0.0160328 0.014014 0.0115146 0.0190851 0.0201889 0.0209441 0.0293424 0.0424965 0.040751 0.0343476 0.0113368 0.0122862 0.021375 0.0121832 0.0123736 0.0166645 0.0195731 0.0202335 0.0204175 0.0229378 0.0258213 0.0214778 0.0204276 0.0129598 0.0221801 0.0192466 0.0248554 0.0314244 0.0310767 0.021314 0.0196249 0.0129169 0.0224751 0.0282 0.0102419 0.00556156 0.00150426 2.221e-05 0 0 0 0 0 0 0 0 0 0 
0 0 0 0 0 0 0 0 0 0 0.000277192 0.000762348 0.00071694 0.000194181 0.000205338 0.0014512 0.00262235 0.00671169 0.0118254 0.00925663 0.0135387 0.0173212 0.0150775 0.0144331 0.0165298 0.0160916 0.0185473 0.0254467 0.0450893 0.0433929 0.0236433 0.0108 0.0126744 0.0255387 0.0298937 0.0214558 0.0192236 0.0143572 0.0132967 0.0148046 0.0165944 0.0146121 0.0187181 0.0184324 0.0249491 0.0227622 0.023133 0.0291373 0.0329764 0.0241889 0.0169417 0.0165314 0.0198329 0.0260369 0.0240012 0.0119393 0.0129169 0.0040724 0.000359398 0 0 0 0 0 0 0 0 0 0 
0 0 0 0 0 0 0 0 0 0 0.00129839 0.006717 0.00440057 0.00485235 0.00265161 0.00248581 0.00281047 0.0069735 0.0160274 0.0139617 0.0145689 0.0154211 0.01953 0.0169808 0.017897 0.0148614 0.0141817 0.0210152 0.0228383 0.0176021 0.0107152 0.00824875 0.0165502 0.023943 0.0434742 0.0300225 0.0187641 0.0153089 0.0132336 0.0102477 0.0175978 0.0139001 0.0185762 0.0150103 0.0197354 0.019084 0.0213643 0.0258478 0.0250755 0.0184512 0.0217796 0.020164 0.0263062 0.0244665 0.0163644 0.011891 0.022719 0.0131532 0.00338902 0.000688109 0 0 0 0 0 0 0 0 0 
0 0 0 0 0 0 0 0 3.97798e-05 0.00049468 0.00248761 0.00676732 0.00679455 0.0113054 0.00723206 0.0113864 0.0136209 0.0147447 0.0160334 0.0147962 0.0126766 0.0133957 0.0182565 0.024508 0.0151756 0.0148589 0.0129855 0.0174892 0.013868 0.0082478 0.0136695 0.0110089 0.0108574 0.0184963 0.0242652 0.0271278 0.0230949 0.0201186 0.0116734 0.00891264 0.00893772 0.0102916 0.0160886 0.0148025 0.0166496 0.022515 0.0248585 0.0248524 0.017846 0.0147292 0.0132592 0.0146306 0.0174023 0.0211825 0.0169736 0.0140906 0.0240713 0.0228343 0.0123741 0.00661596 0.000244316 0 0 0 0 0 0 0 0 
0 0 0 0 0 0 0 0 8.16942e-05 0.00224057 0.0045203 0.0078836 0.00938213 0.0163076 0.0107717 0.0164624 0.0176396 0.0194302 0.0148846 0.0200373 0.0178118 0.0155133 0.0261954 0.0300851 0.0186415 0.0136436 0.0106606 0.00884578 0.018794 0.0187331 0.0191238 0.0148235 0.0105378 0.0132581 0.0158747 0.0136579 0.0173894 0.0147081 0.0086238 0.0113145 0.0123131 0.0126577 0.0195795 0.0200743 0.0178705 0.0198488 0.024689 0.0242995 0.0219106 0.02336 0.01433 0.0087589 0.0121145 0.0182741 0.0193117 0.0175002 0.0220235 0.0165077 0.0161052 0.0113846 0.00576934 0.000244721 0 0 0 0 0 0 0 
0 0 0 0 0 0 0 0 0.000164314 0.00495 0.00878732 0.0106399 0.0146112 0.0123004 0.0129474 0.0134264 0.0110152 0.0180371 0.0142739 0.0144858 0.0150424 0.019641 0.0202789 0.0220745 0.0148635 0.0152767 0.0144895 0.0144525 0.0209661 0.0235199 0.0177709 0.015098 0.0118084 0.01327 0.0160901 0.0158286 0.0182363 0.013816 0.01222 0.0149482 0.0184944 0.0169619 0.0230486 0.0290965 0.0234146 0.0263383 0.0261751 0.0223106 0.0286588 0.0329722 0.0237665 0.0208085 0.0151141 0.0158304 0.0184224 0.02172 0.0252475 0.0200792 0.0184467 0.0136753 0.00336758 6.19923e-05 0 0 0 0 0 0 0 
0 0 0 0 0 0 0 0 0.000372066 0.00476056 0.0123 0.0127911 0.0110682 0.0170174 0.0175986 0.00917039 0.00757341 0.019627 0.0146735 0.0109573 0.0135453 0.0171862 0.022001 0.0215025 0.0213043 0.0110747 0.0142463 0.0152679 0.0186594 0.0149577 0.0146887 0.015074 0.0118398 0.00854764 0.0114665 0.0150794 0.0215665 0.017213 0.0196325 0.0243055 0.0241817 0.0105512 0.0177951 0.0242982 0.0247337 0.0232686 0.0247978 0.0231205 0.0302081 0.0331843 0.0330125 0.0295747 0.0259006 0.0202294 0.0223784 0.0264237 0.0254716 0.0187185 0.0154649 0.0122728 0.00525813 0.00170939 0.0012804 0.000192845 0 0 0 0 0 
0 0 0 0 0 0 0 0 0.00030785 0.00405586 0.00987467 0.0151696 0.0111196 0.0139149 0.0137077 0.0116006 0.0128301 0.0173764 0.0117238 0.00680532 0.00955926 0.0125853 0.0162463 0.0167086 0.013303 0.0127026 0.0123818 0.016256 0.0157182 0.0179252 0.0141032 0.0154432 0.0129651 0.00526859 0.0109466 0.0151554 0.021487 0.0262079 0.0219945 0.0208914 0.0231712 0.0206639 0.0197546 0.0202863 0.0252759 0.0217035 0.0183856 0.022477 0.024387 0.0269826 0.033303 0.0275836 0.0305464 0.0280998 0.0227722 0.0182334 0.0137461 0.00983729 0.0168614 0.0175931 0.0103717 0.00923554 0.00462565 0.00245322 0 0 0 0 0 
0 0 0 0 0 0 0.00100326 0.0018022 0.00298906 0.00702389 0.0116152 0.0140473 0.0108007 0.0111143 0.0117444 0.0126396 0.0132939 0.0109706 0.00880224 0.00583105 0.00642331 0.00747634 0.0103486 0.018137 0.0176988 0.0162617 0.0152529 0.0159712 0.0153522 0.0182074 0.0141391 0.0114656 0.0127171 0.0108146 0.0169377 0.0212438 0.0235559 0.0275386 0.0242429 0.0221433 0.0191557 0.0265201 0.0313033 0.0270067 0.0271218 0.0202495 0.0155699 0.015233 0.0164808 0.0223976 0.0260279 0.0282747 0.0283446 0.0271318 0.0296049 0.0218929 0.011927 0.0076623 0.00933267 0.0165057 0.00917706 0.00393421 0.00205509 0.00317501 0.000938198 1.44052e-06 0 0 0 
0 0 0 0 7.31193e-05 0.00120812 0.0041488 0.00753685 0.011077 0.0137375 0.014842 0.0157472 0.0153572 0.0150391 0.0161303 0.0163352 0.00910881 0.0077116 0.0117997 0.0138334 0.0117392 0.0092471 0.0115726 0.0161971 0.0193402 0.0143529 0.0156507 0.0155285 0.0146588 0.0143929 0.0149487 0.0131328 0.0178956 0.0196679 0.0181279 0.0198386 0.0191951 0.0241456 0.0212601 0.0255822 0.022355 0.0237621 0.031815 0.0225802 0.0201289 0.0178023 0.0152846 0.0111939 0.0170115 0.0222257 0.0274147 0.0249798 0.0227819 0.0200814 0.0229256 0.0205684 0.0176597 0.0114222 0.012293 0.016388 0.0109808 0.00182926 0.00136091 0.00599997 0.00321025 0.00018882 0 0 0 
0 0 0 0 0.00289095 0.0103336 0.00876488 0.00982588 0.0160034 0.0170273 0.0154914 0.0144974 0.0126672 0.0131381 0.01389 0.0168434 0.00959249 0.0100272 0.0117605 0.0101865 0.0143831 0.0156297 0.0171545 0.0179302 0.0161101 0.0176914 0.00982507 0.011343 0.0135823 0.00922148 0.0129492 0.0138351 0.0210162 0.0167596 0.021474 0.0241299 0.0243292 0.0240755 0.0202282 0.0273823 0.0229137 0.025197 0.031449 0.0303696 0.0286062 0.0237255 0.0153249 0.0121256 0.0147536 0.017409 0.020638 0.0189364 0.0197407 0.0205609 0.025314 0.0221136 0.0168188 0.0167785 0.0181691 0.0212628 0.0154288 0.00816941 0.00580137 0.0113124 0.00657852 0.00155049 0 0 0 
0 0 0 0.000377852 0.00495749 0.00896489 0.00644734 0.0104553 0.0185735 0.0176085 0.0164173 0.0160951 0.0170922 0.0140375 0.010823 0.0116514 0.0140914 0.0159003 0.0145925 0.00934387 0.0156901 0.0139118 0.0172646 0.0182729 0.0132743 0.0173054 0.0152316 0.0165302 0.0163759 0.0153966 0.01723 0.0199969 0.0203358 0.0171562 0.0209003 0.02439 0.0209469 0.0253617 0.0244326 0.0238486 0.0264483 0.0239198 0.0218916 0.0271861 0.03311 0.0280137 0.0178255 0.0205565 0.0199539 0.0253817 0.019341 0.0216224 0.0245644 0.0252969 0.0296176 0.0231145 0.027367 0.0218974 0.0169888 0.0176934 0.0135189 0.0109232 0.00893602 0.0121814 0.0101401 0.00253453 7.68457e-05 0 0 
0 0 0 0.00186287 0.010146 0.00749255 0.00657991 0.0075341 0.0116696 0.0129471 0.0101818 0.0111176 0.0113819 0.0087326 0.00978363 0.011838 0.0165612 0.0125438 0.0168859 0.0181606 0.0150889 0.0116915 0.0135629 0.0151039 0.0265956 0.0178411 0.0189877 0.0214471 0.0212472 0.0198282 0.0188848 0.0118689 0.0137089 0.0173828 0.019593 0.0225201 0.0232997 0.0234749 0.0169987 0.0180089 0.0187174 0.0217009 0.019033 0.0182417 0.0242794 0.0272504 0.0192294 0.0156401 0.0217908 0.0267981 0.0246971 0.0290915 0.0231569 0.0225004 0.0254198 0.0186588 0.0241653 0.0271582 0.0169867 0.0154422 0.00960396 0.00938212 0.0118346 0.018181 0.00930562 0.00477184 0.000420434 0 0 
0 0 0 0.00179001 0.0100724 0.00469659 0.00747144 0.00979771 0.0104469 0.014215 0.0171709 0.010792 0.011078 0.0102809 0.0074001 0.0100172 0.0108037 0.0101719 0.0143368 0.0164967 0.0150238 0.0167351 0.00954154 0.0148813 0.0269301 0.0252676 0.0263335 0.0177001 0.019455 0.0101017 0.0134431 0.0132111 0.0143803 0.0124129 0.0149321 0.0233657 0.0287725 0.0232661 0.0130467 0.0114941 0.0113718 0.0122179 0.0126515 0.01934 0.0278225 0.0301696 0.0240829 0.0182835 0.0262933 0.0275526 0.021066 0.0228494 0.0182147 0.0226205 0.0260751 0.0233213 0.0223947 0.0221047 0.0168108 0.0107273 0.00710484 0.013105 0.0178337 0.0203538 0.00865046 0.00632948 0.00106786 0 0 
0 0 9.45383e-06 0.000479904 0.00309535 0.0046042 0.00795389 0.00728683 0.00804067 0.012131 0.0170505 0.0182036 0.012435 0.0126045 0.0104387 0.00913602 0.00596586 0.00694939 0.0113124 0.0121465 0.0139579 0.0190785 0.0181989 0.0165505 0.0220923 0.0204294 0.0231577 0.0206579 0.0187871 0.0145001 0.0161196 0.0150932 0.014128 0.0171553 0.0188441 0.0210196 0.0226124 0.0207465 0.0125399 0.0076588 0.00872632 0.0201731 0.0216045 0.0242421 0.0333111 0.0274586 0.0247288 0.0247493 0.0239014 0.0220186 0.0161444 0.0159453 0.0181702 0.0230698 0.0252317 0.0240945 0.0189377 0.0193161 0.020047 0.0172254 0.0117943 0.0167445 0.0207538 0.0167284 0.0158662 0.00793205 0.00124729 0 0 
0 0 0.00118181 0.00414946 0.00632834 0.00754641 0.00937671 0.00818467 0.00624575 0.00837386 0.0148617 0.0149476 0.0147651 0.0121768 0.0129299 0.00963116 0.0113993 0.0123639 0.00770149 0.0108618 0.0163309 0.0180556 0.0164212 0.0142439 0.0165446 0.0168475 0.0184657 0.0168327 0.0120666 0.0180629 0.0133389 0.0106748 0.0156091 0.0199159 0.0182572 0.0260204 0.0377212 0.0259921 0.0113403 0.0110976 0.0139406 0.0192725 0.0203243 0.0200588 0.0262024 0.0247154 0.0197308 0.0195891 0.0195303 0.0187244 0.0232151 0.0213494 0.0161648 0.0234329 0.0261723 0.0267429 0.018456 0.0140661 0.0175539 0.0204568 0.021886 0.0233623 0.016888 0.0233952 0.0145927 0.00773867 0.00286244 0.000255433 0 
0 8.1558e-06 0.00375999 0.0087577 0.00662485 0.0100407 0.00941536 0.00909927 0.010969 0.0126107 0.0149888 0.0117939 0.00944645 0.008929 0.013791 0.0134067 0.0109352 0.0114641 0.0105742 0.0118551 0.0161081 0.0120912 0.0117353 0.00918304 0.012583 0.0143913 0.0164601 0.0164476 0.0173588 0.0260838 0.017233 0.0141014 0.0178977 0.0173433 0.0209473 0.0321046 0.0310087 0.0210099 0.0197448 0.020451 0.0238276 0.0200565 0.0239884 0.0227403 0.023056 0.0174932 0.0213698 0.0171769 0.0196679 0.0201226 0.0288485 0.0298539 0.0227744 0.0192043 0.0196672 0.0295558 0.0242492 0.0161244 0.0161561 0.0226649 0.0227199 0.020884 0.0162346 0.0159425 0.0165987 0.0140596 0.00197193 8.3792e-05 0 
0 0.000145642 0.00310034 0.00675754 0.00991705 0.0141132 0.0137155 0.0154214 0.0114851 0.0119968 0.0114578 0.0115113 0.011879 0.0154466 0.0158285 0.0161523 0.0121684 0.0137159 0.0166503 0.0149573 0.0128179 0.0103528 0.0124223 0.0116017 0.012855 0.0148691 0.0180811 0.0180634 0.0188633 0.025392 0.014989 0.009635 0.0149713 0.0213004 0.0247909 0.0275923 0.025568 0.0226012 0.0239981 0.0251498 0.0211233 0.0226277 0.0205772 0.0263334 0.0213875 0.0203692 0.0242979 0.0251845 0.0229618 0.0285906 0.031702 0.0273029 0.0269417 0.0244039 0.0197347 0.0181034 0.0167809 0.0155717 0.0194273 0.0163082 0.0183801 0.0165704 0.0177344 0.00993722 0.011053 0.0143548 0.00409026 0.000335803 0 
0 0.000419542 0.00471457 0.0127435 0.0182412 0.0239499 0.0187396 0.0180621 0.0105001 0.0105414 0.0159545 0.0129843 0.0100835 0.00844404 0.015043 0.0208621 0.0191293 0.0230514 0.0217606 0.0164493 0.0123738 0.0104304 0.0116611 0.0110899 0.0130589 0.0175612 0.0234092 0.0210043 0.0180987 0.0151763 0.0131498 0.0131604 0.0136643 0.0163757 0.0237942 0.0268435 0.0277552 0.0218905 0.0167004 0.019756 0.0146813 0.0195693 0.0167867 0.0236376 0.0244203 0.0254771 0.0278147 0.0228749 0.0195304 0.0256121 0.0219022 0.0217379 0.0207557 0.020859 0.0241624 0.0251964 0.0190974 0.0146935 0.0173562 0.0196052 0.0166515 0.012781 0.0143719 0.0148213 0.0109094 0.00709304 0.00475032 0.000844011 0 
0 4.23825e-05 0.00366241 0.0191695 0.0269446 0.0204575 0.00822768 0.00784346 0.0106801 0.00896422 0.00895148 0.0119197 0.00701531 0.010731 0.0260004 0.0482929 0.0254414 0.0198413 0.0150056 0.0118512 0.0161904 0.0181934 0.0167328 0.0129093 0.0185088 0.0179449 0.0242813 0.0234351 0.0230004 0.0157422 0.0129748 0.01485 0.0144712 0.0140316 0.0232348 0.0276614 0.0246567 0.0283096 0.0304468 0.0182362 0.0142985 0.013694 0.0137014 0.0213823 0.0250925 0.0252597 0.0296816 0.0165486 0.0190392 0.0189112 0.0187924 0.0165151 0.0203742 0.0162498 0.0242344 0.0267538 0.0178924 0.0111943 0.0201126 0.0201604 0.017443 0.0185106 0.021025 0.0352063 0.0191396 0.00356743 0.00460122 0.00202233 0 
0 1.83109e-05 0.00380125 0.0182418 0.0248253 0.0144363 0.00242432 0.00269833 0.0101892 0.010792 0.00632872 0.0106599 0.0108891 0.0114905 0.0248173 0.0513118 0.0257673 0.0169686 0.0175331 0.0169585 0.0142905 0.0173985 0.0131097 0.0116026 0.015217 0.0127807 0.0171008 0.0202935 0.0234463 0.0154871 0.0141082 0.0140689 0.00941445 0.0129981 0.0251067 0.0322481 0.0246435 0.0304489 0.0316591 0.0213517 0.0139527 0.00698708 0.00911893 0.0209479 0.0226047 0.025689 0.031424 0.0208889 0.0211013 0.0189881 0.018784 0.0196686 0.0269201 0.0204557 0.0268294 0.0265645 0.0273738 0.0193194 0.0127639 0.015703 0.0159786 0.0176928 0.0298059 0.0524196 0.0226324 0.00416544 0.00208528 0.000269556 2.60265e-05 
0 0 0.000830741 0.00571117 0.00891403 0.00269183 0.000922858 0.0053082 0.00769012 0.00382887 0.00556371 0.0118709 0.0180323 0.0144684 0.0144916 0.0258399 0.0215059 0.0180552 0.0204823 0.0173317 0.0162151 0.0150392 0.0180748 0.0129095 0.0122231 0.0146611 0.0230353 0.0261059 0.0244989 0.0179599 0.0209552 0.0189667 0.00954293 0.0138107 0.0228825 0.0239328 0.0230813 0.0237854 0.0274238 0.0215678 0.0152705 0.012313 0.0178712 0.018826 0.0161996 0.0213479 0.0291574 0.0217532 0.0303038 0.0192665 0.0187942 0.016671 0.0206548 0.0318361 0.020308 0.0183679 0.0211733 0.020293 0.0171629 0.0197523 0.0182506 0.0159635 0.0288265 0.033132 0.0154779 0.00742202 0.0052934 0.00613321 0.00237457 
8.99557e-06 0 0 0.000192682 0.00101206 0.000890893 0.00587495 0.00972566 0.00523394 0.00158353 0.00273384 0.00516401 0.0155083 0.020098 0.0163501 0.0160166 0.0224728 0.0202397 0.0251672 0.0245884 0.0181358 0.0115635 0.0136523 0.0100456 0.0113833 0.0153122 0.0212023 0.0249654 0.0216809 0.024627 0.0251633 0.0213596 0.0191089 0.0148598 0.0186792 0.0244715 0.0305756 0.0196023 0.0192926 0.0169801 0.0188202 0.0220303 0.0227092 0.0155144 0.0154396 0.0227587 0.0290384 0.0371736 0.0328036 0.0186882 0.0163997 0.0161408 0.0167744 0.0232779 0.0177383 0.0218821 0.0266502 0.0233206 0.023723 0.0170129 0.0250619 0.017337 0.0155532 0.0192615 0.00971725 0.00722985 0.0103244 0.013323 0.00751521 
0.000168323 0 0 0.000900329 0.00320619 0.00816641 0.009709 0.0100262 0.00751675 0.00534507 0.00875026 0.00273212 0.00611881 0.013906 0.0107822 0.0169724 0.0209001 0.0238975 0.0202621 0.0192336 0.0136795 0.0114573 0.0191119 0.0180245 0.0176702 0.0145507 0.0172174 0.0186744 0.0246658 0.024444 0.0189847 0.0187443 0.0204617 0.0221273 0.0198108 0.0203182 0.0231834 0.0178467 0.0174522 0.0174115 0.0201828 0.0244343 0.0230937 0.0186833 0.0196924 0.0235087 0.0251897 0.0395081 0.0452835 0.02946 0.0209935 0.0185547 0.0216805 0.0190988 0.0180711 0.0250974 0.0215145 0.0212618 0.0206375 0.0179385 0.0159297 0.0222043 0.0174451 0.0126333 0.0055826 0.0132382 0.0119201 0.010806 0.00740647 
9.49659e-05 0 0 0.00143617 0.0100855 0.0158043 0.0133631 0.0148516 0.0107897 0.0118916 0.0160365 0.00778877 0.00286347 0.00551973 0.00796777 0.0161215 0.0245146 0.0269266 0.0176815 0.0126926 0.0121871 0.0159078 0.0213108 0.0255239 0.0239192 0.0209894 0.021936 0.0220635 0.0357324 0.0279145 0.0254527 0.0376861 0.0523834 0.0515141 0.04933 0.0262165 0.0197125 0.0243623 0.0156662 0.0177548 0.0203052 0.0232995 0.0232091 0.0161414 0.0247911 0.0418829 0.026072 0.0299689 0.0418411 0.0478733 0.0321066 0.0142067 0.0233766 0.0227638 0.0211026 0.0179399 0.0164417 0.0165985 0.0196309 0.0152824 0.0218551 0.0214598 0.0171492 0.00981094 0.00932443 0.0211848 0.0177684 0.0115447 0.00433847 
0.000197096 0 3.37212e-05 0.000353592 0.0072562 0.00904769 0.0115982 0.00575447 0.00622363 0.00823033 0.00625292 0.00345975 0.00294434 0.00424654 0.0116964 0.0191589 0.0263067 0.0259149 0.0216395 0.016114 0.0101243 0.00985787 0.0167539 0.0154792 0.0140951 0.0138082 0.0194483 0.030373 0.0529355 0.0268877 0.0453856 0.131776 0.100579 0.0921922 0.0651005 0.0202376 0.0242096 0.0197198 0.0168842 0.0195521 0.0225602 0.0218513 0.0249381 0.0209253 0.0209924 0.0240598 0.0260947 0.03546 0.0394535 0.0399143 0.0345851 0.0224304 0.0258982 0.0217294 0.0215119 0.0280414 0.0199074 0.0195519 0.0208443 0.0188097 0.0277638 0.0267887 0.0161256 0.00675224 0.0178803 0.023784 0.0180957 0.0102302 0.000757148 
1.04485e-05 0.000409967 0.00612613 0.00723956 0.00729164 0.00834115 0.0077382 0.00450734 0.00110054 0.00213576 0.00555114 0.0079368 0.0108895 0.0136218 0.0210085 0.0201305 0.0182589 0.0236014 0.0203587 0.0155944 0.0138232 0.0104039 0.0176195 0.016279 0.0127553 0.0165248 0.0215334 0.027206 0.0245634 0.0241978 0.0653794 0.120011 0.0386422 0.0618524 0.0496751 0.0231536 0.0230277 0.0236938 0.0198369 0.0224666 0.0188502 0.0182156 0.0204594 0.022405 0.0213531 0.0194552 0.0279294 0.0394591 0.0275001 0.0207173 0.0328715 0.0219401 0.0212211 0.0176867 0.0223684 0.0282797 0.0219108 0.0228572 0.0233126 0.0255874 0.0238922 0.0229051 0.0152656 0.0126571 0.0197787 0.01955 0.0180451 0.00535784 0.000789964 
0 0.00322155 0.0135101 0.0139995 0.0131415 0.0144654 0.0140511 0.0100551 0.00397104 0.00784453 0.0194779 0.0182434 0.0216649 0.0207981 0.0188631 0.0175264 0.0164466 0.0175055 0.0143283 0.0192644 0.0209946 0.0190475 0.0149081 0.0179104 0.0179207 0.0190276 0.0249913 0.0263851 0.0213394 0.0189217 0.0529241 0.0884959 0.0265485 0.0553264 0.0507722 0.0228155 0.0177548 0.0211771 0.017457 0.0216097 0.0223887 0.0195468 0.0173269 0.0218401 0.0185417 0.0203149 0.0260358 0.0321151 0.0295572 0.0275706 0.0226523 0.0158462 0.0154477 0.0130526 0.017295 0.0205688 0.0198689 0.016835 0.0226838 0.0262155 0.0217123 0.0201915 0.0133374 0.0138809 0.0189924 0.0181724 0.0170975 0.00635006 0.000540877 
0 0.00407645 0.00890511 0.00748827 0.0102111 0.013104 0.0161437 0.0107192 0.0143898 0.0184287 0.0193109 0.0265805 0.0231888 0.0209607 0.0247613 0.023456 0.0204182 0.0201732 0.0157522 0.0161723 0.0216737 0.0203916 0.0166204 0.0216704 0.0246967 0.0244841 0.0251815 0.0313606 0.026357 0.0244828 0.0492473 0.0733287 0.0305069 0.0455632 0.0341606 0.0198912 0.0168558 0.0135641 0.0129851 0.0172846 0.0216764 0.018013 0.0129435 0.0158784 0.0123229 0.0152447 0.0224846 0.0271303 0.0243832 0.0279531 0.0238854 0.0155274 0.0175915 0.0172073 0.0185534 0.0214211 0.0237294 0.0171412 0.0135455 0.0180469 0.0217828 0.021643 0.0141615 0.0104761 0.0156867 0.0176615 0.0156254 0.0112188 0.00144521 
0 0.00053931 0.00375979 0.0143712 0.0139114 0.011775 0.0190874 0.0222823 0.0194261 0.0233385 0.0244542 0.0246263 0.0193318 0.0160293 0.0220779 0.0267759 0.0127014 0.0198345 0.0186948 0.0155597 0.020797 0.0154711 0.014339 0.0153489 0.0182717 0.0229871 0.0285546 0.0245751 0.0279974 0.0214906 0.0484072 0.0505823 0.0281976 0.0611551 0.0398306 0.0166228 0.0208829 0.0214708 0.0270237 0.0267154 0.0196028 0.0200686 0.0200822 0.0161315 0.00959947 0.0156801 0.0235085 0.0283792 0.0291837 0.0293217 0.0203589 0.0176967 0.0147464 0.0240741 0.0250269 0.0232777 0.0224804 0.0136562 0.0129589 0.0221525 0.0287554 0.0183353 0.0111123 0.00866492 0.0109971 0.0149642 0.0217719 0.0178288 0.00292488 
0 0.000470931 0.00642749 0.0122732 0.00716783 0.0129745 0.0163034 0.0220491 0.0168633 0.0192863 0.0217726 0.0159226 0.0178959 0.0197955 0.0232843 0.0173838 0.0149509 0.0191018 0.0213547 0.0167897 0.0200224 0.0188773 0.0131544 0.0109891 0.0188598 0.021038 0.0199736 0.0203613 0.023723 0.0407185 0.0619635 0.0301211 0.0244556 0.0543041 0.0270504 0.0224324 0.0291441 0.0485116 0.0431798 0.0456494 0.0299353 0.0213259 0.0195366 0.0300359 0.0264717 0.0214528 0.0200729 0.024742 0.0228407 0.0190588 0.0195925 0.015584 0.0101139 0.014536 0.027463 0.0267288 0.0260333 0.0153913 0.0086041 0.0137731 0.012475 0.0136474 0.0189781 0.0178021 0.018833 0.0196992 0.0261302 0.0211397 0.00587763 
9.98545e-05 0.000750211 0.00558587 0.010662 0.0102349 0.0132325 0.0198231 0.0230561 0.0203618 0.01602 0.0130511 0.0149866 0.0173415 0.0181673 0.017816 0.0170419 0.0136191 0.0172051 0.0177435 0.0162668 0.0242311 0.0271822 0.0215657 0.0197748 0.0213826 0.0194844 0.0153035 0.0141698 0.0409835 0.0795354 0.042195 0.0309089 0.0290381 0.032467 0.0292818 0.0278933 0.0363533 0.0531052 0.0339489 0.0348005 0.034164 0.0167412 0.0133523 0.0224875 0.0330342 0.0254682 0.0199333 0.0240222 0.0253057 0.0239619 0.0236511 0.0236806 0.0144588 0.0196178 0.0279888 0.024083 0.0249306 0.0315023 0.019053 0.0135082 0.0146629 0.0264216 0.0324648 0.0287616 0.0249192 0.0248893 0.0273195 0.0144377 0.00437555 
3.12172e-05 0.000674181 0.00577476 0.0127363 0.0170669 0.0157521 0.0227161 0.0190291 0.0190074 0.00992456 0.0104381 0.0143653 0.0136127 0.0149716 0.0142025 0.0186547 0.0186501 0.0211348 0.0154633 0.0138354 0.0182244 0.0254058 0.0227137 0.0177168 0.0205967 0.0193061 0.0138712 0.0163588 0.0255901 0.0584161 0.037247 0.0332308 0.029609 0.0254536 0.0250242 0.0406841 0.0370149 0.0428442 0.0368394 0.0357927 0.0332669 0.0198702 0.0143784 0.015346 0.0262101 0.0350971 0.0324307 0.0239612 0.0243509 0.0304207 0.0314791 0.0213961 0.0254062 0.0243594 0.032113 0.0240754 0.0180867 0.0228483 0.0263184 0.0198103 0.0184586 0.0266493 0.0270571 0.024466 0.0212353 0.0181753 0.0158478 0.00873493 0.00332717 
0 0.000180377 0.00575247 0.0210958 0.0213668 0.0163682 0.0189007 0.0157451 0.0175081 0.0149758 0.0131069 0.010417 0.00935285 0.0130136 0.0177204 0.017689 0.0173143 0.0207528 0.0120976 0.0135795 0.0185709 0.018501 0.0207941 0.0162028 0.0138382 0.013483 0.0186016 0.0210636 0.0231438 0.037606 0.0387528 0.0318005 0.032615 0.0256815 0.021678 0.047019 0.0487846 0.0412275 0.0277422 0.0227397 0.0341413 0.0245831 0.019461 0.024435 0.0283506 0.0299527 0.0300211 0.0187927 0.0164396 0.0266471 0.0286065 0.0284462 0.0236482 0.0252737 0.0286176 0.0266212 0.0219228 0.0147112 0.0172118 0.0167022 0.0150242 0.0208401 0.0284665 0.0301395 0.025153 0.017509 0.0141611 0.00990415 0.00290302 
0 0.000174463 0.00556499 0.0192392 0.0223758 0.0256477 0.0227189 0.018538 0.0226986 0.0211322 0.016937 0.013033 0.0111507 0.0137831 0.015023 0.0141983 0.0160849 0.0170143 0.0194561 0.0215549 0.0185103 0.0185006 0.0164964 0.0178629 0.0139663 0.0133977 0.0173297 0.0156263 0.0194839 0.0225127 0.0274957 0.0322633 0.0295197 0.0214574 0.0175415 0.0413307 0.0483936 0.0297704 0.0277067 0.0291825 0.0378954 0.0257211 0.0224767 0.0272216 0.0379391 0.027541 0.0296979 0.0228004 0.0167698 0.0196546 0.0293065 0.0293257 0.0219407 0.0191962 0.0277255 0.027921 0.0259302 0.0205656 0.0144758 0.00950995 0.00755402 0.0150677 0.0229372 0.0200246 0.0208867 0.01588 0.00955344 0.00680134 0.000469562 
0 2.88507e-05 0.00330106 0.019744 0.0199085 0.0275583 0.0223823 0.0171257 0.0205298 0.023864 0.0179742 0.0180429 0.0161291 0.0187621 0.0154026 0.0180771 0.0172185 0.0155826 0.0226005 0.0252059 0.0185984 0.0188441 0.0192129 0.0153823 0.0125239 0.0103584 0.0158075 0.0174904 0.0155646 0.0174405 0.0243849 0.0174966 0.0184206 0.0177536 0.0194157 0.0338572 0.0267012 0.0243549 0.0207348 0.0316534 0.0332167 0.0252662 0.0192405 0.0214165 0.0261698 0.0232738 0.0234144 0.0276636 0.0259768 0.0197495 0.0236663 0.0325335 0.0241287 0.0210425 0.0208656 0.0252136 0.0258505 0.0242784 0.0242067 0.0185063 0.00861271 0.0118102 0.0146889 0.0151838 0.0189254 0.0169014 0.015869 0.00524294 1.59446e-05 
0 0 0.00238101 0.0157038 0.0268157 0.0197652 0.0195957 0.01903 0.0210384 0.0269073 0.0179481 0.0220769 0.0198827 0.0218961 0.0199909 0.0277851 0.026173 0.0213096 0.0229126 0.0181562 0.0179078 0.0195936 0.021632 0.0153188 0.012652 0.0158499 0.0216521 0.021547 0.0197935 0.0178983 0.0209852 0.0154191 0.0117459 0.0131238 0.01973 0.0316639 0.0213485 0.0215473 0.0196659 0.0240612 0.0269843 0.0227863 0.0211392 0.0207148 0.0195074 0.022281 0.0328199 0.0434686 0.0350489 0.0275974 0.0225908 0.0311531 0.0294554 0.0222621 0.0217505 0.032132 0.0308876 0.0281386 0.0296914 0.0284732 0.0167922 0.0134471 0.0139213 0.0128151 0.0112022 0.00916096 0.007322 0.0016058 0 
0 0 0.00084849 0.00840762 0.0200374 0.0209494 0.0239077 0.0220513 0.0221021 0.0262863 0.0281898 0.0220131 0.0234428 0.0199626 0.0196851 0.0526145 0.0657495 0.0356943 0.0246747 0.0239175 0.0185747 0.017908 0.0189239 0.0164818 0.0181554 0.0236053 0.0309998 0.039809 0.0341129 0.0243988 0.0138379 0.016273 0.0157138 0.0158525 0.0281159 0.0348713 0.0208777 0.030392 0.0250789 0.0285466 0.0287061 0.0271677 0.0257886 0.0215532 0.0198813 0.0297501 0.04458 0.0621442 0.0452744 0.0299695 0.0291498 0.0260746 0.0270557 0.0242526 0.0259104 0.0277246 0.0258205 0.027221 0.0332201 0.0373524 0.0309115 0.0291987 0.02478 0.0221512 0.0147236 0.0102462 0.00396231 0.000240505 0 
0 0 6.06559e-05 0.00585488 0.0144729 0.0172997 0.0326943 0.0204844 0.0218728 0.0185456 0.0201458 0.0224147 0.0273253 0.0278244 0.0252445 0.0315646 0.0456949 0.0302024 0.0267776 0.0198143 0.0203772 0.0147068 0.0203923 0.0202497 0.0222492 0.0222163 0.0316485 0.0321768 0.0293467 0.02433 0.0155292 0.0134678 0.012306 0.0163506 0.0563253 0.0440375 0.0269458 0.0351095 0.0310947 0.0287339 0.0228115 0.0326837 0.0318929 0.0215273 0.0244239 0.036828 0.0540828 0.0524094 0.0519261 0.0302629 0.0267259 0.0209599 0.0276485 0.0332549 0.0243298 0.0321098 0.0264996 0.0315494 0.0348625 0.0314739 0.0304062 0.0417517 0.0441888 0.0377261 0.0191742 0.0105741 0.00153971 0 0 
0 0 0 0.000636159 0.00392325 0.0119466 0.0202526 0.0140283 0.0117803 0.0148181 0.0229973 0.0213806 0.0240985 0.0285238 0.0209922 0.0253171 0.0282425 0.025149 0.0281044 0.0130729 0.0213572 0.0220217 0.0202755 0.0235717 0.0246618 0.0210304 0.020039 0.0217079 0.0194464 0.0199256 0.0173274 0.0153936 0.01954 0.0256414 0.0522623 0.041267 0.0204933 0.0247501 0.0228299 0.0194102 0.0221875 0.0265694 0.0352625 0.0297926 0.027884 0.028529 0.0375535 0.03555 0.033021 0.0338524 0.0292898 0.0173178 0.0220266 0.0231805 0.0252735 0.0222004 0.0318498 0.0273873 0.0270603 0.0293231 0.0179651 0.0287137 0.0330107 0.0253215 0.0195319 0.00910862 0.00069577 0 0 
0 0 0 1.44542e-05 0.00212861 0.00596313 0.0157241 0.0105864 0.00488158 0.00947336 0.0235542 0.025798 0.023713 0.0253692 0.0199096 0.0216058 0.024456 0.0268291 0.0229312 0.0129221 0.018729 0.0248216 0.0254371 0.017459 0.0214291 0.023981 0.019807 0.0235054 0.0258129 0.0292814 0.0271055 0.0253158 0.0266508 0.0194455 0.0288314 0.0274888 0.0198016 0.0171328 0.0175367 0.0156323 0.0216358 0.0298109 0.0337513 0.0343769 0.0347787 0.0332126 0.0397047 0.0295533 0.0271053 0.035596 0.0307626 0.0204803 0.0169308 0.0177608 0.0218102 0.0285251 0.0383052 0.0264691 0.0199615 0.0181803 0.0169286 0.0133715 0.0192756 0.016118 0.0146788 0.00517227 0.000121533 0 0 
0 0 0 0 0.00128309 0.00925135 0.0166449 0.00843894 0.00332047 0.00636143 0.0187245 0.0286749 0.0280225 0.0218192 0.0280366 0.0288279 0.0205524 0.0112642 0.00883 0.00903848 0.0118077 0.0191112 0.0202747 0.0140776 0.0231739 0.0295112 0.0202173 0.0217788 0.0261519 0.0291628 0.0275459 0.0257614 0.0258976 0.022022 0.0204037 0.0231228 0.0199451 0.0234325 0.0177879 0.0203742 0.0253356 0.0352575 0.0374815 0.038704 0.0330833 0.0358711 0.0403306 0.0300919 0.0289379 0.0227121 0.022923 0.0245542 0.0230202 0.0212223 0.0216832 0.0316974 0.0450798 0.0212874 0.017617 0.0115435 0.0157544 0.0135005 0.024339 0.0200049 0.00701431 0.00142661 0 0 0 
0 0 0 0 0.000210032 0.0125717 0.0328662 0.0140295 0.00242828 0.00844237 0.0201407 0.0217931 0.02655 0.0246399 0.0197635 0.0218044 0.0124155 0.00606782 0.00548101 0.00622484 0.0106625 0.0179995 0.0141278 0.00926592 0.0151201 0.0235178 0.0245527 0.0196663 0.022275 0.0220241 0.0247537 0.0264796 0.0251584 0.0242592 0.0197696 0.0179781 0.0264794 0.0241478 0.0223004 0.0202821 0.0259168 0.0322567 0.0414959 0.0330346 0.0264908 0.0290478 0.0399268 0.0333574 0.0267699 0.0217445 0.0222639 0.0291509 0.0290327 0.0230479 0.0260669 0.0385648 0.0373734 0.0207671 0.022816 0.0247057 0.019706 0.0193 0.0239131 0.0140605 0.00727619 0.000424491 0 0 0 
0 0 0 0 0 0.0055098 0.0206235 0.00699445 0.00285962 0.0117485 0.0231169 0.0216514 0.0274386 0.0223295 0.0129793 0.00989707 0.00612009 0.00343901 0.00320333 0.00501955 0.0116369 0.0148261 0.0172862 0.0122078 0.0124557 0.030861 0.02964 0.0194382 0.0203989 0.0160052 0.0256249 0.0270833 0.0216432 0.0171785 0.0206767 0.0230067 0.0277876 0.0243531 0.0240526 0.0225737 0.0228025 0.0324793 0.0358368 0.0315787 0.0264937 0.0324537 0.0324569 0.0315581 0.0293016 0.0260107 0.0312104 0.0245328 0.025591 0.0216042 0.0258214 0.0431262 0.024008 0.018637 0.0201391 0.0220771 0.0223141 0.0317281 0.018233 0.00893872 0.00325951 8.42312e-07 0 0 0 
0 0 0 0 0 0.000346482 0.0013214 0.000484335 0.00132766 0.00703576 0.0188806 0.0201824 0.0221366 0.0108405 0.00913297 0.00700446 0.00414536 0.00582533 0.00488042 0.00652623 0.00619649 0.00584879 0.0150871 0.013416 0.0113293 0.028191 0.0249507 0.0157112 0.0162158 0.0134828 0.0257172 0.0234648 0.0200069 0.019119 0.0192272 0.0237673 0.0233902 0.0215623 0.0248088 0.026023 0.0288903 0.0314431 0.0276315 0.0224249 0.0265339 0.0243555 0.0284654 0.0221736 0.0248577 0.0285443 0.0318552 0.0257809 0.0270461 0.0254445 0.0251421 0.0266202 0.0234546 0.0161854 0.00914193 0.00930976 0.0112487 0.0194264 0.0142649 0.00352444 0.000153644 0 0 0 0 
0 0 0 0 0 0 0 0 0.000106565 0.00478682 0.0165048 0.0176775 0.018065 0.00869518 0.0103786 0.00950904 0.0167947 0.0155076 0.0135945 0.0131733 0.0118084 0.0093783 0.00746253 0.00749122 0.0108203 0.0270074 0.0228873 0.0224359 0.0165033 0.0168494 0.0231728 0.0220201 0.0221686 0.0176693 0.0223958 0.0154215 0.0217778 0.0241338 0.0246578 0.0233987 0.0301518 0.0269316 0.0242885 0.0258023 0.032393 0.0322225 0.0241715 0.0271977 0.0261093 0.021999 0.0234504 0.0217913 0.0275356 0.0226447 0.0217908 0.0248555 0.0164721 0.0123267 0.00913076 0.0119802 0.00257893 0.000946023 0.00276644 0.00054707 0 0 0 0 0 
0 0 0 0 0 0 0 0 0.00553174 0.0158408 0.0192513 0.0144003 0.0210611 0.0280074 0.015413 0.0165246 0.0354721 0.0333539 0.0202678 0.0152362 0.0187675 0.016213 0.0149762 0.0165058 0.0156065 0.0329136 0.0429933 0.0305498 0.0171222 0.0147202 0.0217155 0.0181073 0.0216407 0.0172574 0.0227318 0.018032 0.0238992 0.0208979 0.0232972 0.0285053 0.0262423 0.0316391 0.0305837 0.0245893 0.0318957 0.0280829 0.0242337 0.0262044 0.031505 0.0271367 0.0197119 0.0203777 0.0244352 0.0236193 0.0164297 0.020082 0.0135068 0.00516134 0.0172682 0.0180349 0.00120315 0 0 0 0 0 0 0 0 
0 0 0 0 0 0 0 0 0.00636883 0.0193071 0.0285858 0.00985506 0.0130254 0.0250617 0.0303808 0.0264764 0.0649808 0.0874173 0.0207245 0.0120249 0.0168742 0.0137518 0.0217387 0.018848 0.0187759 0.0239659 0.0271255 0.0297217 0.0180978 0.0149235 0.0182795 0.0188915 0.0252469 0.0182177 0.0217858 0.0189211 0.0262506 0.0299888 0.0312325 0.0307524 0.0246861 0.0221889 0.0316791 0.0330912 0.0267056 0.0235023 0.026564 0.0272625 0.0341613 0.0281343 0.0240363 0.022133 0.0271169 0.019581 0.00895009 0.0128234 0.0113326 0.00460841 0.0126415 0.0107854 0.000605381 0 0 0 0 0 0 0 0 
0 0 0 0 0 0 0 0 0.000419465 0.0177181 0.020899 0.00307195 0.0044433 0.0176921 0.022372 0.0212441 0.027513 0.0289563 0.00929651 0.0119068 0.0133159 0.0175389 0.0279282 0.0231597 0.016087 0.0202008 0.0153238 0.0244846 0.0253645 0.018557 0.0236762 0.0274583 0.0230667 0.0190611 0.0231716 0.0267393 0.0252438 0.0240753 0.0291262 0.0319705 0.0311773 0.0229755 0.0280654 0.0325336 0.0254783 0.0218449 0.0326227 0.0318386 0.0307599 0.0201664 0.0181672 0.0222288 0.0377581 0.0248257 0.00894009 0.00698455 0.0113496 0.00630395 0.0124126 0.00997938 0.00221635 0 0 0 0 0 0 0 0 
0 0 0 0 0 0 0 0 0 0.00078769 0.000771687 0.000204523 0.00406616 0.0235287 0.0204389 0.0210945 0.0188699 0.0125426 0.00875791 0.00959317 0.00960392 0.0165896 0.0260581 0.0274866 0.0271012 0.0252124 0.0229341 0.0234898 0.028563 0.0269641 0.0309136 0.0274411 0.0254511 0.0242072 0.020125 0.0213067 0.0201448 0.0235182 0.0257931 0.0219882 0.0232147 0.0219843 0.0159758 0.0213011 0.0210654 0.023153 0.0355559 0.0327871 0.0336965 0.0241124 0.013256 0.0173583 0.0310911 0.0396346 0.0212791 0.00497057 0.00409932 0.00799267 0.0157611 0.0120338 0.000478318 0 0 0 0 0 0 0 0 
0 0 0 0 0 0 0 0 0 0 0 0 0.00128951 0.0111346 0.0147235 0.0153376 0.0168095 0.00999615 0.00637413 0.00549776 0.0056636 0.0190955 0.0224604 0.015972 0.0179963 0.0184882 0.0216159 0.027018 0.0345452 0.0279664 0.0269666 0.0252898 0.0289137 0.0226335 0.0160777 0.0105276 0.00954615 0.0160406 0.0143811 0.0196182 0.0162762 0.0168955 0.0157577 0.0188832 0.0204953 0.0201042 0.0300353 0.0310444 0.032607 0.0231716 0.0190003 0.0127567 0.025316 0.030975 0.024224 0.0109138 0.00304386 0.00472877 0.00661228 0.00149516 0 0 0 0 0 0 0 0 0 
0 0 0 0 0 0 0 0 0 0 0 0 4.82864e-05 0.00399026 0.0148192 0.0184824 0.0146747 0.00832212 0.00458181 0.00405028 0.00653881 0.0239474 0.0286458 0.0217146 0.0229632 0.0232611 0.0212805 0.0196543 0.0207609 0.0202507 0.0219765 0.0250872 0.0195105 0.019806 0.0193457 0.0178681 0.0153255 0.0151555 0.0153739 0.0203203 0.0175874 0.0176913 0.0163114 0.0217802 0.0225009 0.0235322 0.0295332 0.0274122 0.0250308 0.0288117 0.0294054 0.0170553 0.0200656 0.0180664 0.0124984 0.00914969 0.00381466 0.00182461 0.000128335 0 0 0 0 0 0 0 0 0 0 
0 0 0 0 0 0 0 0 0 0 0 0 0 0.000346874 0.0109269 0.0226152 0.0113412 0.00512811 0.00993339 0.00325014 0.00740484 0.0228204 0.0265125 0.0201756 0.0170675 0.0238562 0.0158175 0.0100411 0.00666783 0.00405322 0.00765868 0.0104058 0.0113295 0.00910362 0.0123337 0.0148002 0.0170618 0.0228962 0.023169 0.0285837 0.0267496 0.0175234 0.0135899 0.0230171 0.0240942 0.0274806 0.0279943 0.0306446 0.0286007 0.0237154 0.0246415 0.0203327 0.0259108 0.0164469 0.0103006 0.0074398 0.00176633 0.00011969 0 0 0 0 0 0 0 0 0 0 0 
0 0 0 0 0 0 0 0 0 0 0 0 0 0 0.00109817 0.00555289 0.00410572 0.00777801 0.00888028 0.00867325 0.005515 0.016622 0.0157525 0.0219173 0.0165891 0.0193223 0.00969728 0.00771475 0.00603629 0.00351663 0.00487526 0.00229896 0.00145512 0.00315727 0.00316845 0.0190049 0.0346021 0.0476995 0.0376654 0.032976 0.0268961 0.0221999 0.0145355 0.0160138 0.0223112 0.029801 0.0243364 0.0180035 0.0137205 0.013616 0.0176598 0.0238683 0.0209311 0.0109551 0.0082681 0.00352946 6.64456e-05 0 0 0 0 0 0 0 0 0 0 0 0 
0 0 0 0 0 0 0 0 0 0 0 0 0 0 0 4.36974e-05 0.00152187 0.00960537 0.0224602 0.0208669 0.00522191 0.00903272 0.0166806 0.0170063 0.0140172 0.0143355 0.00747066 0.00554611 0.00623982 0.0121538 0.00652548 0.0025142 0.000284555 0.000674968 0.00723967 0.0263307 0.0409292 0.039419 0.0293658 0.0294791 0.0236576 0.0183179 0.0132809 0.021801 0.0263934 0.0239029 0.018199 0.0119162 0.00223791 0.00999441 0.0166028 0.0192038 0.0115133 0.00228197 0.000637864 3.76775e-05 0 0 0 0 0 0 0 0 0 0 0 0 0 
0 0 0 0 0 0 0 0 0 0 0 0 0 0 0 0 0 0.000978178 0.00927997 0.0161208 0.00169142 0.00252858 0.0153208 0.0163134 0.0146364 0.0158239 0.00743667 0.00624615 0.0185256 0.0904977 0.036223 0.00361876 0.000512272 0.00193507 0.0124398 0.0199695 0.0255735 0.0249898 0.0236246 0.0259579 0.027154 0.0172993 0.0221317 0.0278128 0.0283683 0.0328667 0.0265468 0.0139407 0.00173166 0.00264645 0.0039931 0.00364829 0.000423229 2.04791e-05 0 0 0 0 0 0 0 0 0 0 0 0 0 0 0 
0 0 0 0 0 0 0 0 0 0 0 0 0 0 0 0 0 1.59913e-05 0.000469244 0.000831732 4.77038e-06 0.00190168 0.0168379 0.0210673 0.0084945 0.0119607 0.00786851 0.00412878 0.0110202 0.0588727 0.0298791 0.00290863 0.000467188 0.00239187 0.0143512 0.0169501 0.0204844 0.0210093 0.0269341 0.0178472 0.0262359 0.0243117 0.0234381 0.0258744 0.0280582 0.0400528 0.0228937 0.00758163 0.000591577 0.000623751 0.000840651 5.84915e-05 0 0 0 0 0 0 0 0 0 0 0 0 0 0 0 0 0 
0 0 0 0 0 0 0 0 0 0 0 0 0 0 0 0 0 0 0 0 0 0.000256306 0.00805424 0.0105776 0.00440083 0.0050204 0.00367306 0.00450668 0.000966136 0.00274239 0.00408194 0.000707535 1.03946e-05 0.000722509 0.006591 0.00836159 0.0195637 0.0220612 0.0416863 0.0292547 0.0166617 0.0273217 0.026549 0.0149498 0.0249774 0.0246412 0.0123012 0.00231291 2.90288e-06 0 0 0 0 0 0 0 0 0 0 0 0 0 0 0 0 0 0 0 0 
0 0 0 0 0 0 0 0 0 0 0 0 0 0 0 0 0 0 0 0 0 0 0.000318947 0.000469079 0.000700207 0.0014246 0.00281593 0.00341028 0.00109257 0.00289578 0.00321766 0.000302668 0 0.000115852 0.00129644 0.00229709 0.0109447 0.019939 0.0221968 0.0346928 0.0254248 0.0123796 0.0178353 0.0094711 0.00455745 0.00488268 0.00140085 8.52681e-05 0 0 0 0 0 0 0 0 0 0 0 0 0 0 0 0 0 0 0 0 0 
0 0 0 0 0 0 0 0 0 0 0 0 0 0 0 0 0 0 0 0 0 0 0 0 0 0 0.000617111 0.000985344 0.000951554 0.000713519 0.000303603 3.13164e-05 0 0 0.000418019 0.000636552 0.00141991 0.00494786 0.00838104 0.00866837 0.00751286 0.00167741 0.00155358 0.000326623 0 0 0 0 0 0 0 0 0 0 0 0 0 0 0 0 0 0 0 0 0 0 0 0 0 

