0 0 0 0 0 0 0 0 0 0 0 0 0 0 0 0 0 0 0 0 0 0 0 0 0 0 0 0 0 0 3.29815e-05 0.000407845 0.000504602 4.94017e-05 0 0 0 0 0 0 0 0 0 0 0 0 0 0 0 0 0 0 0 0 0 0 0 0 0 0 0 0 0 0 0 0 0 0 0 
0 0 0 0 0 0 0 0 0 0 0 0 0 0 0 0 0 0 0 0 0 0 0 0 0 0.000110993 0.00142679 0.00384226 0.0059951 0.00854841 0.0143487 0.0109114 0.00895253 0.0055417 0.00197116 0 0.000447047 0.000652245 0.00490833 0.00863287 0.00476453 0.00390039 0.00175277 0.00017295 0 0 0 0 0 0 0 0 0 0 0 0 0 0 0 0 0 0 0 0 0 0 0 0 0 
0 0 0 0 0 0 0 0 0 0 0 0 0 0 0 0 0 0 0 0 0 0 0 0.0009564 0.00641774 0.00578923 0.0149514 0.0224251 0.0185908 0.0185251 0.0327002 0.0277888 0.0223908 0.013254 0.00308351 0.00105576 0.00778371 0.00823934 0.0126365 0.0220392 0.0222283 0.0193376 0.0164201 0.00706954 0.00452349 0.00198505 0.000230099 0 0 0 0 0 0 0 0 0 0 0 0 0 0 0 0 0 0 0 0 0 0 
0 0 0 0 0 0 0 0 0 0 0 0 0 0 0 0 0 0 0 0 0 0 0.000760109 0.0082604 0.0192933 0.0219998 0.0225253 0.0272919 0.0214788 0.0246158 0.0337153 0.0285919 0.0220381 0.016511 0.0139062 0.00795447 0.0128181 0.0158167 0.0219443 0.0252151 0.0249772 0.0233691 0.0202151 0.0129925 0.0165442 0.0124192 0.00743286 0.00362704 0.000223119 0 0 0 0 0 0 0 0 0 0 0 0 0 0 0 0 0 0 0 0 
0 0 0 0 0 0 0 0 0 0 0 0 0 0 0 0 0 2.66696e-06 0.000377701 0.00200657 0.00169647 0.00100649 0.00158639 0.0123645 0.02728 0.024872 0.024932 0.0201861 0.025557 0.031755 0.0299872 0.0195011 0.0162551 0.0177958 0.0206908 0.023782 0.0299159 0.0197093 0.0234708 0.0255641 0.0311239 0.0336573 0.0238969 0.0170969 0.0161282 0.0210055 0.0243436 0.0131637 0.00480667 0.00215447 0.00188356 3.06718e-05 0 0 0 0 0 0 0 0 0 0 0 0 0 0 0 0 0 
0 0 0 0 0 0 0 0 0 0 0 0 0 0 0 0 0.000103749 0.00376479 0.0104041 0.0145981 0.0126723 0.0103063 0.00428343 0.00310367 0.0181192 0.0298364 0.0165714 0.00892114 0.0149974 0.0179092 0.0179996 0.0126048 0.0142499 0.017611 0.0157725 0.0221313 0.0235664 0.0172776 0.016977 0.0205749 0.029342 0.0256788 0.0265173 0.0171556 0.0168034 0.0260123 0.0231489 0.0260892 0.0173259 0.0129767 0.0125775 0.00599735 0.00131414 0.000206773 0 0 0 0 0 0 0 0 0 0 0 0 0 0 0 
0 0 0 0 0 0 0 0 0 0 0 0 0 0 0 0.00131386 0.00890614 0.0167652 0.0221549 0.02432 0.0211922 0.0208454 0.0102865 0.00744075 0.021927 0.0254346 0.0168251 0.0141016 0.0185905 0.0152515 0.0129228 0.0150992 0.014276 0.0130032 0.0109513 0.0103581 0.01085 0.0144865 0.0146684 0.0127706 0.0208523 0.0211916 0.0161839 0.0167503 0.0135467 0.0176802 0.0185562 0.0268861 0.0214257 0.016823 0.0233658 0.0204666 0.00916863 0.00436253 0.000825355 3.90676e-05 0 0 0 0 0 0 0 0 0 0 0 0 0 
0 0 0 0 0 0 0 0 0 0 0 0 0 0 0.00219655 0.0133681 0.0227238 0.0221603 0.026353 0.0266709 0.0190011 0.013244 0.00767366 0.0140812 0.023009 0.0150843 0.0180396 0.0172208 0.0226576 0.0199465 0.0113822 0.0132329 0.0134009 0.0127791 0.0158353 0.0152581 0.00986386 0.00851368 0.00894142 0.0137746 0.0119619 0.0101618 0.0131329 0.0153452 0.00968758 0.012821 0.0110314 0.0159757 0.0132363 0.0149176 0.0226198 0.0244634 0.0166416 0.0112681 0.00582401 0.00153481 1.47116e-05 0 0 0 0 0 0 0 0 0 0 0 0 
0 0 0 0 0 0 0 0 0 0 0 0 0 0.00035186 0.0119996 0.0210684 0.0210539 0.0187227 0.0214981 0.0220473 0.0212393 0.0152424 0.0111336 0.0217753 0.0243108 0.0177506 0.0201965 0.0197423 0.0262587 0.0203233 0.0160077 0.0190731 0.0186936 0.0181115 0.0204479 0.0150585 0.00999957 0.00922572 0.00806388 0.0124362 0.00774166 0.00594013 0.00810835 0.00987744 0.00603233 0.00535983 0.00651244 0.0078886 0.0108442 0.0156756 0.0202811 0.0240095 0.0216709 0.022287 0.0174096 0.0062337 0.00114904 3.01802e-05 0 0 0 0 0 0 0 0 0 0 0 
0 0 0 0 0 0 0 0 0 0 0 3.89433e-05 7.99565e-06 0.000986113 0.011973 0.0164299 0.016537 0.0249855 0.0233203 0.0209532 0.0249191 0.0271872 0.0354486 0.0268102 0.0221555 0.0161378 0.0181323 0.014827 0.0181188 0.0179424 0.015164 0.0128759 0.0162315 0.0185983 0.0195998 0.0204182 0.0139595 0.0145844 0.0158771 0.0130083 0.0129762 0.0092291 0.00673582 0.00814461 0.00939187 0.00686985 0.0105332 0.00833981 0.00819079 0.0102067 0.0148077 0.0192712 0.0194723 0.0242648 0.0284612 0.015702 0.00885387 0.000902756 0 0 0 0 0 0 0 0 0 0 0 
0 0 0 0 0 0 0 0 0 0 0.000298171 0.00352341 0.00521386 0.00431708 0.00724659 0.0181478 0.0214371 0.0256106 0.0254155 0.0294101 0.0301676 0.0279804 0.0243099 0.0245263 0.0168813 0.0223144 0.0190946 0.0193317 0.0179424 0.0174137 0.0136213 0.0101782 0.0117101 0.0146662 0.0164395 0.0146672 0.00915627 0.0106307 0.0193334 0.0150032 0.0108134 0.00612497 0.0104972 0.0128444 0.0142108 0.012242 0.0114709 0.0130197 0.014616 0.00915655 0.0123091 0.0155108 0.0171226 0.0235121 0.0267358 0.0234611 0.0170335 0.00248849 0.000123014 0 0 0 0 0 0 0 0 0 0 
0 0 0 0 0 0 0 0 0 1.86118e-06 0.00442336 0.0129272 0.0204371 0.0180777 0.0185863 0.0163311 0.0151836 0.0288356 0.0359958 0.0286286 0.0220063 0.0243969 0.0274531 0.0222 0.0166556 0.0165729 0.013824 0.0203808 0.0167263 0.0137697 0.010687 0.00876635 0.0170214 0.0168284 0.011168 0.0140979 0.0178446 0.0149337 0.0163322 0.0129744 0.0122028 0.00941668 0.0111258 0.0148191 0.013743 0.0126868 0.0205298 0.0181272 0.0109705 0.00549303 0.00630832 0.0115728 0.0215398 0.0277412 0.0232726 0.0292033 0.0203421 0.00365067 0.000193248 0.000133193 9.97835e-05 0 0 0 0 0 0 0 0 
0 0 0 0 0 0 0 0 0 0.00024493 0.0126307 0.0302767 0.0326068 0.0268838 0.0188594 0.00969713 0.0141619 0.0265382 0.0282398 0.0236582 0.0170761 0.0204563 0.0234981 0.017284 0.0136735 0.0141185 0.0152055 0.0244114 0.0237279 0.0136118 0.012323 0.0117615 0.0135549 0.0143652 0.0206989 0.01929 0.0151116 0.0149811 0.0155812 0.0143847 0.0137181 0.0141506 0.0102513 0.0136932 0.0125374 0.0115282 0.00829228 0.0105626 0.00929231 0.00726094 0.00984406 0.0145125 0.0270831 0.0293749 0.0296735 0.029852 0.0156874 0.00415939 0.00495337 0.00610011 0.00225398 5.46371e-05 0 0 0 0 0 0 0 
0 0 0 0 0 0 0 0 0.000444569 0.00353732 0.018269 0.0301435 0.0317015 0.0291526 0.0254991 0.0209711 0.0199653 0.0284721 0.0301761 0.0202767 0.0182017 0.0159871 0.0139839 0.0166322 0.0159147 0.0213157 0.0193222 0.0247613 0.0176594 0.0152825 0.0171512 0.018724 0.0205311 0.016299 0.020356 0.0226879 0.0163739 0.0188212 0.0184674 0.0180534 0.0137709 0.0111025 0.00643382 0.00554957 0.00690312 0.00729634 0.00657391 0.00587261 0.00728004 0.0110798 0.0142027 0.0242482 0.0369245 0.0288655 0.0248811 0.0226843 0.0179404 0.0157425 0.0134488 0.014285 0.00603551 0.00221697 0.000101705 0 0 0 0 0 0 
0 0 0 0 0 0 0 0.000133572 0.00280482 0.0121824 0.0183527 0.0291941 0.0287389 0.0342729 0.028979 0.0225398 0.0261704 0.0326215 0.024148 0.022964 0.0149313 0.0151252 0.0123538 0.0142372 0.0167418 0.0242274 0.0182565 0.016115 0.0168194 0.0187009 0.0182552 0.0187699 0.0236887 0.0182336 0.0213882 0.0178477 0.0175886 0.0227242 0.024393 0.0187038 0.0118669 0.00694882 0.00474851 0.00373944 0.00493583 0.0088039 0.0151642 0.0129642 0.0131647 0.0187238 0.0256147 0.0257467 0.0329567 0.03042 0.0218596 0.0193453 0.0272476 0.0249629 0.0170016 0.0171493 0.0148744 0.0137842 0.00328501 6.54864e-06 0 0 0 0 0 
0 0 0 0 0 0 0.000329639 0.00440838 0.00814443 0.0204743 0.0277215 0.0295747 0.0284931 0.0285993 0.0259007 0.0247678 0.0234788 0.0296176 0.0284798 0.0226927 0.0161062 0.0129055 0.0108882 0.00924229 0.0119713 0.0142481 0.0106135 0.0150649 0.0187734 0.0218116 0.023942 0.0246046 0.031139 0.0234359 0.0216294 0.0171206 0.0136085 0.0178366 0.0195312 0.0165284 0.0121902 0.0114915 0.0101165 0.00664623 0.00815707 0.0097026 0.0206755 0.0198297 0.0147973 0.0188832 0.0232608 0.0231066 0.0278275 0.028571 0.031263 0.0227729 0.0257266 0.0246211 0.0252679 0.0202395 0.0252475 0.0289658 0.0132937 0.00064568 0 0 0 0 0 
0 0 0 0 0 1.50931e-05 0.00363583 0.0156367 0.0220406 0.0348121 0.0290475 0.0268905 0.0247086 0.0227855 0.0238083 0.0207846 0.0216768 0.0284706 0.0230041 0.026052 0.0225966 0.0147744 0.0157591 0.0157248 0.0136931 0.0124096 0.00810246 0.012979 0.0182869 0.0193322 0.0181491 0.0232188 0.0287232 0.0188095 0.017935 0.0113299 0.0130475 0.0141819 0.0149246 0.0115326 0.0148701 0.0145959 0.0174107 0.01507 0.0157164 0.0136777 0.0245568 0.024771 0.0230027 0.0253837 0.0230472 0.0259484 0.0328555 0.0261406 0.0305866 0.0265279 0.0274238 0.0258128 0.0294409 0.0303671 0.0304038 0.0372686 0.0182634 0.00179457 0 0 0 0 0 
0 0 0 0 0 0.00108977 0.0133207 0.0234058 0.0264017 0.0311436 0.0274492 0.0168846 0.0137126 0.0159511 0.0209112 0.0215733 0.0223639 0.024357 0.0275236 0.0301188 0.0170394 0.0160029 0.0183808 0.0162059 0.0180114 0.0185435 0.0201306 0.019044 0.0192105 0.0174066 0.0152796 0.0173783 0.0157503 0.0128627 0.0140992 0.010136 0.0121592 0.0195488 0.0221025 0.0178786 0.0169107 0.0156145 0.0155053 0.015339 0.0202938 0.0178609 0.019843 0.0215366 0.0290307 0.0379103 0.0233272 0.0254835 0.0284459 0.0208245 0.0269832 0.0277122 0.0269595 0.0264147 0.0264179 0.0261546 0.0298515 0.0345405 0.0178707 0.00176452 0 0 0 0 0 
0 0 0 0 0.000272553 0.00519956 0.0230711 0.0274377 0.0286661 0.02533 0.0258786 0.0152282 0.014724 0.0185068 0.0215877 0.023223 0.0179912 0.0197791 0.0303543 0.0245426 0.0181833 0.0215481 0.0195423 0.0204244 0.0198024 0.0212816 0.0199097 0.0173254 0.0201988 0.0166471 0.0175768 0.0181042 0.0137547 0.0129132 0.0118923 0.00888191 0.0107562 0.0162056 0.0212517 0.0190307 0.0155405 0.0169588 0.0145182 0.0197336 0.0117015 0.0162635 0.015687 0.0219219 0.0242453 0.0235664 0.0203993 0.0242376 0.0232458 0.0260809 0.0242249 0.0270618 0.0300049 0.0247883 0.0217893 0.0266065 0.0299618 0.0327787 0.0122391 0.00315499 0.00126098 0 0 0 0 
0 0 0 0 0.00221535 0.0112049 0.0264841 0.0378572 0.0303012 0.0238151 0.0262587 0.0220242 0.022322 0.0205305 0.0204932 0.0227577 0.0139719 0.0181238 0.0341512 0.0242656 0.0184034 0.0202251 0.0212265 0.0207039 0.0170428 0.0244156 0.0204893 0.0175734 0.0218755 0.0240654 0.0230474 0.0153288 0.0146989 0.0138228 0.0140703 0.0208258 0.0242583 0.0185989 0.0174364 0.0155094 0.0112443 0.0125317 0.0131908 0.01407 0.0160364 0.0185505 0.0168472 0.013344 0.01783 0.0185919 0.0205801 0.0207918 0.0206376 0.0192107 0.0151598 0.0274649 0.0296562 0.0247561 0.028102 0.0233281 0.0285787 0.0374534 0.0160606 0.00583895 0.0024997 0 0 0 0 
0 0 0 0.000131221 0.0080884 0.0186941 0.0207088 0.0278514 0.0240252 0.0260022 0.0292615 0.0228564 0.0224035 0.0201964 0.0240922 0.0307025 0.0330478 0.0304628 0.037373 0.0230241 0.0157819 0.0233954 0.0222654 0.0190256 0.0195664 0.0225036 0.0203513 0.0173329 0.0244536 0.0224628 0.0213055 0.0169148 0.0170943 0.0204534 0.0232749 0.0355781 0.0376588 0.0244151 0.0174989 0.0132127 0.0143078 0.00905299 0.0112464 0.0157267 0.0197611 0.0245622 0.0225912 0.0155306 0.0145183 0.0210939 0.0187122 0.0134659 0.0126325 0.0114418 0.0126359 0.0194634 0.0248796 0.020123 0.0346669 0.0229399 0.0237034 0.0281877 0.0234986 0.00716406 0.00223297 0.00054483 0 0 0 
0 0 0 0.00212543 0.0120448 0.0138268 0.0131399 0.0276032 0.0283682 0.0286885 0.0323294 0.0317915 0.0258384 0.0296729 0.0242176 0.0344738 0.0579786 0.0589436 0.0476465 0.0496072 0.0320507 0.0236996 0.0241736 0.0129048 0.0173024 0.0236641 0.0262873 0.0225887 0.0174367 0.0197351 0.021622 0.0174162 0.0210376 0.0242386 0.0320366 0.0389806 0.0367145 0.0424423 0.0260309 0.0186899 0.0179407 0.0144927 0.013651 0.0137959 0.013542 0.0199305 0.0264761 0.023005 0.0115191 0.0119594 0.0152244 0.0150448 0.011862 0.0113673 0.0239569 0.022482 0.0199954 0.0181951 0.0222089 0.0300327 0.0324586 0.033404 0.030034 0.0167834 0.0122526 0.00317335 0.000552621 0 0 
0 0 0.000107677 0.00446852 0.00660699 0.010123 0.0146805 0.02315 0.0284709 0.0226415 0.0218874 0.0233722 0.0270456 0.0304693 0.0238021 0.0339856 0.0407318 0.0450246 0.0542491 0.0561296 0.0332991 0.0165992 0.0142712 0.0188612 0.0165475 0.0203746 0.0263365 0.0245094 0.0184631 0.0203813 0.0209412 0.0209794 0.0268735 0.0310091 0.0498484 0.0435219 0.0439533 0.0417389 0.0282928 0.0281711 0.0269053 0.019974 0.0209551 0.0150735 0.0130967 0.0179738 0.0172698 0.0116185 0.00998122 0.0129743 0.0141192 0.0205132 0.020743 0.0282095 0.0359821 0.0310634 0.0241691 0.0221335 0.0279852 0.0291373 0.0313983 0.0308516 0.0269483 0.0219817 0.0193318 0.00931776 0.000905659 0 0 
0 0 0.000953844 0.00698568 0.00627206 0.00620955 0.012881 0.0211526 0.0234646 0.0292548 0.0194793 0.0176611 0.0184052 0.0285291 0.0312602 0.0340564 0.0296058 0.0205382 0.0178881 0.0214127 0.0181042 0.0118994 0.013027 0.0199641 0.020189 0.0263584 0.0319397 0.0243463 0.0164003 0.0161227 0.0216058 0.0272405 0.0296083 0.0370369 0.0435734 0.0406753 0.0506939 0.0416401 0.0247457 0.0277841 0.034595 0.0331882 0.0268516 0.0186324 0.0137217 0.0148732 0.0181528 0.0160877 0.0147855 0.0147596 0.018024 0.0216011 0.0331775 0.0381447 0.0395659 0.0373558 0.0290643 0.0254682 0.0309373 0.028842 0.0221363 0.0179043 0.0142544 0.00887584 0.0137192 0.00535117 0.000708751 0 0 
0 0 0.00131602 0.00801602 0.00538268 0.00401081 0.0063299 0.0112778 0.018682 0.0274827 0.0286316 0.0232868 0.0236116 0.0319023 0.0429113 0.051279 0.0415407 0.0227296 0.0153576 0.0123474 0.014278 0.0175244 0.0142912 0.0163929 0.0226127 0.027137 0.0242333 0.0175231 0.0212216 0.0219987 0.0285958 0.0265962 0.0375547 0.0415811 0.0273367 0.0291478 0.0431871 0.0364318 0.0325616 0.0347575 0.0353855 0.0367785 0.0348532 0.0233973 0.015041 0.0171818 0.0219466 0.0209163 0.0212018 0.0168684 0.0188277 0.0233568 0.028542 0.0352793 0.0326179 0.0322983 0.0302177 0.0292605 0.0327611 0.028882 0.0191803 0.0124163 0.00752148 0.00338753 0.00505987 0.0031635 0.000293858 0 0 
0 0 0.00194659 0.00844664 0.00728482 0.00334372 0.00331369 0.00382077 0.00460398 0.00956859 0.0233191 0.0236476 0.0195562 0.0228849 0.032897 0.0469833 0.0412166 0.0239047 0.0127804 0.0109591 0.0148109 0.0195805 0.0178061 0.0196573 0.025163 0.0285229 0.0257932 0.0201075 0.0235213 0.029995 0.0330524 0.0315997 0.0383875 0.0341396 0.0328797 0.0251029 0.031495 0.0470144 0.0435621 0.0419188 0.0370753 0.028508 0.0282519 0.0200518 0.0191821 0.0161437 0.0184587 0.0221961 0.021513 0.0153132 0.0160839 0.015268 0.0201065 0.0206344 0.0269633 0.0261668 0.0279154 0.0260769 0.0235044 0.0234645 0.0102608 0.00652317 0.0035547 0.00386775 0.00617888 0.00510158 0.00090322 2.47404e-05 0 
0 3.87593e-05 0.00254282 0.0062204 0.0109597 0.00425359 0.00272872 0.00218242 0.00255952 0.00509521 0.00615692 0.0165359 0.0175951 0.0157182 0.0255749 0.037788 0.0431355 0.0250676 0.0209467 0.0203865 0.0212186 0.0253147 0.0229573 0.0254599 0.0250901 0.0267752 0.026722 0.0236587 0.0278982 0.0334489 0.0369636 0.0307763 0.0279695 0.0365301 0.0357069 0.037567 0.0328808 0.04076 0.0441085 0.0466063 0.0406364 0.0339611 0.0262276 0.0242358 0.0218994 0.0102484 0.00786748 0.0123677 0.0179947 0.0146056 0.0161622 0.0211065 0.0199947 0.0194193 0.0204635 0.016914 0.024776 0.0185582 0.0201184 0.00938172 0.00762964 0.00725942 0.0128203 0.0070765 0.00955669 0.00825704 0.0043309 0.00129898 7.85611e-06 
0 5.59267e-05 0.00317188 0.00760945 0.00604247 0.00221634 0.00227744 0.00474757 0.00468868 0.00575035 0.00285029 0.0118835 0.0173159 0.0218075 0.0252414 0.0385326 0.0435111 0.0327752 0.022577 0.0226492 0.0224906 0.0277388 0.0330747 0.0288736 0.0265431 0.032052 0.0263832 0.0308632 0.034203 0.0417331 0.0401072 0.0362235 0.0367366 0.0526478 0.0457434 0.0406036 0.0365658 0.0364885 0.0365318 0.0388914 0.0386588 0.0471937 0.0329992 0.0299931 0.0203001 0.010663 0.00825505 0.00648605 0.0123041 0.0160242 0.0176049 0.0255201 0.0224632 0.0208005 0.01187 0.00410414 0.0101716 0.0127071 0.0170899 0.0092315 0.00804647 0.0095029 0.01719 0.0098338 0.00721916 0.00269252 0.00675043 0.00577529 0.000714475 
0 0 0.00157634 0.00264479 0.000870663 0.00297989 0.00396952 0.00133055 0.00198682 0.0038166 0.00633908 0.00819517 0.0149841 0.0214463 0.030211 0.0461401 0.0472354 0.0314326 0.0218826 0.0289148 0.0307445 0.0279493 0.0280085 0.0293304 0.0337721 0.0248865 0.0216302 0.036121 0.0438941 0.0494791 0.0400125 0.0546409 0.0540963 0.0557955 0.0549301 0.0455723 0.0329962 0.0329298 0.030661 0.0373315 0.0426686 0.0529959 0.0428218 0.0311971 0.020849 0.013571 0.00775464 0.00509203 0.013224 0.0177935 0.0217278 0.0305777 0.0227795 0.0171489 0.00794801 0.00154294 0.00792819 0.00904763 0.00834497 0.0118716 0.0102202 0.00954812 0.010169 0.011115 0.00511255 0.00450105 0.00587131 0.00652529 0.00153648 
0 0 9.38513e-05 0.000889231 0.00229382 0.0029683 0.0043283 0.00423364 0.00176113 0.00168534 0.00664358 0.00731775 0.016241 0.03019 0.0332499 0.042323 0.0370004 0.0354032 0.0250329 0.0306787 0.0235711 0.019461 0.0186881 0.0269647 0.025186 0.0207392 0.0282506 0.036953 0.0402415 0.0513922 0.0482462 0.056998 0.0464636 0.0462517 0.0452144 0.0398513 0.0398502 0.0378215 0.029359 0.0240688 0.0372327 0.0415422 0.0421419 0.0392529 0.0351863 0.0165991 0.0104206 0.00670266 0.0120993 0.0194657 0.0314313 0.0250339 0.0228025 0.0222586 0.00896585 0.00132604 0.00545534 0.00942776 0.00734675 0.0110236 0.0105493 0.0113897 0.00612878 0.00411413 0.00204975 0.00752748 0.00590983 0.00901648 0.00137087 
0 0.000357634 0.00220777 0.0032911 0.00471206 0.00309656 0.00456543 0.00785794 0.0106687 0.00867299 0.00592695 0.00866183 0.012638 0.0308868 0.0316266 0.0387607 0.0395509 0.0435372 0.0326246 0.031194 0.0250869 0.0197379 0.0231477 0.0281604 0.0206106 0.0278965 0.03577 0.0403689 0.0448154 0.0598748 0.0517267 0.0491508 0.0353073 0.0284028 0.0298743 0.0375468 0.036281 0.0417349 0.0350979 0.0226139 0.0264741 0.0239409 0.0251524 0.0324303 0.0343561 0.0172614 0.0125468 0.00638904 0.0116161 0.0185232 0.0248503 0.0254249 0.019289 0.0217286 0.0110056 0.00418961 0.00374133 0.00866578 0.00995206 0.00736871 0.00831861 0.00713413 0.00448686 0.00345407 0.00210874 0.00972925 0.0111888 0.00656856 0.000583776 
0 0.000201484 0.00150243 0.00157902 0.00254146 0.00559581 0.00747654 0.0170725 0.0195753 0.0147496 0.00462223 0.009442 0.00933938 0.0237909 0.0379724 0.0347728 0.0353754 0.041571 0.0353812 0.0398449 0.0265847 0.0262502 0.0276387 0.0293384 0.029198 0.038868 0.0413008 0.0369442 0.03245 0.0447191 0.037473 0.0288615 0.030844 0.0254655 0.0356233 0.0415309 0.0405972 0.0393373 0.0312777 0.026208 0.0231028 0.02332 0.0223931 0.021915 0.0272007 0.0272838 0.0150406 0.0100887 0.0134483 0.0110856 0.0143107 0.0183084 0.0147903 0.0178947 0.0203065 0.0126266 0.00282084 0.00716804 0.00743 0.00783271 0.00697016 0.00856715 0.00722038 0.00374 0.00288929 0.010471 0.0133855 0.00646038 0.000532735 
0 0 6.69294e-05 0.00228143 0.00797369 0.0159029 0.0179731 0.0247455 0.0295207 0.0232396 0.0101462 0.0153582 0.0167993 0.0205078 0.0354724 0.039777 0.0384834 0.0484763 0.0396387 0.040353 0.0316849 0.0293261 0.0344975 0.0451879 0.0500463 0.0444223 0.035967 0.0366614 0.0278819 0.033668 0.0335295 0.0339837 0.0306845 0.0314327 0.0410209 0.0453062 0.0469743 0.0386021 0.0400688 0.0282097 0.0233053 0.0250273 0.021442 0.0202163 0.0294929 0.0261144 0.0230967 0.0230609 0.02102 0.0150489 0.0107441 0.0124912 0.015891 0.0184783 0.0184536 0.0143135 0.00610132 0.0073992 0.00814469 0.0118659 0.0146311 0.0154901 0.0080236 0.00799658 0.00683535 0.00816284 0.0135169 0.010664 0.000914454 
0 0 0.000127724 0.00148758 0.00285608 0.0133365 0.0194552 0.0235042 0.020269 0.0228677 0.0214116 0.0185172 0.0122274 0.015616 0.0352444 0.0349134 0.0326159 0.0404049 0.0355904 0.0362042 0.0357165 0.0308413 0.0342417 0.0486117 0.054052 0.0469162 0.0360469 0.0344897 0.0301293 0.033945 0.0335665 0.0438387 0.0397801 0.0377272 0.0446311 0.0430035 0.0403183 0.0347536 0.033747 0.0322338 0.0289978 0.0280651 0.0227144 0.0195694 0.0334839 0.0331166 0.0301905 0.02925 0.0234137 0.0147687 0.0112544 0.00949056 0.0148896 0.0143373 0.0157846 0.0104312 0.00725372 0.00712892 0.00964309 0.0148065 0.0229634 0.0160095 0.00688101 0.00697319 0.0129305 0.00911638 0.0106318 0.00731624 0.000631312 
0 0 2.94416e-05 0.000477812 0.0034644 0.0121037 0.0210824 0.0229923 0.02241 0.0232552 0.0243028 0.0194659 0.0130416 0.0147233 0.0241315 0.0310525 0.0309851 0.0436089 0.042007 0.0331746 0.039559 0.034487 0.031554 0.0362073 0.0416418 0.0364764 0.0367006 0.0391401 0.031058 0.0379744 0.0414681 0.0427475 0.0375731 0.0404485 0.0426194 0.034683 0.0429146 0.0355346 0.0349804 0.0375847 0.028603 0.0237664 0.0165619 0.0191315 0.0192699 0.0294032 0.0281483 0.0311759 0.0198179 0.0181366 0.0116455 0.00805205 0.0128412 0.013427 0.0144567 0.0108383 0.00749816 0.00605162 0.0108126 0.0205992 0.0274926 0.0175341 0.00707159 0.00813704 0.014623 0.0127048 0.00905756 0.00402971 7.99861e-05 
0 7.77845e-05 0.00225772 0.0095108 0.0127807 0.0170826 0.019541 0.0232754 0.0225602 0.0235435 0.0201719 0.0225928 0.0137866 0.00784485 0.0188832 0.0334047 0.0381444 0.0336417 0.0385523 0.030606 0.0381823 0.0376539 0.0389187 0.0417795 0.0409795 0.0490231 0.046531 0.0423198 0.046466 0.0405103 0.0413599 0.0447729 0.0377219 0.0376966 0.0386086 0.0368302 0.0393646 0.033065 0.0352708 0.0312488 0.0256855 0.0275095 0.0181661 0.0138414 0.0206813 0.0283325 0.0246858 0.0287346 0.0226755 0.014887 0.0120928 0.0108425 0.0104861 0.0132484 0.00777299 0.00719952 0.00907497 0.00536677 0.0104844 0.0201762 0.0243618 0.0162359 0.00776684 0.0106815 0.0180072 0.0109622 0.00870876 0.00359119 0.000125947 
0 0.0012485 0.00850217 0.017851 0.0169547 0.0214936 0.0249482 0.0244324 0.0219448 0.0190149 0.0269501 0.0249088 0.0161704 0.0123812 0.0168421 0.0255274 0.040275 0.0443486 0.0370135 0.0377586 0.0345787 0.0378035 0.0428175 0.0407231 0.0374877 0.0423233 0.0487251 0.0455153 0.0407674 0.0313148 0.0359011 0.0326213 0.0320876 0.0377764 0.0351304 0.0377397 0.0358556 0.0455505 0.0407814 0.0328904 0.0231228 0.0244008 0.0181668 0.0136602 0.024143 0.0230007 0.0258165 0.0308674 0.0264995 0.0196645 0.0150157 0.0184529 0.0135463 0.0120668 0.00453977 0.00648363 0.0104772 0.0081273 0.00825247 0.0147597 0.0112589 0.0102714 0.0072677 0.0130825 0.0232327 0.0185499 0.011168 0.00345841 0.000229234 
1.73118e-05 0.00470069 0.0131874 0.0175681 0.0151457 0.0219324 0.025957 0.0265583 0.0246836 0.0229368 0.0219812 0.0205947 0.0184066 0.0221607 0.0259578 0.0324197 0.0322037 0.0350212 0.0448366 0.0405135 0.0381929 0.032345 0.0326537 0.0291101 0.0277374 0.0375485 0.0481793 0.0384456 0.0367583 0.0355465 0.0296463 0.0289092 0.0221489 0.0286941 0.0308168 0.0316944 0.0310088 0.0433784 0.0467363 0.0341531 0.0312378 0.0330316 0.0187008 0.0186774 0.0171698 0.0265253 0.0224298 0.0241587 0.0254817 0.0214373 0.0111828 0.0125174 0.0140177 0.00985497 0.00512085 0.00716094 0.0139111 0.0110745 0.00925469 0.00691703 0.00907057 0.00578404 0.00594003 0.0108579 0.0228742 0.0189517 0.0114385 0.00270553 8.91639e-05 
2.48152e-05 0.0074574 0.0201887 0.0165267 0.0143263 0.01697 0.0252589 0.0285708 0.0257183 0.0258074 0.024379 0.0290245 0.0269948 0.0226781 0.0298008 0.0412428 0.0341984 0.0317359 0.0339586 0.0351651 0.0373418 0.0363671 0.0255543 0.0193253 0.0239403 0.0291969 0.0389797 0.0361331 0.0416117 0.0345988 0.0297128 0.0259717 0.03306 0.0288345 0.0273218 0.0253364 0.0239935 0.0318539 0.0367486 0.034711 0.0220802 0.0259008 0.0238635 0.0176147 0.0150106 0.0189585 0.0187158 0.023595 0.0230797 0.014791 0.0105485 0.00827152 0.010227 0.011481 0.00729852 0.0080005 0.0101736 0.00593267 0.00944507 0.00572446 0.00561388 0.00460842 0.00462684 0.0118784 0.024095 0.0192692 0.012263 0.0100427 0.000774193 
7.62868e-05 0.00624861 0.0144521 0.0156841 0.0203101 0.0233688 0.0229363 0.0243328 0.0255812 0.0287715 0.0281085 0.0335426 0.0262066 0.0168929 0.0240789 0.0271675 0.0308982 0.0305282 0.0338724 0.0352739 0.0314162 0.0255269 0.023216 0.0235591 0.0212336 0.0209623 0.0281175 0.0292374 0.0317807 0.0320664 0.0250748 0.0237425 0.03222 0.0314506 0.0243716 0.022767 0.0229133 0.0305072 0.0398624 0.0311738 0.0217498 0.0270043 0.0235225 0.0198011 0.0151361 0.0119102 0.0140563 0.0259018 0.0211275 0.0126278 0.0101889 0.00905514 0.0184908 0.0188529 0.013681 0.00844849 0.00405096 0.00207476 0.00514705 0.00658313 0.0049326 0.00285767 0.00650332 0.0153818 0.0264937 0.0289419 0.0223801 0.0129097 0.00243036 
5.62095e-05 0.00740812 0.0225159 0.0250309 0.0193468 0.0209954 0.02377 0.0163207 0.0227841 0.0230972 0.02423 0.0276865 0.0230332 0.023111 0.0247513 0.0195954 0.0229576 0.0225589 0.020379 0.0247137 0.0259731 0.0205927 0.0221024 0.0153594 0.0119763 0.0156057 0.01577 0.0214681 0.0220413 0.0204763 0.0177169 0.0162925 0.0235138 0.0234262 0.0213685 0.0205405 0.0227017 0.0255456 0.0362653 0.0357595 0.0239959 0.0251525 0.0252713 0.0310779 0.0154045 0.0133581 0.0120783 0.0246942 0.0279567 0.0204264 0.0175621 0.014458 0.0211981 0.0170104 0.010151 0.00664965 0.00608794 0.0073213 0.0063439 0.00409575 0.00360205 0.00510875 0.0116158 0.0233029 0.0315559 0.0307653 0.0200111 0.0128618 0.00260705 
0 0.00615569 0.0215353 0.0272887 0.0257369 0.0302752 0.0201068 0.0207573 0.0249904 0.0299774 0.0260868 0.0247238 0.0256688 0.020008 0.0213208 0.0238868 0.0216416 0.0245304 0.0239763 0.0244855 0.0250139 0.0146734 0.0146288 0.0141982 0.0137108 0.0132736 0.0123043 0.0129171 0.0164271 0.0198662 0.0280282 0.0227006 0.020622 0.0255539 0.0245083 0.0291398 0.0239489 0.0226204 0.0278636 0.0357496 0.0248067 0.0237908 0.0280301 0.0326504 0.0221843 0.0220897 0.0243259 0.0235611 0.0270169 0.0251067 0.014891 0.0179752 0.0192736 0.0141924 0.0096082 0.0091577 0.0117737 0.00772828 0.00851948 0.00444964 0.00304282 0.00466494 0.0114209 0.0206577 0.0255284 0.0182793 0.0234885 0.0187288 0.00363443 
0 0.000768544 0.00878016 0.0251311 0.0252248 0.0254039 0.0239554 0.0211832 0.0185108 0.0205221 0.0201844 0.0218711 0.0231846 0.0221536 0.0241283 0.0234754 0.0227734 0.0325734 0.0332024 0.0344662 0.0257586 0.0149302 0.014395 0.015538 0.0203031 0.0198069 0.0201515 0.0243954 0.0205819 0.0238579 0.0276598 0.0208255 0.0211978 0.0287258 0.0254634 0.0294506 0.0288161 0.0225235 0.0265586 0.0241587 0.021868 0.0278199 0.0298871 0.0257905 0.0232707 0.0249741 0.029117 0.0293684 0.0251371 0.0254333 0.0184275 0.0165942 0.0177465 0.0178069 0.0188848 0.0128686 0.0154297 0.010381 0.0109207 0.00442665 0.00368676 0.00588641 0.00702224 0.0140902 0.0206836 0.0260961 0.0287051 0.0149332 0.00239785 
0 8.4263e-05 0.00407068 0.021783 0.0189869 0.0197847 0.0152777 0.0194318 0.0213415 0.0176376 0.0144302 0.016154 0.020574 0.0235663 0.0240598 0.0239658 0.0243319 0.0253199 0.031023 0.0281486 0.0238664 0.0128465 0.0157354 0.0200169 0.0104862 0.0111069 0.0152142 0.0194963 0.0181629 0.0276214 0.022298 0.0246656 0.0303857 0.0305406 0.0291821 0.0282337 0.0256506 0.0216814 0.0229495 0.0175185 0.0170345 0.0227335 0.025979 0.0291026 0.028818 0.0249771 0.0242649 0.0267003 0.0254991 0.0233105 0.0231914 0.0170001 0.017627 0.0148881 0.0114532 0.010603 0.00957971 0.00946729 0.00559133 0.00695235 0.00767195 0.0112923 0.0104146 0.0158491 0.0211698 0.0306839 0.0287637 0.0090174 0.000796411 
0 7.25034e-05 0.00617457 0.0209974 0.0222108 0.0141592 0.0178998 0.0186552 0.0149134 0.0115222 0.00443536 0.00898248 0.0244813 0.0228256 0.0185406 0.0307483 0.0285301 0.0192587 0.0194119 0.0187601 0.0166735 0.0134586 0.00843346 0.00849877 0.00792909 0.00799438 0.00934732 0.0131067 0.0166297 0.0254178 0.0247407 0.0276024 0.0310415 0.0338124 0.025972 0.0211593 0.0167505 0.0155414 0.0187143 0.0208649 0.018729 0.0220549 0.0199552 0.0240781 0.0247136 0.0210245 0.0212521 0.0213253 0.0214147 0.0163583 0.022007 0.0182069 0.0138135 0.0124754 0.00894495 0.00435702 0.00436793 0.00661709 0.00557884 0.00870026 0.0123982 0.0156022 0.0151627 0.0195986 0.0285217 0.0389468 0.0233194 0.0055996 1.69198e-05 
0 0 0.00289492 0.0151038 0.0242743 0.0149701 0.0204218 0.0206208 0.017941 0.0141143 0.0021815 0.00583368 0.0187916 0.0268238 0.0238733 0.03069 0.0346433 0.0262695 0.0164278 0.0163751 0.0187174 0.0139184 0.0109558 0.0112374 0.0102256 0.0112699 0.00893347 0.011515 0.019372 0.0154005 0.0231027 0.0345251 0.0339725 0.0227808 0.0262633 0.0184541 0.0193802 0.0228893 0.0234577 0.02263 0.016572 0.0144365 0.0211355 0.0233239 0.0201715 0.0194916 0.0223752 0.0213919 0.0193225 0.0188454 0.0224971 0.0148733 0.0175277 0.0129454 0.0114025 0.00847916 0.00491878 0.00586537 0.00658958 0.0120301 0.0115447 0.012182 0.0209908 0.0232273 0.0260413 0.0258752 0.0171449 0.00185284 0 
0 0 0.00114344 0.0085202 0.0181978 0.0189315 0.0273426 0.0247417 0.0205717 0.00999165 0.00176708 0.00294699 0.0153871 0.0351514 0.0308236 0.0370935 0.0430426 0.0333149 0.0281636 0.0252586 0.0162547 0.0159531 0.0257195 0.0240259 0.0192693 0.0170586 0.011901 0.013662 0.0165597 0.0153948 0.0318132 0.0385551 0.0295254 0.0258166 0.0293654 0.0233935 0.0192963 0.0175914 0.0195443 0.0174783 0.0102101 0.0133609 0.0216908 0.0214859 0.0254882 0.0250576 0.025904 0.026323 0.0175291 0.0213599 0.0263949 0.020489 0.0168777 0.0120909 0.0126755 0.0137317 0.0115538 0.0132564 0.00909624 0.00956557 0.0113717 0.019231 0.0278235 0.0309265 0.0215752 0.0195777 0.00674428 4.95807e-05 0 
0 0 0 0.00270822 0.0123915 0.018936 0.03444 0.019949 0.0121361 0.010917 0.00245859 0.00339897 0.0248103 0.0408729 0.0316886 0.0293185 0.0405146 0.036221 0.0388144 0.031534 0.0191421 0.0266006 0.0346268 0.0305203 0.0221911 0.0192086 0.0219875 0.0213669 0.0221307 0.0261488 0.0294425 0.0338406 0.0299596 0.0244455 0.0231543 0.0221329 0.0264587 0.0189619 0.0157649 0.0185102 0.0188976 0.019939 0.0199837 0.0245515 0.027892 0.0251047 0.0274656 0.0298976 0.0205752 0.0177772 0.0196467 0.0176891 0.0199757 0.0120237 0.0130196 0.0142058 0.0101499 0.0112204 0.0142551 0.0145401 0.0183693 0.0216217 0.0381773 0.0292104 0.0298629 0.0184687 0.00488187 0 0 
0 0 0 0.000339329 0.00689451 0.0148273 0.0231167 0.0189846 0.010183 0.0115445 0.00310874 0.00984631 0.0240852 0.0324614 0.0281165 0.0218899 0.0250287 0.0262635 0.0360094 0.0365466 0.0324716 0.036375 0.0347946 0.0311774 0.0235362 0.0239074 0.0296298 0.0335071 0.0305434 0.0288443 0.0305152 0.0335137 0.0261488 0.0180606 0.0168787 0.0233516 0.0218 0.016851 0.0190545 0.0173455 0.0208915 0.020793 0.0183395 0.0186313 0.0234798 0.0234258 0.0222319 0.0237248 0.0243919 0.0210981 0.0136399 0.013297 0.0151201 0.0106523 0.0109347 0.0103762 0.010145 0.014041 0.0209004 0.0200518 0.0249002 0.0267473 0.0383363 0.0291395 0.0271096 0.0104966 0.00267094 0 0 
0 0 0 3.92318e-05 0.00353013 0.0132847 0.0171734 0.0121164 0.0093401 0.00675936 0.00481593 0.0129489 0.0243153 0.0277922 0.0301192 0.0266861 0.0208892 0.0235974 0.0377687 0.0405039 0.0376314 0.032137 0.0375176 0.0338947 0.0248107 0.0262817 0.0343659 0.0330395 0.0319262 0.0312766 0.0294859 0.0330186 0.0233607 0.0171368 0.0196102 0.0186904 0.0165014 0.0142412 0.0194071 0.0219348 0.0300055 0.0308139 0.0290702 0.0303854 0.0280785 0.028998 0.0231242 0.0199494 0.0333541 0.0268261 0.0186826 0.0203819 0.0159291 0.0186026 0.0141183 0.0113599 0.0123079 0.0180335 0.0256844 0.0283135 0.0346693 0.0354124 0.0358577 0.035086 0.0162548 0.00356639 0.000346334 0 0 
0 0 0 0 0.000261409 0.00448653 0.0072107 0.00875745 0.00674556 0.00474037 0.0112237 0.0207024 0.0257683 0.031368 0.0369449 0.0314654 0.0232838 0.0221868 0.0346722 0.0458806 0.0400707 0.0252655 0.0318869 0.0296578 0.0259098 0.0293513 0.0316541 0.023394 0.022373 0.0330561 0.0342514 0.028088 0.0273238 0.0215061 0.0231476 0.0186383 0.0142277 0.0118656 0.020467 0.0269579 0.0337387 0.0275492 0.0312993 0.0266976 0.0234225 0.0250444 0.0258523 0.0243301 0.0345774 0.0359399 0.0248354 0.0188803 0.0157176 0.0269075 0.0194037 0.0107137 0.013386 0.0125171 0.0170605 0.0321634 0.0446671 0.038457 0.0280174 0.0195697 0.00656913 0.000771952 2.12711e-05 0 0 
0 0 0 0 0 0.000120205 0.0008205 0.00227158 0.0018202 0.00735566 0.0173028 0.0194052 0.0262566 0.0249101 0.0271513 0.0230874 0.0250751 0.0283991 0.0393807 0.0400694 0.0430979 0.0213286 0.0222403 0.0243493 0.0230934 0.0320302 0.0306391 0.0288092 0.0259244 0.0260995 0.031068 0.022894 0.0237151 0.0263711 0.0292625 0.0214377 0.0125016 0.0181399 0.0219359 0.0260617 0.0267391 0.036949 0.0291712 0.0254466 0.0243844 0.0239946 0.0298265 0.0247806 0.0354511 0.036248 0.034652 0.0302171 0.0306204 0.0311749 0.0239543 0.0146983 0.0110154 0.0119022 0.0150513 0.0367831 0.0543104 0.0361942 0.0204069 0.00891006 0.00251515 8.67501e-05 0 0 0 
0 0 0 0 0 0 0 0 0.000784154 0.0107413 0.0215208 0.0225917 0.0260889 0.0266742 0.0334032 0.0247625 0.0285108 0.0348317 0.0406223 0.0461502 0.0416099 0.0263434 0.0234935 0.0236186 0.0283359 0.0259508 0.027365 0.023474 0.021101 0.0248198 0.0286304 0.0317475 0.030309 0.0265465 0.0221528 0.0190562 0.0214045 0.0304892 0.0300354 0.0248256 0.024394 0.0313247 0.0270451 0.0266517 0.0263236 0.0267373 0.0317073 0.0331572 0.0312507 0.0323475 0.0342252 0.0385057 0.0274182 0.0243422 0.021163 0.0166889 0.023021 0.01739 0.0283075 0.0380195 0.0518406 0.0347816 0.0154808 0.00378904 0.00024539 0 0 0 0 
0 0 0 0 0 0 0 0 0.000811665 0.0120036 0.021902 0.024767 0.0228186 0.0294375 0.0300071 0.0261113 0.0302265 0.032545 0.0434413 0.0420078 0.0353851 0.0227499 0.018781 0.0204758 0.0250295 0.0215125 0.0227243 0.0176005 0.0177207 0.0286795 0.0352199 0.0389567 0.0270239 0.0165448 0.0185337 0.0287877 0.0273012 0.0332202 0.0256059 0.0198797 0.0246293 0.0275759 0.0190812 0.022195 0.0282151 0.0333626 0.0324364 0.0320341 0.0215779 0.027288 0.0378332 0.0314235 0.0232495 0.0180028 0.0152691 0.0244122 0.0337663 0.036566 0.0421869 0.041142 0.0377656 0.021317 0.0100441 0.00238166 6.74262e-05 0 0 0 0 
0 0 0 0 0 0 0 0 0.0018277 0.0159139 0.0289113 0.0318282 0.0166766 0.0219149 0.0258245 0.0325814 0.0334016 0.0298101 0.0325451 0.040912 0.0391963 0.0244729 0.0145471 0.0165785 0.0273416 0.0249029 0.0208175 0.0218549 0.029116 0.0306543 0.0305613 0.0246566 0.0163791 0.018537 0.0262524 0.0331143 0.0232772 0.0290846 0.0225406 0.0187386 0.024473 0.0283107 0.0245901 0.0220124 0.022096 0.0286467 0.033985 0.0285328 0.0207098 0.0276623 0.0304616 0.02535 0.0182155 0.0140457 0.0143815 0.0274583 0.037339 0.0443046 0.0382691 0.0297253 0.0180267 0.0110626 0.00650401 0.000678387 0 0 0 0 0 
0 0 0 0 0 0 0 0 0.00165951 0.0112617 0.0246305 0.0288252 0.0179326 0.0152719 0.0231343 0.0306503 0.0342157 0.0247331 0.0275979 0.0405678 0.0416938 0.0360909 0.016379 0.0183483 0.0234686 0.0252206 0.0201477 0.0233225 0.031556 0.0346344 0.0243121 0.0178802 0.0139927 0.0360379 0.0366089 0.0396667 0.0231773 0.0285759 0.0268255 0.017156 0.021804 0.0270428 0.035283 0.030802 0.0267631 0.028247 0.0259305 0.0211174 0.0249916 0.0246322 0.0251554 0.0250549 0.0206397 0.020464 0.02154 0.0306144 0.0311686 0.0305457 0.027508 0.0212816 0.00888902 0.00386407 0.00128557 0 0 0 0 0 0 
0 0 0 0 0 0 0 0 0.00109983 0.0154395 0.0274125 0.033425 0.0259023 0.0228662 0.0254656 0.0305969 0.0304538 0.0168326 0.0268714 0.0295685 0.030903 0.0448367 0.0231376 0.0154036 0.0198578 0.0271741 0.0204997 0.0200165 0.0185565 0.0174828 0.0166618 0.013569 0.0265895 0.0437037 0.0380946 0.0381708 0.0324747 0.0275114 0.0228812 0.023746 0.0296038 0.0288666 0.0243906 0.0185496 0.0223817 0.0221186 0.0152785 0.0218412 0.0253641 0.0253449 0.0284262 0.036161 0.0322789 0.0281451 0.022864 0.0202608 0.0171279 0.0162045 0.0162598 0.00791502 0.0033076 0.000890943 6.53503e-05 0 0 0 0 0 0 
0 0 0 0 0 0 0 0 0.000147204 0.00672 0.0230357 0.0327796 0.0279738 0.021014 0.0181417 0.0228346 0.0259541 0.0278433 0.0218657 0.0288922 0.0263284 0.0266129 0.0269653 0.0146253 0.0260161 0.0273742 0.0153559 0.00990646 0.0062042 0.00668224 0.00686726 0.0145151 0.0300831 0.0412195 0.0356017 0.0341408 0.0373703 0.0283158 0.0283688 0.0236472 0.0229186 0.0315609 0.0268644 0.0206198 0.0216898 0.0127882 0.0203976 0.0272786 0.0404009 0.028771 0.0354208 0.04413 0.0397646 0.0270069 0.0109633 0.00950707 0.00446733 0.00518575 0.00796999 0.00545153 0.00110105 3.91805e-06 0 0 0 0 0 0 0 
0 0 0 0 0 0 0 0 0 0.000567729 0.0112552 0.0122423 0.0134932 0.0138295 0.018893 0.0222941 0.026564 0.0323209 0.0263615 0.0306448 0.025207 0.0208806 0.0176416 0.0191234 0.0259268 0.0175782 0.0066921 0.000439764 0.000705286 0.000884856 0.00120487 0.00271281 0.00506196 0.0124119 0.028983 0.0385512 0.0430748 0.0359312 0.0318751 0.0302463 0.0302274 0.0422767 0.0381311 0.0278954 0.0227821 0.0170022 0.0254654 0.0338924 0.0346461 0.0150344 0.0172783 0.0298356 0.0341482 0.0127974 0.00876505 0.0252297 0.0178849 0.00100968 0.00110043 0.00109235 4.46176e-05 0 0 0 0 0 0 0 0 
0 0 0 0 0 0 0 0 0 0 0.000176601 0.00112915 0.00729302 0.00877961 0.0129426 0.0197431 0.0251032 0.0231452 0.0336106 0.0254778 0.017694 0.0128472 0.0180274 0.0209056 0.0255695 0.0172671 0.0028885 0.000606813 0.00252604 0.00709349 0.0116505 0.00716164 0.00147968 0.0054584 0.0162714 0.034357 0.0439602 0.0393933 0.0374366 0.0385281 0.0381445 0.0424991 0.0415596 0.0314441 0.0275779 0.0155475 0.026483 0.0301694 0.022586 0.00923054 0.00727724 0.0104176 0.0139464 0.00529907 0.0213161 0.0372248 0.0257216 0.00159886 0 0 0 0 0 0 0 0 0 0 0 
0 0 0 0 0 0 0 0 0 0 0 7.61993e-05 0.00100436 0.00225594 0.00754123 0.00802026 0.0131327 0.0126918 0.0227977 0.0167968 0.00812178 0.0135889 0.0188662 0.0266809 0.0202256 0.0106148 0.00618635 0.00636884 0.0162956 0.0220772 0.0189707 0.00717456 0.00461662 0.00903298 0.0189088 0.0253669 0.0353436 0.0434974 0.032146 0.0320443 0.0297898 0.0309258 0.0325555 0.0338795 0.0348456 0.0206533 0.0301155 0.0301343 0.0147766 0.00700927 0.00696674 0.00883806 0.0212546 0.0323875 0.0458098 0.0404963 0.0151878 0.000350996 0 0 0 0 0 0 0 0 0 0 0 
0 0 0 0 0 0 0 0 0 0 0 0 0 0.00104585 0.00722773 0.00841745 0.00655527 0.00562259 0.0111302 0.00883588 0.00559735 0.00517192 0.0136853 0.0227597 0.0198205 0.0142323 0.0153716 0.01883 0.0337247 0.0297408 0.0201678 0.010264 0.00570931 0.0141384 0.0184604 0.0111851 0.0293686 0.0428785 0.0285984 0.0284057 0.0378195 0.0272957 0.0268337 0.0297456 0.0304267 0.0224947 0.0327615 0.0258914 0.0170022 0.0089038 0.0129969 0.0335062 0.0570868 0.0636458 0.0550378 0.0272491 0.00322352 0 0 0 0 0 0 0 0 0 0 0 0 
0 0 0 0 0 0 0 0 0 0 0 0 0 4.11071e-05 0.00151617 0.00321275 0.00211007 0.000919474 0.00546548 0.00467425 0.00419632 0.00223791 0.002016 0.00840275 0.0145157 0.0238928 0.0264889 0.0269187 0.0288333 0.0264048 0.0217794 0.0119234 0.00767172 0.0155903 0.0136163 0.00427556 0.0207149 0.0402216 0.0294242 0.0320247 0.0463941 0.0352147 0.0235116 0.028326 0.0336478 0.0284257 0.0340318 0.0388673 0.0298789 0.0212177 0.015384 0.0247525 0.0306117 0.0269348 0.0165044 0.00421758 0.00013573 0 0 0 0 0 0 0 0 0 0 0 0 
0 0 0 0 0 0 0 0 0 0 0 0 0 0 0 0 0.000453755 0.000393211 0.00357632 0.00618215 0.017547 0.00782831 0.00152799 0.00293316 0.00415678 0.0116784 0.0178834 0.0234902 0.0282573 0.0227026 0.0181466 0.0116879 0.0100034 0.0222844 0.0229762 0.0115041 0.0180176 0.0324852 0.0338744 0.0317841 0.0398596 0.03971 0.0381149 0.0375389 0.0338098 0.0315262 0.034499 0.0437787 0.0415578 0.0469397 0.0191772 0.0197616 0.0152636 0.00317382 0.000200556 0 0 0 0 0 0 0 0 0 0 0 0 0 0 
0 0 0 0 0 0 0 0 0 0 0 0 0 0 0 0 0 0 0.00212671 0.00973406 0.0169125 0.00791933 0.0010085 0.000377782 0.0032149 0.00483669 0.00926222 0.0241338 0.0320371 0.0242985 0.0103945 0.00304433 0.0123043 0.0217392 0.0159183 0.0169522 0.0187254 0.0347067 0.0321194 0.0273213 0.0303042 0.0350773 0.0401949 0.0466839 0.0363931 0.0377543 0.0281877 0.0335322 0.028209 0.0368545 0.0180727 0.00830351 0.00372942 0.00011963 0 0 0 0 0 0 0 0 0 0 0 0 0 0 0 
0 0 0 0 0 0 0 0 0 0 0 0 0 0 0 0 0 0 7.639e-05 0.00431187 0.00609935 0.00238084 0.000460649 0 0.0007966 0.00244782 0.00948642 0.0253786 0.0345956 0.0203371 0.00645438 0.0028454 0.0227023 0.0306419 0.016139 0.0127443 0.0191604 0.0314861 0.0320926 0.0233494 0.0209826 0.0227854 0.0289411 0.0369537 0.036119 0.0439793 0.0304661 0.015937 0.00551594 0.00921355 0.00385674 0.000204062 8.84974e-06 0 0 0 0 0 0 0 0 0 0 0 0 0 0 0 0 
0 0 0 0 0 0 0 0 0 0 0 0 0 0 0 0 0 0 0 0 0 0 0 0 5.4519e-05 0.00177586 0.00875377 0.0240983 0.0262173 0.0146054 0.00581779 0.00819579 0.0343711 0.0317682 0.0111591 0.00713963 0.0190596 0.0333329 0.0409454 0.0276533 0.01413 0.00964711 0.0189274 0.0240087 0.0182172 0.0231834 0.0136835 0.0060247 0.000561144 0.000157943 0 0 0 0 0 0 0 0 0 0 0 0 0 0 0 0 0 0 0 
0 0 0 0 0 0 0 0 0 0 0 0 0 0 0 0 0 0 0 0 0 0 0 0 1.67942e-05 0.00133673 0.00303652 0.0077294 0.00862768 0.00587238 0.0023789 0.00538785 0.0149548 0.0156919 0.00674424 0.00283572 0.00409579 0.0140277 0.0226625 0.0245989 0.01505 0.00357579 0.0066478 0.00553468 0.00465038 0.00421113 0.00117235 0.000156115 0 0 0 0 0 0 0 0 0 0 0 0 0 0 0 0 0 0 0 0 0 
0 0 0 0 0 0 0 0 0 0 0 0 0 0 0 0 0 0 0 0 0 0 0 0 0 0 5.29227e-05 0.00125606 0.00076882 0.000559001 8.50708e-05 4.75591e-05 0.000403613 0.00110699 0.000437779 0.000422763 0.00011351 0.000394159 0.0025526 0.00651082 0.00603114 0.000740035 0.000537153 0.00028498 7.18215e-05 1.98173e-06 0 0 0 0 0 0 0 0 0 0 0 0 0 0 0 0 0 0 0 0 0 0 0 

