0 0 0 0 0 0 0 0 0 0 0 0 0 0 0 0 0 0 0 0 0 0 0 0 0 0 0 0 0 0 0 0 0 0 0 0 0.000163327 0.00018447 0.000130321 3.39854e-05 0 0 0 0 0 0 0 0 0 0 0 0 0 0 0 0 0 0 0 0 0 0 0 0 0 0 0 0 0 
0 0 0 0 0 0 0 0 0 0 0 0 0 0 0 0 0 0 0 0 0 0 0 0 0 1.70729e-05 0.000568398 7.62212e-05 0.00117251 0.000705688 0.000487773 0.00119135 0.000188794 0.00112616 0.00279479 0.00502876 0.0080993 0.00349464 0.00579616 0.00306699 0.000973344 0 0 0 0 0 0 0 0 0 0 0 0 0 0 0 0 0 0 0 0 0 0 0 0 0 0 0 0 
0 0 0 0 0 0 0 0 0 0 0 0 0 0 0 0 0 0 0 0 0 0 0 5.24058e-05 2.79551e-05 0.00294654 0.00499385 0.00470522 0.00513443 0.00577203 0.00471864 0.00443153 0.00379207 0.00574848 0.0110208 0.0153251 0.0175139 0.00980455 0.00865935 0.0112316 0.00384521 0.00103805 0.000171656 0.000507384 0.00038995 0.00065397 0.000781441 0.000185198 0 0 0 0 0 0 0 0 0 0 0 0 0 0 0 0 0 0 0 0 0 
0 0 0 0 0 0 0 0 0 0 0 0 0 0 0 0 0 0 0 0 0 0.000438179 0.00274885 0.00304922 0.00140625 0.00487654 0.00856133 0.014357 0.0129817 0.0110145 0.0119999 0.00762765 0.0084064 0.00803851 0.0150313 0.0194086 0.015418 0.00987337 0.0099646 0.0116147 0.00538339 0.00336528 0.00491608 0.00515334 0.00632693 0.00905944 0.00740605 0.00555238 0.0018336 9.33996e-05 0 0 0 0 0 0 0 0 0 0 0 0 0 0 0 0 0 0 0 
0 0 0 0 0 0 0 0 0 0 0 0 0 0 0 0 0 0 0 1.93903e-05 0.000904893 0.00241977 0.00634395 0.00726145 0.00838929 0.00618398 0.01189 0.0204943 0.0138615 0.0106794 0.015118 0.0128191 0.0132873 0.0188309 0.0215659 0.022387 0.0167484 0.0108207 0.0108628 0.0111054 0.0085487 0.00419126 0.00827842 0.00651134 0.00858524 0.0113452 0.0125485 0.0107946 0.00783148 0.00314485 0.00059454 0.000101294 0 0 0 0 0 0 0 0 0 0 0 0 0 0 0 0 0 
0 0 0 0 0 0 0 0 0 0 0 0 0 0 0 0 0 0 2.94958e-08 0.0012705 0.00533195 0.00445875 0.00739925 0.0123676 0.0105867 0.0104766 0.0129463 0.0157878 0.017392 0.0146082 0.0146495 0.0150877 0.0219817 0.0316157 0.0361981 0.0240259 0.0166731 0.00812104 0.00811605 0.00974895 0.0099936 0.0130089 0.0166026 0.011366 0.00688415 0.00630401 0.0176855 0.0149453 0.0145017 0.00795178 0.00384214 0.00139864 0.00064386 0 0 0 0 0 0 0 0 0 0 0 0 0 0 0 0 
0 0 0 0 0 0 0 0 0 0 0 0 0 0 0 0.0004044 0.000924964 4.50065e-05 6.08359e-06 0.00334056 0.0123736 0.00726418 0.010063 0.0180449 0.0111102 0.0120764 0.01408 0.0149013 0.0163613 0.0153995 0.0112676 0.0139406 0.0181487 0.0454699 0.080691 0.0322503 0.0141194 0.0106372 0.0106747 0.00990142 0.0123551 0.0128874 0.0162251 0.0166334 0.0115686 0.00761476 0.0131126 0.0183818 0.0185134 0.0138896 0.00761284 0.0035609 0.00168769 0.000114731 0 0 0 0 0 0 0 0 0 0 0 0 0 0 0 
0 0 0 0 0 0 0 0 0 0 0 0 0 0 7.53325e-05 0.00438639 0.00835931 0.00420214 0.0026143 0.00433858 0.011916 0.0126921 0.0145201 0.0202849 0.018133 0.0156452 0.0133901 0.01085 0.0171654 0.0139246 0.0094436 0.00997274 0.0131668 0.0253132 0.0355862 0.0221698 0.0177277 0.0128345 0.0133241 0.0145391 0.0185583 0.0193401 0.0176931 0.0112786 0.0148705 0.0112544 0.0160766 0.0173322 0.0222549 0.0174037 0.0157459 0.0117767 0.00648066 0.00171677 0.00157824 0.000642937 8.62265e-05 0 0 0 0 0 0 0 0 0 0 0 0 
0 0 0 0 0 0 0 0 0 0 0 0 0.000181972 0.000896133 0.00341793 0.00848718 0.0116212 0.0114725 0.00791307 0.0098664 0.015741 0.018032 0.0199174 0.016122 0.0156995 0.0140041 0.00944019 0.00716569 0.0163292 0.0175242 0.00932785 0.0112885 0.00940308 0.00728312 0.0109375 0.0109691 0.0122082 0.00907639 0.0181521 0.0213274 0.0242726 0.0210245 0.016575 0.0144791 0.0169501 0.0147846 0.0162727 0.0194755 0.0221867 0.0143749 0.0151951 0.0134715 0.00865842 0.0038938 0.00507132 0.00502031 0.00278807 0.000134976 0 0 0 0 0 0 0 0 0 0 0 
0 0 0 0 0 0 0 0 0 0 0 0.000124965 0.00371252 0.00442779 0.00634307 0.00698336 0.0112018 0.00980561 0.0072256 0.00958805 0.0115686 0.0151858 0.0216763 0.017671 0.0174101 0.0144203 0.0103265 0.00798853 0.00814484 0.0186638 0.0164034 0.00943688 0.00816737 0.00574245 0.00738657 0.00857463 0.0110314 0.0103849 0.0165555 0.0209918 0.0229172 0.0194019 0.0164103 0.0113405 0.015012 0.0142312 0.015255 0.0170467 0.0206845 0.0124935 0.0119592 0.0145452 0.0140529 0.0132694 0.0154051 0.0152812 0.0139402 0.00540188 0.000155676 0 0 0 0 0 0 0 0 0 0 
0 0 0 0 0 0 0 0 0 0 0 0.000843564 0.00460948 0.0047513 0.00590114 0.00687312 0.00956108 0.0113614 0.00762946 0.0118222 0.0105166 0.0116843 0.0159459 0.0154449 0.0138261 0.0150512 0.00935937 0.00815742 0.00731254 0.0139002 0.0150215 0.015812 0.0132062 0.0100185 0.00532256 0.00913275 0.0101694 0.0178576 0.0173363 0.0172457 0.0237687 0.0277716 0.0186749 0.0134315 0.0100467 0.0169778 0.0143337 0.015146 0.0226168 0.0172796 0.0181419 0.0224514 0.0216965 0.0201794 0.0255653 0.0306494 0.019039 0.0146745 0.0024734 0 0 0 0 0 0 0 0 0 0 
0 0 0 0 0 0 0 0 0 0 0 0.000496397 0.00292467 0.00217449 0.00305523 0.00560236 0.00685858 0.00678477 0.0059557 0.00831167 0.0104461 0.0116421 0.0161912 0.0164653 0.0141326 0.013118 0.0080662 0.0075045 0.00900898 0.0152547 0.0161846 0.0199327 0.0160702 0.0166145 0.0119895 0.00827047 0.0139189 0.0222302 0.0159421 0.0187411 0.0221191 0.0231884 0.0174384 0.0128277 0.00725402 0.0119555 0.0141302 0.0157958 0.0219532 0.0180271 0.0159461 0.0203698 0.020695 0.0208061 0.019631 0.0189652 0.0174859 0.0139278 0.00434013 0.000367536 3.18684e-05 0 0 0 0 0 0 0 0 
0 0 0 0 0 0 0 0 0 0.000204122 0.00223468 0.00168144 0.00218115 0.00337585 0.00126462 0.00254039 0.00865864 0.00582502 0.00367145 0.00503298 0.00817434 0.0113426 0.0181191 0.0184592 0.0230977 0.01746 0.00673147 0.00365297 0.0104794 0.0141236 0.011416 0.0143963 0.0197003 0.0187397 0.0146742 0.0157846 0.0152548 0.0217866 0.0184987 0.0253852 0.0207516 0.0213861 0.0187528 0.0174669 0.0117644 0.0126594 0.0171045 0.0181349 0.0163233 0.021069 0.0193355 0.0212054 0.0271728 0.017753 0.0208492 0.0157747 0.0141824 0.0140759 0.00971547 0.00364545 0.00156873 9.79639e-05 0 0 0 0 0 0 0 
0 0 0 0 0 0 0 0 0 1.89025e-05 0.00215234 0.00514697 0.00489898 0.00556118 0.00508825 0.00566357 0.00539537 0.00522295 0.00953018 0.0100805 0.011105 0.0120952 0.0189907 0.0232563 0.0213796 0.0240336 0.0134464 0.010561 0.010449 0.0163283 0.00839022 0.0164041 0.0147165 0.0210789 0.0197634 0.0175695 0.015423 0.0204159 0.0210702 0.0223476 0.0196234 0.0217925 0.0224059 0.0252938 0.0164949 0.0191758 0.0197195 0.0203738 0.0166098 0.0271308 0.0237147 0.0171118 0.0216317 0.0189028 0.0235903 0.0137683 0.0123329 0.016183 0.0170674 0.00850354 0.00534685 0.00120557 0 0 0 0 0 0 0 
0 0 0 0 0 0 0 0 0 3.70555e-05 0.00520956 0.012917 0.0066772 0.00693618 0.00825903 0.014208 0.0134787 0.0128697 0.0234387 0.0202179 0.017842 0.0179535 0.0220502 0.0282347 0.0265361 0.024857 0.0196043 0.0202179 0.017606 0.0168219 0.00925919 0.0126466 0.0147001 0.0193421 0.0218146 0.0181307 0.0110314 0.016601 0.0243735 0.0246731 0.0185119 0.017781 0.0189734 0.0201042 0.027753 0.0242089 0.0240191 0.0213808 0.018999 0.0205476 0.0150448 0.0158914 0.0154462 0.0189117 0.021844 0.0142134 0.0128881 0.0178491 0.0153351 0.0167829 0.0175392 0.00731397 0.00249396 5.02774e-06 0 0 0 0 0 
0 0 0 0 0 0 0 0 0 0.000675037 0.00730925 0.0115306 0.00816352 0.00901765 0.00976129 0.0159459 0.0230426 0.0156891 0.0220483 0.0209239 0.024215 0.0195959 0.0202209 0.0285327 0.0237681 0.0187826 0.017628 0.0214032 0.0224317 0.0196633 0.0150314 0.0132343 0.0184441 0.0240282 0.0205199 0.0138112 0.0106806 0.0194397 0.0224575 0.0259076 0.0253476 0.0201755 0.0200068 0.0239668 0.0254853 0.023563 0.0240772 0.0205122 0.0171184 0.0148758 0.0153512 0.0142276 0.0166916 0.0172556 0.0216648 0.020466 0.0161468 0.0215025 0.0257411 0.0191119 0.0239369 0.0156446 0.00762898 0.000322421 0 0 0 0 0 
0 0 0 0 0 0 0 2.064e-05 0.000610333 0.0032258 0.00849224 0.00775352 0.014296 0.0129271 0.0199302 0.0229412 0.0229907 0.0190578 0.0184068 0.0215927 0.0163541 0.0198211 0.0203177 0.0233394 0.0172501 0.0151784 0.0163249 0.017852 0.0307037 0.0294233 0.0208408 0.0216525 0.0236503 0.0268829 0.0207031 0.017079 0.0158456 0.0141664 0.0216412 0.0255263 0.0271773 0.0189037 0.0200277 0.0288336 0.0277553 0.0238282 0.0216068 0.0227884 0.0188914 0.0229319 0.0173326 0.0129934 0.0173757 0.0155511 0.0183211 0.0196704 0.0185151 0.0181747 0.0229035 0.0179404 0.0189427 0.0193757 0.00614212 0.00031087 0 0 0 0 0 
0 0 0 0 0 0 0.000158586 0.00173433 0.00941359 0.0117181 0.0123292 0.0124347 0.0135379 0.0175574 0.0201519 0.0324489 0.0236971 0.0180253 0.0196921 0.0245863 0.0233937 0.022804 0.0222306 0.0200019 0.0184333 0.0146718 0.0133663 0.0216827 0.022898 0.0227705 0.0153643 0.02018 0.0221128 0.0222782 0.0210871 0.0210594 0.0219492 0.020496 0.0180602 0.0196006 0.0204576 0.0193022 0.0219699 0.0239135 0.027942 0.0247276 0.021991 0.0204776 0.021397 0.0171888 0.0142858 0.0170113 0.0174864 0.0182087 0.0167665 0.0173107 0.0151556 0.0144309 0.0155143 0.013046 0.0186862 0.0153476 0.00613207 0.000500194 0 0 0 0 0 
0 0 0 0 0 0.000136673 0.00301226 0.0132581 0.0243155 0.0248076 0.018978 0.0231656 0.0250553 0.0280073 0.0339288 0.0321105 0.0247338 0.0182566 0.0222924 0.0216197 0.0232824 0.022914 0.0224027 0.0254193 0.0312601 0.0243678 0.0162518 0.0152544 0.0225218 0.0251999 0.0171248 0.0255002 0.0230289 0.0201906 0.0242529 0.0225198 0.0145417 0.0193722 0.0213643 0.0179467 0.0203957 0.0185204 0.0180094 0.0216493 0.027368 0.0337921 0.0225101 0.0196471 0.0257198 0.0167743 0.0147089 0.0181575 0.0195591 0.0180418 0.0107409 0.0214807 0.0173115 0.0136767 0.0163808 0.015291 0.0189885 0.0140667 0.00487816 0.000570058 0.000570952 8.15641e-05 0 0 0 
0 0 0 0 0 0.000538223 0.00562419 0.0227013 0.0328665 0.0242039 0.0216962 0.0309011 0.0273842 0.0220546 0.0382327 0.0227282 0.0229693 0.0230362 0.0255063 0.0253822 0.0228875 0.0170121 0.0182477 0.0231199 0.0297234 0.0309336 0.0232435 0.0179478 0.0149442 0.0206176 0.0245151 0.0304317 0.0333854 0.0253386 0.0270874 0.0309879 0.0196175 0.0248665 0.0196957 0.0213479 0.0303697 0.0247499 0.0208567 0.0244568 0.0264702 0.0279085 0.0224935 0.0206211 0.0162552 0.017394 0.0183507 0.0162259 0.0174296 0.0164015 0.0108403 0.0150726 0.0142345 0.0156387 0.0113868 0.0120473 0.0150865 0.0171056 0.018538 0.00812809 0.00597728 0.00153839 0 0 0 
0 0 0 3.36335e-05 0.000726835 0.00128385 0.00667708 0.0275306 0.0343578 0.0249502 0.0288594 0.029467 0.0206584 0.0189763 0.0245474 0.0245581 0.0264572 0.022418 0.021935 0.0234439 0.0173981 0.0138998 0.0212089 0.0168521 0.0215558 0.028057 0.022889 0.0232801 0.0160997 0.0200073 0.0247555 0.0253605 0.0218783 0.0214457 0.0228768 0.0208939 0.0258299 0.0281113 0.0239852 0.020216 0.0286796 0.024315 0.0183321 0.0203938 0.0206407 0.0159344 0.0160355 0.0231236 0.0165604 0.0228469 0.0211818 0.0173931 0.0179539 0.0136614 0.0121921 0.013007 0.0166225 0.0183645 0.0192565 0.0173294 0.0180778 0.0219685 0.0225846 0.01599 0.00999509 0.00215198 6.49407e-06 0 0 
0 0 0 0.000192284 0.00686611 0.0105281 0.0166817 0.0254261 0.040683 0.031723 0.0256821 0.0224792 0.0200834 0.0187166 0.0243733 0.0341591 0.0198494 0.0238888 0.0265141 0.0214629 0.0203614 0.0203004 0.0168101 0.012441 0.0144606 0.0227456 0.0235062 0.0209607 0.0250537 0.0262 0.0248774 0.0218426 0.0148883 0.017948 0.0190779 0.0374424 0.0377376 0.029651 0.022343 0.0236271 0.0198809 0.014067 0.0159085 0.0178703 0.0200218 0.0212093 0.0216193 0.017806 0.0198671 0.0214869 0.019598 0.0165703 0.01712 0.0155404 0.0126873 0.0151764 0.0186646 0.020627 0.0189401 0.0190347 0.0161308 0.0148161 0.0135885 0.013707 0.011379 0.00486326 0.000148733 0 0 
0 0 0 0.00104624 0.00901561 0.0180132 0.0240918 0.0337382 0.0369567 0.0271332 0.0219762 0.0216031 0.0200789 0.0185794 0.0255388 0.0285573 0.0151905 0.0189496 0.0305594 0.0427565 0.0380374 0.0323209 0.0258905 0.0151208 0.0166172 0.0176915 0.0250606 0.0278639 0.0311638 0.0261323 0.0227651 0.026934 0.0213046 0.0198479 0.0199747 0.0351158 0.032141 0.0247503 0.0221612 0.0229347 0.0213613 0.0147825 0.0178791 0.0148351 0.0167522 0.0216839 0.024064 0.0202992 0.017443 0.0173557 0.0218666 0.0159455 0.017607 0.0153966 0.0156895 0.0237511 0.0224358 0.0224492 0.0147192 0.0178913 0.0173112 0.0116524 0.00844279 0.00786819 0.00595926 0.00186761 1.68222e-05 0 0 
0 0 1.62556e-05 0.00225074 0.0129672 0.025223 0.0305658 0.0310744 0.0210444 0.0264512 0.023742 0.0228665 0.0228886 0.0272836 0.031019 0.0230381 0.0154977 0.0153125 0.0223666 0.0321197 0.0427177 0.0514445 0.0480466 0.035659 0.0160745 0.0148332 0.0185015 0.018108 0.0178871 0.0160244 0.019602 0.0213587 0.017172 0.0128857 0.0241246 0.0288161 0.0281586 0.0194318 0.0166457 0.0140375 0.0179795 0.015658 0.0166146 0.0152157 0.0170217 0.0289702 0.0304046 0.0193042 0.0153296 0.0194515 0.0135675 0.0170083 0.0190137 0.0150574 0.0145149 0.0257469 0.0225439 0.0247206 0.0214492 0.0192126 0.0118817 0.0087159 0.00867542 0.0112124 0.00583152 0.00210989 0.00150621 0.00012133 0 
0 0 0.00163651 0.00641584 0.0173474 0.0241623 0.030813 0.0344433 0.0245292 0.0196158 0.0236374 0.023002 0.0321989 0.0317992 0.0286386 0.0199662 0.0196217 0.0249743 0.0241136 0.0153291 0.027209 0.0412788 0.0461281 0.0222184 0.0148434 0.0125525 0.0153143 0.0235159 0.0227874 0.0181707 0.0198206 0.0226962 0.0167998 0.0145499 0.0251509 0.0263346 0.0210896 0.0184953 0.0161508 0.0124733 0.0181204 0.0174617 0.0159679 0.0178121 0.0154272 0.0198754 0.0232936 0.0172358 0.0175649 0.0216718 0.0125127 0.0190976 0.016631 0.0129068 0.0148607 0.0215259 0.0212939 0.0231661 0.0260701 0.0215585 0.0134297 0.00382415 0.00325054 0.0068794 0.00565825 0.00395308 0.00423238 0.000382312 0 
0 7.56132e-05 0.0040601 0.010326 0.0210971 0.0248773 0.0299885 0.0285789 0.0224911 0.0198206 0.0198658 0.0257704 0.0325879 0.0347211 0.0289328 0.0242799 0.0249257 0.0309986 0.0234541 0.0155645 0.0216981 0.0432544 0.0286104 0.0128647 0.0133898 0.014151 0.0176551 0.0318549 0.0288339 0.0163181 0.0229197 0.0192842 0.0118123 0.0149097 0.0277577 0.0226429 0.0170818 0.0175358 0.0155076 0.014423 0.0195818 0.0168825 0.0152478 0.0161745 0.0177175 0.0177451 0.0162323 0.0215841 0.0215371 0.0219656 0.0104306 0.0132995 0.0137777 0.0143315 0.0132387 0.0198066 0.0219764 0.0208622 0.0255137 0.0183194 0.00907376 0.00678811 0.00830283 0.00552319 0.00364995 0.00543769 0.00172276 0.00026518 0 
0 0.000167198 0.00526246 0.0146397 0.0168629 0.0233521 0.0279829 0.0257945 0.0233923 0.0215736 0.0162355 0.0197079 0.0203471 0.0223964 0.03118 0.0306519 0.0259621 0.0255534 0.0220067 0.0166853 0.0333816 0.0205488 0.0200893 0.01522 0.0187667 0.0184211 0.0120126 0.0248734 0.0202232 0.00671863 0.00906217 0.0104404 0.0138293 0.0216452 0.0215266 0.0182158 0.0157579 0.0159219 0.0138467 0.0209778 0.0170069 0.0225774 0.0176122 0.0186195 0.023142 0.0215677 0.019715 0.0199375 0.0202841 0.0203095 0.0160667 0.0142841 0.0157397 0.0163866 0.013472 0.0159035 0.0176105 0.0225998 0.0224529 0.0166308 0.0125319 0.0199718 0.0198796 0.0104469 0.0116032 0.00754965 0.00381956 0.000613501 0 
0 0.00150844 0.0126191 0.022108 0.0198102 0.0209862 0.014111 0.0157556 0.0262352 0.0225464 0.0237443 0.0202834 0.0173159 0.0175676 0.0297487 0.02953 0.0682957 0.048343 0.0256025 0.0157669 0.0191153 0.0185805 0.0195224 0.0163343 0.0105446 0.0140709 0.0132638 0.020661 0.0123871 0.0102865 0.0110833 0.0169847 0.0217259 0.0262967 0.0248429 0.0187462 0.0140309 0.0145643 0.0179996 0.0216349 0.0177734 0.0165657 0.0187358 0.020657 0.0207978 0.020854 0.0195736 0.0178379 0.0131192 0.0165747 0.0275907 0.0187329 0.0163413 0.0208263 0.0181159 0.0247267 0.0188568 0.0166729 0.0120476 0.0158107 0.0196698 0.0327698 0.0231777 0.0159615 0.0133949 0.0112294 0.0129351 0.00679563 0.000270644 
0 0.00471026 0.017942 0.0176789 0.0253958 0.021121 0.0166972 0.0183902 0.0261598 0.0286082 0.0258493 0.0225595 0.0201288 0.0169407 0.0176167 0.025531 0.0362958 0.0302609 0.0259757 0.0256442 0.0150915 0.0208092 0.017379 0.0136903 0.0140553 0.0190257 0.0170937 0.0151454 0.0104573 0.01981 0.0200029 0.0233465 0.0196065 0.0209735 0.0285298 0.021314 0.0165389 0.0189167 0.0213444 0.0179173 0.0122408 0.0125157 0.0145484 0.0220635 0.021685 0.0253684 0.0191323 0.0153306 0.0115343 0.0176421 0.0228033 0.0152439 0.0173236 0.0173617 0.0198897 0.020328 0.0147471 0.0112652 0.0100997 0.0149221 0.0092513 0.0146541 0.00766698 0.00722127 0.0126702 0.0180943 0.0153344 0.00571927 0.000298979 
2.60031e-05 0.00556592 0.0168841 0.0174167 0.0198896 0.016473 0.0200747 0.0252578 0.0228462 0.0229857 0.0250288 0.0226173 0.0172143 0.0198837 0.0188005 0.0161072 0.0185115 0.01894 0.0231066 0.0266464 0.0197854 0.0245261 0.0175653 0.0144482 0.0165286 0.023166 0.0275293 0.0161492 0.0116687 0.0112102 0.0138588 0.0194862 0.0196741 0.0200778 0.0273452 0.0222433 0.0219211 0.022821 0.023419 0.0186224 0.0104573 0.0154882 0.0152461 0.0143303 0.017776 0.0224439 0.0189241 0.0120896 0.0113956 0.0133669 0.0159055 0.0146783 0.0161617 0.0125463 0.0127817 0.0085023 0.00865299 0.0135905 0.0148897 0.0200444 0.00523872 0.000643312 0.000794772 0.00181326 0.00994149 0.0201645 0.0110654 0.00398051 0.000694135 
3.87273e-05 0.00468748 0.0111247 0.0194856 0.0185464 0.019219 0.0215527 0.0142129 0.0182719 0.016678 0.0214474 0.0205865 0.0218603 0.0245354 0.0217529 0.0219388 0.0225201 0.021352 0.0295166 0.0244425 0.0274661 0.0236123 0.0259519 0.0141748 0.0127853 0.0199629 0.0231112 0.0153715 0.0135624 0.0155942 0.0172066 0.0175793 0.0160825 0.0175507 0.0207125 0.0261357 0.0148992 0.0178028 0.0217469 0.0159605 0.0112695 0.0146544 0.0115765 0.0127817 0.017292 0.0190282 0.0182436 0.0150821 0.0131233 0.0205478 0.0160742 0.0179683 0.015415 0.0183056 0.0136753 0.0110863 0.0151532 0.0157843 0.0155867 0.0206999 0.0104901 0.00304002 0.00402491 0.00347179 0.00690956 0.0094308 0.00555969 0.00317184 0.000733211 
1.21823e-05 0.00200919 0.0101929 0.0205401 0.0180015 0.0214389 0.0176048 0.0203557 0.0284828 0.0273008 0.0236732 0.0277385 0.0311037 0.0324065 0.0323121 0.0264019 0.0172463 0.0179567 0.0227165 0.0238543 0.0272845 0.0231089 0.0195972 0.0179674 0.0185914 0.0236053 0.0243284 0.0202643 0.0184604 0.0213101 0.0266599 0.02136 0.0121219 0.0136184 0.0227457 0.0169735 0.0204363 0.0197557 0.0165885 0.0074982 0.0110185 0.0111759 0.0089489 0.0115941 0.0140102 0.0124055 0.0179055 0.0190694 0.0163653 0.0170791 0.0174477 0.0210979 0.0137297 0.0138365 0.0103521 0.0108237 0.015601 0.0109655 0.0122979 0.00875198 0.0103303 0.00795533 0.00781613 0.00741701 0.00928577 0.00651594 0.00198081 0.00144074 0.000140414 
0.00011879 0.00104519 0.00547278 0.0166644 0.0188284 0.0238347 0.018885 0.02008 0.0261804 0.0252039 0.0338142 0.04609 0.0432717 0.0322056 0.0201121 0.0147684 0.0231359 0.0183339 0.0215808 0.0232108 0.0206859 0.018242 0.0193588 0.0198072 0.0191833 0.0207767 0.013773 0.0239032 0.0214206 0.0256095 0.0280024 0.0176888 0.0146383 0.0174513 0.0185432 0.0180347 0.019031 0.0177219 0.0139643 0.0103466 0.00621375 0.00680423 0.0110858 0.0101278 0.0096399 0.0132292 0.0167608 0.0203768 0.0184363 0.0192012 0.0181728 0.0138135 0.0109453 0.0127679 0.0110168 0.0104435 0.0108453 0.00879763 0.0137498 0.0101512 0.0119763 0.00800258 0.00896117 0.00802924 0.0089207 0.00457328 0.00839039 0.00493716 4.82768e-05 
0 0 0.00308575 0.0101874 0.0141585 0.0159209 0.0185313 0.0141347 0.0152053 0.016103 0.0423313 0.0318909 0.0237866 0.0207147 0.0252386 0.0301186 0.0239198 0.0202329 0.0171143 0.0190093 0.0227768 0.0186486 0.0150651 0.0192203 0.02193 0.0163743 0.0154742 0.0243032 0.0187627 0.0232012 0.0190421 0.0177706 0.0240369 0.0266486 0.0190537 0.0159038 0.0144883 0.012886 0.0125613 0.0118196 0.0152472 0.00969791 0.0120237 0.0106003 0.0122969 0.0135277 0.0107998 0.0148908 0.0217119 0.020721 0.0183269 0.0250657 0.0206018 0.0156589 0.0156292 0.0105949 0.0101606 0.0115869 0.0124336 0.015168 0.0128416 0.0119661 0.0109247 0.0106607 0.0079032 0.00471237 0.00806831 0.00943931 0.000723491 
0 0.000188479 0.000777629 0.00609137 0.0133005 0.0107973 0.010902 0.013389 0.0126899 0.016726 0.0388645 0.0318141 0.0248595 0.0238303 0.0282573 0.031777 0.0323842 0.0254227 0.0159509 0.0138134 0.0170009 0.0145799 0.0184685 0.0235527 0.0309854 0.0211262 0.021875 0.0241838 0.0164584 0.0182932 0.0180184 0.0201796 0.0405434 0.0423968 0.0264833 0.0218607 0.0241528 0.022885 0.0206049 0.0204463 0.0232618 0.0135149 0.0105146 0.00924025 0.0143199 0.0166074 0.0128207 0.0160186 0.0178501 0.0256058 0.0195544 0.0244774 0.0242936 0.0167636 0.0108418 0.0100157 0.00926456 0.00729668 0.0109084 0.0121096 0.0135272 0.0145259 0.0155184 0.0134027 0.00698409 0.0130515 0.0138604 0.00774176 0.000589483 
0.000191923 0.00277437 0.00350224 0.00617994 0.0121603 0.0108499 0.0105455 0.0156495 0.0153629 0.0208998 0.0229564 0.0301178 0.0336057 0.0417835 0.0310036 0.0247304 0.0293424 0.0316821 0.0209073 0.0118193 0.0170907 0.0227028 0.0227461 0.0210189 0.0354933 0.0376402 0.0314643 0.0239291 0.0260765 0.0304403 0.0283271 0.035531 0.0691358 0.0362706 0.0309769 0.0231625 0.0293195 0.0279981 0.0267746 0.0204629 0.0205065 0.0169012 0.0112847 0.0130681 0.0103707 0.0160616 0.0120905 0.0182453 0.0228483 0.0219356 0.0201976 0.0345824 0.0319794 0.0165313 0.0129451 0.0132538 0.0124372 0.0109842 0.00634357 0.0114932 0.0150061 0.0154981 0.0141306 0.0176601 0.0162029 0.0205112 0.0165113 0.0047784 0 
0.000178685 0.00317449 0.00235078 0.00755859 0.00975099 0.015131 0.0115206 0.0101044 0.01252 0.0197299 0.0270218 0.0268228 0.0326423 0.0342611 0.0343329 0.0305742 0.024628 0.0315277 0.0272273 0.019784 0.0234545 0.0311436 0.0372317 0.0386284 0.0312805 0.0473953 0.0400029 0.0412409 0.0383525 0.0291185 0.0276374 0.0318236 0.0282972 0.0240184 0.0264948 0.0234461 0.0242821 0.0271103 0.0260276 0.0165021 0.0143575 0.0144167 0.0146273 0.0192468 0.0164617 0.0162809 0.0177541 0.0210451 0.0172587 0.0179255 0.0235279 0.0192558 0.0206108 0.0187816 0.0143732 0.0146866 0.013963 0.0104965 0.0111419 0.015292 0.0161988 0.0158232 0.01562 0.0190145 0.0212274 0.0205295 0.00918998 0.00194614 0 
0 0.000570438 0.00371457 0.00536864 0.0072049 0.013775 0.00811617 0.00777617 0.00742621 0.0101734 0.0140162 0.0187945 0.0253253 0.0272529 0.0341557 0.0362892 0.0290179 0.0375564 0.0271645 0.03928 0.0363807 0.0375425 0.0460792 0.0651998 0.0385783 0.03492 0.0287777 0.0478919 0.0572493 0.0274624 0.0227392 0.0267481 0.0229247 0.0370646 0.038854 0.0368745 0.0300912 0.0282949 0.0262079 0.0212631 0.0113751 0.0162636 0.0145412 0.0205402 0.0232121 0.021502 0.0264874 0.0244812 0.0241219 0.0192668 0.023285 0.0233239 0.0212065 0.0200913 0.0182887 0.0196791 0.0234975 0.0194987 0.0149019 0.0164106 0.0157046 0.0178002 0.0207646 0.0184214 0.0158643 0.0132394 0.00736619 0.00167233 6.78518e-05 
0 0.000478732 0.00438021 0.00564185 0.00639382 0.00722581 0.00659929 0.00360168 0.0025271 0.00803722 0.0160936 0.0119276 0.00828575 0.00978217 0.0153627 0.0364735 0.0356377 0.0398001 0.0412511 0.0546464 0.0345279 0.0227219 0.0291103 0.0421981 0.0550978 0.0392771 0.0388725 0.0436692 0.0396165 0.0339005 0.0314523 0.0318001 0.0269781 0.0470651 0.0505337 0.0361095 0.0313039 0.0338833 0.0294041 0.0235573 0.0138365 0.0122116 0.0149374 0.0208246 0.022362 0.0225391 0.0213247 0.0198808 0.020532 0.0183892 0.0133248 0.0129043 0.018465 0.0150806 0.0146569 0.0147162 0.012833 0.0186036 0.017747 0.0128387 0.0128185 0.0160729 0.0275361 0.0243017 0.018542 0.0183113 0.0100084 0.00339882 0.000173312 
0 0 0.00443713 0.00520974 0.00194618 0.00657608 0.00953116 0.00496179 0.00568687 0.0197744 0.0177985 0.0136104 0.00518618 0.00356534 0.00580134 0.0232462 0.0357519 0.0330504 0.0330347 0.02828 0.026401 0.0223508 0.0268196 0.0334166 0.0404796 0.0334192 0.0256952 0.0267495 0.0354384 0.0283783 0.0249791 0.039888 0.0419094 0.0459084 0.0360279 0.0347603 0.0353977 0.0284625 0.0268702 0.0226248 0.013384 0.0143275 0.0149046 0.0226197 0.0217439 0.0194625 0.0247832 0.0191061 0.0188183 0.0144449 0.00850093 0.00834309 0.01746 0.0143262 0.016419 0.0147111 0.0140221 0.0176877 0.0201195 0.015059 0.0134484 0.0130686 0.017291 0.024119 0.0189574 0.0181448 0.0130638 0.00720078 0.000951021 
0 0 0.00136409 0.00198056 0.00120779 0.00711901 0.0156304 0.0105182 0.0102184 0.0245778 0.0174201 0.00477532 0.0028621 0.000731342 0.00103681 0.00713791 0.0231007 0.0313285 0.0270901 0.0309847 0.0294195 0.0252316 0.0312265 0.0321188 0.0243033 0.0362041 0.0298972 0.0285454 0.0271143 0.0242094 0.0304072 0.0388901 0.0306345 0.0262955 0.0280627 0.0319029 0.0270834 0.0234151 0.0185347 0.0160763 0.0169811 0.0183294 0.0133595 0.0150825 0.0235252 0.0213153 0.0256557 0.0205594 0.0184046 0.0131858 0.0110963 0.0304566 0.0447966 0.0236224 0.0167558 0.0117656 0.0109095 0.0173002 0.0126073 0.0156012 0.0147814 0.0167946 0.0125345 0.0235323 0.0192232 0.0160922 0.0136819 0.00637758 0.000161227 
0 0 0.000103197 0.000192934 0.00341547 0.0078489 0.009288 0.00654079 0.013364 0.0207614 0.00957071 0.00993854 0.012079 0.00376803 0.000482675 0.00286674 0.0118253 0.0177508 0.022009 0.0355096 0.0318841 0.029494 0.0309644 0.0260167 0.0220174 0.0228398 0.0234935 0.0312451 0.0304688 0.028742 0.0342782 0.0371607 0.0313381 0.0252648 0.0264683 0.0301394 0.032019 0.0231596 0.0169724 0.0176032 0.014511 0.0163235 0.0164828 0.0121993 0.0212862 0.0298789 0.0258335 0.0216118 0.024029 0.0202296 0.0214369 0.033603 0.0532492 0.0338493 0.0207844 0.0107966 0.00941184 0.0131507 0.0124654 0.0167115 0.0417106 0.029576 0.0163861 0.0127843 0.0150858 0.0103471 0.00839206 0.00223404 9.80791e-05 
0 0 0.000103444 0.00244086 0.00740757 0.00998525 0.010731 0.0108631 0.00618475 0.00991243 0.00791179 0.0156193 0.0185762 0.0167839 0.00460921 0.00221655 0.00407135 0.0108189 0.024528 0.0259207 0.0251126 0.0226911 0.021171 0.0280266 0.0302869 0.0309226 0.0303006 0.0321142 0.0287097 0.0324871 0.0370054 0.0325689 0.0272354 0.0218187 0.0266498 0.0276282 0.0339425 0.0237243 0.0122223 0.0187911 0.0214474 0.0199159 0.015248 0.0198194 0.0229114 0.0261612 0.0225941 0.0207729 0.0271207 0.0319186 0.0295899 0.0241775 0.0190886 0.0204386 0.0206804 0.0192044 0.00982935 0.0126703 0.0160796 0.0329393 0.0859478 0.045123 0.0263512 0.0172463 0.00865491 0.00559191 0.00363081 0.000151407 2.786e-05 
0 0 0.000621314 0.00575216 0.00533278 0.0108417 0.0068234 0.00902432 0.00576977 0.0112933 0.0183468 0.0228736 0.0181442 0.0188229 0.0108562 0.00874345 0.00381732 0.00805784 0.0246648 0.0237708 0.0246172 0.0272331 0.0279483 0.0304999 0.0306359 0.0351919 0.0258346 0.0247442 0.0244364 0.0228677 0.0323426 0.0304977 0.0301025 0.0253427 0.0218486 0.0209328 0.0321017 0.0179585 0.0124051 0.0147982 0.0174699 0.0246009 0.0184463 0.0228924 0.0262678 0.026262 0.0161473 0.0217231 0.0185349 0.0290537 0.0291208 0.0263857 0.0187784 0.0204509 0.0261098 0.0228157 0.0108111 0.0106174 0.0144916 0.0234163 0.0622253 0.0335468 0.0256145 0.0211323 0.0158923 0.0108981 0.00333326 2.29885e-05 0 
0 0 0.000574016 0.0039666 0.00628039 0.00951387 0.00425823 0.00732886 0.0138405 0.0255726 0.0344844 0.0303176 0.0175315 0.021937 0.0171022 0.0132959 0.00744474 0.00753855 0.0131098 0.0204802 0.025107 0.0287435 0.0248894 0.0236545 0.0234152 0.0285261 0.026859 0.0254835 0.0227859 0.0185518 0.0250921 0.0273061 0.0274331 0.0307626 0.0230194 0.0251092 0.035935 0.0195503 0.0164323 0.0166671 0.0158255 0.0256001 0.0212128 0.0205308 0.01658 0.0178128 0.0213641 0.0228948 0.0218975 0.0189471 0.0249247 0.0252973 0.0192593 0.0219891 0.0225506 0.020379 0.0170146 0.00988518 0.0156423 0.0150086 0.02443 0.0181721 0.025239 0.0271439 0.0230048 0.0137468 0.00684328 0.00165516 0 
0 0 0 0.000175789 0.000993416 0.00124114 0.00708345 0.0160374 0.0270007 0.0297557 0.0272771 0.0286116 0.0250133 0.0161397 0.0175259 0.0247302 0.0192756 0.0116725 0.00897669 0.0173359 0.0205921 0.0266471 0.0272621 0.0216956 0.0227721 0.0246311 0.0273595 0.0234097 0.0217749 0.0250349 0.0287669 0.0294346 0.0275274 0.0273195 0.0286405 0.0216335 0.036749 0.026712 0.0175885 0.0155211 0.0149897 0.0197531 0.0183232 0.0175487 0.0199319 0.0205456 0.0232272 0.022266 0.0210224 0.018692 0.0266011 0.0259439 0.0245289 0.0200396 0.0207081 0.0149003 0.015635 0.0106453 0.0141758 0.0160755 0.019814 0.019163 0.0296476 0.0300416 0.023067 0.0102405 0.00322723 0.00111919 0 
0 0 0 0 7.22536e-05 0.0068774 0.0165501 0.0142109 0.0196486 0.0238641 0.0273427 0.031994 0.0236041 0.0216194 0.0254287 0.0239739 0.0261487 0.0198143 0.0108416 0.0169812 0.024738 0.0420584 0.041522 0.0293254 0.0276884 0.0292313 0.0339928 0.0284945 0.0246529 0.0298382 0.0261342 0.0245322 0.0255766 0.0240494 0.0195603 0.022185 0.0336609 0.0309658 0.0238864 0.0159689 0.0183751 0.0184784 0.0177055 0.0208185 0.021752 0.0192294 0.0154831 0.0162532 0.0191595 0.0272991 0.0209337 0.0158167 0.0146475 0.015397 0.0165012 0.0149635 0.00961505 0.0157944 0.0209647 0.0312389 0.0355062 0.0283825 0.0269531 0.0275561 0.0187863 0.00512665 0.00147736 0 0 
0 0 0 0 0.000341582 0.0106281 0.0182329 0.0153492 0.0135078 0.0147628 0.0158453 0.0328211 0.0499577 0.0476861 0.0331439 0.0245615 0.0207015 0.021415 0.0150213 0.0107029 0.0219632 0.0349116 0.0305157 0.0284395 0.0290676 0.0332033 0.0295004 0.0321952 0.0337636 0.0250029 0.0277477 0.025468 0.0218475 0.022969 0.0241371 0.0276182 0.0237663 0.0292567 0.0273493 0.0172494 0.0201714 0.0230783 0.0264734 0.0216414 0.0242286 0.0208794 0.0160907 0.0197004 0.0276414 0.0421789 0.0197056 0.0151592 0.0133793 0.0120238 0.0212393 0.0201008 0.0180376 0.0285772 0.0335751 0.0323998 0.0358712 0.0254991 0.0261417 0.0266674 0.0144254 0.00361073 0.000399668 0 0 
0 0 0 0 0.00212631 0.0142237 0.0225333 0.0161023 0.0113313 0.0038477 0.00418579 0.0148847 0.0371819 0.0439123 0.0354393 0.0279692 0.0171521 0.0209957 0.0178473 0.00850323 0.00808048 0.0182888 0.0224671 0.0321639 0.0507426 0.0365058 0.0238742 0.0244267 0.0295845 0.0287428 0.0311898 0.0345419 0.0222369 0.0191302 0.0252082 0.0172964 0.0201814 0.025882 0.0317584 0.0195871 0.0238757 0.0239725 0.0278825 0.0295949 0.0330189 0.0276282 0.0263472 0.0206755 0.0278108 0.0344845 0.0223503 0.0230433 0.0191206 0.0141736 0.0164869 0.0133087 0.0238454 0.0239411 0.0319139 0.0308574 0.0286622 0.0210051 0.0206252 0.0235197 0.0100924 0.0016503 0.000410207 0 0 
0 0 0 0 0.00358966 0.0160252 0.0206264 0.0142029 0.00638476 0.00305082 0.00285491 0.00502036 0.00979303 0.0169918 0.0218919 0.0251949 0.0167385 0.0203922 0.0169705 0.0132505 0.00641797 0.0206761 0.0297892 0.0346611 0.0348742 0.0330255 0.0267508 0.0237147 0.0215924 0.0294754 0.0416664 0.037624 0.0255977 0.0220055 0.0289246 0.0204281 0.0168677 0.0208604 0.030735 0.0231254 0.0239184 0.0251405 0.0254256 0.0304782 0.0321336 0.0248714 0.026755 0.0239635 0.0231605 0.0277526 0.0278366 0.0285937 0.023301 0.0255959 0.0245329 0.0233899 0.019879 0.0247277 0.0325226 0.0274048 0.024439 0.0202872 0.0144212 0.00901519 0.0043644 0.000587637 9.39874e-05 0 0 
0 0 0 0 0.00201572 0.012131 0.0128829 0.00743839 0.00172793 0.00349677 0.0123243 0.020974 0.00858738 0.00793328 0.0226245 0.0195811 0.0152523 0.0155598 0.0187187 0.0158045 0.0121921 0.0212169 0.0291552 0.0315571 0.0288596 0.0241234 0.0258648 0.0206269 0.0267943 0.0288046 0.0370945 0.0302217 0.0314564 0.030632 0.0277071 0.0230417 0.019218 0.0205094 0.0197694 0.0234144 0.0213448 0.0212706 0.0246129 0.0225052 0.0280814 0.0184109 0.0228273 0.0269195 0.0250482 0.0190309 0.0268079 0.0299974 0.0194563 0.0193188 0.0241585 0.0244472 0.021141 0.0199442 0.0274862 0.0245863 0.0219741 0.0223028 0.0140118 0.0062954 0.00140237 5.96657e-05 0 0 0 
0 0 0 0 0.000139334 0.00309551 0.00275854 0.00115859 0.00166841 0.0100136 0.0209815 0.0323052 0.0194033 0.0141713 0.0228521 0.0203464 0.0127404 0.00852211 0.0161536 0.0169413 0.0203348 0.0158354 0.0172915 0.0192471 0.0196136 0.0255878 0.0263726 0.0272884 0.0304161 0.023307 0.0312413 0.0285737 0.0317745 0.0335203 0.0297371 0.0291091 0.0239201 0.0179993 0.0189492 0.0284924 0.0240573 0.0273588 0.0263622 0.0253681 0.0330641 0.0281713 0.0247922 0.024488 0.0226785 0.0228077 0.0282397 0.0221776 0.0144046 0.0200528 0.0266017 0.0243504 0.0244012 0.0205352 0.0226417 0.0194769 0.0209362 0.0275669 0.0224179 0.00707785 0.000339361 0 0 0 0 
0 0 0 0 0 0 0.000173629 0.000199867 0.00569615 0.0226102 0.0288097 0.0233135 0.0238865 0.0193428 0.0167628 0.0233938 0.0153611 0.010576 0.0188886 0.0207782 0.0244299 0.0225293 0.0178625 0.0172871 0.0111769 0.0207811 0.0213467 0.0267429 0.0277717 0.0226955 0.0254709 0.0232553 0.0236502 0.0342178 0.0249326 0.0299576 0.026531 0.0241683 0.0244926 0.0337264 0.0339575 0.0234656 0.0255346 0.0272948 0.0426214 0.0474614 0.0342582 0.0239816 0.0228066 0.0299157 0.02482 0.0129985 0.0107491 0.0204623 0.026573 0.0196027 0.0220231 0.0188374 0.0191075 0.0159906 0.0182277 0.0242645 0.0195065 0.00384235 0 0 0 0 0 
0 0 0 0 0 0 0 0.0019446 0.0159309 0.0260354 0.0263919 0.02493 0.025153 0.022809 0.0182311 0.0236447 0.0224962 0.0244434 0.0225577 0.0231635 0.0261478 0.0233703 0.0169334 0.0153233 0.0153439 0.0181642 0.0243516 0.0238625 0.0305997 0.0334905 0.0290261 0.0220012 0.0292218 0.0292685 0.0271943 0.029199 0.0324949 0.0259479 0.0297956 0.0326679 0.0375002 0.0450045 0.0284457 0.0217442 0.0411353 0.0716881 0.0452588 0.0256644 0.0242788 0.0349376 0.0198768 0.00816403 0.00944687 0.0261756 0.0331304 0.0297042 0.022411 0.0172286 0.0180442 0.0121261 0.0142223 0.0100254 0.00732944 0.00229415 0 0 0 0 0 
0 0 0 0 0 0 0 0.00312997 0.014412 0.020739 0.0238056 0.0195847 0.0161937 0.0194742 0.0187436 0.0143102 0.0105149 0.0141494 0.0184175 0.0224182 0.0308622 0.0317238 0.0222716 0.0198292 0.0189698 0.0233367 0.0268263 0.0213498 0.0350594 0.040395 0.0226044 0.0238076 0.0294101 0.0312969 0.032172 0.0283235 0.0337354 0.0321726 0.0303404 0.0282715 0.0551421 0.0527252 0.0327777 0.0193239 0.0293502 0.0468382 0.0360905 0.018869 0.0200609 0.0292838 0.0167044 0.00896171 0.0103391 0.0284109 0.0337719 0.0342255 0.0306737 0.0183956 0.0213025 0.0163995 0.0111297 0.00620736 0.000774508 5.6626e-05 0 0 0 0 0 
0 0 0 0 0 0 0 0.000744003 0.00648833 0.0181581 0.0243008 0.0194941 0.0158741 0.0206892 0.0296656 0.0147066 0.019207 0.0112002 0.0191486 0.0222493 0.0269845 0.0306836 0.0241116 0.0261414 0.0230216 0.0304502 0.0297841 0.0268373 0.0354249 0.0332222 0.0324537 0.0290708 0.0261547 0.0269051 0.0280421 0.0330471 0.0366994 0.0357126 0.0265811 0.0267617 0.0405069 0.0405093 0.0353147 0.0195839 0.0240323 0.0306238 0.033336 0.0171638 0.0246813 0.0302634 0.0189703 0.00682329 0.00854061 0.0130251 0.0179957 0.0206893 0.0168979 0.0104975 0.0143832 0.00695978 0.00544364 0.00228607 1.15261e-05 0 0 0 0 0 0 
0 0 0 0 0 0 0 1.54536e-05 0.00244741 0.0135143 0.0253607 0.0235551 0.0198013 0.0205785 0.0279327 0.0149815 0.0208136 0.017027 0.0194727 0.0201899 0.0202651 0.0264127 0.020472 0.0198027 0.023119 0.0278679 0.0335701 0.0293515 0.0318635 0.0356505 0.0441557 0.0260891 0.0280564 0.0212854 0.025654 0.0354562 0.0382032 0.0318244 0.0312632 0.0263049 0.0236527 0.0266864 0.0279905 0.0256516 0.0244509 0.0300126 0.0247521 0.0149136 0.0215181 0.0275713 0.011402 0.00643685 0.00874941 0.00886506 0.0125964 0.00865851 0.00666207 0.00884197 0.014211 0.00522612 0.00163698 0.00011707 0 0 0 0 0 0 0 
0 0 0 0 0 0 0 0 0.000171114 0.00559234 0.0231282 0.0265915 0.0274801 0.023731 0.0196157 0.0149352 0.0103333 0.0142625 0.0200005 0.0280957 0.0189326 0.0139966 0.0178792 0.0220272 0.0293218 0.0251044 0.0315371 0.0269485 0.0219708 0.0315085 0.0415127 0.0307225 0.0230036 0.0241584 0.0241933 0.0295269 0.0313141 0.0273848 0.0259143 0.0241301 0.0226225 0.0210891 0.0219359 0.0229252 0.0285801 0.0221701 0.0198367 0.0218584 0.0262218 0.0220565 0.0105741 0.00619082 0.00740696 0.0116251 0.0155965 0.00977071 0.00632207 0.00653346 0.0108474 0.00458148 0.00124623 3.76075e-05 0 0 0 0 0 0 0 
0 0 0 0 0 0 0 0 0 0.000324199 0.00888581 0.0185397 0.0265836 0.0271751 0.0249739 0.0152521 0.00637263 0.00844959 0.0113658 0.0227515 0.0154741 0.0112146 0.016553 0.0288167 0.0193297 0.0224661 0.0271292 0.0208249 0.0186676 0.0188144 0.0184459 0.0231303 0.0227474 0.0185385 0.0213454 0.0219914 0.0271633 0.028108 0.0221278 0.0301471 0.0263893 0.0192241 0.0183111 0.0277812 0.0293606 0.0308735 0.0264564 0.01887 0.0207345 0.0157521 0.0155714 0.0154363 0.0136312 0.016256 0.0226925 0.01689 0.00489696 0.0020798 0.0029574 0.000846232 2.77873e-06 0 0 0 0 0 0 0 0 
0 0 0 0 0 0 0 0 0 0 0.000633167 0.00503392 0.0124101 0.0242955 0.0294899 0.0153782 0.0132491 0.014011 0.00974859 0.0120016 0.0139106 0.0136388 0.0187665 0.0186563 0.0112568 0.0176007 0.0110703 0.0121517 0.0173224 0.0119116 0.0105119 0.013653 0.0182353 0.0248541 0.0287078 0.0231746 0.0208028 0.0332533 0.0221002 0.0251767 0.0227418 0.0197196 0.0188625 0.0255815 0.0281686 0.0306693 0.0268751 0.0277482 0.0220235 0.0196236 0.0131849 0.0150599 0.0153917 0.0232908 0.0177933 0.00894103 0.00247542 0.000357743 0 0 0 0 0 0 0 0 0 0 0 
0 0 0 0 0 0 0 0 0 0 0 0.000239444 0.00296735 0.00955556 0.0162831 0.0158162 0.0257947 0.026003 0.0175622 0.0108197 0.01366 0.0199952 0.0145373 0.0094043 0.00600489 0.00560036 0.00506965 0.0105258 0.0231003 0.0206738 0.0141629 0.0176993 0.0253874 0.0370915 0.0407096 0.0248952 0.0206167 0.0262336 0.0199212 0.0209784 0.0263143 0.0252076 0.0242352 0.0285762 0.0282178 0.0239674 0.0227376 0.0264339 0.0186815 0.0126854 0.00733347 0.00896 0.0214567 0.0328438 0.0190357 0.00243677 0 0 0 0 0 0 0 0 0 0 0 0 0 
0 0 0 0 0 0 0 0 0 0 0 0 3.83e-05 0.00133744 0.00392329 0.0146722 0.0267411 0.0232357 0.0123452 0.00875208 0.00857924 0.0147818 0.00992531 0.00611873 0.00693145 0.0108565 0.0130724 0.0167603 0.0263932 0.0356345 0.0318937 0.0263187 0.0245458 0.0309759 0.0378227 0.0246578 0.0229731 0.0193298 0.0219356 0.0192914 0.021855 0.0227897 0.0271587 0.0236842 0.0287126 0.0271306 0.0187656 0.0176938 0.0123387 0.0158916 0.0127796 0.0235079 0.0385822 0.0362048 0.00997644 0.000651728 0 0 0 0 0 0 0 0 0 0 0 0 0 
0 0 0 0 0 0 0 0 0 0 0 0 0 0 0.000199687 0.005178 0.0176771 0.0160611 0.0150718 0.0106836 0.0102303 0.0106245 0.0146838 0.0115548 0.0138787 0.0274262 0.0282641 0.0182869 0.0276345 0.0259935 0.0221824 0.020428 0.0262582 0.0258105 0.0324883 0.0243561 0.0277386 0.0221019 0.0272719 0.0212112 0.0168902 0.0217107 0.0242557 0.0247685 0.0301426 0.0264292 0.0152284 0.0152069 0.0144694 0.0202581 0.0280776 0.0449722 0.0394121 0.014094 0.00206686 4.12593e-05 0 0 0 0 0 0 0 0 0 0 0 0 0 
0 0 0 0 0 0 0 0 0 0 0 0 0 0 0 0.000421406 0.00396816 0.00463388 0.0105343 0.00770409 0.0095395 0.00565676 0.0131696 0.0146402 0.0112929 0.0121629 0.0143456 0.0142096 0.015032 0.0165846 0.0150792 0.025788 0.0172372 0.0144034 0.0234583 0.0305789 0.0266133 0.0231678 0.0176573 0.0155928 0.0181855 0.0171348 0.0212397 0.0246519 0.0308036 0.0219693 0.0145256 0.0219592 0.0146242 0.0205307 0.0271041 0.0270518 0.0156515 0.00262307 2.20398e-06 0 0 0 0 0 0 0 0 0 0 0 0 0 0 
0 0 0 0 0 0 0 0 0 0 0 0 0 0 0 0 6.91988e-05 7.14787e-05 0.0028519 0.00231677 0.00255104 0.00547723 0.00783863 0.0283697 0.017546 0.00712001 0.00782867 0.00926122 0.0103291 0.016384 0.0317701 0.0449917 0.0214247 0.00649905 0.0195321 0.0282851 0.0320918 0.0270411 0.0217538 0.0112273 0.0113728 0.0174404 0.022596 0.0191631 0.0225772 0.0130763 0.0123669 0.0153625 0.00964498 0.0115259 0.0090212 0.00677179 0.00220144 0.000227689 0 0 0 0 0 0 0 0 0 0 0 0 0 0 0 
0 0 0 0 0 0 0 0 0 0 0 0 0 0 0 0 0 0 0 0.000183854 0.000278062 0.00395966 0.0181927 0.0788292 0.0512268 0.00400991 0.0100806 0.0173719 0.0144492 0.0201872 0.0426961 0.0440457 0.0206647 0.00615707 0.01846 0.0264817 0.0250167 0.0205693 0.0141989 0.0113994 0.0107779 0.0242382 0.0255107 0.00843651 0.00497784 0.00582967 0.0156529 0.0141419 0.00562813 0.00274575 0.0011849 0.000299328 0 0 0 0 0 0 0 0 0 0 0 0 0 0 0 0 0 
0 0 0 0 0 0 0 0 0 0 0 0 0 0 0 0 0 0 0 0 2.1002e-05 0.0014232 0.0118185 0.0286002 0.0192346 0.00184156 0.00553957 0.0129599 0.0150454 0.0277739 0.0467035 0.0357474 0.0206449 0.00365123 0.00499175 0.00797917 0.0113154 0.0154016 0.0163057 0.0134231 0.0160652 0.0451735 0.0408315 0.00816093 0.000252039 0.00156516 0.00349073 0.00204499 0.000562301 0.000124602 0 0 0 0 0 0 0 0 0 0 0 0 0 0 0 0 0 0 0 
0 0 0 0 0 0 0 0 0 0 0 0 0 0 0 0 0 0 0 0 0 0 0.000161283 0.000784015 0.0007383 0.00108766 0.00316808 0.00793869 0.00899023 0.0143662 0.0227266 0.0126863 0.00594089 0.00121273 0.000301179 0.000590979 0.00325615 0.0100467 0.0181226 0.0237032 0.0292193 0.0398551 0.0225984 0.00227932 0 0 0 0 0 0 0 0 0 0 0 0 0 0 0 0 0 0 0 0 0 0 0 0 0 
0 0 0 0 0 0 0 0 0 0 0 0 0 0 0 0 0 0 0 0 0 0 0 0 0 0 0.000341483 0.00135649 0.0019952 0.00447351 0.00404494 0.000727216 0 0 0 0 6.54268e-05 0.0028605 0.00836381 0.00889577 0.00838884 0.00862916 0.00247857 3.3511e-05 0 0 0 0 0 0 0 0 0 0 0 0 0 0 0 0 0 0 0 0 0 0 0 0 0 

