0 0 0 0 0 0 0 0 0 0 0 0 0 0 0 0 0 0 0 0 0 0 0 0 0 0 0 0 0 8.79366e-05 0.000229851 0.000424857 0.00065363 0.00124168 0.000966736 6.05727e-05 6.11817e-06 0 0 0 0 0 0 0 0 0 0 0 0 0 0 0 0 0 0 0 0 0 0 0 0 0 0 0 0 0 0 0 0 
0 0 0 0 0 0 0 0 0 0 0 0 0 0 0 0 0 0 0 0 0 0 0 0 0 1.2533e-05 0.000163621 0.000972016 0.000945959 0.00890206 0.0140097 0.0102625 0.0101879 0.00716521 0.00703334 0.00400225 0.00174525 0.000287124 2.80384e-05 0.000654567 0.00307818 0.000779158 0.000533688 0.000335447 0.000151368 0 0 0 0 0 0 0 0 0 0 0 0 0 0 0 0 0 0 0 0 0 0 0 0 
0 0 0 0 0 0 0 0 0 0 0 0 0 0 0 0 0 0 0 0 0 0 0 0 0 0.000777918 0.00176049 0.00343802 0.00471893 0.0139162 0.0297067 0.0229054 0.0185634 0.0131867 0.0115031 0.00864219 0.00570488 0.00352291 0.00024919 0.00148808 0.00634752 0.00336339 0.00302407 0.00471589 0.00325817 0.000791336 0.000419638 0 0 0 0 0 0 0 0 0 0 0 0 0 0 0 0 0 0 0 0 0 0 
0 0 0 0 0 0 0 0 0 0 0 0 0 0 0 0 0 0 0 0 0 0 0 0 0.000704834 0.00295458 0.00400919 0.004382 0.00984508 0.0110896 0.0227443 0.0257509 0.0195447 0.0114621 0.0164429 0.0142353 0.0106872 0.00726122 0.00162075 0.00025759 0.00130997 0.00278088 0.00652405 0.0106263 0.0114562 0.00942343 0.00649768 0.00259059 0.00141808 0.000156414 0 0 0 0 0 0 0 0 0 0 0 0 0 0 0 0 0 0 0 
0 0 0 0 0 0 0 0 0 0 0 0 0 0 0 0 0 6.2311e-06 4.00903e-05 0.000101186 0 0 0 0.000386662 0.00191038 0.0115827 0.0140222 0.00554067 0.00491416 0.0134148 0.0227001 0.02058 0.0201621 0.0111386 0.0132534 0.0143415 0.0147912 0.0107872 0.00535939 0.000456566 0.00383288 0.00933885 0.0123725 0.0117487 0.0165881 0.0192313 0.0174437 0.0134055 0.00998253 0.00716982 0.0020914 0.00048512 0 0 0 0 0 0 0 0 0 0 0 0 0 0 0 0 0 
0 0 0 0 0 0 0 0 0 0 0 0 0 0 0 0 6.18821e-05 0.00180949 0.00800338 0.00367608 0.00144897 0.000145719 0.000663366 0.00207015 0.00943606 0.0182636 0.0133607 0.00818658 0.00456895 0.00429071 0.00955805 0.014836 0.0188059 0.0151617 0.0202062 0.0192918 0.0180941 0.0140158 0.0085342 0.00474901 0.00973344 0.0161193 0.0206855 0.0159206 0.0230639 0.0177226 0.0175209 0.0177614 0.0119002 0.0221192 0.0179214 0.00828765 0.00168773 3.64794e-05 0 0 0 0 0 0 0 0 0 0 0 0 0 0 0 
0 0 0 0 0 0 0 0 0 0 0 0 0 0 0 0 0.000736039 0.0101282 0.0161124 0.0197419 0.0085397 0.00530334 0.00785175 0.0124763 0.0183591 0.0197862 0.0178958 0.0118109 0.00861947 0.00653241 0.0129019 0.0152495 0.012765 0.0128371 0.023139 0.0202112 0.0125113 0.0158798 0.0167189 0.0216037 0.0179956 0.0173889 0.0226616 0.0198617 0.0179994 0.0186753 0.0164248 0.0182011 0.0173387 0.0207955 0.016832 0.0179979 0.0108029 0.00284259 0.000891552 0 0 0 0 0 0 0 0 0 0 0 0 0 0 
0 0 0 0 0 0 0 0 0 0 0 0 0 2.15573e-05 0.000206265 0.00144985 0.00078373 0.00919816 0.0192768 0.020728 0.024541 0.0146901 0.0137419 0.0174548 0.0221239 0.0231968 0.014836 0.0110753 0.0138696 0.0161584 0.0216068 0.0193943 0.01412 0.0148724 0.0247743 0.0386445 0.0311463 0.0208924 0.0138008 0.0196494 0.0262438 0.0231057 0.0209999 0.0211365 0.0210776 0.0181699 0.0181209 0.0173591 0.0233901 0.0197093 0.0206268 0.0267863 0.0169558 0.00818281 0.00381857 0.00013414 0 0 0 0 0 0 0 0 0 0 0 0 0 
0 0 0 0 0 0 0 0 0 0 0 0 0.000290088 0.00508182 0.00762757 0.00595904 0.00598614 0.0102743 0.0142773 0.0150493 0.0155603 0.015976 0.018985 0.020697 0.0219313 0.0201165 0.0181795 0.0171657 0.0157043 0.0226397 0.0193437 0.0206124 0.0133754 0.0215488 0.0299064 0.0633486 0.0376623 0.0216955 0.019915 0.0212912 0.0244067 0.0247204 0.0305402 0.0275886 0.0253103 0.0235845 0.0213746 0.0167485 0.0150441 0.0201252 0.0251285 0.0235958 0.0182068 0.011473 0.00475025 0.000761378 8.34474e-05 0 0 0 0 0 0 0 0 0 0 0 0 
0 0 0 0 0 0 0 0 0 0 0 0.000250348 0.00578887 0.0145929 0.020449 0.0169031 0.0156346 0.0121571 0.0147579 0.0232993 0.0233881 0.018521 0.0221093 0.0195652 0.0228167 0.0206029 0.0215696 0.0308385 0.02397 0.0279446 0.0270264 0.0218935 0.0177252 0.0205528 0.026681 0.0360676 0.0188559 0.0225686 0.0229852 0.0248041 0.0232085 0.0326784 0.0384997 0.0312672 0.023887 0.0242949 0.0248332 0.0184767 0.0135241 0.0172752 0.0221536 0.0168014 0.0113452 0.00914215 0.00456022 0.00149164 0.00305669 0.000295681 0 0 0 0 0 0 0 0 0 0 0 
0 0 0 0 0 0 0 0 0 0 0.000181269 0.00362663 0.0170792 0.0221268 0.0220534 0.0244907 0.0224426 0.017188 0.0181302 0.0205412 0.0212445 0.0167178 0.0253056 0.0224215 0.0225108 0.0226387 0.023278 0.022269 0.0181844 0.0209206 0.0240218 0.016757 0.0132021 0.016881 0.0213079 0.0242967 0.018036 0.0258396 0.028294 0.0263326 0.0231224 0.0269821 0.0306982 0.0295703 0.0274821 0.0230657 0.0226326 0.0201202 0.0179265 0.0226474 0.0192128 0.0164336 0.0156967 0.0149782 0.00720257 0.00344745 0.0053836 0.00574524 0.0018411 9.62173e-05 0 0 0 0 0 0 0 0 0 
0 0 0 0 0 0 0 0 0 6.49928e-05 0.00067015 0.00943661 0.0148567 0.0170141 0.0185216 0.0203693 0.0205162 0.0180745 0.0194471 0.019996 0.0185523 0.0213227 0.0248323 0.0230638 0.025577 0.0208476 0.0305723 0.0301129 0.0203112 0.0164988 0.0189597 0.0221125 0.0126989 0.0131118 0.0172385 0.0206233 0.0233042 0.027668 0.0268319 0.0210965 0.0177835 0.0212748 0.0264141 0.024596 0.0193158 0.0159052 0.0167505 0.0201007 0.0200181 0.0215764 0.0185398 0.01932 0.0163602 0.0177505 0.0117247 0.00703363 0.0082454 0.0103284 0.00960925 0.00266518 0.000135839 0 0 0 0 0 0 0 0 
0 0 0 0 0 0 0 0 2.9165e-05 0.00375281 0.0103873 0.0126133 0.0192884 0.0210822 0.0132587 0.019799 0.0158526 0.0121489 0.0148309 0.0176194 0.018422 0.023202 0.024866 0.0256706 0.0224544 0.0222649 0.0265909 0.0346721 0.0245029 0.0206189 0.0185316 0.0253764 0.0178021 0.0201674 0.0197724 0.0163952 0.0186042 0.0233957 0.0291971 0.0221822 0.0153865 0.0188747 0.023037 0.0266288 0.025007 0.0160856 0.018374 0.0160192 0.0156249 0.0173622 0.023154 0.0235799 0.0233746 0.0195308 0.0136551 0.0166894 0.0192532 0.0210994 0.0169361 0.00849899 0.00168288 0.000100002 0 0 0 0 0 0 0 
0 0 0 0 0 0 0 0 3.95568e-05 0.00459738 0.0138306 0.0247388 0.0230854 0.0229646 0.0195267 0.0249355 0.0195986 0.0141702 0.0159216 0.0151655 0.0176931 0.0228796 0.027206 0.0265264 0.0226791 0.0179219 0.0249875 0.0249131 0.0262904 0.0195513 0.0242723 0.0178233 0.0159331 0.0141318 0.0183832 0.0203974 0.0178574 0.0193557 0.0265373 0.0204595 0.0177618 0.0215233 0.0230793 0.0233522 0.0190459 0.0148911 0.0181196 0.0199079 0.0188779 0.0165515 0.0233872 0.0247778 0.0258816 0.0212313 0.0272367 0.0247106 0.0168718 0.0253747 0.0239506 0.0121833 0.00730858 0.00381178 1.6755e-05 0 0 0 0 0 0 
0 0 0 0 0 0 0 0 0 0.00309935 0.0147926 0.0299794 0.0313014 0.0228222 0.0247812 0.0232838 0.0200602 0.0197015 0.0169337 0.0156587 0.0213245 0.0193761 0.0226675 0.0245545 0.019451 0.0178129 0.0192444 0.0188584 0.0230065 0.0211653 0.0222707 0.021514 0.0173283 0.0134348 0.0163405 0.0228804 0.0192717 0.023085 0.021602 0.0199594 0.0191769 0.0245782 0.0226161 0.0274894 0.0196202 0.0222844 0.0226965 0.0251124 0.0206175 0.0206511 0.016727 0.0233864 0.0204351 0.0192591 0.024682 0.0253418 0.0211903 0.0247854 0.0208391 0.0184043 0.0211359 0.0148951 0.00367093 0 0 0 0 0 0 
0 0 0 0 0 0 9.38954e-07 0.000393016 0.00164767 0.00187347 0.00538888 0.0103019 0.0194717 0.0228774 0.0211472 0.0235925 0.0233992 0.0221279 0.024994 0.0198707 0.0195989 0.0227845 0.024635 0.0320713 0.0164168 0.0165546 0.0191135 0.0181834 0.021247 0.0219233 0.0252673 0.0178504 0.0115352 0.0162832 0.0178543 0.0241567 0.0244802 0.0209391 0.0146641 0.0165871 0.0189751 0.0232359 0.0245138 0.0179744 0.020865 0.0236318 0.0257498 0.0299454 0.0209782 0.0214343 0.0233838 0.0273582 0.025221 0.0196542 0.0187461 0.0222361 0.0296791 0.0278884 0.0240488 0.0219054 0.0233485 0.0235637 0.00925456 0.000246909 0 0 0 0 0 
0 0 0 0 0 0 0.00106582 0.00449435 0.00830575 0.00963819 0.00747314 0.0153569 0.0238853 0.0229087 0.0215291 0.0221722 0.0254495 0.0258007 0.0219809 0.0264866 0.023682 0.029948 0.0251716 0.0258662 0.0166995 0.0164358 0.019939 0.0170682 0.0155954 0.021293 0.0250237 0.020029 0.0250329 0.0243959 0.0146764 0.0149809 0.0167478 0.0157001 0.0164694 0.0219502 0.0267742 0.0274244 0.0182385 0.0246079 0.0237827 0.0234911 0.0230204 0.027359 0.0218674 0.019537 0.0164901 0.0203785 0.0183893 0.0178049 0.0189814 0.0220551 0.0261317 0.0324266 0.0229282 0.0233204 0.0216853 0.0256624 0.0128324 0.000686155 0 0 0 0 0 
0 0 0 0 0 0.000826312 0.0058996 0.00906992 0.00835742 0.0100053 0.0127061 0.0151567 0.0166753 0.0262694 0.0235898 0.0190908 0.0258614 0.021213 0.0175586 0.021905 0.0246744 0.0256738 0.0135606 0.0174008 0.0164808 0.0172207 0.0167804 0.0211211 0.0203264 0.022812 0.0221094 0.024137 0.0245443 0.0190469 0.0164681 0.0230568 0.0214968 0.0172723 0.0190969 0.026184 0.0303982 0.0275828 0.0207966 0.02702 0.0259671 0.0204245 0.0207916 0.020741 0.0204453 0.0220897 0.026075 0.0260896 0.0228055 0.0203967 0.0223584 0.0206421 0.0234854 0.0275732 0.0272892 0.0201502 0.0199081 0.0233124 0.0137496 0.000315291 0 0 0 0 0 
0 0 0 0 0 0.00395016 0.0108324 0.00736331 0.00876595 0.014643 0.0142911 0.0100684 0.0177576 0.0300961 0.0243393 0.0217574 0.0243647 0.0219676 0.0190151 0.0219321 0.0252691 0.0229193 0.0179438 0.0130705 0.017257 0.0213428 0.0172484 0.0179341 0.0219879 0.0281036 0.0228189 0.0230452 0.0200473 0.0173325 0.0213849 0.017619 0.0208288 0.0213721 0.0256445 0.0278095 0.0263164 0.0259533 0.0289584 0.0276468 0.0255697 0.0218562 0.023763 0.0199995 0.0204056 0.0206691 0.0200363 0.0231164 0.0187965 0.0205327 0.0229113 0.0227466 0.0248421 0.0321161 0.0291569 0.0206044 0.0189778 0.0228272 0.0125171 0.00050576 0.000127184 0 0 0 0 
0 0 0 0 0 0.00407888 0.0115789 0.0118189 0.0116074 0.0191847 0.0214572 0.0182558 0.0231123 0.0286207 0.0291981 0.0272483 0.0240544 0.0189186 0.0169207 0.0227282 0.0312365 0.0190151 0.0226019 0.0172548 0.0159382 0.017898 0.0188194 0.0192054 0.0230206 0.0265781 0.0274942 0.0285695 0.0266219 0.0246833 0.0231704 0.0206327 0.0219214 0.0237148 0.025262 0.0334348 0.0241409 0.024287 0.0401516 0.0372063 0.0289463 0.0238567 0.0220851 0.0221012 0.0244163 0.0286818 0.0258641 0.0271146 0.0245771 0.0239004 0.0256559 0.02194 0.0258817 0.033338 0.0312741 0.0310946 0.0171299 0.0200796 0.0132498 0.00206571 0.000160223 0 0 0 0 
0 0 0 8.60124e-05 0.00105946 0.00558898 0.0146819 0.0142734 0.016257 0.0182193 0.0157597 0.0150791 0.0244437 0.0268036 0.0297492 0.0236735 0.0238917 0.021861 0.0181698 0.0177228 0.0208704 0.0211266 0.0191971 0.022235 0.0213102 0.0213972 0.0196123 0.0217844 0.0203738 0.0256759 0.032378 0.0312306 0.0249119 0.0253922 0.0250439 0.0207671 0.0230784 0.0266277 0.0255217 0.022982 0.0222892 0.023694 0.0333306 0.0267894 0.0222369 0.0270871 0.0255696 0.0301289 0.0256156 0.0307521 0.0280128 0.0262499 0.0308375 0.0231237 0.0210423 0.0228116 0.0273048 0.036059 0.034691 0.0290255 0.0147549 0.0157275 0.0114639 0.00556416 0.000667395 7.99894e-07 0 0 0 
0 0 2.22061e-06 0.000936291 0.00726911 0.0107281 0.0122715 0.00872569 0.013644 0.0160527 0.0145006 0.0174915 0.021882 0.017035 0.0190669 0.0176384 0.02287 0.0242408 0.017947 0.0216332 0.0202394 0.019959 0.0221179 0.0170781 0.0215092 0.0259819 0.0240862 0.0244539 0.0227942 0.0259214 0.0283172 0.0228939 0.0251696 0.0247829 0.0215108 0.0236421 0.0218585 0.0235249 0.0299352 0.0268721 0.02929 0.0267601 0.0232041 0.0222758 0.0219587 0.0262911 0.03928 0.0416678 0.0300639 0.0284123 0.029988 0.0293002 0.026298 0.0261695 0.0189904 0.0255665 0.0237932 0.0257216 0.0216708 0.0252706 0.0197416 0.00726271 0.012071 0.0101141 0.00761273 0.000743833 8.25812e-05 0 0 
0 0 1.20817e-05 0.00248536 0.00465121 0.00498382 0.00601629 0.00805214 0.0103227 0.0150961 0.0206116 0.0192391 0.0197832 0.0167527 0.0198655 0.0198648 0.0202663 0.024186 0.0248184 0.0305303 0.0199971 0.021361 0.0237246 0.0221093 0.0182646 0.0247612 0.026318 0.0278204 0.0212193 0.0182891 0.0245712 0.0201757 0.0236255 0.0291936 0.0290833 0.0281193 0.0208745 0.0251934 0.027517 0.0219801 0.0235076 0.0229054 0.0212864 0.0193921 0.023336 0.0374533 0.0923133 0.0814512 0.0320502 0.0257081 0.0226562 0.0264739 0.0273833 0.0192444 0.0218762 0.0224704 0.0233215 0.0221294 0.016631 0.0217209 0.0226992 0.0218762 0.0169428 0.00923312 0.00768144 0.00452184 0.000596572 0 0 
0 0 5.25535e-05 0.000803739 0.00156516 0.00419502 0.0078202 0.00660286 0.0077028 0.0192018 0.0251585 0.0205283 0.0154547 0.0131707 0.0171257 0.0193618 0.0237454 0.0303823 0.0327163 0.0348886 0.0390809 0.0382051 0.0342756 0.0227953 0.0164755 0.0201048 0.0268343 0.0258073 0.0242485 0.02199 0.0212441 0.0240686 0.0181852 0.0302508 0.027321 0.0251295 0.0192998 0.0238189 0.030513 0.0282126 0.020235 0.0204202 0.0197428 0.0207508 0.0247723 0.0310588 0.0432673 0.0357764 0.0229595 0.0268641 0.0220143 0.0237729 0.0186597 0.0287396 0.0239199 0.0263932 0.0186757 0.0164683 0.01963 0.0285068 0.0333508 0.0351605 0.0205147 0.0105328 0.00805569 0.0136818 0.00412642 0.000649592 0 
0 0 0.00138229 0.00382874 0.00746226 0.00915997 0.00929853 0.00652717 0.013656 0.0268437 0.0285061 0.0230025 0.0164829 0.0151316 0.0204055 0.0214753 0.0221847 0.023803 0.0258601 0.0439273 0.0531209 0.046173 0.0350418 0.0186302 0.0185173 0.0247999 0.0289795 0.0227039 0.0194733 0.0265166 0.0242498 0.025624 0.0253824 0.0278351 0.0215467 0.0185137 0.0224389 0.0259921 0.0314982 0.024533 0.0265898 0.0303506 0.0265787 0.0255014 0.0261755 0.0254536 0.022307 0.0264354 0.021858 0.0234898 0.0190364 0.0204729 0.0242541 0.0228436 0.0237769 0.0209539 0.0216464 0.0211671 0.0230606 0.0280741 0.0288162 0.0382257 0.0227105 0.0142963 0.00845237 0.0113337 0.00801765 0.00141566 0 
0 0 0.00234701 0.0119414 0.0192242 0.0157175 0.0109452 0.0154652 0.0211865 0.0218749 0.0193062 0.0189739 0.0108558 0.0189119 0.0214725 0.0213351 0.0221415 0.0262528 0.0269477 0.0384338 0.0553651 0.0352552 0.0248451 0.0158581 0.025226 0.029895 0.0313767 0.0288402 0.0225904 0.0201329 0.0249318 0.0264011 0.0282026 0.0310182 0.0189704 0.0171625 0.0287726 0.0218658 0.0244858 0.0289622 0.0279495 0.0304006 0.026423 0.0233444 0.0201595 0.0229825 0.0199054 0.0195924 0.0237038 0.0192348 0.0179867 0.0195679 0.0259616 0.0216752 0.0218144 0.0211691 0.0241682 0.0201693 0.0218831 0.0253383 0.0218177 0.0288022 0.0268433 0.0119653 0.0128691 0.0193274 0.0102263 0.00186558 0 
0 2.85925e-05 0.00434891 0.0129681 0.0204807 0.02104 0.0177713 0.0163152 0.0136254 0.0124454 0.0105524 0.0117964 0.00974077 0.0156681 0.0205838 0.0254288 0.0207659 0.0234184 0.0231978 0.0300975 0.0434549 0.0362797 0.0336996 0.0248729 0.0255977 0.0289629 0.0228052 0.0223931 0.0239337 0.0217892 0.0235636 0.0260467 0.0252527 0.0214242 0.0240588 0.025378 0.0246937 0.0228731 0.0246115 0.02429 0.025484 0.0312626 0.0246089 0.0224993 0.0203489 0.0228192 0.0183147 0.0204311 0.0211413 0.0225005 0.017893 0.0179339 0.0240429 0.0213992 0.0193435 0.0242789 0.0269439 0.0269683 0.0212019 0.0234681 0.0272017 0.0213358 0.0215549 0.0147727 0.0099859 0.0162467 0.0118254 0.00233366 3.29328e-05 
0 3.6912e-06 0.00212093 0.00550091 0.0161469 0.0240397 0.0229793 0.0239542 0.0243037 0.0171762 0.0111349 0.0139977 0.00916013 0.00707557 0.00949725 0.0162991 0.0108471 0.0167264 0.0235113 0.0209649 0.0308269 0.0305008 0.0287602 0.0247678 0.022801 0.0242098 0.0250089 0.0231335 0.0247504 0.0265455 0.0259028 0.0237341 0.0230774 0.0269033 0.0328334 0.0267359 0.0215408 0.0271782 0.0240491 0.024273 0.0242873 0.0253085 0.0239141 0.0246801 0.0207022 0.0210206 0.0242076 0.042925 0.0272509 0.0211515 0.018921 0.0195073 0.0291762 0.0283798 0.0249935 0.0293323 0.0230393 0.0220919 0.0210988 0.0217782 0.0250813 0.0145021 0.01088 0.0100344 0.0101219 0.0104613 0.00903064 0.0035604 3.5163e-05 
0 0 0.000280138 0.00509311 0.0126335 0.0217921 0.0284832 0.027544 0.0402264 0.0254323 0.0173272 0.0135269 0.00839841 0.00509383 0.00604952 0.0104982 0.0133455 0.0212659 0.0239991 0.0260229 0.0242828 0.0316132 0.0281581 0.0218091 0.0149869 0.0217122 0.0321607 0.0218662 0.0222116 0.0186445 0.0208259 0.0234234 0.0295926 0.0270233 0.0235098 0.0259824 0.0238019 0.0245145 0.025213 0.0253762 0.0223114 0.021815 0.0233502 0.0229232 0.0219795 0.0283109 0.0291163 0.0414011 0.0291819 0.0259882 0.018887 0.0192072 0.0284126 0.0254698 0.0227551 0.0220364 0.0155095 0.0182169 0.0223123 0.0157311 0.0164131 0.0154335 0.00844146 0.0128067 0.0143379 0.00984431 0.0108451 0.00625924 0.000116908 
0 0 4.95947e-05 0.0043548 0.0138243 0.0151528 0.0265757 0.0333819 0.0369963 0.0272986 0.0223046 0.0152964 0.016576 0.0128373 0.00851848 0.011105 0.0150049 0.0194232 0.0235786 0.027126 0.032004 0.0320599 0.0278074 0.0228217 0.013445 0.0234727 0.0262563 0.0274456 0.0252806 0.025065 0.0273272 0.0317254 0.0439239 0.0400394 0.0319516 0.0192417 0.0241353 0.029656 0.0342416 0.0212381 0.0180106 0.0236643 0.0238348 0.0217248 0.020037 0.0267447 0.0252847 0.0310195 0.0255331 0.0216181 0.020357 0.0231878 0.0249918 0.0250492 0.0252571 0.0206052 0.01308 0.0152144 0.020105 0.016187 0.0169209 0.0186155 0.0165981 0.019582 0.0158647 0.0162889 0.0170451 0.0120542 0.00219419 
0 0 0.000116576 0.00569284 0.0125838 0.00575397 0.00919006 0.0171143 0.0295271 0.0289957 0.0232334 0.0176527 0.0206396 0.019634 0.00790716 0.0103907 0.0145361 0.0176077 0.023393 0.0282296 0.0271883 0.030427 0.024264 0.0201777 0.0154797 0.0198981 0.024032 0.0300556 0.0271148 0.0235853 0.0286829 0.0357693 0.0546804 0.0448848 0.031001 0.0169137 0.0206307 0.0178647 0.0194669 0.0221056 0.0191247 0.0218741 0.0219607 0.0256567 0.0309361 0.0248406 0.0214986 0.0240132 0.0231366 0.0243733 0.0203826 0.0203951 0.0187958 0.0215856 0.0216972 0.0244582 0.0151563 0.0161814 0.0216454 0.0257386 0.0223321 0.0213377 0.0214205 0.0204038 0.0159428 0.0177618 0.0174953 0.00943693 0.00125187 
0 0 2.27132e-06 0.0016531 0.00307035 0.00325165 0.00165894 0.00791087 0.022659 0.0304196 0.0329275 0.0207152 0.0145938 0.0120601 0.00759319 0.0104443 0.0138573 0.0141049 0.0156275 0.0222081 0.0339017 0.0315481 0.0244309 0.0288402 0.0238036 0.0184715 0.0224135 0.0321898 0.0367077 0.0417996 0.0370291 0.0354028 0.0356754 0.0436046 0.0226098 0.0188701 0.020056 0.0203982 0.0192078 0.0208939 0.0228544 0.0164185 0.0232783 0.0290127 0.033476 0.0268268 0.022653 0.0303607 0.0245395 0.0207323 0.0164992 0.0207749 0.0174898 0.0186962 0.0232176 0.0231897 0.0201734 0.0200804 0.0285978 0.0256165 0.023846 0.0288619 0.0271431 0.0151727 0.018126 0.0161392 0.0114064 0.00694469 0.000793451 
0 0 0 0.00162208 0.0103005 0.0174521 0.00827853 0.0069296 0.0200447 0.0316163 0.0328274 0.0189997 0.00567015 0.00357665 0.00482309 0.014261 0.0222129 0.0184649 0.0203771 0.0279613 0.0396939 0.0414566 0.038668 0.039308 0.0431192 0.0322432 0.0251782 0.0278794 0.0355932 0.0459029 0.0267403 0.0243722 0.0298783 0.036782 0.0280873 0.0289818 0.0275441 0.0258523 0.0236665 0.0218174 0.0219988 0.0263517 0.0278519 0.0287564 0.0269054 0.0271712 0.0256048 0.0213564 0.0199628 0.0195711 0.0166839 0.0216692 0.021816 0.0236645 0.0239999 0.0180215 0.0179888 0.0197138 0.0216648 0.0215873 0.0233479 0.0276504 0.0229303 0.0212628 0.0223638 0.00909389 0.00514823 0.00480456 4.88367e-05 
0 0 0.000154913 0.00511891 0.0200868 0.0217497 0.0115179 0.0112876 0.0208679 0.0261001 0.0250921 0.0125949 0.00402224 0.00370381 0.00782837 0.0123971 0.0169319 0.0203234 0.0212582 0.0249349 0.0310734 0.0282477 0.0330093 0.033987 0.0356044 0.0281663 0.036302 0.0326459 0.0328142 0.0480631 0.0292616 0.020098 0.0267687 0.0357589 0.0357392 0.0337864 0.0318833 0.0279814 0.0273568 0.0259654 0.021942 0.0292563 0.0295805 0.0311887 0.0211669 0.0217455 0.0184665 0.023617 0.0239018 0.0257235 0.021199 0.0234297 0.0216561 0.0199797 0.0260833 0.0210336 0.0209835 0.0174071 0.0202536 0.0212361 0.0292882 0.024544 0.0221023 0.0219982 0.0144343 0.0109724 0.00525628 0.00298519 3.14499e-05 
0 0.000210816 0.00156183 0.00999648 0.0151883 0.0167137 0.0125089 0.0190836 0.0233091 0.0256797 0.0244189 0.0114538 0.0104151 0.0100834 0.0161666 0.0172846 0.0155766 0.0201903 0.0191088 0.0268584 0.0329477 0.0262639 0.0306649 0.0340704 0.0326919 0.0349582 0.0305748 0.0259243 0.0384832 0.0364554 0.0328098 0.0253389 0.0226539 0.0336282 0.046563 0.0320437 0.0280604 0.0266634 0.0248351 0.0197284 0.0204172 0.025135 0.0280871 0.0278166 0.0240142 0.0205165 0.0182009 0.0211494 0.0191272 0.0199574 0.0173338 0.0151743 0.015295 0.0176542 0.0148686 0.0192062 0.0195177 0.0194153 0.0205559 0.0191387 0.0247603 0.020546 0.0230709 0.0165689 0.00956222 0.00896249 0.00667154 0.00189602 0 
1.14646e-07 0.00310372 0.00785862 0.0126746 0.0188127 0.0191599 0.0184336 0.0193122 0.0222125 0.0215766 0.0134256 0.00792094 0.0113347 0.0193446 0.0210045 0.015484 0.0158357 0.01884 0.0177848 0.0314655 0.0279906 0.0291409 0.0276109 0.0251852 0.0293896 0.0330471 0.0231861 0.0239941 0.0226678 0.0164767 0.0226988 0.0241039 0.0214761 0.027558 0.0330616 0.0319986 0.0303966 0.0242707 0.0189131 0.0172707 0.0167331 0.0215217 0.0219079 0.0181027 0.0201612 0.0171925 0.0218676 0.0239826 0.0218102 0.0152334 0.0180913 0.0219845 0.0163668 0.0146028 0.0144476 0.0239548 0.0221487 0.0194693 0.0177809 0.0210653 0.0206392 0.0141488 0.0152068 0.0100934 0.0062198 0.00541358 0.00309334 0.000525723 0 
3.56438e-05 0.00465539 0.00893888 0.0107428 0.0138279 0.0168033 0.0168193 0.0188614 0.0188599 0.0124772 0.0161586 0.0124443 0.0174873 0.0153989 0.0105259 0.0131648 0.0153368 0.0201258 0.0179508 0.0309432 0.0308261 0.0334696 0.0281503 0.0274703 0.0292634 0.019623 0.0239336 0.0254772 0.0194013 0.0197619 0.0274945 0.0193446 0.0213456 0.0245519 0.027531 0.0232905 0.0247585 0.0226402 0.02015 0.0240865 0.0201147 0.0183743 0.0149837 0.0217099 0.016942 0.0206227 0.0235086 0.0292331 0.0244866 0.0145173 0.0301586 0.0335085 0.0257758 0.0161652 0.0182707 0.0249947 0.023884 0.0188386 0.0171458 0.0260255 0.0307773 0.0146603 0.013224 0.00487287 0.00727324 0.006486 0.00139475 0.0006 0 
3.01309e-06 0.00240193 0.00691031 0.00876357 0.018138 0.0140144 0.0150564 0.0187385 0.0168861 0.0175152 0.0182306 0.0153994 0.0187493 0.0190572 0.0170562 0.0268994 0.0197144 0.02061 0.0243227 0.0269478 0.0361526 0.0392687 0.0264333 0.0365643 0.025373 0.0208351 0.0275863 0.0206073 0.0202104 0.0231763 0.028434 0.0289621 0.0299256 0.0295227 0.0221106 0.0249638 0.0263114 0.0214498 0.0201274 0.0223949 0.0239505 0.0208505 0.0188531 0.0186931 0.0209041 0.0208068 0.0240163 0.0235705 0.0185296 0.0175275 0.0381455 0.0491075 0.0296679 0.0203034 0.0212618 0.020396 0.01658 0.0217325 0.0170453 0.0280134 0.0385747 0.0215012 0.0101377 0.0029696 0.00982967 0.0086381 0.00542695 0.00134917 0 
0 0.000395781 0.00317015 0.011119 0.0181062 0.0165176 0.0158769 0.0249391 0.0221994 0.0193093 0.0186623 0.0157339 0.0216263 0.0200333 0.0253099 0.0291625 0.0202027 0.0191359 0.0311537 0.0319094 0.0426935 0.0329001 0.0211755 0.0334128 0.0353473 0.0335315 0.0247376 0.0226885 0.0213736 0.0209058 0.0325303 0.0403033 0.0388422 0.0299189 0.0199638 0.0232769 0.021337 0.0187048 0.0233375 0.0268022 0.02735 0.0270069 0.0275932 0.0175466 0.0171863 0.0207061 0.0205009 0.0149663 0.0135289 0.0180139 0.0236425 0.0292408 0.0274452 0.0223877 0.0222302 0.0176633 0.0207284 0.0190971 0.0172774 0.0229285 0.0263461 0.0256 0.0213924 0.0123665 0.0153292 0.0106418 0.00216693 9.3998e-05 0.000281467 
9.94845e-07 0.00017929 0.00888168 0.0136831 0.0179849 0.0202944 0.0165633 0.0255481 0.0231718 0.0238295 0.0231045 0.0150766 0.0181194 0.0241251 0.0251685 0.0273993 0.0207806 0.0241145 0.030054 0.0306452 0.0358803 0.0265706 0.0262496 0.035759 0.0495118 0.0597296 0.0400855 0.0237044 0.022174 0.0250263 0.0312883 0.0347419 0.041473 0.0277833 0.0214632 0.0208179 0.0150993 0.0164429 0.021133 0.0226245 0.0222406 0.023917 0.0243879 0.0225471 0.015334 0.0172169 0.0132245 0.0160028 0.0148999 0.0153426 0.0224214 0.0244818 0.0272276 0.0237817 0.0238465 0.0191617 0.0186984 0.0160591 0.0196683 0.018307 0.0245685 0.0316171 0.0263416 0.0169219 0.0146794 0.0128889 0.00200379 0.000171803 0.00125126 
1.48444e-05 0.000124608 0.00425914 0.00987941 0.0127975 0.0148234 0.0185021 0.0181881 0.027313 0.0265968 0.0208222 0.0213814 0.0294338 0.0211554 0.0205376 0.0196193 0.0185503 0.0177313 0.033185 0.0329627 0.0388386 0.0326904 0.0255374 0.0252768 0.042748 0.0536301 0.0366343 0.0333091 0.0258228 0.0361526 0.0355447 0.0302919 0.0328288 0.0316684 0.0273493 0.0223764 0.0174987 0.01555 0.0217951 0.0228966 0.024222 0.0194637 0.0204151 0.0209628 0.016072 0.0193271 0.0156935 0.0219788 0.0224489 0.023077 0.0280062 0.0256391 0.0220982 0.022176 0.0210929 0.0201729 0.0166889 0.0251385 0.02228 0.0198767 0.0326867 0.0298481 0.0245794 0.0172325 0.0157125 0.0114611 0.00356189 0.000641618 0 
0 0 0.000400667 0.00463522 0.00711817 0.013403 0.0197226 0.0239915 0.0260565 0.0313705 0.0267583 0.0358609 0.0436015 0.0260664 0.0281659 0.0326356 0.0246233 0.0250706 0.0282639 0.0357802 0.0390703 0.0356107 0.0304458 0.0338573 0.0346327 0.0311805 0.0282514 0.0345806 0.0285967 0.0268388 0.030406 0.0202594 0.024951 0.0189845 0.0251562 0.0257257 0.0199548 0.0121643 0.0213221 0.0279264 0.0236454 0.0212725 0.0233337 0.0235788 0.0277902 0.0244821 0.0248417 0.0229151 0.0231484 0.0222279 0.0227231 0.0212573 0.0179947 0.0173679 0.021331 0.0204704 0.0226966 0.0289104 0.0313827 0.0251092 0.0314887 0.0212962 0.029591 0.0238512 0.0195186 0.0110351 0.00245294 0 0 
0 0 0 0.000534279 0.00343658 0.00555831 0.0158619 0.024218 0.0248734 0.0205546 0.0281419 0.0348084 0.0318619 0.0417385 0.040487 0.0384958 0.0310935 0.0309465 0.0230502 0.027297 0.0299306 0.030542 0.0280644 0.031459 0.0294146 0.0283521 0.0323315 0.0315925 0.0256124 0.0261445 0.0256256 0.0203955 0.0257469 0.0131953 0.0257419 0.0299085 0.0262852 0.0143283 0.0140181 0.0201963 0.0243995 0.0230946 0.0144599 0.0169354 0.0205059 0.0233282 0.0255542 0.0249903 0.0172133 0.0205701 0.0269783 0.0262592 0.017644 0.0243426 0.0247998 0.0207563 0.0219242 0.0190592 0.0230964 0.0189177 0.0171262 0.0190971 0.025658 0.0254867 0.0259208 0.0158316 0.00295747 0.000971697 5.61814e-05 
0 0 0 0.00028902 0.00166095 0.00228119 0.0104815 0.0177894 0.0220192 0.0208506 0.0339018 0.0319623 0.0405106 0.0592176 0.0623408 0.0338901 0.0314562 0.0318258 0.0217421 0.0295934 0.0280036 0.0271956 0.0271268 0.0234105 0.0222408 0.0182089 0.0237637 0.0291558 0.0210774 0.0241724 0.0241862 0.0260036 0.0269012 0.0177089 0.0156651 0.0257975 0.0267001 0.015141 0.0107328 0.0169158 0.0228734 0.0259439 0.0188647 0.016436 0.0180588 0.0176915 0.0208365 0.0279014 0.0261858 0.0244858 0.0217588 0.0236244 0.0224364 0.0241132 0.021902 0.0191573 0.0224405 0.0170644 0.025138 0.0205524 0.021323 0.0166569 0.0181561 0.0257412 0.0260575 0.0136149 0.0158783 0.00342912 8.16514e-05 
0 0 0.000395311 0.00785937 0.0101621 0.0111106 0.0167508 0.0164038 0.025335 0.0274724 0.0255737 0.0408512 0.0340976 0.0514811 0.054699 0.0317781 0.0292778 0.0330573 0.029115 0.0288248 0.0283651 0.0270138 0.0271453 0.0342399 0.0226182 0.0235521 0.0282827 0.0290197 0.0256505 0.0268157 0.0280319 0.0263573 0.0391724 0.0291996 0.0178427 0.0188085 0.0255687 0.0149627 0.0145838 0.0259997 0.0240984 0.0201175 0.0160605 0.0175908 0.012974 0.0138833 0.0192191 0.0281999 0.0198032 0.0184261 0.0261614 0.0219515 0.0231675 0.0214729 0.0142633 0.0164293 0.0180419 0.0197426 0.0264588 0.0204878 0.0266931 0.0240102 0.0226393 0.0223376 0.0245544 0.0249498 0.0188235 0.00465358 1.98077e-05 
0 0 0.00191687 0.0114876 0.0169792 0.0146021 0.0170583 0.0211762 0.0278888 0.036117 0.0368409 0.040156 0.0434001 0.0389691 0.0376619 0.0361219 0.0320749 0.0391634 0.0378391 0.0256671 0.0213528 0.0279132 0.0279401 0.0353964 0.0219033 0.0247775 0.0278116 0.0288674 0.0241177 0.0221205 0.0265811 0.0309131 0.0372506 0.0315933 0.0265931 0.0263985 0.0270672 0.0186351 0.026248 0.0186381 0.0170169 0.0216861 0.0158119 0.0147503 0.0145484 0.0157194 0.0190687 0.0244414 0.0202786 0.0165538 0.0175018 0.0209186 0.0265067 0.0210454 0.0122814 0.0227073 0.0266131 0.0289752 0.0229019 0.0211544 0.0208347 0.0212839 0.0187044 0.0191683 0.019747 0.0209084 0.0147736 0.0054141 4.6475e-06 
0 0 0.000348161 0.00575506 0.0183573 0.0146454 0.0104324 0.0208609 0.0328149 0.0333683 0.035853 0.0352755 0.0408946 0.0293015 0.0210086 0.0262442 0.0336004 0.034157 0.0330725 0.0243094 0.0292376 0.032953 0.0323896 0.0318171 0.0236631 0.0275474 0.0230468 0.0269481 0.0258259 0.0190145 0.019405 0.0249322 0.0224929 0.0224537 0.0233583 0.027473 0.0301349 0.0329716 0.0230418 0.0218199 0.0170887 0.0204411 0.0196719 0.0195973 0.0183424 0.0201807 0.0189557 0.0225782 0.0252163 0.018022 0.0238305 0.0266954 0.0247161 0.0219465 0.0188461 0.0191635 0.0176543 0.0122983 0.0128857 0.0113704 0.0100677 0.0119409 0.0134804 0.0103128 0.0131332 0.010469 0.00529148 0.00116627 0 
0 0 1.0423e-05 0.00140211 0.0116816 0.016842 0.0120267 0.0235859 0.0430675 0.0404226 0.0308426 0.022526 0.034548 0.0216886 0.0234058 0.0296259 0.0355535 0.0384401 0.0393433 0.027944 0.0283257 0.0257221 0.0260116 0.0239162 0.0290213 0.038179 0.0219819 0.0232104 0.0229011 0.0179839 0.0162946 0.0159241 0.0203805 0.0220342 0.0187611 0.0231744 0.0359046 0.0365321 0.0255711 0.0212826 0.0205549 0.0195398 0.0193477 0.0222596 0.021684 0.0189082 0.020733 0.0195445 0.0215758 0.0145447 0.0197693 0.0221135 0.0281089 0.0277204 0.0207126 0.0109804 0.00429349 0.00489362 0.00824012 0.00891524 0.00885232 0.009201 0.0123739 0.00942345 0.0160621 0.00790007 0.00225688 0.000101809 0 
0 0 0 0.000402174 0.00854064 0.0211199 0.0215738 0.0212294 0.0314948 0.0309684 0.027961 0.024869 0.0303294 0.0180752 0.0220028 0.0277104 0.0253613 0.0361669 0.0366183 0.0237254 0.0215908 0.0246848 0.0258295 0.025233 0.0246721 0.0312348 0.0206007 0.0177774 0.0247651 0.0203613 0.0167384 0.0137212 0.013429 0.0216943 0.0211018 0.0230362 0.0267929 0.0315942 0.0251586 0.0209516 0.0206232 0.019211 0.0208436 0.0247474 0.0307813 0.0264763 0.0168304 0.018157 0.0194404 0.0126201 0.016633 0.0208312 0.0228057 0.0287962 0.0238205 0.0243578 0.0157348 0.00886349 0.0110774 0.0156917 0.0148164 0.014516 0.00774462 0.0107101 0.0118626 0.00537992 0.00182366 0 0 
0 0 0 0.000257309 0.00675106 0.019509 0.0239278 0.0210592 0.0191392 0.0234037 0.0248211 0.0269114 0.0210753 0.0104429 0.00666373 0.0167678 0.0259792 0.0247942 0.0314216 0.0300171 0.0338341 0.042335 0.036976 0.0297438 0.0233998 0.024218 0.0153792 0.0175814 0.0245533 0.0208995 0.0208882 0.0206669 0.0181409 0.0128583 0.0188357 0.0172553 0.0212492 0.0226767 0.0209219 0.0237221 0.0150883 0.0148236 0.0182398 0.0175134 0.0216025 0.0267327 0.0163197 0.0183986 0.0165996 0.0128174 0.0207463 0.0232647 0.0227917 0.0226294 0.0405805 0.0749677 0.0414404 0.0179609 0.0211387 0.0236851 0.0150621 0.00882178 0.00588902 0.00717672 0.00562153 0.00225704 6.10807e-05 0 0 
0 0 0 2.434e-05 0.00157319 0.0153711 0.0230101 0.0188524 0.0193633 0.016789 0.0209007 0.0244673 0.0101974 0.00473308 0.00162941 0.00294055 0.0125872 0.0245319 0.0301603 0.0312143 0.0351275 0.0485909 0.0472352 0.0246844 0.0229695 0.0202641 0.0203617 0.0252424 0.0212044 0.018134 0.019597 0.0162589 0.0167697 0.017368 0.0174352 0.0160566 0.0128036 0.015582 0.0211454 0.0241385 0.018865 0.0122692 0.0216711 0.0232663 0.0189152 0.0260738 0.0216544 0.0211229 0.0210033 0.0178399 0.0236128 0.0163833 0.0210386 0.0217724 0.0331086 0.0625114 0.0360371 0.0210058 0.0263736 0.0294493 0.0218542 0.0102558 0.00426379 0.00308121 0.000389992 0.000637191 0 0 0 
0 0 0 0 0.00041909 0.00803235 0.0155391 0.0193389 0.0157538 0.0149069 0.0128726 0.00987621 0.00304321 5.25058e-05 0 0.000225367 0.00433644 0.0102195 0.0214873 0.0265857 0.0294263 0.0347177 0.0307285 0.0160592 0.017449 0.0187551 0.015783 0.0229035 0.0203295 0.0197302 0.0160032 0.0154584 0.0243315 0.023334 0.019183 0.0206538 0.0134537 0.0149314 0.0194071 0.0209865 0.0202822 0.0153259 0.0163765 0.0186942 0.0136842 0.0182928 0.0194358 0.0225371 0.0186381 0.0199413 0.0147575 0.0158241 0.0198343 0.0172021 0.0126497 0.0169424 0.019737 0.0213597 0.0228728 0.0281169 0.0228619 0.0100019 0.00820288 0.00181095 0 0 0 0 0 
0 0 0 0 1.62481e-05 0.00104571 0.0108106 0.0236484 0.029941 0.0161489 0.0098877 0.00148768 0.00198803 0.00353903 0.000358812 1.05723e-06 0.0019149 0.0066612 0.0184325 0.0266875 0.0259199 0.0270463 0.0166679 0.0117933 0.0137129 0.0196383 0.0163902 0.0138107 0.017593 0.0173597 0.0242937 0.0188437 0.0269692 0.020457 0.0153364 0.017799 0.0167825 0.020892 0.0187976 0.0175933 0.0154825 0.0194366 0.0202167 0.0208002 0.015725 0.017617 0.0195797 0.0233824 0.0192169 0.0182639 0.0166808 0.0219558 0.0295796 0.0167779 0.0100971 0.00886728 0.0162422 0.0262841 0.0175506 0.0149689 0.015332 0.0104788 0.00805637 0.0021621 0 0 0 0 0 
0 0 0 0 0 6.55342e-06 0.0028047 0.0157456 0.0231633 0.0118726 0.00469982 0.00162618 0.00934186 0.0157971 0.00409748 0.00168414 0.00303592 0.0116311 0.0209386 0.0283892 0.0246644 0.0230666 0.0204736 0.0170903 0.0122124 0.0138335 0.0139868 0.0160083 0.0158106 0.0267741 0.0400664 0.0232205 0.023379 0.0154025 0.0250865 0.0215722 0.0158175 0.0215041 0.0232162 0.0195214 0.0162093 0.0220879 0.0251295 0.0267846 0.0169293 0.0194411 0.0169108 0.0200958 0.0181193 0.017548 0.0264962 0.0341488 0.0405569 0.0207919 0.00834154 0.010345 0.0166442 0.0150243 0.01126 0.0161506 0.0113618 0.00656098 0.00679413 0.00166465 0 0 0 0 0 
0 0 0 0 0 0 0.000452747 0.0019998 0.00451078 0.00510893 0.00249156 0.0110144 0.0217967 0.0182859 0.00856617 0.0102205 0.0115915 0.020325 0.022678 0.0265572 0.0205231 0.0190965 0.0179774 0.0163729 0.00896558 0.0121245 0.013292 0.0177741 0.0172127 0.0221167 0.0228299 0.0185633 0.0180185 0.0199585 0.0245197 0.0239393 0.0253686 0.0249698 0.0196509 0.0244048 0.0235623 0.0223998 0.0246134 0.019863 0.0194215 0.0202794 0.014828 0.0143113 0.0166464 0.0144539 0.0179432 0.0229389 0.0224484 0.0102135 0.00706533 0.0109301 0.0149786 0.0123604 0.0138202 0.0162933 0.00715796 0.00340799 0.00256379 8.59151e-05 0 0 0 0 0 
0 0 0 0 0 0 0 0 2.00033e-05 0.00032901 0.00512949 0.0189044 0.0225956 0.0163974 0.0146703 0.0185167 0.020342 0.0263637 0.020364 0.0177136 0.0176897 0.0283593 0.0364058 0.0207201 0.00938503 0.00930844 0.0104406 0.011099 0.00982744 0.0157937 0.0186992 0.0234499 0.0199798 0.0197809 0.0227049 0.0277806 0.0236491 0.0200563 0.0155923 0.0188132 0.0241833 0.0249989 0.0194326 0.0143919 0.0224551 0.0217997 0.00842167 0.0142116 0.0158376 0.0163033 0.0182869 0.0122328 0.00909343 0.00573972 0.0083787 0.0186225 0.0154715 0.0101147 0.00969292 0.005097 0.0022189 0.000545156 0.00032986 1.91024e-05 0 0 0 0 0 
0 0 0 0 0 0 0 0 0 0.00104853 0.0109231 0.0189034 0.0218614 0.0190992 0.0145403 0.016302 0.0151172 0.0164589 0.0138964 0.0114871 0.0257055 0.0421362 0.0481823 0.0198477 0.00874742 0.00472289 0.00630257 0.0106851 0.0148339 0.0196944 0.019118 0.0177775 0.0223288 0.0138086 0.0167021 0.0265435 0.0213148 0.0172262 0.0225307 0.0226517 0.0260801 0.023239 0.0163357 0.0160933 0.0252705 0.0281919 0.0114593 0.0108531 0.0107409 0.0111859 0.00974213 0.00649086 0.00244106 0.00336246 0.00687534 0.00983584 0.00928899 0.0129139 0.00857765 0.00131592 3.11725e-05 0 0 0 0 0 0 0 0 
0 0 0 0 0 0 0 0 0 0.00231632 0.0216702 0.0199553 0.0214957 0.0244661 0.0179802 0.0138192 0.0091033 0.0118771 0.0136789 0.0176038 0.0282012 0.0328699 0.030306 0.0174007 0.00418156 0.00392534 0.00815884 0.0117961 0.0143758 0.0181627 0.0179569 0.0128492 0.0170767 0.0108739 0.0125163 0.0172656 0.0201644 0.018386 0.0227575 0.0159277 0.0155236 0.0200551 0.0110743 0.0142638 0.0254947 0.0262814 0.0213519 0.0121665 0.00901131 0.00719546 0.0112239 0.00624199 0.00530628 0.0115697 0.00871122 0.00550835 0.0105061 0.0149365 0.0123231 0.000999329 0 0 0 0 0 0 0 0 0 
0 0 0 0 0 0 0 0 0 0.000434269 0.0138878 0.0266292 0.0287421 0.0261019 0.0225652 0.0160432 0.0142056 0.0163875 0.0115565 0.0193277 0.0268172 0.0240881 0.0217831 0.028118 0.0131985 0.00154611 0.00228868 0.00543385 0.00941944 0.00957171 0.0129893 0.0165955 0.0199671 0.0167084 0.0188311 0.0202516 0.0242364 0.0135195 0.0159662 0.0201067 0.0224243 0.0241362 0.0201094 0.0315443 0.0303541 0.02786 0.0292432 0.0171466 0.00676485 0.0105302 0.0195134 0.0198261 0.0239444 0.0309153 0.0168206 0.010266 0.00556118 0.00958595 0.00845477 0.000510327 0 0 0 0 0 0 0 0 0 
0 0 0 0 0 0 0 0 0 0 0.00106939 0.0125208 0.0238766 0.0217753 0.0216181 0.0170351 0.0224543 0.0247832 0.0137933 0.00971231 0.0134648 0.0156546 0.0164631 0.0296366 0.0200597 0.00336083 0.00032478 0.00136904 0.00316874 0.00290551 0.00783839 0.0152175 0.0181824 0.0158865 0.0219022 0.0212446 0.0147273 0.00689871 0.0149886 0.0209541 0.0256178 0.0299482 0.0303113 0.0324265 0.0218623 0.0239442 0.025902 0.0157954 0.00731772 0.00968304 0.0244859 0.032038 0.024288 0.017035 0.00900693 0.00637802 0.00275974 0.00234119 0.00195202 0.000259886 0 0 0 0 0 0 0 0 0 
0 0 0 0 0 0 0 0 0 0 0 0.000405731 0.0037056 0.00977473 0.0179288 0.0200157 0.027776 0.028785 0.015367 0.00910309 0.0103056 0.0183262 0.0154378 0.0123155 0.013384 0.00766117 0.00238048 0.00499719 0.00624542 0.00787058 0.0157495 0.0189438 0.0199061 0.0150595 0.0209715 0.0183861 0.0123632 0.0152628 0.0199778 0.0192026 0.0225584 0.0279009 0.0240633 0.0218943 0.0196962 0.0196961 0.0210044 0.0177166 0.0146576 0.0114155 0.0172613 0.0289728 0.0190219 0.01472 0.0141845 0.00414566 0.00025365 2.80762e-05 0 0 0 0 0 0 0 0 0 0 0 
0 0 0 0 0 0 0 0 0 0 0 0 1.99966e-05 0.00137498 0.00953947 0.0198309 0.0209779 0.0195778 0.0148842 0.0109004 0.0159465 0.0246141 0.0297033 0.00665608 0.00449115 0.00215509 0.00628738 0.0170033 0.0138683 0.0182345 0.0216508 0.0183329 0.020409 0.0182228 0.0143034 0.0182682 0.0183082 0.0165601 0.0169282 0.0188306 0.0223204 0.0235162 0.0187752 0.0152554 0.0145286 0.022219 0.0237023 0.0211504 0.0178905 0.00970703 0.00896549 0.0108641 0.01492 0.0113296 0.00600014 0.00112065 0.000158082 0 0 0 0 0 0 0 0 0 0 0 0 
0 0 0 0 0 0 0 0 0 0 0 0 0 3.15769e-05 0.000939196 0.00626182 0.00589293 0.00721883 0.014057 0.00734052 0.0171161 0.0529374 0.058094 0.0102316 0.0020594 0.00287394 0.012475 0.0159763 0.0154731 0.0122093 0.0156367 0.0163615 0.0185442 0.0157883 0.0161722 0.0244767 0.0299886 0.0190063 0.0144334 0.0172986 0.0186615 0.0174307 0.0225579 0.0262355 0.0261706 0.0233892 0.0222948 0.0229035 0.0109345 0.00726892 0.0113554 0.0134715 0.00943678 0.00445909 0.00184072 0.000505254 2.83665e-05 0 0 0 0 0 0 0 0 0 0 0 0 
0 0 0 0 0 0 0 0 0 0 0 0 0 0 1.12054e-05 7.31934e-05 1.16187e-05 0.000684447 0.00429071 0.00378729 0.012637 0.076041 0.0552444 0.0090911 9.49861e-05 0.00260023 0.0115318 0.0189678 0.0167874 0.0149049 0.0200688 0.0231132 0.03362 0.0230532 0.0118873 0.0197746 0.0325429 0.0196703 0.0163768 0.0158672 0.0170349 0.0146198 0.0242962 0.079054 0.0804088 0.0216152 0.0134142 0.0152969 0.0150925 0.014549 0.0109628 0.00669416 0.00335714 0.000387359 0.00022184 0 0 0 0 0 0 0 0 0 0 0 0 0 0 
0 0 0 0 0 0 0 0 0 0 0 0 0 0 0 0 0 0.000299075 0.00330209 0.00142366 0.00494532 0.0140969 0.0129422 0.00205757 0 0.000286877 0.00352742 0.013313 0.0120995 0.0174238 0.0198658 0.0226949 0.0282948 0.0272959 0.0174507 0.0156368 0.0176178 0.0184586 0.020062 0.0167628 0.0131177 0.022721 0.0215047 0.0449637 0.0501172 0.0209076 0.0168417 0.0104613 0.00819837 0.00935586 0.00562385 0.000814599 0.000188285 0 0 0 0 0 0 0 0 0 0 0 0 0 0 0 0 
0 0 0 0 0 0 0 0 0 0 0 0 0 0 0 0 0 0 0.000423555 0.000494803 0.00189614 0.00445407 0.00118719 5.18462e-06 1.37658e-05 0.000192083 0.000749427 0.00639535 0.0145861 0.0177236 0.0190487 0.0229607 0.0259449 0.0313901 0.0256373 0.0197101 0.0207342 0.0228863 0.025284 0.0201343 0.0228816 0.0194138 0.0170163 0.0228486 0.0149797 0.016091 0.0184856 0.00897134 0.00139308 0.000188462 0.000253984 2.30104e-05 0 0 0 0 0 0 0 0 0 0 0 0 0 0 0 0 0 
0 0 0 0 0 0 0 0 0 0 0 0 0 0 0 0 0 0 0 0 0.000200961 0.000363627 0 0 3.98114e-05 0.000610499 0.000819057 0.00986633 0.0245608 0.0202073 0.0235756 0.0261045 0.0252505 0.0255227 0.0253125 0.0208512 0.0280293 0.0332775 0.0297921 0.0236836 0.0281482 0.0200184 0.0186681 0.0153102 0.0100182 0.00649103 0.00793185 0.00397807 0 0 0 0 0 0 0 0 0 0 0 0 0 0 0 0 0 0 0 0 0 
0 0 0 0 0 0 0 0 0 0 0 0 0 0 0 0 0 0 0 0 0 0 0 0 0 0.000362543 0.00278178 0.0125827 0.01724 0.0130801 0.0147465 0.0150392 0.0115173 0.0108279 0.0156904 0.0217776 0.0295469 0.0346559 0.0223468 0.0134361 0.0125051 0.0202674 0.0163232 0.00614814 0.00661855 0.00236795 0.000213855 2.27487e-05 0 0 0 0 0 0 0 0 0 0 0 0 0 0 0 0 0 0 0 0 0 
0 0 0 0 0 0 0 0 0 0 0 0 0 0 0 0 0 0 0 0 0 0 0 0 0 0 0.000272565 0.00172376 0.00242608 0.0017349 0.0034322 0.00222823 0.00209025 0.00038962 0.00249702 0.00639112 0.00994349 0.0102079 0.00674002 0.000929122 0.00149105 0.00436476 0.00267347 0.000354822 1.16553e-05 0 0 0 0 0 0 0 0 0 0 0 0 0 0 0 0 0 0 0 0 0 0 0 0 

