0 0 0 0 0 0 0 0 0 0 0 0 0 0 0 0 0 0 0 0 0 0 0 0 0 0 0 0 0 1.10176e-05 7.63061e-05 0.000165567 0.00015894 0.000165316 7.83424e-05 4.72696e-05 0.000326169 0.000238448 0.000240121 0.000130033 1.01268e-06 0 0 0 0 0 0 0 0 0 0 0 0 0 0 0 0 0 0 0 0 0 0 0 0 0 0 0 0 
0 0 0 0 0 0 0 0 0 0 0 0 0 0 0 0 0 0 0 0 0 0 0 0 0 0 0 0.000542583 0.00106227 0.00402453 0.00605298 0.00586766 0.00415428 0.00253535 0.00299598 0.00343017 0.0061145 0.00607561 0.0039416 0.00342588 0.0024083 0.00155884 0.000244068 0 0 0 0 0 0 0 0 0 0 0 0 0 0 0 0 0 0 0 0 0 0 0 0 0 0 
0 0 0 0 0 0 0 0 0 0 0 0 0 0 0 0 0 0 0 0 0 0 0.000150605 0.00062585 0.00168522 0.000610978 0 0.000782446 0.00278452 0.0101588 0.014218 0.00993663 0.00455664 0.00676915 0.0139663 0.0120768 0.0154136 0.0108817 0.014954 0.01065 0.00922653 0.00717088 0.00267202 0 0 0 0 0 0 0 0 0 0 0 0 0 0 0 0 0 0 0 0 0 0 0 0 0 0 
0 0 0 0 0 0 0 0 0 0 0 0 0 0 0 0 0 0 0 0 7.33343e-05 0.00291816 0.0108087 0.011778 0.00907159 0.00555837 0.000184857 3.77154e-05 0.000706566 0.00274124 0.00862092 0.0105482 0.00571044 0.0122214 0.0149331 0.0146768 0.0176481 0.0136215 0.0184849 0.0163002 0.0148932 0.0127733 0.00440072 0.00160488 0.00208767 0.00174176 2.66617e-05 0 0 0 0 0 0 0 0 0 0 0 0 0 0 0 0 0 0 0 0 0 0 
0 0 0 0 0 0 0 0 0 0 0 0 0 0 0 0 0 0 0.000509207 0.0026833 0.00460516 0.0139295 0.0241143 0.0189071 0.0192339 0.0154371 0.00318493 0.000591278 0.00103189 0.00140941 0.00669924 0.0119537 0.0116791 0.0130084 0.0161999 0.0165886 0.0169074 0.0150381 0.0153589 0.0155711 0.0164667 0.00890205 0.00431151 0.0059024 0.00624389 0.00263503 0.000243075 0.00042424 0.00181115 0.00246791 0.000691853 2.7256e-05 0 0 0 0 0 0 0 0 0 0 0 0 0 0 0 0 0 
0 0 0 0 0 0 0 0 0 0 0 0 0 0 0 0 0.000481975 0.00390792 0.0106673 0.0144521 0.013093 0.0159255 0.0235367 0.0179602 0.0214649 0.0177526 0.00767876 0.00430771 0.00626439 0.0101924 0.0118079 0.0136051 0.0191786 0.0168342 0.0173584 0.0160789 0.0175883 0.0187203 0.0161231 0.0145149 0.0112327 0.00816481 0.00407549 0.00375847 0.00567779 0.00442601 0.00261074 0.00289779 0.00748089 0.00685963 0.00276396 0.000246649 0 0 0 0 0 0 0 0 0 0 0 0 0 0 0 0 0 
0 0 0 0 0 0 0 0 0 0 0 0 0 0 4.77408e-05 0.00101691 0.00889461 0.0114343 0.0110482 0.0138529 0.0128164 0.012196 0.0127605 0.0139713 0.0201156 0.0184433 0.0127236 0.00443852 0.00356506 0.00905282 0.0193851 0.0187275 0.0157571 0.0162844 0.0121603 0.0138429 0.0198457 0.0145193 0.00732948 0.00461774 0.00458267 0.00596746 0.00514945 0.00461763 0.00578151 0.00475927 0.00571732 0.00515763 0.00760235 0.0098993 0.00846333 0.00319403 0.000644017 0.000438886 3.11852e-05 0 0 0 0 0 0 0 0 0 0 0 0 0 0 
0 0 0 0 0 0 0 0 0 0 0 0 0 7.02707e-07 0.00134277 0.00880959 0.0128311 0.012814 0.00973065 0.0166458 0.0159993 0.011056 0.014663 0.0147572 0.0190484 0.0185112 0.0156116 0.0108827 0.0088996 0.00958452 0.0130382 0.0186655 0.0149557 0.0113482 0.0128113 0.0197003 0.0193707 0.0151053 0.00771895 0.00987091 0.0125884 0.00881701 0.00796086 0.00970189 0.0131758 0.0111333 0.00531027 0.00742774 0.0111198 0.014318 0.0190174 0.0104123 0.00581033 0.0068245 0.00134172 0.000403959 0.000101415 0 0 0 0 0 0 0 0 0 0 0 0 
0 0 0 0 0 0 0 0 0 0 0 0 0 0.000540189 0.00621897 0.0111633 0.0130681 0.00964837 0.0104237 0.0190935 0.0163272 0.015029 0.015174 0.0189492 0.0190993 0.0192349 0.0146891 0.012608 0.0117769 0.00995965 0.0110636 0.0103007 0.0149047 0.0159058 0.0147476 0.0166063 0.0111449 0.012596 0.0143726 0.0181078 0.0151017 0.0143106 0.0127247 0.0139836 0.0162113 0.0133881 0.0176967 0.0173136 0.017241 0.0174072 0.0169038 0.0132685 0.00991676 0.0116323 0.00400826 0.00337068 0.000818189 0 0 0 0 0 0 0 0 0 0 0 0 
0 0 0 0 0 0 0 0 0 0 0 0.000167091 0.00294205 0.00626473 0.0141944 0.0131308 0.00949051 0.0103598 0.014253 0.0165491 0.0149398 0.0222774 0.0151579 0.0150019 0.0201853 0.0242246 0.0193164 0.0159053 0.011032 0.0115834 0.0104812 0.011834 0.0104136 0.00984878 0.0126604 0.0159266 0.0161181 0.0179824 0.015674 0.0153514 0.0135459 0.0105428 0.00802625 0.010991 0.0137798 0.0165977 0.0239965 0.0227284 0.0229192 0.0202485 0.01574 0.0154352 0.0135597 0.00840972 0.0077736 0.00408853 0.00417109 0.00117115 0.000157557 0 0 0 0 0 0 0 0 0 0 
0 0 0 0 0 0 0 0 0 0 0 0.000513835 0.00477922 0.00820116 0.0078626 0.00545765 0.00910594 0.0129672 0.0196092 0.0161664 0.0157266 0.0144727 0.0144899 0.0146345 0.0179419 0.016656 0.015946 0.0130446 0.0141785 0.0172633 0.023468 0.0178318 0.0153229 0.00908914 0.0104325 0.0190479 0.0178154 0.0185721 0.0190634 0.0180101 0.0178628 0.0149503 0.016081 0.014395 0.0144854 0.0141563 0.0229364 0.0235822 0.0225279 0.0145007 0.0208268 0.0172384 0.0151417 0.0098382 0.00987409 0.00888127 0.00874891 0.00670652 0.00193831 0 0 0 0 0 0 0 0 0 0 
0 0 0 0 0 0 0 0 0 0 0.000220434 0.000122911 0.00118078 0.000855286 0.000339892 0.000763663 0.00196259 0.00522198 0.00629917 0.0147473 0.0193134 0.0187858 0.0172714 0.0184028 0.0198263 0.0204576 0.0157532 0.00976954 0.0139093 0.0163073 0.016826 0.013199 0.0139954 0.0150843 0.0148823 0.0162919 0.0149312 0.0141769 0.0178258 0.0147139 0.018965 0.0163277 0.0217055 0.0229431 0.0209724 0.0215293 0.0195563 0.0169188 0.0189266 0.0188102 0.0146317 0.0128388 0.0117215 0.0112953 0.0206828 0.0182448 0.010794 0.00941716 0.00381564 0.00187328 0 0 0 0 0 0 0 0 0 
0 0 0 0 0 0 0 0 0 0 0.00100971 0.00139377 0.00106092 0.0029215 0.00013867 0 0.000314555 0.000872829 0.00427438 0.0151138 0.0178112 0.0195716 0.0132956 0.0172757 0.0174719 0.0219027 0.0175463 0.0119839 0.013157 0.0133672 0.0166274 0.0130254 0.0139872 0.0151413 0.0156916 0.0133515 0.0147808 0.0116778 0.0142874 0.0152233 0.0193338 0.0182808 0.0218563 0.018871 0.0173368 0.0168218 0.0191743 0.0149316 0.0149832 0.017409 0.0157433 0.0139103 0.0129619 0.0165117 0.018258 0.0127809 0.0119691 0.0113176 0.0079518 0.00336578 0 0 0 0 0 0 0 0 0 
0 0 0 0 0 0 0 0 0 0 0.000530662 0.00353723 0.002671 0.00138395 0.000264893 5.67534e-05 0 0.00186233 0.0037043 0.0100334 0.0166434 0.0200988 0.0137885 0.0140178 0.0182678 0.0157666 0.0187734 0.01488 0.0148309 0.0151393 0.0191392 0.0169938 0.0155376 0.0157784 0.0128737 0.0155434 0.0139642 0.0076434 0.00846686 0.0187554 0.0166178 0.0217744 0.0190306 0.0183431 0.0162358 0.0147616 0.0173666 0.0141526 0.0176712 0.0166193 0.0152434 0.0152286 0.0146786 0.0184444 0.0226028 0.0191708 0.0108238 0.0102722 0.00828327 0.00409958 0.000790878 0.000100755 0 0 0 0 0 0 0 
0 0 0 0 0 0 0 0 0.000740851 0.000884151 0.000321212 0.000888909 0.00098604 0.00244784 0.0061506 0.00389671 0.00161255 0.000640164 0.000691891 0.00810915 0.0151546 0.0181162 0.0174919 0.0107529 0.0166206 0.0197109 0.0211486 0.0222203 0.0227497 0.0165624 0.0179111 0.0170072 0.0121764 0.0180969 0.0195356 0.0160571 0.0237469 0.0171144 0.0129968 0.0163656 0.0168431 0.0196307 0.01857 0.0225214 0.0164746 0.0144478 0.0158459 0.0231929 0.0206561 0.0163141 0.0176019 0.0168019 0.0118745 0.0167643 0.0118724 0.0132033 0.012626 0.0148872 0.0213683 0.0105394 0.00383072 0.00556712 0.000801334 0 0 0 0 0 0 
0 0 0 0 0 0 1.18521e-05 0.00105709 0.00231342 0.00247948 0.000590798 0.00252447 0.00407728 0.00304826 0.00615893 0.00865509 0.00653742 0.0042833 0.00390716 0.00886039 0.0143556 0.0165293 0.0112197 0.0112919 0.0178343 0.0222611 0.0261579 0.017078 0.0204269 0.0158763 0.0156365 0.0114837 0.0121636 0.0140401 0.0161547 0.0150196 0.021175 0.0226592 0.0164994 0.0125563 0.0185998 0.0206055 0.020338 0.022382 0.0164632 0.0204671 0.0268784 0.0274795 0.0188722 0.0141725 0.0168491 0.0145359 0.0059363 0.0162079 0.0166817 0.021718 0.0198142 0.0167553 0.017591 0.0130402 0.00954385 0.00970981 0.00527423 0.000162467 0 0 0 0 0 
0 0 0 0 0 0 0.000333975 0.00127837 0.000915379 0.000198925 0 9.93017e-05 0.00121138 0.00397441 0.00623086 0.00810001 0.00616449 0.00674111 0.00654807 0.0143489 0.0171315 0.0165705 0.00888422 0.0109165 0.0127291 0.0206217 0.0178303 0.0146588 0.0158248 0.0190542 0.0142857 0.0141139 0.0141114 0.0123261 0.0119176 0.0132462 0.0181927 0.0198726 0.0195981 0.012907 0.0212086 0.0239537 0.0234812 0.0265192 0.0203911 0.0177262 0.0249485 0.0201947 0.0182121 0.0156915 0.0162048 0.0113711 0.00880532 0.0123759 0.0210048 0.0205775 0.0172521 0.0169883 0.0190833 0.0143027 0.0169738 0.0173 0.00821691 0.000705119 3.34155e-05 0 0 0 0 
0 0 0 0 0 0 1.24805e-06 3.52489e-06 0 0 0 0 0.00014595 0.0014143 0.00410397 0.00854461 0.00579905 0.0044468 0.00584855 0.00953565 0.0108993 0.0140779 0.0117118 0.0183032 0.0129214 0.0140381 0.0144482 0.01313 0.014085 0.00991887 0.00924249 0.0157027 0.0139511 0.0160612 0.0125712 0.0186458 0.019024 0.0186667 0.0144787 0.014602 0.0137742 0.0153953 0.0159082 0.0137126 0.012862 0.0177414 0.0210882 0.0215063 0.0177642 0.0173769 0.0167317 0.0114396 0.0164228 0.0146724 0.0197777 0.0182329 0.0115196 0.011278 0.0132962 0.0155439 0.0145494 0.0201705 0.0116372 0.00240251 0.000169123 0 0 0 0 
0 0 0 0 0 0.000225716 0.000985039 0.00202065 0.00202341 0.00088833 0.0015788 0.000330422 6.97574e-05 0.00211428 0.00539038 0.00820522 0.00601768 0.00389544 0.00685735 0.0104885 0.00999796 0.0175168 0.0173069 0.0164484 0.0102252 0.0101344 0.0100971 0.0100677 0.00728105 0.0140385 0.0134248 0.0168676 0.0146087 0.0165377 0.0153715 0.0173701 0.0156094 0.0132146 0.0135495 0.0260209 0.0355514 0.0231692 0.0181809 0.0107952 0.00977831 0.0144765 0.0149926 0.0153301 0.0190214 0.0208228 0.0171144 0.0191669 0.0175737 0.02089 0.017723 0.0129518 0.0121398 0.0135897 0.0154709 0.0167454 0.0133451 0.0154092 0.0101261 0.000446182 0 0 0 0 0 
0 0 0 0 0.000616568 0.00515765 0.00948945 0.00977008 0.00698814 0.00583732 0.00344267 0.00101146 0.00109333 0.00436048 0.011794 0.00871595 0.0093288 0.00381008 0.00767271 0.00763763 0.0123915 0.0161925 0.0215949 0.0165494 0.00837924 0.0096244 0.0115494 0.0116637 0.0100027 0.0131052 0.0193065 0.0197532 0.0151717 0.0167783 0.0148644 0.0157459 0.015932 0.013005 0.0136163 0.0289379 0.0451207 0.0382348 0.0187387 0.011147 0.00638388 0.0137473 0.015652 0.0178813 0.0187134 0.0162842 0.024068 0.0223442 0.0208448 0.0146994 0.00868857 0.0113542 0.0144044 0.0146933 0.017363 0.0160653 0.0177718 0.0161045 0.00833187 0.00191677 0.000668927 0 0 0 0 
0 0 0 0.000354649 0.0039209 0.010248 0.00901958 0.0100017 0.00992695 0.0102952 0.0104381 0.0072259 0.0062929 0.00712365 0.00886405 0.00806792 0.0067455 0.00750122 0.0103082 0.0121206 0.00877792 0.00705824 0.0104459 0.00938738 0.00731215 0.00905174 0.014754 0.0165276 0.013031 0.0141628 0.0163668 0.0186539 0.0210734 0.0155939 0.0158599 0.01616 0.0154502 0.0148985 0.0140815 0.0172916 0.022917 0.0267662 0.0161571 0.0164631 0.0102309 0.0166354 0.0174448 0.0159713 0.0181674 0.0197293 0.0305713 0.0250958 0.0243475 0.019172 0.00611879 0.0108135 0.0151495 0.0232785 0.0198647 0.013323 0.0108898 0.0100477 0.00809386 0.00874191 0.00777044 0.0032213 4.37101e-05 0 0 
0 0 0 0.00284597 0.010323 0.0103652 0.0177641 0.0165967 0.0179144 0.0169972 0.0211445 0.0166869 0.0155362 0.008342 0.0100422 0.0121881 0.00797281 0.00679037 0.00750894 0.0112687 0.0109342 0.00737657 0.00816378 0.00733512 0.00880418 0.0113363 0.0143225 0.012304 0.00971136 0.0107049 0.0119129 0.0152343 0.0181167 0.0167185 0.0165441 0.0138149 0.0160033 0.0143068 0.0136227 0.0125263 0.0155348 0.0212413 0.0173979 0.0137861 0.0141702 0.0147445 0.0141555 0.0128985 0.0173031 0.0165792 0.0211979 0.0221882 0.0222913 0.0152479 0.00600289 0.00851862 0.0141464 0.0266894 0.0181847 0.00927336 0.0136827 0.0153889 0.00923286 0.006334 0.0161008 0.0116596 0.00187688 0 0 
0 0 0.000314338 0.00829382 0.0102106 0.0105358 0.0126446 0.0170159 0.0175012 0.0216451 0.0209744 0.0178304 0.0179846 0.0123168 0.0102237 0.0111126 0.0103911 0.00880082 0.00824473 0.00719464 0.00835463 0.01191 0.0121638 0.00625931 0.00854465 0.015949 0.0135975 0.00878953 0.0110926 0.0127567 0.0130093 0.0119034 0.0142039 0.0175667 0.0182834 0.0153629 0.0239392 0.0219549 0.0228551 0.0146515 0.0116274 0.0105242 0.0147214 0.0138428 0.0122089 0.0172082 0.0194673 0.0156832 0.0201247 0.0140071 0.0227662 0.0274486 0.0234997 0.0125603 0.00680498 0.0118334 0.00997123 0.0125643 0.0104677 0.00318979 0.00810485 0.0204964 0.0240138 0.0165138 0.0231956 0.0199936 0.00447929 0.000126032 0 
0 0 0.000275155 0.00342494 0.00122142 0.00359503 0.0063229 0.0083274 0.00613053 0.0151158 0.0165484 0.0169308 0.0178562 0.0143222 0.0106482 0.0115807 0.0121341 0.0128865 0.0161053 0.0123036 0.00931126 0.0110783 0.0124063 0.00961345 0.0153327 0.0178913 0.017007 0.0184898 0.0163964 0.0175055 0.0157438 0.0152519 0.0145454 0.0119407 0.0140943 0.0141435 0.0232391 0.0304028 0.0207496 0.0162839 0.0103135 0.0092554 0.0131584 0.0175662 0.0216265 0.0174802 0.021917 0.0176765 0.0208224 0.0171066 0.0186962 0.0200048 0.0193777 0.0175945 0.0147136 0.0354298 0.0436962 0.0260787 0.0133075 0.00730397 0.00423977 0.00977558 0.0197033 0.0262869 0.0315523 0.0277036 0.0117963 6.09908e-05 0 
0 0 6.55708e-05 0.000743895 0.00150257 0.00062304 0.000230772 0.000256446 0.00141742 0.00940677 0.0132284 0.0125157 0.0157532 0.0138973 0.0141051 0.0127012 0.01301 0.0175572 0.0192373 0.0196805 0.0165315 0.0160122 0.0155359 0.0225164 0.0216349 0.024559 0.0207021 0.0212147 0.0205536 0.0162368 0.0140628 0.0120984 0.0178004 0.00990614 0.0130537 0.0144707 0.0275068 0.0344292 0.0225075 0.0201567 0.0155268 0.0134677 0.0123051 0.0118154 0.0203477 0.0191647 0.0253232 0.0257783 0.022706 0.0174259 0.0182439 0.0149927 0.0114669 0.0154003 0.0235097 0.0459177 0.0541773 0.0373759 0.0181108 0.0116362 0.00655567 0.00727514 0.0137108 0.0176263 0.0231678 0.0229374 0.0125633 0.0004539 0 
0 0 4.42281e-05 0.00159666 0.00126025 0.00506629 0.00745956 0.00500653 0.00240641 0.00961102 0.0176213 0.0212219 0.0179619 0.0188639 0.0178573 0.0148103 0.0111499 0.016848 0.0224124 0.0216806 0.0198481 0.020708 0.0176961 0.0188751 0.0231394 0.0242072 0.0474291 0.0763017 0.024234 0.00984433 0.0102489 0.0189138 0.0206358 0.0169071 0.0153686 0.0159766 0.0199391 0.0169655 0.0154747 0.0205926 0.0169093 0.020233 0.00969633 0.00982184 0.0152041 0.0206827 0.0185626 0.0251044 0.0339222 0.021103 0.0106878 0.0093637 0.00961985 0.011446 0.0218814 0.0202436 0.023704 0.019996 0.0205323 0.0154937 0.0105935 0.0100229 0.0110462 0.0127101 0.0169449 0.0163476 0.00834035 0.000634498 0 
0 0 5.42672e-05 0.00135151 0.00400183 0.0196234 0.0196696 0.0196886 0.00715775 0.00969211 0.0190918 0.0263769 0.0202285 0.0170907 0.0158293 0.0128117 0.0161614 0.0173595 0.0155263 0.0186107 0.0196287 0.0162798 0.0168944 0.0321684 0.0382284 0.0268736 0.0302472 0.0326612 0.0175405 0.00960814 0.00964606 0.0208016 0.0247861 0.0195146 0.0159105 0.0147204 0.0165552 0.0159529 0.0187788 0.0236036 0.0207299 0.0218242 0.0197854 0.0139897 0.0150778 0.0176143 0.0212823 0.0189996 0.0314637 0.0251127 0.0199146 0.0159164 0.0146767 0.0131102 0.0156825 0.0100224 0.0139688 0.020911 0.0256901 0.0207135 0.0174425 0.0188762 0.00946176 0.0137751 0.0154748 0.0197527 0.00879657 0.00645895 0.000232296 
0 0 0.000534408 0.00541048 0.011387 0.0179919 0.0195043 0.0228103 0.0102426 0.00921001 0.0154209 0.020585 0.0241524 0.0196278 0.0178988 0.0159239 0.0143914 0.0104374 0.0150861 0.0202695 0.0200885 0.0188416 0.0223203 0.0207427 0.0221045 0.0195162 0.0164169 0.0196167 0.0192806 0.0131142 0.0168411 0.0180333 0.0267738 0.0182207 0.0156892 0.0131439 0.0144485 0.0189167 0.0229036 0.0250761 0.0181674 0.0177963 0.0166965 0.0226504 0.019068 0.013856 0.0159052 0.0190388 0.0170317 0.0229598 0.0257237 0.0229585 0.022741 0.0207225 0.0181143 0.00902716 0.00974491 0.0191365 0.0187089 0.0228134 0.0219175 0.0125277 0.0121538 0.0179268 0.0225283 0.023987 0.0102298 0.010076 0.00100319 
0 0.000397293 0.00579304 0.0138433 0.0145659 0.0227272 0.0230306 0.0229072 0.00882949 0.00515889 0.0113961 0.0161629 0.0263668 0.0244587 0.0193526 0.0139676 0.0129574 0.0150391 0.0209107 0.0250257 0.0243987 0.0240873 0.0285949 0.0254946 0.0201411 0.0206992 0.0155848 0.0220054 0.0212156 0.0124606 0.0179548 0.0221235 0.0179428 0.0162679 0.0138917 0.0151576 0.0161394 0.0213405 0.018228 0.0199135 0.0145709 0.0143667 0.0196935 0.0238577 0.0202121 0.0157031 0.0137811 0.0116981 0.00958657 0.0143029 0.020083 0.0237718 0.0269005 0.0229789 0.0197869 0.0144111 0.0155963 0.0176224 0.0137423 0.0205258 0.0202747 0.0124573 0.0204326 0.0198165 0.0252676 0.0281156 0.0185134 0.0147398 0.00322444 
0 0.00169894 0.0109872 0.0146863 0.0167941 0.012643 0.0159032 0.027034 0.0169448 0.010142 0.010866 0.00883232 0.0182722 0.0236636 0.0182832 0.0124782 0.0143797 0.0214349 0.0219997 0.0237882 0.0261997 0.0189618 0.0162505 0.0142468 0.0231454 0.0261929 0.0129859 0.0193596 0.0160463 0.0155912 0.0154143 0.0165782 0.012315 0.0149074 0.0157962 0.0163853 0.0195913 0.0282351 0.0222938 0.0191729 0.017989 0.015795 0.0176857 0.0176559 0.0137144 0.0135689 0.0134322 0.0158043 0.0153175 0.018526 0.0219019 0.0192503 0.0188697 0.0170452 0.015253 0.0128538 0.0187065 0.0174157 0.0181669 0.0194533 0.0229306 0.0159947 0.0210745 0.0207062 0.0188701 0.0258872 0.0289184 0.0148131 0.00164919 
0 0.00110545 0.00909161 0.0126917 0.00776775 0.0063598 0.0136873 0.0287044 0.0234867 0.0184712 0.0210629 0.0109304 0.0118562 0.0204201 0.0211192 0.0234979 0.022885 0.0174063 0.0193967 0.0227334 0.0179684 0.0168944 0.0114459 0.0142454 0.0166235 0.0267318 0.0158926 0.0152868 0.0146419 0.0116662 0.0125873 0.0143935 0.00996254 0.0157762 0.0200988 0.0255833 0.0258473 0.0300248 0.0253947 0.0184307 0.0171466 0.014699 0.021545 0.0233002 0.0177257 0.0141125 0.0154344 0.0145259 0.0139385 0.0238514 0.03882 0.0283997 0.0208426 0.0186932 0.0136697 0.0131136 0.0149432 0.0182385 0.0183165 0.0176551 0.0204082 0.0205428 0.016539 0.0185093 0.0152236 0.0165095 0.023147 0.0146722 0.000705258 
0 7.61565e-05 0.00239076 0.00371355 0.00640657 0.011121 0.0160757 0.023221 0.016218 0.0140837 0.0191281 0.0159556 0.0134879 0.0233649 0.0296763 0.0200422 0.0195626 0.0190073 0.0266216 0.028336 0.0226381 0.0259418 0.0167075 0.0170084 0.0170225 0.019789 0.0126216 0.0154474 0.0144314 0.0119596 0.0109479 0.00803864 0.0152147 0.0144437 0.0179309 0.0312637 0.023359 0.0208953 0.0201934 0.0192473 0.0163843 0.016327 0.0188116 0.0185401 0.0162232 0.0153481 0.0196321 0.0147566 0.0125452 0.0241234 0.0309874 0.0259825 0.0238731 0.0181814 0.0145711 0.013171 0.0144746 0.0189655 0.0176269 0.0150354 0.0134547 0.0230299 0.0282185 0.0181159 0.0200044 0.024603 0.0263885 0.0150484 0.0019773 
1.92885e-05 0.00124492 0.0100015 0.0084315 0.0144861 0.0162192 0.0199345 0.0212237 0.0137211 0.0204464 0.0202482 0.0193868 0.0215727 0.0292327 0.0321902 0.0271094 0.0295382 0.026711 0.0241948 0.0217842 0.0268407 0.0384566 0.0296132 0.0170719 0.0116543 0.0100073 0.0094326 0.015357 0.017896 0.0114248 0.0097647 0.0135541 0.0215659 0.017075 0.0151845 0.0202086 0.0218567 0.0154347 0.0135097 0.02082 0.020308 0.0152164 0.0193255 0.0205087 0.0209319 0.0197969 0.020275 0.017463 0.0179093 0.0206405 0.0220231 0.0210741 0.0199029 0.0190277 0.0193933 0.0184315 0.0170593 0.0177566 0.0154996 0.0129043 0.0164407 0.025453 0.02952 0.0161139 0.0199847 0.0286043 0.0298927 0.0167366 0.0022694 
0.000242535 0.0046569 0.0138325 0.0177681 0.0186159 0.0195947 0.0247928 0.0227412 0.0198801 0.0220909 0.0177211 0.018545 0.0255132 0.0241426 0.0218289 0.0221351 0.0170408 0.0179438 0.0266917 0.0400366 0.0251157 0.0184361 0.0287616 0.0189921 0.0162454 0.011713 0.0111642 0.013278 0.013568 0.0103334 0.0129724 0.0149427 0.0184683 0.0170808 0.0176758 0.0186569 0.0210863 0.0223284 0.0150818 0.0242457 0.0231949 0.0232757 0.023644 0.019164 0.0248692 0.0232712 0.0221954 0.0199729 0.019574 0.0231313 0.021956 0.0264272 0.0216257 0.0202074 0.0181903 0.0173072 0.0183529 0.0222202 0.0224514 0.0207011 0.0219328 0.0280346 0.0223576 0.0238033 0.0204746 0.0238909 0.0264824 0.0144145 0.0034776 
0.000630711 0.00402861 0.011382 0.0195986 0.022318 0.0294099 0.0265095 0.0222988 0.0215557 0.0211271 0.0179678 0.0197907 0.0278059 0.0208891 0.0164292 0.0208862 0.0212429 0.0213121 0.053773 0.0448924 0.0180453 0.0163247 0.0153692 0.01457 0.0175398 0.0147096 0.0119622 0.0132353 0.0131092 0.012616 0.012058 0.013916 0.0153116 0.0157104 0.0164604 0.036653 0.0515686 0.0359277 0.0310848 0.0249955 0.0246991 0.0281301 0.0277122 0.0217425 0.019879 0.0244029 0.0207923 0.0196479 0.0236659 0.0227006 0.0249078 0.0219028 0.017992 0.0270297 0.0172617 0.0142388 0.0183756 0.0161254 0.0235857 0.0260977 0.0256932 0.0279209 0.0251138 0.0208835 0.0218552 0.0276148 0.0190584 0.0105932 0.00448592 
0.000796666 0.00616918 0.0141236 0.012326 0.0145465 0.0250516 0.0288082 0.0186168 0.014282 0.0163893 0.0173767 0.0245691 0.027685 0.018253 0.0191381 0.0235665 0.0207145 0.018585 0.0293438 0.0249392 0.0156065 0.0195866 0.013025 0.0141622 0.0176262 0.0186384 0.0150493 0.0133351 0.0146965 0.0141178 0.0140428 0.0170506 0.010766 0.0143001 0.0309809 0.0890519 0.0635362 0.0204859 0.0210367 0.0193881 0.0273686 0.0297673 0.0281536 0.0275406 0.0249588 0.021556 0.0252819 0.0298604 0.0326579 0.0252948 0.0221922 0.017454 0.0197054 0.0226301 0.0154272 0.0151836 0.0161412 0.0159321 0.0162007 0.018315 0.0219694 0.0228057 0.0207839 0.0146695 0.0236788 0.0285966 0.0184359 0.00870652 0.00321907 
0.000377701 0.00662105 0.012866 0.0134799 0.0209786 0.02624 0.0183159 0.0129789 0.00863291 0.00787569 0.0139364 0.0231912 0.0242725 0.0234518 0.0264911 0.0248487 0.0189483 0.0158063 0.0202262 0.0235153 0.0168275 0.0183376 0.0196324 0.0246164 0.0259504 0.0207207 0.011255 0.0141665 0.0174432 0.0259588 0.0332999 0.0319971 0.0227971 0.0256853 0.0526401 0.0980112 0.041862 0.0220314 0.0197215 0.0241905 0.028554 0.0270669 0.0237368 0.0254016 0.0318629 0.0239202 0.02618 0.027377 0.0277335 0.0248582 0.0157378 0.018424 0.0149984 0.0152832 0.0122845 0.0107064 0.0120129 0.0229249 0.0283516 0.0270238 0.0195756 0.0227165 0.0162044 0.0140492 0.0224173 0.0246506 0.0194613 0.0134011 0.0050126 
0.000703266 0.00654614 0.0156777 0.0120253 0.0183256 0.0208751 0.0123574 0.0140155 0.0231899 0.0214682 0.017522 0.0205883 0.0209457 0.0277874 0.0278506 0.0241268 0.0186085 0.0174452 0.017864 0.0223452 0.0254444 0.0218837 0.0270959 0.0321728 0.0510214 0.0364672 0.0219285 0.0131056 0.0242279 0.038514 0.0381202 0.0502355 0.0485404 0.0461161 0.0559953 0.0429122 0.0262085 0.0240442 0.0205079 0.0244951 0.0220214 0.0183646 0.0204491 0.0240817 0.027834 0.0259519 0.0224688 0.027713 0.0276517 0.0248677 0.0267538 0.0211326 0.0159953 0.0120852 0.0151254 0.015935 0.0157898 0.0228562 0.0495608 0.056724 0.0221851 0.0183244 0.0160222 0.0139129 0.0228894 0.0213802 0.014626 0.0114425 0.00187322 
0.000365 0.0058836 0.0140016 0.0108256 0.00853159 0.0174047 0.0134854 0.0245696 0.036602 0.0223734 0.0227782 0.020142 0.0190248 0.0194627 0.0252736 0.0220008 0.0182545 0.0172842 0.0156812 0.0228284 0.0255086 0.0355526 0.033478 0.0256985 0.0251848 0.036571 0.0419332 0.0474018 0.0536848 0.0398468 0.031979 0.0364013 0.0382327 0.0372875 0.0402124 0.0572772 0.0334055 0.0240622 0.0217177 0.0308598 0.0364572 0.0254575 0.0254041 0.0257218 0.0312927 0.0260175 0.019503 0.0250687 0.0301278 0.0307967 0.0311299 0.0247221 0.015824 0.014877 0.0168858 0.0179204 0.0184542 0.0217785 0.0271154 0.0304885 0.0187373 0.0164922 0.0164248 0.0150698 0.0239686 0.0275972 0.0196749 0.0122849 0.00111932 
0 0.00416127 0.0132682 0.00797464 0.00588783 0.0114015 0.0125956 0.0229413 0.0232584 0.020672 0.0197308 0.0215064 0.0168374 0.0173603 0.0162095 0.0162888 0.0197486 0.0129982 0.0120665 0.0257001 0.0334282 0.0463231 0.0432832 0.0292027 0.0206051 0.029299 0.0364912 0.0426525 0.0352046 0.0356661 0.0432048 0.0363131 0.0420003 0.0343705 0.0319898 0.0450448 0.0277867 0.024649 0.0197108 0.0232062 0.0345229 0.0295144 0.023915 0.0229321 0.0288018 0.0293702 0.0281912 0.0299771 0.0319459 0.035018 0.0280914 0.0242728 0.0200145 0.0111581 0.013504 0.0140251 0.0145983 0.0162344 0.0208563 0.0164764 0.012937 0.0140922 0.0233808 0.0219004 0.0222985 0.0214474 0.0213984 0.013451 0.000684398 
0 0.00488126 0.0195404 0.0161177 0.00485611 0.0223584 0.0178204 0.0290721 0.0223143 0.0184057 0.0193067 0.0199447 0.0149563 0.0138801 0.0176047 0.017689 0.0214575 0.0192724 0.0194878 0.0228268 0.025694 0.0235962 0.0209829 0.0199988 0.0203826 0.0313285 0.0493166 0.052814 0.0393892 0.0331668 0.028973 0.0339402 0.0536683 0.044581 0.0345056 0.0203317 0.0277497 0.0269161 0.02027 0.0241734 0.0278965 0.0253531 0.022588 0.0243904 0.0286515 0.0282729 0.0287133 0.0331583 0.0353296 0.0367439 0.0341832 0.0252136 0.0238015 0.0146962 0.014128 0.0159429 0.0164754 0.015851 0.0155454 0.015431 0.0174048 0.0206387 0.0195899 0.0214322 0.0218407 0.0241464 0.0184417 0.0156367 0.00373163 
0 0.00423448 0.0153998 0.014893 0.00867433 0.0201639 0.0184998 0.0125471 0.0119583 0.0173104 0.0264434 0.025741 0.0165303 0.0133815 0.0193069 0.0200827 0.0203453 0.0181821 0.020085 0.0218217 0.0167233 0.0223918 0.0185452 0.0180095 0.0158868 0.0223305 0.0263168 0.0267575 0.0330334 0.0433605 0.0372557 0.0335161 0.0526586 0.0443508 0.028065 0.0179394 0.0337111 0.0378309 0.0290378 0.025157 0.0260043 0.0258526 0.0209996 0.0308785 0.0375537 0.0372405 0.0319833 0.0227709 0.0207988 0.0236899 0.0288589 0.030402 0.0271113 0.0210781 0.0212085 0.0286398 0.0201973 0.0151251 0.0178923 0.0191121 0.0221964 0.0228977 0.0251266 0.0231159 0.020689 0.0214819 0.0183096 0.0118188 0.00298949 
0 0.000985421 0.00275804 0.00987822 0.00574095 0.0203293 0.0220257 0.0142183 0.0154237 0.0208323 0.0255605 0.0216669 0.0209375 0.0142438 0.0199655 0.0228274 0.0212355 0.0206534 0.0218448 0.0218984 0.0184695 0.0195195 0.0207307 0.0249509 0.0202425 0.020436 0.0155722 0.0224353 0.0273826 0.0274197 0.0383116 0.0357861 0.0345027 0.0300069 0.0265528 0.0277889 0.0286984 0.0293249 0.0362338 0.0229829 0.0192617 0.0267843 0.0254429 0.0252483 0.0378169 0.0449947 0.0300807 0.0186848 0.0210678 0.0238396 0.0241427 0.020681 0.0251413 0.0281152 0.0268099 0.0216996 0.0156139 0.0123206 0.0183368 0.0237794 0.0220686 0.0260437 0.0275394 0.0180821 0.0201919 0.0208549 0.0143261 0.00706394 0.000478096 
0 0 0.000138777 0.00308757 0.00557623 0.0121234 0.0175715 0.0142959 0.0153063 0.0134486 0.0107419 0.00859805 0.0131435 0.0154079 0.0245886 0.0293268 0.0207022 0.019674 0.01886 0.0205609 0.0128122 0.0215144 0.0160757 0.019216 0.019645 0.0169231 0.0233576 0.0270942 0.0252893 0.0287328 0.0374447 0.021307 0.0244107 0.0339289 0.0276906 0.0293647 0.0264116 0.02946 0.0274436 0.0229743 0.0189108 0.0260794 0.0353379 0.0318488 0.0290368 0.0355739 0.0284186 0.0233343 0.0240926 0.0262474 0.0190404 0.0189349 0.0270719 0.0383954 0.0279637 0.0177995 0.0158361 0.0146844 0.0213733 0.0178038 0.0175827 0.0256361 0.0214957 0.018066 0.0179714 0.012022 0.0132008 0.00594471 0.000276159 
0 0 0.000673971 0.00535538 0.00669155 0.00778605 0.00883206 0.00692084 0.0109575 0.00636271 0.00477058 0.00447789 0.00555777 0.0118388 0.0221435 0.0205478 0.0151938 0.0168208 0.0187651 0.0190912 0.03183 0.0254207 0.0203623 0.018156 0.0159964 0.0189877 0.0250177 0.0288725 0.0281377 0.0263436 0.0225922 0.0238234 0.0286563 0.0321094 0.0282802 0.0279449 0.025939 0.026812 0.0275268 0.0282227 0.0245222 0.0328707 0.035766 0.0331682 0.025841 0.0297041 0.0304343 0.0251676 0.0174527 0.0203305 0.0213205 0.0186388 0.0225612 0.0229014 0.027538 0.0160871 0.0142746 0.0127484 0.0140935 0.0209656 0.023455 0.0184216 0.021153 0.0145865 0.0153262 0.00953449 0.00740935 0.005985 0 
0 0 0.000617195 0.0068802 0.00779415 0.0058461 0.004095 0.00758699 0.00716919 0.00175789 0.00285226 0.00294293 0.00505192 0.00505731 0.0160378 0.0167955 0.0140222 0.013261 0.0175434 0.017547 0.0292713 0.017776 0.013889 0.0149724 0.0138898 0.0149596 0.0221452 0.0274076 0.0244978 0.0263617 0.0272122 0.0336708 0.024576 0.0311023 0.0350187 0.029378 0.0317386 0.0310937 0.0304373 0.033711 0.0242907 0.0261464 0.0266688 0.0302894 0.0256706 0.0287367 0.0376301 0.0272349 0.0160908 0.0103959 0.0147632 0.0268836 0.0228373 0.0157179 0.0266357 0.0180198 0.0139406 0.0168449 0.022163 0.0222947 0.0256669 0.0183192 0.026212 0.0240947 0.0199188 0.0151136 0.0073792 0.0019633 0 
0 0 0.000441242 0.00692418 0.0113882 0.0099807 0.00504392 0.00720683 0.0283171 0.0137614 0.00406049 0.00537474 0.00843699 0.00662166 0.0109566 0.00789003 0.00823008 0.0134988 0.0152557 0.015647 0.0151413 0.0110294 0.00924953 0.0158866 0.0154696 0.0173256 0.0241603 0.0203977 0.0190404 0.0233449 0.0290671 0.0332205 0.0303272 0.0248268 0.0320883 0.0268226 0.0253453 0.0299207 0.0265727 0.0250922 0.0286099 0.0312796 0.0249098 0.0279681 0.0302677 0.0299397 0.0251948 0.0226139 0.0125979 0.00896322 0.0151462 0.0210622 0.018368 0.0224143 0.034271 0.0290142 0.0140574 0.0191017 0.0215583 0.0229573 0.0249222 0.0148818 0.0137795 0.0158213 0.0129636 0.00901779 0.00720694 0.000896627 0 
0 0 0.000112697 0.00346621 0.00679233 0.00909002 0.00537955 0.0072953 0.0217394 0.00818182 0.00645562 0.0081055 0.00671951 0.00889754 0.0082419 0.00416076 0.00566204 0.0104583 0.0140921 0.0148433 0.0152639 0.0169033 0.0112237 0.0171606 0.0172371 0.0197207 0.0256857 0.0130734 0.0178276 0.0239501 0.0317095 0.0300317 0.0253917 0.0269289 0.0322193 0.0432102 0.0418465 0.0293095 0.0290664 0.0291918 0.025976 0.0290989 0.0297896 0.0248999 0.0278775 0.0296065 0.0219733 0.019833 0.0153061 0.0130235 0.0112708 0.0142391 0.0140724 0.0150817 0.0389971 0.0317364 0.0171953 0.0196333 0.0172832 0.0232859 0.01669 0.00517224 0.00619197 0.0120453 0.00658107 0.00540963 0.00191973 0.000107214 0 
0 0 0 0.00118592 0.00324004 0.00646208 0.00822646 0.0122446 0.0134355 0.009576 0.00830737 0.00861509 0.00588263 0.00402492 0.00583687 0.00987165 0.0169425 0.0241949 0.0279656 0.0254289 0.0185329 0.0204287 0.0189734 0.0192554 0.0233678 0.0197667 0.0227033 0.0238636 0.0274708 0.0246065 0.0243684 0.0240807 0.0247173 0.028923 0.0335019 0.0436486 0.0485237 0.0256723 0.0295759 0.0329214 0.0271045 0.0312096 0.029218 0.0284316 0.0271791 0.0324064 0.0254457 0.0174445 0.0168825 0.0162389 0.0128063 0.0132387 0.0169575 0.011891 0.0225808 0.0282659 0.0223285 0.016931 0.0105663 0.0157059 0.009016 0.00661065 0.0192603 0.0212019 0.00461059 0.00117763 0.000344177 0 0 
0 0 0 0.000138554 0.00341486 0.00926366 0.00982813 0.0105811 0.0116381 0.0111304 0.00591818 0.00449247 0.00633217 0.00997943 0.0174801 0.0337399 0.0408484 0.0325633 0.0337168 0.0317599 0.0236908 0.0156683 0.0167344 0.0186789 0.0199672 0.0161834 0.0201286 0.0197299 0.0214734 0.0248212 0.0246733 0.0216809 0.0197774 0.0279763 0.0353514 0.0327281 0.0424778 0.0268983 0.03162 0.0386325 0.0293692 0.0251044 0.0303053 0.0212487 0.0189752 0.0215602 0.0213857 0.019617 0.0182285 0.0149201 0.0235297 0.02282 0.0231337 0.0190805 0.0244815 0.0284978 0.0292188 0.0151881 0.01944 0.0222466 0.014136 0.0135269 0.021506 0.0152495 0.00250329 0.000728352 0 0 0 
0 0 0 0 0.00455612 0.0143285 0.0121241 0.00602506 0.00670259 0.0124503 0.0114359 0.0053 0.00712857 0.0225447 0.0231719 0.0363371 0.0491001 0.0451179 0.0378538 0.0255764 0.0196393 0.00965004 0.0178541 0.019703 0.0124582 0.0145846 0.0155494 0.023099 0.0229637 0.0239438 0.0251931 0.0190862 0.016992 0.0227513 0.0258413 0.0251645 0.0433229 0.0220878 0.0298776 0.0282068 0.0257599 0.0247235 0.0335841 0.0324952 0.0236308 0.0272564 0.0225366 0.0210904 0.0217927 0.0191121 0.0251463 0.0296794 0.0248458 0.0218464 0.0215417 0.0208865 0.0292927 0.0238075 0.0343974 0.0232979 0.0152373 0.0244031 0.0197274 0.0104442 0.00215877 0.000396139 0 0 0 
0 0 0 0 0.000724117 0.00847475 0.0107459 0.00282512 0.00652195 0.0177722 0.0234508 0.00787937 0.00716206 0.0287723 0.0288749 0.0311476 0.040399 0.0427071 0.0297448 0.0213237 0.0162796 0.0114674 0.0165128 0.0173187 0.0163464 0.0228088 0.0222218 0.0192944 0.0195017 0.0178071 0.0226556 0.0202828 0.0257238 0.0207165 0.02482 0.0265111 0.039859 0.0222693 0.0290131 0.0246115 0.0299536 0.0261369 0.022467 0.0248629 0.0239011 0.0245596 0.0200752 0.0192459 0.0215655 0.0189755 0.0180895 0.019584 0.0177692 0.0163672 0.0145444 0.0172314 0.0312266 0.0224924 0.0328755 0.0277334 0.0140193 0.0207775 0.0202095 0.0096776 0.00408337 0.00017942 0 0 0 
0 0 0 0 0 0.00038242 0.000453398 0.000321074 0.00671694 0.0146497 0.0152773 0.00593583 0.00364675 0.0142748 0.0178647 0.0284157 0.0272232 0.029526 0.0272284 0.0220136 0.0251612 0.0209705 0.0131126 0.011709 0.0177625 0.026497 0.0195429 0.0229178 0.0249553 0.0325824 0.024623 0.0342394 0.057413 0.0353324 0.0207114 0.0435007 0.0693439 0.0266954 0.0216278 0.0201307 0.0297358 0.0343237 0.0255783 0.0226594 0.0223817 0.0263109 0.0244425 0.0220453 0.0180169 0.0230565 0.017571 0.0159001 0.0201549 0.0155543 0.014448 0.0146486 0.0222083 0.0217846 0.0221285 0.0226191 0.0191103 0.0240042 0.0217834 0.00563646 0.00121481 0 0 0 0 
0 0 0 0 0 0 0 0.000169374 0.00331261 0.0072207 0.00712211 0.00429014 0.000892191 0.00295693 0.00951173 0.0200372 0.0255365 0.0295783 0.0307272 0.02504 0.0238136 0.0260636 0.0234727 0.0292348 0.0361022 0.0415706 0.0273709 0.0244754 0.0194058 0.0255651 0.027539 0.0511825 0.0411137 0.0200382 0.0218514 0.0586154 0.0601652 0.0330861 0.0219364 0.0325762 0.0366962 0.0314045 0.016351 0.0210072 0.0226775 0.0239448 0.0237336 0.020971 0.0239877 0.0272275 0.0317296 0.0175787 0.0248876 0.0207 0.0254785 0.0238349 0.0240057 0.0203697 0.0199773 0.0219847 0.017469 0.0183843 0.0167316 0.00238926 0 0 0 0 0 
0 0 0 0 0 0 0 1.52954e-05 0.000147371 0.00146703 0.00136501 0.000580718 0.000404307 0.00431037 0.0137784 0.0296518 0.0326572 0.0286298 0.0230164 0.0272938 0.0286694 0.0258379 0.027037 0.0303279 0.0327881 0.0412862 0.0326726 0.0336644 0.0244899 0.0167478 0.0271494 0.0394153 0.0314131 0.0168754 0.0192323 0.0381787 0.0464497 0.0502361 0.0631974 0.0403757 0.0364716 0.0264521 0.0237187 0.0213456 0.0213226 0.0221764 0.0248913 0.0210697 0.0211586 0.047644 0.046623 0.022157 0.0160427 0.0162143 0.0280469 0.02539 0.0209289 0.0197757 0.0223483 0.016796 0.0114203 0.00560569 0.00443109 0.000786883 0 0 0 0 0 
0 0 0 0 0 0 0 0 0 0 0 0.000601386 0.00138495 0.00616005 0.0159829 0.0312128 0.044014 0.032975 0.0309986 0.0282365 0.0229228 0.0223227 0.0187064 0.0195361 0.0265684 0.0309679 0.0268575 0.0320595 0.0281782 0.0216446 0.0229986 0.0265285 0.0298558 0.0226297 0.0269409 0.0222233 0.0212439 0.0267242 0.0248607 0.0180729 0.0230529 0.0293514 0.0274613 0.0171953 0.018875 0.0252684 0.0269345 0.0201405 0.0348294 0.0544269 0.04201 0.026947 0.0212668 0.014204 0.0231481 0.0279171 0.0239226 0.0321097 0.0346628 0.0289363 0.0102782 0.000807195 0.000258771 1.09992e-05 0 0 0 0 0 
0 0 0 0 0 0 0 0 0 0 2.28936e-05 0.00287831 0.00810365 0.00619932 0.0165508 0.020177 0.0335572 0.0354492 0.0337252 0.0279604 0.0221884 0.0233963 0.0231871 0.0186283 0.0215862 0.0277259 0.0368836 0.024046 0.0200924 0.0184992 0.0251181 0.044395 0.0560747 0.0326535 0.0226238 0.0114243 0.00756062 0.0105553 0.0164209 0.0174153 0.0191993 0.0272439 0.0229286 0.0143085 0.0176315 0.0288562 0.0258955 0.0228446 0.0359532 0.0379103 0.0286848 0.0341896 0.0319932 0.0323097 0.0286201 0.0300423 0.0299315 0.0492973 0.0422352 0.0231506 0.00754887 0.000123724 0 0 0 0 0 0 0 
0 0 0 0 0 0 0 0 0 0.000101522 0.000952104 0.00909307 0.0146596 0.0139494 0.0113148 0.00617395 0.00971716 0.0263146 0.0309169 0.0341129 0.0315643 0.0225669 0.0257561 0.0191206 0.0168267 0.0297735 0.0336585 0.0272197 0.0153958 0.0186226 0.025256 0.0707061 0.158255 0.0588973 0.0202612 0.00583433 0.00461144 0.00946242 0.0159351 0.0190008 0.0184287 0.0227165 0.0213086 0.0134053 0.0187769 0.0296094 0.0270131 0.0269579 0.023943 0.0230147 0.0296076 0.0362628 0.0382545 0.0472008 0.0539228 0.0412334 0.035502 0.0555034 0.0384221 0.00814198 0.000803496 0 0 0 0 0 0 0 0 
0 0 0 0 0 0 0 0 0 8.6619e-05 0.00187042 0.0184951 0.0222716 0.0295541 0.0262503 0.00924311 0.00657787 0.0273316 0.0302244 0.0287803 0.0219856 0.0178592 0.0181837 0.0211332 0.0223686 0.0236303 0.0234123 0.0198556 0.019509 0.0237541 0.0231832 0.0425235 0.0738567 0.0327697 0.021439 0.0105212 0.00834589 0.021561 0.0262437 0.0261903 0.0186401 0.0246816 0.0279963 0.0256115 0.0311489 0.0356489 0.0331396 0.0269877 0.0233232 0.0254806 0.0320041 0.0370416 0.0325866 0.0405846 0.0411883 0.0446895 0.0345331 0.0390769 0.0340322 0.00522403 0 0 0 0 0 0 0 0 0 
0 0 0 0 0 0 0 0 0 0 0.000441961 0.00787589 0.0147826 0.0348277 0.0249852 0.00618385 0.013849 0.0260944 0.0309202 0.0310355 0.0161061 0.0143704 0.0138775 0.0118301 0.0214081 0.0215998 0.0196769 0.0152792 0.0231576 0.0262303 0.0251511 0.0256633 0.0270635 0.0248306 0.0296888 0.0241719 0.0249596 0.0294298 0.0257026 0.0239855 0.0205885 0.0207871 0.0251762 0.0388946 0.0297594 0.0258275 0.0241891 0.0206598 0.0241412 0.0217569 0.0329009 0.0327351 0.0362467 0.0259549 0.0242376 0.0245407 0.0209558 0.0188893 0.0105685 0.00120522 0 0 0 0 0 0 0 0 0 
0 0 0 0 0 0 0 0 0 0 0 0.00050111 0.00347259 0.0164962 0.011763 0.00318578 0.0172065 0.0197784 0.0228297 0.0283141 0.0155109 0.0136589 0.0201764 0.0133996 0.0153746 0.0145199 0.0107154 0.0159937 0.0148889 0.0193477 0.0255666 0.0146233 0.017021 0.0242536 0.0246036 0.0238458 0.022585 0.024446 0.0207506 0.0213837 0.0186683 0.0198289 0.0250871 0.0380501 0.0327817 0.0251013 0.0232716 0.0256874 0.0315477 0.0343589 0.030564 0.0248551 0.0205101 0.0233913 0.0225424 0.016099 0.00597233 0.0035052 0.000112283 0 0 0 0 0 0 0 0 0 0 
0 0 0 0 0 0 0 0 0 0 0 0 6.95877e-07 0.000113479 0.000530123 0.00320686 0.0123798 0.0205469 0.0231455 0.0283812 0.0287425 0.00788778 0.0144737 0.0202792 0.0194748 0.018418 0.0216433 0.0166679 0.00550942 0.00533921 0.0126868 0.0164226 0.028703 0.0269695 0.0210933 0.0105613 0.00950458 0.0161979 0.0198848 0.0211753 0.0216398 0.020074 0.0216041 0.0318723 0.0347712 0.025107 0.0264032 0.0299705 0.0307225 0.0270465 0.02208 0.0172242 0.0150243 0.0239654 0.028441 0.0107453 0.00108579 0.000103354 0 0 0 0 0 0 0 0 0 0 0 
0 0 0 0 0 0 0 0 0 0 0 0 0 0 0.000197558 0.00335784 0.0197484 0.0431108 0.0603885 0.0384769 0.0334752 0.0141281 0.00879041 0.0289457 0.0331651 0.0261764 0.0261054 0.0285739 0.00728696 0.00126089 0.00451526 0.0226184 0.0348323 0.0180027 0.0115113 0.0135924 0.0157523 0.0171239 0.0218614 0.0245412 0.0191721 0.0193919 0.0213028 0.0250725 0.0357938 0.035499 0.0295617 0.0315374 0.0342635 0.0231366 0.0158833 0.00595156 0.0124285 0.0141913 0.0123614 0.00247292 0 0 0 0 0 0 0 0 0 0 0 0 0 
0 0 0 0 0 0 0 0 0 0 0 0 0 0 0 0.000315146 0.00667135 0.0327634 0.0443105 0.0251828 0.0299679 0.0195924 0.00790041 0.0348036 0.0413633 0.0352182 0.028228 0.0285807 0.0115605 0.00231836 0.00934882 0.0328201 0.0309646 0.00834745 0.0113466 0.0130321 0.0210443 0.0228674 0.0254546 0.0383956 0.0332975 0.02262 0.0247863 0.0300276 0.0339484 0.030833 0.033691 0.0403307 0.0551189 0.0460785 0.0178666 0.00202975 0.00233643 0.0024678 0.000997928 1.08674e-06 0 0 0 0 0 0 0 0 0 0 0 0 0 
0 0 0 0 0 0 0 0 0 0 0 0 0 0 0 0 0.000191605 0.00218977 0.00256382 0.00867926 0.0250487 0.0202674 0.0154329 0.0356421 0.0300871 0.0209132 0.0221718 0.021192 0.00965778 0.00204231 0.00625978 0.0390446 0.0317917 0.0231713 0.0258302 0.00861524 0.00776637 0.0185628 0.0291695 0.0328252 0.0260363 0.0239145 0.0278988 0.0276579 0.0301006 0.0322578 0.0371551 0.0508454 0.0456552 0.0247355 0.0058821 0.000163605 0.000348226 0.000182376 0 0 0 0 0 0 0 0 0 0 0 0 0 0 0 
0 0 0 0 0 0 0 0 0 0 0 0 0 0 0 0 0 0 0 0.0014683 0.00891502 0.00975801 0.0111542 0.0203976 0.0110248 0.0107211 0.0192661 0.0182982 0.0125065 0.0079026 0.00416139 0.0134968 0.0153998 0.0325023 0.0439925 0.0128618 0.00184847 0.0122353 0.0248671 0.0232744 0.0165926 0.0201817 0.0290548 0.0223416 0.0219633 0.0222848 0.0234167 0.029843 0.0132189 0.00198397 6.03607e-05 0 0 0 0 0 0 0 0 0 0 0 0 0 0 0 0 0 0 
0 0 0 0 0 0 0 0 0 0 0 0 0 0 0 0 0 0 0 0 0.000413074 0.00140693 0.00221678 0.00476751 0.00527903 0.00812423 0.0129162 0.019336 0.0192502 0.0138918 0.00867209 0.00568168 0.00318106 0.0211415 0.0373193 0.0129771 0.000908373 0.00311245 0.00515368 0.00814739 0.00908379 0.0179673 0.0218641 0.0122822 0.0180376 0.0162426 0.0100496 0.00543697 0.00143117 2.79796e-05 0 0 0 0 0 0 0 0 0 0 0 0 0 0 0 0 0 0 0 
0 0 0 0 0 0 0 0 0 0 0 0 0 0 0 0 0 0 0 0 0 0 0 6.92906e-06 0.00100487 0.00176544 0.00550565 0.0157342 0.0265195 0.0102602 0.00356665 0.00334875 0.0020914 0.00502168 0.00768445 0.00211257 5.4138e-05 0.000107375 0.000641961 0.000512834 0.000611823 0.0114331 0.0150098 0.00706604 0.00283278 0.00260799 0.00048915 0.000199956 0 0 0 0 0 0 0 0 0 0 0 0 0 0 0 0 0 0 0 0 0 
0 0 0 0 0 0 0 0 0 0 0 0 0 0 0 0 0 0 0 0 0 0 0 0 0 5.92727e-05 0.000665621 0.00299491 0.00397904 0.00120669 0.000239305 0.000200093 0.000411881 0.000946828 0.000364686 8.12155e-05 0 0 0 0 1.10657e-05 0.000702385 0.00159728 0.000636485 0 0 0 0 0 0 0 0 0 0 0 0 0 0 0 0 0 0 0 0 0 0 0 0 0 

