0 0 0 0 0 0 0 0 0 0 0 0 0 0 0 0 0 0 0 0 0 0 0 0 0 0 0 0 0 0 0.000152266 0.000143739 0.000195048 5.02577e-05 0 0 0 0 0 0 0 0 0 0 0 0 0 0 0 0 0 0 0 0 0 0 0 0 0 0 0 0 0 0 0 0 0 0 0 
0 0 0 0 0 0 0 0 0 0 0 0 0 0 0 0 0 0 0 0 0 0 0 0 0 0 0 0 0.000173067 0.00270808 0.00692441 0.00738156 0.00306719 0.00206563 0.000650762 6.52251e-05 0.000122236 0.000261943 0.000448585 0.000616881 7.34435e-06 0 6.93294e-05 1.92419e-05 0 0 0 0 0 0 0 0 0 0 0 0 0 0 0 0 0 0 0 0 0 0 0 0 0 
0 0 0 0 0 0 0 0 0 0 0 0 0 0 0 0 0 0 0 0 0 0 0 0 0 0 0 0 0.00210752 0.00632408 0.0130054 0.0155397 0.00923492 0.00514308 0.00326475 0.00164803 0.00522288 0.00526855 0.0044166 0.00268394 0.000226587 0.000907746 0.00128059 0.00148345 0.000304563 0.0001253 0 0 0 0 0 0 0 0 0 0 0 0 0 0 0 0 0 0 0 0 0 0 0 
0 0 0 0 0 0 0 0 0 0 0 0 0 0 0 0 0 0 0 0 0.000161628 0.000897907 0.000917566 0.000391643 0.000258814 0 0 0.000105233 0.00127033 0.00642187 0.0151319 0.0114501 0.00881972 0.00624606 0.00314721 0.00629631 0.0132778 0.00975613 0.00869101 0.00618389 0.00222093 0.00275539 0.00226018 0.00406537 0.00410489 0.000621378 1.39403e-06 0 0 0 0 0 0 0 0 0 0 0 0 0 0 0 0 0 0 0 0 0 0 
0 0 0 0 0 0 0 0 0 0 0 0 0 0 0 0 0 0 0.000119002 0.000854647 0.00447804 0.00864417 0.00506101 0.00643988 0.0064096 0.000734072 0.000328209 0.00265392 0.00707816 0.0135495 0.0145527 0.0136593 0.0114877 0.00690733 0.00650325 0.0127067 0.0157501 0.0100147 0.00886022 0.00726545 0.00368476 0.00213832 0.00136282 0.00798367 0.00774321 0.00289639 0.000270748 0.000149211 0.000345621 0.00101368 1.14862e-05 2.40095e-05 0 0 0 0 0 0 0 0 0 0 0 0 0 0 0 0 0 
0 0 0 0 0 0 0 0 0 0 0 0 0 0 0 0 0.000104521 0.00117964 0.00701545 0.00911926 0.0124982 0.0148053 0.0124449 0.0130088 0.00979694 0.00408579 0.00271255 0.0129102 0.0169396 0.018457 0.0270439 0.0270026 0.0161458 0.00931098 0.0103083 0.0107635 0.0163907 0.0187746 0.0119137 0.00734512 0.00557851 0.00494393 0.00271783 0.00151188 0.00330242 0.00454034 0.00258563 0.00243649 0.00174756 0.00194273 0.00138406 0.00236778 0.000135002 0 0 0 0 0 0 0 0 0 0 0 0 0 0 0 0 
0 0 0 0 0 0 0 0 0 0 0 0 0 0 0 0.000533099 0.00498308 0.00891583 0.0129226 0.0132092 0.013033 0.0149689 0.0141557 0.0144239 0.0113649 0.0104429 0.00909432 0.0214306 0.0247781 0.028849 0.0330291 0.0288191 0.0335033 0.0289217 0.0146835 0.0110768 0.0113843 0.017736 0.0130994 0.0120937 0.00970645 0.00809501 0.00497389 0.00269718 0.00270339 0.00589601 0.00934764 0.0124337 0.00961088 0.00761238 0.00318769 0.00827682 0.00614021 0.00471845 0.00112539 6.53477e-06 0 0 0 0 0 0 0 0 0 0 0 0 0 
0 0 0 0 0 0 0 0 0 0 0 0 0 2.04913e-06 0.00079916 0.0074076 0.0149513 0.0149721 0.014702 0.0214516 0.0194837 0.0222457 0.0182333 0.0137193 0.0125316 0.0137323 0.0223174 0.0303101 0.0283735 0.0329719 0.0295543 0.0226625 0.0293948 0.0277787 0.0228568 0.0176789 0.0167982 0.0131371 0.0134979 0.0126968 0.0173115 0.0118585 0.00875713 0.010357 0.00690208 0.00451687 0.0112233 0.0129256 0.0127697 0.00975611 0.00643118 0.0100412 0.0231754 0.0474431 0.0167758 0.000645316 0 0 0 0 0 0 0 0 0 0 0 0 0 
0 0 0 0 0 0 0 0 0 0 0 0 0 0.00088463 0.00647321 0.0158727 0.0183875 0.020824 0.0166402 0.0251318 0.0245279 0.0239294 0.0204096 0.0205009 0.0183558 0.0254211 0.0282187 0.0325661 0.0579451 0.0327206 0.0269698 0.0265024 0.025808 0.0282521 0.0230005 0.0210627 0.0153008 0.010986 0.0130105 0.0110682 0.0174095 0.0146409 0.0115324 0.0113748 0.00738071 0.00357226 0.010733 0.0118653 0.00991786 0.0098277 0.00643929 0.0160855 0.0225741 0.0414646 0.0297928 0.00899931 0.0020214 0 0 0 0 0 0 0 0 0 0 0 0 
0 0 0 0 0 0 0 0 0 0 0 0.000337049 0.00483239 0.00858781 0.0132143 0.0150586 0.0218541 0.021267 0.0185064 0.0200907 0.016959 0.0175905 0.026297 0.0244185 0.0272367 0.0234342 0.0241641 0.0245152 0.0501814 0.0435392 0.0269042 0.0229141 0.0208717 0.0195766 0.014012 0.0186809 0.0190304 0.013991 0.0202548 0.0176545 0.0203607 0.0161711 0.0143726 0.0164599 0.0086991 0.00387561 0.0074389 0.0147822 0.00970593 0.00947487 0.00418242 0.0120888 0.0104475 0.011209 0.0179629 0.0161818 0.00817533 0.00373556 0.00028823 0 0 0 0 0 0 0 0 0 0 
0 0 0 0 0 0 0 0 0 0 0.000438124 0.00737072 0.017369 0.0138646 0.0189599 0.0172037 0.0264729 0.028097 0.0247977 0.0228083 0.0214933 0.0272051 0.0304131 0.0294113 0.0224062 0.0159692 0.0153385 0.0188195 0.0287067 0.0256065 0.0237274 0.0290485 0.0173738 0.0176343 0.0194602 0.0197093 0.0160845 0.0148856 0.0150369 0.0204987 0.0188602 0.0130177 0.0124346 0.015598 0.0109857 0.00472494 0.00805144 0.0146009 0.0167274 0.0110736 0.00858275 0.00761277 0.00531205 0.010504 0.0132369 0.0193982 0.0147058 0.00675926 0.000376944 0 0 0 0 0 0 0 0 0 0 
0 0 0 0 0 0 0 0 0 0.000402853 0.00859979 0.0154897 0.0135714 0.0116449 0.0141099 0.0213494 0.0227596 0.0382143 0.021539 0.0204427 0.0211262 0.0304614 0.0270645 0.0238865 0.033179 0.0263666 0.016239 0.0199615 0.0283736 0.0202519 0.0177035 0.0151348 0.0278567 0.0262389 0.0215029 0.026082 0.0219411 0.0207669 0.0169014 0.020751 0.0154881 0.0122172 0.0157392 0.0137753 0.0118231 0.00673607 0.00769054 0.00794885 0.0134769 0.0128661 0.0133821 0.00685037 0.00456107 0.0102629 0.0149447 0.0268224 0.0227143 0.00872797 0.00244978 0.00124233 3.68382e-05 0 0 0 0 0 0 0 0 
0 0 0 0 0 0 0 0 0.000133584 0.00255473 0.0149946 0.0208922 0.0190611 0.0165981 0.0138306 0.0243123 0.0225271 0.0274436 0.0232162 0.020461 0.0196182 0.02524 0.0239908 0.0207526 0.0277741 0.0273055 0.0200563 0.021133 0.0222061 0.0199595 0.0220489 0.0172558 0.0217646 0.0246498 0.0215173 0.0262084 0.0235903 0.0212557 0.0176901 0.0142287 0.01434 0.00828755 0.012594 0.0129581 0.0186049 0.0126756 0.00933771 0.0069072 0.0063248 0.00895915 0.0150851 0.0104603 0.00790402 0.00788666 0.0125697 0.0136657 0.0127078 0.00791266 0.00646716 0.00209726 0.000628477 9.21019e-05 0 0 0 0 0 0 0 
0 0 0 0 0 0 0 0 0.000788238 0.0102241 0.0183249 0.0243035 0.0194569 0.0182878 0.017228 0.019795 0.0207599 0.0190494 0.0226722 0.0205241 0.0211252 0.0247788 0.0203897 0.0205909 0.0234584 0.0261888 0.018102 0.0268981 0.019849 0.0206591 0.0207541 0.0164138 0.0233947 0.0180816 0.0212475 0.0312353 0.0336094 0.0265034 0.0174772 0.0115725 0.0109944 0.0146883 0.0179852 0.0123321 0.0130396 0.0120019 0.0118351 0.0181231 0.0168551 0.0144462 0.0136827 0.00670318 0.00807376 0.00997181 0.0114349 0.0100398 0.00915888 0.00838226 0.00850958 0.00613657 0.00659807 0.00181283 0 0 0 0 0 0 0 
0 0 0 0 0 0 0 0.00139216 0.00680943 0.0126586 0.0176164 0.0197856 0.016755 0.0148622 0.0152033 0.0171061 0.0213699 0.0224325 0.0207014 0.019061 0.016647 0.0180626 0.0205743 0.022637 0.0255092 0.0264402 0.0199565 0.0214731 0.0228572 0.0174245 0.0127097 0.0217484 0.0358369 0.0310103 0.0240424 0.0277242 0.0268088 0.0219851 0.0190893 0.0151499 0.0146797 0.0194604 0.014761 0.0102494 0.011234 0.0124185 0.0105821 0.0175189 0.0151669 0.00918054 0.00527477 0.0114707 0.0137453 0.0093741 0.00988455 0.00948683 0.00691257 0.00891617 0.0133125 0.0143615 0.0117035 0.00531264 0.000403129 0 0 0 0 0 0 
0 0 0 0 0 0 0.000476769 0.00551436 0.0199542 0.0152729 0.0115701 0.0176718 0.0200861 0.0236492 0.019075 0.0137765 0.0132617 0.022356 0.0219185 0.0185916 0.0174743 0.0155052 0.0182587 0.0198519 0.0280499 0.0271514 0.0241729 0.020667 0.0207083 0.0155429 0.00920304 0.0128833 0.0133757 0.0141292 0.0199748 0.0288265 0.0248306 0.0233966 0.0200403 0.0149137 0.0151076 0.0227149 0.022952 0.0177705 0.0134278 0.0128743 0.0166254 0.0140892 0.0113548 0.00893353 0.011379 0.013492 0.0133098 0.0107872 0.0147143 0.0166598 0.0133083 0.0107499 0.0139521 0.0172393 0.0124352 0.0087301 0.00569204 0 0 0 0 0 0 
0 0 0 0 0 0.000110865 0.00357876 0.00836717 0.015592 0.0177809 0.0157042 0.013419 0.0147592 0.0175737 0.0251702 0.0203718 0.0187441 0.024892 0.0234478 0.0250668 0.0179609 0.0167496 0.0224518 0.0226792 0.0236216 0.0189313 0.0193195 0.0215518 0.0217758 0.0181592 0.0142137 0.012971 0.0147749 0.0144977 0.0169266 0.0188253 0.0321759 0.0281131 0.0231472 0.0155836 0.0133656 0.018743 0.0348187 0.0249826 0.0181713 0.0115952 0.0104961 0.00628448 0.00514316 0.00729005 0.013503 0.0159692 0.0178822 0.0134178 0.0193906 0.0156767 0.0116907 0.00989697 0.0121507 0.00989168 0.00914089 0.0119734 0.0107518 0.00172455 7.27849e-07 0 0 0 0 
0 0 0 0 0 8.70305e-05 0.00129368 0.00336579 0.00725821 0.00987872 0.0134718 0.0153412 0.0151273 0.0179623 0.0227737 0.0292296 0.0205747 0.0251841 0.0279446 0.0230003 0.0193836 0.0181534 0.0163643 0.0180788 0.0181879 0.0180622 0.019194 0.0239527 0.0220146 0.0214611 0.0215346 0.0158271 0.020308 0.0122377 0.013087 0.0207672 0.0243473 0.0294426 0.0246292 0.0205743 0.0186697 0.0103511 0.0215655 0.0180308 0.0176416 0.00991014 0.00695285 0.00415221 0.00625504 0.0145855 0.018104 0.0189481 0.013416 0.0167259 0.0207372 0.0188084 0.0121044 0.0103359 0.00992012 0.012677 0.0116043 0.0138451 0.0131499 0.00558787 0.000362674 0 0 0 0 
0 0 0 0 0 0.000133198 0.000306919 0.00046066 0.00346825 0.00604683 0.00976259 0.0120751 0.0131814 0.0128442 0.024269 0.0329933 0.0282395 0.0195743 0.0232894 0.0200103 0.0155832 0.0186013 0.0178824 0.0189265 0.0238954 0.0203573 0.0254525 0.0248913 0.0257375 0.0222971 0.0208712 0.0242546 0.0239588 0.0184661 0.0165951 0.0214932 0.0174721 0.0247341 0.0277271 0.0200547 0.0143039 0.00847907 0.0177926 0.0199742 0.0164873 0.0167453 0.013289 0.00908842 0.00918461 0.0166514 0.0192769 0.0140202 0.010576 0.0138696 0.0179429 0.0181 0.0137059 0.0169128 0.0145256 0.0120571 0.0116127 0.0129661 0.0122077 0.00841707 0.00326049 0 0 0 0 
0 0 0 0 5.02354e-05 0.000970796 0.00125506 0.00428641 0.00461034 0.00352095 0.00754007 0.010555 0.00643458 0.0138056 0.0248641 0.0242344 0.0253508 0.0211029 0.0170675 0.0146373 0.0182651 0.020896 0.0223308 0.0219289 0.0227679 0.0228522 0.02153 0.0222692 0.0229168 0.0215626 0.0209027 0.0188028 0.0207062 0.0212026 0.0193861 0.0219056 0.0227197 0.0197281 0.0187248 0.0160448 0.0124408 0.0117014 0.024614 0.0234419 0.0168309 0.0198396 0.011267 0.0143651 0.0135402 0.0213958 0.0238377 0.0174001 0.00913054 0.0108123 0.0147773 0.013821 0.0122131 0.0117687 0.0100951 0.0144432 0.0090588 0.0113877 0.0113663 0.0133237 0.00728996 0.000174796 0 0 0 
0 0 0 0 0.000126601 0.000892668 0.00601101 0.0138726 0.0152805 0.0100952 0.0104864 0.0124511 0.0144217 0.0187086 0.0159498 0.0241314 0.0240506 0.0185719 0.0196847 0.0171833 0.0158102 0.0198375 0.0247267 0.021447 0.0183311 0.019938 0.0164296 0.0212394 0.0184938 0.0128898 0.0149637 0.014094 0.0171972 0.0207428 0.0173772 0.0194469 0.0153177 0.0178381 0.0166414 0.0161321 0.0157049 0.0177032 0.0234514 0.0217061 0.0228412 0.0182386 0.0143222 0.0132648 0.0123803 0.0149197 0.0295162 0.0296689 0.0173638 0.0170617 0.0165365 0.0110335 0.00875639 0.0146997 0.0100602 0.0134929 0.00697404 0.00843465 0.0161869 0.0260606 0.0130735 0.00187796 7.11108e-05 0 0 
0 0 0 0 0.000512991 0.00377799 0.0130485 0.0144504 0.0219611 0.0207999 0.0245879 0.0228526 0.0185692 0.0215709 0.0114727 0.0130735 0.0165583 0.0192532 0.0221063 0.0185471 0.0208671 0.028158 0.0318906 0.0199114 0.0169592 0.0173761 0.0191506 0.0239119 0.0172321 0.013009 0.012663 0.0108991 0.0162505 0.0235294 0.0161267 0.0203087 0.0255272 0.0170322 0.0228791 0.0223904 0.01742 0.0189763 0.0172409 0.0203473 0.0214881 0.0241695 0.0186035 0.0133836 0.0138135 0.0194909 0.0292478 0.0359247 0.024221 0.0201372 0.0189414 0.0165913 0.0132822 0.0160317 0.0137093 0.0161038 0.00817574 0.0101536 0.019943 0.0287079 0.0184162 0.0069509 0.0010958 0 0 
0 0 3.61238e-05 0.000400859 0.00360071 0.0119975 0.0206646 0.0147503 0.0192483 0.0220032 0.0248465 0.0212168 0.0189526 0.0190063 0.0134284 0.0143714 0.0197162 0.0154398 0.0182967 0.0188229 0.0221309 0.0372023 0.0343239 0.0256451 0.015895 0.0165541 0.0205772 0.0269507 0.024869 0.0230615 0.0144176 0.0125323 0.0144726 0.0188906 0.0143304 0.0178452 0.0249936 0.0144258 0.0160195 0.0292138 0.0254441 0.0174652 0.0138475 0.0175992 0.0190315 0.0210243 0.0177527 0.0210014 0.0155842 0.0161822 0.0230343 0.0242448 0.025681 0.0257684 0.0233407 0.0224446 0.0195574 0.0226284 0.0207112 0.0170038 0.00950838 0.00884697 0.0136707 0.0302216 0.0199114 0.00949876 0.00127632 0 0 
0 0 0.00052946 0.00474277 0.00915371 0.0144317 0.0213721 0.0132743 0.0124285 0.0195841 0.0197102 0.019942 0.0146439 0.0175816 0.0167699 0.0144076 0.0161002 0.0192138 0.0127293 0.0167765 0.0190357 0.023185 0.0209985 0.027294 0.0137293 0.012917 0.0166171 0.0241758 0.0226398 0.0190616 0.015798 0.0173869 0.0151999 0.0192897 0.0220679 0.0174118 0.0198078 0.0136868 0.0173309 0.0229269 0.0211876 0.0208775 0.0166722 0.0181167 0.0253332 0.019273 0.0173411 0.0152179 0.0123924 0.0156039 0.0115513 0.0176154 0.0215083 0.0139314 0.0201807 0.0222945 0.0230148 0.0258028 0.0213463 0.0163201 0.0134418 0.0157173 0.00786947 0.0109999 0.0142096 0.0117425 0.00299806 0 0 
0 8.33519e-06 0.00164804 0.0115059 0.0180146 0.0125964 0.0117707 0.00848034 0.00609537 0.0112125 0.01622 0.017534 0.0159502 0.0125893 0.0155514 0.0164889 0.0149228 0.0221846 0.0168135 0.0135187 0.0172814 0.0275588 0.0220656 0.0240349 0.0211891 0.0147501 0.0133537 0.0249129 0.0253678 0.0231851 0.0179916 0.0207208 0.0168052 0.0170942 0.02233 0.0203138 0.0278151 0.0251333 0.0215985 0.019928 0.0188883 0.0160215 0.0270327 0.0227576 0.0313263 0.0212976 0.0151701 0.0111384 0.0118047 0.0133194 0.0112903 0.0209903 0.0232659 0.0131788 0.015477 0.0199066 0.0195741 0.0240886 0.0218602 0.0155247 0.0102646 0.00954465 0.0119388 0.0114531 0.015325 0.00883684 0.00126785 7.67149e-05 0 
0 1.73626e-05 0.00605729 0.0147027 0.0135531 0.0145315 0.0178793 0.011998 0.00492096 0.00875674 0.0122217 0.0171303 0.0206827 0.0129139 0.0150456 0.0172787 0.012789 0.0174767 0.0200581 0.0202403 0.017518 0.018559 0.0209107 0.0241466 0.0212317 0.0170351 0.0135321 0.0159896 0.0202299 0.0193398 0.0176045 0.0154879 0.015726 0.0157539 0.0210605 0.0182531 0.0220064 0.024493 0.0362605 0.0355015 0.0220766 0.0175907 0.0246374 0.0224547 0.0358611 0.0271147 0.0217824 0.0105377 0.0127772 0.0136149 0.0147449 0.0177857 0.0180612 0.017394 0.0194024 0.0165843 0.0234562 0.0194654 0.0238827 0.0118736 0.0123278 0.0071695 0.00699324 0.0130699 0.0147011 0.00887154 0.00134964 0.000641238 0 
0 0.000183392 0.00803573 0.0121848 0.0115111 0.0126933 0.0163345 0.00781688 0.00545599 0.0121948 0.0130844 0.0132658 0.0189561 0.0184583 0.0216624 0.0241849 0.0203613 0.0177952 0.0164002 0.021849 0.0208242 0.0246735 0.0259614 0.023296 0.0224095 0.0198056 0.0121796 0.0168792 0.023907 0.0202778 0.0230656 0.0179049 0.0186757 0.0200472 0.0229242 0.0230237 0.0235968 0.0306767 0.0375988 0.043925 0.0303239 0.0249551 0.0245324 0.0290488 0.0245238 0.0243033 0.0202304 0.0147664 0.0160763 0.0151187 0.0212619 0.0224966 0.0209925 0.0174732 0.0181766 0.0216906 0.0255073 0.0191957 0.0210493 0.011774 0.00999332 0.00667427 0.0100728 0.0139984 0.0154424 0.00700148 0.000298387 0.000791449 0.000243244 
0 8.79944e-05 0.00479622 0.00828917 0.0130136 0.0112784 0.00989712 0.00650379 0.0100536 0.0150947 0.0208435 0.0193241 0.0242045 0.0200375 0.0188472 0.0235077 0.0240066 0.021582 0.0191647 0.0179264 0.0170715 0.0205387 0.0220503 0.0216496 0.0198358 0.021701 0.011954 0.0163397 0.0213884 0.0201702 0.0192904 0.0166955 0.0189367 0.0220799 0.0232452 0.032958 0.0518505 0.046837 0.0369529 0.0568463 0.0589127 0.030998 0.0222565 0.0293229 0.0328684 0.0300039 0.0352191 0.0226138 0.0179038 0.0162907 0.0231746 0.0214814 0.0206861 0.0159185 0.0164242 0.0243081 0.0268207 0.0205805 0.0197108 0.0152354 0.00846624 0.0128817 0.0138734 0.0109612 0.0101066 0.00354246 0.00350408 0.00441444 0.00148723 
0 0.000244276 0.00470032 0.00907296 0.00683236 0.00896274 0.00483108 0.00906525 0.0120656 0.0102071 0.0137625 0.0164999 0.0191949 0.0218293 0.0197889 0.0202562 0.0211 0.0156872 0.0175981 0.0146748 0.0166474 0.0224765 0.018771 0.0173772 0.0180625 0.0178906 0.0182272 0.018225 0.0194265 0.0309517 0.0300926 0.0239653 0.0165563 0.0189051 0.024833 0.0318044 0.0635559 0.0496824 0.037144 0.0227701 0.0259878 0.025039 0.0284166 0.026549 0.0272629 0.0339508 0.0318007 0.0236799 0.0159866 0.0166101 0.0132493 0.0195306 0.0216658 0.0198524 0.0264465 0.0225994 0.0219407 0.0249672 0.0240089 0.0139112 0.00838154 0.0146966 0.0164698 0.00843665 0.0094175 0.00920233 0.00832096 0.0107716 0.00187136 
0 0.00153456 0.00748764 0.00619543 0.00488856 0.00565899 0.00241819 0.00803086 0.00770843 0.0107136 0.009176 0.00762002 0.0150122 0.0197693 0.0211099 0.0213384 0.0155185 0.0130795 0.0148742 0.0179686 0.0142665 0.0131604 0.0122339 0.0151706 0.0211646 0.0217621 0.0215556 0.0174911 0.0209791 0.0260048 0.0272128 0.0256308 0.021129 0.0161704 0.0236493 0.0276462 0.0339672 0.0403449 0.0324171 0.0263205 0.027929 0.0215967 0.0255048 0.0305143 0.0331215 0.0344941 0.027384 0.0321369 0.0287841 0.0224115 0.0160753 0.021225 0.0242859 0.020262 0.0310297 0.0243499 0.0186135 0.0219183 0.0169193 0.0155011 0.0138166 0.0194477 0.0169559 0.00936297 0.009045 0.0139213 0.0109083 0.0120594 0.00102516 
1.28899e-05 0.00378387 0.00563423 0.00681573 0.00327276 0.00303754 0.00121453 0.00584506 0.00598864 0.00387507 0.00332469 0.00246853 0.00529849 0.0102098 0.0160042 0.0162689 0.0169028 0.0177275 0.0204994 0.0144211 0.015829 0.0142416 0.0173896 0.0185902 0.0184073 0.0241637 0.0258489 0.0195107 0.0227774 0.0224453 0.0255593 0.0220656 0.024622 0.0193635 0.0278794 0.0260682 0.0327011 0.0407406 0.0369152 0.0244251 0.0288398 0.0316628 0.0236857 0.0299506 0.0385588 0.0314787 0.0309339 0.0276604 0.0266258 0.0252076 0.0214542 0.0218628 0.0195785 0.0114373 0.0183121 0.0199273 0.0196169 0.0161784 0.0103199 0.00768202 0.016734 0.0209251 0.0159724 0.00602423 0.00787336 0.00717933 0.0172305 0.0177613 0.00244969 
9.54346e-05 0.00376877 0.0073135 0.00725211 0.00358618 0.00400488 0.00291938 0.00228335 0.00097737 0.000692302 0.0042978 0.00915818 0.0101792 0.0103728 0.00731821 0.0100821 0.0141452 0.0129457 0.0188498 0.0133875 0.015799 0.0208459 0.0204573 0.021886 0.0174094 0.0214954 0.0285673 0.0262455 0.0243273 0.0233177 0.0255355 0.0317624 0.0264509 0.0219271 0.0384206 0.0378933 0.0341398 0.0326149 0.0370685 0.0240583 0.0256549 0.024114 0.024272 0.0294849 0.0505594 0.0268269 0.0356163 0.0295402 0.0180268 0.0238196 0.0223269 0.0210163 0.0177106 0.0108224 0.0132507 0.0198116 0.0154518 0.0159512 0.0102139 0.0101816 0.013127 0.017535 0.0144895 0.0150665 0.0157982 0.0142435 0.0178629 0.0149326 0.00159298 
1.15616e-05 0.0026491 0.00751352 0.00628454 0.00400564 0.00186102 0.00185125 0.00224734 0.000463534 0.000896908 0.00444895 0.0141959 0.0159475 0.0138039 0.00786658 0.0113965 0.0137056 0.0134313 0.0202509 0.0101687 0.015992 0.0258691 0.0225144 0.022396 0.0152978 0.0230808 0.0251346 0.0243829 0.0217345 0.0179275 0.0234567 0.018165 0.0232127 0.0378238 0.0454031 0.0539886 0.0462618 0.0322356 0.0328213 0.0243146 0.0195103 0.0209264 0.0182709 0.0241115 0.0348989 0.0250685 0.0195337 0.0163343 0.0175953 0.0228656 0.0180407 0.0125472 0.00856769 0.012596 0.0208724 0.0204087 0.0160843 0.014003 0.015571 0.0123512 0.00924264 0.00919573 0.00901052 0.0210744 0.0235975 0.0170959 0.0207467 0.0132736 0.00157794 
6.38874e-05 0.00435683 0.00870375 0.00591187 0.00344335 0.00208455 0.0251881 0.0200963 0.00112196 0.0016189 0.0075872 0.0146673 0.0161534 0.00937858 0.0088045 0.0145147 0.0142068 0.0175828 0.0196826 0.007637 0.0104739 0.0167704 0.0197908 0.0254786 0.0178876 0.0179441 0.0239409 0.0242328 0.01262 0.0201241 0.0267031 0.022265 0.022501 0.0375357 0.0500529 0.125557 0.072785 0.0349033 0.0278823 0.0209453 0.0144298 0.0137497 0.0160819 0.0233518 0.025515 0.0239045 0.0140407 0.0261774 0.0247727 0.0208091 0.0159562 0.0164922 0.0117918 0.0139683 0.0252975 0.0216642 0.0131684 0.018089 0.0160838 0.009957 0.00776547 0.00765073 0.00457233 0.00878795 0.00746382 0.0100844 0.0184334 0.0155523 0.00220418 
0.000167776 0.00450647 0.00625434 0.00413692 0.00456699 0.00565117 0.0192512 0.00754764 0.00226788 0.00250765 0.00900585 0.0163277 0.0124522 0.0175271 0.0132092 0.0133354 0.0154412 0.017972 0.0233606 0.0113589 0.00823712 0.0149337 0.0172139 0.0238976 0.0200042 0.0190234 0.0163197 0.0121183 0.0104293 0.0226894 0.0261515 0.0257411 0.0299313 0.0561874 0.0853527 0.126634 0.0685818 0.0371444 0.0301753 0.0222072 0.014856 0.0148031 0.0187932 0.0262201 0.0283921 0.0347865 0.0217166 0.0199212 0.0189309 0.0157463 0.0179934 0.0176123 0.0155519 0.0125757 0.0128209 0.0127034 0.0089245 0.0183907 0.0100661 0.00993203 0.00748372 0.00427538 0.00298632 0.00286098 0.00168082 0.00998388 0.0243898 0.0143824 0.00253504 
0 0.00392597 0.00845194 0.0109221 0.0124299 0.00796145 0.00168907 0.00184751 0.00257886 0.00376988 0.0100496 0.0166156 0.0171485 0.0225998 0.0167868 0.0160196 0.0148091 0.0181281 0.0168868 0.013969 0.0107185 0.0132991 0.0136897 0.0168784 0.0166265 0.0195739 0.0206285 0.0156388 0.0140446 0.0176772 0.0385916 0.0630888 0.0626691 0.0512459 0.0685742 0.0735677 0.0316653 0.0309031 0.0327991 0.0267436 0.0213859 0.0302653 0.0203505 0.0274028 0.0283308 0.0305717 0.0260374 0.0230065 0.0261882 0.0158263 0.023373 0.0291064 0.0201159 0.0208281 0.019147 0.0118568 0.0105341 0.0112202 0.0114135 0.0119353 0.0118236 0.00612942 0.00362917 0.00694552 0.00674887 0.0110265 0.0212727 0.0128549 0.00162828 
0 0.00176261 0.00565924 0.0101826 0.0150494 0.00922025 0.00260099 0.00293215 0.00527686 0.00874373 0.0125486 0.0096106 0.0112415 0.0127518 0.0180018 0.0160507 0.0169717 0.0200311 0.0238681 0.0185193 0.0179466 0.0163703 0.0160005 0.0138533 0.0168378 0.0196381 0.0232818 0.0174207 0.0167036 0.0172544 0.0319666 0.0472929 0.0486908 0.0566588 0.0641592 0.0399307 0.0286417 0.0314592 0.0333792 0.0232721 0.0297925 0.0396343 0.0293687 0.0294918 0.0226152 0.0221514 0.0273231 0.0286301 0.0230177 0.0249258 0.0204517 0.0208813 0.0208237 0.0238051 0.0233292 0.0184587 0.0187177 0.01727 0.0204773 0.0177028 0.024862 0.0134432 0.00806388 0.0153336 0.0191959 0.0162816 0.0165286 0.0133696 0.00129036 
8.4917e-05 0.000137309 0.000436808 0.0030154 0.00817262 0.00790326 0.00311754 0.00385089 0.0112496 0.0180021 0.0206859 0.010072 0.00653523 0.00887245 0.0123715 0.0145905 0.0213205 0.0237074 0.0343504 0.0310242 0.0215454 0.0238032 0.0247621 0.0225523 0.0197808 0.0212958 0.0217178 0.0190634 0.0200602 0.0209895 0.0356531 0.0410765 0.0447758 0.046736 0.0509222 0.0541263 0.0326956 0.0213405 0.0230015 0.0250196 0.0230576 0.0320011 0.0322064 0.0338985 0.0273462 0.0280752 0.0265989 0.0304945 0.0242983 0.0300996 0.0280229 0.0214785 0.0286632 0.0236915 0.0279284 0.0263799 0.0296614 0.0262981 0.0260865 0.0221284 0.0159124 0.0116394 0.00838082 0.0238242 0.0295511 0.027442 0.025441 0.00973114 0.00096355 
0.000173344 0 0 0.00209423 0.00512832 0.00420627 0.00466116 0.00962852 0.0135479 0.0165482 0.0161595 0.0129972 0.0146788 0.0163608 0.0156789 0.0191707 0.0221247 0.0282508 0.0404174 0.0340198 0.0283415 0.0265697 0.0212631 0.0222285 0.0222655 0.0191859 0.0188357 0.021378 0.0221305 0.0211835 0.0269734 0.0329801 0.0410725 0.0454257 0.0682478 0.0362878 0.0497776 0.0246849 0.0245155 0.0341493 0.0239998 0.0175435 0.015934 0.0261339 0.0319258 0.0288407 0.026157 0.0260827 0.0197645 0.0207547 0.0257942 0.0206183 0.0279782 0.0308421 0.0284976 0.0273312 0.0311795 0.0300424 0.0270619 0.0256923 0.0173542 0.0153129 0.0149479 0.0266155 0.0228515 0.0182437 0.021452 0.00448607 0.000825683 
0 0 0 0.00128252 0.00315132 0.00346215 0.00805727 0.0148353 0.017682 0.0201159 0.0138493 0.0190016 0.0226716 0.0215215 0.0164937 0.0171047 0.019242 0.0337952 0.0337816 0.0266282 0.021698 0.0219436 0.0201775 0.0220886 0.0204438 0.0235284 0.0221282 0.0234485 0.0213241 0.0183968 0.0212988 0.0171463 0.0276533 0.0337688 0.0565063 0.0508981 0.0522356 0.0315846 0.0285614 0.033521 0.0368217 0.028035 0.0243633 0.0279558 0.0328326 0.022654 0.0160167 0.0152937 0.0188699 0.0189387 0.0202594 0.0124647 0.0209304 0.029752 0.0284116 0.0256482 0.0233849 0.0213017 0.0226184 0.0226316 0.0232875 0.015425 0.0171617 0.016822 0.0189454 0.0132415 0.0153913 0.00864328 0.000996598 
0 0 0 0.00038401 0.00517449 0.0120166 0.0205377 0.0212775 0.0239662 0.0201002 0.0195899 0.0230745 0.0219112 0.0194207 0.0190218 0.0228386 0.0232348 0.0256813 0.0250048 0.0239615 0.0227274 0.0236986 0.0175878 0.0152702 0.0131269 0.019985 0.023527 0.0189003 0.0193791 0.0161102 0.0182516 0.0206236 0.0305351 0.0245798 0.0247719 0.0388118 0.0678422 0.0281583 0.0329552 0.0347677 0.0304078 0.0331636 0.0344994 0.0325745 0.0260618 0.0161851 0.0166099 0.0252661 0.0226225 0.0200421 0.021821 0.0213099 0.0190895 0.0248885 0.0224854 0.0225606 0.0175867 0.0196778 0.0216146 0.0265815 0.0214729 0.0217333 0.027795 0.0186232 0.013809 0.0196157 0.0155892 0.0125351 0.000900064 
0 0 0.000258341 0.00399203 0.0109583 0.0131937 0.0199074 0.0165579 0.0175648 0.0203087 0.0184898 0.0194787 0.0228706 0.0219967 0.0246303 0.0245783 0.0224954 0.0212393 0.0176905 0.0254159 0.0211988 0.0172716 0.0158465 0.0128144 0.0108279 0.0128899 0.0177033 0.0122168 0.0178531 0.0184508 0.0418636 0.0462767 0.0336919 0.027581 0.0190848 0.0208943 0.0483134 0.0354065 0.0343355 0.0296383 0.027859 0.0236162 0.0321375 0.0314652 0.0183115 0.0162699 0.0200101 0.0336558 0.0335813 0.0267345 0.0256648 0.0236933 0.0241354 0.01889 0.0196179 0.0173085 0.0173572 0.0165579 0.0195762 0.0247322 0.0251587 0.0204767 0.0197402 0.0126703 0.0124554 0.0197565 0.0123811 0.00735984 0.000277569 
0 2.90652e-05 0.001494 0.00826862 0.0153415 0.0148828 0.0152799 0.0130168 0.0210106 0.0176621 0.0203214 0.0165206 0.0216081 0.0203585 0.0222446 0.0218975 0.0218596 0.02196 0.0263349 0.0281461 0.0185029 0.0157695 0.0153559 0.0164989 0.0177681 0.0161197 0.023296 0.0182828 0.0205927 0.019664 0.0573849 0.0647713 0.0256893 0.0246128 0.0269123 0.0221878 0.0253696 0.0296084 0.0313586 0.0215241 0.0226276 0.0183047 0.027697 0.0296288 0.0192628 0.0126607 0.0131821 0.0181879 0.016318 0.0215269 0.0237318 0.0221092 0.0214029 0.0193049 0.0231064 0.0152901 0.0173828 0.0196991 0.0223196 0.0199192 0.0186899 0.0170608 0.0102233 0.00835646 0.0101706 0.0068412 0.0038376 0.00164882 0.000500789 
0 4.04481e-05 0.00633897 0.0156054 0.0160622 0.0195599 0.0165134 0.0187344 0.022264 0.0205694 0.0264225 0.0115217 0.0155143 0.0175933 0.0153333 0.0226172 0.020273 0.0192804 0.0330403 0.0283702 0.0138933 0.015148 0.0209582 0.0188921 0.0188673 0.0146453 0.0213823 0.0228951 0.0264539 0.0250054 0.0344525 0.0313265 0.0169985 0.0253654 0.035777 0.0301207 0.0376145 0.0358868 0.0277826 0.0232105 0.0192463 0.0248324 0.0279706 0.0269991 0.0223119 0.023083 0.0293677 0.0281843 0.0209578 0.0208619 0.015468 0.0211985 0.0237697 0.0208445 0.0291549 0.0200801 0.0195058 0.0255441 0.021953 0.0169543 0.0130371 0.0118967 0.0141451 0.026469 0.0352502 0.0181191 0.00586434 0.000879005 0.000530544 
0 0 0.00593391 0.014227 0.0162973 0.0192338 0.0164677 0.0170872 0.0211481 0.0210131 0.0189125 0.00625265 0.00373988 0.0142291 0.0168466 0.022332 0.0198742 0.0162509 0.0264429 0.0260299 0.017557 0.0193941 0.0261073 0.026036 0.0220872 0.0208349 0.0223568 0.0224574 0.0194327 0.0224526 0.0228197 0.0212743 0.0192671 0.0120285 0.0144559 0.0175798 0.0191793 0.0202412 0.0227611 0.0201902 0.0202058 0.0230751 0.0227653 0.0256339 0.0241239 0.0277614 0.0409587 0.0352536 0.0223972 0.0154329 0.0127585 0.0168953 0.0253736 0.0243447 0.0369554 0.0241332 0.0212223 0.0243769 0.0192976 0.0190349 0.0131288 0.00830198 0.0196872 0.03698 0.0380324 0.0292452 0.0131223 0.00256679 0 
0 0 0.00436687 0.00968082 0.0181869 0.0116448 0.0130538 0.0147214 0.0148318 0.021788 0.0181667 0.00725993 0.00299861 0.0135849 0.0161376 0.018276 0.0215997 0.021769 0.0191141 0.026833 0.0246823 0.0258082 0.0348725 0.0317786 0.0219616 0.0227176 0.0162025 0.0173735 0.0179976 0.022918 0.0205682 0.0344211 0.0323196 0.016388 0.0187327 0.0214028 0.0195402 0.0232638 0.0311118 0.0295301 0.0236562 0.0314322 0.0222466 0.0237607 0.0192071 0.0254708 0.0344166 0.0265413 0.0197245 0.0177362 0.0120088 0.0155817 0.020731 0.0278921 0.025363 0.0173491 0.0187927 0.0240083 0.020259 0.019241 0.018061 0.0133344 0.021355 0.0296576 0.023511 0.021682 0.00814981 0.0010458 0 
0 0 0.00125426 0.011831 0.0172394 0.00996946 0.0165211 0.0189047 0.016453 0.0159336 0.0118004 0.00646823 0.00374311 0.0101387 0.0154322 0.0198627 0.0222236 0.023693 0.0204678 0.0249553 0.0237201 0.0264348 0.024153 0.0258998 0.029149 0.0211441 0.0123154 0.0196726 0.0213571 0.0201837 0.0242235 0.0239566 0.0292069 0.0223893 0.0186408 0.0189544 0.0186529 0.022354 0.0482973 0.0479371 0.0283501 0.0354309 0.021515 0.019521 0.0202002 0.0201706 0.0151541 0.0180294 0.0179574 0.0179781 0.0195587 0.0185402 0.019576 0.0275158 0.0261705 0.0199045 0.0189393 0.0254323 0.023276 0.0104097 0.0125756 0.0179923 0.0177721 0.0182003 0.0195757 0.0130593 0.0035044 0 0 
0 0 0.000168738 0.00467217 0.0104566 0.00989596 0.017057 0.0141906 0.0104887 0.00963793 0.00448537 0.00175269 0.00412142 0.0114682 0.0205801 0.0200555 0.0167171 0.0201062 0.0174113 0.0177093 0.0195159 0.0198353 0.0167359 0.0184654 0.0254502 0.0192263 0.0219431 0.0204928 0.0213006 0.0255169 0.0222273 0.024727 0.0289776 0.0231996 0.0279053 0.0251827 0.0187054 0.0194747 0.0267944 0.0237446 0.0283117 0.0382823 0.0295122 0.0251748 0.0226198 0.0289026 0.0262053 0.0239133 0.0205036 0.016007 0.0201839 0.0147904 0.0175924 0.0219988 0.0277846 0.021599 0.0221996 0.0283053 0.0209462 0.00539812 0.00862472 0.0193131 0.0121551 0.00902663 0.00472971 0.00264265 0.000476439 0 0 
0 0 0 0.000162104 0.00193724 0.00770351 0.0155201 0.0086454 0.00654413 0.00511289 0.00547947 0.00547523 0.00400968 0.0104193 0.0158871 0.0178473 0.0170431 0.021723 0.0244972 0.0246847 0.0240486 0.0267344 0.0256281 0.0211821 0.0230276 0.0242613 0.0268564 0.0232293 0.0230413 0.0256798 0.0192216 0.0265567 0.0236669 0.0224383 0.0326338 0.0243817 0.0205906 0.0227275 0.0256593 0.0264074 0.0300549 0.0385289 0.0264785 0.0235483 0.0198991 0.0319665 0.040158 0.0324476 0.0198982 0.0226629 0.0219679 0.0182315 0.0150558 0.0184691 0.0275211 0.0293151 0.0226861 0.0257254 0.0211414 0.0209354 0.0153557 0.0201136 0.00550897 0.0013856 0.000707666 0.000156331 0 0 0 
0 0 0 0 0.000487722 0.00594135 0.00984761 0.00394132 0.00386154 0.0158939 0.0178569 0.0141445 0.0079448 0.011188 0.0130607 0.0153987 0.0173183 0.0227174 0.0213086 0.0227965 0.027426 0.0267598 0.0279851 0.0293956 0.0284701 0.0263765 0.0271798 0.0249869 0.0259017 0.0263843 0.0147581 0.0264294 0.0235857 0.0222258 0.0263993 0.018458 0.0175668 0.0156558 0.0170571 0.025614 0.0243603 0.0210941 0.0252032 0.0231508 0.0246928 0.0389411 0.0317407 0.0223015 0.0188309 0.024373 0.023362 0.0174625 0.00998305 0.0167529 0.020565 0.0205407 0.0224738 0.0247765 0.0276314 0.0374185 0.0191084 0.016579 0.00192816 0.00127798 0.000513959 0.000326182 0 0 0 
0 0 0 0 0.000465269 0.00445769 0.0141233 0.0209085 0.0105439 0.0175598 0.0215085 0.0208807 0.0143179 0.0214009 0.0202666 0.0213448 0.0237846 0.0182159 0.018436 0.0205353 0.0321023 0.0313332 0.0346237 0.0319224 0.0330518 0.0288792 0.0291653 0.0253816 0.0297198 0.0255737 0.0154434 0.0205114 0.0205641 0.0255662 0.0250296 0.0232668 0.0217317 0.0238585 0.0319287 0.0296713 0.0237532 0.0231025 0.0195584 0.0178122 0.0247585 0.0392419 0.0254975 0.0264706 0.0240141 0.0227181 0.0217472 0.0198819 0.0103722 0.00505746 0.0112541 0.0197111 0.0255139 0.0272875 0.0281428 0.0258338 0.019036 0.0135921 0.0101235 0.00432253 0.00148887 0.00056816 0 0 0 
0 0 0 0 4.86641e-05 0.00382378 0.0138136 0.0226562 0.00906725 0.0162263 0.0208019 0.0202536 0.0251942 0.0268683 0.0230938 0.0251015 0.0206517 0.0213239 0.0183513 0.0207121 0.0246245 0.0342162 0.0765493 0.04545 0.027744 0.0290394 0.0288885 0.0246401 0.0284309 0.0222159 0.0248462 0.0218517 0.0211444 0.0223435 0.0225221 0.0253197 0.0243994 0.0322054 0.0470089 0.0369525 0.0188939 0.0242545 0.0179448 0.0179838 0.0294177 0.0307755 0.0369776 0.0282419 0.0273561 0.0231356 0.0264182 0.0258333 0.0165427 0.00989958 0.0091956 0.0208848 0.0286335 0.0293348 0.0203629 0.021173 0.0228502 0.0152342 0.0206535 0.0109626 0.00258584 0.000119077 0 0 0 
0 0 0 0 0 0.00162635 0.0048141 0.0067438 0.00679755 0.0190604 0.0358557 0.0158272 0.0198587 0.0303209 0.0219201 0.0236861 0.0186982 0.0198488 0.0201076 0.0190681 0.0232114 0.0318876 0.0488594 0.0297265 0.0242378 0.0329834 0.0266983 0.0194804 0.0260727 0.0234288 0.0339868 0.0272574 0.0219852 0.0268246 0.0188574 0.0242849 0.0217249 0.0232849 0.0310523 0.0256894 0.0198453 0.0286049 0.021691 0.0169315 0.0236998 0.030329 0.0403277 0.0301348 0.0262971 0.0180009 0.0195139 0.0283487 0.0258715 0.0200838 0.0215418 0.0285665 0.0279376 0.02012 0.0181178 0.00928979 0.0117718 0.0127403 0.0130315 0.00349407 0.000235121 0 0 0 0 
0 0 0 0 0 0.000104743 0.00211911 0.00494169 0.00527313 0.0096387 0.0140568 0.00945367 0.0202573 0.0215007 0.0237267 0.0246944 0.0213303 0.0180154 0.0212186 0.028555 0.0284193 0.0282622 0.0318631 0.0213456 0.0237208 0.036229 0.0292816 0.0254787 0.0227662 0.0243209 0.0297478 0.0284787 0.025338 0.0237682 0.0176723 0.0181882 0.0195588 0.0241755 0.0241461 0.0228248 0.0221484 0.0326947 0.0308438 0.0223182 0.0265995 0.0262727 0.0247612 0.0230795 0.0241453 0.00960627 0.00778871 0.0116312 0.0202267 0.0245053 0.0282775 0.0273562 0.018027 0.021518 0.0166928 0.00759207 0.00383845 0.00645304 0.00428112 6.50899e-05 0 0 0 0 0 
0 0 0 0 0 0 8.52067e-05 0.00193787 0.00545851 0.00851988 0.00771207 0.0153913 0.0150757 0.0181562 0.0311311 0.0244617 0.0195873 0.0183549 0.0178382 0.0216025 0.0229636 0.0259794 0.024083 0.024147 0.0265792 0.0327531 0.0408273 0.0421596 0.0224805 0.0197674 0.0211813 0.0288459 0.0254375 0.0209664 0.0217363 0.0236334 0.0197007 0.020397 0.0232661 0.0292731 0.0271402 0.02595 0.0242526 0.0160769 0.0165059 0.0138176 0.0137841 0.0181541 0.0197565 0.012666 0.00831133 0.00651816 0.0234328 0.0260608 0.0179361 0.0120999 0.0177099 0.0157555 0.0087993 0.0122764 0.00741421 0.00285775 0.000961978 6.64455e-06 0 0 0 0 0 
0 0 0 0 0 0 0 0.000167273 0.00373298 0.00832187 0.0115355 0.017325 0.00923458 0.0132588 0.0245105 0.0282632 0.0246719 0.0252379 0.0224884 0.0234462 0.0236606 0.0307823 0.0334358 0.0304259 0.0289835 0.0322326 0.0372778 0.0368413 0.024999 0.0221799 0.0239293 0.022946 0.0251695 0.0219882 0.0251079 0.03113 0.0209677 0.0176029 0.0187892 0.0243211 0.035818 0.0188302 0.0159404 0.0122494 0.00961351 0.01221 0.00830979 0.014192 0.0196398 0.0137716 0.0113894 0.009817 0.0200829 0.0205957 0.0122724 0.0102248 0.0214638 0.0120079 0.00742397 0.00963315 0.00498669 0.00129978 0.000343673 0 0 0 0 0 0 
0 0 0 0 0 0 0 0 0.000711547 0.00449755 0.00887305 0.00324781 0.00169556 0.00529395 0.0115919 0.0221108 0.0295903 0.0375147 0.0249652 0.0230264 0.0205749 0.0271535 0.0318818 0.0281738 0.0233358 0.0281721 0.028376 0.0327113 0.028031 0.0238074 0.0220545 0.0256676 0.027701 0.0268239 0.0265272 0.0162137 0.0149473 0.0201627 0.0193447 0.0220969 0.0300503 0.0268064 0.0155247 0.00651701 0.0098341 0.0199812 0.0203203 0.0155369 0.0155749 0.0134365 0.0133505 0.0163484 0.011792 0.0114386 0.00966919 0.00540767 0.0128804 0.00861662 0.00296638 0.0047545 0.00186203 0.000440146 0 0 0 0 0 0 0 
0 0 0 0 0 0 0 0 1.13838e-05 0.00142536 0.00232069 0.000248924 3.00686e-05 0.00236799 0.0150679 0.026309 0.0313241 0.0314901 0.0249136 0.0232215 0.0202506 0.019232 0.0225416 0.0243032 0.0141753 0.0129613 0.0160809 0.0217417 0.0248497 0.0178953 0.0174967 0.0252452 0.0311103 0.0217788 0.0176557 0.0140254 0.0143758 0.0165354 0.0217943 0.0239858 0.0339515 0.0326741 0.0231047 0.0147884 0.0132042 0.0245431 0.0315978 0.0294636 0.0203382 0.0239657 0.0234923 0.0241968 0.0131786 0.018303 0.0172123 0.0131189 0.00896354 0.0100467 0.0042045 0.00190474 0.00017233 0 0 0 0 0 0 0 0 
0 0 0 0 0 0 0 0 0 0 0 0 0.000428626 0.0087787 0.0168647 0.022407 0.021168 0.0211098 0.0246405 0.0280705 0.0251666 0.0199499 0.0180635 0.0168502 0.00647923 0.00237967 0.00423491 0.0168281 0.0270956 0.0257986 0.03071 0.0372608 0.0331511 0.0197257 0.0125408 0.0153149 0.0173138 0.0166066 0.0195205 0.0226808 0.0270158 0.0290867 0.0212781 0.0151685 0.0155428 0.0240259 0.0251922 0.0229093 0.0230812 0.0223258 0.0282196 0.0271362 0.0260804 0.0309091 0.033948 0.0244872 0.0146346 0.00875438 0.00255579 0.000127508 0 0 0 0 0 0 0 0 0 
0 0 0 0 0 0 0 0 0 0 0 0 0.00120404 0.0141707 0.0192996 0.0197794 0.0183746 0.0209488 0.0217962 0.0226411 0.0196382 0.0229537 0.0138756 0.00639903 0.00239239 0.00141146 0.00960873 0.0229414 0.0330922 0.0261877 0.029259 0.0341522 0.0251926 0.0215991 0.018463 0.0223091 0.0218085 0.0154085 0.0150031 0.0234085 0.0266358 0.0187729 0.0134255 0.0105288 0.0122592 0.0195272 0.0255809 0.0240183 0.0204035 0.0168341 0.0185106 0.0263707 0.0442241 0.0439134 0.0353975 0.0250399 0.0105252 0.00557876 0.000264438 0 0 0 0 0 0 0 0 0 0 
0 0 0 0 0 0 0 0 0 0 0 0 0.000229798 0.00950383 0.0202204 0.0153797 0.0216672 0.0229222 0.0171088 0.0152227 0.018089 0.0158706 0.0111071 0.00684017 0.00715779 0.00669073 0.0174486 0.0223202 0.0293086 0.0197286 0.0268435 0.0249227 0.0147109 0.0204677 0.0271189 0.0332583 0.0353041 0.0309787 0.0174595 0.0197325 0.0225029 0.0160038 0.0146527 0.0163347 0.0249826 0.0338864 0.0262931 0.0268849 0.0130146 0.0111493 0.0196354 0.0229288 0.0358452 0.0441842 0.0293939 0.0179596 0.00445925 0.000403608 0 0 0 0 0 0 0 0 0 0 0 
0 0 0 0 0 0 0 0 0 0 0 0 4.11692e-06 0.00135369 0.00335374 0.00391762 0.0134059 0.0214087 0.0219307 0.0151281 0.0146303 0.0138057 0.0150158 0.0198891 0.0151036 0.014734 0.0206833 0.0242139 0.0270937 0.0260897 0.0211871 0.0164882 0.0181466 0.0298995 0.03144 0.0284991 0.0211641 0.0238916 0.019981 0.0160622 0.0208539 0.0202597 0.0194918 0.0342231 0.03959 0.042521 0.0387701 0.0341324 0.0192277 0.0125713 0.0154089 0.0131799 0.0221096 0.025338 0.019447 0.00812889 0.000827787 1.82097e-06 0 0 0 0 0 0 0 0 0 0 0 
0 0 0 0 0 0 0 0 0 0 0 0 0 0 8.20658e-05 0.000801893 0.00776148 0.0170348 0.0313381 0.0245376 0.0218825 0.0162579 0.035268 0.0320051 0.0127103 0.0173324 0.0204212 0.0252004 0.0325629 0.030113 0.019371 0.017724 0.0188414 0.0187314 0.0230643 0.0281156 0.0316792 0.0143128 0.0221988 0.0135181 0.0194951 0.0286006 0.0299737 0.0284891 0.0277553 0.0266397 0.0258906 0.020902 0.0177692 0.0151531 0.0174782 0.0151772 0.00990147 0.0128518 0.0136743 0.00327334 0 0 0 0 0 0 0 0 0 0 0 0 0 
0 0 0 0 0 0 0 0 0 0 0 0 0 0 0 0 0.00329807 0.0064178 0.0160253 0.0201628 0.0235077 0.0140088 0.021741 0.0258756 0.0108361 0.0289561 0.0311647 0.0234756 0.0290071 0.0234639 0.0185821 0.0190561 0.0198359 0.0144486 0.0173062 0.0173702 0.021158 0.0173158 0.0181282 0.0137702 0.0199344 0.0287889 0.0392353 0.0312844 0.0269972 0.0170975 0.0147639 0.0121075 0.0095246 0.0183382 0.0129015 0.00726202 0.00247202 0.00230465 0.00130376 4.60068e-06 0 0 0 0 0 0 0 0 0 0 0 0 0 
0 0 0 0 0 0 0 0 0 0 0 0 0 0 0 0 0 0.000536871 0.00523528 0.00943438 0.0148301 0.0157452 0.0227949 0.0311343 0.0305315 0.0213022 0.0271161 0.0230995 0.0292082 0.0234397 0.0254165 0.0226281 0.01671 0.0150536 0.00821382 0.00940985 0.0186117 0.0161209 0.0118728 0.0141202 0.0220828 0.0260505 0.0393696 0.0326781 0.0178205 0.0100819 0.0128963 0.0113891 0.00457178 0.00595187 0.00460969 0.000921856 0.000129713 0 0 0 0 0 0 0 0 0 0 0 0 0 0 0 0 
0 0 0 0 0 0 0 0 0 0 0 0 0 0 0 0 0 1.29068e-06 0.000110536 0.00192063 0.00696747 0.0130596 0.017678 0.0311038 0.0471557 0.018504 0.00999759 0.0202817 0.0290758 0.0277204 0.0344649 0.033047 0.0221089 0.0228844 0.0197387 0.0253474 0.0364509 0.0298106 0.015829 0.0139588 0.0245748 0.064705 0.0749261 0.037208 0.0120069 0.00267588 0.00455875 0.003471 0.00179784 0.000408586 0.000111935 0 0 0 0 0 0 0 0 0 0 0 0 0 0 0 0 0 0 
0 0 0 0 0 0 0 0 0 0 0 0 0 0 0 0 0 0 0 0 0.000437449 0.00342201 0.00582265 0.0124797 0.0327513 0.0200922 0.0032911 0.00698848 0.0187521 0.0209508 0.0303786 0.0310509 0.0254633 0.0222729 0.0232485 0.0322961 0.0390522 0.0378109 0.0281326 0.019842 0.0274715 0.11683 0.133551 0.0384882 0.00604426 0.000570173 0.000409842 0.00018595 3.29062e-05 0 0 0 0 0 0 0 0 0 0 0 0 0 0 0 0 0 0 0 0 
0 0 0 0 0 0 0 0 0 0 0 0 0 0 0 0 0 0 0 0 0 0 0.000112417 0.000661616 0.00355807 0.00301777 0.00082761 0.00464978 0.0113545 0.0119159 0.0192122 0.0184925 0.0201007 0.0161939 0.0163055 0.0203893 0.0166833 0.0210316 0.020548 0.0140435 0.0211009 0.0462568 0.0663428 0.0156512 0.00211326 0 0 0 0 0 0 0 0 0 0 0 0 0 0 0 0 0 0 0 0 0 0 0 0 
0 0 0 0 0 0 0 0 0 0 0 0 0 0 0 0 0 0 0 0 0 0 0 0 0 0 0.000136676 0.000204379 0.000405166 0.000726405 0.00168522 0.00192884 0.00169519 0.00240384 0.00235297 0.00104109 0.00158458 0.0042663 0.00715835 0.00830182 0.00539855 0.00464329 0.00567138 0.00114747 6.84479e-05 0 0 0 0 0 0 0 0 0 0 0 0 0 0 0 0 0 0 0 0 0 0 0 0 

