0 0 0 0 0 0 0 0 0 0 0 0 0 0 0 0 0 0 0 0 0 0 0 0 0 0 0 0 0 0 0 0 0 0 0 0 0 0 0 0 0 0 0 0 0 0 0 0 0 0 0 0 0 0 0 0 0 0 0 0 0 0 0 0 0 0 0 0 0 
0 0 0 0 0 0 0 0 0 0 0 0 0 0 0 0 0 0 0 0 0 0 0 0 0 0 0 0 0 0 0 0 0 0 0 0 0 0 0 0 0 0 0 0 0 0 0 0 0 0 0 0 0 0 0 0 0 0 0 0 0 0 0 0 0 0 0 0 0 
0 0 0 0 0 0 0 0 0 0 0 0 0 0 0 0 0 0 0 0 0 0 0 0 0 0 0 0 0 0 1.8796e-06 9.08083e-05 0 5.88015e-07 0.000410713 0.000623987 0.000241948 0.00040197 0.000327098 0 0 0 0 0 0 0 0 0 0 0 0 0 0 0 0 0 0 0 0 0 0 0 0 0 0 0 0 0 0 
0 0 0 0 0 0 0 0 0 0 0 0 0 0 0 0 0 0 0 0 0 0 0 0 0 0 0 0 0 6.93599e-05 0.000267323 0.00211751 0.00121479 0.000658492 0.0032124 0.00439908 0.00128288 0.00151744 0.00164862 0 0 0 0 0 0 0 0 0 0 0 0 0 0 0 0 0 0 0 0 0 0 0 0 0 0 0 0 0 0 
0 0 0 0 0 0 0 0 0 0 0 0 0 0 0 0 0 0 0 0 0 0 0 0 0 0 0 0 4.8599e-05 0.00166594 0.00226891 0.00594647 0.0075226 0.00570994 0.00186188 0.00325224 0.00435509 0.00194728 0 0 0 0 0 0 0 0 0 0 0 0 0 0 0 0 0 0 0 0 0 0 0 0 0 0 0 0 0 0 0 
0 0 0 0 0 0 0 0 0 0 0 0 0 0 0 0 0 0 0 0 0 0 0 0 0 0 0 0 0.000834799 0.00664207 0.00706699 0.00712821 0.00876183 0.00879174 0.00246948 0.000368637 0.00140685 0.000434116 0 0 0 0 0 0 0 0 0 0 0 0 0 0 0 0 0 0 0 0 0 0 0 0 0 0 0 0 0 0 0 
0 0 0 0 0 0 0 0 0 0 0 0 0 0 0 0 0 0 0 0 0 0 0 0 0 0 4.68997e-05 0.00142646 0.00498577 0.00438197 0.00174163 0.000564012 0.00508337 0.0120054 0.00545158 0.00289846 0.00101773 0.000661066 0.000616384 6.32967e-05 0 0 0.000119347 6.35221e-05 0 0.000151504 0.000350585 0.000134535 0.0001445 0 0 0 0 0 0 0 0 0 0 0 0 0 0 0 0 0 0 0 0 
0 0 0 0 0 0 0 0 0 0 0 0 0 0 0 0 0 0 0 0 0 0 0 0 0 4.76854e-05 0.00232167 0.00547084 0.00913792 0.00169352 0.000827834 0.00498398 0.00354342 0.0113198 0.00958482 0.00544261 0.00288074 0.00515132 0.0058103 0.00252269 0.000299248 0.000822246 0.00176615 0.00354667 0.00173563 0.000853011 0.000811205 0.000893835 0.000356149 0 0 0 0 0 0 0 0 0 0 0 0 0 0 0 0 0 0 0 0 
0 0 0 0 0 0 0 0 0 0 0 0 0 0 0 0 0 0 0 0 0 0 0 0 0 0.000198145 0.00402511 0.00471478 0.00253753 0.00146849 0.00356876 0.0034278 0.00607681 0.00828792 0.00396002 0.00197031 0.00230666 0.0035076 0.00680923 0.00476066 0.00300152 0.00227948 0.00176179 0.00251885 0.00141815 0.00172536 0.0016931 0.00227029 0.000670288 1.75398e-06 9.54075e-06 0.000176722 0.000678125 3.99618e-05 0 0 0 0 0 0 0 0 0 0 0 0 0 0 0 
0 0 0 0 0 0 0 0 0 0 0 0.000253761 0.00183715 0.000550417 0 0 0 0 0 0 0 0 0 0 0.000224837 0.00148974 0.00608154 0.00340014 0.00125204 0.00498848 0.00396428 0.00291366 0.00380053 0.00682787 0.00501287 0.00621312 0.00343341 0.000985271 0.00563003 0.00674258 0.00501836 0.0022771 0.00261638 0.00230416 0.00121658 0.000338165 0.000411919 0.00732871 0.00496478 0.00390186 0.00213792 0.0019915 0.00159311 0.000388667 0 0 0 0 0 0 0 0 0 0 0 0 0 0 0 
0 0 0 0 0 0 0 0 0 0 0.000285669 0.001334 0.00217527 0.000387969 0 0 0 0 0 0 0 0 0 8.0127e-05 0.00127778 0.00274829 0.003909 0.00255521 0.00493557 0.00756754 0.00488966 0.00684725 0.00801977 0.0129176 0.016297 0.0150995 0.00475546 0.00655111 0.00633915 0.00356844 0.00228625 0.000926345 0.000611669 0.00301413 0.00215781 0.00208135 0.0010846 0.00522346 0.00297423 0.00502517 0.00333893 0.0015534 0.000561955 0.000205364 3.07063e-05 0 0 0 0 0 0 0 0 0 0 0 0 0 0 
0 0 0 0 0 0 0 0 0 0.000221612 0.00231454 0.00149236 0 0 0 0 0 0 0 0 0 0 0.00062985 0.000813631 0.00382698 0.00392332 0.00321148 0.00204091 0.00603786 0.0116138 0.0153194 0.0125817 0.015491 0.0205734 0.0221907 0.0139707 0.00578813 0.00879147 0.0016143 0.000657223 0.000913826 0.00233266 0.00492179 0.00275501 0.00155743 0.00131105 0.00229201 0.00218752 0.00195699 0.00153729 0.00369142 0.00207684 0 0.000504956 9.74901e-05 0 0 0 0 0 0 0 0 0 0 0 0 0 0 
0 0 0 0 0 0 0 0 6.08586e-05 0.00100266 0.00136997 0.000188228 0.00146073 0.00143823 5.76806e-05 0 0 0 0 0 0.000300848 0.00180099 0.00389835 0.00444401 0.00299145 0.00262804 0.000560946 0.00245109 0.0140549 0.0251469 0.0234616 0.0111895 0.0122189 0.0206638 0.0175156 0.00784246 0.00378296 0.00235308 0.000607091 0.00075401 0.00321545 0.00465052 0.00395438 0.00494056 0.00482496 0.00390314 0.00489449 0.000827077 0.00114916 0.00133826 0.00264186 0.00173219 0 0.000273221 0.000771122 0.000306277 6.1252e-06 0 0 0 0 0 0 0 0 0 0 0 0 
0 0 0 0 0 0 0 1.45715e-05 0.000795092 0.00122677 0.00324577 0.00436034 0.00639601 0.007536 0.00111974 0 0 0 0 2.39307e-06 0.000892371 0.00398494 0.00458434 0.00498978 0.00489415 0.00241632 0.00139798 0.00303809 0.012773 0.0232836 0.0221613 0.0142849 0.0185038 0.0162901 0.0112345 0.00336919 0.000952222 0.00116782 0.00306493 0.00317096 0.00771311 0.00503594 0.00757078 0.0115277 0.00828993 0.00406507 0.00353505 0.00291134 0.00389598 0.00281308 0.00381476 0.00250147 0.000431523 7.11578e-05 0.000570811 0.00101922 0.000118729 9.60415e-05 0 0 0 0 0 0 0 0 0 0 0 
0 0 0 0 0 0 0 0.000594518 0.00112517 0.00266446 0.00982594 0.00956071 0.00904228 0.0085462 0.00522556 0.000992074 0.000680223 0.000871452 2.8416e-05 0.00106883 0.00310459 0.00809297 0.0100588 0.00946127 0.00847173 0.0018754 0.00174996 0.00407669 0.0138796 0.0204132 0.0201377 0.0131396 0.00945561 0.00495331 0.00496554 0.00639915 0.0072568 0.00607921 0.00922391 0.00946111 0.00472343 0.00548099 0.012657 0.016215 0.0142349 0.00584153 0.00602041 0.00398763 0.0038526 0.00631777 0.00619048 0.00582555 0.00459748 0.00271382 0.00120598 0.00128173 0.00253495 0.000489419 2.65015e-05 0 0 0 0 0 0 0 0 0 0 
0 0 0 0 0 0 4.60168e-05 0.00196557 0.00282855 0.00708584 0.00979473 0.00924425 0.0103183 0.0126922 0.0120594 0.00620002 0.00489731 0.00301612 2.94338e-05 0.00185557 0.0066292 0.0145801 0.0121868 0.0116516 0.0053258 0.00128598 0.00441169 0.0118507 0.0165601 0.0106736 0.0090622 0.00527187 0.00572748 0.00899037 0.0156343 0.0126986 0.00954056 0.0123709 0.00622081 0.0029224 0.00415247 0.00718523 0.0139535 0.0129009 0.0184395 0.016739 0.0140338 0.0161912 0.00239905 0.00182109 0.00317881 0.00253449 0.00461646 0.00487783 0.00500626 0.0043439 0.00292523 0.00228791 0.0011802 4.61379e-06 0 0 0 0 0 0 0 0 0 
0 0 0 0 0 0 0.000567151 0.00571714 0.00470877 0.0109196 0.00757536 0.0071783 0.00488475 0.0125348 0.0136815 0.0171958 0.0105403 0.00391578 0.000988931 0.00104757 0.00618921 0.0102327 0.0107541 0.00740339 0.00533574 0.00162293 0.00428348 0.0121754 0.00989723 0.0037454 0.0105217 0.00735055 0.0140344 0.0206313 0.01866 0.014807 0.0148264 0.0167563 0.0120454 0.0092681 0.012012 0.0211102 0.0281556 0.0269499 0.0179731 0.0273149 0.0226274 0.0208048 0.00956827 0.0032644 0.00334263 0.00405137 0.00227275 0.00200969 0.00321776 0.00694227 0.00647776 0.00243661 0.00311536 0.000102972 0 0 0 0 0 0 0 0 0 
0 0 0 0 0 5.05149e-05 0.00187266 0.00272839 0.00659653 0.0140819 0.0110726 0.0113582 0.00755686 0.0073936 0.0132377 0.01814 0.00928109 0.00484581 0.00242575 0.00286678 0.00772647 0.00875605 0.0103646 0.00518832 0.00110724 0.000398163 0.00236404 0.010183 0.010283 0.00613603 0.00889135 0.00753082 0.0181627 0.0249414 0.0154347 0.0138297 0.017191 0.0173655 0.0230125 0.0293002 0.0328696 0.0250572 0.0231161 0.0169718 0.0245735 0.0157722 0.0124421 0.0111648 0.00904302 0.00491615 0.00397079 0.00367891 0.00309673 0.00244022 0.0018484 0.00477631 0.00716298 0.00607242 0.0065094 0.00207283 0 0 0 0 0 0 0 0 0 
0 0 0 0 0.000260095 0.00383354 0.0044519 0.00440726 0.00619639 0.0144536 0.0142745 0.00849688 0.0126851 0.0100652 0.0129014 0.0126437 0.0116851 0.00699199 0.00183213 0.00290676 0.00321538 0.00351847 0.00669963 0.00617617 0.00266458 0.00147828 0.00292253 0.0121498 0.0103536 0.00984888 0.00822575 0.00848355 0.0210605 0.0178647 0.0136221 0.0271989 0.0385993 0.0332539 0.0334047 0.0284232 0.0280567 0.0189844 0.00957759 0.0122673 0.0138381 0.00537733 0.00341268 0.00283274 0.00789901 0.00448089 0.00453994 0.00539344 0.00234269 0.00564253 0.00490423 0.00421475 0.00768173 0.00852516 0.00487121 0.00263873 9.5693e-05 0 0 0 0 0 0 0 0 
0 0 0 0 0.00155084 0.00887595 0.00510079 0.00258788 0.00509077 0.00983573 0.0093672 0.010209 0.0102485 0.0100651 0.00483231 0.00552797 0.0074869 0.00332946 0.00132592 0.00163101 0.00313892 0.0037405 0.006403 0.00885323 0.0052782 0.00192494 0.00308835 0.0131659 0.00558933 0.000733876 0.00107425 0.0114384 0.0187034 0.00909574 0.00732189 0.02226 0.0406508 0.0390938 0.036339 0.0241475 0.0151837 0.00773655 0.00486572 0.00695872 0.00520006 0.00318143 0.0035419 0.00651555 0.0050162 0.00315376 0.00244197 0.00261002 0.00124062 0.00918349 0.0116233 0.00680811 0.00964397 0.0147374 0.00613685 0.00302296 0.000553688 4.16906e-05 0 0 0 0 0 0 0 
0 0 0 0 0.00219434 0.00982328 0.00930173 0.00208773 0.0042032 0.0120057 0.00787237 0.00633371 0.00768648 0.00328929 0.000749479 0.000325284 0.000811758 0.00273719 0.0017699 0.00186606 0.00310023 0.00397559 0.00553256 0.00907966 0.00512757 0.00291155 0.00602334 0.0067299 0.00246612 0.00071384 0.00398861 0.00966272 0.0130413 0.00579813 0.00725171 0.00611729 0.0129097 0.0169508 0.014621 0.007661 0.00867355 0.00522313 0.00315111 0.00551264 0.0029631 0.00140536 0.0025494 0.00393294 0.00221165 0.00201035 0.00432348 0.00338544 0.00633658 0.0141079 0.0144978 0.0103931 0.0140143 0.0144547 0.010067 0.00517899 0.000657785 0.000552825 3.27205e-05 0 0 0 0 0 0 
0 0 0 0 0.000761622 0.00394728 0.00360133 0.000348126 0.00261325 0.00888438 0.00723048 0.00964579 0.00760925 0.00623158 0.00255017 8.36701e-05 0.00070182 0.00185436 0.0014159 0.00411734 0.00734692 0.0082726 0.0103211 0.00924811 0.00443678 0.00966578 0.0129815 0.00479576 0.00141947 0.00813694 0.0116437 0.0167969 0.0091186 0.00795848 0.0083545 0.00538053 0.00611816 0.00864283 0.00737994 0.00800079 0.00752177 0.00752222 0.00553388 0.00386401 0.00367961 0.00298975 0.00205369 0.00288468 0.0021206 0.000455176 0.00147993 0.00211865 0.00918526 0.0130677 0.00835633 0.0131615 0.0154811 0.0109116 0.00341582 0.00144339 0.000261945 0.000564775 0.000391397 0 0 0 0 0 0 
0 0 0 0 0.00047236 0.00257624 0.00265078 0.00216826 0.000236884 0.00277349 0.00234708 0.00650909 0.0105965 0.0109615 0.00939151 0.0052412 0.00242658 0.00250366 0.00204744 0.0106794 0.0184411 0.0131725 0.0147988 0.0168152 0.013811 0.0105419 0.00643288 0.00365413 0.00485445 0.00950957 0.0125999 0.0107939 0.00819777 0.00768599 0.0122438 0.0103227 0.00465552 0.00600061 0.00681194 0.00730912 0.00456312 0.0102104 0.0103698 0.00548402 0.00469924 0.00876476 0.00537435 0.00556294 0.00524634 0.00131816 0.00174123 0.00101666 0.00485107 0.00791467 0.00265737 0.00969507 0.0185928 0.00862697 0.00109606 0.000558312 0.000426498 0 0 0 0 0 0 0 0 
0 0 0 0 0.000463679 0.00180477 0.00176428 0.00119449 0.000165022 0.00162915 0.00431089 0.00664773 0.00705396 0.00824529 0.012628 0.0132318 0.0114147 0.00593966 0.00531978 0.0106547 0.0198681 0.0189372 0.0218493 0.0234295 0.0170251 0.00924906 0.00395895 0.0118157 0.0106419 0.00918923 0.00792117 0.00700779 0.0119032 0.0166394 0.0219565 0.0152512 0.0085662 0.00645794 0.00769517 0.00865056 0.00343303 0.00721905 0.00844159 0.00773388 0.00733573 0.00960069 0.00560057 0.00377016 0.00582533 0.00111368 0.0005616 4.533e-05 0.00154173 0.00599188 0.003491 0.0113628 0.0172606 0.00280132 0.00441773 0.00177609 5.98786e-05 0 1.37766e-05 1.62351e-05 0 0 0 0 0 
0 0 0 0 0 0 0 0 0.000348609 0.000498144 0.00193314 0.00500245 0.00783923 0.00852249 0.0100061 0.0173845 0.0254435 0.0216184 0.0128015 0.0180653 0.0167067 0.0194077 0.0202568 0.02784 0.016695 0.00810874 0.00483641 0.0135244 0.0084166 0.00697532 0.00502109 0.0120544 0.0187622 0.0205653 0.0252197 0.0191897 0.0146712 0.015263 0.0127866 0.0121079 0.013897 0.0104386 0.00385927 0.00200089 0.00139022 0.00245498 0.00449002 0.00606564 0.00764799 0.00329039 0 0 0.000389485 0.00329387 0.00483032 0.017297 0.0191713 0.0046764 0.00237728 0.00082313 0.00131137 0.00493337 0.0081146 0.00721806 0.00176477 8.52138e-05 0 0 0 
0 0 0 0 0 0 0 0 0.000440599 0.000333691 0 0.000828554 0.00238224 0.00830481 0.0105218 0.0188244 0.0317007 0.0345819 0.029091 0.0190127 0.0172069 0.0168265 0.0154563 0.0171753 0.0137455 0.0100733 0.00587185 0.0135486 0.0113861 0.0102633 0.0071318 0.0200505 0.0277144 0.0202581 0.0184801 0.0226605 0.0173352 0.0253818 0.0242485 0.0197599 0.0162491 0.0150757 0.0093163 0.00848221 0.00528056 0.000825255 0.00530069 0.00732395 0.00972962 0.00509699 0.000165072 0 0 0.000496685 0.00376625 0.0145978 0.0219646 0.0178436 0.00877652 0.00459719 0.0128367 0.017412 0.0166903 0.0183646 0.00958229 0.00112545 0 0 0 
0 0 0 0 0 0 0 0 0.000437809 0.00101477 5.45825e-05 0 0.000624525 0.00747502 0.0136939 0.0174358 0.0147021 0.0229677 0.0259814 0.0117648 0.0155073 0.0174036 0.0150972 0.0122872 0.0183723 0.0145431 0.00251944 0.0118294 0.0160033 0.0117942 0.0100967 0.0257205 0.0240133 0.0187772 0.0246664 0.0259709 0.0282591 0.0343222 0.0367021 0.0314082 0.0264032 0.0204645 0.016751 0.0112894 0.00997196 0.00599867 0.0125893 0.0111192 0.00611635 0.00823359 0.000912726 0.000140288 0.0019388 0.00333182 0.0020854 0.00386245 0.00953277 0.0170688 0.0158249 0.0113405 0.0164519 0.0142646 0.016994 0.017585 0.0128327 0.00172818 0 0 0 
0 0 0 0 0 0 0 0 0 0.000112254 9.81084e-06 0 0 0.00177859 0.00975085 0.0176308 0.0152876 0.0223064 0.0209116 0.0101619 0.0135 0.0120082 0.0135745 0.012912 0.0163903 0.00996114 0.00102014 0.00637937 0.007822 0.0136174 0.021025 0.0269332 0.030205 0.0262199 0.0332156 0.0275549 0.0260651 0.0312417 0.0298828 0.0346138 0.0348263 0.0261629 0.0216487 0.0184687 0.0170252 0.0125331 0.00879041 0.00897392 0.00973625 0.014058 0.00303535 0.00253447 0.0065852 0.00970576 0.00654818 0.00159882 0.0027649 0.00550339 0.00625907 0.00513734 0.00627149 0.00892638 0.0102468 0.00910481 0.00792439 0.00192346 0 0 0 
0 0 0 0 0 0 0 0 0.000266703 0.00054024 0 0 0 0.00113999 0.00597322 0.0153227 0.0128792 0.0203813 0.0206581 0.00944745 0.0112373 0.0152451 0.0136143 0.015607 0.00603313 0.00209305 0.00214884 0.00444728 0.00763441 0.0179025 0.0262069 0.0305999 0.0325247 0.0224181 0.0289435 0.0443845 0.05089 0.0651458 0.0486026 0.0296318 0.0253784 0.0327481 0.0284561 0.023365 0.0179021 0.0131719 0.0102071 0.00771047 0.00743603 0.00941202 0.00920107 0.00918248 0.00661338 0.00763238 0.00962576 0.00656085 0.00183007 0.00127736 0.00722941 0.00675216 0.00146188 0.00110819 0.0047804 0.00683333 0.00435288 0.000649592 0 0 0 
0 0 0 0 0 0 0 0.000140864 0.00157217 0.001084 0 0 0.00138437 0.00400226 0.0079726 0.0134084 0.0160345 0.0225862 0.0235634 0.00974935 0.0109065 0.0223297 0.0164428 0.0107237 0.00315695 0.000967587 0.00362312 0.00509219 0.00958116 0.0180683 0.0215924 0.0187329 0.0240179 0.0216056 0.039028 0.0553342 0.0520746 0.0787662 0.0519902 0.0340988 0.0313771 0.0269702 0.0212362 0.0239905 0.0199399 0.0145948 0.0132482 0.0105076 0.00853782 0.00771725 0.0089168 0.0122633 0.0120337 0.0113624 0.0106411 0.0100019 0.0054391 0.00218623 0.00399466 0.0101553 0.00369726 1.32502e-05 0.000652976 0.00243004 0.000734669 0 0 0 0 
0 0 0 0 0 0 0 0.000158167 0.00511162 0.00478552 0 0.000221746 0.00522919 0.0107198 0.0120996 0.0158194 0.0156831 0.0193969 0.0152471 0.00743215 0.00638053 0.0101116 0.017501 0.0128545 0.00382866 0.00483504 0.00632058 0.00763079 0.013973 0.0173936 0.0175777 0.0125413 0.0208377 0.0442468 0.0604207 0.0499261 0.0554156 0.0766305 0.0442439 0.028345 0.0214511 0.0286558 0.0279237 0.0224813 0.0290426 0.0256514 0.0171276 0.0175552 0.0148811 0.0123353 0.0128494 0.011503 0.0125082 0.0104715 0.0118414 0.0112149 0.00953633 0.00584851 0.00158359 0.00495709 0.00330105 2.69733e-05 2.77645e-05 6.84502e-05 0 0 0 0 0 
0 0 0 0 0 0 0 0.00060566 0.0037716 0.000939151 0 0.00248044 0.0120721 0.0195918 0.0132579 0.0161163 0.0151611 0.0176801 0.0203676 0.0139559 0.00874522 0.0139942 0.0229282 0.0206241 0.00478515 0.00577559 0.00879252 0.0106912 0.0164302 0.02741 0.0233782 0.0251337 0.0372368 0.0558715 0.0510272 0.048756 0.0557796 0.0344559 0.0225543 0.0231203 0.0182709 0.0266842 0.0346264 0.028625 0.0250603 0.0267947 0.0157998 0.0156917 0.0202156 0.017022 0.0176264 0.0175733 0.0125088 0.0110093 0.0165 0.0129567 0.00822009 0.00514662 0.00478037 0.00273683 0.00390075 0.00218783 0.000119679 0 0 0 0 0 0 
0 0 0 0 0 0 0 0.00167713 0.00163903 0 0 0.00366604 0.0247119 0.0306875 0.0194827 0.0259579 0.029649 0.0289688 0.0268261 0.0193331 0.0162709 0.0193931 0.0151986 0.016249 0.00959626 0.00496804 0.00822114 0.0100944 0.0182792 0.0258049 0.0270386 0.0378409 0.0389631 0.0441629 0.0682783 0.0651283 0.030248 0.0182885 0.0276231 0.0221685 0.0142859 0.0258809 0.0411161 0.0247009 0.0247461 0.0261954 0.0227562 0.0138078 0.0140442 0.0132387 0.0118724 0.0230759 0.015689 0.00763481 0.0166774 0.0137302 0.00996006 0.00616213 0.0101137 0.00641728 0.00121089 0.0032378 0.00168793 8.87184e-05 7.67478e-06 0 0 0 0 
0 0 0 0 0 0 0 0.000826831 0.000916478 0 0 0.00521177 0.0286601 0.036587 0.0375823 0.0394353 0.0382191 0.0254181 0.0293377 0.0239361 0.0199668 0.0224303 0.0251702 0.0174943 0.0119287 0.00460426 0.0111088 0.00829085 0.0149278 0.0302332 0.0276445 0.0324484 0.0321182 0.0524375 0.0641113 0.0595928 0.0286879 0.00845354 0.0219913 0.0213995 0.0125339 0.0142147 0.0232028 0.0160013 0.0242778 0.0311973 0.0324654 0.0203704 0.0118172 0.0138743 0.0116897 0.0204967 0.0227531 0.0205953 0.0262735 0.016097 0.0134102 0.0123031 0.0123716 0.00861503 0.00430224 0.00076288 0.00305195 0.00524223 0.000540466 1.24072e-05 0 0 0 
0 0 0 0 0 0 0 0.000110053 0.000630288 0.000100982 0 0.00223307 0.0127542 0.0347961 0.0378942 0.0320746 0.0299908 0.0215397 0.0191279 0.027963 0.0183258 0.0216111 0.0297332 0.0164677 0.00773604 0.00905861 0.0140913 0.0140542 0.0103027 0.0228421 0.029731 0.0368666 0.0360254 0.0467539 0.0376403 0.0378109 0.0178941 0.00802787 0.0233663 0.0144587 0.0117294 0.0152999 0.0223509 0.029476 0.0279626 0.0283154 0.0329558 0.019971 0.0199629 0.021431 0.0115556 0.015349 0.0172644 0.0216485 0.0228703 0.0167269 0.0165693 0.0145569 0.0163501 0.0105847 0.00958453 0.00185921 0.00105498 0.00646107 0.00216317 8.93827e-05 0 0 0 
0 0 0 0 0 0 0 0.00043119 0.00194552 0.000144342 0 0.000381746 0.00341838 0.0175172 0.0258709 0.027929 0.0202422 0.0168319 0.0178764 0.0217663 0.0199227 0.0174941 0.023078 0.0198 0.0108092 0.00566754 0.0114545 0.0226539 0.0214266 0.0138638 0.021403 0.0255962 0.0343413 0.0335481 0.0220085 0.00977792 0.0102908 0.0203078 0.025389 0.0163774 0.022996 0.0287639 0.0260014 0.0315865 0.0259932 0.0210335 0.015249 0.0127328 0.0209467 0.01664 0.0109232 0.0156654 0.0107044 0.0119777 0.0114911 0.0120449 0.0162768 0.012567 0.017567 0.0140633 0.0139452 0.00503904 4.86866e-05 0.00290482 0.002771 4.6704e-05 0 0 0 
0 0 0 0 0 0 0 0 0.00105033 0.000928493 0 0.000371855 0.000343736 0.00476625 0.0224492 0.0273773 0.0205398 0.0265786 0.0258793 0.0218893 0.0199157 0.0183203 0.0203613 0.0208618 0.0200503 0.0167753 0.0157359 0.0166963 0.0240474 0.0153873 0.00868056 0.0106259 0.0105145 0.0116844 0.00911201 0.0121397 0.0203942 0.0254612 0.0206234 0.023758 0.0290225 0.0211679 0.0280603 0.028827 0.0222547 0.0189492 0.0118309 0.0103041 0.0176723 0.0112989 0.00450044 0.0143585 0.0181099 0.00879762 0.0123113 0.014622 0.0145521 0.0200118 0.0177669 0.0122338 0.0107539 0.0044953 0.0001927 0.00101607 0.00228878 3.1929e-05 0 0 0 
0 0 0 0 0 0 0 0 7.56225e-05 0.000440696 0.000287656 0.00173597 0.000847512 0.0100531 0.0244459 0.0208495 0.0217969 0.0353938 0.0325621 0.0246964 0.021718 0.0163484 0.0213328 0.0212574 0.0110302 0.0101993 0.00569148 0.007605 0.00996221 0.0141226 0.00643918 0.00328396 0.0046876 0.00772551 0.0176222 0.0253988 0.0241793 0.0191365 0.0265601 0.0211999 0.0130804 0.0157992 0.0212735 0.0180989 0.0174224 0.0261087 0.0223706 0.0177911 0.0192816 0.0130525 0.00756017 0.00967987 0.0182256 0.00983589 0.0133653 0.0184591 0.0224629 0.0202111 0.0126366 0.0158207 0.0134034 0.00267965 0.000107116 4.47123e-05 0.000115017 0 0 0 0 
0 0 0 0 0 0 0 0 0 0.000122668 0.000141533 0.0001576 0.00162221 0.0137648 0.0186989 0.0227365 0.0300744 0.0324524 0.0260514 0.0241917 0.0262191 0.0175221 0.0301577 0.0245225 0.00959492 0.00798838 0.0096146 0.0098037 0.0101314 0.00628701 0.00823535 0.011084 0.0159823 0.0205188 0.0311669 0.0297859 0.0319403 0.0273937 0.022472 0.014929 0.00819751 0.00994622 0.013045 0.00969039 0.00646472 0.0142864 0.0173196 0.0141588 0.0137787 0.0133879 0.0160903 0.0189318 0.0241241 0.0205819 0.0214299 0.0234989 0.0218122 0.0215624 0.0158601 0.0137741 0.0149178 0.0103559 0.00102023 0 0 0 0 0 0 
0 0 0 0 0 0 0 0 0 0 0 0 0.00267196 0.0111572 0.0208992 0.0191298 0.0247784 0.027431 0.0204651 0.0209196 0.0243967 0.0232218 0.0374043 0.0312636 0.0148271 0.0154945 0.0179044 0.0209863 0.0243458 0.0177661 0.0239586 0.0209713 0.0313761 0.0298941 0.0281999 0.0261029 0.0287123 0.0194462 0.0165956 0.018259 0.0114967 0.0112149 0.0105724 0.00356262 0.00203367 0.010399 0.0146819 0.0116385 0.0168526 0.0189293 0.0226567 0.021011 0.0196908 0.0188637 0.0248854 0.021816 0.0193955 0.0173803 0.0259208 0.0221283 0.0165779 0.0101229 0.00156898 0 0 0 0 0 0 
0 0 0 0 0 0 0 9.12982e-05 0.000322297 8.0573e-06 0 0.0013781 0.000793186 0.00409303 0.016345 0.0211014 0.0236809 0.0250203 0.0179253 0.0217583 0.0251421 0.0248638 0.0366766 0.032393 0.0193921 0.0148887 0.0134045 0.0184306 0.0232436 0.0195235 0.0182685 0.0180217 0.0206269 0.016491 0.0204475 0.0186631 0.0185079 0.0150602 0.01119 0.01094 0.0113224 0.0123262 0.00985977 0.00296504 0.00485206 0.00841652 0.0113444 0.0107761 0.0134922 0.0123614 0.0120267 0.0185735 0.0091801 0.0094599 0.0168655 0.018509 0.0166818 0.01952 0.0255154 0.0251676 0.0191848 0.00735642 0.00160965 0 0 0 0 0 0 
0 0 0 0 0 0 0 0.000706465 0.00322887 0.000680147 0 0.000383563 0.000579489 0.000388797 0.00328589 0.012995 0.0180033 0.0257963 0.0249603 0.03631 0.0310791 0.020597 0.0310212 0.0374098 0.0285329 0.0230542 0.0120345 0.0218708 0.0173834 0.012461 0.00666579 0.00726129 0.0139507 0.00995194 0.00924175 0.0100256 0.0132203 0.0133488 0.00457707 0.00837539 0.00836441 0.00685989 0.00754716 0.00456113 0.00819181 0.00134731 0.00102244 0.00181383 0.00402425 0.00424154 0.0129821 0.012851 0.00183825 0.00399848 0.0158382 0.0133805 0.0257917 0.0230918 0.0231205 0.032893 0.0251864 0.00824553 0.00100521 0 0 0 0 0 0 
0 0 0 0 0 0 0 5.4637e-05 0.00457 0.00373631 1.05733e-06 0 0.000338468 0.000838029 0.00283128 0.0021278 0.00379337 0.013719 0.027302 0.0357974 0.0359693 0.0256682 0.0229658 0.0318611 0.0391779 0.0308671 0.0137801 0.0145307 0.0244889 0.0144714 0.000992263 0.00071085 0.00557726 0.00590736 0.00570462 0.00651824 0.0117329 0.0127324 0.0114761 0.0138364 0.00869416 0.0066892 0.00491034 0.00953102 0.00632093 0.000177951 0 0 0.00081365 0.00222793 0.00574577 0.00580311 0.00265287 0.00304148 0.0130594 0.0163641 0.0191509 0.0114965 0.0114465 0.0294527 0.0219352 0.00529012 0.000527755 0 0 0 0 0 0 
0 0 0 0 0 0 0 0 0.000555313 0.00234511 0.000259138 0 0 0.00030947 0.000710771 0.000893762 0.00201899 0.00534658 0.0115286 0.0254018 0.0290432 0.0253789 0.0182181 0.0326202 0.0301682 0.01772 0.0152064 0.0185193 0.0247948 0.0104764 0.000240307 0.000490556 0.00129322 0.0027528 0.00925318 0.0127204 0.0130629 0.0117089 0.00993902 0.00966745 0.00701103 0.00371861 0.00469177 0.0167016 0.00304046 0.00033464 0 0 0 0 0.000320964 0.00400463 0.00654162 0.00783271 0.0107875 0.016115 0.0226369 0.0149012 0.0121805 0.0154949 0.00866229 0.00222595 0.000425137 0 0 0 0 0 0 
0 0 0 0 0 0 0 0 0 0.000807073 0.00336958 0.00288904 0.000823543 1.52063e-05 0.00134974 0.000188467 0.00120689 0.00339162 0.00532249 0.0128736 0.0166209 0.0251049 0.0252995 0.0259252 0.0208521 0.021855 0.0246898 0.0215284 0.0150985 0.00282109 2.90917e-06 0.00367888 0.0105577 0.00927058 0.0119736 0.01481 0.0131383 0.00793768 0.0079679 0.00847255 0.00403652 0.00296793 0.005494 0.0132447 0.00234917 0.000641751 0 0 0 0.000254655 0.000163163 0.00229129 0.00856655 0.0126513 0.0144778 0.0132524 0.0231388 0.0213165 0.0168125 0.00939807 0.00287085 0.000161082 0 0 0 0 0 0 0 
0 0 0 0 0 0 0 0 0 0.000965928 0.00289189 0.00682774 0.00485005 0.00168637 0.000778612 0.000149674 0.000158207 0.00181191 0.00278788 0.00225674 0.00745651 0.0192041 0.01739 0.0163514 0.0144761 0.0199932 0.0247465 0.0146388 0.0082348 0.000670202 0.000186805 0.00630218 0.0171379 0.00907773 0.0108638 0.00863423 0.0125863 0.00968631 0.00563745 0.00218753 0.00248281 0.00313324 0.00808142 0.0140732 0.00316142 0.0019008 0 4.49409e-05 0.000695896 0.00256784 0.00139206 0.00456401 0.00920416 0.0163163 0.0209457 0.0107749 0.0119617 0.010664 0.00449802 0.00234292 0.000880863 8.27461e-06 0 0 0 0 0 0 0 
0 0 0 0 0 0 0 0 0 0.000953276 0.00384243 0.00659795 0.00657793 0.00580883 0.00643824 0.00582848 0.00199057 0.000338996 0.00159465 0.00319581 0.00408198 0.00848418 0.010263 0.0121443 0.00936795 0.0101689 0.0077329 0.00399262 0.00108044 0.00163032 0.0067914 0.0169095 0.0141713 0.0159086 0.0179665 0.015197 0.00948051 0.00589415 0.00547128 0.00294977 0.00244546 0.00407865 0.013811 0.0105658 0.00532637 0.00273982 0.000832963 0.00203972 0.00222485 0.00350956 0.00599067 0.00700818 0.00683326 0.00789584 0.014252 0.0051657 0.000841982 0.000187072 0.000806892 0.000700784 3.37785e-05 0 0 0 0 0 0 0 0 
0 0 0 0 0 0 0 0 0 1.0049e-05 0.00069531 0.00253215 0.00659188 0.00758729 0.00930098 0.00763042 0.00331932 0.000811186 1.51008e-05 0.00202789 0.00316153 0.0019363 0.00283546 0.00223015 0.00156221 0.00169164 0.00072032 0.00117673 0.00453904 0.00925448 0.0145303 0.0164125 0.0134659 0.00953582 0.00854194 0.0123911 0.0151592 0.0133712 0.00511084 0.00144379 0.00288295 0.010628 0.0114847 0.0102624 0.0057129 0.00252733 0.00600259 0.00809721 0.00613264 0.00514063 0.00413274 0.00892216 0.0131872 0.0118932 0.0172208 0.014359 0.00136456 0.000459386 0 0 0 0 0 0 0 0 0 0 0 
0 0 0 0 0 0 0 0 0 0 0.000234378 0.00137819 0.00296997 0.00498705 0.00893444 0.0170542 0.010485 0.00295775 0.00492028 0.00501653 0.00359007 0.00339875 0.00323664 0.00332365 0.00487742 0.00255871 0.0027437 0.00814343 0.0165057 0.0148338 0.0153029 0.0141618 0.00934901 0.00739717 0.00740067 0.00502692 0.007793 0.0131718 0.00256205 0.00201705 0.00627649 0.00928672 0.00763919 0.00453886 0.001381 0.00203967 0.0103107 0.0113835 0.0115672 0.00878727 0.00361007 0.00732982 0.00663729 0.00738807 0.00626655 0.00952165 0.001252 0.000300262 0 0 0 0 0 0 0 0 0 0 0 
0 0 0 0 0 0 0 0 0 0 0 0 0.000380727 0.00452506 0.0113254 0.0139108 0.0123648 0.0144334 0.0135442 0.0101959 0.0102765 0.00746843 0.0110384 0.0150133 0.0137251 0.00334715 0.0121307 0.0116766 0.0161399 0.0144531 0.0133419 0.00962645 0.00514215 0.0107153 0.0106553 0.0100784 0.00324569 0.00285408 0.00120933 0.00400598 0.00601584 0.00148329 0.000634713 0.000403177 0.0019918 0.0023965 0.00831042 0.00876203 0.00882519 0.00674569 0.00774289 0.00427971 0.00285767 0.00672013 0.0113391 0.00661805 0 0 0 0 0 0 0 0 0 0 0 0 0 
0 0 0 0 0 0 0 0 0 0 0 0 0 0.00376531 0.00841199 0.00965916 0.00953686 0.0106547 0.0132153 0.0143811 0.0122524 0.0111009 0.0074584 0.00660503 0.00695127 0.00512349 0.0141498 0.0148365 0.011574 0.0191531 0.00762843 0.00497175 0.00773525 0.0126223 0.00640156 0.00718046 0.00285901 0.00179784 0.00318333 0.00898671 0.0046387 0.000446577 1.22381e-07 0.00292431 0.00435934 0.00147254 0.0038745 0.00673728 0.00619186 0.00598373 0.00544077 0.00205082 0.00571427 0.00742969 0.0172134 0.00516836 0 0 0 0 0 0 0 0 0 0 0 0 0 
0 0 0 0 0 0 0 0 0 0 0 0 0 0.00194688 0.00434728 0.00513779 0.00839925 0.00404338 0.00438971 0.00498371 0.00748763 0.00945801 0.0121969 0.00602576 0.00531939 0.00787497 0.0101908 0.0120445 0.00758451 0.00773977 0.00495454 0.00312147 0.0100963 0.00753774 0.00360432 0.00189568 0.00272346 0.00287309 0.00279174 0.00997161 0.00479171 5.69451e-05 0.000419143 0.00641769 0.00450991 0.00494141 0.00340751 0.003838 0.00470485 0.00254311 0.00197874 0.00334088 0.00755492 0.0104542 0.0206834 0.00295907 0 0 0 0 0 0 0 0 0 0 0 0 0 
0 0 0 0 0 0 0 0 0 0 0 0 0 0.000219572 0.00121951 0.000981511 0.0034965 0.00272277 0.00377405 0.00607842 0.00374329 0.00409018 0.00598429 0.00894706 0.00887707 0.00824556 0.00566638 0.00891805 0.00614112 0.00724956 0.010056 0.00330366 0.00505516 0.00449989 0.00773359 0.00637157 0.0018434 0.00106608 0.000702318 0.00701059 0.010727 0.00176869 0.000366489 0.00294963 0.00180567 0.00305634 0.00190432 0.0013837 0.00283503 0.00547613 0.00281815 0.00570932 0.003836 0.0101207 0.0146092 0.00113183 0 0 0 0 0 0 0 0 0 0 0 0 0 
0 0 0 0 0 0 0 0 0 0 0 0 0 0 0 1.63444e-06 0.000107562 2.847e-05 0.000610611 0.00326322 0.00292883 0.004415 0.00379455 0.00548273 0.00785581 0.00521657 0.0026034 0.0044843 0.00750228 0.00379095 0.00270077 0.00329761 0.00353494 0.00897007 0.0125152 0.0197397 0.0162787 0.00334868 0.0011882 0.00890692 0.0178156 0.00336082 0.000179395 0.00146547 0.000673085 0.00066211 0.00104489 0.000117808 0.00242004 0.00423792 0.00239769 0.00766423 0.00275229 0.0103351 0.0083608 0.000156065 0 0 0 0 0 0 0 0 0 0 0 0 0 
0 0 0 0 0 0 0 0 0 0 0 0 0 0 0 0 0 0 0 0.000167252 0.00240094 0.00214473 0.00344335 0.00568345 0.00651126 0.00612464 0.00442598 0.00688566 0.0110155 0.00354892 0.00225247 0.00352962 0.00594672 0.00859617 0.0240433 0.0307783 0.0370344 0.0190912 0.00794159 0.0212533 0.0160801 0.000823369 1.67688e-05 0.000374142 0.00171822 0.000589199 0 0 0.00136666 0.00112882 0.000562199 0.00325429 0.00142106 0.00196117 0.00029905 0 0 0 0 0 0 0 0 0 0 0 0 0 0 
0 0 0 0 0 0 0 0 0 0 0 0 0 0 0 0 0 0 0 0 0.00080955 0.00218465 0.0044168 0.00921457 0.00416255 0.00462458 0.0057509 0.00531765 0.00532451 0.00597759 0.0017134 0.00259185 0.00535368 0.0083107 0.0161259 0.0134698 0.0100002 0.0118771 0.0145299 0.0123308 0.00263578 2.87364e-05 0.000213769 0.000446893 0.000166529 2.56159e-05 0 0 1.31743e-05 9.18134e-06 0 0.000332926 0.000201989 0.000181293 0 0 0 0 0 0 0 0 0 0 0 0 0 0 0 
0 0 0 0 0 0 0 0 0 0 0 0 0 0 0 0 0 0 0 0 0 0.00027698 0.00108566 0.00320017 0.00204754 0.00282685 0.00371504 0.00109808 0.00125125 0.00560454 0.00563829 0.0053831 0.00618564 0.00363602 0.00343395 0.00138098 0.000165737 0.000385271 0.00133345 0.000869315 3.42296e-05 0.000397967 0.00215666 0.000720885 0 0 0 0 0 0 0 0 0 0 0 0 0 0 0 0 0 0 0 0 0 0 0 0 0 
0 0 0 0 0 0 0 0 0 0 0 0 0 0 0 0 0 0 0 0 0 0 0 0 0.00010342 5.8968e-05 6.26691e-05 1.16009e-05 0.00073499 0.00316799 0.00283323 0.00403449 0.00611307 0.00114814 1.27011e-05 0 0 0 0 5.57596e-05 0.00185283 0.00344997 0.00158124 2.53607e-05 0 0 0 0 0 0 0 0 0 0 0 0 0 0 0 0 0 0 0 0 0 0 0 0 0 
0 0 0 0 0 0 0 0 0 0 0 0 0 0 0 0 0 0 0 0 0 0 0 0 0 0 0 0 5.07353e-05 0.000252409 0.000122012 0.000610257 0.000875487 0.000141444 0 0 0 0.000132254 0.00338468 0.00168393 0.0015473 0.00117372 3.78486e-05 0 0 0 0 0 0 0 0 0 0 0 0 0 0 0 0 0 0 0 0 0 0 0 0 0 0 
0 0 0 0 0 0 0 0 0 0 0 0 0 0 0 0 0 0 0 0 0 0 0 0 0 0 0 0 0 0 0 0 0 0 0 0 0 5.16703e-05 0.00221276 0.00218381 0.00234811 8.66577e-06 0 0 0 0 0 0 0 0 0 0 0 0 0 0 0 0 0 0 0 0 0 0 0 0 0 0 0 
0 0 0 0 0 0 0 0 0 0 0 0 0 0 0 0 0 0 0 0 0 0 0 0 0 0 0 0 0 0 0 0 0 0 0 0 0 0 0.000193543 9.74118e-05 0 0 0 0 0 0 0 0 0 0 0 0 0 0 0 0 0 0 0 0 0 0 0 0 0 0 0 0 0 
0 0 0 0 0 0 0 0 0 0 0 0 0 0 0 0 0 0 0 0 0 0 0 0 0 0 0 0 0 0 0 0 0 0 0 0 0 0 0 0 0 0 0 0 0 0 0 0 0 0 0 0 0 0 0 0 0 0 0 0 0 0 0 0 0 0 0 0 0 
0 0 0 0 0 0 0 0 0 0 0 0 0 0 0 0 0 0 0 0 0 0 0 0 0 0 0 0 0 0 0 0 0 0 0 0 0 0 0 0 0 0 0 0 0 0 0 0 0 0 0 0 0 0 0 0 0 0 0 0 0 0 0 0 0 0 0 0 0 
0 0 0 0 0 0 0 0 0 0 0 0 0 0 0 0 0 0 0 0 0 0 0 0 0 0 0 0 0 0 0 0 0 0 0 0 0 0 0 0 0 0 0 0 0 0 0 0 0 0 0 0 0 0 0 0 0 0 0 0 0 0 0 0 0 0 0 0 0 
0 0 0 0 0 0 0 0 0 0 0 0 0 0 0 0 0 0 0 0 0 0 0 0 0 0 0 0 0 0 0 0 0 0 0 0 0 0 0 0 0 0 0 0 0 0 0 0 0 0 0 0 0 0 0 0 0 0 0 0 0 0 0 0 0 0 0 0 0 
0 0 0 0 0 0 0 0 0 0 0 0 0 0 0 0 0 0 0 0 0 0 0 0 0 0 0 0 0 0 0 0 0 0 0 0 0 0 0 0 0 0 0 0 0 0 0 0 0 0 0 0 0 0 0 0 0 0 0 0 0 0 0 0 0 0 0 0 0 
0 0 0 0 0 0 0 0 0 0 0 0 0 0 0 0 0 0 0 0 0 0 0 0 0 0 0 0 0 0 0 0 0 0 0 0 0 0 0 0 0 0 0 0 0 0 0 0 0 0 0 0 0 0 0 0 0 0 0 0 0 0 0 0 0 0 0 0 0 
0 0 0 0 0 0 0 0 0 0 0 0 0 0 0 0 0 0 0 0 0 0 0 0 0 0 0 0 0 0 0 0 0 0 0 0 0 0 0 0 0 0 0 0 0 0 0 0 0 0 0 0 0 0 0 0 0 0 0 0 0 0 0 0 0 0 0 0 0 
0 0 0 0 0 0 0 0 0 0 0 0 0 0 0 0 0 0 0 0 0 0 0 0 0 0 0 0 0 0 0 0 0 0 0 0 0 0 0 0 0 0 0 0 0 0 0 0 0 0 0 0 0 0 0 0 0 0 0 0 0 0 0 0 0 0 0 0 0 

