0 0 0 0 0 0 0 0 0 0 0 0 0 0 0 0 0 0 0 0 0 0 0 0 0 0 0 0 0 0 0 0 0 0 0 0 0 0 3.32925e-05 0.000162996 0 0 0 0 0 0 0 0 0 0 0 0 0 0 0 0 0 0 0 0 0 0 0 0 0 0 0 0 0 
0 0 0 0 0 0 0 0 0 0 0 0 0 0 0 0 0 0 0 0 0 0 0 0 0 0 0 0 0 8.14869e-05 0.00038547 0.00102053 0.00132289 0.000315255 0.000338893 0.000161257 0 0 0.00132569 0.0042855 0.00370191 0.00177942 0.000419153 0 0 0 0 0 0 0 0 0 0 0 0 0 0 0 0 0 0 0 0 0 0 0 0 0 0 
0 0 0 0 0 0 0 0 0 0 0 0 0 0 0 0 0 0 0 0 0 0 4.31891e-05 0.000336815 0.000209462 0 0.000184788 0.00151863 0.00282932 0.00218148 0.00469012 0.00423748 0.00296556 0.00312794 0.00320677 0.00119072 0.00097846 0.000842953 0.00544196 0.00938966 0.00854271 0.00463607 0.00331234 0.00298702 0.0018373 0.000772478 0.000190197 0 0 0 0 0 0 0 0 0 0 0 0 0 0 0 0 0 0 0 0 0 0 
0 0 0 0 0 0 0 0 0 0 0 0 0 0 0 0 0 0 0 0 0.000233143 8.62947e-05 0.00110674 0.00438171 0.00863784 0.00393315 0.00765162 0.0129588 0.0196796 0.0185543 0.0181813 0.0139406 0.00660321 0.00593587 0.00587483 0.00454274 0.00279595 0.00291444 0.00799075 0.0105359 0.0113801 0.010742 0.00911735 0.00732089 0.00350899 0.00640605 0.00561575 0.00283652 0.000196927 0 0 0 0 0 0 0 0 0 0 0 0 0 0 0 0 0 0 0 0 
0 0 0 0 0 0 0 0 0 0 0 0 0 0 0 0 0 0 0 0.000417191 0.003839 0.00250205 0.00244395 0.0111308 0.0201669 0.0190028 0.0201961 0.0161454 0.028415 0.0287731 0.0196444 0.0116772 0.0114134 0.00632366 0.00655017 0.00828816 0.00718414 0.00513572 0.00936043 0.00907902 0.00957444 0.013169 0.0136795 0.0102593 0.0100141 0.0105129 0.0119592 0.0102831 0.00271476 0.000327946 0 0 0 0 0 0 0 0 0 0 0 0 0 0 0 0 0 0 0 
0 0 0 0 0 0 0 0 0 0 0 0 0 0 0 0 0 0 0.000259745 0.00336751 0.00694678 0.00257956 0.00347236 0.0160763 0.0244811 0.0264228 0.0275267 0.0283738 0.0299299 0.0277022 0.0224634 0.0185923 0.0152835 0.0118881 0.00865756 0.00833957 0.0089185 0.00877913 0.00497165 0.0058145 0.0122461 0.011231 0.0116913 0.014755 0.0112334 0.0116388 0.0166487 0.0158513 0.00681067 0.00369124 0.000463721 0.000716827 1.85665e-05 0 0 0 0 0 0 0 0 0 0 0 0 0 0 0 0 
0 0 0 0 0 0 0 0 0 0 0 0 0 0 0 0.000430705 0.00187007 0.00117708 0.00396071 0.00556871 0.00490107 0.00747629 0.00602019 0.0107256 0.0220351 0.0292497 0.0327755 0.0397307 0.0305933 0.020589 0.0231602 0.0250571 0.0186145 0.0184668 0.0222313 0.0118928 0.0101568 0.0103454 0.00692332 0.00865517 0.0121469 0.0100779 0.0126964 0.0151242 0.00974649 0.0132484 0.0144445 0.0150084 0.0138878 0.0111681 0.00626387 0.00486877 0.00330539 0.00198 0.000246553 0 0 0 0 0 0 0 0 0 0 0 0 0 0 
0 0 0 0 0 0 0 0 0 0 0 0 0 0 0.000303315 0.00450407 0.00789335 0.00471456 0.00655914 0.0114016 0.0154855 0.0161226 0.0149097 0.0118391 0.0120369 0.0145661 0.0253387 0.0381044 0.0321065 0.0210179 0.0288331 0.0195916 0.0203656 0.0294171 0.0256503 0.0197983 0.0156328 0.0116802 0.0118465 0.0105534 0.0112463 0.0108656 0.0155225 0.0193943 0.0129268 0.00730128 0.0113709 0.0144576 0.0153262 0.0179602 0.0184755 0.0118755 0.00713422 0.00693895 0.00230076 0.000413415 0.000139778 0 0 0 0 0 0 0 0 0 0 0 0 
0 0 0 0 0 0 0 0 0 0 0 0 0 0.000462164 0.00280056 0.00377826 0.00493967 0.00869229 0.00865922 0.017699 0.0235448 0.0223008 0.0263387 0.0151298 0.0127854 0.0105022 0.0184926 0.030405 0.0297443 0.0261339 0.0258985 0.0229976 0.0164433 0.0195731 0.0227929 0.0217627 0.0218839 0.0164372 0.0152171 0.0121678 0.00867549 0.0134319 0.0157356 0.0197976 0.0146468 0.0104459 0.0124771 0.0119927 0.0156281 0.0203331 0.0190463 0.017009 0.0121174 0.00926446 0.00696861 0.00468238 0.00172746 0 0 0 0 0 0 0 0 0 0 0 0 
0 0 0 0 0 0 0 0 0 0 0 0 0 0.000698778 0.00188747 0.00180323 0.00216556 0.0091304 0.0144366 0.0147897 0.0190655 0.0244623 0.0199258 0.0148279 0.0138334 0.00864197 0.0161248 0.0170666 0.0244806 0.0252077 0.0218177 0.0162897 0.0125546 0.0150022 0.0191471 0.0174552 0.0129943 0.0167291 0.0154442 0.0172044 0.0173812 0.0212823 0.0214504 0.0208979 0.0219731 0.0122827 0.011422 0.0147372 0.0185494 0.0200094 0.0177909 0.017059 0.0205011 0.0164056 0.0114116 0.00764034 0.00290893 0.000226465 0 0 0 0 0 0 0 0 0 0 0 
0 0 0 0 0 0 0 0 0 0 0 0 0.000558322 0.00400945 0.00897244 0.00654904 0.00446557 0.0123808 0.0191954 0.0256846 0.024324 0.0283961 0.018013 0.0212497 0.0170799 0.013142 0.0221073 0.0234212 0.0287846 0.0253142 0.0241193 0.0200811 0.0157112 0.0146172 0.016389 0.0167897 0.0204519 0.0178651 0.017341 0.0173295 0.0153687 0.0189028 0.0166857 0.0219129 0.0195754 0.0107604 0.0147352 0.026135 0.0315746 0.0329855 0.0231786 0.0200803 0.0153357 0.0153943 0.0171143 0.00925203 0.0060521 0.00365075 0.00143345 2.53181e-05 0 0 0 0 0 0 0 0 0 
0 0 0 0 0 0 0 0 0 0 2.83304e-06 2.11691e-05 0.00128462 0.00911183 0.00734778 0.00482167 0.00838482 0.0209232 0.0225007 0.0203558 0.0184755 0.0230346 0.0183982 0.0220192 0.025221 0.0256745 0.0258125 0.0314082 0.0316235 0.0280977 0.0231245 0.0194344 0.0187442 0.0224402 0.0193211 0.0151005 0.0230107 0.0271428 0.0247444 0.0197911 0.0192704 0.0166188 0.0251221 0.0208186 0.0133544 0.0121653 0.0146002 0.026498 0.0465406 0.0456499 0.0242455 0.019936 0.0189917 0.0206575 0.0220739 0.0207219 0.00937219 0.0152648 0.0138952 0.00417619 0.000180373 0 0 0 0 0 0 0 0 
0 0 0 0 0 0 0 0 0 0.000225193 0.00367613 0.0035907 0.00272627 0.00412422 0.00754833 0.0154144 0.0175622 0.0300091 0.0240524 0.0166574 0.0175061 0.0160261 0.020713 0.0214324 0.0256945 0.0300072 0.024709 0.0249971 0.0282523 0.024822 0.0266968 0.0214668 0.0169742 0.0213719 0.0175482 0.0144472 0.0201457 0.0262773 0.028703 0.0272815 0.0222542 0.0241929 0.028853 0.0185574 0.0116576 0.0147385 0.0120259 0.0190479 0.0376336 0.0311465 0.0175305 0.0180486 0.0160642 0.0166867 0.0211635 0.0181838 0.0105584 0.0146378 0.0197644 0.0146274 0.00409645 0.000314005 0 0 0 0 0 0 0 
0 0 0 0 0 0 0 0 0 0.00233537 0.0133653 0.0141971 0.0145292 0.0130032 0.012792 0.015375 0.0214426 0.0209946 0.0167831 0.015851 0.020021 0.0244542 0.0297031 0.0246482 0.0294608 0.0279867 0.0181272 0.0194961 0.023293 0.0246624 0.0241998 0.0166226 0.0160801 0.019972 0.0158035 0.0195569 0.0243478 0.0251387 0.0351186 0.0374646 0.0239531 0.0154824 0.0178857 0.0130361 0.0183925 0.0172883 0.0144777 0.0182804 0.0154822 0.015585 0.0144191 0.0184603 0.0129656 0.0123022 0.0209239 0.0180876 0.0159034 0.014776 0.0127861 0.0156123 0.0137957 0.0023807 0 0 0 0 0 0 0 
0 0 0 0 0 0 0 0 6.38814e-05 0.00339 0.0125456 0.0181494 0.020444 0.0201197 0.0205538 0.0177538 0.0166284 0.0204439 0.0185583 0.0188453 0.023102 0.0267864 0.0305078 0.0254749 0.0273293 0.0203863 0.0176973 0.0191536 0.0244715 0.0250744 0.0203158 0.0158654 0.0147794 0.0212514 0.0218583 0.0213652 0.0237605 0.0346905 0.0410383 0.0345595 0.0281663 0.0174862 0.0183535 0.0153804 0.021482 0.014733 0.0167817 0.0271872 0.0402971 0.0239212 0.0140168 0.0180164 0.013765 0.0163865 0.0173531 0.0175041 0.0202987 0.0181013 0.0144724 0.0188515 0.0238244 0.00808908 0.000223319 0 0 0 0 0 0 
0 0 0 0 0 0 0 4.59178e-05 0.00175947 0.00473999 0.0122303 0.0184556 0.0270131 0.0248634 0.0211232 0.0193349 0.0166075 0.0101969 0.0154546 0.0151247 0.0220107 0.0264927 0.0322228 0.0282735 0.026455 0.0300016 0.0237689 0.0206689 0.0227597 0.0189042 0.0233688 0.0203974 0.0177005 0.0216721 0.0196851 0.0212596 0.0296921 0.0313721 0.0328674 0.0272313 0.0228098 0.0239904 0.0169996 0.0140278 0.0182485 0.0159909 0.0175959 0.0533605 0.0757878 0.0348161 0.0178108 0.0141942 0.0133127 0.0172587 0.0192579 0.0253551 0.0226893 0.0173798 0.0159585 0.0193634 0.0233646 0.0126399 0.000767276 0 0 0 0 0 0 
0 0 0 0 0 0 0 0.00220126 0.00426221 0.00781589 0.0106487 0.0176435 0.0284921 0.0244094 0.0208064 0.0176731 0.0135035 0.00848938 0.0100559 0.015376 0.0224406 0.0266292 0.034754 0.0288105 0.0398107 0.0378284 0.0218615 0.0195915 0.0182843 0.0128997 0.0198212 0.0221467 0.0219561 0.0187239 0.0196368 0.019379 0.0219666 0.0275393 0.0205294 0.0191361 0.0240059 0.0215276 0.020398 0.013542 0.0134125 0.0169175 0.0248555 0.0414512 0.0445238 0.0320457 0.0180347 0.0197437 0.0172822 0.0131349 0.0194487 0.0189352 0.0177912 0.0139913 0.0176432 0.0210858 0.0110555 0.0035922 0.00329016 0.00128347 2.0897e-05 0 0 0 0 
0 0 0 0 0 0 0 0.00205073 0.00510074 0.00709658 0.0113766 0.0228148 0.0196625 0.0175911 0.0201997 0.0189755 0.0211231 0.015098 0.0108729 0.0153586 0.0247574 0.024656 0.0297094 0.0258565 0.0219447 0.0197848 0.0211277 0.0167523 0.0176152 0.0227261 0.0383404 0.033867 0.0248204 0.0222128 0.0197693 0.0183939 0.0208104 0.0183932 0.0165933 0.0159299 0.021594 0.0237906 0.026799 0.0186287 0.0206262 0.0230534 0.0216459 0.0278242 0.0289782 0.0266925 0.0218308 0.0329155 0.0242221 0.0198426 0.017311 0.017772 0.0258279 0.0200079 0.0188176 0.0197808 0.0110934 0.00717013 0.0251435 0.0126544 0.000839707 0 0 0 0 
0 0 0 0 0.000306698 0.00180908 0.00197873 0.000554556 0.00307939 0.00868759 0.00752784 0.0147397 0.015665 0.020432 0.0256248 0.0245151 0.0223029 0.024418 0.0203601 0.0214817 0.0197269 0.0201975 0.0279109 0.0238739 0.0242386 0.0162283 0.0185307 0.0178703 0.0225146 0.0285135 0.029327 0.0277509 0.0243539 0.0253391 0.0186685 0.022682 0.0233137 0.0214061 0.0232499 0.0195781 0.0207258 0.0265424 0.0285925 0.0266095 0.0258335 0.0233097 0.0278221 0.0213095 0.0180965 0.0156905 0.0139538 0.0309098 0.030491 0.0242357 0.0118134 0.0166148 0.0217456 0.024206 0.0153079 0.0119635 0.00861714 0.0166333 0.0334196 0.0209933 0.00638737 5.38248e-05 0 0 0 
0 0 0 0 0.000578306 0.0036417 0.00612506 0.00679556 0.00250401 0.00522379 0.0110143 0.0100994 0.0117552 0.014578 0.028928 0.0308734 0.0273889 0.0275061 0.0256761 0.0275067 0.0240233 0.0240804 0.0281997 0.0212679 0.0154439 0.0150215 0.0182721 0.024017 0.0234718 0.0240922 0.0266498 0.0276729 0.0234717 0.0211009 0.0222871 0.0245335 0.0210227 0.0180166 0.0195421 0.0240081 0.0166773 0.0247125 0.029246 0.021609 0.0288523 0.0255313 0.0222821 0.018402 0.0141146 0.0079965 0.0130457 0.0254648 0.0229014 0.0215878 0.0125088 0.0156772 0.0253055 0.0279722 0.0151874 0.014634 0.015512 0.0197041 0.0233644 0.0237694 0.0126808 0.000626515 0 0 0 
0 0 0 0 0 0.00106995 0.00257812 0.00313468 0.00832954 0.0124305 0.0183065 0.0189465 0.0216162 0.0229113 0.0255399 0.0308725 0.0289018 0.0254809 0.0247918 0.0252397 0.0239257 0.0292515 0.0327697 0.026689 0.0166349 0.0158558 0.0251156 0.028497 0.0308229 0.025671 0.0204898 0.0176554 0.0182579 0.0244935 0.0199554 0.027269 0.0231735 0.0180564 0.0215 0.0211251 0.0201292 0.0175636 0.0237914 0.0224026 0.0203243 0.0194817 0.0235298 0.0242346 0.0163707 0.0100108 0.012323 0.0244622 0.0245665 0.0199928 0.0135011 0.0158206 0.0286037 0.024803 0.0190805 0.0254756 0.0234178 0.0175106 0.0202499 0.0328562 0.0201994 0.00420677 7.11759e-05 0 0 
0 0 0 0 0 5.52245e-05 0.000136795 0.00110125 0.0109644 0.0213966 0.0223123 0.0172665 0.0247516 0.0214472 0.0263171 0.0253537 0.0294602 0.0251208 0.0341395 0.0391584 0.0256873 0.026627 0.0199785 0.0274992 0.0171686 0.0145095 0.0249013 0.030452 0.0284959 0.0213599 0.0141498 0.0190227 0.0207077 0.02701 0.0199672 0.0210197 0.0183334 0.0231497 0.0247383 0.0272274 0.017616 0.0175471 0.0161848 0.0181439 0.0245975 0.0250576 0.0237978 0.0248307 0.0215329 0.0128141 0.00991997 0.0169318 0.0159652 0.0125606 0.0137656 0.0177044 0.0322643 0.0244825 0.0171996 0.0210159 0.0172189 0.0181251 0.0254283 0.0301772 0.0158781 0.00889927 0.000579497 0 0 
0 0 0 0.000708619 0.00121011 0 0 0.000118655 0.00701586 0.0223888 0.0160638 0.0160177 0.0210459 0.0197761 0.0178211 0.0201872 0.0209309 0.0254654 0.0304615 0.0394901 0.0355713 0.0297499 0.0259429 0.0358236 0.0234608 0.0196859 0.0235179 0.0299247 0.0242906 0.0184598 0.0156558 0.0162474 0.0231153 0.0247507 0.0234419 0.0255444 0.0202326 0.0238788 0.020412 0.0219375 0.0216768 0.0226244 0.0239981 0.0181219 0.0222284 0.0269141 0.0182423 0.0203545 0.0167641 0.0135863 0.0144153 0.0143555 0.0141176 0.0144417 0.0128425 0.0169971 0.023057 0.0198608 0.016187 0.0191498 0.0180449 0.0214427 0.0225034 0.0195874 0.0173243 0.00881954 0.00169586 4.52608e-05 0 
0 0 0 0.001136 0.00386613 0 5.45986e-05 0.00151436 0.0085684 0.0226073 0.0194192 0.0173782 0.0172228 0.0195408 0.0163264 0.01699 0.0198477 0.0300823 0.0356761 0.0285349 0.0260587 0.0302931 0.0188628 0.0275454 0.0215926 0.0241419 0.0197262 0.0183025 0.0200541 0.0223757 0.0209869 0.0214457 0.0182335 0.0256972 0.0319861 0.0237356 0.025956 0.0215729 0.0189668 0.0241368 0.0265142 0.0264502 0.028384 0.0200627 0.0172515 0.0175594 0.0202704 0.0198777 0.0198511 0.0163664 0.0131823 0.0155264 0.0148736 0.0178977 0.0162397 0.0164079 0.0144852 0.0139971 0.0166446 0.0186581 0.0178004 0.0235001 0.0199403 0.0187957 0.0127441 0.0078534 0.00353683 0.000113701 0 
0 0 0 7.61949e-05 0.000213493 0 0.00225776 0.00719436 0.0182065 0.0278608 0.0249547 0.0219833 0.0197563 0.0253531 0.0216629 0.0199335 0.0276684 0.0289062 0.0276619 0.0187838 0.023436 0.0262839 0.0216353 0.0210299 0.0291678 0.0289595 0.0230384 0.0249315 0.0224726 0.0241082 0.0246448 0.0257224 0.0191269 0.0227452 0.0263334 0.0232199 0.0233027 0.0147477 0.0119746 0.0158146 0.0242712 0.0261526 0.0312533 0.0223937 0.0226092 0.0287173 0.0267441 0.0213345 0.0201518 0.0200588 0.0107059 0.0139762 0.0146109 0.0219784 0.0213211 0.0203744 0.0179735 0.0243945 0.0240138 0.0202607 0.0157551 0.0143758 0.0183157 0.0184757 0.022397 0.0113285 0.00349229 0.000335304 0 
0 0 3.495e-06 2.82683e-05 0 0.0001911 0.00525279 0.0131009 0.0235331 0.0254009 0.0301486 0.045567 0.0498869 0.0374634 0.0249666 0.019514 0.0276114 0.0311078 0.0261901 0.0146858 0.0209056 0.0267872 0.0342031 0.0282602 0.0217001 0.0270753 0.0292233 0.0166876 0.0166999 0.0192264 0.0274041 0.0331829 0.0249865 0.0235147 0.0249002 0.0239066 0.0202654 0.0119312 0.0138862 0.0142542 0.0240739 0.0239295 0.0212291 0.0212532 0.0278244 0.0278433 0.0281883 0.0159879 0.0183214 0.0188033 0.0147625 0.0174318 0.0191462 0.0174721 0.018606 0.0161095 0.0150249 0.0234218 0.0253696 0.0263266 0.0261233 0.0237005 0.0197428 0.0189626 0.0235381 0.0118108 0.00627947 0.00269109 2.38432e-05 
0 9.87489e-05 0.00200293 0.00429541 0.00304459 0.00225703 0.0103011 0.0164178 0.0240584 0.0232497 0.0271109 0.045985 0.0576647 0.038308 0.028608 0.0228073 0.0228729 0.0262707 0.0254963 0.0168458 0.0188144 0.0184991 0.0274318 0.0328523 0.0248752 0.0258198 0.0350348 0.016566 0.0176223 0.0176866 0.0301112 0.0306466 0.0253704 0.0226079 0.0236669 0.0238095 0.0217785 0.022035 0.0187812 0.0218288 0.0267168 0.0286328 0.024658 0.021852 0.0289753 0.0225591 0.0215649 0.0143924 0.015641 0.0156698 0.013272 0.0181315 0.0146672 0.0155472 0.0149758 0.0183969 0.0163159 0.0201816 0.022341 0.0251844 0.0274966 0.0182657 0.0110722 0.0209434 0.0237616 0.0157839 0.014779 0.00799565 0.00167555 
0 0.00233502 0.0125639 0.0160661 0.0152933 0.00690531 0.0170441 0.0273393 0.0230129 0.0179857 0.0205783 0.0303236 0.0434435 0.0251545 0.0248868 0.0199367 0.020741 0.0266205 0.0296383 0.0150897 0.0173078 0.0178151 0.0141577 0.0241669 0.0240204 0.0197506 0.0174484 0.0131812 0.0125269 0.0207221 0.0258857 0.0276807 0.0273461 0.0280798 0.0269 0.0228277 0.0189087 0.0323396 0.0326972 0.0252458 0.0319034 0.0312197 0.0276779 0.0207865 0.0211657 0.0164272 0.0149387 0.0125803 0.0171442 0.0170864 0.0175885 0.0217608 0.021745 0.0173158 0.0132865 0.0158799 0.0145489 0.0236766 0.0262567 0.0224807 0.026326 0.0203895 0.0166364 0.0168236 0.0165466 0.0146146 0.0169643 0.0116807 0.00192641 
0 0.00366093 0.0173911 0.0168042 0.0196992 0.0151441 0.023976 0.0285478 0.0233082 0.0260648 0.024137 0.0252741 0.0274775 0.0285914 0.0230554 0.0203166 0.0154869 0.0239789 0.0218007 0.0151659 0.0168774 0.0187254 0.014174 0.0150234 0.0143294 0.0107251 0.00727052 0.00921861 0.0179031 0.0274436 0.0251807 0.0314046 0.0306939 0.0258781 0.027622 0.0237628 0.0221199 0.024562 0.0342381 0.0231266 0.0235571 0.0230204 0.0305752 0.0243516 0.0203028 0.0138349 0.0152557 0.0183388 0.0182109 0.016153 0.0226073 0.0222862 0.0229585 0.019405 0.0149327 0.0161618 0.012724 0.0244014 0.0235923 0.02185 0.0228421 0.0236519 0.0323489 0.0215049 0.0192598 0.0158241 0.00687687 0.00431801 0.000435612 
2.43101e-05 0.00754187 0.0137558 0.0135636 0.02085 0.0183954 0.0310056 0.0269647 0.0210757 0.0228911 0.0179841 0.0170058 0.0179949 0.0225809 0.0188233 0.0202122 0.0184417 0.0252813 0.0169885 0.017214 0.0160804 0.0150187 0.0159757 0.018799 0.0119952 0.00729299 0.0124896 0.0127511 0.0221554 0.0287049 0.024304 0.0310201 0.0346031 0.0372498 0.0380274 0.0433005 0.0394076 0.0385972 0.0391491 0.0415407 0.0404488 0.0228844 0.0316459 0.0249479 0.021253 0.014646 0.0201383 0.0289555 0.0327487 0.0283714 0.0259358 0.0211961 0.0293885 0.0357438 0.019501 0.0138782 0.013236 0.015679 0.017341 0.0217014 0.0158451 0.0281639 0.0347538 0.0259463 0.0150717 0.0109336 0.00715342 0.000670072 0 
0.000204136 0.00724145 0.0176757 0.0192118 0.0246296 0.0249311 0.0205087 0.0169184 0.01692 0.0152027 0.0156166 0.0118364 0.0214307 0.0214498 0.0217761 0.024849 0.0210813 0.0168496 0.021049 0.0151421 0.00980849 0.017861 0.0187618 0.0183965 0.00860049 0.00840949 0.0112561 0.0120314 0.0222093 0.0277118 0.0185445 0.0431881 0.0499551 0.0656799 0.0567919 0.0579012 0.0477369 0.0449615 0.0335175 0.0367611 0.0469572 0.0410193 0.0309262 0.0180879 0.0194337 0.017563 0.030163 0.068133 0.0445295 0.0262299 0.025055 0.0267002 0.0226133 0.0228596 0.0207025 0.0169215 0.0178232 0.0181023 0.0172852 0.0155032 0.0173256 0.0177692 0.0189653 0.0176101 0.0139113 0.0054507 0.0064678 0.00126273 0 
3.22953e-06 0.00578573 0.0175259 0.0231045 0.0256974 0.0229558 0.0172119 0.0178613 0.0168137 0.0152888 0.0161346 0.0191875 0.02182 0.0254181 0.0236146 0.0299145 0.0197873 0.022637 0.0188071 0.0154034 0.0128977 0.0186073 0.019738 0.0193964 0.0122044 0.0146479 0.0107633 0.0103865 0.0264302 0.0345171 0.0433132 0.0611123 0.0564266 0.0490654 0.0429471 0.0299813 0.0300492 0.0400544 0.0345042 0.0216502 0.0199413 0.021774 0.0245361 0.0319408 0.02793 0.0231881 0.0318297 0.0497014 0.033201 0.0267659 0.0175215 0.0201351 0.0223163 0.0194834 0.0229962 0.0205443 0.0189421 0.0141251 0.0138722 0.0155952 0.0107047 0.0107084 0.0166732 0.0196608 0.0167105 0.0103993 0.0110007 0.0033668 1.99086e-05 
2.30689e-05 0.00564392 0.0165979 0.0227741 0.0270158 0.0252933 0.015723 0.0136133 0.0126324 0.0150239 0.0171274 0.0139146 0.0155541 0.0183649 0.0212265 0.0297666 0.0286148 0.0232725 0.0175534 0.0223243 0.0236587 0.0193594 0.0182816 0.0182973 0.0124483 0.0153726 0.0118523 0.0121573 0.0283136 0.0439908 0.0541525 0.0531098 0.0521262 0.0424945 0.0271746 0.0365087 0.0427043 0.0418938 0.0335353 0.0383836 0.0267838 0.0231513 0.0256612 0.0220171 0.0281663 0.0267677 0.025731 0.0252653 0.0205072 0.0153298 0.0192017 0.0182779 0.0214619 0.0197295 0.0281304 0.0238624 0.0161089 0.0175112 0.0172884 0.0170311 0.0169703 0.0162429 0.016204 0.0186939 0.0163711 0.0109204 0.00797652 0.00399547 0.000348343 
1.12984e-06 0.00903429 0.0258816 0.0260524 0.0175027 0.0161468 0.0128931 0.0114318 0.0206198 0.0262637 0.0154098 0.0144121 0.00838758 0.0146715 0.0276649 0.0279726 0.0258536 0.0222939 0.0221167 0.0213916 0.0301545 0.0232242 0.0222177 0.0286322 0.017637 0.0202858 0.0180963 0.0199407 0.0233977 0.0403649 0.0527912 0.0797272 0.0821197 0.0371531 0.0253123 0.0283953 0.0359341 0.0371394 0.0404194 0.0447865 0.045725 0.0237033 0.0177809 0.0202915 0.0226259 0.0232233 0.0226648 0.0173115 0.0175891 0.0222211 0.0276175 0.0233623 0.0299921 0.0308718 0.0276166 0.0246984 0.0218293 0.0220405 0.0168294 0.0283005 0.0209629 0.0156563 0.0167633 0.0205975 0.0138368 0.0117328 0.0104594 0.00668018 0.000400887 
0.00013827 0.0115306 0.0248553 0.0226125 0.0160125 0.0145114 0.0178002 0.017733 0.0182952 0.0252022 0.0191849 0.0188189 0.0112265 0.0225123 0.0346733 0.0309152 0.0289079 0.0175654 0.0184452 0.0171968 0.0223857 0.0222322 0.0218652 0.0219359 0.0230862 0.0249886 0.0255275 0.0251408 0.0222402 0.0250743 0.0410299 0.0624683 0.0399543 0.0301728 0.0331235 0.0345858 0.0375359 0.0334366 0.0231961 0.0300086 0.0379206 0.0262525 0.0191853 0.0232609 0.0219624 0.0223386 0.0198113 0.0190598 0.0190062 0.0226388 0.0205608 0.0278303 0.0315465 0.0315058 0.0247283 0.017414 0.0174483 0.0174278 0.0114896 0.0179726 0.0220289 0.0167312 0.0224107 0.0243604 0.028648 0.0324639 0.0168112 0.0115355 0.00167398 
0.000853179 0.0119032 0.0165983 0.0201734 0.0168441 0.0136829 0.011299 0.0095286 0.0136584 0.0201641 0.0193088 0.0231993 0.0182466 0.0272679 0.0402565 0.0273373 0.021584 0.0153749 0.0150355 0.0193694 0.0239933 0.020689 0.0246572 0.0247495 0.0235063 0.0204839 0.0203429 0.0230522 0.0225448 0.0187728 0.0274327 0.0356021 0.0286102 0.0337703 0.0353953 0.0362282 0.0253921 0.027035 0.01895 0.0326475 0.0367614 0.0332563 0.0238481 0.0205314 0.0249157 0.0210431 0.0178444 0.0168539 0.0210258 0.0196735 0.01747 0.0199172 0.0260393 0.0257336 0.0237301 0.0184891 0.017184 0.0130628 0.0112664 0.0133568 0.0191219 0.0187946 0.024656 0.0322446 0.0473328 0.0486605 0.0322372 0.0232502 0.00385759 
0.000637107 0.00925272 0.0199471 0.0173709 0.0174724 0.0122063 0.0129529 0.00872641 0.00645931 0.0142723 0.0233431 0.0230824 0.0238852 0.0288256 0.0284805 0.0233424 0.0206745 0.0131407 0.0119541 0.0197737 0.0203362 0.020312 0.0222457 0.0220479 0.0245012 0.0249413 0.0286554 0.0284862 0.0229692 0.0221738 0.0191518 0.0299191 0.0326475 0.0271866 0.0211793 0.0207379 0.0217734 0.0207 0.0277669 0.039781 0.0405534 0.0337593 0.0285825 0.0240354 0.0270255 0.0257186 0.0195938 0.0202057 0.0220511 0.0217638 0.0270838 0.0186148 0.0247867 0.0276272 0.02338 0.0189359 0.0155111 0.0158354 0.0142446 0.0148862 0.0146778 0.0223991 0.0258724 0.0369356 0.0486019 0.0466748 0.0381814 0.0298913 0.00621771 
0.000526528 0.0147586 0.0229725 0.0171814 0.0182277 0.0205841 0.0150633 0.0161579 0.011484 0.0118019 0.0178466 0.0228702 0.0191602 0.0206388 0.0227033 0.0192412 0.0151146 0.0113396 0.014325 0.0235486 0.0177184 0.0133263 0.0209609 0.028076 0.0355381 0.0364074 0.0389757 0.0393569 0.0285425 0.0237205 0.0277733 0.0388326 0.0289207 0.0176472 0.0145506 0.025337 0.0268466 0.0200872 0.0325779 0.0474873 0.0418523 0.0398499 0.0429487 0.0421538 0.037503 0.0258534 0.0283606 0.022923 0.0204841 0.0280541 0.0295434 0.0195229 0.0183929 0.0302268 0.022976 0.0210537 0.0229427 0.0239035 0.0204166 0.0243202 0.0191246 0.0214707 0.0210358 0.0327444 0.0333618 0.0270234 0.0301251 0.0175506 0.00167034 
0.00016597 0.0123177 0.0320634 0.0436915 0.0289814 0.0227786 0.0192683 0.0200697 0.0174811 0.0163468 0.0164033 0.0254566 0.0196297 0.0181914 0.0184898 0.0216702 0.0227884 0.018402 0.0168866 0.0244552 0.0236414 0.0152224 0.0243777 0.0295257 0.0355948 0.0548249 0.0633419 0.0431563 0.0270283 0.0253626 0.0349822 0.0392078 0.0322644 0.0235175 0.0170882 0.0256449 0.0253512 0.0196137 0.0395675 0.0407416 0.0556418 0.0607528 0.0634206 0.044137 0.0389674 0.0302716 0.0245734 0.0246997 0.0238703 0.0269023 0.025144 0.0207534 0.0204095 0.0229531 0.0214422 0.0254652 0.0219697 0.0272789 0.0229835 0.0239039 0.0258594 0.0192114 0.0167377 0.0178637 0.0144062 0.0161274 0.0331579 0.0227464 0.00215445 
3.428e-05 0.00954937 0.0329089 0.0546538 0.0294407 0.0163714 0.00906213 0.013252 0.00913457 0.00951593 0.0219019 0.0258081 0.0192216 0.0204507 0.024619 0.028877 0.0321298 0.0234233 0.0212767 0.0264263 0.0251592 0.0247124 0.027233 0.0253516 0.0331307 0.0611325 0.0551653 0.0276524 0.0243656 0.0239062 0.02763 0.032961 0.0308513 0.0262574 0.0204947 0.0223131 0.0300379 0.0207973 0.0278127 0.0443126 0.053543 0.0423783 0.0485468 0.0425968 0.0302123 0.034467 0.0285095 0.0250462 0.026265 0.0192228 0.0177805 0.020216 0.023775 0.0211774 0.0159502 0.0247364 0.0216905 0.0255597 0.0256346 0.0243337 0.0198545 0.0163277 0.0136465 0.00894978 0.0119716 0.0232414 0.017625 0.0115534 0.00215579 
2.88218e-05 0.0060841 0.0200366 0.0309681 0.0248569 0.0200142 0.0140134 0.00835197 0.00518579 0.0111585 0.0272464 0.0241748 0.025273 0.0377445 0.0260252 0.025686 0.0252693 0.0196927 0.022828 0.0213901 0.0192678 0.0190338 0.0324866 0.0287538 0.0295228 0.0294957 0.0358763 0.0351735 0.0228207 0.0363143 0.0260132 0.020718 0.0312805 0.0275377 0.0214698 0.0291832 0.0246702 0.0225822 0.0201125 0.0242093 0.0360039 0.0351473 0.0531993 0.0565462 0.0305432 0.0287053 0.037788 0.0290859 0.0274167 0.0202431 0.0197194 0.0230911 0.0220113 0.0227176 0.0179885 0.0271689 0.0273037 0.0209946 0.0236922 0.0186334 0.0134584 0.0130779 0.0148161 0.012664 0.0177885 0.012753 0.00439506 0.00287088 0.00013379 
0 0.00113021 0.00345223 0.00659514 0.00985861 0.0170687 0.0183359 0.00812079 0.0032217 0.00780366 0.0223702 0.0261769 0.0277918 0.0370486 0.0281942 0.0258624 0.0266333 0.0178934 0.0240291 0.0329751 0.0242886 0.016281 0.0286116 0.0287998 0.0219372 0.0285739 0.0454626 0.0561418 0.0336402 0.0334824 0.0241211 0.0221477 0.0275013 0.0199405 0.0189411 0.0193662 0.0207303 0.0157003 0.0170889 0.0215003 0.0197264 0.01607 0.034468 0.0660597 0.0373128 0.030241 0.0279286 0.0309488 0.0270594 0.0369871 0.032932 0.0221455 0.0208977 0.0161703 0.0216898 0.0217419 0.0258375 0.0236889 0.0215016 0.0174945 0.0151317 0.0157519 0.0168065 0.0274359 0.0218117 0.00401331 0.000890438 0.000643068 0 
0 0 0.000606605 0.00404332 0.00950737 0.0155074 0.0205709 0.00997343 0.00407826 0.012106 0.0160182 0.0222708 0.0201341 0.0277737 0.0268654 0.0257148 0.025123 0.0193569 0.0249438 0.0310934 0.0245693 0.0228187 0.0259933 0.0241807 0.0233937 0.0373578 0.0345089 0.0312745 0.024813 0.0189955 0.0245776 0.0266022 0.0245986 0.02268 0.0248054 0.0273702 0.0220716 0.0150606 0.0164605 0.0270998 0.0261137 0.0210223 0.0551418 0.0583005 0.040413 0.0258165 0.0227727 0.0262765 0.0207911 0.02455 0.0300426 0.0173721 0.0197351 0.0144089 0.0163111 0.0165282 0.0262241 0.0191393 0.020073 0.0171481 0.0220933 0.0221714 0.0330301 0.0242984 0.012584 0.00195425 0.000779348 0.00150089 0 
0 0 0.00190243 0.00856189 0.00995513 0.0157125 0.0230054 0.0147683 0.0175751 0.0235003 0.0297481 0.0185151 0.0157025 0.0283162 0.031329 0.0335594 0.0284344 0.0246905 0.0235163 0.0261431 0.0288207 0.0220376 0.0239934 0.0207232 0.022006 0.0221425 0.0218037 0.0199457 0.0169781 0.0181198 0.029554 0.0251715 0.0230587 0.0246147 0.0226856 0.0254266 0.0222407 0.0141209 0.020725 0.0280696 0.0218842 0.024033 0.0298808 0.0446094 0.0389302 0.0168042 0.0204458 0.022172 0.0227397 0.0152844 0.0215294 0.0180023 0.018228 0.0222058 0.0150133 0.0195097 0.0198449 0.0129692 0.0199999 0.0203807 0.0234389 0.0271192 0.0345059 0.0266466 0.0120214 0.00459215 0.000511528 0.000398395 3.97592e-07 
0 0 0.000869276 0.00742184 0.00929242 0.012001 0.0147953 0.0129748 0.0214217 0.0250002 0.0245752 0.0226197 0.0165085 0.0254954 0.0358043 0.0298028 0.022455 0.018674 0.0261432 0.0237153 0.0217967 0.0167096 0.0171942 0.0171082 0.0173025 0.0185643 0.0224575 0.0228344 0.0177557 0.0264403 0.0370854 0.0257406 0.0253199 0.0234266 0.029637 0.0288182 0.0189423 0.0170766 0.0230514 0.0342412 0.0357384 0.0281347 0.0272274 0.0560043 0.0397919 0.0194467 0.0234252 0.0298227 0.0261909 0.0206475 0.0144686 0.0155739 0.0192563 0.0172889 0.0141605 0.0138877 0.014609 0.0153101 0.0203057 0.0234879 0.0241366 0.0243964 0.0334401 0.0343471 0.020252 0.0132147 0.00787317 0.00198306 1.41047e-05 
0 0 0.000744222 0.010855 0.0142246 0.0123272 0.0116287 0.0112395 0.0129535 0.0238148 0.0268934 0.0222823 0.0254259 0.0284582 0.0339213 0.0293442 0.0214013 0.023089 0.0277375 0.0266219 0.0228691 0.0182359 0.0213299 0.0354802 0.0315645 0.0492113 0.0465819 0.027536 0.0247717 0.0283971 0.0308758 0.0220827 0.0170598 0.0176957 0.0275911 0.0297551 0.0225475 0.0233393 0.0255305 0.033849 0.0610192 0.0344674 0.0221399 0.0336334 0.0383095 0.0191957 0.0183789 0.0185769 0.0174163 0.0166018 0.0129818 0.0152069 0.020347 0.0227846 0.0168235 0.0169051 0.0243236 0.0169873 0.0188039 0.023047 0.0204143 0.0154716 0.0233584 0.0261717 0.0144535 0.00796056 0.0052468 0.000673061 0 
0 0 0.000755376 0.00995556 0.0116533 0.0116851 0.010571 0.00745701 0.0121209 0.0204442 0.0312628 0.0312243 0.0309482 0.0290712 0.0228739 0.0200822 0.0214649 0.0269749 0.0232673 0.0269758 0.0322287 0.0328633 0.035962 0.0419975 0.036637 0.0429346 0.0422016 0.0286692 0.0260844 0.0278922 0.0245122 0.0230537 0.0218448 0.0159595 0.0155162 0.0221394 0.0282299 0.0211401 0.0194705 0.0255734 0.0559072 0.0395121 0.026629 0.0295783 0.0303908 0.0265873 0.0214479 0.0192155 0.0159527 0.0142099 0.013638 0.0154972 0.0191257 0.02396 0.0191918 0.0173192 0.0232544 0.0227145 0.0192337 0.0182244 0.0180112 0.0179809 0.0200342 0.0138856 0.00540311 0.00307703 0.000592526 6.74581e-05 0 
0 0 1.0024e-06 0.00135855 0.00309566 0.00445999 0.00618757 0.00480156 0.0081011 0.0129947 0.0235633 0.0375413 0.0326293 0.0291409 0.02142 0.0230517 0.0230492 0.029138 0.0236928 0.0248194 0.0281763 0.0384122 0.0875323 0.058984 0.0429111 0.0441223 0.0470261 0.041915 0.0318203 0.0182517 0.0176003 0.0229173 0.024786 0.0166187 0.0316107 0.0257294 0.021806 0.0143916 0.0170334 0.0200505 0.0317918 0.0442855 0.041713 0.0302176 0.0237726 0.0259589 0.0289907 0.0267979 0.0210362 0.0182469 0.0171341 0.0210154 0.0194521 0.0305766 0.030276 0.0211997 0.0199489 0.0204474 0.0188213 0.0225817 0.0173184 0.0188087 0.0190065 0.00613099 0.00357423 0.00431015 0.000319822 0 0 
0 0 0 0 0 0.000709995 0.0020806 0.00322487 0.00595835 0.014261 0.019359 0.0297918 0.0320511 0.0361597 0.0327246 0.0216694 0.0217047 0.028078 0.025919 0.0198626 0.0215582 0.0467899 0.0968873 0.0613156 0.0337633 0.0283309 0.0296959 0.0347724 0.0410851 0.0235751 0.0213944 0.0261434 0.0226386 0.0220859 0.0324178 0.0284019 0.0212852 0.0210907 0.0355277 0.0575506 0.0493783 0.0546514 0.0448001 0.0378702 0.0231812 0.0223851 0.0253612 0.0297346 0.0201667 0.0168635 0.018427 0.019804 0.0144695 0.0239081 0.0331366 0.0308972 0.018112 0.0214068 0.0172951 0.0221925 0.0181124 0.0168657 0.0142082 0.00529471 0.00643737 0.00335644 5.02494e-05 0 0 
0 0 0 0 0 0 0.000419308 0.00296422 0.00681973 0.0102436 0.0187882 0.0276389 0.0331807 0.0401718 0.0402917 0.0326705 0.0235033 0.0204126 0.0203773 0.0186044 0.0241324 0.0398026 0.0358989 0.0315466 0.0247475 0.0193806 0.0223923 0.0274245 0.0404052 0.0253137 0.0334045 0.0407172 0.0301648 0.0244288 0.023756 0.0296843 0.0327957 0.0384714 0.0381259 0.0341 0.0305819 0.0348014 0.0353888 0.0289701 0.019468 0.0228464 0.0230308 0.0283123 0.026326 0.0152088 0.0178565 0.0220094 0.0151514 0.0211638 0.0300107 0.0236874 0.0157276 0.0193821 0.0146375 0.0142865 0.0136323 0.0103565 0.0131282 0.00492081 0.00158565 0.000703796 0 0 0 
0 0 0 0 0 0 0.000146394 0.00232692 0.00672698 0.00801818 0.0130797 0.0187573 0.016842 0.0225387 0.0265089 0.0291869 0.0252164 0.0190178 0.019149 0.0275423 0.0327058 0.0339105 0.0305597 0.0234142 0.0206117 0.018334 0.0274175 0.0254462 0.0312933 0.0248509 0.0355711 0.036482 0.0256226 0.0200025 0.019542 0.0260585 0.0335614 0.0332448 0.0311062 0.0285553 0.0260332 0.024978 0.028352 0.0245345 0.0251765 0.0265322 0.0187341 0.0236412 0.0303134 0.0193541 0.0205571 0.0247006 0.0191869 0.0165602 0.0175405 0.0143786 0.016308 0.012392 0.0134022 0.0115076 0.0114227 0.0129814 0.00809799 0.00160506 0.000266307 0 0 0 0 
0 0 0 0 0 0 5.66335e-06 0.000262992 0.000611179 0.00395102 0.0157243 0.0165646 0.00812579 0.00995543 0.0240014 0.026293 0.0290491 0.0215571 0.021729 0.0254699 0.0296928 0.0286127 0.0220425 0.022749 0.0197051 0.0220327 0.0276042 0.0245446 0.0359321 0.0313031 0.0328333 0.0220115 0.0201873 0.017217 0.0262314 0.0308921 0.0314069 0.0301219 0.0225347 0.0188676 0.0183157 0.0166158 0.0288934 0.031123 0.0252898 0.0252026 0.0215852 0.0164372 0.0161037 0.0193014 0.0197341 0.0261316 0.0167911 0.0108191 0.01605 0.0162822 0.01587 0.0146866 0.0118212 0.0128009 0.0164606 0.0223238 0.0166215 0.0017305 1.495e-05 0 0 0 0 
0 0 0 0 0 0 0 0 0.000181607 0.00423984 0.0114533 0.00820911 0.00612258 0.0124522 0.0191795 0.0253961 0.0176235 0.0207207 0.018351 0.0233624 0.0287227 0.0260936 0.0267501 0.020674 0.0217245 0.0262653 0.0336595 0.0403722 0.0304996 0.0217358 0.0213031 0.0191746 0.0255249 0.025734 0.028805 0.0264156 0.0216857 0.023485 0.0293917 0.0230962 0.0176035 0.0185477 0.0283818 0.0251983 0.0259091 0.0296861 0.0232831 0.00890646 0.0106309 0.0155149 0.0160576 0.0212077 0.0157218 0.0142012 0.0212905 0.0196167 0.0151433 0.00837203 0.00774313 0.011993 0.0165621 0.0233235 0.0226269 0.00572085 2.62386e-05 0 0 0 0 
0 0 0 0 0 0 0 0 1.77114e-05 0.00137691 0.00440394 0.00142586 0.00409125 0.0183921 0.0139027 0.0166671 0.013233 0.0214573 0.0198062 0.0287794 0.0300663 0.0263348 0.024681 0.0246938 0.0244724 0.0244749 0.0307369 0.0387038 0.0233036 0.0270527 0.0316524 0.0214366 0.028819 0.0244314 0.0234253 0.0251817 0.0218448 0.0329263 0.0427701 0.0250528 0.0260238 0.0285369 0.0266903 0.0253836 0.0233301 0.0299823 0.0173343 0.00518307 0.00409494 0.00950292 0.0175549 0.0217474 0.0196101 0.0249166 0.0196988 0.0220541 0.0256032 0.0113776 0.00662918 0.0156999 0.0152783 0.0217021 0.0203116 0.00595808 0 0 0 0 0 
0 0 0 0 0 0 0 0 0 1.41729e-05 1.38805e-05 0.000885803 0.00572827 0.0169627 0.0259863 0.0240757 0.0169831 0.022206 0.024579 0.0297815 0.0277021 0.0384482 0.0249102 0.0205472 0.0283671 0.0209332 0.0237615 0.0444556 0.035747 0.0463193 0.037761 0.0226747 0.0194395 0.0274749 0.0278298 0.0224054 0.0231417 0.0277491 0.0344832 0.0330484 0.0314702 0.0350106 0.0271006 0.0198648 0.0236514 0.0199806 0.0111869 0.00345643 0.00491272 0.0109127 0.0113784 0.0136418 0.0156527 0.019282 0.0183783 0.0170186 0.0156887 0.0116568 0.0138197 0.0127846 0.00916647 0.00620957 0.00495886 0.00113295 0 0 0 0 0 
0 0 0 0 0 0 0 0 0 0.000344225 0.000251838 0.000974207 0.00918948 0.0177304 0.020245 0.0189236 0.0190182 0.0296856 0.0282942 0.0298718 0.034285 0.0548585 0.0306844 0.0260374 0.0270756 0.0317921 0.0289005 0.0350033 0.0437694 0.0389586 0.0314051 0.0240236 0.0217565 0.0220608 0.025212 0.0220511 0.0190772 0.0204745 0.0250544 0.0363648 0.0374422 0.0494913 0.030751 0.0157149 0.0126568 0.0207563 0.0157721 0.00253127 0.00282099 0.0119418 0.0157911 0.0138761 0.0165654 0.0123796 0.0151845 0.0128153 0.01193 0.0125452 0.0172406 0.0133114 0.00421903 0.00253161 0.000508939 0 0 0 0 0 0 
0 0 0 0 0 0 0 0 0 0.00011845 8.74344e-05 0.00287647 0.0137574 0.0178234 0.0166797 0.0258296 0.0353342 0.0374345 0.0390907 0.0327273 0.0256483 0.0276054 0.0215184 0.0201251 0.0213393 0.0262326 0.0236824 0.0273621 0.0291249 0.0308202 0.0254837 0.0253536 0.0206748 0.0265971 0.0295033 0.0221771 0.0235726 0.0192706 0.0169049 0.0252043 0.0300646 0.0464927 0.0329501 0.015671 0.016174 0.019679 0.0192822 0.0055484 0.00525345 0.0132601 0.0142716 0.0114667 0.0178168 0.011813 0.00973239 0.0162635 0.0156637 0.0144569 0.0152308 0.012484 0.00509906 0.00248679 0.000154547 0 0 0 0 0 0 
0 0 0 0 0 0 0 0 0 0 0.000304069 0.00162252 0.00464555 0.00840223 0.00969574 0.0294237 0.0698926 0.0508932 0.0321502 0.0307999 0.0228486 0.0151489 0.0159514 0.0222882 0.0208852 0.0184208 0.0234682 0.0172166 0.0185861 0.0166009 0.0213015 0.0221984 0.0301549 0.035443 0.0295215 0.030603 0.0251801 0.0220227 0.0224353 0.0207509 0.0200295 0.0274133 0.0258385 0.0163185 0.0129683 0.0145908 0.0174124 0.0106716 0.0151438 0.0122765 0.0143005 0.0117174 0.00982372 0.00978744 0.0110482 0.0196745 0.012013 0.0100704 0.0117002 0.011214 0.00202492 3.51766e-05 0 0 0 0 0 0 0 
0 0 0 0 0 0 0 0 0 0 0.000140079 0.00123014 0.00381226 0.0112699 0.0120827 0.0239285 0.0484345 0.0333193 0.0227802 0.023192 0.0239848 0.0151673 0.0107946 0.0193718 0.0276397 0.0350485 0.0315465 0.0167909 0.010372 0.0178145 0.0172068 0.0188826 0.0257751 0.028654 0.028981 0.0281224 0.0210619 0.0255507 0.0238991 0.0191953 0.0156501 0.0203331 0.0259876 0.0185158 0.0155439 0.02035 0.0145295 0.0191294 0.0196343 0.0147064 0.0150279 0.0132935 0.00979959 0.00976294 0.0064084 0.00671795 0.00480984 0.00700031 0.00851568 0.0069693 0.000224088 0 0 0 0 0 0 0 0 
0 0 0 0 0 0 0 0 0 0 0 0.0011611 0.0039042 0.0098235 0.0153155 0.0191657 0.0216759 0.0287907 0.0267447 0.0228158 0.0278535 0.0128167 0.00738077 0.0155644 0.028343 0.0274598 0.0395944 0.0106851 0.0049862 0.0104038 0.018083 0.0206915 0.0275029 0.0278827 0.0222757 0.0241585 0.0164282 0.0202551 0.0202897 0.0120497 0.00881233 0.013084 0.01399 0.0147591 0.0191605 0.0206313 0.0136177 0.019637 0.0174799 0.0172357 0.0150381 0.0183078 0.010482 0.00581023 0.00319447 0.00232963 0.00106694 0.00401948 0.00180915 0.000186989 0 0 0 0 0 0 0 0 0 
0 0 0 0 0 0 0 0 0 0 0 0 0.000746506 0.00563429 0.010112 0.0218362 0.0274751 0.0307085 0.030281 0.0270741 0.0210085 0.0108477 0.00383163 0.0148889 0.021972 0.0245502 0.0250425 0.0211034 0.00752446 0.00475034 0.00638813 0.0152871 0.0195738 0.0335564 0.0250723 0.0246136 0.0249273 0.022567 0.0136484 0.00745212 0.00876121 0.0157319 0.0145894 0.0132734 0.0185476 0.0214469 0.020307 0.0209387 0.0141777 0.0122177 0.00656028 0.00992192 0.0143177 0.0078037 0.00409693 0.00181883 0.000518719 0.000416555 0.000133839 0 0 0 0 0 0 0 0 0 0 
0 0 0 0 0 0 0 0 0 0 0 0 0.000121019 0.00114382 0.0103691 0.0261323 0.0303391 0.0260528 0.0225222 0.0192509 0.0182458 0.0078967 0.00454744 0.0170647 0.0164903 0.0162911 0.0255505 0.0290205 0.00970547 0.00695986 0.00200443 0.00763183 0.0123079 0.025141 0.0198506 0.0215359 0.0235393 0.0222851 0.0162804 0.00931428 0.0154144 0.0179608 0.0128865 0.0106824 0.0128208 0.0178584 0.0128432 0.0192009 0.0155391 0.0155903 0.0140873 0.00851671 0.00805354 0.00538712 0.000698914 0.000196493 2.30933e-05 0 0 0 0 0 0 0 0 0 0 0 0 
0 0 0 0 0 0 0 0 0 0 0 0 0 0 0.000986644 0.00972278 0.0165265 0.0169363 0.0170565 0.0222817 0.018011 0.00728849 0.0047927 0.0103835 0.0142537 0.0191272 0.0303749 0.0245461 0.0198546 0.0125676 0.00449561 0.00643296 0.00985456 0.0100326 0.00955102 0.0214479 0.0156415 0.0161328 0.0138162 0.00839412 0.0212767 0.0267258 0.0258229 0.0113075 0.00696992 0.00738325 0.0132726 0.0206938 0.0194025 0.0169997 0.0127744 0.00596756 0.000466565 0 0 0 0 0 0 0 0 0 0 0 0 0 0 0 0 
0 0 0 0 0 0 0 0 0 0 0 0 0 0 0 0.000265658 0.00152941 0.00392124 0.0082953 0.0126426 0.00845209 0.00792019 0.0141862 0.00995691 0.0174185 0.0288251 0.0269242 0.0217895 0.0174885 0.0142638 0.0109836 0.00811703 0.0102869 0.00757766 0.0084235 0.0132843 0.0130671 0.0197581 0.0169931 0.0139438 0.0269224 0.0325229 0.0276176 0.0111081 0.0121153 0.00672638 0.0081292 0.0133628 0.0107438 0.00631249 0.00793744 0.00204237 0.00025229 0 0 0 0 0 0 0 0 0 0 0 0 0 0 0 0 
0 0 0 0 0 0 0 0 0 0 0 0 0 0 0 0 0 0.000254085 0.00243602 0.00351961 0.00315239 0.00781334 0.0243592 0.0108315 0.00648312 0.0160804 0.0302136 0.0298998 0.0188034 0.017488 0.0120008 0.00893787 0.00914241 0.00749198 0.00822042 0.00872319 0.0156542 0.0257097 0.0311205 0.0200746 0.0162267 0.0168406 0.0181978 0.00998745 0.0086508 0.0120717 0.0144971 0.0100925 0.00461219 0.00202205 0.0012661 5.00651e-05 0 0 0 0 0 0 0 0 0 0 0 0 0 0 0 0 0 
0 0 0 0 0 0 0 0 0 0 0 0 0 0 0 0 0 0 7.59044e-06 1.90561e-06 0 0.00159953 0.0141281 0.00987582 0.0026053 0.00535528 0.0218022 0.0261949 0.0130146 0.0147086 0.0187376 0.0164553 0.00798238 0.00318392 0.00531562 0.0124919 0.0157023 0.0343614 0.0384471 0.0276395 0.0189799 0.0173391 0.0173657 0.0177584 0.00858437 0.00621838 0.00730586 0.00935935 0.00511687 0.00141855 0.000131162 0 0 0 0 0 0 0 0 0 0 0 0 0 0 0 0 0 0 
0 0 0 0 0 0 0 0 0 0 0 0 0 0 0 0 0 0 0 0 0 0.000473888 0.00263577 0.000796562 0.000300977 0.00196173 0.00865632 0.00793742 0.00590929 0.0151551 0.0158467 0.013649 0.00545424 0.00223199 0.00399452 0.0108735 0.0122266 0.0162539 0.024845 0.0240907 0.0222575 0.0267064 0.0258893 0.0119104 0.0034373 0.00183369 0.00178978 0.00151844 0.000733943 0 0 0 0 0 0 0 0 0 0 0 0 0 0 0 0 0 0 0 0 
0 0 0 0 0 0 0 0 0 0 0 0 0 0 0 0 0 0 0 0 0 0 0 0 0 0 0.000315486 0.00133392 0.00470818 0.0126123 0.0129343 0.0109584 0.00276259 0.000956934 0.00066618 0.00212776 0.00656169 0.0101359 0.0172255 0.0209202 0.0194842 0.0215274 0.0118744 0.00104237 2.59964e-05 0.000255239 5.51052e-06 7.65037e-06 0 0 0 0 0 0 0 0 0 0 0 0 0 0 0 0 0 0 0 0 0 
0 0 0 0 0 0 0 0 0 0 0 0 0 0 0 0 0 0 0 0 0 0 0 0 0 0 0.000118126 0.000447726 0.00141244 0.00207444 0.00270106 0.00111585 0.000117377 0 6.02111e-05 0.000220606 0.000656505 0.0047236 0.00497911 0.0063538 0.00772752 0.0047428 0.00014358 0 0 0 0 0 0 0 0 0 0 0 0 0 0 0 0 0 0 0 0 0 0 0 0 0 0 

