0 0 0 0 0 0 0 0 0 0 0 0 0 0 0 0 0 0 0 0 0 0 0 0 0 0 0 0 0 6.38938e-05 9.14376e-05 7.26292e-07 3.10026e-07 0 0 1.56369e-05 0.00107192 0.000750295 0.000123339 5.38463e-05 2.62332e-05 0 0 0 0 0 0 0 0 0 0 0 0 0 0 0 0 0 0 0 0 0 0 0 0 0 0 0 0 
0 0 0 0 0 0 0 0 0 0 0 0 0 0 0 0 0 0 0 0 0 0 0 0 0 6.89633e-05 0.000627066 0.00302929 0.00456651 0.00530262 0.0054534 0.00311604 0.00186977 0.00036654 0.00031961 0.000390612 0.00842979 0.0111961 0.00613525 0.00502151 0.00290923 0.00204366 0.000594566 4.87974e-07 0 0 0 0 0 0 0 0 0 0 0 0 0 0 0 0 0 0 0 0 0 0 0 0 0 
0 0 0 0 0 0 0 0 0 0 0 0 0 0 0 0 0 0 0 0 0 0 0 0 0 0.000196135 0.00208179 0.00799095 0.0126925 0.0206838 0.0163241 0.0159551 0.00984333 0.00848625 0.00592022 0.00539085 0.0143954 0.0223277 0.0188761 0.0132011 0.00876325 0.0136583 0.00616351 0.000922962 0.00415524 0.0033844 0.000818653 8.22882e-05 0 0 0 0 0 0 0 0 0 0 0 0 0 0 0 0 0 0 0 0 0 
0 0 0 0 0 0 0 0 0 0 0 0 0 0 0 0 0 0 0 0 0 0.000763363 0.0022768 0.00321822 0.0008082 0.000656078 0.000226761 0.00289575 0.00472267 0.0108864 0.0151035 0.0181482 0.0216236 0.0176358 0.0140938 0.0135102 0.0203983 0.022751 0.0278986 0.0252009 0.0160959 0.0186719 0.0153338 0.00766862 0.0158047 0.0149712 0.00772115 0.00215203 1.26169e-05 0 0 0 0 0 0 0 0 0 0 0 0 0 0 0 0 0 0 0 0 
0 0 0 0 0 0 0 0 0 0 0 0 0 0 0 0 0 0 0.000122779 0.000584303 0.000920256 0.00488318 0.010761 0.0125108 0.0105271 0.00655262 0.00315679 0.00174917 0.00501261 0.00660693 0.00837467 0.0161779 0.0172906 0.0219049 0.0191187 0.018729 0.0241394 0.0258565 0.0352614 0.0310766 0.0206648 0.0193571 0.0212384 0.0192292 0.0168268 0.0108858 0.0109473 0.00351072 0.00227483 0.00302307 0.000548323 7.86472e-06 0 0 0 0 0 0 0 0 0 0 0 0 0 0 0 0 0 
0 0 0 0 0 0 0 0 0 0 0 0 0 0 0 0 1.89629e-06 5.12849e-05 0.00234275 0.00605873 0.0112497 0.011592 0.0136338 0.0173136 0.0152692 0.0114954 0.00743352 0.00791418 0.0113571 0.0167035 0.0143824 0.0210378 0.0198225 0.0151216 0.0147932 0.0209026 0.0277908 0.044389 0.0499759 0.0339954 0.0228992 0.0225573 0.0244488 0.0213318 0.0268511 0.0207515 0.0198265 0.0161598 0.0151906 0.0182873 0.0119566 0.00627119 0.00124658 0.00011605 0 0 0 0 0 0 0 0 0 0 0 0 0 0 0 
0 0 0 0 0 0 0 0 0 0 0 0 0 0 0 0.000534842 0.00136098 0.00538926 0.00797755 0.0160426 0.0213456 0.0193485 0.0137101 0.0155062 0.0154698 0.014067 0.0112943 0.0106281 0.0161842 0.0213451 0.0165482 0.0245557 0.0228866 0.0240556 0.0208805 0.0180102 0.0225286 0.0251354 0.0294262 0.0200722 0.0214313 0.0239948 0.0217871 0.0209235 0.028708 0.0222306 0.0151193 0.0163145 0.024401 0.0265954 0.022034 0.012407 0.00931389 0.00355739 0 0 0 0 0 0 0 0 0 0 0 0 0 0 0 
0 0 0 0 0 0 0 0 0 0 0 0 0 0 0.000496419 0.00383278 0.0113046 0.0118368 0.0140679 0.017561 0.0195223 0.0144197 0.0144779 0.0152843 0.0132578 0.0147878 0.015298 0.011876 0.0126721 0.0231832 0.0190122 0.0235054 0.023299 0.0284006 0.0254697 0.0159654 0.0154837 0.0197708 0.0129274 0.0195227 0.0206619 0.0197014 0.0177118 0.0161817 0.0231944 0.0207685 0.0190839 0.0202344 0.0266143 0.0217754 0.0198266 0.0204255 0.0195594 0.00659691 0.000163924 0 0 0 0 0 0 0 0 0 0 0 0 0 0 
0 0 0 0 0 0 0 0 0 0 0 0 0.00010189 0.000914993 0.00551373 0.0124832 0.017549 0.0152324 0.0143478 0.0188551 0.018411 0.0140084 0.010549 0.0147728 0.0135494 0.015536 0.0125332 0.0127017 0.0179571 0.0203186 0.0168581 0.0280717 0.0286124 0.0273849 0.0308981 0.0224179 0.0169387 0.0167034 0.0145087 0.016919 0.0225204 0.0246657 0.0154381 0.0155451 0.0237669 0.0248134 0.0174887 0.0221613 0.019114 0.0252929 0.0220979 0.0177458 0.0172 0.00993776 0.00331222 9.32793e-05 0.000113302 0 0 0 0 0 0 0 0 0 0 0 0 
0 0 0 0 0 0 0 0 0 0 0 4.68333e-05 0.000860691 0.00728446 0.0127897 0.00924855 0.00995177 0.0159625 0.0155839 0.0130327 0.0206357 0.0223729 0.0196821 0.0167645 0.0132047 0.0154427 0.0125217 0.0136091 0.0191226 0.0147387 0.0169012 0.024322 0.0223659 0.0257353 0.0314375 0.0241061 0.0174949 0.014788 0.0175887 0.0195476 0.0278435 0.0263493 0.0228718 0.0146637 0.0175455 0.0290447 0.0211922 0.0177238 0.0261917 0.0334108 0.0356062 0.032276 0.0278285 0.0154629 0.00734754 0.000916725 0.00215564 0.000609987 2.72343e-05 4.25556e-07 0 0 0 0 0 0 0 0 0 
0 0 0 0 0 0 0 0 0 0 5.42589e-05 0.00235937 0.00385609 0.0043127 0.0090762 0.00702599 0.00622563 0.004044 0.00749534 0.0114394 0.0192508 0.0261653 0.0200303 0.0150964 0.0174435 0.0144581 0.016433 0.0198379 0.0223565 0.0120032 0.0113607 0.0163516 0.0274089 0.0256666 0.0250843 0.0272915 0.0242956 0.0169911 0.0162532 0.021979 0.0264766 0.0226973 0.0195545 0.0200319 0.0219792 0.026079 0.0209615 0.0155818 0.0290535 0.0259435 0.0288631 0.0362884 0.0365916 0.0229677 0.0117033 0.00245941 0.00406641 0.00118808 0.00121807 0.000161258 0 0 0 0 0 0 0 0 0 
0 0 0 0 0 0 0 0 0 0 0.000114066 0.00312386 0.00736421 0.00691296 0.00551999 0.00556756 0.00649566 0.00551131 0.00531588 0.00653833 0.0113279 0.0115924 0.00865661 0.00821545 0.013115 0.0150211 0.0212384 0.0243615 0.0272688 0.0156571 0.012239 0.0199514 0.0250534 0.0234608 0.0226573 0.0224121 0.0267966 0.0252956 0.0205944 0.0125185 0.0157037 0.0177208 0.018515 0.0188494 0.0238194 0.0205488 0.0203941 0.0229356 0.0269542 0.0247692 0.0191242 0.0200829 0.0222138 0.0233305 0.0166288 0.0127074 0.0045717 0.00262847 0.00854814 0.00579147 0.000558388 0 0 0 0 0 0 0 0 
0 0 0 0 0 0 0 0 0 0 0.0001571 0.000708594 0.00621777 0.00818536 0.00479973 0.00452697 0.00886311 0.0121483 0.0139454 0.00621359 0.0101832 0.00637413 0.00475752 0.00749624 0.0117719 0.0166284 0.0210775 0.0226718 0.0202933 0.0197842 0.0167865 0.0246901 0.026286 0.0216951 0.0194582 0.0225842 0.0275122 0.0325298 0.0301131 0.0202819 0.0185238 0.019324 0.0178839 0.0206268 0.0220053 0.0186043 0.0178878 0.0220356 0.0201468 0.0225867 0.0142507 0.0168862 0.0176487 0.0271831 0.0245293 0.0192501 0.0129086 0.0103876 0.0132274 0.0144554 0.00263429 1.7134e-05 0 0 0 0 0 0 0 
0 0 0 0 0 0 0 0 0 0.000289739 0.00138763 0.0023315 0.0036894 0.00255536 0.00449454 0.00625642 0.0103541 0.0104144 0.0115539 0.0114463 0.0159833 0.00931735 0.00943278 0.0164321 0.0135328 0.0150181 0.0203981 0.0209846 0.0192561 0.0189105 0.0242714 0.0275728 0.026902 0.0160703 0.0174662 0.0232044 0.0234059 0.0259693 0.0210885 0.0183676 0.0151798 0.0209226 0.0168236 0.0218923 0.0200189 0.0130406 0.0169312 0.0214162 0.0185441 0.0218119 0.0143532 0.0174452 0.0209431 0.0198944 0.0213772 0.0205721 0.0169295 0.0173721 0.0151836 0.0219853 0.0103409 0.00179852 0 0 0 0 0 0 0 
0 0 0 0 0 0 0 0 0 0.000816035 0.00270182 0.00304392 0.00244677 0.0020474 0.00484515 0.00990774 0.0150745 0.0196383 0.0130247 0.0142728 0.0140722 0.0126505 0.0176925 0.0192026 0.0159558 0.0162458 0.0188637 0.0132995 0.0157853 0.0202409 0.0195697 0.0257501 0.0290865 0.0181122 0.0177514 0.0204352 0.0180243 0.0174711 0.0177828 0.0182301 0.0202914 0.0231085 0.0193042 0.0224883 0.0209928 0.0162614 0.0165425 0.0207399 0.0142415 0.0145645 0.01692 0.0151515 0.0181543 0.0126427 0.0150166 0.0178691 0.0258921 0.0255334 0.022221 0.0299591 0.0222098 0.00721498 0.000944532 0 0 0 0 0 0 
0 0 0 0 0 0 0.000524519 0.00101628 0.000745774 0.0002966 0.00114535 0.00441835 0.00471793 0.00436568 0.00420092 0.01436 0.0220917 0.0235866 0.0204503 0.0138024 0.0139494 0.0148631 0.0214017 0.022118 0.0173496 0.0169056 0.018962 0.0148719 0.0194115 0.0158929 0.0189383 0.0239982 0.0254397 0.0162414 0.0180582 0.0154898 0.0132775 0.0188349 0.0205658 0.0166461 0.0171057 0.0197922 0.0199374 0.0223907 0.0291735 0.0219693 0.0184705 0.0202979 0.0215229 0.0166384 0.0168714 0.014519 0.0165788 0.0145876 0.015989 0.0228842 0.0270122 0.0289948 0.0321186 0.0314766 0.0292713 0.0127568 0.00157724 0 0 0 0 0 0 
0 0 0 0 0 0 0.000512805 0.00167939 0.00397488 0.00117757 0.000278488 0.00398553 0.00907799 0.00988812 0.00472193 0.0137515 0.0244481 0.0232375 0.0185152 0.0162516 0.0197888 0.0147451 0.0140593 0.0168392 0.0198806 0.0186197 0.0163702 0.014759 0.0188421 0.0182774 0.0169275 0.0232039 0.025576 0.0198101 0.0190984 0.0198151 0.0179964 0.0189312 0.0156202 0.0166843 0.0140696 0.0205668 0.0173331 0.0200626 0.021285 0.0245784 0.0181766 0.0260758 0.0251011 0.0227421 0.0209045 0.0208568 0.0233105 0.0189317 0.0201026 0.0158109 0.0101754 0.0226029 0.0298447 0.0290123 0.0257433 0.0210172 0.00635291 0.00156844 1.16002e-05 0 0 0 0 
0 0 0 0 0 0.000266823 0.00108943 0.00508412 0.0101101 0.00384178 0.000965655 0.00676871 0.0313048 0.0616614 0.0221517 0.0114727 0.0238832 0.0187366 0.0144391 0.0192749 0.020887 0.0186139 0.015744 0.0202678 0.0220412 0.0269209 0.0176319 0.0171941 0.0222814 0.0234338 0.0201186 0.0175728 0.0200843 0.0178384 0.0175531 0.0157901 0.0177406 0.0197972 0.0190056 0.0201624 0.0167779 0.0153899 0.0221652 0.0192189 0.0183836 0.013917 0.0187657 0.0231584 0.0203207 0.0152803 0.0170117 0.0205816 0.0227499 0.0243215 0.0175729 0.0100488 0.0113181 0.0235563 0.0286614 0.0260432 0.030178 0.0368821 0.032228 0.0166183 0.00135819 0 0 0 0 
0 0 0 0 0 0.000944345 0.00515265 0.00964223 0.0114689 0.0090259 0.00678595 0.00792329 0.0355024 0.080812 0.0396499 0.00802557 0.012659 0.0154121 0.0152267 0.0188131 0.0181046 0.0147454 0.0158752 0.0213233 0.0302397 0.0239882 0.0218407 0.0205963 0.0227368 0.0210214 0.0155355 0.0145754 0.0214449 0.0206946 0.0236647 0.0274937 0.025915 0.0217548 0.0205917 0.0211697 0.0153043 0.0129582 0.014748 0.0188185 0.0251192 0.0198738 0.0243134 0.0233356 0.0234189 0.0202042 0.0176482 0.0145848 0.020407 0.0225022 0.0165791 0.0202635 0.0221328 0.0248559 0.0274282 0.0223963 0.0189129 0.0285261 0.0287779 0.0197184 0.00611957 0.000164631 0 0 0 
0 0 0 0 0 0.00268145 0.00668477 0.0114786 0.011731 0.0115656 0.0133597 0.00879368 0.0118263 0.0245961 0.0159311 0.0102348 0.0062472 0.0112256 0.0186652 0.0159743 0.0148865 0.0170498 0.0160176 0.0190658 0.0358572 0.0211442 0.0207232 0.0194087 0.0278037 0.0260466 0.0185535 0.0236873 0.0285873 0.0361621 0.0509585 0.046552 0.0384006 0.0271237 0.0211447 0.0228817 0.0187176 0.0145582 0.0194751 0.0163597 0.0238503 0.0263604 0.0239906 0.0196556 0.0259876 0.0214418 0.0179195 0.0130367 0.0137561 0.0179338 0.0183932 0.0163475 0.0252123 0.0337424 0.0266748 0.0236941 0.0147282 0.0150262 0.012044 0.0165109 0.01024 0.00140337 0 0 0 
0 0 0 0 0.000595771 0.00340927 0.00902567 0.0143242 0.0135787 0.0111834 0.00847131 0.00913913 0.00867199 0.0119064 0.0120373 0.00927333 0.0092157 0.0138 0.015438 0.0179079 0.0231095 0.018026 0.0106942 0.0169979 0.0182076 0.0156778 0.0211945 0.0254527 0.0199489 0.018244 0.0159736 0.0203099 0.0215642 0.0404598 0.0648023 0.0473316 0.0328591 0.0264202 0.0248296 0.019621 0.0131702 0.0132623 0.0170339 0.0201147 0.0230097 0.0281599 0.0274457 0.0251876 0.0264133 0.0180696 0.0171438 0.0156546 0.0166416 0.0195789 0.0178716 0.00975082 0.0196632 0.0239187 0.0183494 0.0257157 0.0130207 0.0183886 0.0131491 0.0113736 0.0111002 0.00418503 0.000336969 0 0 
0 0 0 0.000468623 0.00534627 0.0104285 0.0152332 0.0164877 0.011193 0.010778 0.0104363 0.0106768 0.0138954 0.0153036 0.0127507 0.0117015 0.00692438 0.0151852 0.0180986 0.0157346 0.0219301 0.026941 0.0197495 0.0171454 0.0170232 0.0130835 0.0163948 0.0205119 0.0206206 0.0205975 0.01991 0.0185192 0.022276 0.0345416 0.054445 0.0429544 0.0267521 0.0226177 0.0191265 0.0171598 0.0149933 0.0178184 0.0172623 0.0255578 0.0230047 0.0233087 0.027105 0.0187038 0.0222235 0.0174732 0.0162038 0.0179775 0.0188359 0.0174501 0.0276682 0.0221538 0.0235719 0.0166892 0.0154597 0.0161789 0.0135973 0.0165177 0.0112703 0.0152134 0.0200295 0.0144458 0.000991239 0 0 
0 0 3.2498e-05 0.0033549 0.00968165 0.0140208 0.0177257 0.0154509 0.00951928 0.0121805 0.0170535 0.0188486 0.0196244 0.0158996 0.0149947 0.0103136 0.00995013 0.0171991 0.0199974 0.02263 0.0182365 0.0247525 0.0234458 0.0201293 0.0165343 0.0204972 0.0172138 0.0167782 0.0235586 0.0243356 0.0201509 0.0171084 0.0236429 0.0281231 0.028001 0.029071 0.0364617 0.0300898 0.0234517 0.0185176 0.0218834 0.0235069 0.0296072 0.0252237 0.0219159 0.0226019 0.0197358 0.0192329 0.0265316 0.0189892 0.0187721 0.021532 0.0295109 0.0251815 0.0267963 0.0241438 0.027282 0.0192033 0.0139288 0.0187813 0.0215808 0.0219712 0.0160465 0.0187358 0.0309261 0.0204226 0.00176165 0 0 
0 0 0.000457107 0.00606548 0.0122601 0.01357 0.0130293 0.0148442 0.0122194 0.0170854 0.0171932 0.0174681 0.0185669 0.0227295 0.0209841 0.0202774 0.0153112 0.0154074 0.0193625 0.0198049 0.0157395 0.020314 0.0239696 0.0241911 0.0233875 0.0208916 0.0208224 0.0215301 0.0204414 0.0241965 0.0208191 0.0277366 0.0217098 0.021626 0.0220272 0.0181441 0.0228801 0.025564 0.0197511 0.0206331 0.0219528 0.0224509 0.0221376 0.0175296 0.0144458 0.013883 0.0176638 0.0264541 0.0233762 0.0178858 0.0215188 0.0213589 0.0320993 0.0339032 0.0268871 0.0231429 0.0169652 0.0161003 0.00818088 0.0223332 0.0237334 0.0215187 0.0246528 0.0217998 0.0286011 0.0353161 0.00410237 0 0 
0 0 0.00248585 0.00990248 0.0174251 0.0145228 0.0119345 0.0127575 0.0104641 0.0109475 0.0147136 0.0165162 0.0171307 0.018416 0.016529 0.0181586 0.0165643 0.0139282 0.0163919 0.0210233 0.0205709 0.0193915 0.0190511 0.0173659 0.0254038 0.0229611 0.0231273 0.0236465 0.023541 0.0309165 0.0368456 0.0320378 0.0249917 0.0146081 0.0190277 0.0177565 0.0236826 0.0223426 0.0228128 0.0215587 0.0209961 0.0168286 0.0218489 0.0184594 0.0169062 0.0150078 0.0201466 0.0240971 0.0266962 0.0215714 0.0210304 0.028011 0.0383532 0.0310551 0.0192069 0.0177021 0.0137834 0.013673 0.00820417 0.0213354 0.0223743 0.0216071 0.0220863 0.0196832 0.0157735 0.0156041 0.0025347 0 0 
0 0 0.00195091 0.00817357 0.0147179 0.012368 0.00934923 0.0123315 0.0131565 0.0116985 0.0166855 0.0166564 0.0152354 0.01698 0.0203529 0.0270061 0.020148 0.0194143 0.0176357 0.0188983 0.0241903 0.0149423 0.0159883 0.017746 0.0245529 0.0256925 0.0238723 0.0236547 0.0220335 0.0379741 0.0363255 0.0279368 0.0241008 0.017785 0.0216775 0.0285526 0.0385695 0.0209202 0.0241431 0.0271371 0.0222041 0.0168344 0.0148705 0.0117436 0.0226705 0.020255 0.020156 0.0204 0.0207216 0.0172921 0.0206194 0.0201127 0.0294139 0.0252604 0.0178217 0.0181984 0.015322 0.0173462 0.0180316 0.0203979 0.0228307 0.0203784 0.018122 0.018441 0.011705 0.00453716 0.00123479 0.000624717 8.80373e-05 
0 0.000478261 0.00437087 0.00797109 0.0107606 0.0115971 0.0143429 0.018524 0.0152127 0.0155239 0.0202957 0.0126438 0.0165055 0.014698 0.0214474 0.0262906 0.0213547 0.0220202 0.0203608 0.0210442 0.0244971 0.0145423 0.0126187 0.0166375 0.0237793 0.0307851 0.0244926 0.021783 0.0277468 0.0332732 0.0309036 0.0268832 0.027828 0.019831 0.0232873 0.035035 0.0313905 0.0217569 0.0256013 0.032733 0.0241215 0.0232914 0.0185734 0.0136536 0.0173955 0.0189791 0.0203297 0.0203638 0.0197267 0.0246271 0.0217799 0.0197651 0.017175 0.0136866 0.0191642 0.0191528 0.0203969 0.013523 0.0209481 0.0184928 0.0161141 0.0183445 0.0205892 0.01903 0.0124863 0.00526519 0.00533618 0.00241974 7.92546e-05 
0 0.0013192 0.00861049 0.00869097 0.0109828 0.0152581 0.0205249 0.0187716 0.0209125 0.017857 0.0131856 0.014708 0.0134519 0.0139733 0.0133508 0.016293 0.0176137 0.0181825 0.0177616 0.0250495 0.0213165 0.0173683 0.0197305 0.0177855 0.0186895 0.0283535 0.0218009 0.0256627 0.0294107 0.0219227 0.0223004 0.0239441 0.0277562 0.0306206 0.0382378 0.03567 0.0241163 0.0140491 0.0216891 0.0361129 0.0323367 0.0232346 0.0200116 0.0158233 0.0160709 0.0277896 0.0210628 0.0230807 0.0285478 0.0297169 0.0196643 0.0152399 0.013598 0.0126833 0.01245 0.0206691 0.0178273 0.0151703 0.0163267 0.0128057 0.00982665 0.015657 0.0186523 0.0138144 0.0131039 0.00547732 0.00261654 0.000753543 1.57146e-05 
0 0.00212883 0.00983833 0.013046 0.0136035 0.0145962 0.0123625 0.00649995 0.0127197 0.0180907 0.0189797 0.0176045 0.0139691 0.0129171 0.0137812 0.0184434 0.0143082 0.0192121 0.0199645 0.0158855 0.0162303 0.0236426 0.0224559 0.0251251 0.0208875 0.0233151 0.0200384 0.0235909 0.0259307 0.0190858 0.0156329 0.0236909 0.0317449 0.0293382 0.0306743 0.0385196 0.0329132 0.0224701 0.0146167 0.0225013 0.0247959 0.021097 0.0200478 0.0168542 0.0154785 0.0226274 0.0271434 0.0293811 0.0231643 0.0266847 0.0221676 0.0154686 0.0122861 0.0145661 0.0143799 0.0146861 0.0202029 0.022535 0.0221837 0.016247 0.016403 0.0179654 0.0198842 0.0106578 0.0110021 0.013745 0.00642613 0.00631568 0.000519112 
7.68427e-06 0.00463729 0.0144456 0.0222791 0.0122446 0.011924 0.00894876 0.00582997 0.0055992 0.0131553 0.0185423 0.0258835 0.0207158 0.0206781 0.0223358 0.0209023 0.0160055 0.0185519 0.0223896 0.0164242 0.0153718 0.0135407 0.0139095 0.0157548 0.0172088 0.0174897 0.0155157 0.0169721 0.0167289 0.023141 0.0160378 0.0245318 0.0229725 0.0300996 0.0313596 0.034069 0.0420271 0.0302829 0.0187807 0.0206594 0.0240731 0.0210478 0.0236564 0.0204818 0.0159356 0.020839 0.0306971 0.0331091 0.0245252 0.0233208 0.0237172 0.0183547 0.0189028 0.0270333 0.0236201 0.0205303 0.023383 0.0226266 0.0284565 0.0200978 0.0166313 0.0137744 0.0133606 0.0145933 0.0129337 0.014827 0.012185 0.00704033 0.00113899 
2.12907e-05 0.00553631 0.017047 0.0200076 0.0133501 0.00875813 0.010346 0.00983513 0.004159 0.0116988 0.0150397 0.0236023 0.0242795 0.0234715 0.0239967 0.0170011 0.0191785 0.0196104 0.0258637 0.0145422 0.0178962 0.0226504 0.0212171 0.0244047 0.0252131 0.0267455 0.0217469 0.0158676 0.0189414 0.0239548 0.0206691 0.0268863 0.029352 0.0342679 0.0234079 0.023471 0.0358341 0.0379905 0.0236007 0.0212649 0.0261822 0.0230054 0.0222157 0.0185062 0.0187197 0.0212638 0.0232978 0.0321703 0.032251 0.0232684 0.0280999 0.0230166 0.0282049 0.033393 0.031892 0.0272152 0.0237864 0.0227965 0.0237554 0.0176576 0.0134137 0.0167027 0.0193906 0.0161503 0.0137811 0.0180798 0.017205 0.00533711 0.000553969 
0 0.00382152 0.0180863 0.0217216 0.0124544 0.00959724 0.0121429 0.0165147 0.00838791 0.00848245 0.0103684 0.014857 0.0213998 0.0156702 0.0150288 0.0169648 0.0167225 0.0172547 0.0208426 0.0171379 0.0221464 0.0378673 0.0293646 0.0339811 0.0461941 0.0599454 0.0280775 0.0221496 0.0206351 0.0207372 0.0201947 0.0240678 0.0246823 0.0300008 0.0198021 0.0184011 0.0317063 0.0320971 0.0214625 0.0196891 0.0270633 0.0211551 0.0220026 0.0329385 0.032973 0.0254379 0.0238223 0.0278887 0.030113 0.0239047 0.0282822 0.0194668 0.0223205 0.0261355 0.0310102 0.0336945 0.0311668 0.0312682 0.026999 0.0203356 0.0223678 0.0184509 0.0249038 0.0164993 0.02014 0.0318514 0.0166891 0.00281807 0.000150019 
0 0.00136397 0.0129558 0.016863 0.0151096 0.0102887 0.0178251 0.0220112 0.0123865 0.00923794 0.00980654 0.0153571 0.0181878 0.0178613 0.0169318 0.0192257 0.0195665 0.0207948 0.0232183 0.0197546 0.0233808 0.0292689 0.0244663 0.0400357 0.0506909 0.0413688 0.0250615 0.0196646 0.0252555 0.0271118 0.0209266 0.0197889 0.0219316 0.0205858 0.0235579 0.0193323 0.0272762 0.0266892 0.0257981 0.0196297 0.0203594 0.0229602 0.0278201 0.0418764 0.0466786 0.0349413 0.0369865 0.0339669 0.0272011 0.0269813 0.0269105 0.0205117 0.0217724 0.0245227 0.0344871 0.0435242 0.035299 0.0311132 0.0349853 0.0339249 0.0320937 0.0263558 0.0219455 0.0177151 0.0299685 0.0322654 0.0132283 0.00287794 2.63807e-05 
0 0.00107244 0.0070687 0.0122187 0.0205969 0.013294 0.0131651 0.0220582 0.0182764 0.0111954 0.0125014 0.0153822 0.0159576 0.0199882 0.0155311 0.0153044 0.0166766 0.0130774 0.0185381 0.0201191 0.0163168 0.0190449 0.0235974 0.0344737 0.0276532 0.0367383 0.0222002 0.01854 0.0177813 0.0198944 0.0255495 0.0207487 0.0192598 0.0216414 0.0212031 0.0310495 0.0342983 0.0298076 0.0257052 0.0187059 0.0184192 0.0161357 0.032295 0.0376517 0.0335095 0.0304481 0.024593 0.0349377 0.0270556 0.0248276 0.0311861 0.0188868 0.0199557 0.0261947 0.034107 0.0402925 0.0420839 0.0313194 0.0374259 0.0372743 0.0295075 0.0267292 0.0205121 0.0209438 0.0334144 0.0303685 0.0118006 0.00430864 0.0008001 
1.1919e-05 0.00182266 0.00722541 0.0154057 0.0180371 0.0151795 0.0141559 0.0167755 0.0156856 0.019949 0.0120011 0.0156173 0.0133272 0.0172308 0.0151368 0.0160853 0.00976516 0.0135009 0.0200784 0.0155927 0.0159155 0.0195199 0.0263226 0.0427226 0.0290431 0.0255878 0.0234984 0.0213202 0.0246696 0.0185942 0.0219712 0.0192948 0.0206997 0.0196896 0.0277572 0.0607261 0.0341919 0.0331758 0.0247795 0.0192204 0.017777 0.0184663 0.0260462 0.0324265 0.0319755 0.0249106 0.0195414 0.0226224 0.0215738 0.0243362 0.024263 0.020057 0.0160046 0.0192454 0.0326279 0.0367932 0.0401587 0.0320026 0.0294072 0.0290766 0.0292113 0.0231304 0.0207957 0.0242512 0.0350258 0.0333317 0.0167872 0.00987152 0.00186083 
0.000362898 0.00704431 0.00980705 0.0105434 0.0103963 0.0112644 0.0148527 0.0168687 0.0173512 0.0142406 0.00845029 0.00922987 0.00686834 0.0088554 0.0111754 0.0126342 0.0129728 0.0115502 0.0156407 0.0193106 0.016007 0.0179279 0.0359818 0.040636 0.0231132 0.0205191 0.0207359 0.0186288 0.0207764 0.0221992 0.0272055 0.0204785 0.0223557 0.027905 0.0500153 0.0522322 0.0356005 0.0317167 0.0230361 0.0201357 0.0176734 0.0152557 0.0276712 0.0312004 0.027601 0.0217439 0.0121795 0.0210925 0.0259601 0.0306181 0.0275326 0.0237257 0.0238014 0.0180445 0.0205839 0.0269361 0.0313455 0.0296482 0.022133 0.0248087 0.0289759 0.0333128 0.0313983 0.0317956 0.0313363 0.0307766 0.0231538 0.0206516 0.00535818 
0.00118253 0.00697944 0.00277162 0.00385249 0.00228729 0.0081078 0.0164482 0.0265215 0.0238663 0.0111375 0.00756698 0.00681366 0.00460291 0.0103943 0.0177056 0.0152564 0.0164239 0.0170046 0.0142534 0.0235217 0.0225801 0.0254926 0.0444472 0.0234525 0.0164713 0.0161728 0.0193128 0.0208026 0.0229023 0.0196531 0.0267162 0.0234712 0.0374962 0.0562607 0.0588864 0.0373214 0.0279492 0.0303953 0.031639 0.0237703 0.0242246 0.0230432 0.0262174 0.0323368 0.021498 0.013325 0.0141546 0.0229678 0.0233918 0.0272089 0.0282559 0.0272196 0.0244221 0.0207867 0.0229492 0.0226085 0.0243893 0.0231761 0.0234259 0.0200592 0.0227477 0.0253923 0.0342616 0.0338526 0.0278564 0.0329844 0.0291702 0.0210943 0.00274017 
0.000121116 0.000213418 0 0.000302363 0.00118561 0.00541843 0.00908862 0.0183618 0.0147453 0.0190381 0.0111355 0.00911173 0.00804011 0.0123272 0.0177822 0.0176039 0.0147184 0.0192761 0.0219935 0.0246108 0.0187861 0.030715 0.0400677 0.0235351 0.0198981 0.019624 0.0185222 0.0165024 0.0202983 0.0315962 0.0323109 0.0341233 0.0445098 0.0474884 0.038114 0.0306844 0.0210552 0.0187749 0.0245762 0.0288105 0.0322673 0.0331931 0.0272298 0.0317401 0.0253649 0.0163912 0.0161862 0.0185599 0.0237284 0.0214227 0.0210214 0.0205687 0.0278165 0.0286303 0.0298521 0.0202052 0.0226691 0.0217084 0.0216291 0.0210642 0.02386 0.0218808 0.0252124 0.0268428 0.0290387 0.0357274 0.0246672 0.010294 0.000894411 
0 0.00210895 0.00458792 0.00225754 0.00225381 0.0111295 0.0114779 0.015974 0.0110266 0.0118255 0.0123859 0.00874419 0.00970761 0.0148865 0.0134922 0.014874 0.0153775 0.017642 0.0223716 0.0204837 0.0358028 0.0587932 0.0280237 0.0237562 0.0211779 0.0167925 0.0144543 0.0134902 0.0207199 0.0299494 0.046152 0.0555016 0.0328682 0.0357507 0.0251995 0.0288262 0.0228625 0.0200286 0.0244463 0.031428 0.0296763 0.0333656 0.027955 0.0296834 0.0335829 0.0218406 0.0170379 0.0232919 0.026849 0.0205696 0.0182855 0.026486 0.0398357 0.0396967 0.0591847 0.0344662 0.02052 0.0175087 0.0194784 0.0165496 0.019851 0.0209995 0.0238496 0.0270866 0.0264693 0.0279338 0.0248208 0.00753819 0.00021022 
1.71254e-06 0.00244678 0.00872243 0.00766146 0.00328561 0.0106319 0.00589794 0.010148 0.00694348 0.00735492 0.00971229 0.0114919 0.0123707 0.0136154 0.0119652 0.0153118 0.0208054 0.0159461 0.0140817 0.0169629 0.0289271 0.0307504 0.0213521 0.0193103 0.0196963 0.0169006 0.0171115 0.0135279 0.0206383 0.0324837 0.0550555 0.0741494 0.0358761 0.0327789 0.0254411 0.0274386 0.0309578 0.0252066 0.0280558 0.026254 0.0253353 0.0294586 0.0262308 0.0265074 0.0271989 0.0243722 0.0184196 0.0213584 0.0217416 0.0218117 0.019495 0.0360359 0.0384176 0.0356418 0.0428232 0.0327323 0.0305579 0.0213268 0.0255956 0.0225949 0.0147569 0.0156196 0.0205084 0.0272617 0.0298384 0.0256516 0.017187 0.00450667 0 
4.82332e-06 0.00191286 0.00277786 0.000288317 0.00261059 0.00714343 0.00493777 0.0129391 0.00903467 0.0087782 0.0111979 0.0176002 0.0203764 0.0155429 0.0116464 0.0184369 0.0214469 0.0196335 0.0234541 0.0240315 0.0174934 0.0183121 0.0190978 0.0183237 0.0192216 0.0162052 0.0218717 0.0172154 0.0190545 0.0249303 0.0327801 0.0448259 0.0361777 0.0269723 0.0212926 0.0305916 0.0319864 0.0253711 0.0376892 0.0228934 0.0305132 0.0249296 0.0270677 0.0279456 0.0320301 0.0346471 0.0264265 0.0293341 0.0273112 0.0271602 0.0269374 0.0258401 0.03204 0.0376812 0.0367547 0.0356 0.0308156 0.0313967 0.0283284 0.0185282 0.0110555 0.0117423 0.0116343 0.0244028 0.0266661 0.022095 0.00853169 0.00500064 0.000223358 
0 0.000214319 0.000596193 6.80524e-05 0.00103251 0.00370186 0.00223904 0.00540431 0.00455701 0.00570521 0.0131194 0.0213344 0.0275688 0.0256259 0.0198924 0.0143437 0.017389 0.0163916 0.0222139 0.0204272 0.0213213 0.0187231 0.0166307 0.0173106 0.0205213 0.0177825 0.0216816 0.020394 0.0169648 0.0182698 0.0216186 0.0217509 0.0234109 0.034364 0.0288163 0.0364317 0.0379711 0.0366558 0.031965 0.0283481 0.0427115 0.031559 0.0263227 0.0259797 0.0315437 0.0308369 0.030556 0.0249987 0.0355292 0.0215179 0.0278301 0.0196809 0.020361 0.0288916 0.0254563 0.0223564 0.0268321 0.03601 0.025534 0.016021 0.00775572 0.00938987 0.0142914 0.021383 0.0148512 0.0075012 0.00516596 0.00249849 0.00051394 
0 0 0 0 4.45713e-05 0.000487324 0.00146729 0.00409416 0.0064322 0.00961986 0.0152038 0.0213503 0.0198241 0.019433 0.0240546 0.0197365 0.0181352 0.0169109 0.0254844 0.0226114 0.0182254 0.0153072 0.0113696 0.0120497 0.0115334 0.0159762 0.0197446 0.0148888 0.015161 0.0193713 0.0195325 0.0164723 0.0232061 0.0332807 0.0353572 0.0326161 0.025555 0.0338772 0.0260382 0.0356885 0.035716 0.0365242 0.0249813 0.0205778 0.0214463 0.0249282 0.0221431 0.0220758 0.0213596 0.0231561 0.0219584 0.0269113 0.0300312 0.024568 0.0271957 0.0195023 0.0161167 0.022676 0.0222606 0.0151302 0.0114904 0.00932327 0.0185724 0.0272515 0.0109047 0.00468424 0.00297675 0.000627423 9.05828e-05 
0 0 0 0 0.000190599 0.00070295 0.00325324 0.0072678 0.00708062 0.0157831 0.0177551 0.0200429 0.0189079 0.0195151 0.0234845 0.020382 0.0188303 0.0181555 0.0164 0.0193608 0.0163622 0.0175872 0.0134415 0.0107069 0.0115977 0.0180065 0.0152841 0.0187307 0.0113715 0.0168675 0.0284374 0.0191307 0.0174967 0.0331404 0.0512525 0.0559941 0.0326267 0.0344931 0.0566261 0.0574965 0.0391997 0.0331377 0.0286492 0.0282672 0.0241584 0.0251725 0.0215741 0.0242747 0.022758 0.02064 0.0152546 0.0208795 0.0251975 0.0292177 0.0294303 0.0274457 0.0188038 0.0241118 0.0216114 0.0168599 0.017509 0.0192986 0.0253536 0.028452 0.0142435 0.00628531 0.00473873 0.00473051 3.35145e-05 
0 0 0 0.000185354 0.00190875 0.00489503 0.0131039 0.0130283 0.0100823 0.0170123 0.0177423 0.017711 0.0156758 0.0163794 0.0220832 0.0199086 0.0152751 0.0167844 0.0129255 0.0162101 0.0199163 0.0185037 0.0185997 0.0159033 0.0126827 0.0204837 0.0167025 0.017654 0.0146392 0.017386 0.0258079 0.0184207 0.0155822 0.036831 0.052985 0.0478573 0.045704 0.0312968 0.0492598 0.0618484 0.0479672 0.0402784 0.0322197 0.0284015 0.017507 0.0172193 0.0195289 0.0137085 0.0147586 0.0128865 0.00818774 0.0089715 0.01431 0.0233014 0.0284158 0.0292974 0.03048 0.0187976 0.0168011 0.0146231 0.0157452 0.0234354 0.0224453 0.0221505 0.0214233 0.0165372 0.012644 0.00696428 5.01632e-05 
0 0 0 0.00141756 0.00310703 0.0142588 0.0205642 0.0181302 0.0126139 0.010094 0.0247279 0.0335024 0.0201399 0.0154739 0.0182874 0.02139 0.017558 0.0132519 0.0204048 0.0181266 0.0159786 0.0229206 0.0236618 0.020398 0.0172872 0.0191544 0.0207505 0.0201024 0.0257008 0.0210475 0.0236645 0.0231307 0.024053 0.0480956 0.0503541 0.0472365 0.040596 0.0264897 0.0280289 0.0486136 0.0537633 0.0473968 0.0253425 0.0262273 0.0183422 0.025114 0.0228983 0.020898 0.0194215 0.0204881 0.0142471 0.0104155 0.0103093 0.0181661 0.0299568 0.0326847 0.0294483 0.0216349 0.0266851 0.0188255 0.0132436 0.0163521 0.0180614 0.0184628 0.0218503 0.0160085 0.0131809 0.00415425 0 
0 0 0 0.000650884 0.00365252 0.0179398 0.0399044 0.0389826 0.0130309 0.0118667 0.0253487 0.0357943 0.019035 0.0179959 0.019073 0.0192105 0.0164166 0.010093 0.0081969 0.0113337 0.0172572 0.0216329 0.0197506 0.0178422 0.0182593 0.0350138 0.0312472 0.0210875 0.0153102 0.0177832 0.0199605 0.0204939 0.0305022 0.0441297 0.0624533 0.0464908 0.0347364 0.0339227 0.0304406 0.030225 0.0345655 0.030803 0.0245549 0.0259647 0.0181576 0.0229387 0.0253936 0.0310976 0.0342353 0.0308731 0.015025 0.0158021 0.0188669 0.0190413 0.0332098 0.034721 0.027557 0.0328261 0.071572 0.0395054 0.015844 0.00947541 0.0194918 0.0209739 0.0216319 0.014412 0.00838597 0.000712477 0 
0 0 0 8.23692e-05 0.00288719 0.0184275 0.041574 0.0359796 0.0165504 0.0131067 0.0229355 0.023195 0.0214683 0.0171898 0.0216321 0.0227873 0.0160981 0.00830667 0.00725203 0.00896529 0.0144297 0.0144249 0.0179154 0.0190122 0.0188296 0.0304501 0.0286199 0.0276291 0.0166825 0.0189794 0.0170006 0.0159986 0.0266924 0.028761 0.0316428 0.0243625 0.0269679 0.024678 0.0198586 0.0205665 0.0260919 0.0315978 0.0281855 0.0301325 0.0259346 0.0141413 0.0187572 0.029036 0.0443357 0.0363798 0.0179563 0.0160191 0.0207654 0.0230704 0.0316593 0.0265584 0.0230147 0.0264379 0.080108 0.052912 0.0107584 0.0054812 0.0148513 0.0123375 0.0153261 0.00904248 0.00303745 8.07664e-05 0 
0 0 0 0 0.00163763 0.010955 0.0237551 0.025042 0.0166635 0.0141723 0.0173391 0.0196211 0.0228103 0.0176114 0.0145976 0.0126226 0.0125873 0.00908711 0.00546609 0.00894284 0.00715995 0.0043927 0.0129161 0.0185016 0.0225341 0.0191968 0.0229857 0.0232613 0.0193751 0.0159982 0.015754 0.0247116 0.0304992 0.0234201 0.0235372 0.0214772 0.0277882 0.0251276 0.0176501 0.0209554 0.0255134 0.0279122 0.039503 0.0286888 0.0318577 0.0227853 0.0158816 0.0187984 0.0343972 0.0395077 0.0244089 0.0140318 0.0188149 0.0251299 0.0258694 0.0233119 0.0214585 0.0137871 0.0121464 0.0139715 0.00737816 0.00734546 0.00790921 0.00677813 0.00618189 0.00389673 0.000846949 0 0 
0 0 0 0 0.000406147 0.00266353 0.0104158 0.0154887 0.021333 0.0166082 0.013432 0.0174089 0.0124832 0.0144527 0.0167689 0.0101311 0.0146031 0.044172 0.0149676 0.0100459 0.00887394 0.00321054 0.00480758 0.0129002 0.018009 0.0155537 0.0145252 0.0116255 0.0163368 0.0196524 0.0231169 0.0371414 0.0391812 0.0323 0.0268048 0.0290569 0.0285029 0.021664 0.0262003 0.0296131 0.0270667 0.0313676 0.0449808 0.0387697 0.0510601 0.0383878 0.0310218 0.0290556 0.0278883 0.0245276 0.0201248 0.0135261 0.01981 0.0255422 0.0334784 0.0262811 0.0178425 0.00953555 0.00805331 0.010496 0.0101023 0.0130694 0.00559025 0.0108105 0.00565761 0.0024844 7.45739e-05 0 0 
0 0 0 0 0 1.88062e-05 0.00263853 0.0137616 0.0158385 0.0158994 0.0154206 0.014186 0.0167892 0.0182949 0.0189317 0.0153617 0.0183562 0.024509 0.0178913 0.0123083 0.0109393 0.0069656 0.00240571 0.00273636 0.00960282 0.0122955 0.0170972 0.0170296 0.0211877 0.0170524 0.0241997 0.0342894 0.0355582 0.0259536 0.0297022 0.0293793 0.0291863 0.0229054 0.0285421 0.0277046 0.0321279 0.0312595 0.0336828 0.0370958 0.035653 0.028538 0.0302296 0.0376665 0.0271314 0.0205164 0.0142096 0.0108304 0.0178125 0.0225964 0.0174904 0.0213722 0.0296234 0.0200979 0.0183257 0.01964 0.0119705 0.0148361 0.00843314 0.00625396 0.00220706 0.000343299 0 0 0 
0 0 0 0 0 0 0.00257944 0.0111262 0.0155288 0.0125741 0.0116676 0.0134781 0.0188536 0.0212871 0.0219735 0.0209891 0.0216698 0.0156534 0.0172835 0.0125133 0.0100866 0.0130572 0.0136775 0.00982825 0.00982618 0.0103838 0.0175346 0.0200642 0.025341 0.0162836 0.0338257 0.0315484 0.0242394 0.0250628 0.0291447 0.0258142 0.0228727 0.0188863 0.026657 0.0406141 0.0315648 0.0270818 0.0206426 0.0272321 0.0296664 0.0299582 0.0288881 0.0343773 0.0252549 0.0224407 0.0164232 0.0152699 0.0183194 0.0268357 0.0191138 0.0157291 0.025282 0.0283668 0.0289588 0.0129383 0.0087457 0.0093075 0.00529598 0.0017133 0.000796945 5.66207e-06 0 0 0 
0 0 0 0 0 0 0.00322061 0.0128638 0.0186957 0.0194949 0.0164156 0.0187687 0.0323261 0.0511428 0.0284161 0.023995 0.0173478 0.0146154 0.0128654 0.0120307 0.0122212 0.014302 0.0124327 0.0166306 0.0162093 0.0177702 0.0220764 0.020067 0.020126 0.0230045 0.031602 0.0314842 0.0253603 0.0241941 0.0215383 0.0198306 0.0229324 0.0227746 0.0352068 0.0429385 0.0233381 0.0139638 0.0192048 0.0271175 0.0312405 0.02354 0.0249326 0.0235589 0.021371 0.0249948 0.0184784 0.0186077 0.0201588 0.0260439 0.015295 0.0140363 0.012895 0.0197552 0.0131935 0.00254281 0.00244478 0.00424196 0.00427301 0.00149523 8.68522e-05 0 0 0 0 
0 0 0 0 0 0 0.00123054 0.00474376 0.00867046 0.0203206 0.0267953 0.0282304 0.0375369 0.049182 0.0349356 0.0245725 0.016206 0.00947304 0.0179093 0.0159704 0.021526 0.0155232 0.0115445 0.0166227 0.0105515 0.0176749 0.0317097 0.0287803 0.0193608 0.0231057 0.0274449 0.0216622 0.0287321 0.0251179 0.0239002 0.0267128 0.0322874 0.0237428 0.0282431 0.0271231 0.0236269 0.0104713 0.0151838 0.0294922 0.0291371 0.0186504 0.0197014 0.0195318 0.0127718 0.0230148 0.0352845 0.02757 0.023128 0.0161918 0.0101945 0.0103443 0.0070045 0.00504177 0.00245456 0.00157091 0.000602323 0.000655779 0.00113582 0.000181135 0 0 0 0 0 
0 0 0 0 0 0 0 0.000309897 0.00213641 0.0127498 0.0241351 0.0281343 0.0302563 0.0259429 0.0327294 0.0257062 0.0224166 0.0146509 0.0240325 0.0250198 0.0268664 0.0261848 0.0183358 0.024211 0.0192325 0.02254 0.0207955 0.024536 0.0272678 0.0230764 0.0228158 0.0276631 0.0435068 0.0342457 0.03249 0.0270644 0.0200568 0.0145193 0.0121647 0.0160082 0.0161594 0.0154981 0.0184109 0.0261493 0.0197523 0.0130376 0.0228975 0.0204362 0.0148001 0.0165309 0.028193 0.0320112 0.0162137 0.0123673 0.00867587 0.00708598 0.00491086 0.00219154 0.00463869 0.00519148 0.00076589 0 0 0 0 0 0 0 0 
0 0 0 0 0 0 0 0 0.000733125 0.00814051 0.0166658 0.0277803 0.0255062 0.019312 0.0219375 0.0269613 0.0288986 0.0208031 0.0254763 0.0246652 0.0197155 0.0214988 0.0188493 0.021602 0.024946 0.0247484 0.0245258 0.0227294 0.0267902 0.0256506 0.0227482 0.0326809 0.0456436 0.0271574 0.0226915 0.0143689 0.0161381 0.0127967 0.0176764 0.0176306 0.0146596 0.0208439 0.0226862 0.0285589 0.01889 0.0200585 0.0250043 0.0271194 0.0219772 0.0188304 0.0283733 0.0335707 0.0162298 0.0110241 0.00920349 0.00802266 0.00571491 0.00418113 0.0084098 0.00479926 0.0012186 0 0 0 0 0 0 0 0 
0 0 0 0 0 0 0 0 0.000121575 0.00179743 0.00674053 0.0157526 0.0171446 0.018789 0.0176459 0.0242764 0.0272937 0.0196659 0.0106464 0.00568778 0.00367139 0.0122139 0.0222918 0.0204513 0.024901 0.0346437 0.0285047 0.0237671 0.0233147 0.0209103 0.0221361 0.0397781 0.0417814 0.0345955 0.030092 0.0198879 0.0148952 0.0169347 0.0219921 0.0168123 0.0190197 0.0259259 0.0340453 0.0372014 0.0194635 0.0155307 0.0198438 0.0258426 0.0144969 0.0187021 0.0262491 0.0341281 0.0249282 0.0185541 0.0126305 0.0135707 0.0137956 0.0121929 0.012368 0.00449241 0.000417422 0 0 0 0 0 0 0 0 
0 0 0 0 0 0 0 0 0 0.000134914 0.00263535 0.0124977 0.0130428 0.0189829 0.0237502 0.0237098 0.0202981 0.0212939 0.0112981 0.00213525 0.000573803 0.00628799 0.0121603 0.0190852 0.0304279 0.0385376 0.0261951 0.0278141 0.0238818 0.0216596 0.0235912 0.033141 0.033315 0.0487907 0.0398807 0.0264548 0.015757 0.0160878 0.0144276 0.0257559 0.0232705 0.0384933 0.0462292 0.0404258 0.0204468 0.00939415 0.0125179 0.0187044 0.0130416 0.0148334 0.0234883 0.0306222 0.0484421 0.0385953 0.0283932 0.0169809 0.0223031 0.0243143 0.0240082 0.0131122 0.00217958 0 0 0 0 0 0 0 0 
0 0 0 0 0 0 0 0 0 0 0.000336758 0.0121486 0.0148069 0.0182752 0.0274526 0.0197821 0.013923 0.0175812 0.0137109 0.039348 0.0589339 0.0165398 0.0129875 0.0111423 0.0155153 0.0156988 0.0118719 0.0125001 0.0233293 0.0243847 0.0320747 0.0332165 0.0289944 0.0373273 0.0311167 0.0278907 0.0216505 0.0129962 0.0118121 0.0225133 0.019261 0.0266282 0.0407048 0.0331305 0.0257478 0.0200265 0.0182963 0.0196036 0.0163887 0.0175432 0.0377627 0.0378998 0.0412608 0.0398939 0.052426 0.0453976 0.0267343 0.0310927 0.0259218 0.00847615 0.000393146 0 0 0 0 0 0 0 0 
0 0 0 0 0 0 0 0 0 0 4.99559e-06 0.00376773 0.00872414 0.0174281 0.0253855 0.0237334 0.0212674 0.0238197 0.0195093 0.0744823 0.136476 0.0166123 0.00813177 0.00530625 0.00585882 0.00730967 0.0105172 0.0124934 0.0260995 0.0183072 0.0280016 0.0360391 0.0297525 0.0263583 0.0177691 0.014523 0.00995053 0.00848307 0.0124815 0.029605 0.0229349 0.0187839 0.0316823 0.0459827 0.0408924 0.0261595 0.0280064 0.0207542 0.0239216 0.0234186 0.0349832 0.0304732 0.0230705 0.0314948 0.0378131 0.0340613 0.0191177 0.0152773 0.00615912 0.000562316 0 0 0 0 0 0 0 0 0 
0 0 0 0 0 0 0 0 0 0 0 0.000172745 0.00147975 0.00526759 0.017913 0.0242266 0.0269978 0.0211543 0.0194717 0.0209274 0.0330453 0.0158743 0.0136191 0.0126045 0.00731217 0.00643805 0.0150883 0.0101217 0.0162406 0.0235534 0.0161642 0.0202211 0.0227528 0.0276136 0.0213829 0.00968406 0.00670333 0.0057335 0.0121387 0.0288276 0.0240266 0.0170442 0.0230729 0.0340196 0.03028 0.0285996 0.0267426 0.0277978 0.0231949 0.0298703 0.0481066 0.034444 0.0343354 0.0343537 0.0339271 0.0214347 0.0135706 0.00300149 0.0001564 0 0 0 0 0 0 0 0 0 0 
0 0 0 0 0 0 0 0 0 0 0 0 1.68506e-05 0.00233382 0.0103711 0.017856 0.0206698 0.0192472 0.0233806 0.0236194 0.0247396 0.0248479 0.0238881 0.0143787 0.00675199 0.00824792 0.0112657 0.0069661 0.0104633 0.0234626 0.0219187 0.0279138 0.0317594 0.0400189 0.0299723 0.0159197 0.0182328 0.0182975 0.0162796 0.0262943 0.0260341 0.0225771 0.0244117 0.0240578 0.0257761 0.0246486 0.0200522 0.0272737 0.0251894 0.0351874 0.0379211 0.0324538 0.0344799 0.0282448 0.0211926 0.0088733 0.00280142 0.00026795 0 0 0 0 0 0 0 0 0 0 0 
0 0 0 0 0 0 0 0 0 0 0 0 0 0.000138536 0.00195972 0.00461913 0.0111195 0.0171699 0.0242914 0.0291459 0.0294514 0.0235234 0.0243297 0.017421 0.010424 0.0097453 0.0115096 0.00628702 0.00554905 0.0142992 0.0244582 0.040313 0.0282924 0.0235891 0.023021 0.0168938 0.0265043 0.0204174 0.029613 0.0292666 0.0276398 0.0283755 0.0222298 0.0206818 0.0190427 0.0203697 0.0283412 0.0295663 0.0289787 0.0379231 0.0389234 0.0338243 0.0234696 0.0106357 0.00465782 0.00141295 0 0 0 0 0 0 0 0 0 0 0 0 0 
0 0 0 0 0 0 0 0 0 0 0 0 0 0 0 1.88095e-06 0.00200279 0.00930006 0.0142256 0.0219302 0.0216887 0.0273665 0.0225894 0.0175199 0.00798161 0.01044 0.0146749 0.00844858 0.00438824 0.00642758 0.0162363 0.0331159 0.0278904 0.0200319 0.0126952 0.0143971 0.0239934 0.0179581 0.0294168 0.0243168 0.0195275 0.0194974 0.0136549 0.0398083 0.0145548 0.00964304 0.0251628 0.0275043 0.0290874 0.0248011 0.024275 0.0117203 0.00715215 0.00242427 0.000418738 0 0 0 0 0 0 0 0 0 0 0 0 0 0 
0 0 0 0 0 0 0 0 0 0 0 0 0 0 0 0 2.25193e-05 0.00138691 0.00482664 0.00668138 0.0120316 0.0133528 0.0162062 0.0157821 0.0196188 0.0143722 0.0137234 0.0121873 0.00789774 0.00461146 0.0130206 0.0232427 0.0210336 0.0117685 0.00532991 0.0129964 0.0159417 0.015804 0.0260057 0.0123796 0.010878 0.0123515 0.0182447 0.0628581 0.0161484 0.00397141 0.0113144 0.0181821 0.0129585 0.00853833 0.00809839 0.00383382 0.000792714 0 0 0 0 0 0 0 0 0 0 0 0 0 0 0 0 
0 0 0 0 0 0 0 0 0 0 0 0 0 0 0 0 0 0 1.74438e-05 0.00020262 0.000807744 0.00283571 0.0159026 0.0289254 0.039571 0.0158184 0.00330649 0.00938717 0.0150359 0.010241 0.00877414 0.0256721 0.0197491 0.0109518 0.00273548 0.00589641 0.0170235 0.0215262 0.0242251 0.0132502 0.0104347 0.00387172 0.00315254 0.00934483 0.00197801 0.000943532 0.000467546 0.00122515 0.00118422 0.000867565 0.000958993 0.000338307 0 0 0 0 0 0 0 0 0 0 0 0 0 0 0 0 0 
0 0 0 0 0 0 0 0 0 0 0 0 0 0 0 0 0 0 0 0 0 0.0022262 0.0146235 0.0202692 0.0372332 0.0156495 0.00171247 0.00799713 0.0105349 0.00581613 0.00759876 0.0175303 0.0186273 0.0148842 0.00798204 0.00362915 0.0113236 0.0170186 0.0222574 0.015465 0.011915 0.0111517 0.0064008 0.00223824 0.000538866 0.000166697 3.45072e-05 5.33402e-06 8.90967e-05 0 0 0 0 0 0 0 0 0 0 0 0 0 0 0 0 0 0 0 0 
0 0 0 0 0 0 0 0 0 0 0 0 0 0 0 0 0 0 0 0 0 0 0.000813027 0.00479115 0.00951759 0.00225747 0.000765077 0.00266313 0.00354908 0.000847084 0.00360805 0.00497485 0.0108705 0.0166219 0.0131021 0.00136957 0.00207902 0.00790775 0.0108915 0.00938229 0.0047608 0.0117187 0.0137369 0.00615157 0.00144751 0 0 0 0 0 0 0 0 0 0 0 0 0 0 0 0 0 0 0 0 0 0 0 0 
0 0 0 0 0 0 0 0 0 0 0 0 0 0 0 0 0 0 0 0 0 0 0 0 0 0 0 0 0 8.53861e-05 8.08462e-05 5.39954e-05 0.000871658 0.00224544 0.00221388 0.000245036 0 0 4.96287e-06 4.79128e-05 2.03421e-05 0.00214798 0.00188019 0.000211596 2.11462e-05 0 0 0 0 0 0 0 0 0 0 0 0 0 0 0 0 0 0 0 0 0 0 0 0 

