0 0 0 0 0 0 0 0 0 0 0 0 0 0 0 0 0 0 0 0 0 0 0 0 0 0 0 0 0 0 0 0 1.26558e-05 0.000127085 0.000816457 0.000685889 0.000429488 2.13626e-05 0 0 0 0 0 0 0 0 0 0 0 0 0 0 0 0 0 0 0 0 0 0 0 0 0 0 0 0 0 0 0 
0 0 0 0 0 0 0 0 0 0 0 0 0 0 0 0 0 0 0 0 0 0 0 0 0 6.1921e-05 0.000542109 0.000151249 7.10327e-06 0 0.000439936 0.000259984 0.0012028 0.0054264 0.0125632 0.012104 0.00749692 0.00334065 0.00117945 0.00192685 0.00394562 0.0034237 0.000449918 0.000315078 6.17458e-05 0 0 0 0 0 0 0 0 0 0 0 0 0 0 0 0 0 0 0 0 0 0 0 0 
0 0 0 0 0 0 0 0 0 0 0 0 0 0 0 0 0 0 0 0 0 0 5.75376e-05 0.00074965 0.00243616 0.00315858 0.00506646 0.00223764 0.000217108 0.000338782 0.00389491 0.00493956 0.00526479 0.0106145 0.0179577 0.0200824 0.0182273 0.0101479 0.003428 0.0075239 0.0158224 0.0148653 0.0097456 0.00920544 0.00444333 0.00173836 0.000212896 0 0 0 0 0 0 0 0 0 0 0 0 0 0 0 0 0 0 0 0 0 0 
0 0 0 0 0 0 0 0 0 0 0 0 0 0 0 0 0 0 0 0 6.22942e-05 0.00263832 0.00579523 0.00753121 0.0136041 0.0123121 0.0130169 0.00712412 0.00209947 0.00398165 0.00780973 0.0101991 0.0139395 0.013462 0.0165947 0.0189953 0.018145 0.017859 0.0111712 0.0142974 0.0151673 0.0223485 0.0187314 0.0164987 0.00758558 0.00824126 0.00426904 0.000339489 0.00102698 9.48734e-05 0 0 0 0 0 0 0 0 0 0 0 0 0 0 0 0 0 0 0 
0 0 0 0 0 0 0 0 0 0 0 0 0 0 0 0 0 7.4034e-06 0.000493271 0.00106657 0.00794397 0.0131335 0.0123154 0.0169604 0.01469 0.0158805 0.0211557 0.013883 0.00647602 0.0116169 0.0161264 0.0119499 0.0154981 0.0182006 0.0198114 0.0197382 0.0192248 0.0219806 0.0195105 0.0186032 0.0156433 0.0150389 0.0215778 0.0215818 0.0105812 0.0133745 0.0101665 0.00744235 0.0121216 0.00466423 0.00249534 5.14099e-05 0 0 0 0 0 0 0 0 0 0 0 0 0 0 0 0 0 
0 0 0 0 0 0 0 0 0 0 0 0 0 0 0 0 0 0.000404624 0.00598198 0.00747774 0.0106477 0.018123 0.0191791 0.016179 0.0156556 0.0125789 0.0187401 0.0172683 0.0118735 0.0188757 0.0290359 0.0290764 0.0181768 0.0204699 0.0194761 0.016406 0.0167035 0.013354 0.0194798 0.0189406 0.0203628 0.0197254 0.0164269 0.0175304 0.0143123 0.0195537 0.0198187 0.0186158 0.0270801 0.0121197 0.00713174 0.000597495 0 0 0 0 0 0 0 0 0 0 0 0 0 0 0 0 0 
0 0 0 0 0 0 0 0 0 0 0 0 0 0 0 0 0 0.000858269 0.00602619 0.0131581 0.0109339 0.0145444 0.0223894 0.0181928 0.0214244 0.0211005 0.0188995 0.0172477 0.0169267 0.0196399 0.0312894 0.0254393 0.0251724 0.0222651 0.0173881 0.0214368 0.0236949 0.0178005 0.0182625 0.0189881 0.0186684 0.0150081 0.0156559 0.0145536 0.0135031 0.015403 0.021352 0.0201902 0.0193776 0.0138892 0.0149709 0.00188207 0 0 0 0 0 0 0 0 0 0 0 0 0 0 0 0 0 
0 0 0 0 0 0 0 0 0 0 0 0 0 0 0.000188233 0.00131542 0.00398499 0.00248752 0.00355258 0.00929206 0.006847 0.00986278 0.0161931 0.0201182 0.0171639 0.0235898 0.0199806 0.0172574 0.0103255 0.0158517 0.0277113 0.0229072 0.0234917 0.0210991 0.0199961 0.0281127 0.0309456 0.0248387 0.0191564 0.0188008 0.01491 0.0180062 0.0178757 0.0204067 0.0125572 0.0129328 0.0155987 0.0206919 0.0223472 0.0126762 0.00795104 0.000480298 1.06348e-05 0 3.27658e-05 8.58969e-05 0 0 0 0 0 0 0 0 0 0 0 0 0 
0 0 0 0 0 0 0 0 0 0 0 0 0.000136827 0.000960016 0.00304557 0.00786891 0.0118808 0.0130508 0.009734 0.0122883 0.0156714 0.0158935 0.0156881 0.0219142 0.0220907 0.0245005 0.0145444 0.0130802 0.0104633 0.0126235 0.0205707 0.0175834 0.01855 0.0214289 0.0207441 0.0266471 0.0242632 0.0240704 0.0272104 0.02905 0.0201388 0.0202994 0.02143 0.0226844 0.0155097 0.0161043 0.0155916 0.0225439 0.0234808 0.0174541 0.00892633 0.00154848 0.000176615 0.000608743 0.00200189 0.00230163 0.00110015 5.39133e-05 0 0 0 0 0 0 0 0 0 0 0 
0 0 0 0 0 0 0 0 0 0 0 0.000700829 0.00597018 0.00951979 0.012875 0.0129705 0.0145223 0.0154129 0.0130951 0.0182305 0.0237625 0.0174457 0.0174744 0.015326 0.0165764 0.0241373 0.0179743 0.0181002 0.0148568 0.0104764 0.0147241 0.0155497 0.0176512 0.0214927 0.0214616 0.0223557 0.0210996 0.0243995 0.024577 0.0302538 0.0235296 0.0131202 0.0185383 0.0270926 0.0208733 0.0171194 0.0189337 0.025577 0.0226668 0.0167008 0.0110577 0.00650892 0.00215119 0.0061287 0.0102151 0.0133379 0.00680371 0.00415622 0.000689673 0 0 0 0 0 0 0 0 0 0 
0 0 0 0 0 0 0 0 0 0 0.000802999 0.00802014 0.0168315 0.015987 0.0174017 0.0157611 0.0212101 0.0185379 0.0183185 0.0224931 0.0198861 0.0151609 0.015217 0.0132826 0.0151086 0.0204918 0.021308 0.0187573 0.0139811 0.0148522 0.0190815 0.0220768 0.0203602 0.0183708 0.0222178 0.0250214 0.0170458 0.0243398 0.0231881 0.0255015 0.0250009 0.0176562 0.0221508 0.0265563 0.0249128 0.0215926 0.0230286 0.0216559 0.0214972 0.0193878 0.0206532 0.00870151 0.00632155 0.0141199 0.0182895 0.0207698 0.0124128 0.0104122 0.00652777 0.000534911 0 0 0 0 0 0 0 0 0 
0 0 0 0 0 0 0 0 0 0.00031601 0.00311732 0.00994587 0.0147811 0.0146252 0.0143743 0.0165243 0.025668 0.0216042 0.0212528 0.0189943 0.0175578 0.00923298 0.0104942 0.00606204 0.0111379 0.0180014 0.0214587 0.0137978 0.0119344 0.014502 0.0194415 0.0237715 0.0213199 0.0181629 0.0195288 0.0161723 0.0190141 0.0291374 0.0186872 0.0142456 0.0180178 0.0221927 0.0225081 0.0225835 0.01779 0.020467 0.0181088 0.019655 0.0179042 0.0171031 0.0183076 0.0135469 0.00901213 0.0175255 0.0374728 0.0349436 0.02804 0.0236529 0.0147457 0.00663202 0.000733165 0 0 0 0 0 0 0 0 
0 0 0 0 0 0 0 0 0 0.000624067 0.00581096 0.0105831 0.0129449 0.0131091 0.00969552 0.0209079 0.0247361 0.0170659 0.0186702 0.0201226 0.0193216 0.0125767 0.018825 0.0115776 0.00656425 0.00792377 0.0103742 0.0154187 0.0143428 0.0132773 0.0193869 0.0187866 0.016246 0.0217681 0.022375 0.0172082 0.0229376 0.0311902 0.0292862 0.0245845 0.0143308 0.0186849 0.022422 0.0202105 0.0220118 0.0211532 0.0163619 0.0170116 0.0184602 0.0271923 0.0202914 0.0190152 0.0198582 0.0277258 0.0381677 0.0412802 0.0330319 0.0257483 0.017471 0.00937235 0.00107025 0 0 0 0 0 0 0 0 
0 0 0 0 0 0 0 0 0 0.000140894 0.00268753 0.00529935 0.00772292 0.00960345 0.00791441 0.0143182 0.0120441 0.0159378 0.0197493 0.0229224 0.0256048 0.0160021 0.0133797 0.0136685 0.00650992 0.00467086 0.00361331 0.0112222 0.0160555 0.0154911 0.0157438 0.0143829 0.0151864 0.0207548 0.0178167 0.0162964 0.0172147 0.0241514 0.0826531 0.0776895 0.0238735 0.013651 0.0189462 0.0175245 0.0131563 0.0145317 0.0115121 0.0161895 0.020853 0.0252437 0.0224679 0.0234412 0.0224681 0.0331419 0.0278254 0.0290856 0.0241104 0.0225971 0.022683 0.0115327 0.00459555 0.000639356 3.25145e-07 0 0 0 0 0 0 
0 0 0 0 0 0 0 0 0 6.7463e-06 1.77805e-05 0.000384073 0.00213988 0.00491018 0.00958166 0.00822899 0.010641 0.0144738 0.0113332 0.0128558 0.0169006 0.0152391 0.0116906 0.013794 0.0118111 0.00727808 0.00522848 0.00672111 0.0152162 0.0157762 0.0171215 0.0104504 0.0117741 0.0187841 0.0168092 0.013765 0.0144957 0.025108 0.0601898 0.0663297 0.0303626 0.0118088 0.0141071 0.014872 0.00974756 0.0107679 0.0107845 0.0154385 0.0275681 0.0337925 0.0223411 0.025159 0.0175743 0.0209391 0.0243455 0.0190078 0.0183927 0.0190697 0.0223044 0.0179403 0.0197041 0.0177931 0.00426617 0 0 0 0 0 0 
0 0 0 0 0 0 0.000214001 0.00189409 0.00157027 0.00230088 0.00426056 0.00289524 0.00252958 0.007517 0.00817884 0.00733461 0.00456059 0.00604653 0.00790885 0.00900223 0.00824565 0.00988021 0.0109031 0.00908683 0.00750104 0.0107793 0.0108946 0.0116464 0.00903825 0.0119379 0.0146983 0.0126051 0.00855545 0.0185589 0.0140552 0.0135428 0.0160588 0.0177938 0.0294452 0.0309998 0.0285972 0.0169123 0.013738 0.0124326 0.0112885 0.0120426 0.0146462 0.0151357 0.020269 0.0231624 0.0196861 0.0216781 0.0207856 0.022554 0.0245662 0.0181512 0.0220085 0.0193752 0.0248069 0.0271827 0.0269314 0.0268201 0.0156192 0.00100483 0 0 0 0 0 
0 0 0 0 0 0 0.000568401 0.00335388 0.00434374 0.00586478 0.00728327 0.00874111 0.00716533 0.0138053 0.00728796 0.00929731 0.00992274 0.00923409 0.0120816 0.0059607 0.0098881 0.00927949 0.0129053 0.0127293 0.010033 0.0158934 0.0112053 0.0113264 0.0100773 0.0163672 0.0136629 0.0156315 0.0109288 0.0154789 0.0188057 0.0150748 0.0202739 0.0184463 0.0231468 0.0243413 0.0206868 0.0196443 0.0250489 0.0164949 0.0135804 0.0144466 0.0180406 0.0175387 0.0216194 0.019438 0.0199697 0.0162273 0.0249989 0.0227808 0.032804 0.0335316 0.0206605 0.0159825 0.0231177 0.0236946 0.020631 0.0192605 0.0167016 0.0048551 0.000100954 0 0 0 0 
0 0 0 0 0 0.000588746 0.00306694 0.00167242 0.00264351 0.00259096 0.0073149 0.00773095 0.010499 0.0104458 0.0179646 0.0122872 0.0114663 0.00972756 0.0091296 0.00971707 0.0146971 0.0139552 0.0119319 0.0116289 0.00749702 0.013482 0.0125758 0.0113164 0.013704 0.0177312 0.0147577 0.0178932 0.0173312 0.0183288 0.0177245 0.017734 0.0232152 0.0197706 0.017159 0.0138708 0.018227 0.0216846 0.0312793 0.0220305 0.0170435 0.0213011 0.0169274 0.015624 0.0204485 0.0186246 0.0213926 0.0162861 0.0240501 0.0236888 0.023666 0.026465 0.0192905 0.0173535 0.0259317 0.0243196 0.0199722 0.0151037 0.021527 0.0142926 0.00195042 0 0 0 0 
0 0 0 0 0 0.000885416 0.00483908 0.00469411 0.00944151 0.00622279 0.00620715 0.0105396 0.0110106 0.0115068 0.0138154 0.0209459 0.0224909 0.00970966 0.00581183 0.012448 0.0153988 0.018096 0.0160075 0.0111645 0.0072118 0.01342 0.0103934 0.00973283 0.0156726 0.0115105 0.0115832 0.0193936 0.0263474 0.0242906 0.0184038 0.0191182 0.0208413 0.0155306 0.0116855 0.014947 0.0160916 0.0154594 0.0140476 0.0197384 0.0136724 0.013806 0.0134126 0.0124808 0.0270436 0.0430479 0.0283655 0.0182611 0.0211846 0.0207717 0.0241257 0.022617 0.0179849 0.0126871 0.0138018 0.0160181 0.0142001 0.0117789 0.014437 0.0125967 0.00530669 0.000278678 0 0 0 
0 0 0 0 0 3.06105e-05 0.00179903 0.00410666 0.00702039 0.00859075 0.00787199 0.0103446 0.00948291 0.0119417 0.0146819 0.0257301 0.0201337 0.00496109 0.00393348 0.00779183 0.0142833 0.0222632 0.0151596 0.0110186 0.0115915 0.0156101 0.010527 0.0115207 0.00756049 0.00709244 0.0140196 0.0185958 0.0282024 0.0214156 0.0166284 0.0162418 0.016979 0.0156216 0.0128246 0.0177094 0.0199002 0.0146514 0.0157567 0.013505 0.0111389 0.0131977 0.0120267 0.0122475 0.0304402 0.0746724 0.0557873 0.0234653 0.0199433 0.0167756 0.0172389 0.0171741 0.0185954 0.0233648 0.0194511 0.0227385 0.0135985 0.0148873 0.0142393 0.0108384 0.00768805 0.000995291 0 0 0 
0 0 0 0 0 0.000212072 0.00410634 0.00908501 0.00498916 0.00689076 0.00649009 0.00877137 0.00731597 0.00873934 0.0156186 0.0147608 0.00838531 0.00313258 0.00523086 0.00982871 0.011876 0.0118472 0.0158247 0.0149391 0.0144426 0.0140007 0.0105576 0.0125518 0.0152236 0.0130099 0.00770092 0.00949008 0.0158372 0.0143304 0.0139651 0.0117879 0.00985671 0.0114424 0.0175502 0.0185663 0.0212322 0.0144362 0.017386 0.0172911 0.0146828 0.0169485 0.017109 0.0164 0.0206315 0.050249 0.0368136 0.0216447 0.0171586 0.0186369 0.0249823 0.0188635 0.023789 0.0260201 0.0162868 0.0214041 0.0170582 0.0193799 0.0163981 0.00903949 0.00571499 0.000658972 0 0 0 
0 0 0 0 1.09846e-06 0.000633326 0.00777835 0.0105947 0.00359688 0.00447714 0.00762035 0.00835173 0.011137 0.0137699 0.0124102 0.0137634 0.0069997 0.00756167 0.00857124 0.0128329 0.0167531 0.0141536 0.0126799 0.0141266 0.0127483 0.0120982 0.0113979 0.0180376 0.0291865 0.0209508 0.00729836 0.00726245 0.00605725 0.00949512 0.0161252 0.0126461 0.010849 0.0152042 0.0172503 0.0181649 0.0172391 0.018266 0.0161276 0.0142082 0.0145511 0.0192909 0.020741 0.014295 0.0165577 0.0243566 0.0266208 0.0248185 0.0136162 0.0175568 0.0200867 0.017736 0.0177912 0.0159105 0.01142 0.0128111 0.0179282 0.0198412 0.0234076 0.0136077 0.00619178 0.000829185 0 0 0 
0 0 0 0 0.00051399 0.00366593 0.00880806 0.00628059 0.00918319 0.0101792 0.00930234 0.0141324 0.0132797 0.0171648 0.0110549 0.0129951 0.010243 0.0114275 0.0166796 0.0179157 0.0113434 0.0120555 0.0126132 0.0135618 0.0122929 0.01296 0.0174206 0.0173843 0.0203173 0.0170688 0.00780448 0.00786634 0.00586555 0.0159397 0.0313549 0.0220775 0.0198541 0.0240434 0.026734 0.0328336 0.0380124 0.0270769 0.0130946 0.015988 0.0169756 0.0160055 0.0100623 0.0100114 0.0178646 0.025198 0.0216415 0.0247097 0.018953 0.0190503 0.0190081 0.0190417 0.0133547 0.014781 0.0111746 0.014969 0.0205125 0.0227927 0.0256863 0.0223206 0.0127164 0.00314135 0 0 0 
0 0 0.000139012 0.000215705 0.00216465 0.00766071 0.00783675 0.00841404 0.013361 0.0194283 0.0233842 0.0210929 0.00952977 0.0153654 0.0128933 0.0113055 0.0137391 0.0153842 0.0161441 0.0212608 0.0142532 0.0117191 0.0122166 0.0146934 0.0142348 0.0122498 0.0159861 0.0154934 0.0204333 0.0216718 0.0173635 0.018848 0.0158869 0.0223464 0.0304549 0.0262898 0.0241751 0.0304865 0.0431131 0.0200649 0.0229085 0.0166115 0.0146714 0.0210405 0.0180611 0.0179168 0.0167674 0.0112368 0.0160273 0.0165517 0.0170156 0.0200567 0.0245129 0.0178386 0.0161785 0.0181778 0.0151516 0.0106862 0.00824084 0.0122414 0.00809144 0.0101047 0.0262029 0.0228643 0.0116982 0.00258002 0 0 0 
0 0 0.00105843 0.00182846 0.000499585 0.00517997 0.00597854 0.0135089 0.0238358 0.0321147 0.0353969 0.0295869 0.0118611 0.0142565 0.0144716 0.00920109 0.017756 0.0170839 0.0178113 0.0142279 0.0142538 0.0176581 0.0178663 0.016137 0.0205553 0.0237296 0.0184253 0.0158118 0.0193251 0.0270607 0.0309843 0.0234392 0.0210267 0.0135809 0.0183628 0.0233143 0.0254948 0.0384621 0.0258846 0.0118056 0.0189517 0.0178822 0.0168687 0.0241346 0.0258023 0.0194879 0.0167604 0.0124175 0.0136833 0.0176681 0.0147829 0.0171191 0.0216887 0.0143633 0.0149292 0.014783 0.0150899 0.0142752 0.010726 0.01018 0.00538927 0.00664105 0.0180023 0.0177076 0.00590507 0.00219823 0.00242758 0.000506095 0 
0 0 0.000363144 0.00394902 0.00533374 0.0145386 0.0173726 0.0224783 0.0302861 0.0257334 0.0283113 0.016888 0.00971554 0.0141541 0.0189348 0.0164872 0.0215281 0.0237673 0.0256537 0.019926 0.0148709 0.019902 0.0243486 0.0190603 0.0264962 0.0214178 0.0193588 0.0219669 0.0210593 0.0255126 0.0364845 0.0312947 0.0324802 0.0159833 0.022683 0.0224278 0.0333405 0.041713 0.0225989 0.0176761 0.0149085 0.0140657 0.0218079 0.0238848 0.0229208 0.0189888 0.020636 0.0197752 0.020164 0.0178188 0.022503 0.0183047 0.0192792 0.0172803 0.0153858 0.0156212 0.0166882 0.0184447 0.0130444 0.0116763 0.00679041 0.0133698 0.0226217 0.0237632 0.00623377 0.00492213 0.00510812 0.00149448 6.51779e-05 
0 0 0.000626021 0.00686189 0.00913811 0.020765 0.0203529 0.0258726 0.0286719 0.0239148 0.0264334 0.0217712 0.0193765 0.0139972 0.0180073 0.0189545 0.0220324 0.0244602 0.0247403 0.0241486 0.0215658 0.0289569 0.0338442 0.0243953 0.0323367 0.027053 0.0290073 0.0547416 0.0808528 0.0641594 0.061083 0.0307439 0.0216715 0.0374143 0.0555011 0.0347118 0.0545502 0.0300877 0.0204325 0.0181105 0.0187163 0.0192324 0.0174359 0.0210301 0.021696 0.0238644 0.0256883 0.0243678 0.0194987 0.0164565 0.0216289 0.0194871 0.0165332 0.0189514 0.0152771 0.0214361 0.0285117 0.0185183 0.0097765 0.00827436 0.0098204 0.0128838 0.0183213 0.0171813 0.0074392 0.00862437 0.00825293 0.00640219 0.000330041 
0 3.35029e-08 0.000509183 0.0045625 0.00740042 0.0157662 0.0166066 0.0234699 0.0221895 0.0313797 0.0291976 0.0267969 0.0256658 0.0225716 0.0253069 0.0291202 0.0288391 0.027621 0.0248769 0.0258083 0.0231579 0.0250988 0.0280781 0.0234286 0.032739 0.0270026 0.0314505 0.0530296 0.0824353 0.113427 0.103075 0.0448137 0.034032 0.041515 0.0287508 0.0348598 0.0363528 0.0229692 0.0192641 0.0219702 0.0221936 0.0245172 0.0225625 0.0250725 0.0236629 0.0216894 0.0170907 0.0178037 0.0181276 0.017741 0.0204855 0.018025 0.0163556 0.0158905 0.0180874 0.0267693 0.0313131 0.0214316 0.0129825 0.0117181 0.01105 0.0121738 0.0134401 0.0126909 0.00707787 0.00749469 0.00819446 0.00590208 0.000804778 
0 0.000183767 0.00284339 0.00674806 0.0118589 0.0166956 0.0180875 0.0214199 0.0240128 0.0320131 0.016147 0.025152 0.0251244 0.0210159 0.0343841 0.0291885 0.0298406 0.0282401 0.0204435 0.0249688 0.0217555 0.0197005 0.0244381 0.0153635 0.0301234 0.0243254 0.0188633 0.0342356 0.0442185 0.0488782 0.0715717 0.041435 0.0290004 0.0306548 0.026359 0.0234498 0.0209595 0.0194183 0.0231441 0.0228767 0.0241074 0.0248411 0.0268189 0.0207376 0.0169184 0.0167325 0.0214469 0.0214511 0.0188111 0.0166921 0.0180351 0.0155159 0.0151531 0.01337 0.0189224 0.0215754 0.0212169 0.0244605 0.0238688 0.0241234 0.0216185 0.0204689 0.0178044 0.00975262 0.00680672 0.0113509 0.0136312 0.00981516 0.00198641 
0 0.00214229 0.00669588 0.00469427 0.0125462 0.0126947 0.0113383 0.0185942 0.030325 0.0350078 0.0131018 0.0179139 0.0248243 0.0227032 0.0274166 0.0263006 0.0223452 0.0165681 0.0166572 0.0247733 0.0245451 0.0187011 0.0236951 0.0229066 0.0219084 0.0209664 0.02096 0.0208932 0.0303759 0.0515954 0.0628452 0.0266417 0.0160894 0.0266967 0.0437117 0.0455629 0.0203151 0.016287 0.0236566 0.0260422 0.0260686 0.0252004 0.0242466 0.0196108 0.0194592 0.0168022 0.0178528 0.0182005 0.0209939 0.017055 0.0190195 0.0195476 0.0129917 0.0180487 0.0173605 0.0184422 0.0174691 0.0198756 0.0212638 0.0233697 0.0307695 0.0298729 0.0184079 0.00709146 0.0115072 0.0164308 0.0123007 0.00721014 0.00329109 
0 0.000156871 0.00102713 0.00157861 0.00711498 0.0127187 0.0141269 0.0222778 0.0268057 0.0233008 0.0130348 0.0148599 0.0217975 0.0248629 0.0299312 0.0265418 0.0169047 0.0130139 0.0161456 0.0226076 0.0315636 0.0209461 0.0261717 0.021966 0.0215406 0.0251879 0.0283298 0.0276374 0.0301032 0.0544119 0.0640469 0.0276635 0.0163529 0.0264294 0.0855717 0.0804367 0.034045 0.0191327 0.0214818 0.0201367 0.0246068 0.0276614 0.0228987 0.0174619 0.0227263 0.016414 0.0161241 0.0147844 0.0169494 0.0127512 0.0101863 0.015333 0.0149079 0.0185826 0.0240456 0.0248118 0.0182597 0.016561 0.0199156 0.0187234 0.022934 0.0211043 0.0150506 0.0115987 0.0180121 0.0234071 0.0178882 0.0091119 0.000912773 
0 0 0.000272279 0.0025874 0.00927433 0.00682875 0.00759957 0.0111324 0.0127048 0.0105902 0.00719764 0.0142074 0.0223494 0.0317747 0.0376433 0.0292806 0.024904 0.0216504 0.0206045 0.0224806 0.0232961 0.023571 0.0317574 0.0226535 0.0232107 0.0284053 0.0328533 0.0349067 0.056199 0.0735996 0.0565817 0.043973 0.037415 0.0462221 0.0811911 0.0684596 0.0386676 0.021727 0.0182873 0.0194225 0.014277 0.0188637 0.0192122 0.0169703 0.0169 0.0227485 0.0193151 0.0220988 0.0187742 0.0231697 0.015342 0.0168594 0.0147494 0.0243533 0.030929 0.0216267 0.0110136 0.0150327 0.0151732 0.0177239 0.0260461 0.0192631 0.0142337 0.0136128 0.0221846 0.0390491 0.0297886 0.0129931 0.00285451 
0 0 0.00102191 0.0077094 0.00759651 0.00417847 0.00504117 0.00230786 0.00298773 0.00769824 0.0110263 0.0121176 0.0156841 0.0256894 0.0354369 0.0381747 0.0326606 0.0255009 0.0241209 0.0265869 0.0193704 0.023451 0.0316905 0.0248625 0.024387 0.0261769 0.0281222 0.0237091 0.0402523 0.0501489 0.0328957 0.0302979 0.0523139 0.0579243 0.0626889 0.0496381 0.0402367 0.0298578 0.0341849 0.0385284 0.027488 0.0265192 0.0263878 0.0209919 0.0231181 0.028318 0.0225664 0.02132 0.0241728 0.0264 0.0167009 0.0197783 0.0224672 0.0254412 0.0274853 0.0142852 0.0167604 0.0204023 0.023238 0.0283204 0.0224072 0.0196926 0.0125813 0.0137218 0.0269145 0.0279707 0.02636 0.0119202 0.00215845 
3.29705e-05 0.0012173 0.00484758 0.00758213 0.00497508 0.00273935 0.0019741 0.0047328 0.00781478 0.014543 0.0144181 0.0124425 0.0175261 0.0232058 0.0278325 0.0406823 0.0254451 0.022091 0.020929 0.025634 0.0258028 0.0213712 0.0269006 0.029063 0.0241407 0.0237002 0.0279847 0.0324108 0.027226 0.0307166 0.0253696 0.0196543 0.0302711 0.0566885 0.0624738 0.0471627 0.0299173 0.0268864 0.030603 0.022807 0.0218525 0.0195082 0.0268067 0.0222685 0.0267468 0.0211458 0.023556 0.024065 0.017734 0.0165707 0.0229397 0.0198812 0.0262323 0.0214115 0.0160973 0.0134614 0.0198264 0.0189113 0.0254215 0.029848 0.021806 0.0166207 0.0126481 0.0127125 0.0176751 0.0150539 0.0143337 0.0109035 0.0022536 
0.000253358 0.00353441 0.0048362 0.00217488 0.00022108 0.000354593 0.00290716 0.0100952 0.0250054 0.0454563 0.0280446 0.0277193 0.0284872 0.0263092 0.0173404 0.0267332 0.0264698 0.0234403 0.021537 0.0189969 0.0246988 0.0219895 0.0203769 0.0250429 0.0282387 0.0299774 0.0438783 0.0399629 0.0229681 0.0256173 0.0238014 0.0195496 0.0199814 0.0210492 0.0277876 0.0517907 0.047941 0.0416657 0.0370539 0.0258255 0.0158439 0.0191871 0.0199313 0.0239872 0.0246748 0.0194922 0.0188726 0.0214468 0.0220221 0.0160776 0.0222243 0.0180256 0.0273617 0.0244165 0.0159449 0.0115736 0.0176363 0.0267771 0.0298814 0.0253148 0.0207389 0.0216688 0.019169 0.0190682 0.0237792 0.0150824 0.01622 0.0130978 0.00107359 
9.80466e-05 0.00126833 0.0017928 0.000359933 0 0.000351761 0.00292627 0.00863395 0.0130564 0.0275145 0.0313891 0.0300603 0.031981 0.0333168 0.0278197 0.0288879 0.0260525 0.022348 0.0230023 0.0228858 0.022901 0.0225628 0.0252971 0.032212 0.0285447 0.0343299 0.0797647 0.0389505 0.0206159 0.0195859 0.0229557 0.0209791 0.0247449 0.0260048 0.0229897 0.0447141 0.06575 0.0688572 0.0309263 0.0294254 0.0206634 0.0198281 0.0226994 0.0193785 0.0233433 0.0202807 0.0235294 0.023359 0.0236974 0.0183102 0.019146 0.021278 0.0263969 0.0324313 0.0230547 0.0195653 0.0175894 0.0286466 0.0330073 0.0203688 0.023005 0.0165181 0.0124114 0.0130678 0.0127394 0.0116173 0.0142142 0.00978338 0.000605925 
0 0.000211104 6.69242e-05 0 0.000429964 0.00362772 0.00578737 0.00588228 0.0105953 0.0152322 0.0245124 0.0239395 0.0270188 0.0285279 0.03397 0.0248419 0.0182736 0.0237686 0.0303607 0.0306222 0.0222613 0.0263139 0.0373828 0.0307324 0.0246958 0.0314208 0.0407011 0.0325178 0.0241597 0.0203624 0.0188302 0.0246536 0.0316434 0.0216498 0.0256029 0.0235851 0.0291491 0.0292646 0.0293853 0.0351091 0.0241284 0.0245913 0.0211949 0.0191179 0.0275745 0.0248434 0.0199558 0.0217363 0.0270339 0.0215071 0.0201195 0.0216335 0.0248741 0.0277727 0.0268975 0.0290708 0.0217102 0.0317543 0.030635 0.0228849 0.0259605 0.0204971 0.0151482 0.0105334 0.00897936 0.0084987 0.0140949 0.00910084 0.000594042 
0 3.30535e-05 0.000992439 0.000166966 0.0018091 0.00685881 0.0121647 0.0116329 0.0148917 0.0196358 0.0304474 0.0262261 0.0252937 0.0240554 0.0283707 0.0309249 0.0249629 0.0230861 0.0350113 0.0342313 0.0241528 0.0254176 0.0322973 0.0251477 0.0263935 0.0246556 0.024361 0.0287628 0.0336522 0.0300964 0.018405 0.0209974 0.0277695 0.0291849 0.024987 0.0186608 0.0164685 0.0237673 0.0341803 0.0355294 0.0259475 0.0292528 0.0217036 0.0248285 0.0361528 0.0217786 0.0148425 0.0226289 0.0239727 0.0281371 0.0227398 0.025187 0.0234416 0.022317 0.0273487 0.0233858 0.0188702 0.025443 0.0274216 0.0220294 0.019691 0.0207588 0.029489 0.0236686 0.026218 0.0125062 0.00883849 0.00905038 0.00130364 
0 0.00381288 0.0283226 0.0121771 0.00196854 0.00920496 0.0197288 0.023489 0.026602 0.0380292 0.0316357 0.0322141 0.0287199 0.0230878 0.0219628 0.0225598 0.0208997 0.0253277 0.0284851 0.0277089 0.0225962 0.0249658 0.0247563 0.0229323 0.0241963 0.0238278 0.0233909 0.0244675 0.0373411 0.0280738 0.0173995 0.0216744 0.026942 0.0284795 0.0270124 0.0226197 0.0222964 0.0295445 0.0362352 0.0297723 0.0281413 0.0255647 0.0164958 0.0212552 0.0258703 0.0220529 0.0158549 0.0215373 0.0247024 0.0284372 0.0306612 0.0252622 0.0201078 0.0183546 0.0208194 0.0248157 0.0252949 0.0252553 0.0199158 0.0245074 0.019175 0.0199977 0.0315971 0.0257223 0.021535 0.0143059 0.00470275 0.00358958 0.000694009 
0 0.0169068 0.0897101 0.046979 0.00213659 0.0104833 0.0215578 0.029007 0.0212962 0.0279008 0.0274528 0.0275837 0.0254685 0.0275844 0.0204623 0.0248298 0.0313684 0.0317819 0.026754 0.0372087 0.0304305 0.0255851 0.0234887 0.0239899 0.0193631 0.020946 0.0183625 0.0240195 0.0314776 0.0235511 0.0178206 0.0154818 0.0205039 0.0301961 0.0281062 0.0205649 0.0219684 0.0244305 0.0225852 0.0179003 0.023556 0.0328596 0.0232265 0.0169877 0.0209926 0.0245852 0.0194142 0.0201877 0.0225586 0.0252216 0.0336046 0.0257497 0.0185859 0.0168789 0.0221273 0.0239173 0.0293109 0.0185216 0.0170581 0.0223618 0.0192239 0.0158618 0.0182512 0.0120671 0.00770655 0.00726269 0.00593871 0.00171235 0.00032433 
0 0.00771619 0.0370627 0.0188169 0.000683579 0.00576245 0.0196963 0.0267623 0.0158547 0.0171661 0.018062 0.0166373 0.0260589 0.0279496 0.0297346 0.029945 0.0381713 0.0336095 0.031274 0.0329111 0.0262785 0.019552 0.0215106 0.0247776 0.0258723 0.0250807 0.0276322 0.0220648 0.0224418 0.0184623 0.02237 0.0161271 0.0150851 0.0207352 0.0270624 0.020914 0.0193675 0.0248014 0.017485 0.0174232 0.0171373 0.0218735 0.0183391 0.016285 0.0238802 0.0213036 0.0136641 0.0204213 0.0182539 0.0197647 0.0269161 0.0303173 0.0260169 0.0258767 0.0225537 0.0241956 0.0231986 0.022706 0.0237529 0.0200789 0.0236622 0.0198041 0.0149003 0.00830386 0.0117953 0.0104854 0.00652069 0.00160351 0.000201491 
0 0.000474889 0.00168727 0.000759759 0.000413889 0.0021975 0.0107345 0.0174684 0.0161917 0.0167118 0.0212951 0.0187723 0.0291471 0.0315666 0.0285788 0.0282864 0.0272412 0.0338673 0.0366528 0.0271502 0.0223895 0.0261493 0.0234721 0.029362 0.0385725 0.0266608 0.0219995 0.0161703 0.0277174 0.0219856 0.0227923 0.0241191 0.0206037 0.0228842 0.0194537 0.0174088 0.0205636 0.0263893 0.0194897 0.0184277 0.0170982 0.0211325 0.017004 0.0163802 0.017799 0.0174191 0.0194495 0.0223249 0.0205983 0.0211028 0.0244589 0.028224 0.0301931 0.0187299 0.0124821 0.0153893 0.0239208 0.0270818 0.0234598 0.0195462 0.0239882 0.0183349 0.0123201 0.0171594 0.0262864 0.0212684 0.0123487 0.00179002 9.33577e-05 
0 0 1.28443e-05 0.000440989 0.00177925 0.00443661 0.00996764 0.0121129 0.0151297 0.0221374 0.0271823 0.0294584 0.0300761 0.0291332 0.0293791 0.024897 0.0243415 0.0257705 0.0330975 0.0277233 0.0188988 0.0258284 0.0190583 0.024739 0.0346966 0.0343639 0.0233021 0.016633 0.0177006 0.0187921 0.0228412 0.023099 0.0271665 0.0289818 0.0267305 0.0231459 0.0239799 0.0223257 0.0184313 0.0186928 0.0206562 0.0278843 0.0301484 0.0243687 0.021982 0.0209083 0.0267143 0.0214939 0.0231373 0.0254455 0.0242045 0.0287861 0.0275989 0.018586 0.0201949 0.0170686 0.0192472 0.0224329 0.0290056 0.0240245 0.0232022 0.0181659 0.0272753 0.0542744 0.0348664 0.0122842 0.00876641 0.00200326 0 
0 0 0.000572076 0.00440494 0.00752101 0.00945029 0.0118466 0.0175443 0.0183393 0.0185568 0.0314519 0.0351367 0.0340771 0.0243177 0.0299732 0.0352445 0.0288406 0.0249895 0.0276811 0.0222432 0.023621 0.0224351 0.0259268 0.0253005 0.0215638 0.0306209 0.0303485 0.025633 0.0247395 0.0248616 0.0206095 0.0193399 0.0211855 0.0222049 0.0221049 0.0226654 0.019765 0.0173929 0.0223298 0.0205745 0.0237418 0.0284183 0.0273385 0.024273 0.0379565 0.0301148 0.033704 0.0262863 0.0225901 0.0261251 0.0285812 0.0273902 0.0194152 0.0247673 0.0209016 0.0204364 0.028002 0.0268228 0.0279647 0.0205817 0.0222293 0.0160105 0.0248765 0.0420082 0.0286313 0.012785 0.0108891 0.00690252 7.06806e-05 
0 0 0.000768113 0.00869301 0.01162 0.00690774 0.0143606 0.0230167 0.0239266 0.0241512 0.0208863 0.0208466 0.0242892 0.0211831 0.0260628 0.0238164 0.0273307 0.0279529 0.0279371 0.0296421 0.0242338 0.0233604 0.0237294 0.0299279 0.0260107 0.025808 0.0242657 0.0200275 0.0266116 0.0272738 0.0196628 0.0191453 0.0208838 0.0153752 0.0180865 0.0162009 0.0200106 0.0207499 0.0307094 0.0277046 0.0235979 0.0270117 0.0249754 0.0248568 0.0329885 0.0236243 0.0234791 0.0202652 0.0228606 0.0202332 0.0167558 0.0169229 0.0198815 0.023247 0.0192008 0.0208465 0.0224498 0.0253637 0.0293806 0.021021 0.0197641 0.0194424 0.020511 0.0226191 0.0211647 0.0192754 0.0222112 0.0113351 0.000159823 
0 0 0.000999901 0.0116183 0.011458 0.00930548 0.00486322 0.0109643 0.0222097 0.025034 0.0203073 0.0155295 0.0238239 0.0248799 0.0224747 0.019439 0.0239643 0.0330808 0.0398671 0.0444137 0.043242 0.0283774 0.0281633 0.0320874 0.0298334 0.0250508 0.0204914 0.0167545 0.0178046 0.0241716 0.022775 0.0210802 0.0170773 0.0176204 0.016115 0.0158217 0.0153075 0.0183715 0.0290875 0.0281436 0.0224351 0.0215873 0.0254921 0.0213271 0.032008 0.0247826 0.0189349 0.0216883 0.0213664 0.0181427 0.0184587 0.0198377 0.0226747 0.0215452 0.0223679 0.0200737 0.0208382 0.0253828 0.0275375 0.022722 0.0196355 0.0136773 0.0149818 0.0189181 0.022804 0.0201905 0.0169951 0.00275011 5.46133e-08 
0 0 0.00115694 0.00985471 0.00801986 0.0131731 0.00670059 0.00541114 0.0113524 0.0216067 0.0265179 0.0240944 0.0288906 0.0287826 0.0261575 0.017511 0.0199328 0.0316251 0.0385131 0.0398867 0.0398449 0.0349724 0.0255858 0.0320523 0.026346 0.0279729 0.0199685 0.0196809 0.0181425 0.0226217 0.029587 0.0258826 0.0220992 0.02144 0.0183591 0.0169843 0.0137566 0.0180064 0.0213018 0.0223656 0.0246398 0.0221715 0.0207078 0.0210234 0.0290755 0.0221988 0.0158002 0.0195741 0.0241855 0.0203384 0.0195729 0.0218239 0.0298785 0.0213619 0.0267778 0.0231134 0.0237731 0.0243172 0.0218087 0.0213548 0.020182 0.0176245 0.0206555 0.0283477 0.0292589 0.0142202 0.00280559 0.00040862 0 
0 0 0.00013081 0.00250423 0.00412209 0.00890608 0.0163118 0.0131086 0.0121419 0.0152492 0.0223852 0.0366019 0.0366251 0.0260628 0.0220054 0.0179197 0.0188054 0.0217126 0.033489 0.0317906 0.0260199 0.0269402 0.0312293 0.024792 0.0276055 0.0304022 0.0205832 0.0182136 0.0230154 0.0299998 0.0298628 0.0217281 0.0252327 0.0204414 0.0161827 0.0157431 0.0152211 0.017255 0.0151502 0.021916 0.0239087 0.0193267 0.0178685 0.020448 0.0245913 0.021287 0.0162054 0.0162496 0.0178229 0.0188171 0.0201788 0.0196241 0.019755 0.0175733 0.0196394 0.0210351 0.0213999 0.0206003 0.0219468 0.0229871 0.0280588 0.0273645 0.0257335 0.0301567 0.0178057 0.00886363 0.00254491 0 0 
0 0 0 0.000616221 0.000685494 0.0115096 0.0235913 0.0130141 0.00792922 0.0112417 0.0195363 0.0429885 0.0564359 0.0314039 0.0174538 0.0162744 0.0234915 0.0329437 0.028479 0.0240917 0.024967 0.0280892 0.0312315 0.0279099 0.0286495 0.036342 0.0285662 0.0225417 0.026398 0.0288414 0.0228478 0.0271091 0.0245731 0.016571 0.0140292 0.0189509 0.0149058 0.0186403 0.0161748 0.0180524 0.0192232 0.0198471 0.0218676 0.0256023 0.0242368 0.0188244 0.0160016 0.0164249 0.0190357 0.0169538 0.0117812 0.0113281 0.0142626 0.0133424 0.0165565 0.0180048 0.0167301 0.018991 0.0191476 0.026924 0.032676 0.0292441 0.0297716 0.0347155 0.0196585 0.00650901 0.0016261 0 0 
0 0 0 0 3.95133e-06 0.00242464 0.00855294 0.00770612 0.00216972 0.00318188 0.00913636 0.0187522 0.0311886 0.0246138 0.0237978 0.0195299 0.0204354 0.0307958 0.0313052 0.028622 0.0304344 0.0310392 0.0282987 0.0219552 0.0260265 0.0323902 0.0379012 0.0267818 0.0189482 0.027521 0.0266699 0.0303763 0.0277141 0.0226594 0.0242984 0.0291461 0.0244179 0.0171697 0.0147248 0.0158757 0.018425 0.0249671 0.0253006 0.0261822 0.021406 0.00919633 0.0155765 0.0146926 0.0162009 0.0237392 0.016437 0.0146578 0.0172438 0.0127598 0.01205 0.0164118 0.0169774 0.0180122 0.0267428 0.0202435 0.0147105 0.0229546 0.023398 0.0226939 0.0110101 0.00419504 0.000680608 0 0 
0 0 0 0 0 0.000282292 0.00149943 0.00150702 0.000278146 0.00153826 0.00444513 0.0139889 0.0241916 0.0307266 0.0306512 0.0292346 0.0289512 0.029304 0.0328908 0.0233471 0.0229551 0.027001 0.02968 0.0239733 0.0286331 0.0303716 0.0409132 0.0297199 0.0190034 0.0225731 0.0397809 0.040635 0.0267428 0.0236606 0.0282236 0.0325854 0.0319663 0.0256344 0.0128892 0.0155807 0.020967 0.0246963 0.0242914 0.0165806 0.00649615 0.00454077 0.012358 0.0170117 0.020968 0.0259559 0.0212283 0.0149871 0.0181368 0.0204179 0.0209965 0.0192005 0.0197344 0.0291849 0.0594232 0.0387056 0.0178999 0.0131007 0.0126502 0.00983428 0.00687842 0.00206602 0 0 0 
0 0 0 0 0 0 3.54175e-05 0.000128245 0.00138485 0.00634968 0.0115078 0.0197159 0.032168 0.0413697 0.0320779 0.0340556 0.0399245 0.0344292 0.0286595 0.0273308 0.0204346 0.0229811 0.0340227 0.0348198 0.0271698 0.0174 0.0237209 0.0280784 0.0244945 0.0317209 0.0491468 0.0377016 0.0255558 0.0223615 0.0188202 0.0250395 0.0249863 0.0122816 0.00563112 0.00867879 0.0151974 0.0238071 0.0224945 0.012565 0.00536817 0.00321837 0.00959043 0.0151412 0.0202016 0.0202439 0.021908 0.0207823 0.0202047 0.0198548 0.0175064 0.0211356 0.0248429 0.0377316 0.065109 0.0494171 0.0205253 0.0126333 0.00741452 0.00334118 0.00286838 0.000455329 0 0 0 
0 0 0 0 0 0 0 0.000317899 0.00620463 0.0129145 0.0193445 0.0225813 0.0348438 0.0322601 0.0307929 0.0256101 0.023925 0.0236865 0.0285689 0.0309433 0.020138 0.0201411 0.0266576 0.029743 0.0315342 0.0281126 0.0208073 0.023295 0.0332684 0.0704463 0.0456756 0.0321954 0.0239828 0.0192916 0.00911353 0.0133074 0.0229441 0.0134077 0.0138191 0.00668152 0.00667648 0.0148405 0.0228692 0.015804 0.00782256 0.00366132 0.00605005 0.00981092 0.013716 0.0199457 0.0249168 0.0206496 0.0204384 0.0208021 0.0203431 0.0216376 0.0258771 0.0265227 0.0475405 0.0275259 0.00887746 0.00686042 0.0024865 0.00223991 0.00174678 0 0 0 0 
0 0 0 0 0 0 0 0.0022193 0.0118514 0.0213278 0.029245 0.0339089 0.0361709 0.0326931 0.0272503 0.0218401 0.0226312 0.0227346 0.0262009 0.0310929 0.0293657 0.0255703 0.023472 0.034269 0.0474339 0.0331854 0.0266718 0.0266805 0.0294677 0.042196 0.0380803 0.0389736 0.0182363 0.00883975 0.0029585 0.0108337 0.0258361 0.0272096 0.0236888 0.0144336 0.0082549 0.0202413 0.025046 0.0184361 0.0115802 0.00871754 0.00693227 0.00399083 0.00949659 0.0230555 0.0211539 0.0202486 0.0214051 0.020808 0.0236637 0.0257872 0.0203992 0.0187026 0.0156454 0.00800993 0.00443879 0.00329445 0.00126219 0.000971807 0.00014848 0 0 0 0 
0 0 0 0 0 0 0 0.00129451 0.0137941 0.0260194 0.032588 0.028211 0.036043 0.0356869 0.0262947 0.0238524 0.0248059 0.0302441 0.0308901 0.0298586 0.0293667 0.0216527 0.0255589 0.0367504 0.0560333 0.0346915 0.0326593 0.0381286 0.0268897 0.0322603 0.042692 0.037497 0.0138718 0.00420747 0.00104285 0.00922854 0.0202913 0.0319653 0.0412378 0.0325014 0.0129706 0.0192706 0.0188346 0.0179325 0.0158121 0.0202122 0.0173154 0.00868086 0.0116879 0.0187965 0.0222964 0.0158617 0.0230337 0.0173404 0.0204686 0.0191852 0.0144089 0.011684 0.00424987 0.00084573 0.00228812 0.000666608 0.00116056 0.000328883 0 0 0 0 0 
0 0 0 0 0 0 0 0.000208116 0.00923773 0.0243782 0.0390377 0.0348419 0.0414158 0.0289228 0.0258765 0.0278302 0.0303904 0.0316714 0.0305826 0.0357771 0.0270843 0.0254122 0.0258319 0.0343179 0.0378033 0.0396218 0.0406809 0.0438655 0.0434878 0.0441483 0.0391277 0.0293005 0.0163053 0.00533484 0.000505417 0.00591343 0.0165312 0.0330873 0.0396774 0.0335682 0.0157112 0.0222179 0.0221288 0.0216565 0.0204496 0.0291659 0.0247886 0.0131243 0.00747088 0.0180824 0.0243151 0.0147488 0.0171223 0.0135485 0.0123362 0.0126943 0.0111104 0.00821673 0.00415156 0.0016575 0.0010119 0.00020937 0 0 0 0 0 0 0 
0 0 0 0 0 0 0 2.39888e-06 0.00233826 0.0128894 0.0280217 0.0343968 0.0367609 0.0210266 0.027304 0.0339926 0.033738 0.0339311 0.0343751 0.0346427 0.0302072 0.0311307 0.0311141 0.025631 0.0228769 0.0308814 0.0401807 0.049272 0.0455962 0.0389972 0.0347686 0.0356454 0.0236608 0.00561133 0.000475987 0.00442747 0.012163 0.02177 0.0318688 0.0249219 0.0187955 0.0272701 0.0298045 0.0321115 0.026551 0.0241543 0.0223514 0.0163166 0.00755264 0.0148175 0.0210304 0.0289937 0.0212219 0.0164007 0.0113097 0.00723629 0.00566005 0.00974226 0.00360095 0.00305306 0.000624146 0 0 0 0 0 0 0 0 
0 0 0 0 0 0 0 0 4.34266e-05 0.00244081 0.0163948 0.0246003 0.0275858 0.0235953 0.0187641 0.0274113 0.0197055 0.0212566 0.0218155 0.0239662 0.0220175 0.0213582 0.0247868 0.0272832 0.023393 0.0263721 0.0370364 0.0423202 0.0338436 0.0248409 0.0301458 0.044166 0.0324581 0.00906137 0.00342613 0.0155233 0.019052 0.0162292 0.024125 0.0240462 0.022867 0.043164 0.0493343 0.0370536 0.0284897 0.0213899 0.0171716 0.00983396 0.00773955 0.0146509 0.0323142 0.0403563 0.0251935 0.0172159 0.0090595 0.00953349 0.00614564 0.0101749 0.00658454 0.00338936 0.000362443 0 0 0 0 0 0 0 0 
0 0 0 0 0 0 0 0 0 0.0002444 0.00791127 0.0234272 0.0226693 0.0204766 0.0238817 0.0220975 0.0137095 0.00820893 0.00803704 0.00820951 0.0118189 0.0138068 0.0136131 0.0157116 0.0254036 0.0295621 0.0395911 0.0520676 0.0303335 0.0291598 0.0332399 0.0411576 0.0274808 0.00947538 0.0132263 0.0252114 0.0301163 0.0218742 0.0225236 0.0218258 0.0288413 0.0351589 0.0414298 0.0344228 0.0269819 0.0201513 0.015475 0.0114856 0.00476161 0.0133394 0.032641 0.0579836 0.0305013 0.0177662 0.0126313 0.0116719 0.0060776 0.00624507 0.00834983 0.00271703 0.000146436 0 0 0 0 0 0 0 0 
0 0 0 0 0 0 0 0 0 0 0.000414309 0.00649048 0.0106713 0.020161 0.0442513 0.0295745 0.0171449 0.0162612 0.0138023 0.00954506 0.0132317 0.0179644 0.0160216 0.0147985 0.0158223 0.0233887 0.0247389 0.0397432 0.0302276 0.0256359 0.0249537 0.0228555 0.014731 0.0147028 0.0204882 0.0324831 0.0353619 0.0269035 0.0248572 0.0296453 0.0203797 0.025675 0.0350972 0.0287834 0.030549 0.0171953 0.0150724 0.0147123 0.00517146 0.0121246 0.0283521 0.0345954 0.0241613 0.0269434 0.0191691 0.0178984 0.0057872 0.00508216 0.00293642 0.000362624 0 0 0 0 0 0 0 0 0 
0 0 0 0 0 0 0 0 0 0 0 0.000754005 0.00472842 0.0151916 0.0313934 0.0344502 0.0248086 0.0191145 0.0223029 0.0157585 0.0104598 0.00825249 0.0104955 0.0220298 0.0185447 0.0121894 0.0212085 0.0305528 0.0234868 0.0175603 0.0144834 0.0107259 0.0139526 0.0252253 0.0259364 0.0197076 0.0254054 0.0176094 0.0255994 0.0253512 0.0260789 0.0393826 0.0360415 0.0321952 0.0366885 0.0293316 0.0207783 0.019849 0.0118445 0.0138099 0.0212016 0.0205763 0.0241143 0.0329005 0.0236876 0.0134219 0.00492199 0.00221738 0.000112236 0 0 0 0 0 0 0 0 0 0 
0 0 0 0 0 0 0 0 0 0 0 0 0.000263013 0.00198181 0.011046 0.0191363 0.0206777 0.0167573 0.0193083 0.0142821 0.0129499 0.0159478 0.0147657 0.0264366 0.0293575 0.0141782 0.0234312 0.0252776 0.0293487 0.0170361 0.00791002 0.00370137 0.0147822 0.0241254 0.0236234 0.0176372 0.0158785 0.0140895 0.0187952 0.0344153 0.0452871 0.042317 0.0340215 0.0344382 0.0482846 0.0489977 0.0403294 0.0242524 0.0239987 0.0164826 0.0164471 0.0192087 0.0299745 0.0208944 0.0097501 0.00379368 0.00076272 9.9382e-05 0 0 0 0 0 0 0 0 0 0 0 
0 0 0 0 0 0 0 0 0 0 0 0 0 1.30469e-06 0.000587609 0.0039779 0.00748157 0.00989955 0.0132799 0.0152737 0.0192851 0.0240714 0.0185634 0.0218996 0.0291375 0.0237688 0.0268644 0.0252241 0.029584 0.0167947 0.00478196 0.00313966 0.018943 0.0269202 0.0326641 0.0329804 0.0193863 0.0165405 0.0182303 0.0245639 0.0493843 0.0301302 0.0327665 0.0425175 0.0504246 0.0422519 0.0393339 0.0328071 0.0300401 0.0201847 0.0148176 0.0143527 0.0188706 0.00900687 0.000884424 0.0001937 0 0 0 0 0 0 0 0 0 0 0 0 0 
0 0 0 0 0 0 0 0 0 0 0 0 0 0 0 0.000107226 0.000329399 0.00161526 0.00245219 0.0103725 0.0296139 0.0307321 0.0172844 0.0256536 0.0246225 0.0357124 0.0682486 0.0433645 0.0317306 0.0200092 0.0103574 0.00852125 0.025685 0.0330774 0.0240407 0.0183023 0.0179045 0.0146261 0.0166353 0.0210784 0.0324346 0.0346335 0.0296534 0.0337074 0.0359088 0.0335962 0.0289344 0.0288273 0.0252525 0.0223656 0.0158298 0.0169352 0.0125745 0.00328803 0 0 0 0 0 0 0 0 0 0 0 0 0 0 0 
0 0 0 0 0 0 0 0 0 0 0 0 0 0 0 0 0 0 0.000385661 0.00350895 0.0103401 0.0137297 0.0123564 0.0190346 0.0251312 0.0307142 0.0500735 0.0365131 0.0203386 0.0200008 0.0219295 0.0179199 0.0211072 0.0228848 0.0125501 0.00801008 0.00973982 0.0167523 0.0154335 0.0235212 0.0301759 0.0344711 0.0429481 0.0371329 0.0354421 0.0339525 0.0175139 0.0113329 0.0118932 0.0105714 0.00633522 0.00487217 0.00137531 9.3929e-05 0 0 0 0 0 0 0 0 0 0 0 0 0 0 0 
0 0 0 0 0 0 0 0 0 0 0 0 0 0 0 0 0 0 0 0.000240845 0.000969774 0.00457279 0.00603494 0.0107801 0.013276 0.0179293 0.0206489 0.016427 0.0193405 0.0230873 0.0321465 0.0314705 0.0215939 0.0124213 0.00970021 0.0108542 0.00784624 0.0173132 0.0217221 0.0235173 0.0363606 0.0333279 0.0363715 0.0279262 0.0225397 0.0133283 0.00134467 0.00025584 0.00102458 0.000804239 0.000550527 0.000122662 0 0 0 0 0 0 0 0 0 0 0 0 0 0 0 0 0 
0 0 0 0 0 0 0 0 0 0 0 0 0 0 0 0 0 0 0 0 2.14276e-05 0.000340643 0.000953559 0.00364777 0.0042335 0.00631511 0.00865292 0.00910108 0.0115763 0.0233915 0.038995 0.0488608 0.0388353 0.0127699 0.00224986 0.00433664 0.00673469 0.0107468 0.019489 0.0295617 0.0342924 0.0297706 0.0254718 0.0181724 0.00471153 0.00108638 8.85717e-05 0 0 0 0 0 0 0 0 0 0 0 0 0 0 0 0 0 0 0 0 0 0 
0 0 0 0 0 0 0 0 0 0 0 0 0 0 0 0 0 0 0 0 0 0 5.08676e-05 5.65089e-05 0.000508398 0.00301872 0.00448957 0.00804672 0.0103641 0.0166888 0.0328444 0.0510058 0.035647 0.00963396 0.000167248 0.000772471 0.00214843 0.00536132 0.00761618 0.0231117 0.0241866 0.0170807 0.0168772 0.00261069 0.000643318 0 0 0 0 0 0 0 0 0 0 0 0 0 0 0 0 0 0 0 0 0 0 0 0 
0 0 0 0 0 0 0 0 0 0 0 0 0 0 0 0 0 0 0 0 0 0 0 0 0 1.36382e-05 6.45704e-05 0.000442216 0.00224042 0.0055815 0.0114748 0.0118026 0.00298138 0.000266221 0 0 0 0.000840227 0.0018581 0.0051142 0.00526785 0.00180736 0.000572815 3.49676e-05 0 0 0 0 0 0 0 0 0 0 0 0 0 0 0 0 0 0 0 0 0 0 0 0 0 

