0 0 0 0 0 0 0 0 0 0 0 0 0 0 0 0 0 0 0 0 0 0 0 0 0 0 0 0 0 0 0 0 0 0 0 0 0.000123019 0.000115535 5.85578e-05 0.000132321 1.09529e-06 0 0 0 0 0 0 0 0 0 0 0 0 0 0 0 0 0 0 0 0 0 0 0 0 0 0 0 0 
0 0 0 0 0 0 0 0 0 0 0 0 0 0 0 0 0 0 0 0 0 0 0 0 0 0 0.000372734 0.00127736 0.000589324 0 0 0 0 0.000688761 0.00284259 0.000361588 0.00295998 0.00431572 0.0014658 0.00267313 0.00402217 0.0043111 0.000676395 2.60308e-05 4.76588e-06 0 0 0 0 0 0 0 0 0 0 0 0 0 0 0 0 0 0 0 0 0 0 0 0 
0 0 0 0 0 0 0 0 0 0 0 0 0 0 0 0 0 0 0 0 0 0 0 2.30441e-06 0.000570224 0.00224464 0.00602768 0.0143399 0.00883476 0.00294444 0.00095438 4.19205e-06 9.91002e-05 0.00101937 0.00477103 0.0061374 0.00551512 0.00860413 0.00612618 0.00765285 0.0113004 0.0142527 0.00484601 0.00589266 0.00624869 0.00112807 0.000235208 6.73729e-05 0 0 0 0 0 0 0 0 0 0 0 0 0 0 0 0 0 0 0 0 0 
0 0 0 0 0 0 0 0 0 0 0 0 0 0 0 0 0 0 0 0 0.00059849 0.000654914 0.00019538 0.000468732 0.00467515 0.013373 0.0152973 0.0272193 0.0203133 0.0143813 0.00738382 0.00103756 0.00184303 0.00278739 0.00513756 0.0103868 0.0078063 0.00806739 0.0116337 0.0156956 0.0146729 0.0126273 0.0136555 0.0220529 0.0210579 0.0126873 0.00655168 0.00176214 8.43978e-05 0 0 0 0 0 0 0 0 0 0 0 0 0 0 0 0 0 0 0 0 
0 0 0 0 0 0 0 0 0 0 0 0 0 0 0 0 0 0 0.00046782 0.00331044 0.00841566 0.00952576 0.00536916 0.00493773 0.00958146 0.0172237 0.01966 0.0176979 0.0224531 0.0258901 0.0157567 0.00649892 0.00248723 0.00868998 0.00935425 0.00998897 0.00977341 0.0144756 0.0142007 0.0169145 0.0201463 0.0174936 0.0157031 0.0197071 0.025592 0.0223543 0.0149511 0.0113906 0.00166627 0 0 0 0 0 0 0 0 0 0 0 0 0 0 0 0 0 0 0 0 
0 0 0 0 0 0 0 0 0 0 0 0 0 0 0 0 0.00023903 0.00184989 0.00726886 0.0113761 0.0153718 0.0176482 0.0138124 0.0150811 0.021158 0.0261691 0.0267566 0.0235314 0.0230762 0.0265516 0.0219716 0.0138868 0.00555426 0.00657924 0.00963915 0.0141462 0.0138423 0.0139538 0.0172369 0.0257643 0.01729 0.018418 0.0232287 0.0218281 0.0251615 0.0185231 0.0166119 0.020249 0.00886941 0.000328719 3.62698e-05 0.000779741 0.00125204 0 0 0 0 0 0 0 0 0 0 0 0 0 0 0 0 
0 0 0 0 0 0 0 0 0 0 0 0 0 0 0 2.36314e-05 0.00456323 0.0133297 0.0150553 0.013628 0.0183056 0.0209834 0.0229165 0.0281069 0.0266367 0.0261192 0.0302311 0.0255282 0.021262 0.021507 0.020003 0.0148996 0.00921017 0.00592951 0.0141926 0.0175161 0.0184864 0.0178913 0.0170142 0.0222286 0.016629 0.018862 0.0199986 0.0129278 0.0208024 0.0225158 0.0155276 0.0153916 0.0118399 0.00218534 0.000893372 0.00593715 0.00693689 0.000495203 0 0 0 0 0 0 0 0 0 0 0 0 0 0 0 
0 0 0 0 0 0 0 0 0 0 0 0 0 0 0 0.0007041 0.0128294 0.0134931 0.017196 0.0198192 0.0153 0.0204073 0.0237477 0.0253343 0.0252916 0.0198823 0.0193443 0.026208 0.0235258 0.0174167 0.0193302 0.0224183 0.0138756 0.00815547 0.0160103 0.0234574 0.0226699 0.0225139 0.0168011 0.0265031 0.0177645 0.0166334 0.0146635 0.0146322 0.0182416 0.0243496 0.0201717 0.0119236 0.0100546 0.00378538 0.0074026 0.0169776 0.0218986 0.00846868 0.00117442 1.60546e-05 0 0 0 0 0 0 0 0 0 0 0 0 0 
0 0 0 0 0 0 0 0 0 0 0 0 0 0.000267287 0.000917917 0.000637733 0.00903767 0.0177785 0.0203111 0.0183136 0.0141939 0.0195257 0.0219433 0.0278613 0.0239198 0.0196137 0.0166611 0.0215485 0.017157 0.0136143 0.0173281 0.0182545 0.0123217 0.0110692 0.0184173 0.0231469 0.0176945 0.0171251 0.0168844 0.0142413 0.0188177 0.0160022 0.0176488 0.0136216 0.0247448 0.0257509 0.0247225 0.013954 0.00702235 0.00854468 0.0125971 0.0197734 0.0208459 0.0192234 0.0103315 0.00212526 0.000426669 9.44367e-05 0 0 0 0 0 0 0 0 0 0 0 
0 0 0 0 0 0 0 0 0 0 0 0 0.000664135 0.00465957 0.00716053 0.00584196 0.00727452 0.0123215 0.0181871 0.0153993 0.0108432 0.0130603 0.0179807 0.0234394 0.0183332 0.0190933 0.0234585 0.0296189 0.0173904 0.0164992 0.0222841 0.020905 0.0119144 0.00699946 0.0181464 0.0225077 0.0227497 0.0196466 0.0170201 0.0250565 0.0221141 0.0199561 0.0189808 0.0193886 0.0254316 0.0284092 0.024444 0.0123042 0.0108636 0.0164634 0.0157199 0.0165648 0.0165031 0.0178971 0.0121928 0.00368803 0.00101495 0.00238153 4.60621e-05 0 0 0 0 0 0 0 0 0 0 
0 0 0 0 0 0 0 0 0 0 0 0 0.000734073 0.00597514 0.0047621 0.00653773 0.0113005 0.0150608 0.0145388 0.0125236 0.0068361 0.00991894 0.0123454 0.0203611 0.0152932 0.0128427 0.0213329 0.0248477 0.0252504 0.0251199 0.021134 0.0158201 0.0128754 0.0127757 0.0138477 0.0165011 0.017265 0.0199634 0.0200551 0.0251924 0.0280864 0.0208081 0.0131963 0.0173861 0.0213862 0.0244042 0.0228041 0.0140863 0.0116456 0.0329634 0.0470576 0.0218305 0.0120376 0.0136885 0.0157493 0.00743655 0.00418126 0.00461624 0.00114275 1.43897e-05 0 0 0 0 0 0 0 0 0 
0 0 0 0 0 0 0 0 0 8.77062e-05 0.00218793 0.00281733 0.00691523 0.0066217 0.00914737 0.00715243 0.00421869 0.0103383 0.0125074 0.0140695 0.00891338 0.00949388 0.0149882 0.0188635 0.0142301 0.0122671 0.0218949 0.028616 0.0276774 0.0251313 0.0193342 0.0165297 0.0188697 0.0223235 0.019549 0.0172162 0.0183673 0.0186982 0.0157083 0.0230195 0.0242059 0.0174088 0.0127713 0.0168095 0.0196574 0.0145672 0.0209495 0.0150372 0.0124688 0.0400047 0.0647123 0.0240685 0.00917492 0.0122221 0.0124702 0.00925097 0.0134122 0.0115744 0.00334158 0.000712268 0 0 0 0 0 0 0 0 0 
0 0 0 0 0 0 0 0 7.44248e-05 0.00145243 0.00670104 0.00967152 0.0133693 0.0139948 0.0165079 0.0152622 0.00957257 0.00735114 0.00927291 0.0149517 0.016569 0.0148512 0.0146218 0.0155546 0.0138684 0.019378 0.0262636 0.0235072 0.0205504 0.0163487 0.0136443 0.0214018 0.0219438 0.0222398 0.0205049 0.0135592 0.0115091 0.0132329 0.0148004 0.0178372 0.0239945 0.0211989 0.0149218 0.0175051 0.0186282 0.0152865 0.0236383 0.0131591 0.00837857 0.0234017 0.035353 0.0201231 0.00633453 0.0073735 0.00998936 0.00824885 0.00884871 0.0126208 0.00585283 0.00506434 0.000349291 0 0 0 0 0 0 0 0 
0 0 0 0 0 0 0 0 0.00128266 0.00610245 0.00659509 0.00516421 0.00609839 0.00635288 0.0108873 0.0208527 0.0141583 0.00840583 0.00713581 0.0120922 0.0154586 0.0150865 0.014142 0.0227907 0.0180326 0.020829 0.0225877 0.0242144 0.0241782 0.019992 0.0130966 0.0188793 0.0216444 0.0200887 0.0250893 0.0137426 0.0153001 0.0167353 0.0157589 0.0112009 0.0140908 0.0193986 0.0144246 0.0166792 0.0236006 0.0243015 0.024743 0.0113556 0.010123 0.00883621 0.0150514 0.0121054 0.00551762 0.00419792 0.00678957 0.00855041 0.0146198 0.0127131 0.00949397 0.0105047 0.0042558 0 0 0 0 0 0 0 0 
0 0 0 0 0 0 0 4.7493e-05 0.00428839 0.0143295 0.01436 0.00316591 0.00134132 0.00328429 0.00982299 0.0139794 0.0139124 0.0122221 0.00993801 0.0145618 0.00993507 0.0124735 0.0156081 0.0239029 0.0212263 0.0222333 0.0362418 0.0276265 0.0209598 0.0222476 0.0201376 0.016737 0.0197824 0.0203998 0.0197361 0.0133823 0.0132502 0.017551 0.0167056 0.0160803 0.0189013 0.0201744 0.0154779 0.017961 0.0251142 0.0203269 0.0215763 0.0112398 0.0164353 0.0136595 0.00798483 0.00997351 0.00952168 0.00903738 0.0101767 0.00516576 0.00971031 0.0143237 0.0105747 0.011505 0.00871406 0.000470881 0 0 0 0 0 0 0 
0 0 0 0 0 0 0 9.4546e-05 0.00517944 0.0112109 0.0136799 0.00256754 0.00160619 0.00844099 0.0153242 0.0212169 0.0195478 0.016938 0.0126271 0.0161505 0.0132963 0.0160357 0.0201105 0.0192707 0.0196982 0.0323041 0.0430025 0.0216159 0.0254118 0.023519 0.0276585 0.0170687 0.0153259 0.0161311 0.0179802 0.0252425 0.0214004 0.0186422 0.0175563 0.0192792 0.0228315 0.0173877 0.0126392 0.0110115 0.0108999 0.0157092 0.0226067 0.0161764 0.0150084 0.0151546 0.0149253 0.0138109 0.0112168 0.00966642 0.0133385 0.0070282 0.00712393 0.0135829 0.0175437 0.0157124 0.0104349 0.00295005 0.000686408 0.000297196 0 0 0 0 0 
0 0 0 0 0 0 0 0 0.00315427 0.00739122 0.0124548 0.00706278 0.0129842 0.0193421 0.0246347 0.0280819 0.0252164 0.0207992 0.0117076 0.0171401 0.024956 0.0171295 0.0136458 0.0158832 0.0189969 0.0227456 0.0273372 0.0355776 0.0544787 0.0311607 0.0251876 0.0216892 0.0152849 0.0180586 0.0203599 0.028888 0.028601 0.0249732 0.0270495 0.0225405 0.0186322 0.0157481 0.00721961 0.0079856 0.010696 0.013164 0.0181373 0.0151231 0.0200653 0.0175102 0.018806 0.0197016 0.0124754 0.0164454 0.0146137 0.00847748 0.0104588 0.012457 0.0178349 0.0176274 0.016296 0.00865815 0.0174821 0.0101153 0.000170698 0 0 0 0 
0 0 0 0 0 0 0 7.67339e-05 0.000540327 0.00299538 0.00979871 0.0215732 0.0190663 0.023822 0.0305786 0.0285955 0.0214608 0.0206734 0.0173025 0.0227437 0.0304685 0.0179394 0.0135448 0.0191582 0.0260776 0.0267756 0.0439265 0.0374545 0.0377253 0.0319646 0.0288763 0.021689 0.0154041 0.0171732 0.0214351 0.0403663 0.0395283 0.0304234 0.0307472 0.0203727 0.013663 0.0111117 0.00795913 0.0080852 0.00758323 0.0156205 0.0185464 0.016451 0.0117237 0.0135709 0.0157261 0.0154897 0.0152301 0.0158647 0.0157962 0.0103201 0.0253403 0.0177457 0.0177282 0.0160872 0.0217568 0.0180891 0.0267411 0.0163359 0.0022336 6.12958e-06 0 0 0 
0 0 0 0 0 0.000671393 0.00187133 0.00331675 0.0100822 0.0135255 0.0225796 0.022198 0.020565 0.0210227 0.0217951 0.0198857 0.0229232 0.0188467 0.0211557 0.0253385 0.0252905 0.0145282 0.0159287 0.0212772 0.0284407 0.0337057 0.0415431 0.0208131 0.0235456 0.0248431 0.0262463 0.0196988 0.0237898 0.020191 0.0240637 0.0313171 0.0290718 0.0234323 0.0256519 0.0199031 0.0195958 0.0139352 0.0139253 0.0171066 0.0161162 0.0132483 0.0169746 0.0226865 0.0185407 0.0236551 0.015831 0.0163015 0.0254536 0.0196481 0.0180225 0.0155018 0.0220406 0.0236346 0.0165354 0.013957 0.0202825 0.0228814 0.0239301 0.0193439 0.0102246 0.000255947 0 0 0 
0 0 0 0 0.000824558 0.00563071 0.00890786 0.0126437 0.0217314 0.0261 0.0241503 0.0211293 0.0230733 0.0199213 0.0156572 0.0176538 0.0208285 0.0223431 0.023822 0.0183222 0.0206804 0.0163937 0.0179027 0.024308 0.0311982 0.0273592 0.0308698 0.0276605 0.0265425 0.0268969 0.0251901 0.0199068 0.0202815 0.0241724 0.0309246 0.0218452 0.0194597 0.0203606 0.0231055 0.0257476 0.0247441 0.0154042 0.0173791 0.0191738 0.0231331 0.0203652 0.0276835 0.0245982 0.0212863 0.0192917 0.0198749 0.0132492 0.0223824 0.019998 0.0115026 0.0129983 0.0257117 0.02071 0.00958281 0.0169762 0.0204502 0.0170126 0.0129989 0.015483 0.00701001 0.000989358 0 0 0 
0 0 0 0.000288258 0.0065602 0.0165888 0.0202005 0.0216208 0.0243435 0.0267027 0.0210127 0.0183385 0.0234251 0.0228876 0.0228601 0.0222007 0.0181198 0.0156947 0.0239982 0.0147312 0.0158652 0.0176999 0.0219605 0.024476 0.0204865 0.0226202 0.027775 0.0257496 0.0292993 0.0242255 0.0183084 0.0179907 0.0211451 0.0216695 0.0183632 0.0176751 0.02049 0.0194653 0.0226951 0.0254676 0.0252787 0.0194202 0.0188822 0.0245694 0.0229834 0.0223847 0.0275995 0.0273603 0.0211599 0.0182613 0.0242625 0.0218243 0.0138234 0.0123255 0.00761642 0.00846084 0.0218916 0.0270153 0.014186 0.0200926 0.0143325 0.0132115 0.0144255 0.0196941 0.0132094 0.00613943 6.99744e-05 0 0 
0 0 0 0.00119504 0.00637989 0.00876207 0.0205118 0.0261628 0.025493 0.0266225 0.0217051 0.0180599 0.0203095 0.0242984 0.0188217 0.0148247 0.0140715 0.0142646 0.018557 0.0160355 0.0186519 0.0204007 0.0246515 0.0271999 0.021131 0.0191511 0.0213723 0.0249139 0.0243896 0.0304646 0.0166372 0.0180641 0.0220111 0.021583 0.017454 0.0139571 0.0147637 0.0171513 0.0187777 0.015497 0.0225832 0.0193375 0.0210439 0.0185632 0.0174832 0.023839 0.0227192 0.0212414 0.018161 0.0127633 0.0211436 0.0135424 0.0104055 0.0165019 0.00764168 0.00895753 0.0291833 0.0324489 0.0175003 0.0246445 0.0155583 0.0185366 0.0198897 0.0232587 0.0181539 0.0116044 0.000598787 0 0 
0 0 0 0.00164056 0.0116217 0.0193207 0.0229143 0.0185958 0.0217128 0.0282006 0.0199385 0.0225443 0.021868 0.0211771 0.0179237 0.0082961 0.0093289 0.0156381 0.0213742 0.0170828 0.0231945 0.0223697 0.0270109 0.0353464 0.0294515 0.0246283 0.0111842 0.020717 0.0271103 0.0208167 0.0203448 0.01937 0.0175715 0.0196666 0.0234397 0.0244047 0.0191471 0.0145319 0.00934049 0.0134316 0.0215782 0.0194583 0.0149926 0.0210219 0.023392 0.0239661 0.0238842 0.0220764 0.0165899 0.0138102 0.0157482 0.00851829 0.0121722 0.0175783 0.0188392 0.0275045 0.04071 0.0153761 0.0127288 0.0225724 0.0165436 0.0232293 0.0169675 0.0202908 0.0223584 0.0184128 0.00222015 3.26034e-05 0 
0 0 9.44962e-05 0.00240617 0.0115205 0.0179888 0.0175664 0.0183971 0.0270977 0.041018 0.0273552 0.0211845 0.0218731 0.0226049 0.024519 0.0212015 0.0139359 0.0192387 0.0262445 0.0230565 0.0208354 0.0213849 0.0215453 0.020794 0.0224607 0.0177477 0.0181446 0.0228219 0.0259052 0.0235008 0.0198436 0.0162992 0.0239434 0.028991 0.044728 0.0606079 0.0374557 0.0203853 0.0171798 0.0333543 0.0424798 0.0257487 0.0199431 0.0260423 0.0195141 0.0211362 0.0258869 0.0230226 0.0209665 0.0142644 0.013124 0.0113017 0.0265904 0.0362288 0.0474352 0.0417726 0.0264292 0.0152119 0.0121794 0.0156165 0.0165491 0.0245393 0.0210061 0.0212305 0.0247836 0.0208441 0.00794558 0.000176742 0 
0 0 0.00301235 0.0123698 0.0139333 0.0156239 0.0176573 0.0271116 0.0329179 0.04466 0.0314249 0.0244553 0.0220503 0.0175194 0.0200599 0.0237993 0.021456 0.0200033 0.0215776 0.0209242 0.0237677 0.0195527 0.0217102 0.0180903 0.0189072 0.0277422 0.0336067 0.026918 0.0425208 0.0493626 0.0227081 0.0284894 0.0457506 0.0445323 0.0397094 0.0371266 0.0595368 0.032003 0.0170042 0.0231255 0.0251848 0.0249773 0.0238427 0.0220389 0.0197755 0.0193739 0.0253904 0.0267399 0.0319397 0.0187667 0.0168214 0.0364354 0.0408153 0.0391033 0.0258004 0.0160486 0.0173021 0.015953 0.0160559 0.0147894 0.0201867 0.0200888 0.019733 0.0238887 0.02502 0.0231498 0.0143153 0.000939101 0 
0 0.000283658 0.0130524 0.0173248 0.0151029 0.0163096 0.0184997 0.0215684 0.0350347 0.0348652 0.0216689 0.0200613 0.0164272 0.0180078 0.0214897 0.0240402 0.0245359 0.0233859 0.024378 0.02413 0.0256243 0.0202292 0.0202751 0.0174761 0.0214565 0.0206328 0.0229091 0.0324845 0.0381867 0.0377803 0.0275457 0.0335262 0.0373651 0.0547061 0.0449261 0.0321315 0.0457754 0.048812 0.0331047 0.0184105 0.023416 0.0250172 0.0241855 0.0241449 0.0230789 0.024581 0.0303195 0.0293993 0.0303143 0.0190701 0.0237199 0.0468825 0.031222 0.0299123 0.0229742 0.0160804 0.0166978 0.0113469 0.0181354 0.0170955 0.0163409 0.0206047 0.0245219 0.04116 0.0375758 0.0222195 0.0207467 0.00626793 1.16055e-05 
0 0.00126197 0.0140361 0.0210038 0.0183424 0.0148969 0.0169014 0.0226891 0.0278363 0.0226542 0.0234301 0.0276381 0.0224386 0.020079 0.0189378 0.0230879 0.022087 0.0272162 0.0284702 0.0290786 0.031728 0.025705 0.0265719 0.0222836 0.0234764 0.0259878 0.0341231 0.0302118 0.0235634 0.0150234 0.0245112 0.0549596 0.0398927 0.0471164 0.0413229 0.0290091 0.0311484 0.0244881 0.0325828 0.0183579 0.0232448 0.0244514 0.0227845 0.0218398 0.022164 0.0233385 0.0168492 0.0253602 0.0234985 0.0365376 0.0390014 0.033893 0.0246301 0.0237054 0.0232661 0.0196214 0.0182544 0.0175516 0.0175986 0.017077 0.0245007 0.0224662 0.0303563 0.0517792 0.0537193 0.0229712 0.0262971 0.0133628 0.000371555 
0 0.00113781 0.00637142 0.00772132 0.0121459 0.0181131 0.0203463 0.0194168 0.0252325 0.020763 0.0277656 0.027997 0.0240074 0.0182253 0.020126 0.0218868 0.0197821 0.0252161 0.0240452 0.0241916 0.0288622 0.0268871 0.0266911 0.0222298 0.0187949 0.0287979 0.0322525 0.0271645 0.0295939 0.0239597 0.0227417 0.0410758 0.0812146 0.0848577 0.0438766 0.0229005 0.0385741 0.0360823 0.0356603 0.040992 0.0270937 0.0310617 0.0388679 0.0282922 0.0263461 0.0266489 0.0176392 0.0197891 0.0230047 0.0257699 0.028218 0.0205962 0.0183998 0.0226291 0.0189359 0.015749 0.0185231 0.0179115 0.015064 0.0133776 0.0289044 0.0229866 0.0202646 0.0332479 0.0353065 0.019992 0.0199275 0.013731 0.0011345 
0 0.00131396 0.0107371 0.00593545 0.00545279 0.0174825 0.0195454 0.0160376 0.0226047 0.0235961 0.0247448 0.0224658 0.0216566 0.0185014 0.0223745 0.0185555 0.0228517 0.0231976 0.0209702 0.0206766 0.0261216 0.0273935 0.0314764 0.0370391 0.0223811 0.0204443 0.0224423 0.0277942 0.0297233 0.0293127 0.033631 0.0306136 0.0293145 0.0221932 0.0243009 0.0304111 0.0475448 0.0374894 0.0232157 0.0300545 0.0293049 0.0228621 0.0409229 0.03448 0.0213367 0.0193611 0.0175024 0.0161002 0.0220647 0.0167448 0.0202155 0.0255592 0.0238869 0.0190725 0.0185802 0.0189878 0.0203049 0.0154562 0.0191337 0.0152047 0.023466 0.0218259 0.0201624 0.0233686 0.0230211 0.0225064 0.0201276 0.0149616 0.00219158 
0 0.000221376 0.00315713 0.00321472 0.00192667 0.00668931 0.0155042 0.0106219 0.0125627 0.0244443 0.0202821 0.0171051 0.0263685 0.0246912 0.0165597 0.0162419 0.0246136 0.0265938 0.0271272 0.0262191 0.0191136 0.0193978 0.0210199 0.0275265 0.0275181 0.0230916 0.0255358 0.034443 0.0279824 0.0335157 0.0298646 0.0322577 0.0255646 0.0208312 0.0170161 0.0271007 0.0292731 0.0277988 0.0281383 0.0242895 0.0234948 0.0277951 0.0247646 0.019928 0.0172364 0.0191506 0.0147862 0.0173732 0.0240324 0.024567 0.022265 0.0224739 0.0240711 0.0169519 0.0255574 0.02512 0.0189389 0.0197176 0.019174 0.0142553 0.0159414 0.0180713 0.0208964 0.0255136 0.0189804 0.0168292 0.0130127 0.0112865 0.00270652 
0 4.3548e-05 0.000472069 0.00199679 0.00219524 0.00139629 0.00192397 0.00148317 0.00415331 0.0146406 0.0182539 0.0225602 0.0286668 0.0305351 0.0214707 0.0173806 0.0154059 0.0151211 0.0164997 0.0158203 0.0198571 0.0248104 0.0274781 0.0308886 0.030947 0.0273395 0.027676 0.0310546 0.0259623 0.0340853 0.0262802 0.0285464 0.0315476 0.0212309 0.017428 0.0197485 0.0251308 0.0314961 0.0365105 0.0323881 0.0237961 0.0212596 0.0218478 0.017466 0.016634 0.0218088 0.0159228 0.0246734 0.0223342 0.0199878 0.0173972 0.0200294 0.0259801 0.023523 0.0304618 0.0194823 0.0186226 0.0182217 0.017673 0.0186014 0.020599 0.0247901 0.0273108 0.0212534 0.0133043 0.0114315 0.01311 0.0101171 0.0019321 
0 0.000849043 0.00623099 0.0184813 0.0152368 0.00893591 0.00288423 0.000242731 0.00103681 0.0108304 0.019928 0.0265803 0.0319806 0.0312487 0.0277986 0.0285157 0.023059 0.0194048 0.0224547 0.0189348 0.0179785 0.0225286 0.0227933 0.0290159 0.0214851 0.0183791 0.0223605 0.0206145 0.0217114 0.0236586 0.0265746 0.0255189 0.0328975 0.0336916 0.0197334 0.0112533 0.0142759 0.0194405 0.0329437 0.0318068 0.0214342 0.012497 0.0165594 0.0237545 0.0214499 0.020659 0.0191812 0.0266837 0.0209002 0.0188639 0.0174247 0.0213797 0.0225841 0.0253094 0.0196811 0.0178812 0.0117941 0.0158792 0.0171415 0.0196456 0.0185824 0.0217775 0.021078 0.0175331 0.0126177 0.011636 0.0155459 0.0154162 0.00201368 
0 0.00343543 0.0156521 0.0239235 0.0202256 0.0204916 0.0133053 0.00535492 0.00191156 0.0123096 0.0244547 0.0320478 0.0283357 0.0334265 0.0294831 0.0285442 0.0290896 0.0269684 0.0266733 0.0234228 0.0287203 0.0229173 0.0177758 0.0210697 0.0175094 0.0133884 0.0171345 0.0172788 0.0232884 0.023144 0.0233822 0.0220618 0.0246241 0.0725699 0.0834855 0.0524869 0.0441295 0.0382573 0.0244378 0.0228779 0.0289736 0.0226462 0.0232716 0.0301046 0.0258424 0.0208685 0.0203104 0.0212333 0.0250104 0.0278471 0.0194724 0.0211963 0.0173661 0.0193488 0.0133854 0.0119679 0.0127458 0.0164687 0.0192678 0.0244061 0.0200717 0.0201546 0.022222 0.0159361 0.0110068 0.0170162 0.0160369 0.0155885 0.00283319 
0.000271713 0.0049121 0.0141949 0.0159638 0.0197261 0.0168792 0.0149612 0.01197 0.00396684 0.00917139 0.023496 0.027999 0.0221386 0.0218602 0.0223666 0.0227265 0.0308156 0.0367914 0.0288675 0.0300833 0.0368455 0.0296143 0.0220914 0.0224515 0.0216187 0.0129869 0.015766 0.0208072 0.0267559 0.0309417 0.0264231 0.0317286 0.0323868 0.0810417 0.0855458 0.0426984 0.0218145 0.0173654 0.0134859 0.0137347 0.0228273 0.0267907 0.0209281 0.0213931 0.0211769 0.0211406 0.0227378 0.0196018 0.0266121 0.0204828 0.0238751 0.0199683 0.0256884 0.0219458 0.0203112 0.0179744 0.0210182 0.0304397 0.0241813 0.0222059 0.0220868 0.0207706 0.024622 0.0194702 0.0122018 0.0230254 0.0163583 0.0066185 0.000247976 
9.89548e-05 0.0047348 0.0100905 0.00736463 0.0127225 0.0179543 0.0159942 0.0138985 0.00736265 0.00703651 0.00938626 0.0146792 0.0169153 0.0166984 0.0180828 0.0196973 0.024745 0.0234694 0.0276492 0.0280993 0.0337763 0.0283176 0.0242295 0.023694 0.0298167 0.0275743 0.0265693 0.0257912 0.0266196 0.0255576 0.0313348 0.0336409 0.0321132 0.048475 0.0311674 0.0175864 0.0150603 0.0124369 0.0181996 0.0208556 0.0233581 0.024049 0.0214644 0.0193277 0.0190749 0.0298215 0.0260555 0.0218117 0.0260959 0.0239673 0.0209457 0.0218042 0.0257104 0.0189865 0.0228731 0.0282592 0.030936 0.0308549 0.0291758 0.0237531 0.0242874 0.0208058 0.0226662 0.0177808 0.0151685 0.016602 0.0116453 0.00550178 0.000542443 
1.00803e-05 0.00333041 0.0116688 0.0107824 0.00804173 0.0184498 0.0210043 0.0187658 0.0152371 0.0116037 0.011863 0.0176655 0.0148385 0.0174248 0.0191549 0.0188559 0.0187313 0.0212699 0.0233273 0.0266062 0.0201021 0.019299 0.0256196 0.0267733 0.0259794 0.0255751 0.0262878 0.0224584 0.0202648 0.0262526 0.0258794 0.0267798 0.0241479 0.0295895 0.0268581 0.0270941 0.0222722 0.0142874 0.0145157 0.0137992 0.0125308 0.0161697 0.0182754 0.0187686 0.0173401 0.019975 0.0195627 0.0222974 0.0218303 0.0240993 0.0205687 0.020933 0.0248902 0.0244519 0.0241041 0.0284373 0.0295985 0.0239256 0.0242498 0.0208627 0.0217766 0.0204745 0.0209321 0.0167124 0.0162753 0.0120116 0.00543393 0.00604309 0.00110962 
0 0.00159298 0.00537218 0.00791392 0.00509309 0.0121771 0.0169846 0.0233024 0.0240221 0.0279378 0.0198411 0.0212514 0.0138179 0.0174975 0.0173736 0.0181121 0.0170765 0.0174387 0.0159782 0.0264373 0.021138 0.0199511 0.0265362 0.0250833 0.0264308 0.0226137 0.0193555 0.0219931 0.0238452 0.0265534 0.0267655 0.0226718 0.0200124 0.0350563 0.0339123 0.026348 0.0181999 0.0116596 0.00828235 0.00926817 0.0104325 0.00935365 0.0133287 0.0204086 0.0206787 0.0173751 0.0167638 0.0258238 0.0269337 0.027642 0.0236731 0.0197682 0.0174172 0.0217337 0.0258952 0.0352331 0.0233684 0.0229115 0.0280159 0.0207827 0.0227138 0.0179377 0.0179249 0.0175106 0.0169249 0.00727671 0.00400851 0.00266846 0.000104422 
0 4.86411e-05 0.00138342 0.00210653 0.00431009 0.0146705 0.022601 0.0252639 0.0271624 0.0301932 0.0244692 0.0198855 0.0179697 0.0180995 0.0144489 0.0133913 0.0233466 0.0214929 0.0198537 0.0257512 0.0202076 0.0176016 0.0213113 0.0249384 0.0267853 0.0203583 0.0193346 0.0257517 0.0340631 0.0299674 0.0205583 0.0244181 0.0360599 0.0373974 0.0299718 0.0217394 0.0167785 0.0128407 0.0126407 0.0148858 0.0182276 0.0204327 0.0187396 0.0207789 0.0184245 0.0165304 0.0200682 0.0234806 0.0199241 0.0258307 0.0216427 0.0164719 0.0188255 0.0164543 0.0194508 0.0225876 0.0161773 0.0168121 0.0202971 0.0191088 0.0178767 0.0195793 0.0152401 0.0190689 0.0127891 0.00597457 0.00490191 0.000992659 0.000224428 
0 0 0.000287876 0.00181627 0.00899981 0.0225873 0.025919 0.0257212 0.0245508 0.0243637 0.0264447 0.0205836 0.0185615 0.0219157 0.0209904 0.0168486 0.0224748 0.0190696 0.0196376 0.0255549 0.0186482 0.0158218 0.0200576 0.0221855 0.0252025 0.0274282 0.0258807 0.0230046 0.0280361 0.0267816 0.0239515 0.0451144 0.0630212 0.0478917 0.0225279 0.0166894 0.0154042 0.0152105 0.0147185 0.0139338 0.0202032 0.0249371 0.0220775 0.0167658 0.0124991 0.0155426 0.0178113 0.0224208 0.0226653 0.0223346 0.0198095 0.0183799 0.016445 0.015303 0.020666 0.0225835 0.0160635 0.013872 0.0179556 0.0175468 0.0164544 0.0177751 0.0142866 0.01731 0.0129908 0.0135003 0.00806532 0.00282483 0.000140313 
0 0.00117523 0.00423939 0.0103323 0.0128433 0.0141133 0.015686 0.0170505 0.0252349 0.0207224 0.0270388 0.0253401 0.023296 0.0181442 0.022474 0.0199853 0.0206544 0.0194103 0.0274207 0.0183525 0.0156473 0.0150267 0.0194013 0.0241022 0.0272921 0.0267084 0.0269834 0.0226255 0.0265687 0.0274411 0.0245869 0.039799 0.0577461 0.0344553 0.0241659 0.0192958 0.0206391 0.016494 0.0127118 0.01915 0.0157106 0.0175345 0.0169498 0.013334 0.00995103 0.0156502 0.0153945 0.0233 0.0300907 0.02475 0.0192755 0.0214453 0.015355 0.0135493 0.0152409 0.0174572 0.0139567 0.0179133 0.0215869 0.0179418 0.0171086 0.0158489 0.00986107 0.0102469 0.00961152 0.0080354 0.00549769 0.00563377 0.00137331 
0 0.00537088 0.0123497 0.0084861 0.008635 0.00457716 0.010602 0.018506 0.0242687 0.0229915 0.0265599 0.0175357 0.0210488 0.0166533 0.0150334 0.0241403 0.0276733 0.0271451 0.0214238 0.0192572 0.0220148 0.0230849 0.0267422 0.0243445 0.024677 0.0204919 0.0218214 0.0201869 0.0221225 0.0227999 0.0223653 0.0273045 0.0312124 0.0272218 0.0268467 0.019632 0.0219618 0.0209652 0.0210308 0.019843 0.0135922 0.0157705 0.015963 0.0133561 0.0132804 0.0122679 0.0179102 0.0394354 0.0306877 0.0226958 0.0272052 0.0336193 0.0244555 0.0184818 0.0168317 0.019642 0.0212862 0.0311474 0.0334175 0.0197868 0.0193575 0.0168041 0.0128919 0.0132625 0.0149776 0.00850201 0.00783806 0.0112291 0.00404809 
0 0.00335615 0.0095353 0.0131416 0.0133156 0.00164454 0.0106926 0.0244269 0.0222403 0.0207941 0.0226673 0.0232026 0.021555 0.0177493 0.0151222 0.0254192 0.0226086 0.0362547 0.0290206 0.0239998 0.0200029 0.0209236 0.0260726 0.028177 0.025524 0.0244377 0.0212199 0.0230511 0.0238307 0.0186643 0.0177139 0.0223197 0.025188 0.0289394 0.0326046 0.0190516 0.0223039 0.0242023 0.0275399 0.0203617 0.0138263 0.0146884 0.015741 0.0200707 0.0188831 0.0189688 0.0218981 0.0275352 0.0206274 0.0261417 0.0238529 0.0319093 0.0267046 0.0177018 0.00905489 0.0154361 0.025967 0.0308778 0.0191734 0.0139023 0.0155681 0.0150235 0.0164788 0.0199787 0.0146209 0.0103853 0.00912549 0.00569627 0.00118378 
0 0.00207205 0.00566069 0.0126231 0.0119925 0.00176964 0.00510864 0.0228196 0.0274135 0.0235761 0.0250119 0.0275935 0.0241798 0.027316 0.0209429 0.0196602 0.0282509 0.0294695 0.0293598 0.0266983 0.0257209 0.0249709 0.0300071 0.0271085 0.0212397 0.0259457 0.02429 0.0244737 0.022682 0.0181548 0.0166592 0.0159713 0.0222804 0.0304874 0.0246721 0.0227004 0.0270114 0.0193256 0.0164191 0.0149597 0.0247537 0.0229607 0.023561 0.019635 0.0156912 0.0185422 0.0242157 0.0254033 0.0246183 0.0271034 0.0241559 0.0282172 0.0294309 0.0178932 0.00927886 0.0190368 0.0163664 0.0155705 0.0151335 0.0160422 0.0154439 0.0156622 0.0161476 0.0125571 0.0110349 0.0117332 0.0081992 0.00451382 0.0007937 
0 8.00701e-05 0.000265457 0.00395495 0.00321002 0.000204648 0.00513489 0.0229253 0.0293773 0.0305476 0.032421 0.0337088 0.0280063 0.024941 0.0251131 0.0257772 0.0253177 0.0291329 0.0270442 0.0305887 0.0266776 0.0283816 0.0299781 0.0277692 0.0286447 0.0248747 0.0200217 0.0166135 0.0197164 0.0155332 0.0204068 0.021913 0.0191765 0.0254116 0.029938 0.0287288 0.0267337 0.0179274 0.014164 0.0194412 0.029367 0.030571 0.0204898 0.0152434 0.0191608 0.0187359 0.0153984 0.0175306 0.0239536 0.0231005 0.0229994 0.0198917 0.0216581 0.0171114 0.0104728 0.0225013 0.0146517 0.0132717 0.0111954 0.0120658 0.0149055 0.0127787 0.0154978 0.015304 0.0151268 0.0140636 0.0122525 0.00446141 0.000267639 
0 0 0 1.45167e-05 0.000540048 0.00365631 0.0131633 0.0268198 0.0283867 0.0268514 0.0245958 0.0234852 0.0315356 0.0227928 0.0232258 0.0234967 0.0222867 0.0213825 0.0236612 0.0278645 0.0249545 0.0314555 0.0289763 0.0305504 0.0270159 0.0243124 0.0245012 0.0233804 0.0216785 0.0180213 0.022407 0.0185025 0.0234076 0.0220738 0.0329968 0.0248225 0.0239138 0.0161189 0.0113168 0.0153615 0.0250449 0.029331 0.0233077 0.0228325 0.0194353 0.0126364 0.0114809 0.0171829 0.0193402 0.0253384 0.0205809 0.0181751 0.019415 0.0215368 0.0141854 0.0186703 0.0194584 0.0191914 0.0151178 0.0176224 0.0152972 0.0138041 0.018954 0.0249459 0.052045 0.0614543 0.0211119 0.0032222 0.000109626 
0 0 0 8.73134e-05 0.0033274 0.0129463 0.029262 0.0325681 0.0268228 0.0330117 0.028037 0.0301786 0.0361308 0.0333757 0.0272043 0.0235019 0.0230817 0.0229604 0.0281859 0.0266595 0.0257334 0.0242546 0.0429202 0.0300381 0.028289 0.0214291 0.0292391 0.0293225 0.0226841 0.0213328 0.0204905 0.0216782 0.0219387 0.0220983 0.0237964 0.0239236 0.0228045 0.0282544 0.0170568 0.0176598 0.0205037 0.0307655 0.0295268 0.0259483 0.016148 0.0131716 0.0126746 0.0143404 0.0137514 0.0152284 0.0157249 0.0160485 0.0213646 0.0212441 0.0190169 0.020283 0.0184092 0.0180766 0.0191047 0.0140656 0.0133108 0.013419 0.0143771 0.030076 0.0649788 0.0603275 0.0148354 0.00145668 0 
0 0 0 0.00219502 0.00769248 0.0176848 0.0258389 0.0280707 0.0309339 0.0414353 0.0309981 0.0285687 0.0315934 0.0269313 0.0320355 0.0202952 0.0175583 0.0210149 0.0228174 0.0269407 0.0266749 0.0257438 0.0239866 0.0203584 0.025954 0.0190824 0.0282952 0.0287482 0.0210509 0.0226974 0.0176443 0.0210604 0.0196749 0.0214314 0.0226296 0.0249466 0.028335 0.0418474 0.0324737 0.0185017 0.0150811 0.0218072 0.0309014 0.0236895 0.016791 0.0110625 0.0124585 0.015432 0.0116075 0.0135467 0.0186933 0.0220306 0.02264 0.0245837 0.0173411 0.0240807 0.0212039 0.0161169 0.0161687 0.0178666 0.0197324 0.0210038 0.0127682 0.021695 0.0253918 0.0177629 0.0144424 0.00125652 0 
0 0 0 0.00213761 0.0102679 0.0185481 0.0279471 0.0268084 0.0278969 0.0296908 0.0274144 0.0211162 0.029717 0.029587 0.021778 0.0196017 0.0155427 0.0159341 0.0160924 0.02645 0.0315092 0.0246038 0.0169897 0.0197577 0.0246106 0.0258614 0.0277881 0.0232732 0.0222355 0.0202701 0.0210433 0.0212076 0.023075 0.0255493 0.027319 0.032097 0.0323437 0.0354497 0.0316782 0.021699 0.0164727 0.020778 0.0403561 0.029635 0.0194628 0.0128617 0.0119691 0.0149677 0.0149602 0.015691 0.019272 0.0222394 0.0203267 0.0213567 0.0250528 0.0274368 0.0220302 0.0272977 0.0308143 0.0201311 0.0213003 0.02026 0.0134416 0.0167523 0.014323 0.0119484 0.00690433 0.000320538 0 
0 0 0 0.000198589 0.0112772 0.0195598 0.0278581 0.0343109 0.0268668 0.0245276 0.0268524 0.0217768 0.0234417 0.0225461 0.0253722 0.0268527 0.0209482 0.0188137 0.0151502 0.0192254 0.027218 0.0243994 0.0207501 0.0215495 0.0259231 0.0283375 0.0229349 0.0249628 0.0273217 0.0287014 0.0266614 0.0239288 0.0229269 0.0213746 0.0329189 0.0307805 0.0298342 0.0310466 0.0325201 0.0342904 0.0246925 0.0233004 0.0260281 0.0233736 0.0203844 0.0131054 0.0156641 0.020193 0.0218211 0.0193938 0.0193513 0.0161932 0.0163516 0.0161333 0.0178684 0.0188192 0.0194652 0.0280884 0.0346769 0.0245534 0.0198979 0.0152338 0.017789 0.0175816 0.0124596 0.00696522 0.00110803 0 0 
0 0 0 0.00018437 0.0070938 0.015333 0.0229455 0.0314329 0.0276848 0.0292076 0.0285426 0.0247966 0.0247022 0.0225658 0.0276538 0.0351504 0.0297103 0.0280105 0.0199317 0.0172939 0.0195902 0.0169278 0.0197774 0.0187219 0.0236828 0.0231466 0.024575 0.031367 0.0229731 0.0223044 0.0213153 0.024285 0.0200603 0.0139886 0.0224255 0.0238369 0.028022 0.0273428 0.0263942 0.0314941 0.0235755 0.0228064 0.0184282 0.0225909 0.024747 0.0238825 0.0300039 0.036045 0.0252219 0.0258509 0.0217791 0.0133621 0.0140378 0.0123508 0.013871 0.018231 0.0195305 0.0261119 0.022518 0.0191505 0.0140294 0.0131986 0.0170418 0.0117352 0.00402745 0.00226633 0.000190821 0 0 
0 0 0 0 0.00268899 0.0159441 0.0283335 0.0308228 0.026822 0.0219956 0.0164881 0.0198291 0.0288141 0.0204921 0.0234695 0.0281762 0.0337588 0.0303964 0.0208182 0.0230927 0.0244981 0.0166011 0.022005 0.0217732 0.0182809 0.0209271 0.0290007 0.0333534 0.0259792 0.0262505 0.0296707 0.0282951 0.022528 0.0185882 0.0242267 0.0253671 0.0273056 0.0312812 0.0217224 0.0200532 0.0268266 0.0220954 0.0190603 0.0195188 0.0224898 0.0233776 0.0254939 0.0351003 0.0207484 0.0242989 0.0197883 0.0141772 0.015948 0.0113459 0.0086373 0.0131495 0.023118 0.0247048 0.0204086 0.0178159 0.00577677 0.0122616 0.0141585 0.00828888 0.00319881 0.000695983 0 0 0 
0 0 0 0 0.000240668 0.0155469 0.0277 0.029176 0.0229964 0.0173847 0.0170858 0.015385 0.0160576 0.0150258 0.0185678 0.019519 0.0245589 0.0269929 0.0217694 0.0226919 0.0182832 0.0165915 0.0175455 0.0257697 0.0243442 0.0252542 0.0263593 0.0271308 0.0244521 0.0247576 0.0297014 0.0263339 0.0250291 0.0267428 0.0317878 0.0273817 0.0202185 0.0191548 0.0171012 0.0182141 0.020835 0.0208026 0.021499 0.0189589 0.0294589 0.0313395 0.0238875 0.0204414 0.0177703 0.0141503 0.00669699 0.0068448 0.0160282 0.0109685 0.0106349 0.00728613 0.0123541 0.0156565 0.0190112 0.0201727 0.00646669 0.0098423 0.00890367 0.00783 0.00195581 0 0 0 0 
0 0 0 0 0 0.00310112 0.0107001 0.0219433 0.0287595 0.02512 0.0156832 0.0177327 0.0145143 0.0181758 0.0211591 0.0202014 0.0206198 0.0158512 0.0201972 0.0224795 0.0240858 0.0231806 0.0230834 0.0251172 0.0253184 0.0259748 0.0246843 0.0254418 0.0273511 0.017495 0.0238296 0.0211302 0.0250176 0.023437 0.026633 0.0272121 0.0253267 0.0139854 0.0131789 0.0118707 0.00868933 0.0112604 0.0114482 0.0166503 0.023047 0.0264247 0.0234983 0.0227453 0.019867 0.020599 0.0141141 0.0124045 0.0163008 0.0136295 0.0123719 0.00675608 0.0123389 0.0154297 0.0264404 0.021408 0.00911214 0.010301 0.00546191 0.00222516 0.000506681 0 0 0 0 
0 0 0 0 0 0 0.00127838 0.0119162 0.0242527 0.0187116 0.0109462 0.017548 0.0239432 0.0347315 0.0213199 0.0213263 0.0301789 0.0221082 0.0193367 0.0206105 0.0325757 0.0303382 0.0339276 0.0336679 0.028922 0.0179566 0.019245 0.0254442 0.0290322 0.0198661 0.0231988 0.0246044 0.0267442 0.0200212 0.0230832 0.024823 0.0204599 0.0141282 0.012001 0.0130481 0.0123524 0.0103988 0.00692898 0.0126123 0.0292569 0.0295907 0.0236298 0.0250987 0.0186143 0.013228 0.0234009 0.0217543 0.0189195 0.0159334 0.015759 0.00621099 0.00781663 0.0191608 0.0283283 0.0253126 0.00812397 0.00176605 0.00288353 0.000798912 0 0 0 0 0 
0 0 0 0 0 0 0.000604894 0.00802361 0.0126436 0.0109699 0.00888135 0.0131788 0.0190456 0.0248398 0.0136651 0.0186185 0.0316312 0.0369111 0.0285595 0.0227674 0.0255906 0.0309573 0.0353152 0.0297696 0.0245542 0.0172916 0.0162186 0.0214468 0.0252772 0.0183892 0.0279279 0.0255373 0.0189046 0.0208801 0.0197374 0.0196086 0.017793 0.00852587 0.0163653 0.0202587 0.0147483 0.0113837 0.0125144 0.0219333 0.0270953 0.0219132 0.0170385 0.0205262 0.0234169 0.0135036 0.0166146 0.0250641 0.0225132 0.0192374 0.0175488 0.00931553 0.00599475 0.00510893 0.0115138 0.0175588 0.00888256 0.000378643 5.09667e-05 4.11258e-05 0 0 0 0 0 
0 0 0 0 0 0 0 0.000726344 0.00531252 0.0125335 0.0266981 0.0244928 0.0154282 0.011945 0.0144938 0.0181579 0.0311147 0.0347354 0.0260296 0.0137271 0.0147092 0.0301801 0.0302484 0.0342192 0.0304339 0.0172931 0.0208056 0.0221024 0.0256991 0.0242276 0.0251261 0.0265338 0.0221019 0.0166613 0.0181648 0.0165671 0.0125606 0.0106958 0.022693 0.0192549 0.00975999 0.00854549 0.0134629 0.0224838 0.0251705 0.0195757 0.0167711 0.0220374 0.0168121 0.0115166 0.0160046 0.0202159 0.0282063 0.0228646 0.0112112 0.0112498 0.0122436 0.00558018 0.00350567 0.00290577 0.00138313 0.00012173 0 0 0 0 0 0 0 
0 0 0 0 0 0 0 1.24089e-05 0.000916836 0.0101936 0.0190084 0.0215019 0.0139711 0.00676403 0.0137396 0.0214475 0.0271458 0.0262229 0.0193285 0.0136107 0.0165993 0.0247943 0.0253297 0.0230265 0.0222842 0.0175349 0.0202351 0.0223817 0.0242742 0.0210083 0.0234888 0.0180579 0.014899 0.0113828 0.0117151 0.010114 0.0122596 0.014999 0.0214499 0.0149557 0.0126411 0.0106406 0.00796169 0.0170191 0.020375 0.0157523 0.0183118 0.0202252 0.0171024 0.0154151 0.0176637 0.016169 0.013045 0.011347 0.01362 0.0154885 0.0237123 0.0192665 0.0130077 0.000599676 0.000291235 0 0 0 0 0 0 0 0 
0 0 0 0 0 0 0 0 6.41691e-05 0.00351868 0.0141257 0.0214249 0.0160085 0.0184474 0.013673 0.0176606 0.0147348 0.0141061 0.0137643 0.00373471 0.0146464 0.0240086 0.0206992 0.022703 0.0239226 0.017672 0.0198453 0.0258775 0.0247286 0.0227271 0.0153893 0.0141301 0.00914846 0.0152765 0.0204694 0.0245639 0.0293241 0.0231907 0.022943 0.017028 0.0158867 0.012677 0.0127829 0.0153269 0.0248413 0.012987 0.0206153 0.0175306 0.0123043 0.0156537 0.0191447 0.0105506 0.00844317 0.0229846 0.0354274 0.0126346 0.0160472 0.0153528 0.00658224 8.28304e-05 0 0 0 0 0 0 0 0 0 
0 0 0 0 0 0 0 0 0 0.000516596 0.00799064 0.014372 0.0175136 0.0192384 0.0083049 0.0163408 0.0152691 0.0172558 0.0159739 0.00741157 0.0167994 0.020207 0.0215385 0.0360812 0.0205203 0.0117872 0.0179081 0.0257729 0.0278085 0.0242123 0.0206642 0.0180263 0.0126408 0.0530511 0.0445125 0.0251291 0.0158215 0.0198702 0.0248316 0.0164231 0.0135719 0.0184971 0.0137434 0.0161887 0.0192528 0.0138882 0.0165492 0.017087 0.0125246 0.0209084 0.0210087 0.0160947 0.0110595 0.0328953 0.0508898 0.0121383 0.00489058 0.00340772 0.000196607 2.13558e-05 0 0 0 0 0 0 0 0 0 
0 0 0 0 0 0 0 0 0 0 0.000483713 0.00345395 0.0123649 0.0105034 0.00345774 0.01073 0.0161794 0.0126443 0.0161331 0.0130218 0.0143184 0.0228851 0.0367783 0.0403203 0.0175302 0.00886038 0.0117529 0.0210729 0.0246681 0.0272169 0.0272385 0.0260609 0.0181767 0.0401905 0.0387027 0.0219245 0.0255586 0.0280703 0.0179449 0.0110107 0.0119379 0.0150027 0.0203009 0.0229636 0.0195941 0.0134379 0.00952596 0.014312 0.0125527 0.0169077 0.0154624 0.0177234 0.0183434 0.0313832 0.0236868 0.00475945 0.000814901 1.01494e-05 0 0 0 0 0 0 0 0 0 0 0 
0 0 0 0 0 0 0 0 0 0 0 0.000137273 0.00225462 0.00159197 0.00120328 0.0114325 0.0208327 0.0101017 0.0101096 0.00845071 0.0120531 0.0227642 0.0355503 0.0301216 0.0164732 0.00739714 0.0184722 0.0164741 0.0181435 0.0300861 0.0239774 0.0177643 0.0122826 0.00915138 0.00856269 0.0176698 0.0307631 0.0293539 0.0100622 0.0100983 0.0123575 0.00952186 0.0148774 0.0175789 0.0210108 0.0164639 0.00801357 0.0133753 0.0184327 0.0100449 0.0107873 0.0171817 0.0157136 0.00842608 0.00260333 0.000802512 0 0 0 0 0 0 0 0 0 0 0 0 0 
0 0 0 0 0 0 0 0 0 0 0 0 0 0 0.00103091 0.00861204 0.0191923 0.0168455 0.00878491 0.0145992 0.022365 0.0136496 0.0144704 0.0209447 0.0162926 0.0101944 0.0448887 0.0285088 0.0164866 0.0220707 0.0198867 0.0364265 0.033387 0.0133912 0.00907743 0.0141601 0.0216555 0.022347 0.0093155 0.0135073 0.0154294 0.0220172 0.0335036 0.0229109 0.0191448 0.0180365 0.0130405 0.00899519 0.00876531 0.0093789 0.0186575 0.0274225 0.0236004 0.00633483 0.000259399 0.000195939 0 0 0 0 0 0 0 0 0 0 0 0 0 
0 0 0 0 0 0 0 0 0 0 0 0 0 0 0.000170631 0.00463009 0.0145283 0.0137895 0.0172133 0.0341925 0.0304329 0.0209882 0.010156 0.0140953 0.0142257 0.0155296 0.030446 0.0278407 0.0169681 0.0124959 0.0157224 0.0396284 0.0418312 0.0214419 0.00941648 0.0116011 0.0160556 0.0238611 0.0183608 0.0247759 0.0309258 0.0432575 0.0371066 0.0339517 0.0188052 0.0114175 0.013049 0.00876785 0.0115763 0.0180273 0.026794 0.0347936 0.0195017 0.00411021 0 0 0 0 0 0 0 0 0 0 0 0 0 0 0 
0 0 0 0 0 0 0 0 0 0 0 0 0 0 0 0.000609352 0.00189961 0.00906113 0.0263539 0.0321241 0.0317225 0.0287024 0.0173092 0.0109612 0.0152822 0.0169846 0.016099 0.0145344 0.00767186 0.00873637 0.011408 0.0190294 0.0251581 0.0119018 0.00692683 0.00613777 0.00596342 0.0220392 0.0322708 0.0404811 0.0381063 0.0418542 0.0387962 0.0367272 0.0155594 0.0108077 0.0122848 0.0112047 0.0182517 0.0238667 0.0247653 0.0192949 0.0069106 0.000334704 0 0 0 0 0 0 0 0 0 0 0 0 0 0 0 
0 0 0 0 0 0 0 0 0 0 0 0 0 0 0 0 0 0.00101864 0.00910518 0.0152936 0.0209891 0.0209143 0.0180976 0.0107757 0.00523149 0.00941013 0.0101238 0.0107638 0.00452219 0.00332056 0.00872332 0.00717994 0.00953846 0.00948972 0.00729265 0.00565101 0.00413258 0.0135919 0.0275974 0.0404904 0.0354731 0.0295385 0.0248014 0.0348135 0.0189424 0.0153588 0.0148773 0.0120186 0.0124431 0.014931 0.013421 0.00951177 0.000661279 0 0 0 0 0 0 0 0 0 0 0 0 0 0 0 0 
0 0 0 0 0 0 0 0 0 0 0 0 0 0 0 0 0 0 0.000260682 0.00146341 0.0042947 0.00886525 0.00787124 0.00824772 0.0031228 0.00432605 0.00910607 0.00708024 0.00233457 0.00075873 0.00164198 0.0034882 0.00668592 0.00568041 0.00910271 0.00565782 0.00432548 0.00829572 0.0185087 0.0227734 0.0247209 0.0289919 0.0204545 0.0169245 0.0131297 0.0118346 0.00662215 0.00588722 0.00389868 0.00583948 0.00207543 0.000178881 5.43737e-06 0 0 0 0 0 0 0 0 0 0 0 0 0 0 0 0 
0 0 0 0 0 0 0 0 0 0 0 0 0 0 0 0 0 0 0 0 2.12428e-05 0.000269677 0.00114659 0.00279272 0.00187552 0.00772119 0.0151759 0.00842186 0.000943495 0.000100116 0.00131127 0.00619938 0.00354814 0.00409624 0.0102298 0.00667834 0.00232121 0.00198969 0.010149 0.015843 0.0118448 0.0096766 0.00661423 0.00452592 0.00599198 0.00388021 0.00161046 0.00117414 0.000184993 4.55288e-05 0 0 0 0 0 0 0 0 0 0 0 0 0 0 0 0 0 0 0 
0 0 0 0 0 0 0 0 0 0 0 0 0 0 0 0 0 0 0 0 0 0 1.77167e-05 0.000178312 0.0012217 0.00164112 0.00498021 0.00271826 0.000497456 0.000281338 0.00318409 0.00348651 0.00458415 0.00420156 0.00257995 0.00173398 0.00107288 0.00420351 0.00991601 0.00971716 0.00471476 0.00132075 0.000253719 0.00042949 0.000452647 0.000289087 7.93864e-05 9.19888e-05 0 0 0 0 0 0 0 0 0 0 0 0 0 0 0 0 0 0 0 0 0 
0 0 0 0 0 0 0 0 0 0 0 0 0 0 0 0 0 0 0 0 0 0 0 0 0 0.000104941 0.000100703 0.000117262 1.82582e-05 1.62783e-06 9.91369e-05 2.11998e-06 0.000354359 0.00357679 0.00216847 0.000454371 0.000151415 0.000505433 0.0051317 0.00836166 0.000630484 0 0 0 0 0 0 0 0 0 0 0 0 0 0 0 0 0 0 0 0 0 0 0 0 0 0 0 0 

