0 0 0 0 0 0 0 0 0 0 0 0 0 0 0 0 0 0 0 0 0 0 0 0 0 0 0 0 0 2.18119e-05 5.88096e-05 0 0 0 1.35095e-05 7.05575e-06 0 0 0 0 0 0 0 0 0 0 0 0 0 0 0 0 0 0 0 0 0 0 0 0 0 0 0 0 0 0 0 0 0 
0 0 0 0 0 0 0 0 0 0 0 0 0 0 0 0 0 0 0 0 0 0 0 0 0 6.67986e-05 0.0010468 0.00249498 0.00672794 0.00998984 0.00779233 0.0020898 0.000200328 0 0.00113144 0.00600463 0.00242979 0.000384067 0.000687635 0.000202586 0 4.257e-05 7.15368e-05 0.000223665 4.12837e-05 0 0 0 0 0 0 0 0 0 0 0 0 0 0 0 0 0 0 0 0 0 0 0 0 
0 0 0 0 0 0 0 0 0 0 0 0 0 0 0 0 0 0 0 0 0 0 0 0 0 0.000836699 0.00989903 0.0123923 0.012535 0.0144787 0.0175104 0.0139557 0.00567277 0.000325474 0.00203623 0.00877617 0.0115848 0.00624743 0.00480774 0.00267672 0.00085536 0.00223436 0.00164714 0.0016727 0.00199874 0.00093702 0.000200975 1.22998e-06 0 0 0 0 0 0 0 0 0 0 0 0 0 0 0 0 0 0 0 0 0 
0 0 0 0 0 0 0 0 0 0 0 0 0 0 0 0 0 0 0 7.58262e-06 0.000108527 0 0 1.88701e-05 7.00793e-05 0.00130019 0.00737003 0.0072056 0.0028836 0.00648447 0.0120173 0.0144142 0.0107471 0.00384673 0.00166336 0.00589329 0.0158098 0.0186747 0.0150433 0.0106898 0.00565246 0.00405471 0.00139258 0.00113665 0.002628 0.00295812 0.00130381 0.000346803 0.00046718 4.80491e-06 0 0 0 0 0 0 0 0 0 0 0 0 0 0 0 0 0 0 0 
0 0 0 0 0 0 0 0 0 0 0 0 0 0 0 0 0 0 0.000162029 0.000781517 0.00259624 0.000641462 0.00168727 0.00252565 0.00168231 0.000578777 0.00111288 0.00102223 0.00221001 0.00199779 0.00317854 0.0119433 0.0119303 0.0151798 0.0105056 0.00542185 0.012208 0.0299794 0.0273409 0.0219362 0.0185329 0.0119551 0.00660298 0.00284891 0.00163222 0.0025241 0.00276963 0.00795619 0.00624961 0.00242356 0.000667483 0.000176609 9.00602e-07 0 0 0 0 0 0 0 0 0 0 0 0 0 0 0 0 
0 0 0 0 0 0 0 0 0 0 0 0 0 0 0 0 0.000152275 0.00124511 0.0034074 0.00572795 0.0134031 0.0118218 0.0111793 0.0107642 0.00865385 0.0091491 0.00849002 0.00590381 0.0111368 0.00617067 0.00326046 0.0109904 0.0128617 0.0167806 0.0134658 0.0099173 0.0115705 0.020278 0.0220533 0.0238315 0.0251072 0.0258364 0.0216307 0.0155967 0.00667345 0.00396778 0.0053599 0.0150508 0.0129617 0.00878057 0.00713029 0.00584166 0.00397762 0.000321858 0 0 0 0 0 0 0 0 0 0 0 0 0 0 0 
0 0 0 0 0 0 0 0 0 0 0 0 0 0 0 0.000498115 0.00548395 0.0112853 0.0150173 0.0129353 0.0165363 0.0185252 0.0215949 0.0186382 0.0144843 0.0115685 0.0106161 0.0120277 0.0162335 0.0120074 0.00910295 0.0171264 0.0140651 0.0190393 0.0208165 0.0134626 0.010475 0.0206933 0.0225706 0.0263565 0.0264277 0.0221831 0.0201972 0.0193156 0.0113931 0.00585588 0.0026877 0.0139503 0.016944 0.0100902 0.0116135 0.0130421 0.0107058 0.00337828 0.000215996 0 0 0 0 0 0 0 0 0 0 0 0 0 0 
0 0 0 0 0 0 0 0 0 0 0 0 0 2.13323e-05 0.00113907 0.00349513 0.0122347 0.0172204 0.0291405 0.0199455 0.0140653 0.012955 0.0176231 0.0216237 0.0210702 0.0145856 0.0118494 0.0134393 0.0161571 0.017922 0.0146212 0.0180436 0.0211883 0.026952 0.0254288 0.020902 0.0133083 0.0210093 0.0226219 0.0260513 0.0237751 0.0208406 0.0188345 0.0128309 0.0176985 0.00852079 0.0045953 0.00634297 0.0153967 0.0114423 0.0160469 0.0129947 0.0109099 0.00531779 0.00216018 0.00016014 0 0 0 0 0 0 0 0 0 0 0 0 0 
0 0 0 0 0 0 0 0 0 0 0 0 0 0.000414186 0.00480249 0.00533448 0.0176295 0.0227953 0.0454454 0.0289617 0.014754 0.00995374 0.0109326 0.0148677 0.0163822 0.0148565 0.0163954 0.0179874 0.0182245 0.0108416 0.01208 0.0178101 0.0166711 0.0205292 0.0168243 0.0219212 0.021924 0.0302824 0.0358347 0.0239658 0.0170953 0.0134837 0.0207602 0.0140704 0.0132543 0.0104111 0.00306398 0.0038154 0.00961252 0.0071669 0.0147438 0.0197423 0.0204426 0.0132089 0.0073735 0.000749879 1.45141e-05 0 0 0 0 0 0 0 0 0 0 0 0 
0 0 0 0 0 0 0 0 0 0 0 0 0.000128105 0.000936333 0.00629246 0.00933709 0.0153894 0.0235029 0.0226518 0.0199251 0.0155897 0.00619147 0.0046871 0.0115077 0.0147672 0.012086 0.0175172 0.0199671 0.017702 0.0115434 0.0122399 0.0162618 0.0111285 0.0169952 0.0187165 0.0275011 0.0327529 0.0486381 0.0366479 0.0232021 0.0102434 0.0170885 0.0180902 0.0185486 0.0172186 0.00946028 0.0085025 0.00867156 0.00864862 0.00921961 0.0143003 0.0212321 0.0181907 0.0177999 0.0104568 0.00726019 0.00197747 6.20043e-05 0.000197642 0 0 0 0 0 0 0 0 0 0 
0 0 0 0 0 0 0 0 0 0 0 0 0.0008315 0.00102424 0.00403885 0.0121196 0.00984842 0.0129075 0.0105754 0.0137354 0.0109505 0.00508167 0.00229844 0.0079234 0.0144019 0.0106256 0.0141869 0.0253255 0.0240908 0.0185966 0.0202506 0.0200355 0.0183031 0.0263363 0.0242863 0.0222946 0.0357415 0.0795111 0.0366402 0.0217386 0.011823 0.011106 0.0169432 0.0209537 0.0171359 0.010101 0.00846797 0.0100621 0.00859847 0.0133077 0.0164964 0.0205046 0.0197004 0.0184272 0.0156478 0.0182822 0.00557672 0.00621192 0.00779558 0.000585828 0 0 0 0 0 0 0 0 0 
0 0 0 0 0 0 0 0 0 4.72583e-05 0.00161859 0.00236636 0.00426543 0.00451951 0.00814293 0.00720229 0.00668795 0.00605245 0.00546655 0.00368024 0.00724384 0.00804946 0.00500325 0.00653331 0.0124719 0.0123862 0.0145584 0.0189481 0.0253137 0.0180024 0.0228129 0.0205038 0.0248918 0.0416602 0.0366426 0.0227823 0.0241922 0.0309989 0.0220364 0.0182135 0.0158477 0.0175562 0.0213761 0.0210679 0.0143497 0.0107914 0.00873989 0.00618938 0.00695037 0.0140065 0.0169529 0.0211915 0.0234119 0.0242141 0.0276315 0.0195122 0.0131939 0.0202855 0.0180459 0.0030576 0.000164471 0 0 0 0 0 0 0 0 
0 0 0 0 0 0 0 0 0 0.00035522 0.00668457 0.00569315 0.00861295 0.0114287 0.0134565 0.0137505 0.0152194 0.0114874 0.0123997 0.00727976 0.0075692 0.00698939 0.00494648 0.0111056 0.0123969 0.012537 0.0138297 0.0236164 0.0233522 0.0170856 0.0227391 0.0228321 0.0390348 0.042633 0.0272374 0.0238397 0.0191014 0.0170081 0.0189899 0.0162717 0.0173836 0.016942 0.0193894 0.0194659 0.0141307 0.00891154 0.0131142 0.0187514 0.0219905 0.0220249 0.0239892 0.0227715 0.0258991 0.0250799 0.0263035 0.0262853 0.0292 0.0315178 0.027893 0.0108082 0.00185859 0 0 0 0 0 0 0 0 
0 0 0 0 0 0 0 0 0 0.000379405 0.00703375 0.0051444 0.00524477 0.010216 0.0103091 0.0146123 0.0206163 0.0157882 0.0219337 0.0158533 0.00595866 0.00898724 0.00686759 0.00946759 0.00702245 0.01155 0.0143871 0.0154867 0.0198917 0.0223664 0.0250301 0.0223258 0.02844 0.0295033 0.028076 0.0215892 0.0191213 0.0164425 0.019476 0.0203422 0.0163515 0.0168194 0.0164996 0.0179551 0.0158059 0.0211364 0.021662 0.0269796 0.0264851 0.0223837 0.0301197 0.0321357 0.0244935 0.0256899 0.0226425 0.0406426 0.0404967 0.0303092 0.0303871 0.0189663 0.00661594 0.000845825 2.33372e-05 0 0 0 0 0 0 
0 0 0 0 0 0 0 0 0.000152541 0.0021437 0.00556689 0.0109831 0.00758427 0.00384027 0.00602896 0.0145888 0.0223691 0.0144773 0.016376 0.0109842 0.00537194 0.00803565 0.0104067 0.0132801 0.0141746 0.0126807 0.0158562 0.0139559 0.0209355 0.0227624 0.0199357 0.0159334 0.0209069 0.0249786 0.0283733 0.0225017 0.0183912 0.0191065 0.0199069 0.019193 0.0195412 0.0192741 0.0141197 0.017293 0.0156689 0.0171956 0.0325201 0.0362223 0.0339171 0.022125 0.024029 0.0297377 0.028444 0.025945 0.0189909 0.0309712 0.0324163 0.0260148 0.0235907 0.0217844 0.0141704 0.00368264 0.000505507 0 0 0 0 0 0 
0 0 0 0 0 0 0 0 0.000656432 0.00423605 0.00619443 0.0131676 0.0112964 0.00297005 0.00451146 0.0129945 0.0190391 0.0181301 0.0153971 0.014705 0.0105383 0.00934995 0.0176644 0.0191899 0.0123609 0.015192 0.0140751 0.0121871 0.0136372 0.0166505 0.0209509 0.0188876 0.0175927 0.021531 0.0196908 0.0213869 0.0190296 0.0232673 0.0187334 0.0181399 0.0195299 0.0208209 0.0142321 0.0145375 0.0151911 0.0165305 0.0284972 0.0338722 0.0303191 0.029131 0.0188008 0.0203951 0.0244238 0.0237059 0.0186813 0.0213956 0.0214491 0.0150513 0.013516 0.0227297 0.0205842 0.0121162 0.00557174 0.000656231 0 0 0 0 0 
0 0 0 0 0 0 0 6.7491e-06 0.00116129 0.00484848 0.00720502 0.00879692 0.00868196 0.00346568 0.00367136 0.010296 0.0211688 0.0188012 0.0170514 0.0187411 0.0136269 0.0125301 0.0124516 0.0171701 0.0196583 0.0180431 0.0134614 0.0174813 0.0183666 0.0199709 0.0196371 0.021457 0.0170094 0.0208808 0.0195 0.0224018 0.0200987 0.0235491 0.0224667 0.0222602 0.0166335 0.0202005 0.0215182 0.0201165 0.0157346 0.0175694 0.0175719 0.0230081 0.0246135 0.0214304 0.0150329 0.0216438 0.0291494 0.0254061 0.0219838 0.0150723 0.0114243 0.00864047 0.0129311 0.0286168 0.0185792 0.0162182 0.00964742 0.00270083 0 0 0 0 0 
0 0 0 0 7.85274e-07 0.000428745 0.00429319 0.00458263 0.00418891 0.00379236 0.00386941 0.00468629 0.00384656 0.0059517 0.0129538 0.016534 0.0226547 0.0263962 0.0207051 0.0169042 0.0159376 0.0138897 0.0126157 0.022141 0.0215707 0.0238321 0.0188822 0.0201142 0.0267951 0.0245918 0.0189993 0.0168726 0.020665 0.0172446 0.0265334 0.0280477 0.0197925 0.0196586 0.0266993 0.0272522 0.0326913 0.0241422 0.0210507 0.0246083 0.0229753 0.017528 0.0166054 0.0143958 0.016389 0.0270384 0.0161547 0.0223423 0.0234815 0.0285881 0.0202004 0.0163735 0.00877002 0.0152822 0.0207994 0.0232095 0.0184678 0.0207839 0.014767 0.00628701 0.00073616 0 0 0 0 
0 0 0 0 0.000268445 0.00465501 0.00943516 0.0127816 0.00899002 0.0107472 0.010262 0.0102242 0.0147463 0.0104455 0.0189739 0.0203586 0.0235476 0.0277875 0.0239357 0.0157013 0.0135472 0.0145033 0.0112343 0.0164784 0.0218703 0.0230722 0.0213628 0.0330506 0.0272162 0.0243637 0.0181937 0.0241233 0.0331393 0.025688 0.0295871 0.0319616 0.0343123 0.0268582 0.0293382 0.0271319 0.0318062 0.0256934 0.0167064 0.0201862 0.0231864 0.0203855 0.0160367 0.0149508 0.0181578 0.0206339 0.0161975 0.0185889 0.0229688 0.0272675 0.0196008 0.0140961 0.013321 0.0154194 0.0179536 0.0217985 0.0183119 0.0259708 0.0179855 0.0139431 0.00854204 0.000352467 0 0 0 
0 0 0 0 0.000782335 0.00543123 0.013585 0.0227528 0.0200413 0.0210215 0.0121346 0.0143738 0.0175729 0.0208567 0.023496 0.0204281 0.0260263 0.0238835 0.0238513 0.0196455 0.0129304 0.0113009 0.00893187 0.0160944 0.0247422 0.0198401 0.018371 0.0337444 0.0217995 0.0160021 0.0200625 0.0256953 0.0360088 0.0363793 0.0358143 0.0304055 0.0431277 0.0413485 0.0379063 0.0263226 0.0270459 0.0240236 0.0193247 0.0180706 0.0175879 0.0189808 0.021403 0.0178749 0.0212001 0.0207633 0.0182152 0.020001 0.0216168 0.0261335 0.0233579 0.0194059 0.0207123 0.0127323 0.0212134 0.0178391 0.0142865 0.0215986 0.0236941 0.0168086 0.0108047 0.00119201 0 0 0 
0 0 0 0 0.00134872 0.0073168 0.0155965 0.0229736 0.0257727 0.0199524 0.0131274 0.0148537 0.0193006 0.0208447 0.0245177 0.0205842 0.0243722 0.0173852 0.0218115 0.0246829 0.01769 0.0110817 0.0113624 0.0207037 0.0310448 0.0235767 0.0186163 0.0195809 0.0220576 0.0199331 0.0208876 0.0260867 0.038312 0.0376672 0.0304039 0.0229566 0.026907 0.0350157 0.0276795 0.0172674 0.0233073 0.0259112 0.0183245 0.0219861 0.015997 0.0176799 0.0192304 0.0249965 0.0211484 0.0222661 0.0152776 0.0119476 0.016721 0.0183758 0.019464 0.0184393 0.0214548 0.0173203 0.0156497 0.0158703 0.0148727 0.0183046 0.0277306 0.0193757 0.0118222 0.00365785 0.000197774 0 0 
0 0 0 0.000777529 0.00406979 0.0115853 0.0148084 0.0195271 0.0223808 0.0216208 0.0262115 0.0191434 0.0183562 0.0230918 0.0244818 0.0281312 0.0304813 0.0216976 0.0143318 0.0210991 0.0212705 0.0116127 0.0125665 0.0180723 0.0285858 0.0218678 0.0161622 0.0168478 0.0166618 0.0195936 0.0218771 0.0232786 0.0277602 0.0246289 0.0184777 0.0337793 0.0363755 0.0227656 0.0217696 0.0203974 0.030021 0.029507 0.0226127 0.0155727 0.0128113 0.0146773 0.0144338 0.0156991 0.0166366 0.0144449 0.0180339 0.0145786 0.0129711 0.0130227 0.0125017 0.015919 0.0179062 0.0149062 0.0173961 0.0217092 0.0165999 0.0226084 0.0253548 0.0252356 0.0199227 0.0125465 0.002016 0 0 
0 0 0.000155353 0.0060752 0.0135004 0.0170324 0.0203025 0.0228514 0.0194602 0.0184494 0.0313688 0.0301942 0.0244668 0.0272003 0.0271694 0.0303962 0.0309128 0.0221238 0.0174965 0.0198913 0.0270404 0.0229245 0.0156694 0.0143382 0.0147233 0.0152852 0.019276 0.0177523 0.0128688 0.0191379 0.0201653 0.0223609 0.0256988 0.0161948 0.0145223 0.0241782 0.02343 0.0163216 0.0274462 0.023242 0.0256391 0.0186438 0.0183098 0.0154472 0.0116167 0.0121251 0.0141633 0.0114504 0.0201674 0.0206475 0.0181111 0.0145723 0.014437 0.0112967 0.00727368 0.00904915 0.0141466 0.0133605 0.0169008 0.0199176 0.0192221 0.0218667 0.0319126 0.0297478 0.0242476 0.019823 0.00490823 0 0 
0 0 0.000576962 0.0084423 0.0147327 0.0151964 0.0164194 0.0245172 0.0152909 0.017374 0.0225355 0.0298605 0.0272349 0.0184287 0.0205725 0.0279537 0.0258331 0.0243648 0.0262635 0.0246773 0.0255003 0.0291756 0.0320477 0.0252661 0.0198566 0.0195058 0.023074 0.0216828 0.0195764 0.0174301 0.0272586 0.0263749 0.0379205 0.0190801 0.0152415 0.023975 0.0274969 0.019285 0.0217176 0.0124312 0.0174946 0.0171899 0.0146196 0.0216996 0.0204711 0.00999963 0.0153891 0.0119711 0.0163797 0.0166894 0.0143476 0.0158366 0.00975905 0.00786237 0.00538511 0.0110893 0.016743 0.0173233 0.0213902 0.0176017 0.0222852 0.0204803 0.0225795 0.0224905 0.0255874 0.0255585 0.00631449 2.41764e-05 0 
0 0 0.00331498 0.0105573 0.00936147 0.0104609 0.0146675 0.0159315 0.0139168 0.0184481 0.0191112 0.0180723 0.015665 0.0152498 0.0220295 0.0281717 0.0261297 0.0246861 0.02525 0.0240636 0.0221625 0.0237907 0.0312449 0.0276322 0.029674 0.0297911 0.0264549 0.0203601 0.0160347 0.0208595 0.0268441 0.0257203 0.0303417 0.0173818 0.0190002 0.0216509 0.0316201 0.0278302 0.0220054 0.0163811 0.0171828 0.0164889 0.0164924 0.0174868 0.0204967 0.0151365 0.0183554 0.0141538 0.0200637 0.0167026 0.0120831 0.00831574 0.00737701 0.00505131 0.00875572 0.0163174 0.0161516 0.0202761 0.0260044 0.0204887 0.0195611 0.0160166 0.0169763 0.0231786 0.0237685 0.0189912 0.00548105 0.000280262 0 
0 0 0.00348857 0.0137441 0.0100398 0.00679999 0.00881659 0.00760367 0.0094813 0.0119521 0.0109435 0.00813962 0.0117749 0.0222126 0.0192723 0.0231115 0.0232283 0.0157969 0.0228735 0.0248678 0.0186385 0.0189431 0.0175546 0.0169785 0.0183102 0.0245755 0.0287828 0.0196061 0.0203587 0.01913 0.0191561 0.0240742 0.0199085 0.0247377 0.0265123 0.028823 0.0387021 0.0230744 0.0186102 0.0151277 0.0144709 0.0123981 0.0198147 0.0181185 0.0186432 0.0187643 0.0190993 0.0125715 0.0148217 0.0114532 0.00515688 0.00547166 0.00588834 0.00427533 0.00890048 0.0165403 0.0166417 0.0241445 0.028177 0.0192888 0.0227533 0.0226997 0.021554 0.0233626 0.0210534 0.0105389 0.00203889 0.000274889 0 
0 0 0.00109428 0.00727125 0.0061166 0.00446844 0.0093488 0.0121098 0.00990424 0.0159733 0.015117 0.0101105 0.00879494 0.0153851 0.0184812 0.024362 0.0214168 0.0228854 0.0253039 0.0288919 0.0230332 0.021061 0.0174371 0.0152225 0.0151213 0.0220385 0.0295582 0.0264239 0.0197991 0.0192448 0.0263718 0.0236935 0.0263375 0.0212212 0.027548 0.0358795 0.0481706 0.0253596 0.0206646 0.0172218 0.0147564 0.0147658 0.0194095 0.0172283 0.0281398 0.042173 0.0223692 0.0119881 0.0115986 0.009365 0.00770186 0.0120015 0.0096094 0.0101313 0.0106616 0.0131801 0.019443 0.0391964 0.0339923 0.0190917 0.0230376 0.0329488 0.0279285 0.0258972 0.0286036 0.012257 0.00260664 0.000408395 1.35557e-05 
0 0 2.74256e-05 0.000240564 0.000889792 0.00531825 0.0108996 0.0161171 0.0156778 0.0128244 0.0174831 0.0187016 0.0142833 0.011004 0.0113886 0.0178883 0.02528 0.0291554 0.0283116 0.0352553 0.0231765 0.0261208 0.0184925 0.01587 0.0223193 0.0255537 0.0246301 0.0570187 0.0490223 0.0210149 0.0309436 0.0349725 0.0291044 0.0251706 0.0190872 0.0288454 0.0253706 0.017134 0.0204682 0.0221051 0.0234973 0.0182139 0.0178841 0.0177756 0.0248137 0.0373976 0.0245086 0.0143063 0.0111314 0.00660358 0.00576412 0.00860343 0.0119698 0.0144518 0.0125528 0.0156646 0.0137455 0.0222059 0.0223751 0.0143302 0.0245005 0.0311022 0.0256896 0.019797 0.0323709 0.0238111 0.0102872 0.00462672 0.000752642 
0 0 0 0 0.00202319 0.00611686 0.0105828 0.0208689 0.0197793 0.0179171 0.0169797 0.0150304 0.0173075 0.0172205 0.0143293 0.0137148 0.0210925 0.0229654 0.0257693 0.033951 0.0310399 0.0262905 0.0168875 0.0168434 0.0243592 0.0272493 0.0236551 0.0587424 0.056661 0.0325926 0.0298902 0.0396406 0.0360293 0.0279906 0.0209625 0.017792 0.0199052 0.0200884 0.0224847 0.0225711 0.0236538 0.018462 0.0169638 0.0171942 0.0159572 0.0141056 0.0192287 0.0162776 0.0126239 0.01283 0.00825728 0.00824446 0.0106039 0.0364544 0.0365704 0.0132256 0.0138667 0.0166109 0.01277 0.0131567 0.01736 0.0169102 0.0229065 0.0190841 0.0244906 0.0226796 0.0130975 0.0071368 0.00195821 
0 0 0 0 0.00161056 0.00760469 0.00802041 0.0164018 0.0218492 0.0205611 0.021046 0.0242528 0.0183065 0.0218366 0.0209325 0.0197243 0.0200764 0.0187649 0.0184636 0.0349531 0.036507 0.0299593 0.0174019 0.0177389 0.0191883 0.0287661 0.0229404 0.0394003 0.0339369 0.032291 0.0289411 0.0530367 0.0600236 0.0265313 0.0158122 0.0247266 0.0213482 0.0193817 0.0190007 0.0157062 0.00912697 0.0165614 0.0159841 0.014396 0.015904 0.0146145 0.0172441 0.0226933 0.0133521 0.01456 0.011176 0.00921146 0.0209145 0.0838295 0.0881932 0.0166398 0.0134488 0.01113 0.0086549 0.0174494 0.0196141 0.0250635 0.029083 0.0179457 0.0156568 0.0271956 0.0267242 0.0194539 0.00339904 
0 0 0 0.000436504 0.00378603 0.00865731 0.0123995 0.0209969 0.0162967 0.0188098 0.0225227 0.0252794 0.0283022 0.0196462 0.0123296 0.0152763 0.0164636 0.017573 0.0151213 0.020677 0.0307098 0.0220351 0.0166195 0.0141336 0.0278324 0.0228245 0.0254697 0.0407585 0.0255764 0.0211094 0.0300172 0.0527005 0.0554078 0.0390316 0.0183019 0.0242101 0.0228881 0.0200489 0.0207964 0.0193399 0.01556 0.0127624 0.0151549 0.0222981 0.0217722 0.0290334 0.0199422 0.0239033 0.0162692 0.0137774 0.00693694 0.0111521 0.0158241 0.0364119 0.0345472 0.0100144 0.0127872 0.0127323 0.0148447 0.0182767 0.0349614 0.0401226 0.034283 0.0228286 0.0195959 0.0225145 0.0257552 0.0158654 0.00155137 
0 0.000343324 0.00105676 0.000975237 0.00419848 0.0117412 0.0132243 0.018538 0.0213862 0.0204568 0.0189374 0.0188757 0.0215615 0.0180623 0.0150941 0.0174902 0.0171479 0.0156687 0.0135955 0.0199576 0.0220339 0.0169474 0.0178349 0.0182848 0.0186622 0.0198693 0.0426176 0.0374738 0.0291403 0.0261061 0.0350391 0.0460967 0.0293682 0.0503495 0.0250375 0.024226 0.0255693 0.0223705 0.0171956 0.0170506 0.0181184 0.0145809 0.020554 0.0205024 0.024555 0.0261153 0.020905 0.0191862 0.0128096 0.0119288 0.0119811 0.0115898 0.0108793 0.00992971 0.0107302 0.00697348 0.00706987 0.00958537 0.0147509 0.02093 0.0281352 0.0298558 0.0266839 0.0272904 0.0233836 0.0254461 0.0156171 0.00901501 0.000735924 
0 0.00175497 0.00650763 0.00517629 0.00158302 0.00226364 0.0130276 0.0225537 0.0200423 0.0179931 0.0156161 0.0153044 0.0137633 0.0173177 0.019036 0.0177297 0.0177392 0.0220555 0.0119886 0.0161927 0.0162865 0.0170196 0.0160027 0.0155685 0.0201132 0.0258458 0.05837 0.0473975 0.0314636 0.0375214 0.0428774 0.0400429 0.0435758 0.0668426 0.0364288 0.0194513 0.023876 0.0219207 0.0217172 0.0239164 0.0224119 0.0190044 0.0222444 0.0222019 0.0182162 0.0139982 0.0156153 0.0120143 0.00793649 0.0049268 0.0108384 0.0162452 0.0139046 0.0108487 0.0106377 0.0111727 0.0113799 0.0123711 0.0132568 0.01606 0.0198351 0.0186631 0.0180934 0.0231875 0.0208397 0.0283588 0.0167487 0.00291621 0 
0 0.0042697 0.0104939 0.00971612 0.00621381 0.0037957 0.00990359 0.0210358 0.0218217 0.0171826 0.0154093 0.0117814 0.0167346 0.0199331 0.0210511 0.0163181 0.0234866 0.0241608 0.0172968 0.0180282 0.0168046 0.018187 0.0162432 0.0170451 0.0246059 0.0264221 0.0440237 0.0493602 0.0339827 0.0323321 0.0242903 0.0306226 0.0464926 0.0381099 0.0469985 0.0216195 0.0229082 0.0351872 0.0238855 0.0262074 0.0207338 0.0182938 0.0195265 0.0178574 0.0147261 0.0197429 0.0194679 0.0105577 0.0109669 0.0102387 0.0142526 0.0157936 0.0172102 0.0148972 0.0120677 0.0100108 0.014574 0.0174309 0.0187162 0.0213083 0.013847 0.0140843 0.018657 0.0247014 0.0308475 0.0340936 0.0201234 0.00629308 0.000496133 
0.00032879 0.00556174 0.0105293 0.0127982 0.0112912 0.0135229 0.0137295 0.018006 0.0131233 0.0121404 0.0181437 0.0120861 0.0167219 0.0187336 0.0228794 0.0196409 0.0240681 0.0242966 0.0206778 0.0273791 0.0275567 0.0144376 0.0113723 0.0196499 0.0245264 0.0237315 0.0295773 0.0442955 0.0337799 0.034604 0.0292405 0.0337969 0.0353935 0.0247058 0.0261566 0.029579 0.0193455 0.0203347 0.0227798 0.0233536 0.0241256 0.0165763 0.0212385 0.0261492 0.0229725 0.022808 0.0203559 0.0115918 0.0125899 0.0142771 0.0208563 0.0145118 0.0162821 0.0168547 0.014989 0.0158498 0.0136404 0.0169748 0.0179712 0.0143856 0.0142544 0.0172377 0.0236222 0.0194604 0.0257414 0.0319552 0.0252714 0.016891 0.00398091 
0.000807392 0.00887658 0.0170274 0.0234902 0.0209819 0.0196806 0.0179754 0.024652 0.0190343 0.0150987 0.0222583 0.0190435 0.0143146 0.0188264 0.0221614 0.0177783 0.0257189 0.0296079 0.0267878 0.0283236 0.040883 0.0187906 0.010883 0.0263256 0.0242262 0.0242436 0.023086 0.0511999 0.0609129 0.0706725 0.0543399 0.0247571 0.0342432 0.0300162 0.0211566 0.0257539 0.0297975 0.0273084 0.0295823 0.0237579 0.0217759 0.0216521 0.0210949 0.0261433 0.0287649 0.0251065 0.0142887 0.00652618 0.00948863 0.0120622 0.0164136 0.0117209 0.0138913 0.0200537 0.0175474 0.0194156 0.0143582 0.0179165 0.0117829 0.00941881 0.0150776 0.0185851 0.0245425 0.0192412 0.019082 0.0276073 0.0301967 0.0334742 0.0115869 
0.00080526 0.0131809 0.0163923 0.0162722 0.016764 0.0231027 0.0236397 0.020609 0.0214032 0.0115287 0.0145651 0.0158625 0.0120726 0.0199474 0.0239414 0.0254372 0.0256127 0.0270542 0.0251755 0.0255668 0.0280981 0.0300909 0.0179367 0.0257619 0.0194889 0.0229636 0.0271748 0.0370469 0.0558039 0.0766168 0.0575873 0.0259117 0.0247277 0.0284476 0.0177365 0.0194244 0.023422 0.0230929 0.0210616 0.0203092 0.0191848 0.0210295 0.0194783 0.0308516 0.0219864 0.0190808 0.0184276 0.00811142 0.00985495 0.02099 0.0113346 0.0153824 0.0149577 0.015594 0.0161369 0.0195884 0.0159228 0.0169959 0.012408 0.007161 0.0126089 0.0170611 0.0206585 0.019471 0.0186523 0.0251454 0.0300027 0.026092 0.00794086 
0.000694909 0.00917697 0.0142375 0.0132613 0.0182861 0.0166883 0.0146433 0.0142643 0.0229972 0.0161019 0.0131985 0.0106453 0.0123782 0.0168091 0.0221469 0.027057 0.0267872 0.0277935 0.0279032 0.0214739 0.0243138 0.0336109 0.0300377 0.0239187 0.0219314 0.0210679 0.0185428 0.0225521 0.0219775 0.0295858 0.0286054 0.0341221 0.0242836 0.0244096 0.0213514 0.0178172 0.0164083 0.0166942 0.0180705 0.023148 0.0257943 0.026583 0.0245406 0.0290779 0.0196629 0.0182173 0.0167648 0.0166882 0.0184089 0.024693 0.0193483 0.0195719 0.0197933 0.015689 0.0166479 0.0200167 0.0209298 0.0172073 0.0159987 0.0182695 0.0167752 0.0164021 0.0224211 0.0183525 0.0141083 0.020654 0.0311961 0.0162227 0.0038247 
0.000323336 0.00633683 0.0146589 0.0159667 0.0183319 0.01231 0.0122776 0.0138596 0.015677 0.017721 0.0139949 0.0118741 0.011311 0.0156072 0.0234537 0.0240237 0.0210852 0.0173741 0.0187411 0.0132909 0.0241061 0.033908 0.0329076 0.0236157 0.0159817 0.0151948 0.0152251 0.0153351 0.0156071 0.0219245 0.0230576 0.0310038 0.0315813 0.0323979 0.0252856 0.021781 0.0244692 0.0182367 0.0210773 0.0286243 0.0296381 0.0255045 0.0360267 0.0276068 0.0171831 0.0183493 0.0206017 0.0231351 0.020678 0.0229498 0.0233839 0.0174365 0.0184862 0.0184881 0.0148667 0.0145113 0.0156824 0.016543 0.0249209 0.0250022 0.0210121 0.0176493 0.0225622 0.0193569 0.0175263 0.0210661 0.0290112 0.0140572 0.00161109 
0.000336086 0.00641766 0.0174972 0.0120433 0.0148479 0.0124471 0.0149024 0.0182126 0.0152409 0.015563 0.0106181 0.0147048 0.0198876 0.0171248 0.0181052 0.0156231 0.0165221 0.01423 0.0117269 0.0133885 0.0208346 0.0354684 0.0337012 0.022947 0.018741 0.0171661 0.0202992 0.00918199 0.0153369 0.0285826 0.0270768 0.0298442 0.0260224 0.0252045 0.0251183 0.023919 0.0280718 0.0194552 0.0207 0.0306073 0.0222546 0.0182174 0.0224052 0.0229783 0.0237217 0.0229642 0.01843 0.0214932 0.0221972 0.0269578 0.020967 0.0155965 0.0239987 0.0248395 0.0185001 0.0138691 0.0211267 0.0222863 0.0202149 0.0190319 0.0240643 0.0222387 0.0186394 0.01745 0.0241548 0.0286267 0.0266203 0.0206421 0.00386109 
0.000141069 0.00405074 0.0116381 0.0137004 0.0181154 0.0167921 0.0100381 0.0129745 0.0133835 0.0119788 0.0121391 0.013245 0.01476 0.0111918 0.0132125 0.0136702 0.0166622 0.0131431 0.0141587 0.0187524 0.0132156 0.0221858 0.0231551 0.0237472 0.0247288 0.020388 0.0180428 0.0177628 0.0170614 0.0200573 0.0202928 0.0196029 0.0223719 0.0267753 0.021785 0.0307956 0.0268496 0.0276278 0.0326691 0.0378832 0.0186785 0.011651 0.0196551 0.0227582 0.0216946 0.0191947 0.017747 0.0220155 0.0184841 0.0199387 0.0165085 0.0170494 0.022938 0.0197 0.0258235 0.0189207 0.0163484 0.020993 0.0228285 0.024718 0.0214434 0.0188104 0.0190994 0.0221089 0.0285153 0.030177 0.0235124 0.0215646 0.0071008 
0 0.00350527 0.0119727 0.0213813 0.0274786 0.0179297 0.0117378 0.0117722 0.0127856 0.0108734 0.00788483 0.011482 0.0118503 0.0115962 0.00811464 0.0111445 0.0106474 0.0105613 0.0131071 0.0163494 0.0111343 0.016158 0.0169298 0.0173939 0.0192559 0.0157467 0.0200585 0.0207959 0.0186634 0.0191264 0.0140871 0.0156737 0.0237195 0.0314888 0.0227354 0.0334988 0.0346769 0.0453561 0.0367598 0.0267624 0.0119454 0.0152955 0.0255399 0.0220721 0.0218026 0.0218825 0.0144868 0.0204163 0.017168 0.0196385 0.0202758 0.0224561 0.0182984 0.0163818 0.0237415 0.0173039 0.0200783 0.0207503 0.0240686 0.0341258 0.0219868 0.0127622 0.0212611 0.0296304 0.0342011 0.0258122 0.0174567 0.0110298 0.00439723 
0 0.00147513 0.00623643 0.0275818 0.0411576 0.023614 0.0195737 0.0181445 0.0142205 0.00732069 0.00822216 0.0122855 0.0107005 0.00645415 0.00430593 0.00596822 0.00533896 0.00950734 0.0135086 0.0128662 0.01265 0.0139463 0.0199165 0.0177619 0.0180867 0.0239875 0.0277056 0.0184337 0.0141507 0.0139067 0.0151896 0.0187596 0.0280711 0.0361248 0.0282465 0.0383294 0.04174 0.0376205 0.0353199 0.029267 0.0213299 0.0152957 0.0220827 0.0282684 0.0250392 0.0254022 0.0205556 0.0192687 0.0138654 0.0146238 0.0307457 0.0287005 0.0176144 0.0159522 0.0180747 0.0189678 0.0191081 0.0249742 0.0267353 0.0408801 0.0358505 0.017547 0.0108161 0.0228034 0.0316825 0.0214009 0.0194846 0.00562334 0.000735563 
0 0.000209806 0.00245418 0.0169203 0.0285189 0.0226218 0.0204349 0.0161354 0.00885551 0.0112271 0.0209967 0.0216816 0.011839 0.010779 0.00886352 0.00821239 0.0126794 0.0178485 0.0208586 0.0214424 0.0148855 0.0223487 0.0316914 0.0156837 0.0163673 0.0182102 0.0252666 0.0182872 0.0190365 0.0193794 0.0209405 0.025661 0.023858 0.0348073 0.0410404 0.0301619 0.0281172 0.0246399 0.0281441 0.0251078 0.0234808 0.0260195 0.0143954 0.0228327 0.0215631 0.025203 0.0229505 0.0207858 0.0165321 0.0153069 0.0164512 0.0172218 0.011309 0.0140394 0.0199338 0.0165775 0.0218273 0.025502 0.0280732 0.0414328 0.0424953 0.0257877 0.0153178 0.0256882 0.0304172 0.0219095 0.0167424 0.00662681 0.000831891 
0 0 0.00157619 0.0126347 0.0219592 0.0207042 0.0159922 0.0110892 0.0148092 0.0180615 0.0189984 0.0167231 0.0114462 0.0100237 0.0112681 0.0196308 0.022416 0.0189417 0.0206573 0.0186632 0.0143308 0.0192011 0.0188644 0.0219992 0.0233151 0.0166961 0.024029 0.0208207 0.0181356 0.0266234 0.0248026 0.0272271 0.0269539 0.0298361 0.0337699 0.0248349 0.0195863 0.016839 0.0162206 0.0258748 0.0230882 0.0241827 0.00775145 0.0152592 0.0220097 0.0241198 0.0192866 0.0261677 0.025254 0.0200428 0.0153851 0.0144288 0.0138619 0.0145622 0.0179973 0.0240641 0.0248921 0.0244725 0.0318255 0.0346854 0.0367481 0.0213471 0.0158506 0.0228386 0.0277422 0.0256243 0.0178294 0.00477053 0 
0 0 0.000556908 0.0122794 0.0208842 0.0196961 0.020211 0.0193543 0.0141613 0.0186568 0.0269911 0.0171705 0.0119582 0.00884213 0.0178448 0.0220549 0.0198798 0.0209187 0.0206878 0.0229972 0.0215362 0.0201385 0.0179696 0.0267116 0.022896 0.0236676 0.0277085 0.0243159 0.0193395 0.0194177 0.0243361 0.0186645 0.0204509 0.0267078 0.0277684 0.0209 0.0188997 0.0249166 0.022779 0.0205034 0.0194923 0.0187522 0.00860767 0.0146498 0.0190378 0.0149081 0.0112808 0.0221565 0.0235296 0.0224777 0.019633 0.0206995 0.0215778 0.0237826 0.0246697 0.0269521 0.0255163 0.0275768 0.0288062 0.0247663 0.0207668 0.00708375 0.0067294 0.00950421 0.00816142 0.0102846 0.0080975 0.00109745 0 
0 0 9.71138e-05 0.005556 0.0133038 0.0173812 0.0236201 0.0192967 0.0183658 0.0161633 0.0172301 0.012147 0.0186569 0.010486 0.0155596 0.0301351 0.0248822 0.0272353 0.0234162 0.0239463 0.0260478 0.0261271 0.0247425 0.0267683 0.0253784 0.0247396 0.0163669 0.018619 0.0164045 0.0163833 0.0157808 0.0150808 0.0145931 0.0235494 0.0271729 0.0187864 0.0228456 0.0257768 0.018249 0.0205839 0.0228642 0.0148758 0.0173903 0.0216148 0.0141476 0.0170527 0.0192412 0.028623 0.0262722 0.0228328 0.0171215 0.0169757 0.0282911 0.0236428 0.0233692 0.0218077 0.0241948 0.0248462 0.0199655 0.0219702 0.0115491 0.00095742 0.000604507 0.00111977 0.00318911 0.00421837 0.00136669 1.42496e-06 0 
0 0 0 0.00296829 0.0144315 0.0138553 0.0121752 0.0169638 0.0176153 0.0180069 0.0123671 0.011568 0.0171951 0.0128102 0.0130655 0.0200979 0.0243428 0.0228647 0.0258796 0.0221246 0.0192917 0.0175054 0.0179024 0.0174376 0.0192863 0.0123 0.0130772 0.0179838 0.0170026 0.015903 0.0166525 0.0140786 0.0150091 0.0258212 0.02617 0.0197316 0.0216688 0.0194013 0.0190734 0.0190617 0.0159598 0.00815273 0.0236166 0.0187971 0.0128811 0.0188074 0.030962 0.0307919 0.0399734 0.0267923 0.0253756 0.0256746 0.026809 0.0264218 0.0227577 0.0238095 0.0256979 0.0278126 0.0206974 0.0232372 0.0108906 0.00106983 0.00018648 0.00103344 0.0074269 0.00359508 0.000652913 0 0 
0 0 0 0.000499089 0.0100763 0.0129845 0.00883571 0.0170135 0.0226548 0.0143732 0.00811334 0.0107543 0.0127721 0.0180611 0.0277245 0.035635 0.0182181 0.02619 0.0301113 0.0227538 0.0137725 0.0154185 0.0267374 0.0214529 0.0186559 0.0120811 0.0143254 0.0173262 0.0181984 0.0147641 0.0207148 0.0147811 0.0210431 0.0207606 0.0254259 0.0241851 0.0171522 0.0108675 0.0092238 0.00815476 0.00964614 0.0132986 0.0176107 0.0137357 0.0161145 0.0200642 0.0241088 0.0304096 0.0416013 0.0280584 0.0266686 0.0294122 0.024662 0.0285981 0.0265841 0.0307315 0.0213608 0.022225 0.0208239 0.0251568 0.0276047 0.00448083 0.000232183 0.002165 0.00654663 0.00143198 0 0 0 
0 0 0 8.28061e-05 0.00336712 0.00994795 0.0112376 0.0259056 0.0446912 0.0136034 0.00751398 0.00807951 0.00967165 0.0194022 0.0483774 0.0472625 0.0291068 0.0304116 0.0308956 0.0251122 0.0172902 0.0124064 0.0201337 0.0178676 0.016112 0.0129625 0.0148108 0.016175 0.0220075 0.0126298 0.0175147 0.0196632 0.0206789 0.0236361 0.0293206 0.0229398 0.0133477 0.00980226 0.00798078 0.00755632 0.00841954 0.0153953 0.0180919 0.0248809 0.0291219 0.0200757 0.0139239 0.0138182 0.0211069 0.0230726 0.0269589 0.0235193 0.0225138 0.0133189 0.0153777 0.0184643 0.0158572 0.0225761 0.0206486 0.0254648 0.0340257 0.0160865 0.00288574 0.00230364 0.00200795 2.35256e-05 0 0 0 
0 0 0 0 0.000154816 0.00697228 0.0124798 0.0172623 0.0243158 0.00919816 0.00555989 0.0076343 0.00639438 0.00936074 0.0150487 0.0181681 0.0197233 0.0172822 0.0179157 0.0118278 0.00590732 0.00525332 0.00614768 0.0075389 0.0167187 0.0322483 0.0435773 0.0240388 0.017161 0.0139769 0.0187892 0.0249471 0.0211716 0.0196045 0.0221792 0.0202622 0.0223831 0.0166194 0.0107381 0.0109691 0.0104288 0.0161679 0.0291686 0.0505186 0.0532054 0.0271829 0.0123333 0.011054 0.0106019 0.00996108 0.0125242 0.0244032 0.0134358 0.00785354 0.00558646 0.00764036 0.0146989 0.0198608 0.0293559 0.0253066 0.0251972 0.0190682 0.011393 0.00607839 0.00100082 8.47771e-05 0 0 0 
0 0 0 0 0 0.00252984 0.00999513 0.0124327 0.0105794 0.0119844 0.0174265 0.0181762 0.00977758 0.00217297 0.00238772 0.00782936 0.0150535 0.0179437 0.012782 0.00648112 0.00320845 0.00594005 0.00973002 0.0129702 0.0214823 0.0272178 0.0287645 0.021154 0.0167054 0.0167901 0.0196317 0.0313495 0.0269565 0.0186092 0.0153207 0.0177988 0.0250989 0.0229108 0.0150496 0.0129612 0.0110843 0.0198177 0.0317539 0.0501037 0.0352294 0.0296354 0.0213015 0.0164181 0.0102778 0.00641351 0.00828066 0.0157328 0.0144848 0.0137656 0.0100617 0.00890703 0.0109759 0.0116597 0.0209368 0.0305005 0.0324979 0.0236629 0.0152737 0.00666051 0.000740156 3.74835e-05 0 0 0 
0 0 0 0 0 0.000319146 0.0048176 0.0121679 0.0156995 0.02012 0.021669 0.0146299 0.00777596 0.000320783 0.000836223 0.00676701 0.0148222 0.0160992 0.0138937 0.00805731 0.00828955 0.0186987 0.0228796 0.0167723 0.0164843 0.0215268 0.0189137 0.0140001 0.0176159 0.01476 0.0233872 0.0426277 0.0237824 0.0201715 0.0188898 0.0170467 0.0195262 0.020188 0.0134798 0.00849879 0.00887951 0.0256572 0.0246593 0.0305283 0.0251308 0.0193086 0.0197387 0.0156828 0.0163651 0.0116965 0.00652722 0.00673023 0.00742272 0.00593923 0.0101868 0.00988772 0.0148481 0.00932857 0.0106239 0.0183367 0.0251543 0.0233213 0.0121268 0.00404471 0.000208845 0 0 0 0 
0 0 0 0 0 0 0.000521656 0.0046352 0.010519 0.0071744 0.0120029 0.00933008 0.00199543 1.73556e-05 0.00110068 0.00688612 0.0121896 0.0171874 0.0173581 0.0106018 0.0198033 0.0244869 0.0187418 0.014888 0.0151489 0.0138206 0.0171971 0.0211952 0.0187305 0.0132562 0.0251216 0.0403999 0.0205972 0.0240335 0.0224482 0.0219704 0.0187927 0.0211376 0.0174673 0.0126634 0.0112092 0.015184 0.0218007 0.0307551 0.0283298 0.0191901 0.0196733 0.0149969 0.0136391 0.0102812 0.00815616 0.0070344 0.00672664 0.00499558 0.0141322 0.018296 0.0238587 0.0113359 0.0144591 0.0180542 0.0193519 0.0183142 0.0064376 0.000290409 0 0 0 0 0 
0 0 0 0 0 0 0 0.000162105 0.000696459 0.000115809 0.000777228 0.00123182 8.03522e-05 0.000167026 0.00162748 0.00541033 0.0153973 0.0249803 0.0339758 0.0176338 0.020455 0.0216009 0.0188304 0.0133336 0.019626 0.0169107 0.0181654 0.0256828 0.0226189 0.0155213 0.0138369 0.0171073 0.014252 0.0175906 0.0231538 0.0200659 0.0163435 0.0187601 0.0203652 0.019032 0.0228138 0.0185256 0.0220938 0.0263056 0.0177418 0.0206263 0.0209129 0.014395 0.0111074 0.0101478 0.00814408 0.00660579 0.00711417 0.00694051 0.0160859 0.019864 0.0174569 0.0120047 0.0159179 0.0259686 0.0241981 0.00885146 0.000775779 0 0 0 0 0 0 
0 0 0 0 0 0 0 0 0 0 0 0 0.000224533 0.00238427 0.00535014 0.00972733 0.016649 0.0242025 0.0311041 0.0199194 0.0152435 0.0165531 0.0202941 0.0172378 0.0143477 0.0142884 0.0202001 0.0274586 0.0232713 0.0175412 0.0118207 0.0120445 0.0112451 0.0144842 0.0148498 0.0189192 0.0176591 0.0186441 0.0225618 0.0188017 0.0196738 0.0243029 0.0164129 0.020924 0.0195911 0.0253768 0.0255484 0.0155663 0.0133434 0.0169187 0.0127462 0.00576012 0.011507 0.0158108 0.0204855 0.0107214 0.0148404 0.0183575 0.0209551 0.0160895 0.0104201 0.00290301 0 0 0 0 0 0 0 
0 0 0 0 0 0 0 0 0 0 0.000997239 0.00407801 0.0031018 0.0058913 0.0119292 0.0168351 0.0150972 0.0168231 0.0200418 0.0178129 0.0209122 0.0392026 0.0256634 0.023703 0.0192565 0.0185797 0.0246227 0.0278162 0.0168642 0.0166787 0.0160651 0.0153865 0.0113996 0.016466 0.0224708 0.0171442 0.014896 0.0138117 0.0250648 0.0220105 0.0189478 0.0203848 0.00941322 0.00817074 0.018731 0.0247788 0.0293439 0.0221925 0.0160928 0.0220188 0.0168799 0.008409 0.0125091 0.0212923 0.0192339 0.0104092 0.0144627 0.0277286 0.032435 0.0148218 0.00325633 0.000459277 0 0 0 0 0 0 0 
0 0 0 0 0 0 0 0 0 2.84762e-05 0.00661153 0.0153075 0.0105971 0.00891929 0.0191496 0.0188492 0.0165885 0.0207253 0.0236198 0.0247103 0.0258324 0.0358733 0.0377777 0.0285962 0.027506 0.030272 0.02287 0.0195693 0.0164337 0.0202773 0.0178531 0.0229386 0.0246729 0.0247656 0.0278287 0.0231228 0.0201207 0.0108443 0.0129873 0.0159417 0.0132 0.0130533 0.00863471 0.00787282 0.0129668 0.0190912 0.0310015 0.0244021 0.0168125 0.026536 0.0259012 0.0142817 0.0120896 0.0124328 0.0145882 0.015505 0.0189922 0.029251 0.0265538 0.0168093 0.00390833 0 0 0 0 0 0 0 0 
0 0 0 0 0 0 0 0 0 1.15533e-05 0.00548095 0.017595 0.00953533 0.0128413 0.0212896 0.0253399 0.0228635 0.039398 0.0374615 0.0244136 0.0250352 0.0239194 0.0234102 0.019099 0.0150752 0.0218961 0.0193286 0.0182289 0.0166559 0.0245535 0.0173775 0.0287548 0.0343985 0.0481064 0.0209944 0.0200435 0.0193435 0.0158377 0.0135924 0.020003 0.0220935 0.0178237 0.0167179 0.0181346 0.0116538 0.0138559 0.0284034 0.0242872 0.024709 0.0243011 0.0169672 0.011218 0.0109437 0.0125399 0.0113604 0.0116457 0.0200572 0.0272995 0.0115546 0.00240219 7.61146e-05 0 0 0 0 0 0 0 0 
0 0 0 0 0 0 0 0 0 0 0.000591316 0.00540225 0.00706239 0.0116993 0.0227136 0.0355868 0.0381658 0.0472352 0.0366297 0.0223896 0.0245967 0.0339702 0.0355303 0.0189621 0.0148942 0.0142265 0.0259087 0.0290729 0.021756 0.022656 0.0160579 0.0176944 0.0379036 0.0635241 0.0222291 0.0190379 0.024468 0.0307077 0.0385148 0.0430779 0.0314666 0.0190869 0.0247643 0.0242918 0.0138004 0.018075 0.0383492 0.0397097 0.0364912 0.0239341 0.0130799 0.0102193 0.0137477 0.0218841 0.0202594 0.0172795 0.0155003 0.00837971 0.00165992 1.7785e-05 0 0 0 0 0 0 0 0 0 
0 0 0 0 0 0 0 0 0 0 0 0.000110491 0.00334827 0.00890717 0.0160649 0.0289609 0.0328401 0.0370819 0.0181071 0.0119965 0.0192294 0.0300107 0.0376149 0.0277742 0.0101677 0.00779941 0.0240257 0.0287514 0.0175846 0.0140548 0.0159271 0.0194553 0.0199958 0.017064 0.0164797 0.0174563 0.0227577 0.0297185 0.0356647 0.0453989 0.0334739 0.0278143 0.0318637 0.0271481 0.0194939 0.0223611 0.0763628 0.0889545 0.0368626 0.0184485 0.0144977 0.0123734 0.0141603 0.0144164 0.0113676 0.0129968 0.00684923 0.00262393 2.84968e-05 0 0 0 0 0 0 0 0 0 0 
0 0 0 0 0 0 0 0 0 0 0 0 0.000156779 0.00356843 0.012814 0.0213029 0.0251644 0.0166965 0.00568218 0.00452979 0.0137501 0.0209314 0.0309694 0.0238359 0.00826232 0.0019079 0.00468797 0.00766114 0.00621737 0.0069367 0.0133889 0.0158461 0.0173759 0.0275899 0.0327509 0.0315226 0.0235131 0.022833 0.0287351 0.027936 0.0373619 0.0329529 0.0297878 0.0277009 0.0259785 0.0238728 0.0468412 0.0582513 0.0445665 0.0299384 0.0237594 0.00916863 0.00839597 0.00306814 0.00130813 0.000908471 0 0 0 0 0 0 0 0 0 0 0 0 0 
0 0 0 0 0 0 0 0 0 0 0 0 0 5.52841e-06 0.00241249 0.00947998 0.0167235 0.0152408 0.0042557 0.000586181 0.0055068 0.0213434 0.0308854 0.0240896 0.0104039 0.00214181 0.000690535 0.00774706 0.00723468 0.0104275 0.0166754 0.0120921 0.0119917 0.0248055 0.0506594 0.0493166 0.0355324 0.0204406 0.0243509 0.029397 0.029137 0.027462 0.0205854 0.0287968 0.0234119 0.0252077 0.0280718 0.0321501 0.0385881 0.0315647 0.0242128 0.00628728 0.00141256 0.000583904 1.02599e-06 0 0 0 0 0 0 0 0 0 0 0 0 0 0 
0 0 0 0 0 0 0 0 0 0 0 0 0 0 1.63062e-06 0.000261211 0.00213157 0.00234746 0.000708931 9.02294e-05 0.00319703 0.0163715 0.0288418 0.0242812 0.00690725 0.00293542 0.0092713 0.015928 0.0167735 0.0169749 0.0223364 0.0274959 0.017849 0.0260643 0.0532974 0.0603803 0.0337427 0.0230128 0.0270367 0.025319 0.0243451 0.01637 0.0151465 0.0217617 0.0223748 0.0224896 0.0262266 0.0294047 0.036288 0.0169861 0.0103752 0.0014403 0 0 0 0 0 0 0 0 0 0 0 0 0 0 0 0 0 
0 0 0 0 0 0 0 0 0 0 0 0 0 0 0 0 0 0 0 0.000619039 0.00707432 0.0180715 0.0254759 0.0208853 0.00507591 0.00547737 0.0189597 0.0131205 0.0209509 0.0231858 0.0236318 0.034566 0.0199895 0.0229582 0.0402805 0.0505723 0.0291595 0.0264206 0.0374308 0.0281523 0.0179621 0.00723589 0.00885553 0.0140034 0.017793 0.0225355 0.0239878 0.0268356 0.0159449 0.00911105 0.00669261 0.00107281 0 0 0 0 0 0 0 0 0 0 0 0 0 0 0 0 0 
0 0 0 0 0 0 0 0 0 0 0 0 0 0 0 0 0 0 0 0 0.00495453 0.00624607 0.0107138 0.0068479 0.00229026 0.00701123 0.0165257 0.0138897 0.0203724 0.0180599 0.0226534 0.0348288 0.0286453 0.024629 0.0342883 0.0292442 0.0230079 0.027667 0.0265305 0.0226828 0.0153588 0.00795915 0.0122507 0.0148006 0.0119492 0.0146773 0.0100981 0.01005 0.00466918 0.000616103 0.00137185 0.000202048 0 0 0 0 0 0 0 0 0 0 0 0 0 0 0 0 0 
0 0 0 0 0 0 0 0 0 0 0 0 0 0 0 0 0 0 0 0 0.000294741 0.000218768 0.000768127 0.000814616 0.000970705 0.0063551 0.0109006 0.0133269 0.0168457 0.0197999 0.0235375 0.0269257 0.0371385 0.0338639 0.0283033 0.0224291 0.0163762 0.0133625 0.0158506 0.0186099 0.0166738 0.0202575 0.024606 0.011335 0.00465724 0.00297514 0.00138594 0.000451639 7.5388e-07 0 0 0 0 0 0 0 0 0 0 0 0 0 0 0 0 0 0 0 0 
0 0 0 0 0 0 0 0 0 0 0 0 0 0 0 0 0 0 0 0 0 0 2.55098e-05 7.72816e-05 0.000782749 0.00245733 0.00297392 0.007847 0.0136611 0.0144446 0.0132353 0.0269534 0.0333701 0.031347 0.0240221 0.0179832 0.0055713 0.00346564 0.00461936 0.011203 0.0191203 0.0219827 0.0162587 0.00609578 0.000801818 0.000437816 0.000139951 0 0 0 0 0 0 0 0 0 0 0 0 0 0 0 0 0 0 0 0 0 0 
0 0 0 0 0 0 0 0 0 0 0 0 0 0 0 0 0 0 0 0 0 0 0 0 0 7.60764e-05 0.000217051 0.000802084 0.00244226 0.00322147 0.00250155 0.00745442 0.00790992 0.00943618 0.00647425 0.00190299 1.375e-06 8.83708e-05 0.000371069 0.00170798 0.00439965 0.00721826 0.00288913 0.000220713 0 0 0 0 0 0 0 0 0 0 0 0 0 0 0 0 0 0 0 0 0 0 0 0 0 

