0 0 0 0 0 0 0 0 0 0 0 0 0 0 0 0 0 0 0 0 0 0 0 0 0 0 0 0 0 0 0 0 0 0 0 8.39526e-05 1.9008e-05 0 0 0 0 0 0 0 0 0 0 0 0 0 0 0 0 0 0 0 0 0 0 0 0 0 0 0 0 0 0 0 0 
0 0 0 0 0 0 0 0 0 0 0 0 0 0 0 0 0 0 0 0 0 0 0 0 0 5.62205e-05 0.000403087 0.000577491 0.00211648 0.0046851 0.00429409 0.00485709 0.00346427 0.00179154 0.00125647 0.00346429 0.00403537 0.00168713 7.45918e-05 0.000188529 0 0 0 0 0 0 0 0 0 0 0 0 0 0 0 0 0 0 0 0 0 0 0 0 0 0 0 0 0 
0 0 0 0 0 0 0 0 0 0 0 0 0 0 0 0 0 0 0 0 0 0 2.14939e-05 6.21664e-07 1.56496e-05 0.00111147 0.00382979 0.00975442 0.0116696 0.0131991 0.0103423 0.0130934 0.0166213 0.0159011 0.00887716 0.01147 0.0172474 0.00619795 0.00046061 0.00268701 0.000655645 0 0 0.000609656 0.000673516 0.00029106 3.79267e-05 0 0 0 0 0 0 0 0 0 0 0 0 0 0 0 0 0 0 0 0 0 0 
0 0 0 0 0 0 0 0 0 0 0 0 0 0 0 0 0 0 0 0 0 0.000478861 0.00333594 0.001473 0.00205788 0.0070296 0.00882669 0.0114068 0.0119862 0.00955781 0.0117571 0.0153075 0.0166121 0.0168062 0.0180094 0.0220465 0.0201119 0.00784596 0.00117219 0.00271244 0.00230608 0.000357425 0.000299346 0.00212058 0.00403849 0.00425119 0.0009091 0 0 0 0 0 0 0 0 0 0 0 0 0 0 0 0 0 0 0 0 0 0 
0 0 0 0 0 0 0 0 0 0 0 0 0 0 0 0 0 0 4.29876e-05 0.000104419 8.26521e-05 0.000658706 0.00895597 0.00769358 0.0082288 0.0197475 0.0218353 0.00806279 0.00999652 0.00618739 0.012182 0.0129432 0.0149233 0.0145695 0.0207823 0.0219006 0.0176211 0.00791118 0.000989724 0.00318801 0.00300962 0.00172684 0.00219745 0.00280973 0.00675926 0.00633592 0.001603 0.00209921 0.00294835 0.00381683 0.000436088 3.06421e-05 0 0 0 0 0 0 0 0 0 0 0 0 0 0 0 0 0 
0 0 0 0 0 0 0 0 0 0 0 0 0 0 0 0 0.000148762 0.00312449 0.00906374 0.00768323 0.00322025 0.00278899 0.00782449 0.0127218 0.0263336 0.0293546 0.0223994 0.020579 0.00967708 0.00691522 0.0150163 0.0141104 0.012872 0.0140587 0.0238776 0.0184945 0.0132511 0.00902281 0.00972577 0.0139495 0.0177627 0.00690401 0.00419712 0.00499053 0.00688943 0.00381083 0.00831614 0.0110904 0.0183197 0.0168615 0.00495103 0.00233382 0.001687 0.000373877 0 0 0 0 0 0 0 0 0 0 0 0 0 0 0 
0 0 0 0 0 0 0 0 0 0 0 0 0 0 0 0.000181892 0.00376782 0.0171274 0.0150269 0.0154731 0.0247555 0.0321234 0.0254754 0.0272665 0.0329827 0.0270293 0.0212879 0.0328534 0.017162 0.00888515 0.0137993 0.0193735 0.0125301 0.01359 0.0189066 0.0301825 0.0267157 0.0186053 0.0172911 0.0185811 0.0200184 0.0125146 0.00692727 0.00580982 0.00834936 0.0069893 0.0144851 0.0686052 0.0642788 0.0220209 0.0156353 0.0159051 0.0174321 0.010828 0.000410637 0 0 0 0 0 0 0 0 0 0 0 0 0 0 
0 0 0 0 0 0 0 0 0 0 0 0 0 2.79185e-05 0.00108051 0.00356245 0.00876798 0.0209652 0.0231197 0.0259784 0.0399449 0.0482984 0.0263127 0.0202557 0.0205779 0.0276885 0.027291 0.0322485 0.0293645 0.0147816 0.0168289 0.0220438 0.0171064 0.0164215 0.0274465 0.0318418 0.0381141 0.0214139 0.0175721 0.0143946 0.0147603 0.0190365 0.0150153 0.0171868 0.0146462 0.00900737 0.0102424 0.0724084 0.0576394 0.0156874 0.014267 0.0209964 0.0296036 0.0171364 0.0041007 3.28493e-06 0 0 0 0 0 0 0 0 0 0 0 0 0 
0 0 0 0 0 0 0 0 0 0 0 0 0 0.000403934 0.00388924 0.0113814 0.014747 0.0194915 0.0186785 0.0266271 0.0403065 0.0515263 0.0385845 0.0240833 0.0239567 0.0240382 0.0271127 0.0330667 0.0420729 0.0293723 0.0195851 0.0210148 0.0193933 0.0183726 0.0241162 0.0328254 0.0347826 0.0282898 0.0214639 0.014532 0.0184442 0.0221532 0.0192671 0.0290002 0.0237571 0.0121458 0.012433 0.0224557 0.0214961 0.0127633 0.0144813 0.0114644 0.0178947 0.0161444 0.00959308 0.00142365 0.000579651 0.000110522 0 0 0 0 0 0 0 0 0 0 0 
0 0 0 0 0 0 0 0 0 0 0 4.82937e-05 0.000853894 0.00160686 0.00425513 0.0168375 0.020612 0.0176592 0.0180388 0.0230005 0.0245487 0.0467468 0.0375851 0.0305739 0.0292109 0.0226469 0.0175529 0.0273545 0.0334587 0.0392129 0.0223599 0.0104521 0.0122056 0.0157586 0.0216973 0.0229691 0.0241568 0.0259539 0.0227629 0.0172252 0.0220418 0.0227911 0.0188075 0.0195991 0.0191896 0.0175778 0.0188617 0.0149975 0.0139909 0.00999642 0.0159153 0.0155345 0.0186888 0.0164756 0.00908517 0.00525558 0.00368079 0.00101543 1.40543e-05 0 0 0 0 0 0 0 0 0 0 
0 0 0 0 0 0 0 0 0 0 0 0.00102332 0.00317489 0.00450785 0.0109613 0.0195893 0.0173393 0.0152351 0.0123662 0.0155342 0.0170395 0.0234605 0.0310627 0.0326191 0.0249154 0.0262392 0.0201741 0.0247605 0.023396 0.0490848 0.0228839 0.0113718 0.0142786 0.0141325 0.0185724 0.0230989 0.022793 0.0271723 0.0198305 0.0131033 0.0145949 0.0214614 0.0208539 0.019462 0.0139426 0.0162316 0.0141135 0.0180541 0.0253096 0.0255647 0.0228825 0.0218913 0.0171559 0.0197425 0.0125217 0.00845474 0.00561697 0.00962971 0.00225894 0 0 0 0 0 0 0 0 0 0 
0 0 0 0 0 0 0 0 0 0 0.000504117 0.00129264 0.00466161 0.0108846 0.0239609 0.0236328 0.0179732 0.0206779 0.0183038 0.0155775 0.0204316 0.0246665 0.0264209 0.021336 0.021793 0.0210646 0.0201389 0.0222955 0.0224304 0.0251822 0.0175622 0.0133792 0.0196102 0.0120191 0.0198099 0.0235473 0.0333066 0.0466511 0.0280879 0.0174006 0.0137942 0.0206798 0.0214751 0.0169421 0.00944779 0.00790744 0.011967 0.0228962 0.0374611 0.0249418 0.0274745 0.0217265 0.0245082 0.0184014 0.0121765 0.0135925 0.0101422 0.0123846 0.00411355 0.000458061 4.15498e-05 0 0 0 0 0 0 0 0 
0 0 0 0 0 0 0 0 1.4355e-05 0.000375312 0.00263128 0.00861185 0.0151263 0.0198961 0.0228188 0.0247089 0.0234707 0.0186973 0.0198235 0.0186171 0.0221204 0.0248067 0.0218788 0.0219534 0.0281991 0.0240302 0.0201706 0.0261833 0.0296456 0.0263439 0.0294251 0.0249946 0.0283203 0.0182518 0.0214454 0.0220837 0.0274638 0.0462067 0.033883 0.0229334 0.0206019 0.0221048 0.0242943 0.0213461 0.0185954 0.0116719 0.00738413 0.0142422 0.0231044 0.027346 0.0264796 0.0188276 0.0202193 0.0174216 0.0143669 0.0174155 0.0154567 0.012907 0.007324 0.00709937 0.00159229 3.52862e-05 0 0 0 0 0 0 0 
0 0 0 0 0 0 0 0 0.00141498 0.00925155 0.0130134 0.0152016 0.0200364 0.0234317 0.0194848 0.0182385 0.0212917 0.0273715 0.0209894 0.0179397 0.0171957 0.0190396 0.0181672 0.0221277 0.0332444 0.0358474 0.0266075 0.0321015 0.04126 0.0299632 0.0335289 0.0288715 0.0301182 0.0299632 0.0225158 0.0224145 0.0230468 0.0307214 0.0292248 0.0267104 0.0323233 0.0286977 0.0225159 0.0221859 0.0192087 0.0201201 0.0156471 0.0119292 0.0163861 0.0267148 0.0247291 0.0180586 0.0193342 0.0146677 0.0105979 0.0197373 0.0207303 0.0126567 0.0136305 0.0128382 0.00835333 0.0021101 2.57387e-06 0 0 0 0 0 0 
0 0 0 0 0 0 0 0.000901379 0.00396458 0.0144775 0.0203843 0.0264354 0.0319226 0.0319399 0.0244738 0.0219161 0.0151408 0.0258809 0.0263912 0.0183972 0.0206815 0.0238533 0.0242196 0.0264152 0.0324282 0.0297294 0.0247739 0.029089 0.0348443 0.0330747 0.034502 0.0237832 0.0282176 0.0425678 0.0331239 0.0212026 0.018369 0.0238078 0.0271435 0.0355575 0.0415561 0.0258625 0.0200101 0.0161263 0.0218185 0.0191248 0.0178174 0.0109359 0.0172545 0.0281459 0.0209435 0.0133229 0.0148583 0.0121638 0.011479 0.0193013 0.013888 0.0169964 0.0217347 0.0143987 0.0162465 0.00526464 0.00062555 0 0 0 0 0 0 
0 0 0 0 0 0 0.000228247 0.00441607 0.0101563 0.0228462 0.0249678 0.0314065 0.0350546 0.0358241 0.0217392 0.0181191 0.0139957 0.0206971 0.0256645 0.0244599 0.026748 0.0220975 0.0197805 0.0262916 0.0287241 0.0273034 0.0277035 0.0316568 0.0293021 0.028763 0.0382331 0.0260542 0.0305356 0.0293567 0.0250728 0.0225605 0.0168275 0.0198072 0.0220659 0.0266202 0.029805 0.0206484 0.020249 0.0274793 0.0277459 0.0209558 0.0244832 0.0137851 0.0170095 0.0210064 0.0229031 0.0166018 0.0181418 0.0174598 0.0155358 0.0166435 0.0173926 0.0214979 0.0269603 0.0245102 0.0197884 0.0122622 0.00688558 0.000876152 0 0 0 0 0 
0 0 0 0 0 0.00012991 0.004284 0.0114066 0.0194794 0.023847 0.0174401 0.0183095 0.0230965 0.0275661 0.0231454 0.0151372 0.0221076 0.0225136 0.0231274 0.0227196 0.0294776 0.0237582 0.019544 0.0265963 0.0216646 0.0301824 0.0383014 0.0425441 0.038092 0.0329628 0.0295191 0.0166665 0.0232319 0.0215088 0.0198589 0.0167267 0.0149926 0.0141295 0.0147091 0.0186649 0.0243911 0.0192706 0.0209126 0.0231591 0.026943 0.0190373 0.0220675 0.0198894 0.0188077 0.0277014 0.0294111 0.0253393 0.0168495 0.0176498 0.0236603 0.0257213 0.0263978 0.0202237 0.0211475 0.0210098 0.0246035 0.0212548 0.00802342 0.00246615 4.58343e-05 0 0 0 0 
0 0 0 0 0 0.000633652 0.00700681 0.0177238 0.028913 0.0254744 0.024422 0.0183607 0.0215988 0.0280208 0.0307679 0.0177957 0.0291117 0.0226593 0.0203746 0.0288057 0.0224549 0.0211515 0.0230259 0.0263345 0.0252975 0.0267092 0.0313164 0.0456089 0.0449393 0.0310102 0.0199759 0.0117814 0.0169102 0.0305063 0.0260657 0.0255599 0.0201376 0.0214085 0.023002 0.0224823 0.0222527 0.0215362 0.0188169 0.0175526 0.0195382 0.0155275 0.0210102 0.0175832 0.0218405 0.0284789 0.0239897 0.0244898 0.0260913 0.0213207 0.0191852 0.0238111 0.0309757 0.0244754 0.0217648 0.0188152 0.016798 0.0192058 0.0104092 0.00468869 0.000524573 0 0 0 0 
0 0 0 0 4.34149e-06 0.00280287 0.0103282 0.0175041 0.0213688 0.0196179 0.017385 0.0138601 0.0202655 0.0374301 0.0339181 0.0280925 0.0351342 0.0228523 0.0198501 0.0216993 0.0322375 0.0335434 0.0362563 0.0307137 0.0392962 0.032387 0.0229467 0.0307866 0.0239712 0.0212976 0.0209484 0.0135621 0.0226455 0.0317812 0.0283245 0.0269008 0.0196461 0.0199389 0.0286697 0.0284217 0.0302377 0.0405023 0.0338086 0.0204596 0.0180309 0.0157561 0.0235985 0.0248768 0.0239207 0.0286179 0.0261597 0.0270504 0.0325173 0.018188 0.0127307 0.0173571 0.0194441 0.0214487 0.0181609 0.0238757 0.0190151 0.0147293 0.0184794 0.00751852 0.0024521 0.000159759 0 0 0 
0 0 0 0 0.000263821 0.00636463 0.0141506 0.0120617 0.0131886 0.0125521 0.00767455 0.00761031 0.0140139 0.0263982 0.0297484 0.0243774 0.0298701 0.0240344 0.02135 0.0229668 0.0285346 0.0300464 0.031172 0.0243814 0.0268811 0.0254574 0.0206596 0.0213356 0.0302815 0.0217128 0.0244481 0.0175607 0.019866 0.028805 0.0299035 0.0301 0.028405 0.0183237 0.024836 0.0227098 0.0341968 0.0549915 0.0400565 0.0262475 0.0245352 0.0243578 0.0206946 0.0248627 0.0186084 0.0271905 0.0320763 0.0306575 0.0310846 0.024371 0.0182222 0.014808 0.0158457 0.0180419 0.0151981 0.0243981 0.024671 0.0255505 0.0206705 0.0172553 0.00883532 0.00032254 0 0 0 
0 0 0 0 0.000630968 0.0084714 0.0216854 0.0114889 0.00698926 0.00964044 0.00845593 0.00990371 0.0221477 0.0284288 0.0299889 0.0242506 0.0251377 0.0293071 0.0268327 0.0187429 0.0188833 0.0237438 0.0303961 0.0238046 0.0200224 0.0219299 0.016963 0.0216528 0.0227442 0.0204827 0.0270213 0.0303286 0.0230106 0.0276787 0.0372479 0.0270858 0.0299726 0.025485 0.0164825 0.0232748 0.0207334 0.0222497 0.0215581 0.0307625 0.0286828 0.0305198 0.0251192 0.0273157 0.0224458 0.0189864 0.0169996 0.0202115 0.0243675 0.0269284 0.0247737 0.0205945 0.0189541 0.0198709 0.0213871 0.0244568 0.0230904 0.0265134 0.0182733 0.0158821 0.00870684 0.00107515 0 0 0 
0 0 0 0 0.00140552 0.0113158 0.0157737 0.00813419 0.00523689 0.00626221 0.0132215 0.0132765 0.0194533 0.0247886 0.0229854 0.0260557 0.0221533 0.0337922 0.0283468 0.0225364 0.0321389 0.025577 0.0215228 0.0183892 0.0210781 0.0206243 0.0183511 0.0202272 0.0255025 0.0270785 0.0252299 0.0275274 0.0235418 0.0265542 0.0264751 0.0243529 0.0294725 0.0249306 0.0215768 0.0191912 0.016241 0.0170294 0.0345264 0.0308134 0.0300512 0.0375269 0.0358023 0.0268995 0.0240277 0.0230845 0.0160694 0.0177999 0.0241099 0.0314076 0.0251152 0.026367 0.0201652 0.0283611 0.0257172 0.0267728 0.0261574 0.019444 0.018246 0.0184342 0.0088628 0.00369129 0 0 0 
0 0 0 0 0.000279789 0.00397939 0.0099853 0.0060399 0.0009247 0.00553175 0.00692902 0.0149507 0.0168963 0.0224226 0.0263564 0.0273027 0.0271396 0.0355081 0.0343762 0.0435051 0.039838 0.0230673 0.0156863 0.0200069 0.0226595 0.0217688 0.0207825 0.0235412 0.0292609 0.0228255 0.0175086 0.0229062 0.0184454 0.021914 0.0161975 0.0177794 0.0208937 0.0204393 0.0235014 0.0222205 0.0216939 0.0265142 0.0323183 0.0237774 0.0237242 0.0218647 0.0229718 0.0184043 0.0215147 0.0170572 0.0171589 0.0187896 0.024068 0.0285613 0.0354922 0.0262833 0.022194 0.0231875 0.0236982 0.0244588 0.0240532 0.0243126 0.0188629 0.019007 0.0100232 0.00299651 0 0 0 
0 0 0 0 0.00023466 0.000934061 0.00288045 0.00485002 0.000248979 0.00113884 0.0102532 0.0163968 0.0168936 0.0224028 0.0335091 0.0341373 0.0224444 0.0328523 0.0308719 0.0420265 0.0561045 0.0268145 0.0184123 0.0240545 0.017751 0.0194484 0.0222119 0.0230817 0.0276695 0.0261268 0.0252797 0.0269371 0.0260483 0.0267042 0.0226135 0.0188029 0.0204931 0.0217937 0.023241 0.0312361 0.0288384 0.0288532 0.0214176 0.0196657 0.0233807 0.0257379 0.0242202 0.0164626 0.0220292 0.0204993 0.0174858 0.0148436 0.0275779 0.0345158 0.0336529 0.0305495 0.0243173 0.0243817 0.0219288 0.0206084 0.0231013 0.0238928 0.0220569 0.0172728 0.0102664 0.00163558 0 0 0 
0 0 0 0 3.34133e-05 6.64468e-05 0.000632442 0.00180899 4.53401e-05 0.00241626 0.0109696 0.0168908 0.0214843 0.0162596 0.0236292 0.0380151 0.0319351 0.0319982 0.0275414 0.04039 0.0302844 0.0217361 0.0187242 0.0187408 0.016619 0.0230498 0.0208619 0.0246911 0.0193386 0.0352788 0.0297708 0.0301289 0.0240459 0.021561 0.0258881 0.0325862 0.035128 0.0236635 0.0231623 0.0309237 0.0268886 0.0237919 0.0237799 0.0214419 0.0215152 0.021615 0.0469187 0.037047 0.0213206 0.016275 0.0155629 0.0235106 0.0263744 0.0320347 0.0303232 0.0268894 0.0238256 0.0231363 0.0210438 0.0223832 0.0230544 0.0214526 0.0172184 0.0125411 0.00836784 0.00317475 0.000956284 0.000477198 8.35899e-06 
0 0 0 3.75472e-05 0.000135811 0 0 0.000849516 0.00124271 0.00366072 0.0125244 0.0232411 0.0220726 0.0225011 0.021195 0.0259843 0.0367157 0.0309646 0.0305816 0.0282941 0.0180173 0.021758 0.0199489 0.0190297 0.0194213 0.0252395 0.0205101 0.0228128 0.0206546 0.0230002 0.0456186 0.0371155 0.0302898 0.0265468 0.0306529 0.0427455 0.0538105 0.0180803 0.0210104 0.0235962 0.022623 0.024619 0.0261576 0.0225198 0.0252271 0.0231696 0.04326 0.0374704 0.0227705 0.0175058 0.0116433 0.016381 0.0193462 0.0268382 0.0310901 0.0222234 0.0267685 0.0264198 0.0248915 0.0262696 0.0209544 0.0147065 0.0151235 0.0111742 0.0146085 0.0101695 0.00746533 0.0049841 0.000199472 
0 2.30332e-05 0.000695767 0.0022535 0.00285391 0.00154136 0.00248673 0.00190835 0.00915905 0.0152853 0.0230952 0.0261916 0.0220415 0.0238476 0.0252153 0.0223597 0.0251842 0.025236 0.0285514 0.0267609 0.0185409 0.0184871 0.0204726 0.0229032 0.0160359 0.0207382 0.0235469 0.0232309 0.0283787 0.018745 0.0499209 0.0359564 0.0343864 0.035208 0.0279198 0.0495733 0.0702227 0.0317863 0.0205322 0.0230828 0.0226139 0.0222896 0.0236091 0.0207 0.0188027 0.0170118 0.0129734 0.0155493 0.0193539 0.0144529 0.0152787 0.0160827 0.0169856 0.019948 0.0221485 0.0252591 0.022842 0.0180059 0.0173708 0.0225887 0.0159341 0.0137399 0.0123804 0.0113296 0.0189313 0.019448 0.016222 0.0116834 0.000903944 
0 0.000428136 0.00553753 0.00956772 0.00877484 0.0114971 0.0102676 0.00695914 0.00854571 0.0165478 0.0247801 0.0196386 0.0149367 0.0268649 0.0271075 0.0192186 0.0172937 0.021975 0.0292556 0.0233201 0.0209119 0.0221683 0.0216015 0.018272 0.0182119 0.0230122 0.0257865 0.0301189 0.0189699 0.0173619 0.0214028 0.0241104 0.037238 0.0330682 0.0234357 0.0607984 0.0688692 0.0412618 0.023399 0.0205961 0.0194877 0.0216919 0.0148747 0.0166033 0.0199681 0.0192308 0.0136964 0.0134287 0.0233971 0.0152411 0.0166781 0.0148441 0.0135289 0.014104 0.0161137 0.0219044 0.018345 0.0185797 0.0191177 0.0218995 0.0238582 0.0190907 0.0170869 0.0121798 0.0154753 0.0240043 0.0234952 0.0128507 0.000730464 
0 0.00363243 0.0141961 0.0161028 0.0151508 0.0216046 0.0150707 0.0120057 0.00581167 0.0162563 0.0186808 0.0133332 0.0125578 0.0250487 0.0224432 0.0145864 0.0132249 0.0191548 0.0267977 0.0257013 0.0174796 0.0209295 0.0205534 0.0189871 0.0177146 0.0249442 0.0241863 0.0176134 0.0207359 0.0212698 0.0298096 0.0361441 0.0416023 0.0293257 0.0214478 0.0513374 0.0563586 0.0634256 0.0269107 0.0188387 0.0219423 0.0161228 0.0130057 0.0147905 0.0222387 0.024297 0.0169056 0.0144191 0.0160093 0.0114266 0.0175078 0.0141874 0.0128737 0.0120008 0.0138169 0.016116 0.0190017 0.0182127 0.0223389 0.0336255 0.0399507 0.0282098 0.0158342 0.0167537 0.0195616 0.0249992 0.0199571 0.0118398 0.000411842 
3.68931e-05 0.00643445 0.0139654 0.0173522 0.0136153 0.0179271 0.0173152 0.0172661 0.0131443 0.0100272 0.0166379 0.0115163 0.0146992 0.0188803 0.0223911 0.0142524 0.0187011 0.0184965 0.020834 0.0201597 0.018421 0.0195775 0.0198392 0.018982 0.0213098 0.0211701 0.0273049 0.0213259 0.0233385 0.0254006 0.0275512 0.0380448 0.0448229 0.0271126 0.0244077 0.0469972 0.0308594 0.0502782 0.0280439 0.0246243 0.0219873 0.0153011 0.00919422 0.0127889 0.0228341 0.0311723 0.0254869 0.0199494 0.016463 0.0149143 0.0155687 0.0169376 0.0144948 0.0110227 0.0173576 0.0244176 0.0189176 0.013927 0.0287278 0.03535 0.0456663 0.0344519 0.0249144 0.0211757 0.0235362 0.0253457 0.0164683 0.0068747 0.000124092 
3.83528e-05 0.00592674 0.0159455 0.0110257 0.0110306 0.0140715 0.0187805 0.0208723 0.0234884 0.0217673 0.0210255 0.0169655 0.0190117 0.0120623 0.012416 0.0233122 0.0282141 0.0269946 0.014141 0.0132983 0.0224283 0.0223385 0.0183555 0.0211977 0.0195464 0.021098 0.0246685 0.028892 0.031009 0.0267868 0.0228738 0.0199365 0.0246803 0.0260591 0.0317315 0.0422483 0.0271364 0.0305878 0.032061 0.0252008 0.0220693 0.0189266 0.0165948 0.0438709 0.0734564 0.0658504 0.0254459 0.0290993 0.018934 0.0114782 0.0123402 0.0147071 0.0141939 0.00936166 0.0161947 0.029452 0.0298128 0.022979 0.0269532 0.0282872 0.0314539 0.0330101 0.030397 0.0216343 0.0222939 0.0191817 0.0171883 0.0104243 0.000516074 
4.68127e-05 0.00489724 0.0123552 0.00877795 0.0113476 0.0118037 0.0227457 0.0228575 0.0290512 0.0260287 0.022341 0.027028 0.0277036 0.0184016 0.022025 0.025227 0.0220331 0.0205577 0.0173401 0.0163601 0.0259361 0.0228778 0.0191739 0.0183175 0.0161823 0.0195674 0.0218373 0.0286781 0.0292149 0.0269879 0.026962 0.0222749 0.0200188 0.0272824 0.032844 0.037744 0.0377246 0.0485216 0.0516282 0.0408365 0.0221963 0.0309526 0.0635415 0.0901591 0.0671738 0.0875563 0.0291699 0.0268876 0.0184487 0.0145799 0.0151136 0.0209491 0.0203339 0.0131677 0.0166914 0.0255581 0.0292176 0.0326469 0.0315658 0.0294245 0.0248246 0.0337213 0.0437182 0.0318944 0.0154136 0.00847134 0.0082246 0.00165352 2.20088e-06 
2.8733e-05 0.00595389 0.0145506 0.0107915 0.00889726 0.0107242 0.0190705 0.0242447 0.0272933 0.0214495 0.021048 0.0276143 0.0286115 0.0215977 0.0272534 0.0225316 0.0178314 0.0149505 0.0193131 0.02047 0.0207208 0.0177903 0.0186846 0.0179046 0.0172803 0.014234 0.0198872 0.0234803 0.0271752 0.0256383 0.0248012 0.0172943 0.0183045 0.023001 0.0234546 0.0328519 0.039251 0.0388256 0.0459364 0.0534762 0.0448504 0.0514296 0.0655102 0.0387038 0.0519887 0.0710612 0.0255335 0.0174025 0.0134096 0.0118496 0.0169099 0.0192214 0.0226166 0.0191135 0.0163158 0.0217183 0.0278856 0.0268217 0.0278807 0.0231749 0.0184271 0.0284681 0.0408168 0.0311675 0.0176619 0.00816847 0.00443225 0.000560909 0 
0.000109748 0.00855776 0.0174278 0.0184343 0.00674812 0.00971874 0.0102941 0.0139944 0.0188814 0.0130717 0.0195629 0.0285986 0.0153403 0.0148475 0.0185001 0.0191691 0.0202175 0.0256508 0.0261999 0.0199464 0.0195699 0.0251313 0.0317138 0.0294619 0.021948 0.0136026 0.0238869 0.0230879 0.0178156 0.0242185 0.0235664 0.0196387 0.018642 0.0261714 0.0224482 0.0300297 0.0341921 0.0383094 0.0258846 0.0237755 0.0464547 0.0511397 0.0530588 0.0444373 0.04875 0.0235053 0.0121031 0.0195615 0.0152024 0.0131824 0.0140399 0.0171591 0.0245341 0.0236041 0.0190348 0.0201913 0.0212612 0.0260442 0.0305643 0.0251992 0.0211503 0.0256141 0.0327623 0.0276621 0.00880846 0.00988518 0.00521095 0.00144586 0 
8.46605e-05 0.00765882 0.0125351 0.00787807 0.00640244 0.0142396 0.0217489 0.0225216 0.0224027 0.0138263 0.0186084 0.0269081 0.0197063 0.0169739 0.0120402 0.0191848 0.0318115 0.031004 0.0246988 0.0254879 0.0219967 0.0215723 0.0259438 0.0314073 0.0223332 0.0175041 0.0236722 0.0232815 0.0197559 0.0210947 0.0251729 0.0181158 0.0182357 0.0189625 0.0175964 0.025435 0.0383352 0.0399391 0.0202222 0.0216769 0.031053 0.0618795 0.0871708 0.0494784 0.0222542 0.0109775 0.0119431 0.0141692 0.0113874 0.0148595 0.0145565 0.0146724 0.0202828 0.0262541 0.026066 0.0239731 0.0268542 0.0324457 0.0285099 0.0264572 0.0257872 0.0236286 0.0237455 0.0234646 0.00916388 0.00991345 0.00591395 0.00212766 0.000175113 
1.69535e-05 0.00710916 0.00972231 0.00806183 0.0103074 0.0213179 0.0268177 0.0248925 0.0217419 0.0164038 0.0172475 0.0251457 0.0218299 0.0231763 0.0157715 0.0168182 0.0275895 0.0230684 0.0264574 0.0267785 0.0240919 0.0236418 0.0235987 0.0237899 0.0268066 0.0197843 0.020062 0.0228543 0.0216022 0.0203148 0.024608 0.0265968 0.0245422 0.0216952 0.0244496 0.0372278 0.0519512 0.0348555 0.0178124 0.0185487 0.0184829 0.0394827 0.0336416 0.0241143 0.0184123 0.0104546 0.0139418 0.0154546 0.0138627 0.0167745 0.0155892 0.0125431 0.0149994 0.0297857 0.0491955 0.0397133 0.025228 0.0323388 0.0231551 0.0198618 0.0278492 0.0248742 0.0193949 0.015474 0.0103305 0.00834463 0.0130765 0.00890224 0.000926666 
0 0.0004752 0.00249613 0.00479042 0.00605824 0.0212615 0.0214489 0.0222047 0.0194036 0.0179857 0.0172302 0.0217145 0.0267578 0.0226059 0.0181283 0.0216353 0.0234382 0.0283458 0.0291607 0.0240888 0.0189777 0.022969 0.0256359 0.0251422 0.0289814 0.0264948 0.016183 0.0234707 0.018348 0.0165054 0.0289601 0.0266671 0.0278508 0.0259027 0.0259271 0.0368869 0.0370468 0.0180172 0.0130115 0.0153405 0.0150009 0.0185332 0.0288483 0.0193819 0.0228817 0.0157206 0.016305 0.0158986 0.0218916 0.0189735 0.0182126 0.0154702 0.0170162 0.0325876 0.0681905 0.0539391 0.0268974 0.0217607 0.0188154 0.0207336 0.0291866 0.0262228 0.0161969 0.0081397 0.0100403 0.00749352 0.00592463 0.00607828 0.000673587 
0 7.56592e-05 0.00176958 0.00371192 0.0018928 0.0107089 0.0216861 0.0247809 0.0243644 0.0164514 0.018408 0.0225885 0.0218384 0.0210941 0.0240552 0.0218954 0.0202426 0.0247277 0.0301163 0.0234597 0.0161583 0.0208935 0.0227553 0.0235729 0.0231248 0.0270549 0.0169135 0.0213844 0.0166704 0.016094 0.025737 0.0301357 0.020367 0.0193818 0.0125575 0.0187333 0.0233185 0.015628 0.0166556 0.0215602 0.0177767 0.0222846 0.0299471 0.0173349 0.0240957 0.0174649 0.0184321 0.0124084 0.0198147 0.0225549 0.0218517 0.0172687 0.014267 0.0246405 0.0364658 0.0438908 0.0317013 0.0252656 0.0246608 0.0231842 0.0272248 0.0218696 0.0184194 0.00877403 0.0089878 0.00706428 0.00645374 0.00786484 0.000650404 
0 0 0.000125161 0.000180065 0.000286375 0.0021506 0.0178913 0.0215451 0.0218129 0.0158257 0.016032 0.0199301 0.0293878 0.0297472 0.0293178 0.0270382 0.0230812 0.0218813 0.0225956 0.0164643 0.011828 0.0193802 0.0232711 0.0215765 0.0225209 0.0215585 0.0203681 0.0297807 0.022324 0.0115204 0.0152984 0.0179464 0.0242076 0.0192574 0.0147573 0.0198176 0.012597 0.0133467 0.0144764 0.0161968 0.0154788 0.027937 0.0322131 0.0226626 0.026171 0.0185017 0.0200387 0.0153641 0.0167847 0.0226129 0.021153 0.0172918 0.0146927 0.0178838 0.0192771 0.0285876 0.0271673 0.0249629 0.0233382 0.0235043 0.0220021 0.0220007 0.0222072 0.0159318 0.00302484 0.00427244 0.0124744 0.0179243 0.00808169 
1.01947e-05 0 0.000924942 0.00560508 0.00800779 0.00418048 0.0106571 0.0236396 0.0252554 0.0216963 0.0241967 0.0206655 0.0300735 0.03546 0.0339053 0.0203372 0.0175061 0.0127519 0.014001 0.0108932 0.0102194 0.0157027 0.0215194 0.0233327 0.0252798 0.0280272 0.0302814 0.0340475 0.0241468 0.0156027 0.0157545 0.0172665 0.0210578 0.0246374 0.0313495 0.0237909 0.0154589 0.0150662 0.016187 0.0133115 0.0146619 0.0306977 0.0277427 0.0241191 0.0234588 0.0206224 0.0189132 0.0231729 0.0275049 0.0231028 0.028444 0.0268058 0.0140593 0.015926 0.0158395 0.027536 0.0307704 0.021623 0.0167211 0.0281471 0.0268038 0.02559 0.0163707 0.0133161 0.0101842 0.0170556 0.0214571 0.0188614 0.00471628 
4.41094e-06 0.000286218 0.00868001 0.0163257 0.0181408 0.00998227 0.00921905 0.0218198 0.0235521 0.0181922 0.015138 0.0227885 0.0316162 0.0367897 0.0363763 0.0220252 0.0165599 0.0133677 0.0125219 0.0103305 0.0116824 0.0184623 0.0165035 0.0152629 0.017979 0.0198566 0.0183388 0.0140446 0.017662 0.0130019 0.012317 0.0151074 0.0146498 0.0245435 0.041086 0.0360977 0.0227333 0.0121666 0.0134931 0.0131457 0.0176167 0.0326038 0.0241334 0.0212375 0.0200286 0.0228052 0.0285588 0.0259164 0.0245729 0.0309795 0.0275854 0.0233797 0.0165039 0.0236514 0.0321981 0.0297781 0.0294264 0.0228195 0.0295192 0.0435344 0.0281375 0.02278 0.0196165 0.0172149 0.0223929 0.031655 0.0265063 0.017696 0.00308117 
0 0.00300385 0.0146778 0.0182407 0.0189786 0.0123955 0.0102135 0.0174034 0.0179918 0.00997453 0.0189377 0.0216326 0.0244651 0.02725 0.0216083 0.0244063 0.0153477 0.010643 0.0131277 0.0101694 0.0155313 0.0232637 0.0201322 0.0132981 0.0143686 0.0175905 0.0213388 0.0117051 0.0127368 0.0128284 0.0113175 0.0178217 0.0144209 0.0239722 0.0321541 0.0267352 0.018605 0.0134553 0.0136887 0.0162928 0.0325833 0.038553 0.0248994 0.0238709 0.0194625 0.0304925 0.0288054 0.026437 0.0254007 0.023268 0.0166608 0.0103601 0.0147709 0.0235577 0.0334425 0.0284056 0.0232506 0.0285757 0.035866 0.0572442 0.0333032 0.0222101 0.0246232 0.0293869 0.0328936 0.0345979 0.0243522 0.0100129 0.00302131 
0 0.00178037 0.0118192 0.0221521 0.0181286 0.0139172 0.0164419 0.0229042 0.0121404 0.00844225 0.0182118 0.0184045 0.0236477 0.0191138 0.0177102 0.0176286 0.0154361 0.0116865 0.0116313 0.017355 0.0213572 0.0201366 0.0212734 0.0156434 0.018243 0.019348 0.0157069 0.0153617 0.0123758 0.0157748 0.018653 0.0183748 0.0126265 0.0198993 0.0201057 0.0159206 0.0168834 0.019369 0.0140901 0.0357737 0.0549305 0.0363702 0.0311282 0.0252123 0.0175138 0.0270633 0.0277618 0.0210696 0.018643 0.00980767 0.0049309 0.00890511 0.0125521 0.020028 0.0313768 0.0328083 0.0285828 0.024663 0.0255852 0.0283977 0.02111 0.015182 0.0191738 0.0250716 0.0369808 0.0313002 0.0272396 0.00984838 0.00111994 
0 0.000495484 0.00569325 0.0152742 0.0142214 0.0164767 0.0155051 0.0164054 0.00889282 0.0118606 0.0161182 0.0168353 0.0190414 0.0125454 0.0117638 0.0145958 0.014381 0.0100295 0.0112022 0.0180686 0.0202398 0.0210189 0.0240142 0.0188871 0.0164612 0.0156443 0.0129332 0.013841 0.00771561 0.0120646 0.0179382 0.0189077 0.0165574 0.0163416 0.0177738 0.0129382 0.0137986 0.0155436 0.012742 0.0260368 0.0304545 0.0270079 0.0319664 0.0193582 0.017987 0.024009 0.0261741 0.0299143 0.0297708 0.0141698 0.012652 0.0089653 0.0144576 0.0205647 0.0158029 0.0220081 0.0245439 0.0255853 0.0288485 0.024603 0.0151787 0.016273 0.020976 0.0212859 0.0320028 0.0297701 0.0359196 0.0107707 0.000986608 
0 0.000104224 0.00540769 0.0221463 0.0255235 0.0216297 0.0137999 0.0136123 0.00815607 0.00638466 0.00992503 0.0129449 0.0121289 0.00984148 0.0148141 0.0158861 0.0154459 0.0113997 0.0107546 0.0175668 0.0235272 0.0174981 0.0158639 0.0170838 0.0173585 0.0173108 0.0117041 0.0148736 0.0180649 0.014559 0.0211382 0.0133704 0.0156559 0.0202196 0.0174661 0.0139545 0.0153118 0.0134695 0.018544 0.023049 0.0218605 0.0206151 0.0208012 0.0219133 0.0199997 0.0232554 0.0351116 0.0328568 0.0286449 0.0227325 0.0175847 0.0177929 0.0122539 0.0185525 0.0167156 0.0186471 0.0232072 0.0281282 0.0297158 0.024932 0.0111849 0.0149822 0.0207268 0.0202564 0.0157415 0.0112457 0.012893 0.00773526 2.2591e-05 
0 0 0.00326902 0.0168103 0.0227222 0.0180013 0.0093115 0.00865148 0.00269834 0.00112532 0.0053269 0.00607612 0.00819861 0.0112051 0.0111167 0.0153538 0.0209041 0.0200612 0.0183831 0.0257319 0.0217772 0.0124893 0.0126383 0.0143289 0.0101002 0.0143488 0.0144134 0.0122968 0.0154745 0.013108 0.020856 0.0163076 0.0121872 0.0214534 0.0198826 0.0167747 0.0158659 0.0235992 0.0150658 0.0212036 0.0239459 0.0222478 0.0177574 0.0168355 0.0198502 0.0246894 0.0265783 0.02228 0.0150428 0.0178614 0.0157211 0.0186881 0.00903212 0.010627 0.0181111 0.0164611 0.0153962 0.0190568 0.02011 0.0140398 0.00662484 0.0147635 0.0133689 0.00393695 0.00131509 0.00127482 0.00352435 0.000531826 0 
0 0 0.000289234 0.0108238 0.0183437 0.0206617 0.010557 0.00493418 0.00303296 2.48562e-05 0.000619875 0.00437471 0.00911254 0.0138 0.0113693 0.0144044 0.0188539 0.0170024 0.017168 0.0214438 0.0284134 0.0306741 0.0170504 0.0164013 0.0159555 0.018095 0.0156852 0.0143233 0.0122072 0.00975971 0.011106 0.0134914 0.0132461 0.014319 0.0219514 0.0146248 0.0132621 0.0244608 0.016864 0.0230897 0.0296327 0.0248923 0.019324 0.0131318 0.0167002 0.0193441 0.0182983 0.011528 0.0119983 0.0147266 0.0193662 0.0170131 0.00903498 0.00570973 0.00788332 0.00679019 0.00676772 0.0123594 0.0113024 0.00476112 0.0047719 0.0112706 0.0081469 0.00224724 0.000667482 0.000613288 0.00179674 0.000259341 0 
0 0 0.000201813 0.00761626 0.0201353 0.0202122 0.0113868 0.00565417 0.00323402 0.00235112 0.00342011 0.00394887 0.0106054 0.0157081 0.0142072 0.0131274 0.0099615 0.014859 0.0194447 0.024412 0.0144127 0.0163578 0.013984 0.0135396 0.0147152 0.0164302 0.0175847 0.01843 0.0151122 0.0139998 0.0207573 0.0212654 0.011533 0.0101911 0.0254602 0.0199944 0.0182348 0.0238484 0.0202852 0.0194571 0.0193603 0.0207293 0.0216567 0.0143663 0.01596 0.0176489 0.017758 0.0152768 0.019338 0.0191772 0.0153718 0.0154538 0.0170922 0.00694557 0.00651603 0.00534169 0.00598345 0.00835048 0.0133448 0.0104332 0.00945201 0.0160644 0.0120609 0.00364564 0.000841828 0.000394353 0.000123981 0 0 
0 0 0 0.000492246 0.0101154 0.0225286 0.0243306 0.0115894 0.0042612 0.00397018 0.00772894 0.00680935 0.00951903 0.00948979 0.0116627 0.0095015 0.00767396 0.00901137 0.0142081 0.0202601 0.0173087 0.0223273 0.0170012 0.016023 0.012339 0.0167061 0.0159411 0.0206972 0.019873 0.0161809 0.0176492 0.015826 0.015534 0.0158977 0.0213045 0.0195767 0.0164376 0.0209364 0.0238038 0.0239583 0.0224978 0.0183203 0.0263666 0.0291407 0.0222157 0.0175803 0.0165032 0.0264488 0.029261 0.0210863 0.0210413 0.0189932 0.0228394 0.0161555 0.018164 0.0258481 0.0205812 0.00276983 0.00848225 0.0135732 0.016041 0.0209253 0.0147781 0.0148213 0.00102307 0 0 0 0 
0 0 0 0 0.00375933 0.0197838 0.0185605 0.0104405 0.00395753 0.0028563 0.0221167 0.0194335 0.0105282 0.00471358 0.00844406 0.00890504 0.0108581 0.0147024 0.0133807 0.0152441 0.0156155 0.0177752 0.0127333 0.0121583 0.0146507 0.0149612 0.0175128 0.017376 0.0192151 0.0186928 0.0144262 0.0128226 0.0153118 0.020397 0.0175807 0.0166195 0.0222626 0.0172615 0.0187715 0.0194514 0.0218547 0.02051 0.0283126 0.0246817 0.0207203 0.0200611 0.0159179 0.0537598 0.09735 0.0246912 0.0192477 0.0160384 0.0178277 0.0164599 0.0207626 0.0245244 0.020366 0.00497672 0.00427492 0.00772704 0.0141495 0.0162396 0.0169948 0.011752 0.0013289 0 0 0 0 
0 0 0 0 0.00232873 0.0179376 0.0234969 0.0188887 0.00841276 0.00747883 0.0140451 0.0138317 0.00767929 0.00438002 0.00841397 0.00944117 0.0133583 0.0190145 0.0178261 0.0177113 0.0186565 0.0163906 0.0158966 0.0146803 0.0161407 0.0167484 0.0182778 0.0184898 0.0161847 0.0105866 0.00968808 0.0114938 0.0116726 0.0192806 0.0143769 0.013707 0.0171396 0.0129571 0.0146371 0.020203 0.0158074 0.0207549 0.0223713 0.0154606 0.0166516 0.0226436 0.0148244 0.0232665 0.0293674 0.0193281 0.0202383 0.0178651 0.0187392 0.0150078 0.0158067 0.01385 0.0125864 0.00812288 0.00583257 0.00382692 0.00473357 0.0122106 0.0149525 0.00834864 0.00340685 0 0 0 0 
0 0 0 0 0.000623686 0.011675 0.021006 0.0199598 0.0145809 0.00599846 0.00671741 0.00463651 0.00960833 0.00476398 0.00612013 0.0112248 0.00728464 0.0142123 0.0130922 0.0225702 0.0286432 0.020678 0.0156958 0.0180498 0.0123045 0.0182829 0.0203572 0.0226161 0.0159535 0.0114513 0.0123855 0.0180184 0.0186975 0.0181777 0.0127491 0.0152024 0.0135053 0.0117538 0.0163958 0.0178446 0.0160409 0.0206543 0.0195114 0.0194509 0.0185559 0.0172514 0.0191034 0.0190544 0.0186402 0.0170404 0.0189561 0.0183021 0.0255249 0.0183067 0.013816 0.0132808 0.0125411 0.00828257 0.00436595 0.00406846 0.0116424 0.0229101 0.0244626 0.0143511 0.00862578 1.57727e-05 0 0 0 
0 0 0 0 0 0.00082814 0.00626646 0.0105614 0.019055 0.0111917 0.00795235 0.00378285 0.0070977 0.004491 0.00970054 0.0152795 0.012757 0.0136623 0.0142928 0.0206307 0.027148 0.0240683 0.0215573 0.0125485 0.0166678 0.0203622 0.0193651 0.0210446 0.0190231 0.0129257 0.0136796 0.0145588 0.0180726 0.0189147 0.0186667 0.0148547 0.0142302 0.0196958 0.0205941 0.0181982 0.0149853 0.0141885 0.0199029 0.0285098 0.0273778 0.0181023 0.0180237 0.0170487 0.0184065 0.019309 0.0174206 0.0166284 0.0207845 0.0172031 0.0166209 0.0142432 0.0123388 0.00830704 0.00520609 0.00847057 0.0108415 0.0160823 0.0180073 0.00809809 0.00215138 4.38256e-06 0 0 0 
0 0 0 0 0 0 2.44082e-05 0.00168451 0.0122845 0.0174665 0.00921988 0.00658852 0.00168322 0.00381212 0.00701534 0.0134929 0.0154571 0.0212928 0.0179417 0.0155223 0.0237102 0.0195598 0.0150779 0.0140907 0.0164309 0.0251741 0.0193773 0.0264831 0.0160442 0.0146936 0.0197554 0.0174743 0.0217174 0.0217365 0.0199777 0.0152173 0.0194398 0.0193116 0.0236106 0.0182204 0.0205823 0.0211481 0.0170621 0.0239674 0.0204239 0.0161294 0.0183496 0.0171457 0.0188175 0.017555 0.0139236 0.00835388 0.013926 0.0124304 0.02053 0.0138788 0.0107164 0.00842214 0.00542568 0.00862374 0.012029 0.00857874 0.00549918 0.00115318 0 0 0 0 0 
0 0 0 0 0 0 0 5.81848e-05 0.000878313 0.00746325 0.00864276 0.00112725 0.000834762 0.0035646 0.0092899 0.0229408 0.0233571 0.0201277 0.0169192 0.0169554 0.0148016 0.0216642 0.0193732 0.0231556 0.0193775 0.0229565 0.0285991 0.0374531 0.0218258 0.0168919 0.0212255 0.0194201 0.0226636 0.0191164 0.017777 0.0142969 0.018796 0.0238384 0.0227406 0.0185862 0.0177594 0.0191563 0.0168708 0.0209463 0.0161571 0.0187392 0.0188696 0.0270842 0.026641 0.0244114 0.00814493 0.00335762 0.0112267 0.00986637 0.013535 0.0143965 0.0131549 0.01222 0.0090324 0.0127906 0.0136353 0.0102218 0.000735621 0 0 0 0 0 0 
0 0 0 0 0 0 0 0 0 0.000580382 0.00116616 5.16326e-05 0.00129774 0.0040732 0.00704561 0.0227701 0.0259625 0.0189289 0.0182133 0.0253795 0.021829 0.0275522 0.0283698 0.0249046 0.0226516 0.0264425 0.0294753 0.0316659 0.0232557 0.0211197 0.0150236 0.0176837 0.0183665 0.0201383 0.0192201 0.0238211 0.0210593 0.0228695 0.024633 0.0175315 0.0167744 0.0189969 0.0174214 0.0189149 0.0221684 0.0242346 0.0276408 0.0261164 0.0210031 0.0204555 0.00911945 0.00635544 0.00623897 0.010557 0.0126622 0.0125541 0.0105927 0.0104856 0.00929337 0.0147817 0.014988 0.00671204 0.000143191 0 0 0 0 0 0 
0 0 0 0 0 0 0 0 0 0 0 0 2.05528e-05 0.000651023 0.00198499 0.0120476 0.0220853 0.0124988 0.0286585 0.0264094 0.0166422 0.0162807 0.0206992 0.0221252 0.021326 0.025014 0.0208862 0.0145099 0.00852847 0.0136357 0.0194685 0.0146068 0.0168222 0.0184578 0.0267426 0.0208547 0.0172165 0.0181192 0.0215755 0.0198955 0.0206576 0.0227507 0.0196827 0.0227231 0.0278678 0.0485585 0.0411073 0.0251165 0.0243448 0.0183631 0.0119234 0.012452 0.0103926 0.0142236 0.0127612 0.0123356 0.0127076 0.0112779 0.0077847 0.0124997 0.00494815 0.00122256 0 0 0 0 0 0 0 
0 0 0 0 0 0 0 0 0 0 0 0 0 2.06189e-05 0.00138766 0.00995186 0.0137449 0.0109516 0.0233806 0.017842 0.0152136 0.0144804 0.0214845 0.0219688 0.016759 0.0218342 0.0139289 0.00248129 0.00221023 0.00881447 0.0195428 0.0144037 0.0158561 0.0154568 0.0252038 0.0187328 0.017385 0.0186065 0.0246196 0.0243512 0.0302749 0.0227034 0.0213633 0.0261461 0.0300096 0.0880803 0.0595766 0.0258263 0.0215725 0.0164646 0.0106029 0.011995 0.0127479 0.0138963 0.017407 0.0187925 0.0173192 0.0164806 0.0124695 0.00737019 0.000914769 3.44197e-05 0 0 0 0 0 0 0 
0 0 0 0 0 0 0 0 0 0 0 0 0 0 0.00092833 0.00842071 0.0191483 0.0193435 0.0207205 0.0154757 0.0128355 0.0152523 0.0246458 0.0215819 0.0157943 0.0117885 0.00852806 0.000914967 0.00222396 0.00780567 0.0120712 0.0180242 0.0104392 0.0202026 0.0213391 0.0197692 0.0192983 0.0230949 0.0324315 0.0273727 0.0361923 0.0263844 0.0203222 0.0172576 0.0202842 0.0309658 0.0299376 0.0238784 0.0226592 0.0174565 0.011951 0.0201253 0.0168237 0.0164731 0.0131322 0.0111726 0.0134416 0.0187763 0.0169066 0.00538058 0.000274061 0 0 0 0 0 0 0 0 
0 0 0 0 0 0 0 0 0 0 0 0 0 0 0.000700325 0.00391011 0.0138638 0.0153958 0.0202934 0.0119063 0.0109471 0.0102668 0.0215831 0.0194123 0.0139139 0.0107796 0.00714595 0.00739455 0.0151106 0.00429645 0.00642073 0.0121677 0.0131511 0.0195032 0.0218778 0.0253002 0.0203107 0.0242441 0.0332039 0.0335601 0.0357449 0.0258902 0.0241865 0.0196703 0.0197427 0.0245113 0.0230727 0.0240098 0.0262357 0.0218016 0.0161858 0.0184387 0.0178646 0.0152758 0.0124505 0.0133792 0.00893241 0.0102907 0.00683403 0.00133266 0 0 0 0 0 0 0 0 0 
0 0 0 0 0 0 0 0 0 0 0 0 0 0 9.8933e-05 0.00193388 0.00689873 0.00707572 0.0101256 0.0110492 0.0105488 0.0158414 0.0190303 0.0148943 0.0106247 0.00997101 0.00630867 0.0313113 0.0591027 0.0106535 0.00573998 0.00647413 0.0151506 0.0168425 0.0151316 0.0168052 0.020613 0.0237276 0.0281957 0.0290178 0.0268039 0.0211805 0.0289544 0.0219235 0.0193524 0.0257698 0.0235286 0.0136417 0.0222994 0.0221421 0.0254102 0.0191084 0.0100222 0.0132003 0.0147696 0.0129849 0.00669286 0.00229685 0.000244276 0 0 0 0 0 0 0 0 0 0 
0 0 0 0 0 0 0 0 0 0 0 0 0 0 0.000641834 0.00622896 0.0102822 0.0089179 0.00959083 0.0104918 0.0107569 0.0181263 0.018358 0.0188769 0.0112454 0.0112915 0.00816077 0.0141004 0.020317 0.00734488 0.00602367 0.00322992 0.00150139 0.00236901 0.00773722 0.0155498 0.0225402 0.028507 0.027864 0.0225126 0.0227404 0.0254904 0.0412995 0.0389896 0.0215512 0.0206561 0.0216376 0.0175026 0.0152696 0.0223144 0.0280271 0.0246644 0.00660434 0.00658375 0.00775072 0.00200407 0.000285378 0.000100399 0 0 0 0 0 0 0 0 0 0 0 
0 0 0 0 0 0 0 0 0 0 0 0 0 0 0.000214027 0.00208951 0.00809515 0.00861413 0.00682069 0.0112844 0.0131526 0.0144495 0.00973851 0.01771 0.0183763 0.0196483 0.0100182 0.00392072 0.00410734 0.00425341 0.00302457 0.00299625 0.00035472 0.00197096 0.0155045 0.01904 0.0162506 0.0265356 0.0273957 0.0219752 0.0238192 0.0209945 0.023785 0.0272099 0.0234027 0.02789 0.025044 0.0231583 0.020819 0.0230342 0.0324262 0.0223663 0.00465445 0.00275487 0.00108569 5.26998e-05 0 0 0 0 0 0 0 0 0 0 0 0 0 
0 0 0 0 0 0 0 0 0 0 0 0 0 0 0 4.53647e-05 0.00159706 0.00222342 0.00684378 0.0109276 0.00572925 0.00329267 0.00237436 0.0133094 0.0195152 0.0149692 0.0101731 0.00863532 0.00617019 0.00468671 0.00224472 0.00198137 0.000466087 0.00328345 0.0215974 0.0252208 0.0180359 0.0179841 0.0194321 0.0191961 0.0198631 0.0183087 0.0195707 0.0192122 0.0258706 0.0257981 0.0235803 0.0297246 0.0268701 0.029065 0.0256952 0.0142358 0.00254865 0.000162043 0 0 0 0 0 0 0 0 0 0 0 0 0 0 0 
0 0 0 0 0 0 0 0 0 0 0 0 0 0 0 0 0 0.000230365 0.000811817 0.00170671 0.000720458 0.00138748 0.00223431 0.0112764 0.0133239 0.0190125 0.0220772 0.0147058 0.00279287 0.000210496 0.000479213 0.000597993 0.000599084 0.00400803 0.017593 0.0227091 0.0140362 0.00958876 0.0151672 0.0149459 0.0135431 0.0169528 0.0165403 0.0274762 0.0214869 0.0249091 0.0276637 0.0239873 0.019433 0.0202577 0.00871168 0.00155367 2.00842e-05 0 0 0 0 0 0 0 0 0 0 0 0 0 0 0 0 
0 0 0 0 0 0 0 0 0 0 0 0 0 0 0 0 0 0 0 0 0.000616691 0.00141238 0.00339199 0.00913765 0.0230558 0.0268426 0.0238651 0.0121854 0.00168463 6.95574e-05 8.41778e-05 5.61537e-05 0.00383737 0.0116144 0.0190217 0.0177114 0.0153482 0.017581 0.0165087 0.0170568 0.0147068 0.0163897 0.015399 0.024116 0.0265659 0.0261001 0.0218785 0.0128229 0.00781712 0.00166918 0.000352105 0 0 0 0 0 0 0 0 0 0 0 0 0 0 0 0 0 0 
0 0 0 0 0 0 0 0 0 0 0 0 0 0 0 0 0 0 0 0 0 0.00059255 0.00271271 0.0063905 0.0211093 0.0184354 0.0112881 0.00597897 0.000546957 0.000260051 0.000624035 0.00290867 0.0105992 0.00946312 0.0145779 0.0203933 0.0237561 0.0237674 0.0156516 0.0102718 0.0157711 0.0227729 0.0169565 0.0132197 0.019193 0.0166255 0.00873547 0.00478347 0.000978643 0 0 0 0 0 0 0 0 0 0 0 0 0 0 0 0 0 0 0 0 
0 0 0 0 0 0 0 0 0 0 0 0 0 0 0 0 0 0 0 0 0 0 0 0.000626965 0.0051079 0.00197839 0.000134241 7.36823e-05 0.000317667 0.00108285 0.000418507 0.00255356 0.00489699 0.00532342 0.00881353 0.0133325 0.0146849 0.00965192 0.00615487 0.0055312 0.0126763 0.0134774 0.0113503 0.00611646 0.00604381 0.00502542 0.000580333 0.000138045 0 0 0 0 0 0 0 0 0 0 0 0 0 0 0 0 0 0 0 0 0 
0 0 0 0 0 0 0 0 0 0 0 0 0 0 0 0 0 0 0 0 0 0 0 0 0 0 0 0 0 0.000108766 0.000118891 6.18898e-05 1.82847e-05 0.00107959 0.00190896 0.000843893 0.00137906 0.000907821 0.000412012 0.000436236 0.00159974 0.00237781 0.00103857 0.000619906 2.84356e-05 2.32268e-06 0 0 0 0 0 0 0 0 0 0 0 0 0 0 0 0 0 0 0 0 0 0 0 

