0 0 0 0 0 0 0 0 0 0 0 0 0 0 0 0 0 0 0 0 0 0 0 0 0 0 0 0 0 0 2.17895e-05 1.01439e-07 0 0.000107808 9.5564e-05 0.000360983 6.07816e-05 3.61571e-05 2.4004e-06 0.000114343 1.69636e-05 0 0 0 0 0 0 0 0 0 0 0 0 0 0 0 0 0 0 0 0 0 0 0 0 0 0 0 0 
0 0 0 0 0 0 0 0 0 0 0 0 0 0 0 0 0 0 0 0 0 0 0 0 0 0 0.000127919 2.31184e-05 0 0.00109795 0.00274773 0.00155099 0.00140637 0.00646141 0.0113662 0.0120854 0.00923813 0.00528534 0.00408648 0.00591045 0.00385053 0.000106371 0.000141001 4.61253e-05 0 0 0 0 0 0 0 0 0 0 0 0 0 0 0 0 0 0 0 0 0 0 0 0 0 
0 0 0 0 0 0 0 0 0 0 0 0 0 0 0 0 0 0 0 0 0 0 1.66767e-05 3.93778e-05 0.000317721 0.00372285 0.00437468 0.000452642 5.18054e-05 0.00152875 0.0058787 0.00797986 0.00632186 0.0133178 0.0193509 0.0250321 0.0229887 0.0215374 0.0204386 0.0279185 0.0158536 0.00691107 0.00180086 0.00105373 0.000181784 0.000596105 0 0 0 0 0 0 0 0 0 0 0 0 0 0 0 0 0 0 0 0 0 0 0 
0 0 0 0 0 0 0 0 0 0 0 0 0 0 0 0 0 0 0 0 0 0.000629963 0.00464641 0.00662091 0.0107446 0.0182752 0.013158 0.00301798 0.000839174 0.00177241 0.00929559 0.0176594 0.0143534 0.0143585 0.0188963 0.0227294 0.0263957 0.0216918 0.0244718 0.0248687 0.0218147 0.0144498 0.00210831 0.000916224 0.002137 0.00378414 0.00139186 5.38468e-05 0 0 0 0 0 0 0 0 0 0 0 0 0 0 0 0 0 0 0 0 0 
0 0 0 0 0 0 0 0 0 0 0 0 0 0 0 0 0 0 0 0 0.00126872 0.00777124 0.0135769 0.0197477 0.0199808 0.0356891 0.0241276 0.011715 0.00580684 0.00812397 0.0152052 0.0215956 0.016959 0.0143907 0.0236948 0.0256001 0.0152505 0.0175951 0.0219037 0.0195528 0.0188821 0.0187744 0.00934713 0.00908789 0.0112656 0.00710033 0.00162326 0.00179805 0.00192399 0.00102166 0.000282028 0.000253531 0 0 0 0 0 0 0 0 0 0 0 0 0 0 0 0 0 
0 0 0 0 0 0 0 0 0 0 0 0 0 0 0 0 1.94327e-06 0.000549993 0.000543428 0.000975821 0.00723265 0.0116784 0.0207384 0.0270563 0.0243689 0.0264325 0.020903 0.0188244 0.0175399 0.018215 0.018149 0.0218329 0.019263 0.0131098 0.0218531 0.0265039 0.0185786 0.0162056 0.0195841 0.0180634 0.0200859 0.0199393 0.0143184 0.0175125 0.0263278 0.0144886 0.00692717 0.00439496 0.00835937 0.00593395 0.00234723 0.00290798 0.000924645 0 0 0 0 0 0 0 0 0 0 0 0 0 0 0 0 
0 0 0 0 0 0 0 0 0 0 0 0 0 0 0 0.000307783 0.0032413 0.00345199 0.0022788 0.00263632 0.0129465 0.023102 0.0254733 0.0275217 0.028741 0.0220852 0.0168768 0.0227957 0.0159732 0.0151599 0.0207407 0.0192968 0.0203568 0.0120407 0.0153246 0.0233807 0.0238904 0.0163175 0.0174372 0.0174355 0.0203198 0.0240801 0.0223254 0.0174694 0.0217296 0.0254234 0.0209115 0.00972336 0.0116117 0.0175961 0.0131693 0.00932362 0.00579261 0.00184083 0.000165532 0 0 0 0 0 0 0 0 0 0 0 0 0 0 
0 0 0 0 0 0 0 0 0 0 0 0 0 0 0.00121911 0.0101736 0.0183905 0.0100643 0.00849487 0.016307 0.0221792 0.0238249 0.0257485 0.0392906 0.040428 0.0257772 0.0149369 0.0218318 0.0185163 0.0188802 0.0239472 0.0270683 0.0220205 0.014959 0.0169764 0.015811 0.0174348 0.0153339 0.0188242 0.0190844 0.0214061 0.0283591 0.0248685 0.0212813 0.0206317 0.0213743 0.0222629 0.0184032 0.0214265 0.0192157 0.0119087 0.0159326 0.0151749 0.00852435 0.00283052 0.000534782 0 0 0 0 0 0 0 0 0 0 0 0 0 
0 0 0 0 0 0 0 0 0 0 0 0 0 1.40161e-05 0.00359151 0.0160217 0.0197039 0.0170361 0.0192409 0.0190744 0.0254485 0.0210403 0.0201083 0.0213243 0.0208945 0.0156286 0.0133834 0.0203145 0.0197567 0.030453 0.0261349 0.03079 0.0261902 0.0217301 0.0227988 0.0220285 0.0211029 0.0207074 0.019275 0.0136846 0.0222606 0.0237021 0.0194314 0.0224191 0.0195481 0.0264303 0.0260119 0.0195257 0.0251183 0.0235214 0.0108092 0.0205464 0.0240562 0.0145607 0.00848578 0.00368304 0.00160913 0.000175855 0 0 0 0 0 0 0 0 0 0 0 
0 0 0 0 0 0 0 0 0 0 0 0 0.000464161 0.000661243 0.00815652 0.0192214 0.0271362 0.0226461 0.0166362 0.0174415 0.0193495 0.018308 0.0278863 0.0201827 0.0193682 0.0180927 0.0256674 0.0299546 0.0172216 0.0208673 0.0229342 0.0243142 0.0249201 0.0220572 0.0153417 0.0237854 0.0194303 0.0182055 0.0165019 0.021198 0.028047 0.0193969 0.0142582 0.0161875 0.0206471 0.0229082 0.0271465 0.0182382 0.00887345 0.0141164 0.00718509 0.00865017 0.0144149 0.0151006 0.0115912 0.00864932 0.00666939 0.0043873 0.000178001 0 0 0 0 0 0 0 0 0 0 
0 0 0 0 0 0 0 0 0 0 0.000133571 0.00166649 0.00223875 0.00227316 0.00598565 0.0150916 0.0209639 0.0179878 0.0197232 0.0234718 0.0213112 0.0214079 0.0261549 0.0185438 0.0146472 0.0208034 0.0294914 0.0205444 0.0149708 0.015981 0.0190232 0.0196841 0.0242927 0.0251025 0.0211663 0.0256209 0.0191671 0.0202505 0.0150494 0.0185443 0.0268046 0.0175213 0.011971 0.0109471 0.020686 0.0193032 0.0211281 0.0136255 0.0141536 0.0175535 0.0120035 0.0030146 0.00572628 0.0116122 0.0100451 0.0149754 0.011581 0.00912936 0.00214792 0.000131708 0 0 0 0 0 0 0 0 0 
0 0 0 0 0 0 0 0 0 0.00026014 0.0051861 0.0159885 0.0141193 0.0108192 0.0162538 0.017635 0.0183071 0.0234203 0.0271152 0.0250655 0.0215241 0.0169396 0.0171649 0.0205115 0.021689 0.0235057 0.0250627 0.020638 0.018011 0.0110633 0.012369 0.0176838 0.0149837 0.0173419 0.0228101 0.019957 0.0180146 0.0162719 0.0162021 0.0182128 0.021439 0.0157157 0.0129093 0.0140624 0.0156458 0.0165537 0.0186879 0.01573 0.0151032 0.014116 0.0181763 0.00849184 0.0069931 0.0106924 0.0141799 0.0192922 0.0126123 0.011908 0.00612672 0.000928382 0 0 0 0 0 0 0 0 0 
0 0 0 0 0 0 0 0 0.000163371 0.00273929 0.0117216 0.018378 0.0185247 0.0168285 0.0205075 0.0207854 0.0232852 0.0230007 0.0215488 0.0245546 0.0275484 0.0220379 0.0200856 0.0254895 0.0216041 0.0153115 0.0135405 0.0177255 0.0235096 0.0118239 0.00645511 0.0130214 0.0182675 0.0195987 0.0155784 0.023433 0.023405 0.018487 0.0214389 0.0174773 0.0162191 0.014952 0.0207878 0.0186828 0.0134767 0.01778 0.0129417 0.0153393 0.0166021 0.0157618 0.0161368 0.0142193 0.0100276 0.0115436 0.0178943 0.021396 0.01459 0.0112396 0.00565207 0.00126737 0.000354724 0 0 0 0 0 0 0 0 
0 0 0 0 0 0 0 0 0.000475168 0.00736663 0.0111531 0.0155329 0.0191715 0.0185856 0.0212903 0.0219373 0.0253362 0.0186653 0.0165242 0.0181632 0.0237104 0.0162342 0.02025 0.0214677 0.0174967 0.0174272 0.0128616 0.019225 0.0199653 0.013513 0.00680008 0.0186901 0.0191164 0.0193843 0.0175892 0.0235192 0.0305681 0.0325987 0.0334973 0.0288044 0.0218173 0.0140732 0.0160045 0.0150234 0.00984865 0.0171508 0.0212524 0.0163825 0.0143359 0.017364 0.0153033 0.0182334 0.0198914 0.0182186 0.0236199 0.0215326 0.0153878 0.0101659 0.0104508 0.00892167 0.00769356 0.000911868 5.59113e-05 0 0 0 0 0 0 
0 0 0 0 0 0 0 4.51326e-05 0.000965772 0.00112524 0.00281643 0.00950893 0.0193887 0.0187944 0.0299483 0.0260252 0.0249716 0.0163193 0.0146161 0.0139333 0.0169421 0.0160486 0.0211604 0.0212855 0.0167648 0.0152485 0.0154688 0.0126865 0.0188421 0.016529 0.0143786 0.0210275 0.019527 0.0212426 0.0239826 0.0292183 0.0317813 0.0319044 0.0325862 0.0228131 0.0175002 0.0136366 0.0146622 0.0158969 0.0140165 0.019873 0.0221706 0.0180269 0.019647 0.0198089 0.0124136 0.0106981 0.0157427 0.0310153 0.0346774 0.0285805 0.0233597 0.0163703 0.0189991 0.0163623 0.0112766 0.00521557 0.000377401 0 0 0 0 0 0 
0 0 0 0 0 0 0 0.00126745 0.00676624 0.00154413 0.00351329 0.0112861 0.0154823 0.0207319 0.025965 0.018765 0.0206749 0.0181148 0.0155322 0.0111584 0.0147335 0.018062 0.0222289 0.0237745 0.0175422 0.0174012 0.017927 0.0183347 0.0133811 0.0151906 0.0230849 0.0238359 0.0198027 0.0237367 0.0269418 0.0281135 0.0262879 0.0189166 0.0219783 0.0153644 0.0156631 0.013568 0.014836 0.0165088 0.0186845 0.0217656 0.0211612 0.0238781 0.0235011 0.0166187 0.0176005 0.01592 0.0151717 0.0208307 0.0365928 0.0278582 0.0286606 0.025234 0.0184868 0.015574 0.0185401 0.0143933 0.00624229 0.000235584 0 0 0 0 0 
0 0 0 0 0 0 0 0.000397575 0.00214195 0.00117323 0.00562975 0.0189513 0.0178787 0.021296 0.0200428 0.0187366 0.0164447 0.0170185 0.0143259 0.0153427 0.0151544 0.0198626 0.0197026 0.0136406 0.0221263 0.0211298 0.022654 0.0202268 0.0155477 0.0177705 0.0213842 0.0202045 0.0206846 0.0209304 0.0157009 0.0248663 0.0221218 0.0197615 0.0144213 0.00798419 0.00931124 0.0151815 0.015427 0.0149997 0.019905 0.0247844 0.016436 0.0231786 0.0227024 0.0156932 0.0143454 0.00962502 0.0144897 0.0218448 0.0215747 0.0216065 0.0224497 0.0214607 0.0253902 0.0162409 0.0166648 0.0200701 0.0160916 0.00333753 6.1496e-06 0 0 0 0 
0 0 0 0 0 0 0 0.000129749 0.00114203 0.00365472 0.0106502 0.0183058 0.0201811 0.0152853 0.0144753 0.0204316 0.0195091 0.0185569 0.0128121 0.0144263 0.0172883 0.0147382 0.0170004 0.0169497 0.0206664 0.0231218 0.0241232 0.0213404 0.0207802 0.0139574 0.0186901 0.0247714 0.02524 0.025098 0.0169148 0.0166648 0.011809 0.0165793 0.0168092 0.0134547 0.0084906 0.0113936 0.0119664 0.0101416 0.0169899 0.0222624 0.0194735 0.0200287 0.0205643 0.0153998 0.0159195 0.0137648 0.0201333 0.0250444 0.0192827 0.0196867 0.0191166 0.0208106 0.0237296 0.0180316 0.0167275 0.0193749 0.0237728 0.00810407 0.000367424 0 0 0 0 
0 0 0 0 0 0.000280012 0.000649621 0.00368259 0.00660501 0.0102672 0.015562 0.0193831 0.0266421 0.0142045 0.0139741 0.0238126 0.0174069 0.0254128 0.0174608 0.0133009 0.0171642 0.0109368 0.0109119 0.0193865 0.0176695 0.0202124 0.0191336 0.0163539 0.0183164 0.0203501 0.0149982 0.0181584 0.0193819 0.0165996 0.0183568 0.021618 0.0173425 0.0204855 0.0189875 0.0154967 0.0130643 0.0119037 0.0137899 0.0191817 0.0215283 0.023159 0.0241869 0.0218752 0.022476 0.0216019 0.0197569 0.0196969 0.0254349 0.0224651 0.0278803 0.0237481 0.0195713 0.0183174 0.016858 0.0177093 0.0168472 0.0232612 0.0333096 0.012033 0.000426622 0 0 0 0 
0 0 0 0 0.00113987 0.00316839 0.00544351 0.00935409 0.0102282 0.0198893 0.0214782 0.0160517 0.0154691 0.0159135 0.019056 0.0193039 0.0198992 0.0314509 0.0234526 0.024026 0.018098 0.0156394 0.0162457 0.0259633 0.022507 0.0200366 0.0134901 0.0121194 0.0177832 0.0181671 0.017362 0.0158681 0.0146567 0.0184711 0.0163515 0.0153771 0.0174219 0.0249392 0.0178672 0.0153868 0.00854777 0.00834298 0.0163962 0.0221628 0.0252179 0.024448 0.0215368 0.0197379 0.0167486 0.0234176 0.0247862 0.0255707 0.0279863 0.0220203 0.0225231 0.0198106 0.0226769 0.0204831 0.0179566 0.0218326 0.02303 0.0238993 0.0142729 0.00313228 0.000560163 0 0 0 0 
0 0 0 0.000209548 0.00330796 0.00643506 0.00894803 0.0171321 0.016488 0.0225995 0.0186651 0.0164774 0.014662 0.0165622 0.0179937 0.0163716 0.0206383 0.036246 0.0395675 0.0303555 0.0205335 0.0136936 0.0183807 0.0189145 0.0170184 0.0206313 0.0153699 0.0164915 0.0178351 0.0160574 0.0188771 0.0164595 0.0133724 0.0107269 0.0165959 0.0171438 0.0190194 0.018071 0.0155692 0.0103604 0.0111358 0.0177668 0.0247173 0.0231488 0.0231595 0.0229109 0.025533 0.0216926 0.0185588 0.0161396 0.0146134 0.0214272 0.0174959 0.0191912 0.0104189 0.0149803 0.0211152 0.0264069 0.0205154 0.020381 0.0183126 0.0227479 0.0184676 0.00713983 0.000736368 0 0 0 0 
0 0 0 9.8853e-05 0.00337609 0.00731623 0.0101183 0.0112832 0.0147833 0.017567 0.0133264 0.0136468 0.0125402 0.0190348 0.0198549 0.0148313 0.0172245 0.0235259 0.0193112 0.0222308 0.0208429 0.0180248 0.0189197 0.0188613 0.0186741 0.0198603 0.0131084 0.0141141 0.0154813 0.0164614 0.0181482 0.0199038 0.019091 0.0149773 0.019898 0.0215629 0.021701 0.0198996 0.0134458 0.00903508 0.00998004 0.018656 0.0207628 0.0224489 0.0220161 0.0218999 0.0244488 0.0195317 0.0229942 0.0155445 0.0131026 0.0194178 0.014673 0.0139298 0.0151481 0.0169097 0.0201451 0.0164622 0.0242172 0.0219341 0.0212168 0.0166018 0.013432 0.0138202 0.00846456 0.00177029 8.05777e-05 0 0 
0 0 0 0.000143744 0.0046478 0.00697496 0.00757701 0.00557093 0.0104346 0.0089054 0.00712265 0.0114713 0.0146781 0.0161899 0.015348 0.0157868 0.0125314 0.0136317 0.0167139 0.0194976 0.0204091 0.0190946 0.0174783 0.0239206 0.0240134 0.0203679 0.0237221 0.0200642 0.013145 0.0183609 0.0141035 0.021296 0.025025 0.0201715 0.0229082 0.020616 0.0196134 0.0159225 0.0124138 0.0103192 0.02021 0.0207229 0.0186577 0.0209638 0.0199832 0.017874 0.0256542 0.026473 0.0267443 0.0236854 0.0141057 0.016827 0.0161521 0.0147268 0.0118894 0.00998973 0.010781 0.0220053 0.0324732 0.0253268 0.0283494 0.0256219 0.0183831 0.0154922 0.0197445 0.0126882 0.00133685 0 0 
0 0 0.000396768 0.00218729 0.0026772 0.00381794 0.00329662 0.00611028 0.0067912 0.00501138 0.00531193 0.00830948 0.00968422 0.0135541 0.0147842 0.0106089 0.0105722 0.0114525 0.0067724 0.0101045 0.011857 0.0180715 0.0200511 0.0183709 0.018582 0.0157395 0.0159344 0.0160826 0.0156083 0.0166914 0.0225881 0.0255465 0.0249783 0.0190934 0.0167707 0.0227448 0.0221338 0.0167695 0.0106326 0.012172 0.0273279 0.0216471 0.0207619 0.0266417 0.0273837 0.0172958 0.0200341 0.0253888 0.0271456 0.0239769 0.0234902 0.0149574 0.0163917 0.0172216 0.0152438 0.0168158 0.0197563 0.030131 0.0296613 0.0298942 0.0356385 0.0348155 0.0305869 0.0213324 0.019504 0.0142395 0.0036607 0.00101748 0 
0 2.05692e-07 0.00150697 0.00546084 0.00452717 0.00302879 0.000977269 0.00294297 0.00581889 0.00781184 0.0142026 0.0138637 0.0116719 0.0119307 0.0158337 0.0134527 0.0155515 0.0169387 0.0167678 0.0197642 0.019751 0.0186082 0.0187006 0.0150434 0.0135767 0.0117943 0.0148738 0.0198972 0.0154421 0.0218773 0.0258838 0.0243918 0.022666 0.0245809 0.0153275 0.0109599 0.0190241 0.0151921 0.0132335 0.011586 0.0237524 0.0223335 0.0267153 0.0217501 0.0215342 0.0186293 0.0195088 0.0207605 0.0233302 0.027551 0.0241633 0.0181868 0.020126 0.0160862 0.0237599 0.0201921 0.0205003 0.0188559 0.0180754 0.0227656 0.01957 0.0264848 0.0245532 0.0310941 0.0346392 0.013129 0.00693686 0.0029076 0 
0 3.92228e-07 0.00120857 0.00194904 0.00305016 0.00511216 0.0043391 0.00156952 0.00499624 0.0116599 0.0194051 0.0153822 0.0118878 0.0157329 0.0216172 0.0210142 0.0201238 0.0243224 0.0234266 0.0227194 0.0188536 0.0154142 0.0155696 0.014079 0.0203438 0.0141831 0.0171335 0.0190113 0.0192221 0.0161919 0.0197726 0.0163266 0.017306 0.0162343 0.0137993 0.0113864 0.0177624 0.0203257 0.0201909 0.0153776 0.0129596 0.022543 0.0222689 0.0224265 0.019524 0.0202579 0.0318417 0.0232749 0.0259593 0.0198785 0.0205388 0.0187159 0.0192238 0.0122063 0.017657 0.0194707 0.0168003 0.0237646 0.0145101 0.0124073 0.0167746 0.0186867 0.0178135 0.0252415 0.0304086 0.0195582 0.014636 0.0062116 2.75215e-05 
0 0 0.000294854 0.000855409 0.000872258 0.00276322 0.00449705 0.00600619 0.0118922 0.0144222 0.0189523 0.0186529 0.0189661 0.0142428 0.0157203 0.0251019 0.0232486 0.0193886 0.0260917 0.0257068 0.0249024 0.0207877 0.0164664 0.01693 0.0195456 0.0147358 0.0208787 0.0166573 0.0151239 0.0176047 0.0190028 0.0165043 0.0181826 0.0162455 0.0182332 0.014063 0.0182217 0.0186377 0.0222436 0.0163452 0.0151839 0.0213826 0.0271763 0.0250229 0.0216787 0.0219048 0.0275514 0.0275052 0.026056 0.031107 0.0291549 0.0242819 0.0206917 0.0167264 0.0152275 0.0191617 0.0188571 0.0200736 0.0186973 0.0169799 0.0223878 0.0150696 0.0160715 0.0240559 0.0320978 0.0280473 0.0165348 0.0115185 0.00110751 
0 0 0.000314813 0.00052158 0.000493891 0.00215262 0.00698324 0.013315 0.0149115 0.0197279 0.0205096 0.019826 0.023712 0.0177663 0.0165045 0.0131736 0.0136655 0.0182247 0.0165356 0.0185336 0.0250835 0.021652 0.0199496 0.0179013 0.0183147 0.0161461 0.0191861 0.0236427 0.0165133 0.0161181 0.0134757 0.0204623 0.0234771 0.0239075 0.0214591 0.0173428 0.0176008 0.0167649 0.0151798 0.0182714 0.0170008 0.0208823 0.0249478 0.0246505 0.0240114 0.0298329 0.0252298 0.0262027 0.0260988 0.027305 0.0253579 0.029647 0.0271366 0.0259575 0.0203907 0.0202707 0.0181522 0.0160283 0.0192301 0.0228456 0.0199244 0.0208289 0.0233308 0.0221031 0.0198108 0.0226936 0.0231875 0.0159917 0.00242305 
0 1.47518e-05 0.000281477 0.000602428 0.00286697 0.00820936 0.0106396 0.0141145 0.0203562 0.01962 0.0217427 0.0145076 0.0150069 0.0153481 0.0157109 0.016998 0.0160198 0.0137937 0.0174492 0.0169275 0.0155563 0.0134244 0.0167092 0.0188353 0.0189405 0.0168799 0.0220164 0.0206587 0.0128838 0.0126638 0.0112864 0.0197582 0.0262813 0.0271112 0.0219432 0.0159964 0.0144275 0.0142964 0.0170339 0.019934 0.0236913 0.0246665 0.0243554 0.0234116 0.0269937 0.0313941 0.0271186 0.0225473 0.0225972 0.0236827 0.0228073 0.027516 0.0206479 0.0293756 0.0273725 0.0287252 0.016625 0.0125743 0.022774 0.0209097 0.0181692 0.0208663 0.0204678 0.0209232 0.0218099 0.0252911 0.0243614 0.0198147 0.00316674 
0 0.000596523 0.00239576 0.00302708 0.00537944 0.00923352 0.011084 0.0112243 0.0168436 0.018416 0.0159558 0.0144756 0.0162766 0.0180376 0.0123118 0.0124545 0.0139928 0.0197431 0.0250049 0.0102382 0.0155371 0.0135857 0.0164526 0.0182359 0.0167693 0.0146813 0.0173773 0.0199869 0.0204059 0.0189422 0.0230262 0.0213802 0.0246275 0.02189 0.021245 0.0189381 0.0178738 0.0192268 0.0260844 0.0276223 0.0327595 0.0260849 0.0184554 0.0191283 0.0153814 0.01512 0.0273392 0.0236647 0.019057 0.0205878 0.0196046 0.0212188 0.0205604 0.0281271 0.0328845 0.0252298 0.0200264 0.00885588 0.0131449 0.0191934 0.0226288 0.0306556 0.0216765 0.0181271 0.0234073 0.0234162 0.0206492 0.0135284 0.00312981 
0 0.000887796 0.00299285 0.00293055 0.00305295 0.00382277 0.00550291 0.00971844 0.0170157 0.0168751 0.0146293 0.0194997 0.0191121 0.0226023 0.0111357 0.0105259 0.0136274 0.0174268 0.014359 0.00856789 0.0108914 0.0104647 0.014719 0.0148185 0.0156329 0.0140453 0.0194013 0.022291 0.0209466 0.0261063 0.0197394 0.0174681 0.0178195 0.017439 0.0153644 0.0155042 0.0154009 0.0198406 0.0321284 0.029773 0.0267565 0.0256409 0.0257993 0.019474 0.0153027 0.0140297 0.0178086 0.0181485 0.0197111 0.0282863 0.023606 0.0183007 0.0211277 0.0238382 0.023646 0.0197363 0.0215521 0.0203072 0.014068 0.0175328 0.0218492 0.024902 0.0204324 0.0218905 0.023824 0.0316294 0.0311604 0.0177143 0.00329548 
0 0.00230107 0.00697092 0.00250196 0.00353058 0.00604995 0.00618042 0.00610415 0.0131724 0.0149659 0.0102112 0.015086 0.0168299 0.0161622 0.0127328 0.0117433 0.0113509 0.0118218 0.00885459 0.0082357 0.014175 0.0111972 0.0151867 0.0201122 0.017796 0.0116578 0.0221221 0.0214945 0.0192528 0.0142503 0.0191567 0.0185564 0.0168686 0.0157384 0.0122645 0.0127735 0.0133763 0.0222819 0.0319213 0.0298502 0.0273167 0.0298978 0.0282408 0.0231476 0.0219239 0.0169191 0.0135468 0.0176134 0.0221377 0.0240012 0.0241418 0.0269034 0.0218333 0.0185452 0.0166626 0.0232277 0.0244063 0.0229573 0.0203073 0.0169661 0.0160495 0.0167923 0.0164573 0.0213992 0.0227048 0.0332008 0.0284054 0.0152302 0.003312 
0.000218817 0.00230367 0.00653682 0.00579733 0.00878453 0.0167781 0.0121728 0.010891 0.0084421 0.00718555 0.00641343 0.0066316 0.00935047 0.012842 0.0137732 0.0144184 0.0170581 0.00799826 0.007358 0.00925411 0.0145601 0.0162633 0.0211025 0.0277017 0.0231415 0.013871 0.0150178 0.0175089 0.0162264 0.0111927 0.0140593 0.0167168 0.0193469 0.0155225 0.0130922 0.0161305 0.0168268 0.025523 0.0317486 0.0292667 0.0272903 0.0362757 0.0326725 0.0297876 0.024328 0.0214136 0.0159292 0.0219462 0.0244694 0.0295014 0.0275583 0.0269121 0.0233128 0.0244298 0.0157288 0.0221494 0.0235129 0.0216072 0.0204419 0.0207339 0.0208503 0.0198142 0.0184978 0.0152738 0.0188851 0.0263326 0.0245523 0.0146488 0.00311422 
0.000565785 0.0032608 0.00845758 0.0141784 0.0159717 0.0181143 0.0174219 0.0161076 0.0133516 0.00868636 0.00619518 0.0057316 0.00753243 0.00512198 0.00929552 0.00915779 0.00484364 0.00314605 0.00980311 0.01041 0.0156821 0.0159616 0.0370141 0.0469946 0.0457235 0.027098 0.0124312 0.014251 0.0169938 0.0113338 0.0170777 0.0249606 0.022182 0.0213633 0.0153054 0.0177247 0.019429 0.0190904 0.0222387 0.0274017 0.0284604 0.0333675 0.0314128 0.0275381 0.0183625 0.0262825 0.0247906 0.0273288 0.0318511 0.0323212 0.0275817 0.0224319 0.0264384 0.0265697 0.0246471 0.0212197 0.0199132 0.0249143 0.0203301 0.0178241 0.0224885 0.0236887 0.0228686 0.0255563 0.0228205 0.0224536 0.0245976 0.0184627 0.00391872 
0.000125276 0.00412836 0.00783029 0.0064507 0.0141119 0.0200939 0.0228789 0.0218292 0.0181735 0.0155453 0.0131825 0.008031 0.00931088 0.00697699 0.00335643 0.00129781 0.00185196 0.0100056 0.0146773 0.0113625 0.0132314 0.016399 0.0209533 0.0379573 0.0281781 0.0329895 0.0302137 0.0224555 0.0146278 0.017079 0.0153615 0.0165513 0.0203742 0.0235629 0.0134509 0.0159593 0.0239164 0.0241465 0.0239269 0.0220846 0.0263288 0.0473438 0.0310857 0.0258728 0.0197803 0.0228417 0.0254226 0.027033 0.0283771 0.032255 0.0309006 0.0212145 0.0229583 0.0246814 0.0257687 0.0270614 0.017947 0.0237272 0.025936 0.0242206 0.0178348 0.0210074 0.029913 0.0272109 0.024771 0.02858 0.0229692 0.019197 0.00437264 
0.000180723 0.00255538 0.00463526 0.0075408 0.00805275 0.016679 0.0183885 0.0196369 0.0217048 0.022878 0.0178746 0.0147491 0.0195593 0.0152104 0.00918201 0.00307542 0.00396393 0.00970108 0.0156677 0.0171602 0.0155813 0.016521 0.0200701 0.0255265 0.0183989 0.022731 0.0329631 0.0340006 0.0475008 0.0231307 0.0144181 0.0126536 0.0142603 0.0166312 0.0234572 0.0268061 0.0244048 0.0256854 0.0261228 0.0216052 0.0273584 0.0352806 0.0287147 0.0272233 0.0184237 0.020178 0.0239734 0.02828 0.0237373 0.0242535 0.0254259 0.0221077 0.0167241 0.0229516 0.0228593 0.0295803 0.0302189 0.0266511 0.0284799 0.0237361 0.0186462 0.0194486 0.02479 0.0191091 0.018909 0.0265976 0.0216273 0.0168314 0.00368141 
0 0 0.000408425 0.000761222 0.00128801 0.0136436 0.0220171 0.0172585 0.0177226 0.0216577 0.0197511 0.01705 0.0160102 0.0210992 0.0155845 0.00945477 0.0112324 0.0186435 0.0215653 0.0180067 0.0177151 0.020326 0.0185734 0.0198154 0.0244639 0.0292612 0.0228354 0.0251356 0.0409326 0.0346084 0.0171581 0.00996157 0.0169132 0.0190403 0.0226206 0.0298172 0.0362099 0.018792 0.0199988 0.0211216 0.0271478 0.0252021 0.0225455 0.025539 0.0174645 0.0223489 0.020636 0.0264678 0.0304134 0.0282976 0.0340937 0.0256667 0.0224963 0.0191478 0.0171604 0.022816 0.0357023 0.0332914 0.0252187 0.0224026 0.0232718 0.0210638 0.0202987 0.0165861 0.0190821 0.0229902 0.0165755 0.0109304 0.00248292 
0 0 0 6.56092e-05 0.000311803 0.00484023 0.0245478 0.0191038 0.0195705 0.025403 0.01777 0.0188771 0.0190775 0.0285051 0.0242148 0.0205371 0.0168293 0.0187864 0.0151536 0.02001 0.0146547 0.0187912 0.0177517 0.0159234 0.0186072 0.0167343 0.012074 0.0131803 0.0165932 0.0334998 0.0194171 0.0150926 0.0152705 0.0171483 0.0203834 0.0243932 0.0214027 0.0118138 0.0195971 0.02079 0.0207133 0.0205751 0.0194043 0.0185947 0.0301939 0.0217135 0.0149221 0.0154253 0.030403 0.0332734 0.0313632 0.0220553 0.0206748 0.0213296 0.0187089 0.0167789 0.0278684 0.0281384 0.0241005 0.0184762 0.0189014 0.0172398 0.0184888 0.0136827 0.0211253 0.0254111 0.0282836 0.0164101 0.00126303 
0 0 0 7.98187e-05 0.000468572 0.00250559 0.0153916 0.0238574 0.019621 0.0223795 0.029539 0.0268352 0.0170454 0.0190464 0.0224648 0.018447 0.0178207 0.0167755 0.0195343 0.0190175 0.0120563 0.0157645 0.0127815 0.0126821 0.0215727 0.0212883 0.0176331 0.0171797 0.0221112 0.0462658 0.0254389 0.0177686 0.0125276 0.0149458 0.0147817 0.0189817 0.0207215 0.0157674 0.019913 0.0152829 0.0210401 0.0133233 0.016886 0.019281 0.0221114 0.0223736 0.0211135 0.0196185 0.0226448 0.0276121 0.0249713 0.020521 0.0197171 0.0195364 0.0212963 0.0188881 0.0183191 0.0198593 0.0256406 0.0284815 0.0214365 0.011623 0.0161579 0.0221919 0.0215781 0.0201602 0.0280456 0.0243913 0.00317633 
0 0 0.000748512 0.00182299 0.00073124 0.0022119 0.00839579 0.0187049 0.0201255 0.022867 0.0273452 0.0258125 0.0187563 0.0161616 0.0198844 0.0192501 0.0193275 0.0182242 0.016953 0.0164829 0.0164106 0.0168647 0.016776 0.0130247 0.0183673 0.0154421 0.0139231 0.0123308 0.0225024 0.047714 0.0551115 0.0212675 0.012038 0.011632 0.015582 0.0212785 0.0246259 0.019476 0.0192106 0.0148094 0.014831 0.0156579 0.014906 0.0176406 0.0183639 0.0177164 0.0219519 0.016299 0.0223962 0.0264336 0.0182882 0.0180082 0.0199264 0.0198608 0.016214 0.016015 0.0220901 0.0220436 0.0238872 0.0218368 0.0144468 0.00835578 0.010828 0.0232733 0.0262669 0.0241661 0.0282156 0.0143467 0.000795093 
0 0 0.00242005 0.00880577 0.00538901 0.00869918 0.00980754 0.0127394 0.00735652 0.00996539 0.0190053 0.0197337 0.016982 0.0177613 0.0269852 0.0247358 0.0270685 0.0237551 0.0169235 0.0160525 0.0164724 0.0201564 0.0188554 0.0185464 0.0204052 0.0161977 0.0125786 0.0141796 0.0231198 0.0405342 0.0692127 0.0308688 0.0110585 0.012409 0.0210054 0.0223099 0.0188168 0.0180238 0.0128607 0.017592 0.0164465 0.0181237 0.0170722 0.0132918 0.0101327 0.0139888 0.0174078 0.0192302 0.0205084 0.0212789 0.0188572 0.0173366 0.0206967 0.0216705 0.019629 0.0180559 0.018247 0.0232085 0.0186922 0.0182489 0.0162349 0.00381905 0.00761437 0.0129149 0.0171967 0.0237411 0.0191032 0.00296141 0.000425626 
0 0 0.00173912 0.0073731 0.00584738 0.00589623 0.00519879 0.00442826 0.00324941 0.00503198 0.00883874 0.0152215 0.0161538 0.020344 0.0298129 0.0278335 0.0266358 0.0227274 0.0208151 0.0132912 0.0160392 0.0229334 0.0284878 0.0275795 0.0322391 0.0193256 0.0134321 0.0126993 0.0145034 0.0218683 0.0192937 0.00724677 0.0133046 0.018906 0.0288107 0.0254094 0.028227 0.0238713 0.0179085 0.0211421 0.023669 0.0233746 0.0164036 0.0129524 0.0127149 0.0105137 0.0161607 0.0241047 0.0192468 0.0153385 0.0175787 0.0227855 0.031361 0.02516 0.0146197 0.0178151 0.0204269 0.0244964 0.0283424 0.0277479 0.0189271 0.00744726 0.0137817 0.0144766 0.0160271 0.0156298 0.012396 0.0016592 0.000395237 
0 0 0 0.000137631 0.00241163 0.00635847 0.00597864 0.00597264 0.00578709 0.00887097 0.0123406 0.0158054 0.0229655 0.0307593 0.0280884 0.0268933 0.0257396 0.0205693 0.0174505 0.0219744 0.0196811 0.0175607 0.0289755 0.0296961 0.0279366 0.0149389 0.0142206 0.0122466 0.0159466 0.0146119 0.0157723 0.0131477 0.0183071 0.0318658 0.0433026 0.03807 0.0404771 0.0251301 0.020888 0.0248191 0.0286507 0.0249417 0.0187256 0.0151777 0.0129364 0.0101389 0.0148612 0.0272555 0.026291 0.0152458 0.0137399 0.0198637 0.0241452 0.0268674 0.0193999 0.0165333 0.0249497 0.0226633 0.0289279 0.0272891 0.0172559 0.00956588 0.0231749 0.0350042 0.0380422 0.0271427 0.0197573 0.00534193 0.00104559 
0 0 0.000140868 0.00226521 0.0107049 0.0169916 0.018519 0.0124579 0.015037 0.0142923 0.0156409 0.0171779 0.0255738 0.0395434 0.0338286 0.0353234 0.0242604 0.018126 0.0214736 0.0240186 0.0186226 0.018665 0.021828 0.0264265 0.0185478 0.0171477 0.0174945 0.0159758 0.0179118 0.0197829 0.0228159 0.0162936 0.018942 0.0359263 0.0305085 0.0417339 0.05571 0.039141 0.0282851 0.0274933 0.0317907 0.0281362 0.0307437 0.033176 0.0235202 0.0230461 0.019196 0.0237941 0.0224761 0.0122361 0.0166633 0.025419 0.0299049 0.0298215 0.0319528 0.0252137 0.0254293 0.0224425 0.0241656 0.0275071 0.0162661 0.0158519 0.0308655 0.0461596 0.0378846 0.0161979 0.00699329 0.00313884 0.000338273 
0 0 0.000284795 0.0058345 0.0147997 0.0199869 0.0176077 0.0130888 0.0213842 0.0157419 0.0189229 0.0237893 0.0226349 0.0319501 0.0279831 0.0343246 0.0251511 0.0146491 0.0235761 0.0263958 0.0174261 0.0192099 0.0168795 0.0198649 0.0186454 0.0280285 0.0211346 0.0135618 0.0197661 0.0362827 0.0451517 0.0193584 0.0208595 0.0270695 0.0223632 0.0280745 0.0408719 0.0393687 0.0294943 0.0259802 0.0262285 0.023956 0.0278865 0.0246552 0.0244747 0.0240024 0.0215588 0.024261 0.0144537 0.0155937 0.0516281 0.0743262 0.0407168 0.0287666 0.0276028 0.020613 0.0190195 0.0206409 0.0213241 0.0247467 0.0230198 0.0246105 0.0262196 0.0308836 0.0346292 0.019481 0.00779838 0.00400237 0.000127 
0 0 0.000273264 0.00359927 0.0151213 0.0158788 0.0153671 0.0145946 0.021038 0.0154598 0.0241093 0.0265384 0.0253213 0.028227 0.0240589 0.0308094 0.0193263 0.0193794 0.0246928 0.0196362 0.0117805 0.0205784 0.0178898 0.0191005 0.0342626 0.040992 0.0155493 0.00982883 0.0231759 0.0587863 0.0428878 0.0238306 0.0390631 0.0320236 0.022706 0.0300175 0.0238796 0.0288436 0.0301501 0.0273537 0.0335968 0.0388444 0.0418772 0.03805 0.0201086 0.022087 0.0307305 0.0249882 0.0215255 0.0204116 0.0759304 0.140506 0.0467334 0.0185344 0.0254638 0.0267327 0.0207341 0.0221838 0.0196488 0.0217622 0.024987 0.0218223 0.0241249 0.0260402 0.0279905 0.0325254 0.0129017 0.000787311 0 
0 0 0.000357562 0.00547712 0.014834 0.0162853 0.0112615 0.00703581 0.0121163 0.0159701 0.0256005 0.0310478 0.0255326 0.0291171 0.0220514 0.0198408 0.0188348 0.0178998 0.0200396 0.0197224 0.0178814 0.0242044 0.0261195 0.0248155 0.0305112 0.0308361 0.0101045 0.00922071 0.0199283 0.0359849 0.0248368 0.0208068 0.0247992 0.0248343 0.0286385 0.0324304 0.0315175 0.02291 0.0302876 0.0290956 0.0279989 0.0233303 0.0271357 0.0255747 0.0174289 0.0167554 0.0263048 0.0372227 0.0284627 0.0171293 0.033174 0.0462137 0.0175303 0.0127292 0.0188918 0.0241697 0.0242858 0.0235861 0.0171839 0.0158816 0.0245815 0.0221582 0.0213626 0.0275369 0.0361755 0.0286039 0.00792341 0.000640701 0 
0 0 3.58644e-05 0.00441721 0.021957 0.0284437 0.0111594 0.00744832 0.0115519 0.0173181 0.0189255 0.0250771 0.0237816 0.0227691 0.0188833 0.0244815 0.0277386 0.023895 0.0185103 0.023368 0.0163329 0.0192797 0.025148 0.0213111 0.0192874 0.0127231 0.0111716 0.0129428 0.0142182 0.0343695 0.0449423 0.0390713 0.0230887 0.0202781 0.0342798 0.0391105 0.0319897 0.032821 0.0295286 0.0250506 0.0220595 0.016183 0.0183283 0.0238458 0.0192383 0.0147487 0.0259265 0.0334955 0.0311479 0.0176625 0.0175312 0.0155516 0.0123735 0.0124565 0.016524 0.0159494 0.0166622 0.0227965 0.0238713 0.0178111 0.02168 0.025339 0.0250021 0.028914 0.0302962 0.0144928 0.0038928 6.68264e-05 0 
0 0 0 0.00366802 0.0214195 0.0329043 0.0129966 0.0118796 0.0212924 0.0180732 0.0154667 0.0213391 0.0229986 0.0218961 0.0242473 0.0275577 0.0281712 0.0242771 0.0210315 0.0296842 0.0257186 0.0254781 0.0174697 0.0107151 0.0147596 0.01103 0.0105412 0.0214641 0.0205431 0.0217778 0.0334609 0.0309224 0.0220927 0.0226642 0.0336702 0.0376824 0.0338073 0.0387601 0.0292258 0.0214197 0.0262959 0.0200319 0.0164478 0.0168312 0.0174908 0.0145884 0.0171344 0.017649 0.0170003 0.0136777 0.0123231 0.0122315 0.0141894 0.0135616 0.0181995 0.0156628 0.019891 0.0181312 0.0239587 0.0210362 0.0185871 0.0218377 0.0275413 0.0270096 0.0188971 0.00881755 0.000612603 0 0 
0 0 0 0.000340216 0.0099117 0.0221024 0.0180089 0.0126527 0.0184278 0.0154429 0.0180792 0.0179299 0.014962 0.0146212 0.0152096 0.0227251 0.0250507 0.0289001 0.0280619 0.0259189 0.0230368 0.0272299 0.0185976 0.0169573 0.0129742 0.0105365 0.0147349 0.0255098 0.024752 0.0235562 0.0212568 0.0255597 0.0251206 0.0355052 0.0328151 0.0389149 0.0291408 0.0329416 0.0207885 0.0194004 0.0233005 0.0204438 0.0144691 0.016262 0.0196764 0.00987372 0.00930662 0.010625 0.0117832 0.00408313 0.00245307 0.00876468 0.0109608 0.0121698 0.0234348 0.0176807 0.012647 0.0152024 0.0236525 0.0197223 0.0205664 0.0253872 0.0284629 0.0214493 0.010978 0.00228396 4.72182e-05 0 0 
0 0 0 0 0.0012942 0.00829953 0.0132576 0.0105015 0.010883 0.0115364 0.0078602 0.0104504 0.00830493 0.00507953 0.00842933 0.0205174 0.0335294 0.0295782 0.0313931 0.0236466 0.015445 0.0220042 0.037433 0.0378458 0.0216853 0.014666 0.0115666 0.0290352 0.0267336 0.0288029 0.0324165 0.0408694 0.0292592 0.0466197 0.0322545 0.0276664 0.0218925 0.0281118 0.024922 0.0230962 0.0216214 0.0146446 0.0111956 0.0164282 0.0150113 0.00987369 0.00340005 0.0034045 0.00283719 0.00295424 0.00333815 0.00769515 0.0125176 0.0151129 0.0154176 0.0193021 0.0242774 0.020151 0.0213158 0.018544 0.0242439 0.0296413 0.0206973 0.020421 0.00984105 0.00171365 0 0 0 
0 0 0 0 0 0.0054071 0.0157328 0.0103471 0.00650307 0.0143013 0.0264672 0.0129932 0.0090352 0.00710177 0.00722529 0.0156206 0.0307341 0.024316 0.020484 0.0181067 0.0160051 0.0248995 0.031879 0.0290892 0.0193787 0.021567 0.0180956 0.0422193 0.037315 0.0245223 0.0342315 0.0442377 0.0293384 0.0384082 0.0220046 0.0218605 0.0239505 0.0326765 0.0319225 0.0220005 0.0195056 0.0176805 0.0177197 0.020867 0.0176245 0.0206882 0.00883006 0.00125634 0.000609618 0.00263479 0.00837186 0.0134937 0.015744 0.0167138 0.0157939 0.0175358 0.0248105 0.0271772 0.0231487 0.0222361 0.0357475 0.0337624 0.0212365 0.0157169 0.00373459 0.000122143 0 0 0 
0 0 0 0 0 0.00125714 0.0110738 0.00918116 0.00915429 0.0227897 0.0330186 0.0172316 0.00691873 0.00945145 0.00743255 0.0189047 0.0319723 0.031737 0.0278671 0.0232708 0.0213079 0.0248699 0.0181934 0.0211287 0.0192215 0.0145667 0.0154489 0.0285385 0.0313174 0.0253872 0.0259214 0.0352946 0.0336523 0.032893 0.0280081 0.0281724 0.0330811 0.0349111 0.0319372 0.0250164 0.0175112 0.0168927 0.0245613 0.0176064 0.0183401 0.0231284 0.0142722 0.00477065 0.0007517 0.00572045 0.014827 0.0133261 0.00773411 0.00599862 0.0108301 0.0158883 0.0193545 0.0231593 0.0245597 0.0300262 0.0353697 0.0305999 0.016876 0.00773975 0.00126619 0 0 0 0 
0 0 0 0 0 4.50854e-05 0.00364377 0.0103405 0.0114287 0.0110001 0.0084479 0.00940737 0.0045975 0.00688862 0.00859283 0.020145 0.02923 0.0348562 0.0418414 0.0275596 0.0243444 0.0236533 0.0245852 0.0265129 0.0246549 0.0231508 0.0188658 0.0214461 0.0296662 0.0263002 0.0265795 0.0207808 0.0242473 0.0303442 0.0264329 0.0338645 0.0384709 0.0268394 0.0249629 0.0214749 0.0181726 0.025092 0.0233907 0.0182973 0.0145645 0.0182729 0.0201588 0.00763803 0.00104657 0.00761745 0.0107885 0.00850997 0.00322032 0.00920756 0.0163712 0.0123912 0.0143068 0.0218799 0.0296003 0.0292167 0.0322475 0.0252625 0.0116417 0.00114529 0 0 0 0 0 
0 0 0 0 0 0 0.000551954 0.00675999 0.00778039 0.0140038 0.0169615 0.0102855 0.00652324 0.00554095 0.0092005 0.0153598 0.0215699 0.0287251 0.0321772 0.0204548 0.0235642 0.0215881 0.0350375 0.0339283 0.0203597 0.0244368 0.0221106 0.0199447 0.0203425 0.0276005 0.0313305 0.0261232 0.0220275 0.024374 0.0258964 0.0299776 0.0337835 0.0272079 0.0206302 0.0179523 0.017658 0.028082 0.0404373 0.0203575 0.01933 0.0180281 0.0234709 0.0132234 0.00503596 0.00681902 0.010178 0.00721074 0.00395257 0.0210042 0.0214938 0.0120002 0.00873826 0.0202696 0.0285918 0.0250149 0.0230554 0.0153571 0.00533826 7.52531e-05 0 0 0 0 0 
0 0 0 0 0 0 1.76778e-06 0.00156026 0.00420819 0.00747433 0.0106861 0.0139616 0.00855466 0.00175573 0.00820945 0.0176551 0.0262745 0.0272337 0.0192498 0.0092364 0.0188562 0.0244393 0.0252525 0.026764 0.0260521 0.0298995 0.022689 0.0237644 0.0169769 0.0212211 0.024103 0.0204159 0.0236631 0.0277747 0.0357246 0.0262736 0.0189115 0.0161402 0.0145759 0.01589 0.0159313 0.0350183 0.0499885 0.012629 0.0160518 0.0214139 0.0176841 0.017644 0.0070374 0.00672678 0.0083448 0.00530585 0.00334351 0.0211955 0.0202879 0.015226 0.00909212 0.0149382 0.0234461 0.0256391 0.0142574 0.0033616 0.000266885 0 0 0 0 0 0 
0 0 0 0 0 0 0 6.03011e-05 0.000705268 0.00153053 0.0051021 0.0108375 0.0101974 0.000598311 0.010991 0.0267402 0.0275128 0.0141745 0.00533368 0.00422363 0.0141079 0.0181265 0.0261115 0.0298593 0.0238211 0.0256962 0.0167757 0.0165102 0.0193387 0.0274609 0.0258751 0.0219652 0.0294397 0.0298829 0.0309229 0.0320113 0.0220263 0.0216268 0.0139733 0.0158388 0.0166548 0.0164336 0.0163884 0.0157429 0.0130679 0.0122627 0.0135817 0.0156233 0.0124415 0.00896886 0.0076283 0.0051424 0.0061138 0.0162851 0.012551 0.00746629 0.00709303 0.00747459 0.00934382 0.011765 0.00234446 0.000125962 0 0 0 0 0 0 0 
0 0 0 0 0 0 0 0 0 1.76853e-05 0.00156445 0.00432654 0.0015844 0.000868162 0.00939563 0.0250063 0.019306 0.0111247 0.00680777 0.00506861 0.0105322 0.0189298 0.0319949 0.0379068 0.0367185 0.0280037 0.0188819 0.0157687 0.0171483 0.0268628 0.0308127 0.0328087 0.0363675 0.0374056 0.0305041 0.0400826 0.027452 0.0284777 0.0202674 0.0135652 0.011091 0.0170532 0.018788 0.0198723 0.0123081 0.00903393 0.0127713 0.0179682 0.0197709 0.0105443 0.00838524 0.00595628 0.0128128 0.011412 0.00818236 0.0050498 0.0111253 0.00530627 0.0025699 0.00197491 3.22493e-05 0 0 0 0 0 0 0 0 
0 0 0 0 0 0 0 0 0 0 0 7.69541e-05 1.14428e-05 0.000197724 0.00579779 0.0231489 0.0183934 0.0199664 0.0383878 0.0228085 0.0125893 0.0216519 0.0260653 0.0325411 0.0392158 0.0405435 0.0236193 0.0174622 0.0210847 0.0207301 0.029854 0.0362859 0.037589 0.0287524 0.0189154 0.0320617 0.0426432 0.0373436 0.023714 0.0148962 0.00755124 0.0145334 0.0220144 0.0267131 0.0193073 0.0112114 0.0116132 0.0175331 0.0219366 0.0150688 0.00626294 0.00774799 0.0141149 0.013539 0.00471937 0.00986743 0.00875791 0.001452 0.000694283 0.000310946 0 0 0 0 0 0 0 0 0 
0 0 0 0 0 0 0 0 0 0 0 0 0 0.000168137 0.00439743 0.0163838 0.0192837 0.0455 0.0471295 0.0325994 0.0166553 0.0141593 0.0254902 0.0282067 0.0391572 0.0548911 0.02496 0.0178015 0.0263791 0.029655 0.0250187 0.0265185 0.0324649 0.0209609 0.0108364 0.0183302 0.0226149 0.0216943 0.0188036 0.0203876 0.0157769 0.0177711 0.0206413 0.030549 0.024905 0.0167816 0.0109017 0.014086 0.0187994 0.0148851 0.0103955 0.0075916 0.0111389 0.0111159 0.00998322 0.0105723 0.00553528 0.000595533 8.85938e-06 5.79255e-06 0 0 0 0 0 0 0 0 0 
0 0 0 0 0 0 0 0 0 0 0 0 0 0.000555627 0.00484156 0.0114766 0.0246266 0.0362039 0.0323208 0.0315248 0.0189634 0.0118006 0.0218249 0.0218373 0.0308363 0.0457035 0.0277002 0.0221631 0.0330563 0.0320034 0.0328432 0.0273865 0.0213698 0.01654 0.0176364 0.0148509 0.0113618 0.0176458 0.0240352 0.0268258 0.0263778 0.0259359 0.025924 0.0205263 0.0138035 0.0139227 0.0119204 0.0126374 0.0221534 0.0198247 0.0189715 0.0125838 0.0168938 0.0175006 0.0155997 0.0125973 0.00553601 0.00049592 0 0 0 0 0 0 0 0 0 0 0 
0 0 0 0 0 0 0 0 0 0 0 0 0 2.4026e-05 0.00199316 0.00712649 0.0211719 0.0257892 0.0225669 0.0276503 0.0213468 0.00930738 0.010616 0.0151428 0.0308997 0.0386511 0.034087 0.0242517 0.0316562 0.0319862 0.0247177 0.0231967 0.0202705 0.0181544 0.0113459 0.00810832 0.0126328 0.0247227 0.0718594 0.0649498 0.0262187 0.022762 0.0237184 0.00811574 0.00132275 0.00153407 0.00308676 0.00994499 0.0224932 0.0290609 0.0225379 0.0190391 0.0194819 0.018846 0.0112408 0.00440022 0.000844234 0 0 0 0 0 0 0 0 0 0 0 0 
0 0 0 0 0 0 0 0 0 0 0 0 0 0 0.000692411 0.00507795 0.0105872 0.019113 0.022034 0.0263313 0.0260619 0.0194782 0.011507 0.0128722 0.0371723 0.0377166 0.0315778 0.0256031 0.0337784 0.0385419 0.0312785 0.0258772 0.0161951 0.0169354 0.010369 0.00969415 0.0174127 0.0380805 0.162634 0.102981 0.0261762 0.0165311 0.0108069 0.00274281 0.000693602 0.00154113 0.00301611 0.00624028 0.0204626 0.0301552 0.0221875 0.0226843 0.0153136 0.0088801 0.00630617 0.000765597 0 0 0 0 0 0 0 0 0 0 0 0 0 
0 0 0 0 0 0 0 0 0 0 0 0 0 0 7.40275e-06 0.000638178 0.00234052 0.00760301 0.0102068 0.0199269 0.0354686 0.0266245 0.0147267 0.0112854 0.0284693 0.040383 0.0327826 0.0336813 0.0385047 0.0413705 0.0442643 0.0364222 0.0278651 0.0183583 0.0151592 0.0146256 0.0166733 0.0253047 0.0512058 0.0470134 0.0250688 0.0208684 0.00881576 0.00381384 0.0118231 0.0264443 0.0118401 0.00441844 0.0128394 0.0257976 0.0177816 0.0127918 0.00947634 0.00459668 0.00115909 0 0 0 0 0 0 0 0 0 0 0 0 0 0 
0 0 0 0 0 0 0 0 0 0 0 0 0 0 0 0 0.000129279 0.00125596 0.00444094 0.0165118 0.025416 0.0131586 0.0106339 0.00868677 0.0205557 0.0366352 0.0364763 0.0389875 0.0344508 0.043537 0.0413089 0.0291743 0.0313482 0.024368 0.0272141 0.0203699 0.0172587 0.0205777 0.0270792 0.026398 0.0305703 0.0283895 0.0208127 0.0133464 0.0297698 0.0398048 0.0244104 0.00669886 0.00229677 0.0114699 0.00839648 0.00439135 0.000751813 5.15426e-05 0 0 0 0 0 0 0 0 0 0 0 0 0 0 0 
0 0 0 0 0 0 0 0 0 0 0 0 0 0 0 0 0 0 0.000213687 0.00300778 0.00349517 0.00343621 0.00202085 0.00526397 0.0154211 0.0289129 0.0323806 0.0459261 0.0468431 0.0320889 0.0214671 0.0126332 0.0194436 0.0246376 0.024491 0.0214202 0.0228741 0.022437 0.0339987 0.0412474 0.040901 0.0392693 0.0323082 0.0266229 0.0241259 0.0233767 0.0189133 0.00290799 0 1.26588e-05 0.00030943 0.000234916 0 0 0 0 0 0 0 0 0 0 0 0 0 0 0 0 0 
0 0 0 0 0 0 0 0 0 0 0 0 0 0 0 0 0 0 0 0 0 0 0.000153532 0.00539912 0.00490777 0.00946691 0.0191483 0.0282685 0.0298017 0.0176206 0.00666109 0.0121867 0.020647 0.0187612 0.0152489 0.0246772 0.0387197 0.0399685 0.0371094 0.0494373 0.0408507 0.0415954 0.0382018 0.0292184 0.013189 0.00387893 0.00124103 2.938e-05 0 0 0 0 0 0 0 0 0 0 0 0 0 0 0 0 0 0 0 0 0 
0 0 0 0 0 0 0 0 0 0 0 0 0 0 0 0 0 0 0 0 0 0 1.77944e-06 5.67758e-05 0.000724567 0.00073654 0.00190342 0.00640576 0.00599691 0.0041471 0.00273505 0.00802076 0.0131751 0.0162489 0.0142055 0.0398882 0.0426382 0.0340833 0.030118 0.0361366 0.0321421 0.0302949 0.0313924 0.0200266 0.00427807 0 0 0 0 0 0 0 0 0 0 0 0 0 0 0 0 0 0 0 0 0 0 0 0 
0 0 0 0 0 0 0 0 0 0 0 0 0 0 0 0 0 0 0 0 0 0 0 0 0 0 0 2.94341e-06 0.000485028 0.000259172 0.000103663 0.00159994 0.00261948 0.0041299 0.00398381 0.0104167 0.0141809 0.0079624 0.00648051 0.00825934 0.012238 0.0091205 0.0048352 0.00179478 0.000194296 0 0 0 0 0 0 0 0 0 0 0 0 0 0 0 0 0 0 0 0 0 0 0 0 

