0 0 0 0 0 0 0 0 0 0 0 0 0 0 0 0 0 0 0 0 0 0 0 0 0 0 0 0 0 0 0 0 0 0 0 0 0 0.000159804 7.28617e-05 0 0 0 0 0 0 0 0 0 0 0 0 0 0 0 0 0 0 0 0 0 0 0 0 0 0 0 0 0 0 
0 0 0 0 0 0 0 0 0 0 0 0 0 0 0 0 0 0 0 0 0 0 0 0 0 2.44066e-05 0.000909632 0.00302516 0.0038123 0.00183154 0.00110861 0.00302521 0.00102755 0.00067318 2.17629e-05 0.000401189 0.000348649 0.0032761 0.00407833 0.00189877 0.00148009 0.00051799 6.68668e-05 0.000285806 0.000124153 0 0 0 0 0 0 0 0 0 0 0 0 0 0 0 0 0 0 0 0 0 0 0 0 
0 0 0 0 0 0 0 0 0 0 0 0 0 0 0 0 0 0 0 0 0 0 0 0 1.17124e-06 0.000787146 0.00821526 0.0159466 0.0155583 0.0126159 0.00425073 0.0118294 0.0113364 0.00873795 0.00218189 0.00149937 0.00475185 0.0110378 0.0179145 0.0122038 0.010976 0.00897542 0.00429666 0.00346763 0.00604562 0.000763295 0 0 0 0 0 0 0 0 0 0 0 0 0 0 0 0 0 0 0 0 0 0 0 
0 0 0 0 0 0 0 0 0 0 0 0 0 0 0 0 0 0 0 0 0.00020771 0.00267303 0.00368078 0.00216063 0.00121863 0.00620508 0.01678 0.0222173 0.0234671 0.0203812 0.00953534 0.0160902 0.022232 0.0138788 0.0121747 0.00735391 0.0117485 0.0158207 0.0248769 0.0199801 0.0235351 0.0206828 0.0162858 0.0102931 0.00839073 0.0034725 0.000289743 0.00050529 0.00155963 0.000215535 0 0 0 0 0 0 0 0 0 0 0 0 0 0 0 0 0 0 0 
0 0 0 0 0 0 0 0 0 0 0 0 0 0 0 0 0 0 0.000113167 0.000353846 0.00292381 0.00999447 0.0147476 0.0117556 0.00854859 0.0111205 0.0209261 0.0206098 0.0277903 0.0226785 0.0183517 0.0240215 0.0266081 0.019114 0.0156617 0.0123069 0.0140152 0.0200292 0.0264251 0.0268428 0.0246056 0.0217969 0.023255 0.0184621 0.0165399 0.0101298 0.00310547 0.00400517 0.0102859 0.00794745 0.00258708 6.81046e-05 7.02966e-07 0 0 0 0 0 0 0 0 0 0 0 0 0 0 0 0 
0 0 0 0 0 0 0 0 0 0 0 0 0 0 0 0 0 0 0.00192209 0.00740306 0.0130959 0.0176931 0.0249397 0.0265873 0.0156965 0.0114476 0.0135494 0.0183521 0.0307264 0.0190209 0.0161706 0.0260011 0.0223167 0.0194922 0.0168362 0.0221798 0.0227 0.0307007 0.024276 0.0244588 0.0246989 0.0221988 0.0219668 0.0197892 0.0217622 0.0148085 0.00764622 0.00330823 0.0161268 0.0275327 0.0188376 0.00698637 0.00167042 0.000107954 0 0 0 0 0 0 0 0 0 0 0 0 0 0 0 
0 0 0 0 0 0 0 0 0 0 0 0 0 0 0 0 1.24071e-05 0.00184501 0.00682334 0.0186234 0.0194273 0.0253082 0.0212051 0.0237701 0.0227567 0.0107963 0.0119782 0.0111545 0.0200136 0.0198334 0.0130058 0.0195453 0.014509 0.0159162 0.0205043 0.0223774 0.0275783 0.034327 0.0253867 0.0220047 0.0272113 0.0212714 0.0144876 0.0165118 0.0206822 0.0126201 0.0154038 0.00868785 0.0166915 0.0306847 0.0243847 0.0226581 0.0134353 0.00659731 0.000841338 1.91611e-05 0 0 0 0 0 0 0 0 0 0 0 0 0 
0 0 0 0 0 0 0 0 0 0 0 0 0 0 0.000617336 0.000582866 8.53012e-05 0.00231711 0.0101635 0.0221938 0.0225143 0.0193023 0.0147197 0.0120172 0.0167121 0.0151698 0.0148086 0.0152566 0.0175456 0.0131267 0.0125362 0.0172971 0.0193092 0.0178649 0.021791 0.0199524 0.0307072 0.0317523 0.0309232 0.0281025 0.0257092 0.023946 0.0190166 0.0208646 0.0163328 0.0175996 0.0255666 0.034445 0.0187605 0.0208287 0.0175153 0.0197281 0.019475 0.0132407 0.00426348 0.000699721 0 0 0 0 0 0 0 0 0 0 0 0 0 
0 0 0 0 0 0 0 0 0 0 0 0 0 0 0.000966184 0.00107711 0.00119126 0.0020159 0.011689 0.0260589 0.0199539 0.0171117 0.0193241 0.0200676 0.0226432 0.0179116 0.0198546 0.0208929 0.0185177 0.0195595 0.01849 0.0167903 0.0228105 0.0246545 0.0255147 0.0239426 0.0271021 0.0309874 0.0283002 0.0264547 0.0235759 0.022035 0.0166552 0.0225391 0.0178992 0.0190234 0.0306244 0.0346612 0.0277097 0.0189325 0.0214082 0.023089 0.0181768 0.015612 0.0108092 0.0026042 0 0 0 0 0 0 0 0 0 0 0 0 0 
0 0 0 0 0 0 0 0 0 0 0 0 0 0.000638627 0.00263912 0.00166945 0.00194574 0.00751517 0.0190833 0.0258535 0.0212755 0.0218183 0.0255795 0.0254201 0.0226705 0.0229274 0.0198196 0.0206129 0.0245526 0.0216033 0.0174065 0.0155048 0.0242139 0.0209427 0.0193427 0.0193815 0.0281908 0.0318054 0.0285861 0.0193469 0.0148995 0.0165109 0.0171307 0.0190149 0.0211119 0.0204482 0.0224892 0.0238998 0.0245072 0.0230754 0.028565 0.023658 0.0199515 0.0242681 0.0186289 0.0060145 0 0 0 0 0 0 0 0 0 0 0 0 0 
0 0 0 0 0 0 0 0 0 0 0 0 0 0.000260263 0.00151586 0.00188364 0.00648252 0.0212694 0.0265809 0.025929 0.0275525 0.024017 0.0238656 0.0267808 0.0245422 0.023658 0.0263025 0.021633 0.0193413 0.023522 0.0202384 0.0184544 0.0152255 0.015314 0.0255606 0.0249281 0.0288912 0.0281546 0.022623 0.0147542 0.0179498 0.0161433 0.018687 0.0197108 0.0148086 0.016615 0.0242054 0.0353753 0.0359166 0.0223238 0.0222553 0.0266353 0.0263172 0.0212466 0.0145768 0.00375348 0.00050974 0.00191617 0.000940357 0 0 0 0 0 0 0 0 0 0 
0 0 0 0 0 0 0 0 0 1.52344e-06 5.02827e-06 0 0 0 0.000176129 0.00484132 0.0205624 0.0298231 0.0308994 0.0255842 0.0293047 0.0241215 0.0197686 0.0302937 0.0270125 0.0187325 0.0189378 0.0187975 0.0211403 0.0249396 0.0201624 0.0149342 0.0188272 0.0219775 0.0304043 0.0279172 0.024804 0.017716 0.0135507 0.0116686 0.0146275 0.0141119 0.0160205 0.023906 0.0211892 0.01818 0.0222797 0.0279439 0.0356606 0.0308849 0.018784 0.0213239 0.0189219 0.0106339 0.00301427 0.0012916 0.000313994 0.00249566 0.00189541 0.00130775 0.000177988 0 0 0 0 0 0 0 0 
0 0 0 0 0 0 0 0 2.82144e-05 0.00296814 0.00624843 0.00227483 1.34275e-05 0.000160758 0.00260097 0.00901249 0.0194495 0.022947 0.0291097 0.024925 0.0249311 0.0244328 0.0198587 0.0274022 0.0193272 0.0183261 0.0137358 0.0148955 0.0170952 0.0168021 0.0142501 0.0151097 0.0190199 0.022329 0.0279837 0.0248627 0.0179588 0.0165929 0.0141004 0.0219363 0.0243718 0.0189854 0.0268927 0.0333707 0.0243854 0.0238058 0.0274128 0.0338064 0.0327925 0.0287428 0.0189766 0.0196126 0.0189471 0.00671515 0.00666488 0.00269568 0.000973384 0.000264003 0.000523686 0.00243155 0.00202392 0.000104818 0 0 0 0 0 0 0 
0 0 0 0 0 0 0 0 0.00134913 0.00936868 0.0165268 0.00990987 0.00179943 0.00169638 0.00994517 0.0174089 0.0243848 0.0255733 0.0234878 0.0238814 0.0268974 0.0213198 0.0242748 0.0239799 0.0252445 0.0173584 0.0153489 0.0209914 0.0179093 0.00921412 0.0130997 0.0192568 0.0154083 0.0166235 0.0231534 0.0223263 0.0205667 0.020172 0.0208919 0.0278387 0.0334526 0.0303306 0.0296463 0.0304636 0.0263696 0.02285 0.0210756 0.0200059 0.0254604 0.0265444 0.024082 0.0188339 0.0218548 0.0135308 0.016079 0.0115063 0.00579337 0.00590445 0.00626546 0.00707394 0.00317846 0.00224606 5.14876e-05 0 0 0 0 0 0 
0 0 0 0 0 0 1.58903e-05 0.00108597 0.0104007 0.0185031 0.0212864 0.0157193 0.00888781 0.00578542 0.0241445 0.0310564 0.027731 0.0288799 0.0349604 0.0352787 0.0348765 0.0287444 0.0241531 0.0292671 0.034131 0.0136562 0.0126412 0.0179344 0.0118635 0.0103616 0.0166496 0.0237059 0.0170178 0.0185189 0.0271576 0.0251706 0.0273263 0.0264345 0.0239715 0.0374075 0.0368586 0.0288057 0.0250413 0.0218886 0.0226078 0.0223606 0.0149473 0.0210645 0.0262851 0.0240539 0.0207767 0.0198479 0.0175287 0.0156708 0.025985 0.0224899 0.01863 0.020901 0.0184347 0.0142246 0.00660838 0.00834228 0.00163294 0 0 0 0 0 0 
0 0 0 0 0 0 0.00126531 0.0144388 0.0171673 0.0190515 0.0192254 0.0208207 0.009283 0.0078902 0.0254854 0.031958 0.0267555 0.0245504 0.0366186 0.0316766 0.0323227 0.029666 0.0248972 0.0279527 0.0309985 0.0160745 0.0157854 0.0263277 0.0113426 0.0117992 0.0151067 0.0214826 0.0247615 0.0197725 0.0259775 0.0246734 0.0219538 0.0354113 0.0276942 0.0213083 0.0278279 0.0238752 0.0265691 0.0230254 0.0160979 0.0193208 0.0165089 0.0204008 0.0195309 0.0216883 0.017986 0.0171487 0.01963 0.0210865 0.0222878 0.0181855 0.0166251 0.0218062 0.0196698 0.0186227 0.0103701 0.01288 0.00340356 3.8641e-05 0 0 0 0 0 
0 0 0 0 0 0 0.00418794 0.0239494 0.0209614 0.0202927 0.0254809 0.0172814 0.0128991 0.0110822 0.0299362 0.0304697 0.026468 0.0271189 0.0284778 0.0227299 0.0298187 0.0231771 0.0240945 0.0322898 0.045248 0.0258521 0.0267846 0.0286955 0.0269417 0.0207942 0.0155041 0.0183534 0.0190756 0.0236836 0.0267237 0.0353594 0.0267675 0.0333846 0.0237206 0.017561 0.032346 0.0332882 0.0221644 0.0239042 0.0185932 0.0150479 0.018335 0.0183228 0.0180108 0.0202884 0.024807 0.0234517 0.0294097 0.0213912 0.0223171 0.0137521 0.00989815 0.0147852 0.016436 0.0218402 0.0158667 0.0102802 0.00237113 0.000416397 0 0 0 0 0 
0 0 0 0 0 0.00105869 0.00954149 0.0229522 0.0243594 0.0242345 0.0246531 0.0152124 0.0131879 0.010717 0.02707 0.0252009 0.0265208 0.0271667 0.025067 0.0188605 0.0202547 0.0172132 0.0276908 0.0311177 0.037593 0.0339199 0.0483357 0.041552 0.0392126 0.0314329 0.0260679 0.0167513 0.0213476 0.01978 0.025609 0.0280682 0.0288066 0.0257163 0.021152 0.0193742 0.0280511 0.0236803 0.0189977 0.0213135 0.0184169 0.0161654 0.0239431 0.0202038 0.0235051 0.0224518 0.0245404 0.0224245 0.0227404 0.0170745 0.0271404 0.0147137 0.00851531 0.00926714 0.00988793 0.0197699 0.015315 0.00862625 0.00399287 0.0013179 0 0 0 0 0 
0 0 0 0 4.93473e-05 0.00714171 0.0219198 0.0269546 0.0316233 0.037934 0.0292269 0.0156536 0.0126413 0.0164531 0.0232837 0.0281032 0.0273558 0.0287994 0.0196226 0.0216561 0.0162763 0.0160759 0.0252122 0.0273828 0.0283953 0.0370604 0.0340137 0.0336001 0.0348919 0.0293004 0.0249514 0.0246821 0.0269049 0.0245249 0.0233874 0.0267276 0.0261449 0.0228435 0.0226009 0.0245014 0.0240085 0.021548 0.0173133 0.0174679 0.0142946 0.0200955 0.0242039 0.0207418 0.0209164 0.0198669 0.0224233 0.0192352 0.0139396 0.0143871 0.0201568 0.0121806 0.00693167 0.00543788 0.00713414 0.0127876 0.0154798 0.013315 0.0102665 0.00265902 0.00109569 0 0 0 0 
0 0 0 0 0.00213609 0.011408 0.0256287 0.0314572 0.0327768 0.028602 0.0311796 0.0306409 0.0247624 0.0166089 0.0207579 0.0227006 0.0265628 0.0224432 0.0187938 0.018204 0.0151628 0.013938 0.0211436 0.0250251 0.0279936 0.0249834 0.0318823 0.0481457 0.0317312 0.0249358 0.0223997 0.0217502 0.0189698 0.0230414 0.0240095 0.0290615 0.0313645 0.0244704 0.021892 0.0256957 0.0202326 0.0184018 0.0168943 0.0181905 0.024709 0.0246452 0.0227882 0.0243342 0.0200364 0.0250915 0.0265677 0.018027 0.0155217 0.0178943 0.0187816 0.0161145 0.00982404 0.00809263 0.00897216 0.00806014 0.009635 0.0149284 0.00967261 0.0113013 0.0117532 0.00133225 0 0 0 
0 0 0 0.000104438 0.00910793 0.0187618 0.025112 0.0322172 0.0349268 0.0295419 0.026897 0.0312811 0.0235984 0.0222795 0.0252249 0.0193348 0.0256059 0.0233306 0.0225538 0.022338 0.0172207 0.0195871 0.0196839 0.0225292 0.0306186 0.0195687 0.0221486 0.026801 0.0252215 0.0297899 0.0211248 0.0191286 0.0186193 0.0182885 0.0205747 0.0226998 0.0354491 0.0339167 0.0251883 0.0270374 0.0259684 0.0197871 0.0204878 0.0285455 0.0217536 0.0190202 0.0195303 0.0236646 0.0224711 0.0234399 0.0237151 0.0156025 0.00919901 0.012432 0.0149943 0.0133042 0.0126966 0.0157215 0.0170107 0.0134108 0.00864611 0.00953017 0.0118533 0.0189023 0.0171963 0.00887064 0.00021457 0 0 
0 0 0 6.05602e-05 0.00672067 0.0188339 0.02549 0.0251176 0.0216556 0.0233953 0.0282564 0.0292124 0.023969 0.0242953 0.0249033 0.0250459 0.0232142 0.0181418 0.0240678 0.0215985 0.0239442 0.0204872 0.0219392 0.0215067 0.0296615 0.0275207 0.0273848 0.0186147 0.0212543 0.0261319 0.0274479 0.0205198 0.0199223 0.0225161 0.0241614 0.0297523 0.0296601 0.029459 0.0228892 0.0259462 0.0271064 0.0263435 0.026853 0.0241687 0.022211 0.0211335 0.0194661 0.0212558 0.0285546 0.0196697 0.0172906 0.0136561 0.0135858 0.0168529 0.0225592 0.0120812 0.014345 0.0110282 0.010236 0.0113626 0.00836198 0.00867018 0.0105236 0.0128812 0.00980952 0.0107772 0.00135999 0 0 
0 0 0 3.01455e-05 0.00299039 0.0125308 0.0152966 0.0180727 0.0193026 0.0236514 0.026794 0.0279134 0.0392847 0.0413774 0.0274579 0.0212082 0.0156492 0.0233943 0.0315196 0.0231531 0.0206204 0.0199362 0.0238316 0.0244876 0.0360044 0.0264524 0.020018 0.0252899 0.0227887 0.0263556 0.0303842 0.0244965 0.0212953 0.0189258 0.0289682 0.0339852 0.0351491 0.0329542 0.0193692 0.0191664 0.0242718 0.0250164 0.0231866 0.0213014 0.0209083 0.0191606 0.0191344 0.0197385 0.0254788 0.0204186 0.0194428 0.0100752 0.0126482 0.0141146 0.0165129 0.0232637 0.0216685 0.00876023 0.00377519 0.00847563 0.0120355 0.0128624 0.0102912 0.0107218 0.0087 0.00457064 0.000383201 0 0 
0 0 7.85538e-05 0.00306613 0.00883047 0.0131942 0.0147825 0.0118057 0.0176137 0.0276921 0.0226399 0.0269518 0.0469414 0.0506348 0.0290362 0.0199656 0.0143856 0.0230112 0.0267465 0.0214785 0.0188613 0.0143556 0.0230735 0.025471 0.0183397 0.0145865 0.0125303 0.0226936 0.0254168 0.0244198 0.0323907 0.0368672 0.0285175 0.021952 0.0285834 0.0350384 0.0385147 0.0364795 0.0248255 0.0231468 0.0232461 0.0265511 0.0258873 0.0203387 0.0277988 0.0233061 0.0245643 0.0306457 0.021918 0.0225455 0.0208869 0.0108008 0.017388 0.0169801 0.0156168 0.0306986 0.0264438 0.00825936 0.00334102 0.00532272 0.0153565 0.0160379 0.0124089 0.0086528 0.0079929 0.00456959 0.000431137 1.41702e-05 0 
0 8.90676e-06 0.00129384 0.00951203 0.016078 0.0185787 0.015281 0.021976 0.0212914 0.026871 0.0235808 0.0261951 0.0338993 0.0356447 0.0259581 0.0184282 0.0181044 0.0158165 0.0186377 0.0244052 0.0211862 0.0141844 0.0157583 0.0213695 0.020345 0.0211946 0.0201605 0.016764 0.019524 0.0230146 0.0249128 0.027366 0.0320782 0.028066 0.0225346 0.0264837 0.0221752 0.0322012 0.0229651 0.0207348 0.0207814 0.0295203 0.0316705 0.0205403 0.0209492 0.0209762 0.0235337 0.0256881 0.0204341 0.0238428 0.0241621 0.0239662 0.0238246 0.0183099 0.0195758 0.0289549 0.0386158 0.0171799 0.00580377 0.00619001 0.0128625 0.0148185 0.00950149 0.0149733 0.0152614 0.0127879 0.00574185 0.000394172 1.18965e-06 
0 0.000178478 0.00837045 0.0156536 0.0100311 0.0122608 0.0186831 0.0314945 0.0258549 0.0278793 0.0303677 0.0281144 0.0289724 0.0297453 0.0193164 0.0156802 0.0181472 0.0221049 0.0276605 0.0295794 0.0272049 0.017697 0.0151529 0.0155606 0.0154122 0.0186415 0.0230276 0.0210051 0.0187289 0.0293827 0.025364 0.0312739 0.0307789 0.0217694 0.0180854 0.019349 0.0202898 0.0309197 0.0280395 0.0256579 0.0268782 0.027862 0.0244708 0.0235178 0.0236529 0.0201966 0.0176536 0.0243975 0.0278345 0.0258813 0.0419751 0.0305361 0.0197011 0.0132719 0.0145891 0.0244343 0.0256284 0.022375 0.0158121 0.0147834 0.0102161 0.00594442 0.0107266 0.0253876 0.0258537 0.016519 0.0102273 0.00432522 0.0001727 
0 0.00147394 0.0093548 0.00639435 0.00212177 0.00325683 0.0105469 0.0202873 0.0234496 0.0251504 0.028296 0.0326786 0.0273059 0.0164653 0.0146927 0.0233947 0.0281311 0.0271559 0.0235852 0.0251132 0.0287664 0.0241454 0.0272354 0.0247541 0.0316889 0.0349669 0.0256524 0.0202677 0.0185042 0.0173126 0.0213566 0.0246337 0.022267 0.0220305 0.0269331 0.0197486 0.0210604 0.025444 0.0186004 0.0232617 0.0303773 0.026272 0.0240376 0.0262538 0.0255507 0.0213477 0.0188454 0.024844 0.0240559 0.0287275 0.0369691 0.0232535 0.0235689 0.0186811 0.0156545 0.0196633 0.0175912 0.0184372 0.01993 0.0246428 0.0146922 0.00658768 0.0136622 0.0260081 0.0270705 0.0163765 0.00969201 0.0071582 0.000752399 
0 0.00207587 0.00399132 0.00121464 0.00202266 0.00699214 0.00768031 0.018012 0.0217393 0.0274765 0.0253566 0.0274115 0.0212556 0.0194035 0.0186784 0.0220179 0.0247485 0.0299839 0.0231494 0.0195055 0.0245506 0.0249987 0.0349684 0.0409306 0.0399238 0.0388273 0.0337348 0.0174561 0.0168482 0.0178032 0.0160197 0.0232789 0.0301744 0.0258466 0.0210618 0.0227469 0.0272066 0.0212207 0.0153151 0.0213365 0.0313214 0.0286819 0.027707 0.0339458 0.0270847 0.0247291 0.0260969 0.0233402 0.0261957 0.0282371 0.0266196 0.0235648 0.023134 0.0204019 0.0178426 0.0156504 0.010267 0.027297 0.0434944 0.0249046 0.0134866 0.0127921 0.012095 0.0220534 0.0165697 0.00861512 0.01129 0.00742083 0.000336604 
0 0.00123419 0.00305783 0.00812971 0.0061111 0.0107106 0.0139124 0.0154895 0.0177667 0.0257719 0.0243796 0.0187361 0.0143958 0.0146567 0.0161643 0.024223 0.0226994 0.02396 0.0212716 0.0186071 0.0209705 0.0239361 0.0365675 0.0353209 0.0630202 0.059746 0.0289046 0.0223216 0.0166095 0.0233112 0.0194315 0.0222057 0.0231565 0.025047 0.0255033 0.0269738 0.0298018 0.0260762 0.0215701 0.0280323 0.0267488 0.0216981 0.0210653 0.0256437 0.0215996 0.019872 0.0225665 0.0240427 0.0213718 0.022507 0.0305508 0.0331093 0.0189662 0.020707 0.0211613 0.0165975 0.0216419 0.0331229 0.0417902 0.0276746 0.0157577 0.0134886 0.0191418 0.0198784 0.0138692 0.00754385 0.0041789 0.00255685 0.000150378 
0 0.000771983 0.00217 0.00158834 0.00152535 0.00745912 0.0160579 0.0196187 0.0164493 0.0293887 0.0230567 0.0128426 0.0116037 0.0112519 0.0162564 0.0262019 0.0284973 0.0307124 0.0250949 0.0243979 0.0174261 0.0199154 0.0312259 0.0314086 0.0379229 0.0321503 0.0346166 0.0392842 0.0291743 0.020062 0.015457 0.0158258 0.0232366 0.0215412 0.0231425 0.0218872 0.022137 0.0179282 0.0193611 0.0253019 0.0201549 0.0242737 0.0215416 0.0246219 0.0200574 0.0205097 0.0203194 0.0147515 0.018473 0.0205707 0.0359505 0.0586389 0.0286141 0.0248252 0.0152704 0.0166964 0.0236602 0.0179332 0.026566 0.0188676 0.0143499 0.0146376 0.0162894 0.0202846 0.0172558 0.0097541 0.00360654 0.0011609 1.89147e-05 
0 0.000231932 0.0005309 0.000280071 0.000519076 0.00898031 0.0125357 0.0228713 0.0204921 0.0220018 0.0209394 0.0063873 0.00407824 0.0093301 0.0146639 0.0266946 0.0324893 0.0305089 0.0290606 0.0261302 0.0177397 0.0231003 0.0216249 0.026431 0.0226451 0.0247025 0.0382368 0.0461364 0.02938 0.024072 0.0170404 0.0189117 0.0178167 0.0273825 0.0302482 0.0261702 0.0210973 0.01933 0.0143869 0.0182656 0.0182187 0.018487 0.0188396 0.0215523 0.0244638 0.0234662 0.0166446 0.0232467 0.017466 0.0148695 0.0220576 0.0410162 0.0321494 0.0218384 0.0148128 0.013356 0.0191632 0.0143462 0.0224297 0.0163505 0.0171996 0.0121689 0.0129391 0.0168893 0.014975 0.0102995 0.00505697 0.000864345 1.51614e-05 
0 4.71922e-05 0.000162017 0.000598285 0.00238669 0.00700436 0.0142583 0.0270413 0.0229305 0.0241253 0.0159953 0.00891635 0.0066192 0.016831 0.0166773 0.0259403 0.0230458 0.0241264 0.031762 0.0338018 0.031969 0.0292977 0.0245896 0.0215915 0.0224665 0.0226447 0.0448295 0.0425043 0.0309444 0.0184517 0.0164278 0.0106504 0.0138536 0.0217506 0.0302482 0.0292413 0.0239919 0.0287051 0.0156794 0.0231162 0.0220393 0.0259884 0.0270373 0.023584 0.0247081 0.0215396 0.020293 0.0276434 0.0243326 0.0204717 0.0166807 0.0186724 0.0238708 0.0169601 0.0138621 0.0175872 0.0196273 0.0144165 0.0224198 0.0173599 0.0115724 0.0102531 0.00619483 0.0133418 0.0146244 0.0132993 0.0121144 0.00200034 0.00018123 
0 0.000602257 0.00958853 0.0111321 0.0141622 0.0117181 0.0134601 0.0155012 0.0231276 0.0251765 0.0251483 0.0128873 0.0121206 0.0189878 0.0184874 0.0310098 0.0276969 0.0197794 0.0198138 0.0306499 0.037944 0.0315094 0.0288321 0.0166998 0.0197895 0.0254019 0.0355574 0.0337725 0.0380814 0.0251431 0.0231012 0.0160465 0.0164098 0.0193821 0.0228976 0.025648 0.0311626 0.0275172 0.0247979 0.0284247 0.0249624 0.018735 0.0200303 0.0161116 0.0221986 0.0222563 0.0224491 0.0222343 0.0219858 0.0154206 0.015168 0.0169997 0.0196836 0.0183766 0.0170516 0.017814 0.0149906 0.0166234 0.0243183 0.0187014 0.0194007 0.0130677 0.00776763 0.0103559 0.0184165 0.017026 0.0123747 0.00270258 8.60071e-05 
0 0.00138209 0.00900914 0.0124109 0.0132263 0.0125245 0.0114231 0.0182919 0.0244532 0.0242702 0.0223448 0.0228677 0.0181033 0.0213242 0.0171354 0.0236823 0.0337465 0.0246347 0.0220011 0.0314421 0.0288484 0.0419928 0.0324098 0.0254663 0.020961 0.0249772 0.0263883 0.032851 0.0318384 0.0337133 0.030978 0.0348723 0.0350864 0.0359553 0.0271648 0.0286241 0.0271921 0.0262971 0.0221799 0.0208203 0.0164073 0.0130546 0.0132182 0.0220188 0.0199479 0.0242554 0.0270269 0.0227189 0.0202576 0.013849 0.0184934 0.0217377 0.0168389 0.0166398 0.014079 0.0207307 0.0182411 0.0175091 0.0187386 0.0181784 0.0156404 0.0155255 0.0087183 0.00803848 0.0151732 0.0207139 0.0115341 0.00668879 0.00239546 
0 8.84235e-07 0.00540057 0.009152 0.0104934 0.00621999 0.0033847 0.0120184 0.0166499 0.0221654 0.0230315 0.0194164 0.015866 0.0238795 0.0291661 0.027898 0.0311319 0.0277723 0.0273181 0.0224985 0.0251572 0.0235836 0.0273229 0.0217914 0.0177646 0.0158317 0.0189362 0.0261974 0.0315402 0.0304907 0.0297838 0.032668 0.0299853 0.026569 0.0312202 0.0229555 0.0268374 0.022099 0.016535 0.0186137 0.0167387 0.012485 0.0154073 0.0301706 0.027683 0.0210694 0.0211618 0.0227955 0.0208273 0.0205804 0.016358 0.021416 0.0221689 0.0191027 0.0167945 0.0223374 0.0197166 0.0168514 0.0206638 0.0216209 0.0192074 0.0132233 0.011498 0.0116873 0.0200474 0.0217775 0.0126556 0.00748176 0.00300712 
0 0 0.000273979 0.00100733 0.00514058 0.00478986 0.00103893 0.00313788 0.0119952 0.0250031 0.0233681 0.0191213 0.0146083 0.0208757 0.0242693 0.0253416 0.0234407 0.0285952 0.0228048 0.024765 0.0250762 0.0246027 0.0349968 0.021414 0.0171317 0.0178417 0.0166447 0.0226943 0.0315226 0.0331389 0.0329177 0.0227489 0.0182688 0.0256967 0.0242525 0.0201385 0.0202859 0.0162601 0.0147219 0.0179099 0.01268 0.0113881 0.0159393 0.021535 0.0189754 0.01634 0.0179559 0.0157719 0.0196886 0.0236708 0.0229002 0.0208389 0.02293 0.0214686 0.0226281 0.0251782 0.0194584 0.0227788 0.02323 0.0190872 0.0151497 0.00988744 0.011344 0.018328 0.0200377 0.014076 0.0113718 0.0061987 0.00103543 
0 0 0 0 0.000281807 0.000719164 0.000243039 0.00139358 0.00652339 0.0142427 0.0205835 0.0172026 0.0137685 0.0190117 0.0298494 0.0285115 0.0194181 0.0208737 0.0197631 0.0265398 0.0242596 0.0271967 0.0395223 0.0292398 0.0257683 0.0175456 0.0192146 0.0285075 0.0301907 0.0319099 0.025146 0.0190382 0.0214037 0.0253043 0.0174381 0.0147722 0.0168218 0.0206916 0.0212623 0.0237054 0.0160931 0.016047 0.0220105 0.0306452 0.0217184 0.0190886 0.0179952 0.0205578 0.0242484 0.0222771 0.0221604 0.0297142 0.0306503 0.0194517 0.0159331 0.0179495 0.0211892 0.0254705 0.0223963 0.0146249 0.0164546 0.0145392 0.0115526 0.0150273 0.0118292 0.0139149 0.0123305 0.00616713 0.000168599 
0 0 0.000114028 0.00033391 0.00145687 0.00372595 0.00611384 0.00798979 0.0175444 0.0138582 0.0168842 0.014695 0.0142232 0.0166206 0.0248242 0.0240924 0.0173601 0.0208606 0.0280754 0.0362903 0.0279908 0.0238772 0.0281648 0.0308433 0.0257696 0.0223267 0.019358 0.0246348 0.0245228 0.0256439 0.0230595 0.0229635 0.0192595 0.0205173 0.0220366 0.0142315 0.0191766 0.0230454 0.0240385 0.0205696 0.0218855 0.0196909 0.0181725 0.0255674 0.0264794 0.025987 0.0229978 0.0222162 0.0235463 0.0211323 0.0185613 0.0249464 0.0259236 0.0227753 0.0197551 0.0194169 0.0199823 0.0200585 0.016803 0.0200121 0.0190197 0.0165348 0.0156815 0.0139714 0.012728 0.0118875 0.00939173 0.00336072 0.000373254 
0 0.000902827 0.00467886 0.00951089 0.0108788 0.0156125 0.0166709 0.0189516 0.0216964 0.0195882 0.0187317 0.0195777 0.0169495 0.018781 0.0162137 0.0198465 0.0196593 0.0198754 0.0323994 0.0273398 0.0274491 0.0220371 0.0198601 0.0233657 0.0252455 0.0208977 0.0206506 0.0198504 0.0234146 0.0265416 0.027839 0.0234055 0.0198726 0.0280296 0.025257 0.0204262 0.016714 0.0206484 0.0193373 0.0202181 0.0151479 0.0229577 0.0266754 0.0181831 0.0265276 0.0292744 0.027744 0.0212666 0.0159317 0.0175099 0.0148152 0.0205536 0.028022 0.02981 0.0181718 0.0140377 0.0211794 0.0178039 0.0252624 0.0288124 0.0263774 0.0189836 0.020865 0.0185857 0.0178252 0.0178629 0.0130095 0.00356258 0.000313103 
0 0.00387523 0.00981748 0.0130486 0.0197467 0.017761 0.0205857 0.0282027 0.0230236 0.0185736 0.0144503 0.017643 0.0158506 0.0190307 0.0186101 0.0153356 0.0210919 0.0242664 0.0224949 0.0290153 0.0278031 0.0263329 0.0173529 0.0164162 0.0225414 0.0233416 0.0184688 0.0175831 0.0222591 0.0235296 0.0261948 0.0340974 0.0384087 0.0409544 0.0324112 0.0294181 0.0192218 0.0170712 0.0172361 0.0186555 0.0146152 0.0192257 0.0230237 0.0198157 0.0254386 0.0251079 0.0223351 0.0203065 0.0194722 0.0214483 0.0224951 0.0245224 0.0264329 0.0315114 0.0203791 0.0120774 0.0164939 0.0186623 0.0219206 0.0306201 0.0258443 0.0225999 0.02107 0.0139215 0.0106398 0.0144906 0.013599 0.00973011 0.0028719 
0 0.00632363 0.017336 0.0227335 0.0370708 0.0184678 0.0173671 0.0194272 0.020809 0.0241863 0.0250585 0.0242686 0.0165471 0.0166248 0.0187644 0.0155164 0.0255107 0.0259468 0.0273181 0.0347931 0.0262677 0.0245357 0.0185618 0.0180637 0.0224444 0.0210257 0.0200894 0.0185854 0.0234443 0.0189023 0.0239966 0.0329461 0.0468312 0.0612631 0.0300926 0.0201813 0.020677 0.0177774 0.0183678 0.0151633 0.0138601 0.0197252 0.0159426 0.0155266 0.0202086 0.0240406 0.021264 0.0215536 0.0254706 0.0179482 0.0200021 0.0230841 0.0244256 0.0205057 0.0180718 0.0163901 0.0166501 0.0220251 0.0228534 0.026005 0.0178635 0.0157607 0.0207153 0.0225736 0.014022 0.0138616 0.0141983 0.0180828 0.011161 
0 0.00495884 0.015841 0.0246271 0.0287062 0.0199293 0.0226707 0.0240687 0.0222475 0.0216647 0.0222716 0.0237474 0.0211554 0.0239009 0.0186013 0.0172365 0.018466 0.0210493 0.0208333 0.0262077 0.0256881 0.0233505 0.023416 0.0199883 0.0237471 0.0236257 0.0212425 0.0216041 0.024944 0.0218901 0.0287356 0.0271495 0.0335812 0.0365686 0.0328128 0.0209694 0.0210286 0.021122 0.0180664 0.0189433 0.0166566 0.0181188 0.0149675 0.0151874 0.0190524 0.0229962 0.0231827 0.0206191 0.0168172 0.0216806 0.0246885 0.0239879 0.020129 0.0160757 0.0242245 0.0198675 0.0211922 0.0185355 0.0173119 0.0258145 0.0209746 0.0130249 0.016236 0.0205767 0.0149747 0.0121701 0.0103048 0.0121128 0.00491823 
0 0.00250175 0.00932207 0.0100572 0.0147232 0.0188051 0.0206378 0.0243997 0.0256776 0.0181054 0.0225948 0.0203297 0.0196877 0.0279918 0.0244765 0.0161368 0.0140549 0.0145399 0.0183555 0.0247183 0.0265156 0.0315495 0.0341666 0.0404108 0.0305894 0.0249526 0.0182136 0.0260919 0.0202127 0.0294125 0.025654 0.0235637 0.0290188 0.0282672 0.0329927 0.0227974 0.0237679 0.0224801 0.0201308 0.0213428 0.0223989 0.0207346 0.0223809 0.0192449 0.0177359 0.017118 0.0165059 0.0212868 0.022951 0.0317882 0.0278037 0.029176 0.0196046 0.016357 0.0184981 0.0211646 0.0233879 0.0178135 0.0159137 0.0170153 0.0222921 0.0166542 0.0134378 0.0147469 0.0111438 0.00998663 0.00573024 0.00418671 0.000882644 
0 4.68904e-05 0.00103814 0.00452751 0.00890299 0.0191533 0.0229948 0.0215861 0.0284253 0.029735 0.0340364 0.0215579 0.0186794 0.0170028 0.0148213 0.014783 0.0141602 0.0127564 0.0132034 0.0161172 0.0283343 0.0285661 0.0259336 0.0301374 0.0269903 0.0278987 0.0278676 0.0278432 0.0300551 0.034535 0.0255834 0.0284318 0.0292477 0.0265082 0.0220144 0.0239316 0.0266061 0.0249703 0.0195198 0.0250933 0.0251488 0.0204497 0.0230849 0.0234655 0.0161434 0.0166117 0.0191409 0.0228919 0.0341822 0.0485506 0.0354349 0.0244454 0.0248861 0.022393 0.017222 0.0146277 0.0178511 0.0178784 0.0180321 0.0181052 0.0211215 0.0176271 0.0104583 0.00863741 0.00818927 0.0086966 0.00545477 0.0025764 0.000167396 
0 1.48956e-05 0.000477488 0.00237025 0.00515209 0.0163293 0.0217996 0.0235687 0.0246685 0.0275699 0.0331172 0.021428 0.0197888 0.0220172 0.0230826 0.0159559 0.012242 0.0145877 0.0158942 0.0171374 0.027286 0.0353308 0.025518 0.0241519 0.0233173 0.0269754 0.0287146 0.0217381 0.0250315 0.0301365 0.0287581 0.028634 0.0315912 0.0222601 0.0221648 0.0213929 0.022507 0.0212072 0.0200133 0.0184358 0.0231381 0.0196383 0.0189953 0.0208468 0.0176575 0.022633 0.0204635 0.0231783 0.0371002 0.0321578 0.0273325 0.0198267 0.0265075 0.020626 0.0178987 0.0168281 0.0185883 0.0212882 0.0190161 0.0237337 0.0244877 0.016999 0.0121457 0.00627165 0.00856798 0.00934865 0.00993964 0.000830516 8.18421e-05 
0 0 0 0.000731679 0.00497491 0.0164072 0.0272582 0.0302689 0.0276841 0.0288057 0.0312929 0.0242555 0.0220894 0.0292989 0.0241306 0.0227814 0.0210271 0.0205241 0.0237747 0.0222813 0.0231028 0.0324877 0.0359278 0.0329048 0.0281382 0.0275837 0.0344877 0.0245635 0.0185176 0.0246178 0.0275212 0.0244837 0.0245326 0.0167407 0.0209428 0.023825 0.0171745 0.0137917 0.0190266 0.0186845 0.0148932 0.0172089 0.0199141 0.0168283 0.0227673 0.0195889 0.0194549 0.0195368 0.0182465 0.0166373 0.0215048 0.0238882 0.024014 0.0211143 0.0178702 0.0209513 0.0223193 0.0208446 0.0178854 0.0261283 0.0227918 0.0194652 0.0138621 0.00785859 0.00996029 0.00884292 0.00698171 0.00164734 0 
0 0 0 0.000614355 0.00392563 0.0172525 0.026292 0.0276756 0.0321618 0.0434687 0.0333105 0.0274511 0.0261565 0.0300204 0.0349271 0.0315248 0.0267094 0.0222552 0.0246616 0.0216659 0.0235847 0.0277376 0.0257213 0.0322373 0.0264788 0.0267709 0.0341785 0.0296346 0.0196443 0.0269081 0.025273 0.0249058 0.0265983 0.0208528 0.0243458 0.0185961 0.016018 0.0168813 0.0170212 0.0199117 0.0193542 0.0155577 0.0183459 0.0248938 0.0231289 0.0226862 0.0216935 0.0182642 0.0124756 0.0191016 0.0239962 0.0254415 0.0224751 0.0191997 0.0179682 0.0174281 0.0116338 0.0144121 0.0172772 0.01677 0.0179849 0.0234623 0.0119413 0.0113444 0.0107214 0.00902104 0.00721262 0.000510006 0 
0 0 0 2.7694e-05 0.00232987 0.0119258 0.0212118 0.0319083 0.038275 0.0421169 0.0210445 0.0231812 0.02257 0.0263431 0.0314528 0.0342099 0.0274705 0.0217831 0.0227748 0.0257066 0.024675 0.0203686 0.0270846 0.0222992 0.0192872 0.0246883 0.0311851 0.0257668 0.018859 0.0267658 0.038984 0.0400035 0.026858 0.0197263 0.0201688 0.0218859 0.0151 0.0170958 0.0171809 0.020715 0.0218089 0.0172278 0.0182021 0.0170998 0.0226136 0.0230035 0.0233128 0.0173622 0.0220924 0.027291 0.0275572 0.0234842 0.021761 0.0211748 0.0263572 0.0125506 0.00443323 0.00751194 0.013365 0.020508 0.0196532 0.0202865 0.0146373 0.0105287 0.0125337 0.00662969 0.0028823 5.00056e-05 0 
0 0 0 0.000406667 0.00511952 0.00851846 0.0188944 0.0319672 0.0374462 0.0271727 0.0218836 0.0194036 0.0209036 0.0249193 0.0234065 0.0310373 0.0286293 0.019391 0.0242885 0.0257167 0.0195809 0.0202062 0.028341 0.022503 0.0179302 0.0215663 0.0227778 0.0224162 0.0218397 0.0332696 0.0764861 0.085977 0.0332725 0.025264 0.018062 0.026714 0.0192548 0.0201627 0.0239896 0.0200269 0.0191612 0.0120815 0.0167314 0.0234645 0.0163499 0.027123 0.021665 0.022043 0.0296351 0.0306618 0.0280397 0.0279927 0.0230142 0.0203326 0.026196 0.0103864 0.00479146 0.00850655 0.0152406 0.0236788 0.0262556 0.0202202 0.0228669 0.0250499 0.0244175 0.00560884 0.00090486 0 0 
0 0 0 0.000152936 0.00296941 0.0121756 0.0189491 0.0231512 0.0250747 0.0222896 0.0196808 0.0185443 0.0197547 0.0213665 0.0211043 0.043459 0.0342565 0.0143958 0.0225731 0.0260998 0.028278 0.0244167 0.0230192 0.0196483 0.0185843 0.0194493 0.0175777 0.0233155 0.0221111 0.0240611 0.0440653 0.0546525 0.0348705 0.0210065 0.0190311 0.0211031 0.0209348 0.0233241 0.0256893 0.0203897 0.0156192 0.0148271 0.0156009 0.0179949 0.018823 0.024213 0.0201689 0.0251905 0.0218533 0.0231177 0.021435 0.0211455 0.0184562 0.0212387 0.0250731 0.00957129 0.0059125 0.00835352 0.0146794 0.0242485 0.0272574 0.0193093 0.0264489 0.0344744 0.0193024 0.00345015 0 0 0 
0 0 0 0 0.000975868 0.00840039 0.0146598 0.0193611 0.0192337 0.0142604 0.0196463 0.0238145 0.017748 0.0193139 0.0251317 0.0311351 0.0216323 0.0173222 0.0216645 0.022652 0.020439 0.0260681 0.0257783 0.0184984 0.0173486 0.0179661 0.0215289 0.0257638 0.0202774 0.0221518 0.0221028 0.0281356 0.0251073 0.0251049 0.0193254 0.0158587 0.0190249 0.0231705 0.0232179 0.0218573 0.0201195 0.0277363 0.0260023 0.0198502 0.0217984 0.0204084 0.0232675 0.0217534 0.0174544 0.0239513 0.0213551 0.0170963 0.0219581 0.0190869 0.0212543 0.0074684 0.0102022 0.0082273 0.00706443 0.0111204 0.0198258 0.022863 0.0203008 0.0197977 0.00887904 0.000542514 0 0 0 
0 0 0 0 6.69715e-05 0.00321044 0.00932681 0.0158992 0.0130434 0.00638359 0.0120448 0.0231432 0.021431 0.0203117 0.020613 0.0194788 0.0152146 0.0201619 0.0204246 0.0177029 0.0236569 0.0253012 0.0207683 0.0183267 0.0196678 0.025718 0.0290616 0.0394562 0.029095 0.0247971 0.0223779 0.0325259 0.0318593 0.0246914 0.0188027 0.0205622 0.0249386 0.030231 0.0212584 0.0156677 0.0143415 0.0229627 0.0201686 0.0254628 0.0233787 0.0213517 0.0172708 0.0158405 0.0170385 0.0192158 0.0196881 0.0120623 0.00807886 0.00532794 0.00479976 0.00386658 0.00838671 0.0100465 0.00457637 0.00179713 0.0090168 0.0151313 0.0134406 0.0120654 0.00256226 0.000146063 0 0 0 
0 0 0 0 0 0.000282603 0.00262563 0.00351183 0.00174208 0.0013586 0.00366262 0.00860558 0.0159508 0.0139402 0.0162977 0.0198808 0.017201 0.0227631 0.0261622 0.0199909 0.0362951 0.0333851 0.0238947 0.020464 0.026595 0.0279953 0.0314948 0.0426348 0.0298313 0.0235128 0.0199452 0.0285401 0.027703 0.0177609 0.0156662 0.0202641 0.0189431 0.0187668 0.0186484 0.00986767 0.00583864 0.0163273 0.0161399 0.0182779 0.0206931 0.0241985 0.0199831 0.0193636 0.0152265 0.00984187 0.00851461 0.00411543 0.00609859 0.00352051 0.0060604 0.00864505 0.0132934 0.0136286 0.0117683 0.0130161 0.0149665 0.0101174 0.0076956 0.00349688 0.000455295 0 0 0 0 
0 0 0 0 0 0 0 0 0.000984626 0.00261645 0.00324399 0.00744291 0.0134254 0.0145998 0.015252 0.0169959 0.0167558 0.0218862 0.0228325 0.0211515 0.0252088 0.0247141 0.0114465 0.0201638 0.0252397 0.0302328 0.0329349 0.0412835 0.0225081 0.0264463 0.0255615 0.024701 0.0157239 0.0175391 0.0156668 0.013438 0.0186551 0.0245251 0.0170137 0.00820579 0.00333727 0.0107985 0.0189461 0.0174753 0.0198514 0.0197502 0.0206603 0.0160514 0.00948837 0.00496596 0.0054602 0.00897638 0.0143965 0.0193907 0.0132406 0.0129606 0.0190887 0.0136837 0.0169749 0.0240746 0.0188926 0.0103385 0.00858169 0.0039085 0 0 0 0 0 
0 0 0 0 0 0 0 0 0.000769114 0.00455936 0.00621275 0.0105272 0.0165929 0.0161367 0.0141226 0.0200077 0.0193244 0.0252537 0.0315905 0.0241053 0.0197042 0.0160463 0.0121715 0.0142864 0.0234185 0.028116 0.0308805 0.034731 0.0326191 0.0344435 0.0309868 0.0358934 0.0261086 0.0158345 0.0153957 0.0143801 0.0205876 0.0146235 0.013948 0.0131972 0.00979971 0.0121714 0.0157049 0.0162698 0.0177676 0.0177419 0.0175538 0.0134881 0.0139626 0.0147004 0.0159162 0.0176378 0.0177399 0.0112763 0.0149654 0.0153472 0.0145733 0.00846386 0.0112087 0.0190652 0.0169619 0.00834865 0.00462602 0.000272094 0 0 0 0 0 
0 0 0 0 0 0 0 0 0.0001339 0.00222161 0.00809426 0.0152544 0.0163069 0.0144492 0.0103757 0.0195686 0.0241493 0.0322514 0.0334045 0.0279656 0.0149461 0.0175536 0.0146861 0.0137469 0.0176634 0.0282546 0.0334434 0.028242 0.0292708 0.0325086 0.026214 0.0347582 0.0267624 0.0206003 0.0197252 0.0244669 0.0165507 0.0118458 0.0166001 0.0193171 0.0201241 0.0169864 0.0178875 0.0172311 0.0175886 0.0302399 0.0294457 0.0133931 0.0168717 0.0219611 0.0207878 0.0160384 0.0143396 0.0182923 0.0226869 0.0192772 0.0160496 0.0183451 0.00635477 0.0041403 0.00392094 0.00367177 0.00062032 0 0 0 0 0 0 
0 0 0 0 0 0 0 0 2.32374e-05 0.00301845 0.0137962 0.0175353 0.0154911 0.0119595 0.0113108 0.0163814 0.0183615 0.0261829 0.0250177 0.0229085 0.0151793 0.0153705 0.0143598 0.0148434 0.0190494 0.022764 0.0225484 0.0231049 0.0222662 0.036719 0.0273534 0.0202356 0.0205504 0.0181028 0.0214771 0.0240751 0.0183155 0.012066 0.0197016 0.0337635 0.0378016 0.0197331 0.0155387 0.0195883 0.0252836 0.0404738 0.0434131 0.0227579 0.0161407 0.0141949 0.0147042 0.0115082 0.0159622 0.0209789 0.0203226 0.0254384 0.0272408 0.0295595 0.0222415 0.0040017 0.000246239 0.000338328 3.69777e-05 0 0 0 0 0 0 
0 0 0 0 0 0 0 0 7.95112e-05 0.00479645 0.0136914 0.0125173 0.0102813 0.00906907 0.00753622 0.00608489 0.0112063 0.0179982 0.0283015 0.0285313 0.0188987 0.0128444 0.0148584 0.0177962 0.0213552 0.0253774 0.0198392 0.023619 0.0222808 0.0270575 0.0259039 0.0221796 0.0187436 0.0165273 0.0122054 0.0192413 0.0195744 0.016167 0.0197167 0.025727 0.0356519 0.0279915 0.0195913 0.0200961 0.0245711 0.0293775 0.0343457 0.0249117 0.0119669 0.0140429 0.0204071 0.0192566 0.0141321 0.0122748 0.0145334 0.0209423 0.0224729 0.0349896 0.0308957 0.00601397 0 0 0 0 0 0 0 0 0 
0 0 0 0 0 0 0 0 0 0.000421429 0.00233937 0.00617278 0.0152284 0.0110686 0.00490371 0.00587773 0.0137147 0.0196106 0.0217126 0.0373566 0.0246683 0.0198538 0.0139226 0.0187383 0.023386 0.0313013 0.0304545 0.0226373 0.0213834 0.0220346 0.0254121 0.022957 0.0205586 0.0188511 0.0209537 0.0221504 0.0272976 0.0219591 0.0170053 0.0180434 0.0238983 0.0249147 0.0223889 0.0162531 0.0240267 0.0227183 0.0279678 0.0214762 0.018908 0.0233942 0.0236196 0.0240495 0.0156391 0.0122326 0.0146048 0.00983696 0.00582856 0.0144326 0.0133797 0.00129405 0 0 0 0 0 0 0 0 0 
0 0 0 0 0 0 0 0 0 0 0 0.00370617 0.0151697 0.0197734 0.0106224 0.0146915 0.0143795 0.00447689 0.0061515 0.0230918 0.028245 0.0155265 0.0127092 0.0178507 0.0221818 0.0239062 0.0220104 0.0226236 0.0239641 0.0189095 0.0264012 0.0357337 0.0350838 0.0239148 0.0222546 0.0274186 0.0285359 0.0193821 0.0145375 0.0142724 0.0156611 0.0196119 0.0209101 0.0239864 0.0211072 0.0179643 0.0202987 0.0159359 0.0167755 0.016518 0.0114178 0.015251 0.0163226 0.0164198 0.0205912 0.0117463 0.00147651 0.00067108 0.000869004 3.39184e-05 0 0 0 0 0 0 0 0 0 
0 0 0 0 0 0 0 0 0 0 0 0.000842664 0.00538993 0.00920281 0.0177784 0.0210955 0.0179234 0.00130107 0.000970082 0.00739698 0.0215554 0.0148412 0.0192991 0.0177551 0.0209422 0.019813 0.0225095 0.0269897 0.0260613 0.023411 0.0341982 0.0430516 0.0282795 0.0282294 0.0247542 0.0264669 0.0348289 0.0165672 0.0134696 0.0153253 0.0222755 0.023348 0.0242276 0.0220526 0.0169379 0.0154065 0.0205252 0.0130977 0.00795789 0.00828128 0.0116424 0.00793761 0.0132021 0.02295 0.0298373 0.0195909 0.00239975 0 0 0 0 0 0 0 0 0 0 0 0 
0 0 0 0 0 0 0 0 0 0 0 0 6.24354e-05 0.00147594 0.0155015 0.0203744 0.00958165 0.000118282 0 0.00625174 0.0231326 0.0227283 0.0163699 0.0149162 0.0279356 0.0246657 0.0220956 0.0318173 0.0338538 0.0329945 0.02674 0.0267824 0.0217775 0.0242176 0.0271157 0.033843 0.0396145 0.0266445 0.0142039 0.0185909 0.0206787 0.0284273 0.0243279 0.0159162 0.0166562 0.0208461 0.0236126 0.0168924 0.00942625 0.00732429 0.0116481 0.00855415 0.0126132 0.0141755 0.0135519 0.004559 0.000322079 0 0 0 0 0 0 0 0 0 0 0 0 
0 0 0 0 0 0 0 0 0 0 0 0 0 2.48588e-05 0.00184467 0.0045745 0.00153048 0 0 0.00362745 0.0238501 0.020985 0.0195426 0.0234516 0.0390388 0.0324558 0.020057 0.0277381 0.0304303 0.0237985 0.0144978 0.0117573 0.0114198 0.0182512 0.0223539 0.0344226 0.0353727 0.0292653 0.0160095 0.0171205 0.0197668 0.0201654 0.0212594 0.0167992 0.0178909 0.0236957 0.0217139 0.0151119 0.015943 0.0154349 0.0165902 0.00771634 0.00649812 0.00679908 0.00491984 0.000630284 9.07578e-06 0 0 0 0 0 0 0 0 0 0 0 0 
0 0 0 0 0 0 0 0 0 0 0 0 0 0 0 0 0 0 0 0.0027616 0.0192085 0.0194507 0.0166958 0.0193158 0.0267695 0.0244294 0.0190563 0.0191768 0.0188692 0.00867027 0.00667631 0.00530925 0.00991722 0.0169172 0.0146174 0.0162491 0.0169806 0.0179782 0.0129131 0.0153106 0.0136114 0.0156274 0.0216726 0.0195389 0.0186231 0.0199252 0.0203842 0.0125918 0.0216698 0.0176867 0.0134902 0.00308625 0.0033273 0.00126614 0.000187865 0 0 0 0 0 0 0 0 0 0 0 0 0 0 
0 0 0 0 0 0 0 0 0 0 0 0 0 0 0 0 0 0 0 0.000181726 0.00279996 0.00666104 0.011826 0.0165403 0.0209874 0.0167376 0.0130207 0.0249284 0.0249562 0.00858568 0.00107085 0.000782481 0.00180536 0.00348359 0.00543873 0.00861878 0.0112937 0.0138263 0.0171969 0.00771193 0.00320836 0.00672451 0.0174515 0.0225729 0.0150438 0.013295 0.0161947 0.0152241 0.0139085 0.00678047 0.00250035 0.000223857 0.000102595 0 0 0 0 0 0 0 0 0 0 0 0 0 0 0 0 
0 0 0 0 0 0 0 0 0 0 0 0 0 0 0 0 0 0 0 0 0.00103446 0.00492455 0.0105151 0.0125456 0.01629 0.0222269 0.0197996 0.0179097 0.0235648 0.0108392 0.000351287 0.000831716 0.004264 0.0112696 0.0112305 0.00611186 0.00965856 0.0149622 0.0189965 0.0165707 0.00858874 0.00529994 0.0139631 0.0227631 0.0226654 0.0186787 0.0168851 0.0145967 0.00504102 0.00147544 4.49307e-05 0 0 0 0 0 0 0 0 0 0 0 0 0 0 0 0 0 0 
0 0 0 0 0 0 0 0 0 0 0 0 0 0 0 0 0 0 0 0 0.000191698 0.0023363 0.00696341 0.00950548 0.0165895 0.0178428 0.00704866 0.00393073 0.00767667 0.00294832 0.000464452 0.00820672 0.0108846 0.0181424 0.0156485 0.0127833 0.0114551 0.0208252 0.0325679 0.0284599 0.0184606 0.00562668 0.0124064 0.0206201 0.0200496 0.0198131 0.0159632 0.00956149 0.000949967 9.93983e-05 0 0 0 0 0 0 0 0 0 0 0 0 0 0 0 0 0 0 0 
0 0 0 0 0 0 0 0 0 0 0 0 0 0 0 0 0 0 0 0 0 0 0.000389279 0.0019421 0.00317047 0.00273375 0.00108219 0.000690699 0.00177015 0.000333486 0.000930618 0.00662896 0.00732618 0.00936413 0.00849065 0.0117432 0.01282 0.0183253 0.0294732 0.0325998 0.0184231 0.00249125 0.00276896 0.00566424 0.00492859 0.00287913 0.00161159 0.000343264 3.70928e-06 0 0 0 0 0 0 0 0 0 0 0 0 0 0 0 0 0 0 0 0 
0 0 0 0 0 0 0 0 0 0 0 0 0 0 0 0 0 0 0 0 0 0 0 0 0 0 0 0 0 0 5.76637e-05 0.000444618 0.00108037 0.00139154 0.00201255 0.00438219 0.00712508 0.00725442 0.0110681 0.01039 0.00463264 0.000605943 0 0 7.01169e-06 1.08287e-06 0 0 0 0 0 0 0 0 0 0 0 0 0 0 0 0 0 0 0 0 0 0 0 

