0 0 0 0 0 0 0 0 0 0 0 0 0 0 0 0 0 0 0 0 0 0 0 0 0 0 0 0 0 3.99011e-05 0.000106494 0.000207134 2.53501e-05 3.2361e-05 1.34814e-05 0 0 0 0 0 0 0 0 0 0 0 0 0 0 0 0 0 0 0 0 0 0 0 0 0 0 0 0 0 0 0 0 0 0 
0 0 0 0 0 0 0 0 0 0 0 0 0 0 0 0 0 0 0 0 0 0 0 0 0 1.08685e-05 0.000145392 0 0.000260158 0.00477348 0.0129406 0.0119397 0.00805068 0.00620246 0.00286291 0.000290427 0.000178249 0 0.000160888 0.00139943 0.00474443 0.00460552 0.000898612 9.7493e-05 0 0 0 0 0 0 0 0 0 0 0 0 0 0 0 0 0 0 0 0 0 0 0 0 0 
0 0 0 0 0 0 0 0 0 0 0 0 0 0 0 0 0 0 0 0 0 0 0 0 0.000253969 0.00477557 0.00714347 0.00198025 0.00203685 0.0106119 0.0268184 0.026478 0.0218478 0.0221735 0.0134522 0.0043141 0.0020735 0.000991679 0.0019749 0.00846696 0.0211377 0.0217882 0.00946967 0.00185692 0.000196055 0 0 0 0 0 0 0 0 0 0 0 0 0 0 0 0 0 0 0 0 0 0 0 0 
0 0 0 0 0 0 0 0 0 0 0 0 0 0 0 0 0 0 0 3.7123e-05 0.000870509 0.00127161 0.00237156 0.00305583 0.00359718 0.0135746 0.0153601 0.00945187 0.0059166 0.00633207 0.0260669 0.0251889 0.0249695 0.0347437 0.0193988 0.0143961 0.00956791 0.00607698 0.0113859 0.0251375 0.0255149 0.0220501 0.0154999 0.00517906 0.00175974 0.000184661 0.00101712 0.00230046 0.000741151 6.57768e-05 0 0 0 0 0 0 0 0 0 0 0 0 0 0 0 0 0 0 0 
0 0 0 0 0 0 0 0 0 0 0 0 0 0 0 0 0 0 0.000747764 0.00307746 0.00845509 0.00954215 0.0126448 0.012757 0.00718166 0.0120673 0.00875363 0.00624215 0.00720131 0.0112211 0.0196166 0.0196538 0.0203735 0.0208521 0.0204128 0.0257839 0.0223463 0.0199602 0.0212581 0.0269519 0.0213496 0.0225912 0.0143181 0.00747571 0.00861536 0.00855621 0.00931597 0.0136728 0.00781796 0.00298628 0.00108204 0.000100061 0 0 0 0 0 0 0 0 0 0 0 0 0 0 0 0 0 
0 0 0 0 0 0 0 0 0 0 0 0 0 0 0 0 0.000170229 0.00245267 0.011168 0.0178959 0.0186729 0.0201647 0.0178175 0.014971 0.0118668 0.0161491 0.0143881 0.0108681 0.00954298 0.0204505 0.0273599 0.0267298 0.0240705 0.0229418 0.0221928 0.0238594 0.0182404 0.0235426 0.0231237 0.029789 0.0240102 0.02338 0.0174377 0.0156672 0.0171875 0.0211044 0.0209195 0.0236988 0.0143068 0.013361 0.0071312 0.00206233 0.000248392 4.04922e-05 0 0 0 0 0 0 0 0 0 0 0 0 0 0 0 
0 0 0 0 0 0 0 0 0 0 0 0 0 0 0 0 0.000356993 0.00584805 0.0141239 0.0216182 0.0166266 0.0182355 0.0134594 0.0162466 0.017812 0.021332 0.0212061 0.0182881 0.0101322 0.0120275 0.0200274 0.0213964 0.0229959 0.0237091 0.0162942 0.0173304 0.0175459 0.0172176 0.0197758 0.0280989 0.029869 0.0242437 0.0170237 0.021757 0.0223406 0.0230785 0.0225845 0.0255879 0.0214692 0.0220681 0.0205659 0.0183443 0.0101592 0.00758859 0.0011358 5.94989e-07 0 0 0 0 0 0 0 0 0 0 0 0 0 
0 0 0 0 0 0 0 0 0 0 0 0 0 0 0 0 1.55563e-05 0.00254197 0.00901403 0.0149373 0.0161404 0.024421 0.0175471 0.013897 0.0181735 0.0161941 0.0172592 0.023479 0.0210259 0.0169045 0.0194834 0.0211262 0.0241875 0.021275 0.0178394 0.0198027 0.0182283 0.0131916 0.0139344 0.0227745 0.0204889 0.0194355 0.0159801 0.0211166 0.015699 0.0174398 0.0216964 0.0326909 0.0350722 0.0305968 0.0249331 0.0332439 0.0297806 0.0273747 0.0142953 0.00136018 6.70104e-05 0 0 0 0 0 0 0 0 0 0 0 0 
0 0 0 0 0 0 0 0 0 0 0 0 0 0.00043321 0.00204549 0.00120738 0.000557163 0.0037838 0.010062 0.0183286 0.0207927 0.0207681 0.0190541 0.0258664 0.0182618 0.0140473 0.0181564 0.0193422 0.0237819 0.0233559 0.0178808 0.020592 0.03117 0.0242925 0.0154241 0.019946 0.020516 0.0179305 0.0156784 0.0208723 0.0227224 0.0216163 0.0148795 0.0189606 0.0184222 0.0204778 0.0274731 0.0360352 0.0395661 0.0325169 0.0303162 0.0433056 0.0360915 0.0236362 0.0182684 0.0112219 0.00252238 6.1863e-06 0 0 0 0 0 0 0 0 0 0 0 
0 0 0 0 0 0 0 0 0 0 0 0.000351086 0.0027345 0.00641514 0.0132324 0.0101503 0.00776603 0.00908779 0.0172616 0.0173956 0.0170661 0.014227 0.01798 0.023086 0.0202864 0.015224 0.0199617 0.0174299 0.0207063 0.0229993 0.0257229 0.0217325 0.0219899 0.0254205 0.0231098 0.0211658 0.0200594 0.0198142 0.0174963 0.0200984 0.0278596 0.0248298 0.0263036 0.0189439 0.0171549 0.0204309 0.0235705 0.022222 0.0357088 0.0321481 0.0269721 0.0382955 0.0284023 0.0226746 0.0187377 0.0216615 0.00927643 0.000191051 1.82708e-07 0 0 0 0 0 0 0 0 0 0 
0 0 0 0 0 0 0 0 0 0 0.000214653 0.00394421 0.00932499 0.0170034 0.024963 0.0159018 0.0167877 0.0223149 0.0259129 0.0192617 0.0151648 0.0181975 0.0134604 0.0235879 0.0280774 0.0210458 0.0219817 0.0242983 0.0254281 0.0283576 0.0307732 0.0314843 0.0256711 0.0293762 0.0270216 0.0231692 0.0257116 0.0220741 0.0220839 0.0175752 0.0234045 0.0208081 0.0260625 0.022919 0.0249158 0.0245221 0.0271505 0.0208179 0.0213997 0.029874 0.0267106 0.0330395 0.0261713 0.0258964 0.0261689 0.0305696 0.0188371 0.0083962 0.0101459 0.000690143 0 0 0 0 0 0 0 0 0 
0 0 0 0 0 0 0 0 0 0.000149003 0.000862146 0.00812401 0.0165841 0.017524 0.0166736 0.0239666 0.0199613 0.0190345 0.0222925 0.0209703 0.0200775 0.0222627 0.0172083 0.0188362 0.0273392 0.0206858 0.0214843 0.0288836 0.0266039 0.0366755 0.0378483 0.0348482 0.0285433 0.0206375 0.0151126 0.019013 0.0238246 0.0274947 0.023151 0.0209396 0.019042 0.0171952 0.0203851 0.0171992 0.0212943 0.0183909 0.0192726 0.0237696 0.0248184 0.0249601 0.0329329 0.0295719 0.0259467 0.0358075 0.0306047 0.0392187 0.034242 0.0249823 0.0203749 0.00327473 0 0 0 0 0 0 0 0 0 
0 0 0 0 0 0 0 0 0 0.000426797 0.00499985 0.0135196 0.0233324 0.0267209 0.0203589 0.0202074 0.0186646 0.0170723 0.0164054 0.0126552 0.0175095 0.0216738 0.0180819 0.0203896 0.0193787 0.0214387 0.0210537 0.0294837 0.0267512 0.0355706 0.0304442 0.024655 0.0195419 0.0188583 0.020716 0.0217533 0.0270859 0.0309262 0.0298654 0.0290657 0.0234362 0.0244681 0.0241777 0.0208089 0.0231116 0.0215943 0.0218664 0.0197018 0.0233366 0.0199949 0.0237719 0.0255215 0.026147 0.0375217 0.0357482 0.0293861 0.0365906 0.0390585 0.022057 0.00913341 0.000980948 0 0 0 0 0 0 0 0 
0 0 0 0 0 0 0 0 6.7935e-05 0.00275395 0.0143541 0.0210616 0.0243717 0.0255322 0.0185597 0.0158801 0.0136165 0.0206706 0.0227511 0.017362 0.0158789 0.0164272 0.0236473 0.0154778 0.0132671 0.0161473 0.0177781 0.0284762 0.0348254 0.0291216 0.0257215 0.0216993 0.0211183 0.035721 0.0296246 0.030497 0.0305713 0.0276855 0.0240386 0.0191081 0.019637 0.0266193 0.0254282 0.0183857 0.0166532 0.0200857 0.0246474 0.0185538 0.0165876 0.0185654 0.0174806 0.0206805 0.0264774 0.0305427 0.0264307 0.0258301 0.0349299 0.0304652 0.0251058 0.0111589 0.00218266 0.00018622 0 0 0 0 0 0 0 
0 0 0 0 0 0 0 0 0.00133473 0.00898227 0.0157379 0.0219923 0.0212588 0.0192256 0.0179173 0.0173844 0.019408 0.0207956 0.0204456 0.0196689 0.0186931 0.0211572 0.0218265 0.0172835 0.0157056 0.019334 0.0192896 0.0229425 0.02696 0.0230834 0.0322483 0.0302991 0.0313691 0.0460173 0.0394163 0.0293697 0.0262811 0.0199722 0.0167372 0.0246766 0.0340958 0.0269009 0.0201915 0.0151766 0.015054 0.0211982 0.0213681 0.022245 0.0258621 0.0355434 0.026611 0.0254021 0.0267564 0.0259483 0.0256258 0.0259287 0.0281692 0.0194204 0.0248014 0.0174267 0.00707983 0.00186363 0.00055549 0 0 0 0 0 0 
0 0 0 0 0 0 0.000815927 0.00418659 0.00353242 0.0158389 0.0243151 0.0250667 0.0234937 0.0213025 0.0227176 0.0204479 0.0168818 0.0200084 0.0188951 0.0161433 0.017446 0.0206041 0.0179708 0.0192589 0.0178697 0.0203099 0.0229685 0.0223142 0.0218496 0.0223497 0.0231517 0.0257707 0.0391745 0.0439796 0.0412625 0.0289827 0.0264114 0.0320145 0.0238473 0.0230906 0.0361804 0.0338222 0.0267877 0.0222319 0.0178043 0.0229426 0.022991 0.0251858 0.0320759 0.0356622 0.0306372 0.0232164 0.0270087 0.0287468 0.0228559 0.0259489 0.024054 0.0252284 0.0231591 0.0312529 0.0207945 0.0163006 0.00975013 0.00137751 0 0 0 0 0 
0 0 0 0 0 8.654e-05 0.00386511 0.0102649 0.00970046 0.0221474 0.0244857 0.02474 0.0221562 0.0238029 0.0243454 0.028715 0.019937 0.0188261 0.0227057 0.0180808 0.0183811 0.0195459 0.0220612 0.0181556 0.0184018 0.0219818 0.0198509 0.0216022 0.022607 0.0215426 0.0203881 0.0269329 0.0342646 0.0381488 0.0369443 0.0239701 0.0227505 0.0321295 0.0307777 0.0214961 0.0301037 0.0306362 0.0253269 0.0201621 0.01928 0.0221219 0.0266717 0.0311039 0.0363092 0.0317746 0.0278921 0.0204662 0.0252307 0.0201171 0.0189888 0.017834 0.0216527 0.0281189 0.0287526 0.0327379 0.0372124 0.0286394 0.0209792 0.00221243 6.34443e-05 0 0 0 0 
0 0 0 0 0 0.000825521 0.00559903 0.011141 0.0143732 0.0150807 0.0195681 0.0230839 0.0182107 0.0252316 0.0215762 0.0313148 0.018966 0.0173596 0.0249622 0.03026 0.0274848 0.0215425 0.0185952 0.02077 0.0212712 0.0215964 0.0232831 0.0235129 0.0241349 0.0266761 0.0250165 0.0195898 0.0249242 0.0272843 0.0272179 0.0265139 0.0251164 0.031154 0.0264941 0.0260481 0.0305919 0.0265049 0.0262901 0.031649 0.0241253 0.0265653 0.0276282 0.0200955 0.0220335 0.0237662 0.0303522 0.0243595 0.0215612 0.0155342 0.0133227 0.0143876 0.0315442 0.0337585 0.0352284 0.0352889 0.024775 0.0185583 0.0163553 0.00891824 0.000985916 0 0 0 0 
0 0 0 0 0.000206697 0.00552387 0.0126036 0.014821 0.0136169 0.0135766 0.0131978 0.0122601 0.00707754 0.0171416 0.0275197 0.0280594 0.0199485 0.0153362 0.019506 0.0596359 0.0515347 0.0232076 0.0239381 0.0252082 0.0287017 0.0185144 0.0161048 0.0194899 0.0208705 0.0213732 0.0275423 0.0215523 0.0204039 0.0233167 0.026362 0.0198872 0.0246286 0.0367215 0.0353714 0.0307147 0.0231985 0.0223838 0.0210868 0.0256304 0.0268815 0.0274781 0.0238744 0.027 0.0210409 0.0231095 0.0278155 0.0208669 0.0204901 0.0222741 0.0157282 0.0224237 0.0346718 0.032952 0.0379918 0.0372692 0.0252639 0.0236932 0.025146 0.019131 0.00418215 5.73686e-06 0 0 0 
0 0 0 0 0.000359176 0.00666841 0.0169576 0.0145395 0.0122977 0.0110561 0.0126383 0.00820623 0.00497523 0.00856633 0.0134234 0.0245078 0.0149199 0.0151612 0.0160811 0.0478383 0.03803 0.018497 0.0153062 0.0214448 0.0248598 0.0295749 0.0218735 0.0165817 0.0130799 0.0200353 0.025335 0.0221099 0.0167198 0.0179159 0.021707 0.0207344 0.0378095 0.0431248 0.0372597 0.0308682 0.0264226 0.0186944 0.0191942 0.0194515 0.0240964 0.0364387 0.0343757 0.0224102 0.0170708 0.0214534 0.0266927 0.0210895 0.0223237 0.0202473 0.016529 0.0231658 0.0289888 0.0357391 0.0448337 0.0363524 0.0278685 0.0272476 0.0307203 0.0243917 0.00766056 0.000186356 0 0 0 
0 0 0 0 0.00161313 0.0100105 0.0168444 0.0147493 0.0114512 0.0137221 0.0134667 0.00849796 0.0107058 0.00993562 0.00934885 0.0134837 0.0138539 0.0149146 0.0135158 0.0210742 0.0201577 0.013454 0.0152642 0.0175618 0.0163697 0.023126 0.0264394 0.0168849 0.0150319 0.0173474 0.0215808 0.024178 0.0191755 0.0215048 0.0255261 0.0242944 0.0383577 0.0397842 0.0398796 0.0321369 0.0196331 0.0130684 0.0135672 0.0251505 0.0327441 0.0428048 0.0252622 0.0219472 0.0276005 0.0199906 0.0191493 0.0248651 0.0180209 0.0191421 0.0176905 0.01724 0.0201368 0.0236107 0.027607 0.0247773 0.0285021 0.0282076 0.0268778 0.0339303 0.0109144 7.9805e-05 0 0 0 
0 0 0 0.00115469 0.00936454 0.0150329 0.0180286 0.0163256 0.0113247 0.0145112 0.0138109 0.0113924 0.0121193 0.0128349 0.0160356 0.0167405 0.0156455 0.0145256 0.0166151 0.014006 0.0148931 0.0107694 0.0122925 0.014452 0.0127136 0.0173559 0.023547 0.017886 0.019539 0.0173492 0.0242959 0.0238414 0.0140661 0.0232625 0.0245132 0.0303533 0.0281203 0.0239103 0.0238123 0.0242763 0.0166049 0.0128802 0.0152111 0.0281089 0.029385 0.0301518 0.022206 0.0215189 0.0182595 0.014427 0.0162495 0.0218828 0.0177015 0.0234846 0.0174939 0.017419 0.0223822 0.0192988 0.0214135 0.0233768 0.033763 0.0294543 0.0262621 0.026785 0.00738375 0.000221007 2.23975e-05 0 0 
0 0 0 0.00282432 0.00900165 0.0176866 0.014003 0.0107793 0.00925367 0.0106908 0.00915194 0.0107437 0.0122531 0.0195297 0.0222493 0.0172208 0.0186565 0.0177742 0.0185526 0.0174129 0.0218526 0.0120537 0.0100265 0.0140841 0.0159266 0.0189173 0.0244775 0.0197789 0.015606 0.0195224 0.0222255 0.0232103 0.020895 0.0250396 0.0217733 0.0228479 0.0248861 0.0286876 0.0254786 0.0226016 0.0185516 0.0136054 0.019132 0.0254577 0.031345 0.0190762 0.0109891 0.00927876 0.00785328 0.00559378 0.0155466 0.026198 0.0337939 0.0294689 0.0297922 0.0318843 0.0284606 0.0192694 0.0225095 0.0180494 0.0196056 0.0226256 0.0257586 0.0201484 0.00753268 0.00403102 0.0004045 0 0 
0 0 0 0.00208352 0.0117766 0.0154548 0.0155957 0.0146327 0.0091535 0.00682075 0.0119021 0.0121126 0.0162066 0.0183171 0.0205916 0.0180545 0.018213 0.014779 0.0173279 0.0226615 0.023291 0.0216433 0.0163104 0.0200337 0.0210088 0.0226051 0.0208167 0.0191495 0.0170424 0.0242917 0.0269698 0.0406528 0.0355749 0.0282941 0.0219378 0.0285572 0.0222179 0.0269393 0.0247814 0.0166194 0.0192667 0.0200032 0.0322844 0.0345987 0.0275911 0.0146281 0.00934125 0.00713026 0.0100988 0.00746601 0.0147438 0.0301788 0.0374767 0.0234412 0.0236922 0.0266242 0.0270513 0.0193671 0.0220813 0.0182086 0.0178665 0.0249408 0.029337 0.0150515 0.0101634 0.010539 0.00161363 0.000290192 0 
0 0 0 0.00269434 0.0108682 0.0140717 0.0112828 0.0136064 0.00997692 0.00906324 0.0106286 0.0144267 0.0144334 0.0182677 0.0161905 0.0228232 0.0196141 0.0157256 0.0165154 0.0230684 0.0201651 0.0194821 0.0137629 0.0152528 0.0170473 0.0241078 0.0241884 0.0346785 0.046665 0.0378614 0.0344476 0.0429426 0.0298277 0.0219251 0.022353 0.0255959 0.0300918 0.0253398 0.0236397 0.0231743 0.0194709 0.0203914 0.0320141 0.0354166 0.0281439 0.0228299 0.0143977 0.0163598 0.0168839 0.0190304 0.0125346 0.0101698 0.0151018 0.0339184 0.0285071 0.0214576 0.0272402 0.0431497 0.0417374 0.0250042 0.0226529 0.0287727 0.0294254 0.0181737 0.0160801 0.0162664 0.00410971 0.00147919 0 
0 0 0.000129941 0.00261954 0.0102292 0.0143208 0.0160264 0.0114707 0.00625426 0.00350764 0.0131683 0.0195606 0.0144245 0.0168337 0.0168838 0.0217071 0.0220371 0.0132405 0.0164981 0.0169222 0.0141399 0.019375 0.0147725 0.0112326 0.0141115 0.0140543 0.0221307 0.0310299 0.0530841 0.0330085 0.0364168 0.0361576 0.0238703 0.0206513 0.0189465 0.0354436 0.0352698 0.0210379 0.0224749 0.0200792 0.018658 0.0226595 0.0236178 0.0228876 0.0221163 0.0234963 0.0150003 0.0166866 0.0205261 0.0221776 0.0174453 0.0136471 0.0213942 0.0402671 0.0263501 0.0188869 0.0220931 0.038825 0.0431317 0.0371042 0.0276688 0.031956 0.0326788 0.0189115 0.0137423 0.0117788 0.00889033 0.00767615 0.000128634 
0 0 0.000242693 0.00258997 0.0077485 0.0146624 0.0154649 0.0125918 0.00268089 0.00263658 0.0107729 0.0166816 0.0186825 0.0150585 0.0160887 0.0144092 0.0212299 0.0169507 0.0157115 0.0141288 0.0129856 0.0156377 0.0112489 0.0121177 0.0105235 0.0139766 0.0165411 0.0225791 0.0483046 0.0400819 0.0315403 0.0350152 0.0354839 0.0297644 0.036602 0.0608202 0.043464 0.0233431 0.022813 0.0212687 0.0218228 0.020158 0.0291222 0.0302589 0.0143554 0.0190735 0.0163696 0.017421 0.0152296 0.0146058 0.015073 0.0160314 0.0251343 0.0280266 0.0214133 0.0168215 0.0167306 0.0232069 0.0354991 0.0334444 0.0368267 0.034029 0.0292755 0.0266011 0.0248409 0.0116275 0.0132445 0.0164603 0.00165204 
0 0 6.49284e-05 0.00313414 0.0111044 0.0161341 0.0133844 0.0110309 0.00386719 0.00598857 0.0163379 0.0190564 0.0190195 0.0147813 0.017566 0.0210293 0.0191432 0.0139967 0.0126036 0.0131013 0.0116714 0.00985565 0.00976615 0.0165232 0.014547 0.0122488 0.0120683 0.0155304 0.0296634 0.0475029 0.0291639 0.0445258 0.0274203 0.0355686 0.0330191 0.0332565 0.0444394 0.0407709 0.0381297 0.0420557 0.024318 0.0266441 0.0287624 0.0243178 0.0138602 0.0238354 0.0173733 0.0273998 0.0241479 0.017878 0.0190923 0.0189941 0.0195269 0.0206732 0.0158953 0.0178272 0.0167021 0.0112468 0.0175727 0.0193409 0.0274653 0.0294035 0.0221488 0.0234372 0.018557 0.0177085 0.0212846 0.0240676 0.00428059 
0 0 0.000461872 0.00472563 0.00662932 0.0129398 0.00770277 0.00604726 0.0100971 0.0142647 0.0200934 0.017893 0.0180229 0.0149923 0.0155668 0.0168919 0.0196232 0.0216094 0.0196849 0.0162316 0.0135709 0.0119358 0.0111297 0.017368 0.014357 0.0116096 0.0107429 0.0139744 0.0259289 0.0251731 0.0299225 0.04013 0.0291711 0.0351257 0.0272891 0.0249681 0.0397931 0.0286728 0.0253509 0.0414289 0.0269274 0.0206253 0.0205647 0.0184503 0.021342 0.0220397 0.0259153 0.020405 0.0275053 0.0203596 0.0185185 0.0200462 0.0211763 0.0166843 0.0221623 0.0162638 0.0163224 0.0179846 0.018916 0.0271322 0.0252236 0.0180026 0.0123039 0.0239537 0.0246489 0.0247481 0.0204406 0.02777 0.00658033 
2.91273e-05 0.000319554 0.00219941 0.00615095 0.00933574 0.00628581 0.00579637 0.00982912 0.0162391 0.0139248 0.0207554 0.0152288 0.0175393 0.0210504 0.0179942 0.0127382 0.0147209 0.0182467 0.0213771 0.0175767 0.016896 0.0132231 0.01522 0.0178326 0.0137976 0.0134136 0.0147297 0.0206761 0.0258408 0.0245361 0.0279298 0.0382905 0.0394709 0.0333354 0.030682 0.0346604 0.0359097 0.0288899 0.0206432 0.0307158 0.02511 0.0239754 0.0128024 0.0205857 0.0212802 0.0210289 0.0221045 0.0192315 0.0196296 0.0207875 0.0257258 0.0284372 0.0387206 0.0266248 0.0301935 0.0249525 0.0136149 0.0118558 0.0180373 0.0268987 0.0175812 0.0122028 0.01289 0.0235674 0.025302 0.0155486 0.0111944 0.0273826 0.00830336 
0.000119295 0.0016978 0.00528966 0.00292606 0.0035896 0.001043 0.00389902 0.00839934 0.0126135 0.0160426 0.0170056 0.0197592 0.0177742 0.020773 0.0157701 0.0144184 0.017995 0.0159998 0.0145964 0.0147876 0.0186466 0.0159486 0.0148881 0.0197958 0.019087 0.0177048 0.0183712 0.0151588 0.0202921 0.0246273 0.0269284 0.0285416 0.0296468 0.0361596 0.0309902 0.028638 0.0320689 0.034274 0.0292446 0.0362098 0.0687266 0.0631444 0.0270945 0.0164745 0.0170142 0.0225299 0.0324256 0.0219086 0.022222 0.0325882 0.0379075 0.0331854 0.0462339 0.0232766 0.0228045 0.025521 0.0175045 0.0155253 0.0204869 0.0222513 0.0200576 0.0104043 0.0131707 0.0231631 0.0129378 0.00492203 0.0030939 0.0140923 0.00305564 
4.91656e-06 0.00117211 0.0028916 0.00215791 0.00637434 0.00177108 0.000206415 0.00256642 0.00790576 0.0149555 0.0155962 0.0211316 0.0177056 0.0154856 0.0160469 0.0164189 0.0224526 0.0175912 0.0130984 0.0133622 0.0138261 0.0166968 0.0156561 0.0194565 0.0215435 0.022028 0.0191174 0.0193498 0.0137942 0.0170518 0.0215016 0.0220118 0.0254696 0.0248268 0.020114 0.0227107 0.0298402 0.0361907 0.0408582 0.0773086 0.109492 0.0632014 0.0409281 0.0209795 0.0187412 0.0438229 0.0373128 0.0217152 0.026531 0.0352893 0.0396624 0.0306421 0.0259039 0.0191082 0.0194028 0.0211503 0.0177836 0.0200836 0.0272316 0.0378281 0.0305273 0.02224 0.0242072 0.0251549 0.0186075 0.0140007 0.00909584 0.0202844 0.0034504 
7.7388e-05 0.000661792 0.000847134 0.00737731 0.0118368 0.0069422 0.000269052 0.0034245 0.00735491 0.0148465 0.0164434 0.0183021 0.0146499 0.0150367 0.0163484 0.0297569 0.0649868 0.0289752 0.0140051 0.00929639 0.0138091 0.0167403 0.0140532 0.020209 0.0241299 0.0214456 0.0177976 0.0163283 0.0173082 0.0154387 0.0229336 0.0196598 0.0201482 0.0228496 0.027113 0.0254325 0.0255852 0.0351936 0.0481505 0.056062 0.0756519 0.0484832 0.0375916 0.0215181 0.0234611 0.0438157 0.0312592 0.0228596 0.027063 0.0266916 0.028718 0.0204509 0.0225589 0.024564 0.0177595 0.0216498 0.0236198 0.0196215 0.0268907 0.0301394 0.0340053 0.0247195 0.0299925 0.0290344 0.0223937 0.0123392 0.0156116 0.0157366 0.0020874 
4.26089e-05 0.00015702 0.00224038 0.00512914 0.00536837 0.00231878 0.00220228 0.00641601 0.00880418 0.0107851 0.0148294 0.0182281 0.012852 0.00827646 0.0109055 0.0217142 0.0425757 0.0220887 0.0161372 0.0119611 0.0113969 0.0136813 0.0156435 0.0169022 0.0219182 0.0195898 0.0118805 0.0113419 0.0139799 0.0177798 0.0171261 0.0162441 0.0180035 0.0182612 0.0214762 0.0191348 0.0246417 0.0332475 0.0373035 0.035717 0.0241107 0.0326179 0.0418615 0.0173258 0.0191241 0.0275613 0.0370707 0.0278844 0.021828 0.0208582 0.0237401 0.0173734 0.019627 0.0182214 0.0240105 0.0262608 0.0369964 0.0315326 0.0219686 0.0152892 0.0217315 0.0295869 0.0327132 0.0320086 0.0191992 0.0132773 0.0212504 0.00759017 0.000763092 
0.00016532 1.22939e-05 0.000324791 0.00127274 0.000888692 0.000495419 0.00459533 0.00822163 0.0124271 0.0148791 0.0118416 0.010268 0.0114288 0.0215576 0.0153732 0.0108992 0.00957292 0.00955189 0.00962049 0.0135048 0.0137962 0.0152685 0.0145264 0.0129978 0.0121966 0.0145727 0.0132801 0.0110778 0.0123374 0.0205062 0.0169139 0.0138965 0.0163789 0.0190086 0.0224768 0.0214828 0.0277108 0.0243022 0.0226645 0.0259543 0.0257142 0.0399604 0.0397214 0.018875 0.0218133 0.0210599 0.0274191 0.0409195 0.0298074 0.0161737 0.0178645 0.0206499 0.0201256 0.0150555 0.0267098 0.0339642 0.0315161 0.0195921 0.0168494 0.0151407 0.0233787 0.0192562 0.0164322 0.0190862 0.017967 0.0126198 0.0210195 0.00757598 0.000106702 
1.88546e-06 0 0 0.000118238 9.2271e-05 0.000838558 0.00593085 0.0147441 0.013663 0.0159301 0.0179838 0.0185224 0.0124532 0.0154505 0.0130797 0.00962673 0.00984814 0.0123401 0.011364 0.0148944 0.0117301 0.0152979 0.0132326 0.0159286 0.0163216 0.0148659 0.0108785 0.0114643 0.0155009 0.0156462 0.0199716 0.0151054 0.0180023 0.0226929 0.0211098 0.0233193 0.0346199 0.0194496 0.0178675 0.016355 0.022238 0.0281582 0.0266172 0.0185922 0.0228432 0.0197591 0.0151148 0.0450796 0.0590252 0.0407304 0.0262844 0.0299245 0.0254945 0.0211093 0.0251707 0.0302438 0.028169 0.0202226 0.0253908 0.0237067 0.0237632 0.0186462 0.00786122 0.0116445 0.0265427 0.0225322 0.031778 0.0170605 0.0021074 
0 0 0 1.61684e-05 0.000316819 0.0037203 0.0116935 0.0216256 0.0123419 0.0163055 0.0158774 0.0126791 0.0118205 0.0149375 0.0152219 0.012184 0.0152713 0.0151793 0.0140214 0.018905 0.0141805 0.0147559 0.0178701 0.0166018 0.0163574 0.0127524 0.00850747 0.0123189 0.0176264 0.019501 0.0284132 0.0174339 0.0121994 0.0196572 0.0278182 0.023547 0.0229637 0.018126 0.0178478 0.0127918 0.0149292 0.0194415 0.0180222 0.0203045 0.0233729 0.0168058 0.0150898 0.0187573 0.0485894 0.0679756 0.0521881 0.0316053 0.0248772 0.0236405 0.0186167 0.0230506 0.0278032 0.0218856 0.023971 0.0240024 0.0246466 0.0147916 0.011198 0.0202133 0.031197 0.0283161 0.0342501 0.0413319 0.0100874 
5.39892e-06 0 0.000510453 0.00431439 0.00557347 0.0137316 0.0115243 0.0211331 0.0169106 0.0176715 0.0225629 0.0161097 0.00976384 0.0131562 0.0121727 0.0127718 0.0180912 0.0153935 0.0150135 0.0154242 0.0148898 0.0138591 0.0164369 0.015447 0.0185096 0.0136453 0.0130384 0.014894 0.0159258 0.0273559 0.034851 0.023162 0.0155334 0.0143621 0.0174966 0.020007 0.0182273 0.0188237 0.0246781 0.0163609 0.0163246 0.0190479 0.0186886 0.0182247 0.0210345 0.0176736 0.0165823 0.015361 0.0145974 0.017766 0.0290229 0.0331588 0.0233178 0.0224185 0.0192975 0.0204068 0.0181976 0.0160694 0.0247663 0.0284805 0.0197704 0.0135355 0.0144951 0.0245343 0.0489032 0.0417817 0.0257411 0.0345327 0.0150843 
0.000240911 0.00186288 0.00635233 0.00916265 0.0116679 0.0104474 0.011276 0.0183756 0.0190123 0.013297 0.0142021 0.0152865 0.0119946 0.0148494 0.0154889 0.0176506 0.0176404 0.0146519 0.0166031 0.017853 0.0118952 0.0136612 0.0165114 0.016015 0.0133877 0.0107241 0.0161783 0.0133791 0.0196349 0.0196869 0.0320472 0.0178184 0.0174778 0.0124182 0.0127066 0.01289 0.0154495 0.0207502 0.0227574 0.0200822 0.0213681 0.0243739 0.0265612 0.0169765 0.0217897 0.0199229 0.0148237 0.013273 0.0132045 0.0199447 0.0231869 0.0225158 0.0239072 0.021879 0.0212585 0.0205257 0.0188415 0.0208035 0.0204537 0.028482 0.0215163 0.018125 0.0145164 0.0219053 0.031661 0.0267796 0.0268139 0.0223005 0.0104932 
5.67834e-05 0.00289073 0.0100077 0.0167985 0.0119674 0.0114975 0.0110492 0.016032 0.0155117 0.0157243 0.0164267 0.0146163 0.0125293 0.012022 0.0150342 0.0155658 0.0126461 0.0159893 0.0200704 0.0198072 0.0157671 0.00921241 0.0148576 0.0153214 0.0101559 0.0120001 0.0114252 0.0155086 0.0185386 0.0107811 0.0124178 0.0095813 0.0142338 0.0189952 0.0226069 0.0181828 0.0165989 0.0167293 0.0157064 0.0202831 0.0331329 0.024125 0.0209229 0.0218361 0.0158365 0.0161806 0.0134597 0.0126711 0.0180104 0.0181469 0.0165885 0.0202038 0.0205984 0.0168233 0.0181971 0.0280386 0.0283488 0.0202984 0.0224888 0.0341288 0.0339448 0.0371454 0.0301715 0.0211466 0.0196805 0.0261833 0.0221945 0.0221546 0.00678315 
0 0.00467791 0.0114217 0.0166593 0.0105318 0.011599 0.0177907 0.0194257 0.0145721 0.016623 0.0213933 0.0128296 0.0130031 0.00973792 0.00948048 0.0113909 0.0153097 0.0111572 0.0173419 0.0118935 0.0167762 0.013421 0.0141313 0.0140913 0.0120861 0.009771 0.00909638 0.00928953 0.0140875 0.0129582 0.011149 0.00949923 0.0118943 0.0167004 0.0189191 0.0202578 0.019426 0.0141376 0.0138756 0.0154857 0.0210675 0.0226981 0.0214621 0.0229362 0.0154721 0.0186644 0.0161362 0.0144957 0.0146575 0.0173536 0.0243277 0.0222298 0.0134829 0.0143837 0.0203732 0.0272746 0.0251872 0.0180365 0.0138332 0.0179583 0.0193969 0.0222031 0.028465 0.0267295 0.0197064 0.0210647 0.024891 0.0232088 0.0039443 
0 0.00309379 0.0124378 0.0130211 0.0116636 0.0151826 0.0162279 0.0149998 0.0154302 0.0198093 0.0284959 0.0207829 0.0129173 0.00723071 0.00692227 0.0125599 0.0121446 0.0116393 0.0152195 0.0145976 0.0216896 0.0226643 0.0135293 0.00994012 0.0116495 0.00823263 0.0116625 0.012538 0.0127084 0.00925292 0.0118688 0.0121663 0.0117858 0.0158545 0.0195292 0.0174168 0.0163384 0.0207219 0.017135 0.0107388 0.0138904 0.0138448 0.0205105 0.0243303 0.0153327 0.0168976 0.0179898 0.0187632 0.0174891 0.016229 0.0181254 0.0151705 0.0165172 0.0195332 0.028447 0.0173131 0.01137 0.0128427 0.0126171 0.0167362 0.0191562 0.0238281 0.030607 0.031082 0.025325 0.0296276 0.0282158 0.0209791 0.00372991 
0 0.000755504 0.00584785 0.0129093 0.0136217 0.0201746 0.0250801 0.0174827 0.0135956 0.0245271 0.0369328 0.015468 0.00955563 0.00688286 0.00867287 0.00730697 0.00712496 0.0105258 0.010112 0.0155174 0.0175529 0.0182447 0.0214437 0.011437 0.0128428 0.0111828 0.0092268 0.00907128 0.00742399 0.00890637 0.0118675 0.00598679 0.0081744 0.0128334 0.0130053 0.0135541 0.0201947 0.0208424 0.0129758 0.0120798 0.0157924 0.0143349 0.0240879 0.0272832 0.0248455 0.0175967 0.0165648 0.017214 0.0135739 0.0175741 0.0175807 0.0163599 0.0211215 0.027556 0.0242503 0.0205227 0.0138141 0.0170814 0.0323612 0.0332197 0.028822 0.0258378 0.031466 0.0261746 0.0207652 0.0238062 0.0200123 0.0205188 0.00267623 
0 0.000212111 0.00640986 0.0132578 0.0139873 0.0196406 0.0220954 0.0178442 0.0123781 0.0149986 0.0184447 0.012146 0.0121285 0.00786332 0.00668293 0.00516475 0.00650086 0.00748295 0.00942652 0.0199619 0.0169297 0.0168738 0.0210675 0.0147765 0.0139017 0.0159863 0.00660896 0.0057943 0.0109141 0.0147808 0.0159447 0.00922677 0.0117657 0.0131131 0.0140696 0.021737 0.0201492 0.0203329 0.0189682 0.0162825 0.0147693 0.0152156 0.0279501 0.0270308 0.0191574 0.0171012 0.0195587 0.0167265 0.0133063 0.0147066 0.0169405 0.0168627 0.0219311 0.0183835 0.014212 0.0175845 0.012581 0.0227629 0.0384373 0.032213 0.0371709 0.0371362 0.0265165 0.0239618 0.0196963 0.0108069 0.0137685 0.00633802 0.000694261 
0 1.9918e-05 0.00478668 0.0102106 0.0189867 0.0243644 0.0141097 0.0226961 0.0149482 0.0126332 0.01016 0.0130267 0.0102991 0.00895661 0.00822155 0.00916139 0.0154041 0.00932786 0.0115381 0.0308908 0.01801 0.0119897 0.0137181 0.0119704 0.0145454 0.0138241 0.00878814 0.00371364 0.00849877 0.0134791 0.0151779 0.0121538 0.0124854 0.0103347 0.0111193 0.0167726 0.0240747 0.0221349 0.022554 0.0187526 0.0155318 0.0140073 0.0189589 0.019981 0.0178354 0.0202518 0.024698 0.0179721 0.0123414 0.0164377 0.0184786 0.0176695 0.0176282 0.0139443 0.0146216 0.0125081 0.0125318 0.0214314 0.0325114 0.0271524 0.0249731 0.0260857 0.0255104 0.0290156 0.0187365 0.00725871 0.0117844 0.00433376 2.28932e-05 
0 0 0.00161607 0.0108636 0.019884 0.019133 0.0166738 0.0230736 0.0132639 0.0086677 0.0122205 0.0134477 0.00878169 0.00637573 0.0057819 0.0135895 0.0149957 0.0114056 0.0141176 0.0240845 0.0219348 0.0143621 0.0108869 0.0098454 0.013699 0.0144179 0.0106002 0.00894062 0.00384354 0.00784375 0.0133423 0.0104245 0.0106587 0.010659 0.00931998 0.0140334 0.0247563 0.0204904 0.0257779 0.0277545 0.0200871 0.0175331 0.0178835 0.0255272 0.0247197 0.0300786 0.0372644 0.0281296 0.0203585 0.0163393 0.0222298 0.0193274 0.0165871 0.0142359 0.0115493 0.00726733 0.00636833 0.0108428 0.0190453 0.0227273 0.0171292 0.013997 0.0219965 0.0334643 0.0287077 0.013148 0.00653759 0.000906333 0 
0 0 0.000143582 0.00506759 0.0127911 0.0145279 0.0147945 0.0138843 0.00857862 0.00436545 0.0116624 0.0128761 0.00782002 0.00626033 0.00742952 0.0247417 0.0190954 0.0154248 0.0125608 0.0152174 0.0193949 0.0120448 0.0128867 0.0116852 0.0174514 0.0169959 0.0147102 0.0101101 0.0029692 0.00720019 0.0134043 0.0113789 0.00868395 0.00830248 0.01417 0.0171247 0.0218822 0.0233753 0.0285017 0.0317278 0.0236516 0.0204864 0.0213516 0.0290051 0.0463983 0.0327663 0.045907 0.0396997 0.0247732 0.0173148 0.0205263 0.0176935 0.00762419 0.0115012 0.0106437 0.00435641 0.00510837 0.00423125 0.00612762 0.00993999 0.0164292 0.00871806 0.00901672 0.011801 0.0148022 0.00838827 0.00374934 9.88037e-05 0 
0 0 0 0.00157528 0.00752921 0.016469 0.0152633 0.0169146 0.0147777 0.0116005 0.00906263 0.00966551 0.00934062 0.00797697 0.0122171 0.0261941 0.0188577 0.018334 0.0155703 0.0123967 0.010193 0.0106023 0.0130741 0.0157716 0.0138043 0.013431 0.0107392 0.0127199 0.0124427 0.0129559 0.0165784 0.0164902 0.0159763 0.0139447 0.0151478 0.0109217 0.0194939 0.022782 0.0221854 0.0210832 0.0250171 0.0333519 0.0323454 0.0293593 0.042751 0.0424031 0.0307386 0.0421704 0.0351495 0.0208678 0.0191886 0.0191096 0.00732183 0.0146977 0.00773029 0.00249055 0.00133795 0.00274122 0.00534719 0.00991997 0.01885 0.0243205 0.0100662 0.00304805 0.00205686 0.00467958 0.00141097 8.61659e-06 0 
0 0 0 0.000813905 0.00521597 0.0112405 0.0137756 0.0131927 0.012564 0.00629993 0.00427806 0.0116969 0.0221419 0.0123673 0.00908386 0.0129249 0.0119569 0.0169709 0.0111251 0.0124321 0.0166465 0.0220731 0.0149797 0.0189204 0.0154364 0.0154299 0.0122254 0.0138703 0.014312 0.0198265 0.0324379 0.0338984 0.0192058 0.0155101 0.0194006 0.0170922 0.0115707 0.0152251 0.0155091 0.0189095 0.0381218 0.0614746 0.0314027 0.0260082 0.0259417 0.0239543 0.0211161 0.0274408 0.0415879 0.0219146 0.0199334 0.0269227 0.0199103 0.0226595 0.0134816 0.00609938 0.00589445 0.00974491 0.00533084 0.00692916 0.0127264 0.02667 0.0172949 0.0119252 0.00513883 0.000582836 0 0 0 
0 0 0 6.85091e-05 0.00240985 0.0104455 0.0138946 0.0143645 0.0122093 0.00926597 0.00979057 0.0093012 0.0140076 0.00850301 0.00767901 0.00942237 0.00949311 0.011359 0.00854128 0.0171909 0.0215202 0.0254649 0.0176671 0.0188332 0.017634 0.0135419 0.01476 0.0146491 0.0115766 0.0207427 0.0340373 0.0258798 0.0133173 0.0199007 0.0228161 0.0210263 0.0140283 0.0118259 0.0122897 0.0141563 0.0249549 0.0336728 0.0307768 0.0231241 0.0215447 0.0160944 0.0199298 0.017828 0.0293697 0.0286348 0.0266941 0.0269568 0.0403713 0.0223559 0.0168772 0.00901691 0.011195 0.0150937 0.00987947 0.00389627 0.00578655 0.0111833 0.0168548 0.0137303 0.0121012 0.00241862 0 0 0 
0 0 0 0 0.00164277 0.00825744 0.0121736 0.015788 0.0136986 0.0139451 0.0165752 0.0102478 0.0114819 0.0115558 0.00896379 0.00844639 0.0070489 0.01186 0.00866379 0.021422 0.0225361 0.0185137 0.0177422 0.0186617 0.01277 0.0187788 0.0244958 0.0174479 0.0125357 0.0132532 0.0146326 0.0161879 0.0192348 0.0176435 0.0191866 0.0152274 0.0136214 0.0145233 0.0189567 0.0187839 0.0159826 0.0157342 0.0247301 0.0228016 0.0243012 0.0179936 0.0210513 0.0186398 0.0229747 0.0339753 0.0289486 0.0227572 0.0155027 0.0141453 0.0158557 0.018388 0.0122204 0.0131067 0.0169805 0.0101028 0.00624048 0.00785012 0.01296 0.0133071 0.00758753 0.000838026 0 0 0 
0 0 0 0 0.000203884 0.00250169 0.00612015 0.00856902 0.0125027 0.0126993 0.014129 0.0119902 0.00967174 0.010992 0.0140297 0.0103619 0.0100424 0.014206 0.0175989 0.0283641 0.0209423 0.0190035 0.0138251 0.0134959 0.00902669 0.0145821 0.018336 0.0213411 0.0203377 0.0157312 0.0126336 0.0119075 0.0152375 0.0165074 0.0181661 0.0132882 0.0147622 0.017416 0.0143202 0.0142807 0.0147485 0.0182532 0.0270515 0.025933 0.0282883 0.0251453 0.0176449 0.0240615 0.0211261 0.0254152 0.0195 0.0146422 0.0200822 0.022814 0.0161763 0.0225333 0.0134971 0.0180959 0.0164714 0.0174945 0.0117475 0.00835964 0.00737932 0.0114754 0.00680483 0.00028083 0 0 0 
0 0 0 0 0 1.43608e-06 0.000138366 0.00124498 0.00878022 0.0102808 0.00761649 0.0116673 0.00844638 0.0107524 0.0114335 0.0153016 0.0156274 0.02149 0.0164027 0.0165821 0.0169525 0.0221773 0.0163825 0.0137682 0.0129135 0.0125625 0.0134379 0.022667 0.0312752 0.0212765 0.0130793 0.0161678 0.0181806 0.0146094 0.0162061 0.0129199 0.013079 0.0121983 0.0117728 0.0152558 0.0156275 0.0255449 0.023359 0.0291282 0.0227945 0.0213316 0.0222043 0.0222672 0.0215901 0.0199942 0.0104366 0.0230285 0.0629911 0.0605591 0.0179805 0.0128021 0.00778603 0.00962305 0.0102469 0.0107523 0.0172837 0.0175387 0.00990586 0.00911205 0.00104668 0 0 0 0 
0 0 0 0 0 0 0 0.00061566 0.00300416 0.00358958 0.0065388 0.0101129 0.0115655 0.0111149 0.0120193 0.0164177 0.0254581 0.026347 0.0165419 0.0141769 0.00921369 0.0125303 0.00821654 0.0119114 0.0141093 0.0127086 0.00972478 0.0198364 0.0190607 0.014416 0.0105283 0.0246554 0.0145222 0.0128107 0.0134613 0.013487 0.0168616 0.0132737 0.0103415 0.0144523 0.0221863 0.0259257 0.0212516 0.0200955 0.0154397 0.014403 0.0181185 0.0188287 0.0250195 0.0249778 0.0221266 0.0195919 0.060374 0.105494 0.0309545 0.0095958 0.012053 0.00488993 0.00232973 0.00408712 0.0134733 0.0188186 0.0148025 0.00592679 0.00012188 0 0 0 0 
0 0 0 0 0 0 0 0.000266911 0.000468297 0.00382941 0.0111994 0.0130028 0.0162812 0.0154186 0.0180569 0.0193026 0.0222643 0.0214843 0.0157917 0.0117935 0.00806557 0.0118414 0.012206 0.0157185 0.0188119 0.0107559 0.0115986 0.0175531 0.0185755 0.0188921 0.0125607 0.0172933 0.0145592 0.0167969 0.0101646 0.0181911 0.0239351 0.0156931 0.0112783 0.0152895 0.0164716 0.0202671 0.0255714 0.0199124 0.0203298 0.0204413 0.0227056 0.0185772 0.0210768 0.0276885 0.0285976 0.0184399 0.0212325 0.0342844 0.0201332 0.0156899 0.00871217 0.00794285 0.00379343 0.00175282 0.00470057 0.00566469 0.00357234 0.000224722 0 0 0 0 0 
0 0 0 0 0 0 0 0 0.00034375 0.00484984 0.0117791 0.0105983 0.01471 0.0165009 0.0189785 0.0198691 0.0158446 0.0152926 0.0104653 0.00803779 0.00900557 0.0152526 0.0160878 0.0226072 0.0226445 0.0161488 0.0188044 0.0276382 0.0250059 0.0220816 0.0214488 0.0241897 0.0274667 0.0193428 0.0150179 0.0181553 0.0261807 0.0238528 0.0193973 0.0172759 0.0144471 0.0197353 0.020633 0.0201047 0.0302062 0.0250288 0.0220408 0.0217411 0.0235443 0.0301716 0.0243693 0.0158604 0.00942317 0.0133952 0.018854 0.0207275 0.0241197 0.0180621 0.010053 0.000521056 0.000200801 0.000742881 9.46285e-05 0 0 0 0 0 0 
0 0 0 0 0 0 0 0 1.88919e-05 0.0039922 0.0126597 0.0118732 0.0140876 0.0117379 0.0101669 0.00941913 0.0152482 0.0146054 0.0119082 0.00956709 0.0189242 0.0255679 0.0196359 0.0196813 0.0268851 0.0232517 0.0163479 0.0312438 0.0216823 0.0282639 0.0289169 0.0231177 0.0176053 0.0152086 0.0170839 0.0172597 0.0228527 0.019148 0.0191286 0.0160484 0.0226762 0.0220017 0.017792 0.0249953 0.0857101 0.0560302 0.0192741 0.0122523 0.0196567 0.031846 0.0161656 0.0103463 0.00947853 0.0101289 0.0112893 0.0212737 0.0253799 0.0154976 0.00499549 0.000633076 0 0 0 0 0 0 0 0 0 
0 0 0 0 0 0 0 0 0 0.00212574 0.0157705 0.0192608 0.0195432 0.0212894 0.0176487 0.0127416 0.00877319 0.0052485 0.00264622 0.00780835 0.0157768 0.0213123 0.0186626 0.0146757 0.0193889 0.0198576 0.0212299 0.0275969 0.0178248 0.0201889 0.0304357 0.0244265 0.0153938 0.0179636 0.018125 0.0227967 0.0256964 0.0235773 0.0370303 0.0214114 0.0234586 0.0209542 0.017781 0.0294405 0.0480589 0.0473753 0.0171511 0.0132429 0.0177972 0.0126854 0.00372411 0.00227438 0.00412147 0.00702927 0.0113128 0.0101347 0.0101472 0.00488421 0.00410467 0.000755461 0 0 0 0 0 0 0 0 0 
0 0 0 0 0 0 0 0 0 0.000250823 0.00608904 0.0219845 0.0199147 0.0136939 0.0117496 0.0105972 0.0124983 0.00566804 0.0018095 0.00442808 0.00621018 0.0123315 0.0156276 0.0109192 0.0108503 0.0131353 0.0166303 0.0242969 0.0194152 0.0210622 0.022704 0.0203062 0.0136567 0.0142789 0.0146309 0.022628 0.0233101 0.0205688 0.0303168 0.024341 0.0160774 0.0249136 0.0253746 0.0262033 0.0305615 0.0309286 0.0188874 0.00978169 0.00963286 0.00275956 0.00507476 0.00996186 0.00946985 0.00468077 0.00459058 0.00476378 0.00453433 0.00386782 0.00385907 0.000844161 0 0 0 0 0 0 0 0 0 
0 0 0 0 0 0 0 0 0 0 0.000750555 0.00622211 0.0121504 0.00863707 0.0054335 0.00886881 0.00872572 0.00239881 0.00118319 0.00495417 0.00938868 0.011817 0.00852227 0.00725935 0.00993935 0.0111842 0.00952122 0.0196615 0.0219312 0.0217068 0.0205485 0.0148468 0.0152709 0.0180449 0.018777 0.0172703 0.0115578 0.0184824 0.0247777 0.0216557 0.0154392 0.0186289 0.0216439 0.0233799 0.0248243 0.0257684 0.0152083 0.00799578 0.00358097 0.00249508 0.00689612 0.0119124 0.00893397 0.00865622 0.0072744 0.0120571 0.00673114 0.00404286 0.00178375 2.62275e-05 0 0 0 0 0 0 0 0 0 
0 0 0 0 0 0 0 0 0 0 0 0.000137707 0.000329829 0.000499947 0.000177274 0.00231614 0.0040701 0.00267768 0.00272845 0.00491308 0.00716722 0.00315545 0.00201109 0.00426624 0.0090557 0.0122098 0.0118167 0.0174467 0.0221535 0.0269947 0.0192528 0.0152882 0.0113344 0.0134229 0.00923405 0.0133935 0.0106095 0.0169924 0.0170441 0.014844 0.0261368 0.0188545 0.01814 0.0188752 0.0177919 0.0177515 0.0146145 0.00438862 0.00284004 0.0083229 0.0112159 0.0103729 0.0095668 0.0101269 0.0132829 0.0120856 0.00674849 0.000855139 0 0 0 0 0 0 0 0 0 0 0 
0 0 0 0 0 0 0 0 0 0 0 0 0 0 0 0.000849862 0.00173082 0.00086394 0.00162657 0.00659853 0.00652767 0.00188714 0.00221052 0.00533054 0.00779166 0.0123696 0.0163292 0.0154581 0.0186758 0.0289866 0.0151274 0.0131585 0.00670813 0.00451606 0.00410299 0.00896492 0.012056 0.0118087 0.0108786 0.0180778 0.0209578 0.017463 0.0153797 0.015424 0.017143 0.0145546 0.0198373 0.00835046 0.00857428 0.0185623 0.0189047 0.0119812 0.012722 0.0138239 0.0112489 0.00384556 0.000643459 0 0 0 0 0 0 0 0 0 0 0 0 
0 0 0 0 0 0 0 0 0 0 0 0 0 0 0 0 0 0.00248043 0.00812041 0.0127534 0.00468992 0.00152536 0.00644436 0.00641738 0.00798904 0.00840594 0.0142302 0.0154128 0.0134225 0.0207769 0.00585312 0.00545343 0.00227008 0.000786675 0.00757308 0.013776 0.00732337 0.0118915 0.0178594 0.0238441 0.0169956 0.0222407 0.0149535 0.0179924 0.0147661 0.0153888 0.0220077 0.0210812 0.0162587 0.0183148 0.0188497 0.010274 0.00598846 0.00318014 0.000794022 6.55279e-05 0 0 0 0 0 0 0 0 0 0 0 0 0 
0 0 0 0 0 0 0 0 0 0 0 0 0 0 0 0 0 0.00150933 0.00821963 0.0103835 0.00116336 0.00670271 0.00986664 0.0100158 0.0123341 0.0174105 0.0261207 0.0212806 0.0105432 0.00380719 0.00669988 0.00518425 0.000693935 0.00190472 0.00702693 0.00802295 0.00259978 0.0127729 0.0205742 0.0213909 0.0210868 0.019604 0.0164934 0.019503 0.019321 0.0191121 0.0172532 0.0212782 0.0210476 0.0190553 0.0138552 0.0109444 0.00565254 0.000757483 0 0 0 0 0 0 0 0 0 0 0 0 0 0 0 
0 0 0 0 0 0 0 0 0 0 0 0 0 0 0 0 0 0.000269008 0.000924122 8.5517e-05 0.00184395 0.00716496 0.00898538 0.0147937 0.0186181 0.0293826 0.0308534 0.0175966 0.00849058 0.00160518 0.00390613 0.00287938 5.56812e-05 0.00361481 0.00715079 0.00281947 0.00430013 0.0138979 0.021781 0.0243389 0.017314 0.0227787 0.0270543 0.0261935 0.0272039 0.0207603 0.0176742 0.0173065 0.0117027 0.0126857 0.00695654 0.00400772 0.000432002 3.13981e-05 0 0 0 0 0 0 0 0 0 0 0 0 0 0 0 
0 0 0 0 0 0 0 0 0 0 0 0 0 0 0 0 0 0 0 0 0.0015387 0.0055239 0.00890171 0.0149898 0.0237024 0.0316825 0.0290398 0.012574 0.00466207 0.000817873 0.00135098 0.000334972 8.44612e-06 0.000702118 0.000993355 0.000173383 0.00617035 0.0150085 0.0233979 0.0347561 0.0319039 0.0240962 0.0228155 0.0192991 0.0183954 0.0108397 0.00634764 0.00528424 0.00511517 0.00100212 0.000526933 0.000249964 5.10604e-06 0 0 0 0 0 0 0 0 0 0 0 0 0 0 0 0 
0 0 0 0 0 0 0 0 0 0 0 0 0 0 0 0 0 0 0 0 1.49547e-05 0.00108413 0.00334351 0.0136211 0.0200959 0.0192771 0.0156593 0.00287222 0.000675051 8.1512e-05 9.95281e-05 0 0 1.33641e-05 0.00033288 0.00125579 0.00960735 0.0151758 0.0205865 0.0232842 0.0192808 0.0179952 0.0187021 0.00956725 0.00668284 0.00398531 0.00149903 0.000396202 2.62601e-05 1.0528e-05 0 0 0 0 0 0 0 0 0 0 0 0 0 0 0 0 0 0 0 
0 0 0 0 0 0 0 0 0 0 0 0 0 0 0 0 0 0 0 0 0 0 0.000104989 0.00223754 0.00470739 0.00406195 0.00136016 0.000131353 0 0 0 0 0.000218937 0.000299194 0.00209387 0.00298422 0.0108229 0.009936 0.015944 0.0158121 0.0113374 0.00631908 0.00777868 0.00477512 0.000641876 0.000116015 0 0 0 0 0 0 0 0 0 0 0 0 0 0 0 0 0 0 0 0 0 0 0 
0 0 0 0 0 0 0 0 0 0 0 0 0 0 0 0 0 0 0 0 0 0 0 0 0 0 0 0 0 0 0 0 0.000131474 0.000169125 0.000927056 0.00108163 0.00224849 0.00271805 0.00517038 0.00415713 0.00176507 0.000427792 0.000590759 0.000228665 1.40327e-06 0 0 0 0 0 0 0 0 0 0 0 0 0 0 0 0 0 0 0 0 0 0 0 0 

