0 0 0 0 0 0 0 0 0 0 0 0 0 0 0 0 0 0 0 0 0 0 0 0 0 0 0 0 0 0 6.8878e-05 9.90534e-07 0 0 0 0 0 0 0 0 0 0 0 0 0 0 0 0 0 0 0 0 0 0 0 0 0 0 0 0 0 0 0 0 0 0 0 0 0 
0 0 0 0 0 0 0 0 0 0 0 0 0 0 0 0 0 0 0 0 0 0 0 0 0 7.2627e-05 0.000345663 0.000954686 0.00322214 0.00182698 0.004238 0.000875827 0.000301799 0.00208392 0.00480022 0.00468022 0.00317719 0.00165015 0.000164158 0.000351839 1.70218e-05 0 0 4.27819e-06 3.35159e-05 0 0 0 0 0 0 0 0 0 0 0 0 0 0 0 0 0 0 0 0 0 0 0 0 
0 0 0 0 0 0 0 0 0 0 0 0 0 0 0 0 0 0 0 0 0 0 0 0.000391107 0.00229482 0.00484095 0.00722772 0.00618053 0.0090821 0.00599295 0.00936119 0.00661543 0.00500581 0.00894283 0.0204333 0.0195769 0.00992946 0.00562147 0.0026471 0.00563568 0.00209713 0 5.23483e-06 0.00170132 0.00923184 0.00631891 0.00144868 2.74825e-05 0 0 0 0 0 0 0 0 0 0 0 0 0 0 0 0 0 0 0 0 0 
0 0 0 0 0 0 0 0 0 0 0 0 0 0 0 0 0 0 0 0 0.000308657 0.0012152 0.00301226 0.00650393 0.0136337 0.0133588 0.0152116 0.0191329 0.00982203 0.00941983 0.0149174 0.0158165 0.0164681 0.018648 0.0194554 0.0189775 0.0178206 0.01232 0.00915786 0.00873116 0.00380116 7.05608e-06 5.63484e-05 0.0173731 0.0322792 0.0203118 0.00713778 0.00128077 0.000736828 0.000690047 0 0 0 0 0 0 0 0 0 0 0 0 0 0 0 0 0 0 0 
0 0 0 0 0 0 0 0 0 0 0 0 0 0 0 0 0 0 0.000233366 0.00284913 0.00626566 0.0161641 0.0174655 0.0173593 0.0185998 0.0160917 0.0176704 0.0205271 0.0167097 0.0119912 0.0150992 0.018049 0.0223664 0.0277719 0.0180464 0.0221059 0.0192994 0.0200368 0.0150064 0.00661606 0.00697415 0.000692145 5.66798e-05 0.0153742 0.02055 0.0121033 0.010573 0.011415 0.00885557 0.00955934 0.00520619 0.000467225 0 0 0 0 0 0 0 0 0 0 0 0 0 0 0 0 0 
0 0 0 0 0 0 0 0 0 0 0 0 0 0 0 0 9.13324e-05 0.000533833 0.00263919 0.0119341 0.0245558 0.030966 0.0233273 0.0180811 0.0190037 0.0167215 0.0214024 0.0204907 0.021507 0.0207855 0.01626 0.0184412 0.0276612 0.0235839 0.0197772 0.0231865 0.0206452 0.0233493 0.0173886 0.0112962 0.00935586 0.00170078 6.70429e-05 0.00245094 0.0133912 0.0110768 0.00531989 0.00810108 0.00805045 0.00916863 0.00969544 0.00471631 0.000818743 0.000104484 0 0 0 0 0 0 0 0 0 0 0 0 0 0 0 
0 0 0 0 0 0 0 0 0 0 0 0 0 0 0 0 0.00133778 0.00454993 0.0033946 0.00961785 0.03236 0.031848 0.0200696 0.0202969 0.0191875 0.019781 0.0180556 0.0193762 0.0231543 0.0189297 0.018906 0.0216211 0.025264 0.0177849 0.0160553 0.0207558 0.0177774 0.0197335 0.0177283 0.00907669 0.0139681 0.00377181 0.00249155 0.00131744 0.00325458 0.00505777 0.00264698 0.0037728 0.00242242 0.0059775 0.00161573 0.00458789 0.00810133 0.00473139 0.000298936 0 0 0 0 0 0 0 0 0 0 0 0 0 0 
0 0 0 0 0 0 0 0 0 0 0 0 0 0 0 5.43038e-06 0.00148246 0.00469112 0.00440119 0.00752975 0.0187902 0.0198055 0.0172465 0.0143552 0.0156153 0.0152072 0.018631 0.0200554 0.0179104 0.0217257 0.0224365 0.0278025 0.0143459 0.00947442 0.0127343 0.0190192 0.0163896 0.0194615 0.0190634 0.0112628 0.0136006 0.00678235 0.00550863 0.00749269 0.00609482 0.0065593 0.00513957 0.00503819 0.00318189 0.0041222 0.00385347 0.00216565 0.0105402 0.0103868 0.00371296 0.000408517 1.04202e-05 0 0 0 0 0 0 0 0 0 0 0 0 
0 0 0 0 0 0 0 0 0 0 0 0 0 0 2.53761e-08 0.00159893 0.00643949 0.00758669 0.0111131 0.0107623 0.0145987 0.0163201 0.0153628 0.016445 0.00994853 0.0101366 0.0133607 0.0157986 0.0211283 0.0231715 0.0175794 0.023128 0.0128275 0.0124777 0.0195296 0.0196873 0.0158796 0.0171371 0.0193059 0.01515 0.0112722 0.0153572 0.00896801 0.0131585 0.012778 0.0153289 0.0121468 0.0135033 0.00980641 0.0101234 0.00388194 0.00449825 0.00863224 0.0154168 0.0150316 0.00761048 0.00113296 0 0 0 0 0 0 0 0 0 0 0 0 
0 0 0 0 0 0 0 0 0 0 0 0 1.08492e-05 0.000932855 0.00215437 0.00827422 0.0125394 0.0130124 0.0123357 0.0134009 0.0124887 0.0131303 0.016773 0.0157621 0.00822492 0.0101825 0.00876907 0.0146271 0.0201713 0.018794 0.0131211 0.0145216 0.0169397 0.0162982 0.0230294 0.0215873 0.0284654 0.0211511 0.0223152 0.0191511 0.0144166 0.0116695 0.0122326 0.0160992 0.0152924 0.0132371 0.0133171 0.0179765 0.0134785 0.0108946 0.00768329 0.0100153 0.0131245 0.0162446 0.0235032 0.0222693 0.0113661 0.00374475 0.00065913 0 0 0 0 0 0 0 0 0 0 
0 0 0 0 0 0 0 0 0 0 3.15971e-06 0.000976872 0.0014049 0.00423827 0.00876912 0.0136987 0.0120173 0.0128937 0.0123172 0.019885 0.0215911 0.0191951 0.0178024 0.017625 0.0163597 0.0117197 0.017419 0.017058 0.0161285 0.0137301 0.0131394 0.0160458 0.0194487 0.0148072 0.0191066 0.0221941 0.0333124 0.0251262 0.0233091 0.0182141 0.0204219 0.0159031 0.0172284 0.017782 0.013611 0.00939017 0.0102143 0.012886 0.00934676 0.00753479 0.00848781 0.0124227 0.0181392 0.0128588 0.0186501 0.0289591 0.0317354 0.0151684 0.00793581 0.000346067 0 0 0 0 0 0 0 0 0 
0 0 0 0 0 0 0 0 0 0.000376178 0.0033008 0.00602488 0.0111713 0.0145643 0.0182329 0.0206127 0.0195548 0.0208503 0.0210516 0.0310931 0.0312619 0.0245374 0.0208106 0.0229932 0.0194189 0.0176241 0.0175626 0.013257 0.0157726 0.0158627 0.0170028 0.0161108 0.0200685 0.0223085 0.023125 0.0228226 0.0204827 0.0198795 0.0221373 0.0177693 0.013423 0.0140789 0.0111797 0.0150748 0.0141057 0.0143703 0.0116397 0.0175311 0.012153 0.0078258 0.0127717 0.0121013 0.0119859 0.0131107 0.0207007 0.0263279 0.0321496 0.0216325 0.0137558 0.00408384 0 0 0 0 0 0 0 0 0 
0 0 0 0 0 0 0 0 0.00032965 0.00661354 0.0125768 0.0106316 0.0150176 0.02027 0.0196468 0.022762 0.0168058 0.0211486 0.0211053 0.0276108 0.0233857 0.0223844 0.0219162 0.0208091 0.0218768 0.0189563 0.0174921 0.0105694 0.0137821 0.0141643 0.0144523 0.0191008 0.0203699 0.0234697 0.0193798 0.0211933 0.0158964 0.0104636 0.00971069 0.0111874 0.011775 0.00698371 0.0115948 0.0177645 0.0180403 0.0185679 0.0200531 0.0187236 0.0119391 0.0081416 0.0116692 0.0102122 0.0116615 0.012128 0.0218193 0.0310659 0.0306228 0.0277427 0.0154234 0.0109806 0.00230771 6.20923e-05 0 0 0 0 0 0 0 
0 0 0 0 0 0 0 0 0.00243935 0.0163212 0.0132478 0.00977632 0.00518076 0.00526307 0.00928827 0.0203263 0.0135788 0.00748712 0.00889326 0.0181872 0.0245165 0.0233054 0.0222432 0.0210751 0.0213825 0.0186023 0.0146663 0.0159178 0.0137177 0.0260472 0.0154606 0.0234159 0.0203489 0.0139179 0.0139909 0.0164523 0.0180375 0.0120357 0.00990199 0.0128701 0.0123504 0.0106434 0.0128009 0.0109534 0.0130005 0.0165778 0.0215358 0.0189732 0.0185394 0.0192853 0.0156123 0.0085764 0.0160823 0.0173878 0.0218803 0.0277663 0.0276348 0.0326029 0.0230564 0.0210201 0.0109993 0.00318833 3.09651e-05 0 0 0 0 0 0 
0 0 0 0 0 0 0 0 0.0016266 0.0156137 0.0133258 0.0100313 0.00309882 0.00139219 0.00265116 0.00961316 0.0127291 0.0088186 0.0106921 0.0194062 0.0238609 0.0219404 0.0208061 0.0169909 0.0239425 0.0198608 0.0190183 0.0151929 0.023667 0.0309846 0.026416 0.0180233 0.017594 0.021889 0.0179085 0.0166192 0.0151001 0.00883544 0.0138356 0.0203746 0.020059 0.0114641 0.00968928 0.00694935 0.00948286 0.0166777 0.019722 0.0254189 0.0209357 0.0186676 0.0143573 0.00814839 0.0120891 0.0208675 0.0238899 0.0289668 0.0255238 0.0291401 0.0272079 0.0263921 0.0205608 0.00906965 0.000304696 0 0 0 0 0 0 
0 0 0 0 0 0 0 0 0.00158668 0.0109768 0.00803209 0.00488986 0.00339149 0.00317304 0.00230527 0.00183442 0.00933731 0.0127697 0.0197037 0.0194096 0.0204392 0.0173148 0.0199962 0.0187918 0.0179655 0.0241494 0.0257096 0.0201114 0.0228856 0.029358 0.0224063 0.0158437 0.0200742 0.0146419 0.013287 0.0218801 0.0179267 0.0139703 0.0151862 0.0212094 0.0189219 0.0164274 0.0183681 0.0109047 0.0101579 0.0166814 0.0218511 0.0192644 0.0201403 0.018048 0.0138436 0.0101346 0.00735079 0.0148499 0.0244058 0.0281108 0.0319832 0.03654 0.0324113 0.0252878 0.0188323 0.0153851 0.003143 0.000248039 0 0 0 0 0 
0 0 0 0 0 0 0 0 5.51262e-05 0.000933493 0.00221645 0.00249276 0.00256763 0.00712775 0.00747964 0.00121383 0.00316454 0.0100788 0.0162042 0.0231198 0.0245979 0.0269877 0.0242638 0.0201244 0.0156688 0.0239269 0.0254954 0.0243805 0.0199926 0.0168375 0.0183827 0.0170629 0.0226069 0.0178477 0.0219609 0.0251782 0.0244709 0.020926 0.0200373 0.0159645 0.0214651 0.0187377 0.0213817 0.0186688 0.016389 0.0165918 0.0175994 0.0222427 0.0240434 0.0265681 0.0204381 0.0161656 0.0161403 0.0228843 0.026358 0.0236679 0.0285342 0.0317286 0.0222606 0.019451 0.0176953 0.0167555 0.00614523 0.000117955 0 0 0 0 0 
0 0 0 0 0 0 0 0 0 0 0.00066549 0.0028077 0.00621206 0.0104125 0.00932603 0.0050839 0.0100894 0.020162 0.0240407 0.0231462 0.0272322 0.0246315 0.0250064 0.0262865 0.0281703 0.0189931 0.0196007 0.0256188 0.0374528 0.0270712 0.0205952 0.0197962 0.0179973 0.0159157 0.0154014 0.0259333 0.026107 0.0315991 0.0205213 0.0181238 0.0185639 0.0217584 0.0261069 0.026973 0.0201587 0.0167014 0.0202355 0.022781 0.0267374 0.0271207 0.0194038 0.0181074 0.0190644 0.020325 0.0168869 0.0215595 0.0266574 0.0295384 0.0145668 0.0165267 0.0151685 0.00630958 0.00161866 1.04292e-05 8.44376e-07 0 0 0 0 
0 0 0 0 0.000271388 0.00332507 0.00231339 0.00359019 0.00167097 0.00166762 0.00331212 0.00655 0.0130582 0.0217981 0.0173046 0.0117244 0.0136631 0.0213524 0.0228606 0.0256027 0.0211263 0.0210892 0.0229541 0.0281192 0.0256574 0.0185874 0.0172811 0.0339159 0.0365768 0.0370798 0.0179507 0.0159965 0.0153844 0.0168649 0.012727 0.0243058 0.026073 0.0246071 0.0194061 0.0191913 0.0226858 0.0219525 0.02587 0.0203723 0.0161948 0.0156787 0.0220259 0.0237581 0.0275418 0.0300019 0.0225755 0.0241216 0.013752 0.0135294 0.0151043 0.0104666 0.0220612 0.0306641 0.0209594 0.0225426 0.0158972 0.0049299 0.00109322 0.00089239 0.00105433 3.38685e-05 0 0 0 
0 0 0 0 0.00197724 0.00976771 0.0158245 0.0136603 0.0121167 0.00592814 0.00751674 0.0157528 0.0237506 0.0324741 0.0295552 0.0183474 0.0222942 0.024868 0.0208086 0.0423695 0.0215494 0.0166317 0.0153147 0.0280387 0.0303919 0.020652 0.0223288 0.0274027 0.035759 0.0385194 0.022629 0.0207389 0.0180759 0.0197925 0.0232114 0.0301301 0.0322985 0.0253261 0.0219292 0.0243518 0.028716 0.0228914 0.0212151 0.016882 0.0143483 0.0179996 0.0230042 0.0234599 0.0279861 0.031335 0.028847 0.0250507 0.0136504 0.0161936 0.0178408 0.0215461 0.0245435 0.0212105 0.0201908 0.0190818 0.0154746 0.0134557 0.00828426 0.00437135 0.00501661 0.00175061 0 0 0 
0 0 0 0 0.00390595 0.0169711 0.026697 0.0241899 0.0204684 0.0149066 0.0212312 0.0278784 0.0248506 0.0227221 0.0210976 0.0232753 0.029531 0.0267018 0.0225986 0.0293358 0.0236929 0.0142933 0.0200306 0.0246596 0.02124 0.0194202 0.0214507 0.0254174 0.0212803 0.0172465 0.0233341 0.0233074 0.0176496 0.0184842 0.0184991 0.0232725 0.0312343 0.0260204 0.01792 0.021548 0.0277284 0.0221393 0.0145195 0.0183729 0.0176827 0.0196825 0.0317911 0.0276678 0.0254497 0.0215095 0.0270973 0.0279926 0.0239307 0.022594 0.0220627 0.025583 0.0208002 0.0184391 0.0200075 0.017498 0.021606 0.0195622 0.013692 0.00906095 0.00651446 0.00309678 4.45978e-06 0 0 
0 0 0 0 0.00282732 0.0184079 0.0258362 0.0234088 0.0250016 0.0250216 0.0212519 0.0300988 0.0259457 0.0190071 0.0195266 0.0270647 0.0268297 0.0223584 0.0264758 0.0274129 0.0269833 0.0234607 0.0190398 0.0172944 0.0223741 0.0193874 0.0179587 0.0228833 0.0149222 0.0156289 0.0238069 0.0254647 0.0231026 0.0198561 0.017474 0.0243044 0.0255896 0.0207052 0.0171039 0.0217059 0.0183089 0.0216461 0.0210467 0.0179887 0.0247356 0.0251175 0.0344034 0.031251 0.0209025 0.0206115 0.0272342 0.0289565 0.0281991 0.0208813 0.0182429 0.0207789 0.0190311 0.0294594 0.0264157 0.0260205 0.0281364 0.0240928 0.0181486 0.0176379 0.0148668 0.0100271 0.00102182 0 0 
0 0 0 0 0.00343061 0.0167967 0.0253416 0.0255382 0.0226693 0.0222649 0.0198743 0.0203569 0.0225934 0.0319782 0.0309377 0.0291376 0.0233652 0.029613 0.0287112 0.0325737 0.0261866 0.0193796 0.0213833 0.0209607 0.0195382 0.0214485 0.0151658 0.0201632 0.0120847 0.0185372 0.0263264 0.0283967 0.0261725 0.0225267 0.0215109 0.023164 0.0250676 0.0258779 0.0255176 0.0262914 0.026298 0.025959 0.02871 0.0281788 0.0310726 0.0280943 0.0286939 0.0229714 0.0216847 0.0211036 0.023966 0.0324641 0.0315038 0.0239524 0.0160409 0.0213482 0.022882 0.0280238 0.0359967 0.0393661 0.0343074 0.0205461 0.016793 0.0215988 0.020964 0.0207636 0.00476076 1.45726e-05 0 
0 0 3.14034e-05 0.00205098 0.0105635 0.0194303 0.0218461 0.031658 0.0314385 0.024084 0.020925 0.022131 0.0282448 0.0290653 0.0258035 0.0312851 0.030248 0.0293269 0.0278435 0.0303644 0.0315773 0.0185496 0.0225601 0.0261825 0.0212689 0.0247552 0.0220529 0.0232911 0.0189765 0.0243115 0.0273343 0.0237646 0.0202487 0.0223722 0.0238187 0.0213935 0.0231325 0.0224492 0.0217197 0.0295153 0.0260913 0.0215932 0.0216571 0.0271511 0.026845 0.0273615 0.0224298 0.0304371 0.0249299 0.0237304 0.0218447 0.0270578 0.026417 0.0315161 0.0278491 0.0292397 0.023383 0.0285356 0.0334628 0.0429037 0.0336599 0.0187381 0.0195514 0.0197438 0.0189428 0.0238395 0.00819091 0.000333049 0 
0 0 0.00175914 0.00839228 0.0160372 0.0240244 0.0206425 0.0310714 0.0288187 0.0238928 0.0154709 0.0237264 0.0272365 0.0269726 0.0250848 0.024147 0.034777 0.0278714 0.0273791 0.0231593 0.024728 0.0232716 0.017194 0.0222765 0.0282245 0.0370311 0.0261258 0.0230097 0.0226491 0.0223196 0.0199939 0.0263698 0.0241649 0.0289693 0.0220963 0.027908 0.0336745 0.0333004 0.0242676 0.0246885 0.022975 0.0177449 0.0225832 0.0223452 0.0247178 0.0304388 0.0256135 0.0320033 0.0253478 0.0243248 0.0240108 0.0309856 0.0339215 0.0293197 0.0264963 0.0269233 0.0249246 0.0308429 0.0282421 0.0280588 0.025282 0.022269 0.0245736 0.0169994 0.0198987 0.0151812 0.0071451 0.000503494 0 
0 0.000114862 0.00469493 0.0131303 0.0197502 0.0262073 0.0192103 0.0187881 0.0180479 0.0220154 0.0139486 0.019731 0.0210305 0.0215818 0.030547 0.0261658 0.0270957 0.0237156 0.0237747 0.0221377 0.0226049 0.0196918 0.023127 0.022997 0.0402316 0.052802 0.0289895 0.0242354 0.0247084 0.0227849 0.0164222 0.0219651 0.0195746 0.0261842 0.0288714 0.0293892 0.0338861 0.037718 0.0346415 0.0299999 0.0258507 0.0214809 0.0209297 0.0197738 0.0196451 0.0230369 0.0276919 0.0333694 0.0267572 0.0197276 0.0192725 0.031229 0.03018 0.0327194 0.0396337 0.0362832 0.0215143 0.0224951 0.0203717 0.0219718 0.025353 0.0209447 0.0214217 0.0159793 0.0160376 0.0117804 0.00456727 0.00281605 6.80937e-05 
0 0.00059102 0.00881821 0.0168117 0.0145665 0.0150639 0.0198634 0.0229272 0.0219495 0.0206347 0.0193933 0.0242517 0.0218344 0.0222051 0.0236295 0.0236541 0.0220461 0.0194835 0.0216296 0.0171928 0.0179653 0.0271139 0.0318722 0.0263381 0.0368206 0.0275134 0.0242562 0.0213636 0.018645 0.0178385 0.019143 0.0227194 0.0223933 0.0307882 0.0296413 0.0266816 0.0253276 0.0322346 0.0251996 0.0272379 0.023256 0.0181422 0.0190012 0.0222215 0.0156114 0.016835 0.0232503 0.0297375 0.0267011 0.0257025 0.0211375 0.0229062 0.0229183 0.0259461 0.0351968 0.0370915 0.0233922 0.0240825 0.0266682 0.0212108 0.0186595 0.0224913 0.0165499 0.0130978 0.0158384 0.0164077 0.0120749 0.00968332 0.000792611 
0 0.00154437 0.0108201 0.0190087 0.0174028 0.0161192 0.0177402 0.029421 0.029372 0.0221495 0.0251142 0.0238665 0.023635 0.0243153 0.0254344 0.0226999 0.0233253 0.0209575 0.0186009 0.0193872 0.0184883 0.0224266 0.0325137 0.0349547 0.0361393 0.0232239 0.0168496 0.0191991 0.0173096 0.021519 0.0261014 0.0277704 0.02075 0.0216647 0.024313 0.0300922 0.0290718 0.025568 0.0214852 0.0448523 0.0595355 0.0204562 0.0194749 0.0205374 0.0168112 0.0160671 0.0265223 0.0358797 0.032578 0.0243376 0.0185682 0.0201699 0.0247967 0.021464 0.0230773 0.0246091 0.024067 0.025039 0.0291798 0.0186234 0.0227639 0.0218568 0.0195956 0.0179462 0.0250155 0.0200375 0.0226038 0.0195065 0.0037183 
0 0.000858813 0.00580185 0.0102102 0.0183488 0.0201203 0.027844 0.0308627 0.0303378 0.0251654 0.020225 0.0306107 0.0304778 0.0231373 0.0249523 0.0228166 0.0217451 0.0250189 0.0195906 0.0162344 0.0199196 0.0227082 0.0259511 0.0328046 0.039485 0.0302337 0.0211526 0.0268058 0.0202493 0.0224561 0.0297042 0.0267584 0.0221661 0.0227525 0.0305276 0.0382798 0.0249722 0.0208841 0.0223547 0.0352619 0.0365235 0.0172006 0.0235359 0.0231428 0.0263296 0.028767 0.0308518 0.0279335 0.0282389 0.0205538 0.0198683 0.0186187 0.0211573 0.0229251 0.0235763 0.0207583 0.0215902 0.0256308 0.0233634 0.021522 0.0214521 0.0169414 0.0119758 0.0154408 0.0197349 0.0171983 0.0173217 0.0161074 0.00404578 
0 0.00132714 0.00564237 0.0113994 0.0180134 0.0241017 0.024034 0.0204724 0.0242463 0.0300378 0.0238826 0.0271944 0.0323889 0.0248208 0.0232249 0.0248944 0.0269432 0.0268063 0.0229612 0.024389 0.0227784 0.0197079 0.0202694 0.0294894 0.0321146 0.0405653 0.0309091 0.0199361 0.0256198 0.0237702 0.027576 0.0198875 0.0245289 0.0241277 0.0179751 0.0215659 0.0218136 0.0244895 0.0241681 0.0219066 0.0196655 0.0213329 0.0279456 0.0271214 0.0222262 0.0223577 0.0191706 0.0192384 0.0233132 0.0242954 0.0204215 0.0186862 0.0189427 0.0239487 0.0179573 0.019287 0.0215767 0.0190215 0.0238142 0.0176612 0.0215371 0.0203002 0.0132265 0.0171183 0.0162648 0.0184591 0.019525 0.016962 0.00511921 
0 0.00342575 0.0144506 0.020228 0.0198731 0.0225533 0.0255639 0.0222464 0.0221458 0.023817 0.0191385 0.0223569 0.0270591 0.0269271 0.0275247 0.0369653 0.0373143 0.0239524 0.0271201 0.0292839 0.0248243 0.0232713 0.0225266 0.053029 0.0325364 0.0321302 0.0306973 0.0274135 0.0271341 0.0307251 0.0360536 0.0231617 0.0228796 0.0257735 0.0221307 0.0299409 0.0222543 0.0258101 0.0285539 0.0227822 0.0188132 0.0196619 0.0252083 0.027138 0.0288697 0.0224812 0.0190872 0.0191441 0.0232967 0.0289478 0.0197148 0.0160675 0.0187018 0.0195748 0.0141504 0.0146608 0.0121426 0.0175491 0.0156747 0.023305 0.0241079 0.021678 0.0181836 0.0168878 0.0215504 0.0179495 0.0234181 0.0166796 0.0045456 
0 0.00314842 0.0155496 0.0214886 0.0235124 0.0224323 0.0195868 0.0218454 0.0258716 0.0220819 0.0226822 0.0295504 0.0337954 0.0515452 0.033114 0.0354456 0.0405726 0.0257761 0.0280922 0.0342539 0.0338764 0.0176973 0.0172916 0.0325107 0.0265779 0.0214928 0.0149169 0.0201001 0.0223739 0.0263034 0.0240744 0.0227371 0.025381 0.0255891 0.0265386 0.0374577 0.036816 0.0354686 0.0310948 0.0246058 0.0240141 0.0248016 0.0164265 0.0182344 0.0180535 0.0222552 0.0247602 0.0216197 0.0208528 0.024492 0.0231929 0.0245373 0.0201453 0.0193628 0.0217033 0.0135668 0.0148922 0.0223479 0.0180841 0.0214869 0.0275965 0.0259065 0.0201377 0.0113178 0.0166269 0.0216206 0.0243369 0.0108439 0.0014946 
3.21507e-05 0.0044316 0.0118595 0.0195804 0.0241635 0.0206189 0.0315613 0.0206965 0.0221546 0.0220365 0.0254014 0.0271543 0.0394392 0.055295 0.0308657 0.0242321 0.0280105 0.034722 0.0274416 0.0224926 0.0146919 0.016481 0.0196877 0.0202739 0.0206207 0.0171024 0.0138908 0.0170648 0.024826 0.0220789 0.0216664 0.0256474 0.0324053 0.0295489 0.0295616 0.0347994 0.0399202 0.0316185 0.0314968 0.0269404 0.0219209 0.0253997 0.0179823 0.0166278 0.0214384 0.028503 0.0239994 0.0201136 0.0172139 0.0238316 0.0306764 0.0313188 0.0263601 0.0221018 0.0165472 0.0195076 0.0214787 0.022443 0.0278741 0.0296767 0.0217321 0.0172211 0.0186722 0.0138906 0.0178911 0.0219502 0.0227902 0.00806213 0.000374399 
0.000318047 0.00635201 0.00995326 0.0205238 0.0276442 0.0271297 0.0219079 0.0124854 0.0193929 0.0298799 0.0233204 0.0260803 0.03297 0.0320563 0.0273363 0.0194665 0.0242429 0.0265638 0.0211288 0.0135959 0.0131023 0.0208704 0.0188363 0.0248441 0.0216398 0.0175028 0.0169106 0.0226052 0.0265156 0.0260917 0.0193329 0.0257728 0.0869989 0.0790425 0.0551849 0.048647 0.0399346 0.0319028 0.0229033 0.0294105 0.0193429 0.0225802 0.021328 0.0191653 0.0244734 0.0225181 0.0295543 0.0204031 0.0157157 0.020451 0.0347045 0.0382969 0.0218445 0.0194447 0.0174209 0.0231111 0.0214374 0.0262257 0.0255303 0.0215422 0.0242443 0.0208518 0.0204894 0.0149142 0.0144699 0.0237038 0.0217801 0.00794359 0.000588987 
0.000587701 0.00680333 0.0118878 0.0179286 0.0224586 0.0168428 0.00763176 0.00672958 0.0158138 0.0297972 0.0213465 0.0183706 0.0210384 0.0221203 0.0239612 0.0199423 0.0242811 0.0226479 0.0218365 0.0226892 0.0245331 0.0237584 0.028827 0.0268901 0.0291331 0.0260064 0.0180395 0.0162082 0.0192692 0.0298446 0.0269502 0.0402029 0.0458157 0.0546323 0.0656074 0.0783976 0.0603594 0.0544549 0.0345756 0.0388746 0.0236773 0.0198456 0.0160446 0.0248677 0.0285618 0.0251925 0.026777 0.0226652 0.0212398 0.026129 0.0345866 0.0415411 0.0333773 0.0223436 0.0209443 0.021337 0.0204337 0.0173559 0.0158453 0.012271 0.0155599 0.0182979 0.0254137 0.0244399 0.0181474 0.0187788 0.0151357 0.00681479 0.00303624 
0.000838304 0.00616688 0.0126568 0.00939336 0.00571075 0.00405515 0.00186832 0.00374797 0.0165125 0.0282908 0.0226018 0.0188481 0.0217928 0.0232975 0.0271797 0.0261405 0.0237294 0.0320983 0.0225856 0.0208035 0.0219218 0.0260728 0.0291144 0.0298844 0.036913 0.0412753 0.0321485 0.0188494 0.0216723 0.0250724 0.0388959 0.0278667 0.0187343 0.0299512 0.0353403 0.0368957 0.0314262 0.0348495 0.0337679 0.0309005 0.0239567 0.0162448 0.0183146 0.0222652 0.0277237 0.0255441 0.0260599 0.0302771 0.0284205 0.0311515 0.0307217 0.0279631 0.0283305 0.020724 0.0264426 0.0229646 0.0236919 0.0194484 0.0172144 0.0133586 0.0172112 0.0175154 0.0206271 0.0129405 0.0140121 0.0121035 0.015425 0.0119371 0.00367542 
0.00151574 0.00964355 0.017477 0.0107877 0.00337136 0.00221362 0.00346151 0.0106992 0.0190779 0.022938 0.0216324 0.0223121 0.0258858 0.0345825 0.0305907 0.0269023 0.0287779 0.0292056 0.0197243 0.0197731 0.0255068 0.0259795 0.0261618 0.0345515 0.0405274 0.0351163 0.0391312 0.0198991 0.019748 0.032612 0.0309566 0.0359082 0.0245285 0.0300211 0.0410427 0.0286042 0.0222766 0.0364731 0.0313911 0.02873 0.0287944 0.0207084 0.0208661 0.0292723 0.0332487 0.0260932 0.0337104 0.029035 0.0261303 0.0292979 0.0278907 0.0214848 0.0219431 0.0256405 0.0270324 0.0225431 0.0250192 0.0125016 0.0135306 0.0158845 0.0125845 0.0139767 0.0112103 0.00642533 0.0106341 0.0144574 0.0138775 0.0102462 0.00334622 
0.00072449 0.00759413 0.0184813 0.00774912 0.00405925 0.00575493 0.0134887 0.0169759 0.0202666 0.0229904 0.0231555 0.0257207 0.0323725 0.0268037 0.0253104 0.0250939 0.0272848 0.0218583 0.0192929 0.0205367 0.0280854 0.0293367 0.0211699 0.0382741 0.0393715 0.0271695 0.0292451 0.0213724 0.0212041 0.046228 0.041063 0.0695367 0.0605408 0.0350327 0.035975 0.0354081 0.0332866 0.0479514 0.0343023 0.0296327 0.0424138 0.0338138 0.028671 0.0290395 0.0376394 0.0291183 0.0296876 0.030028 0.029951 0.0298599 0.0247545 0.0205796 0.025591 0.0313669 0.0227557 0.0222626 0.0130214 0.010327 0.0107213 0.013802 0.00980311 0.0118162 0.00869036 0.00912286 0.0100875 0.0173328 0.0145898 0.0126874 0.00369422 
2.02359e-05 0.000951733 0.00738589 0.00744694 0.0059053 0.0070482 0.0105779 0.0140858 0.0212678 0.0192155 0.023777 0.0370293 0.0315867 0.0258278 0.0241498 0.029757 0.030686 0.0233989 0.0311414 0.0289021 0.0293104 0.0364358 0.0298301 0.0287968 0.0231558 0.0225787 0.0233306 0.0238159 0.0216192 0.0490706 0.0610164 0.119705 0.130623 0.036352 0.0326713 0.0354134 0.0380115 0.0408814 0.0231979 0.0309969 0.0360042 0.0342494 0.0318771 0.0313056 0.0338239 0.0290534 0.0329642 0.0354531 0.0368661 0.028969 0.0240591 0.0229677 0.0288406 0.02971 0.0238165 0.021393 0.0161252 0.0122056 0.0106777 0.0114617 0.00629543 0.0105571 0.0104279 0.00966886 0.0165326 0.0176349 0.0150949 0.0143549 0.00337849 
0 0 0.00109301 0.00590701 0.00695907 0.0113952 0.00951406 0.0149006 0.0168479 0.019547 0.0242011 0.0314059 0.0317722 0.0337224 0.0260725 0.0337273 0.0403583 0.0251846 0.0204591 0.0231015 0.027721 0.0274526 0.0206393 0.0258222 0.0215678 0.0234281 0.0219301 0.0236824 0.0267268 0.0311706 0.0499904 0.0463556 0.0525073 0.0301525 0.0266073 0.0387326 0.0303641 0.0216424 0.022716 0.0289969 0.034635 0.0376383 0.0478802 0.0318532 0.0364299 0.0361866 0.0282076 0.0261455 0.0350757 0.0247735 0.0237649 0.0213432 0.0299632 0.0295459 0.0232543 0.0172672 0.00994414 0.00565651 0.0050059 0.00553571 0.00879639 0.0131961 0.0192392 0.0150291 0.0161093 0.0128964 0.0112124 0.0141635 0.00677394 
0 0.000127316 0.00255837 0.00826575 0.00725636 0.0133529 0.00781995 0.00679798 0.01202 0.0179129 0.0222197 0.0328048 0.0207009 0.0212149 0.0237628 0.034389 0.0351761 0.0276547 0.0174966 0.0179892 0.0201835 0.0238601 0.0229298 0.0280894 0.0307441 0.0271462 0.0214848 0.0253955 0.0198268 0.0242891 0.0254468 0.0216404 0.0328855 0.0399059 0.0329893 0.0505807 0.0339808 0.0243452 0.0202433 0.0195183 0.0226805 0.0265145 0.0441068 0.0429215 0.0329871 0.0277703 0.0262751 0.0247987 0.0321689 0.0227756 0.0215984 0.0189408 0.0182457 0.02311 0.0180791 0.0205691 0.0108229 0.00736226 0.0102215 0.00999634 0.0145683 0.0163618 0.019429 0.0144775 0.013931 0.0169559 0.0191509 0.0194882 0.00324503 
0 0.000735021 0.0050584 0.0142813 0.013916 0.0093112 0.00684284 0.00841321 0.015054 0.0127028 0.0180551 0.0389359 0.0274078 0.0277913 0.0296971 0.0318453 0.0239131 0.0278561 0.0198384 0.0224919 0.0191173 0.022239 0.0354678 0.027704 0.0259446 0.0336108 0.0222178 0.0217797 0.0176322 0.0194009 0.0256337 0.0267498 0.0380678 0.0302786 0.0252459 0.0533448 0.0367646 0.0253741 0.0212747 0.0216931 0.023102 0.0314641 0.052488 0.0366335 0.0272856 0.0246723 0.0234738 0.0297638 0.0266223 0.0241012 0.0266055 0.0227691 0.018729 0.0170545 0.0187128 0.0151475 0.00875791 0.00697934 0.0166736 0.0171512 0.0154391 0.0208717 0.0276782 0.0203382 0.0216323 0.0324331 0.0231413 0.0146367 0.000763998 
0 0.000769319 0.00664975 0.0166012 0.0168384 0.0136086 0.0139693 0.0160719 0.0147867 0.00896713 0.0162655 0.0266159 0.0269619 0.0260425 0.0240646 0.0203053 0.0223728 0.0234178 0.0177909 0.0161922 0.0197735 0.028372 0.0288464 0.0267324 0.0172755 0.0274094 0.0181515 0.0183625 0.0183969 0.017496 0.0220963 0.0306189 0.0282266 0.0227299 0.0270513 0.0348056 0.0262491 0.0191821 0.0205709 0.0187612 0.023917 0.0275153 0.0341256 0.0233778 0.0195305 0.0196884 0.0241138 0.0273776 0.0221483 0.0184087 0.0204638 0.0194493 0.0189279 0.018921 0.0163614 0.0101407 0.00508262 0.00813615 0.0171323 0.0227432 0.0189166 0.024288 0.0301465 0.0181831 0.0168237 0.0217226 0.021548 0.00884593 0.000879492 
0 0.000660945 0.00514862 0.0157542 0.0169222 0.0153695 0.0131292 0.00827782 0.00484575 0.0026212 0.00899362 0.0198969 0.0272019 0.0233757 0.0276292 0.0301572 0.030244 0.0252169 0.0222409 0.0261164 0.0294557 0.0259651 0.0222689 0.0222237 0.0217806 0.0345182 0.0176964 0.0215064 0.0246192 0.025739 0.035704 0.0214164 0.029565 0.0267311 0.0283637 0.0285754 0.0259088 0.0257312 0.0205934 0.0187649 0.0227042 0.0231337 0.0168338 0.0177254 0.0184474 0.0215767 0.0231327 0.03253 0.0253826 0.0161477 0.0145677 0.0151473 0.0186963 0.0145296 0.0191918 0.0126147 0.00424102 0.0145252 0.0144605 0.018473 0.0211611 0.0243539 0.025459 0.0192137 0.0235392 0.026165 0.018762 0.00839894 0.000589425 
0 0.00014353 0.00179051 0.00684957 0.00880578 0.00793079 0.00649899 0.00732031 0.00323803 0.00155959 0.0129112 0.0201489 0.022194 0.0290475 0.037138 0.0436364 0.0321815 0.020738 0.0221489 0.0422995 0.0667664 0.0297125 0.0174393 0.0117665 0.0250298 0.0388474 0.0230956 0.0221227 0.0231373 0.0196973 0.0216288 0.0238641 0.0371305 0.0303176 0.0358484 0.0213125 0.0202805 0.0203298 0.0145755 0.0206349 0.0205329 0.0265325 0.0270151 0.0278975 0.0204595 0.0209414 0.0224061 0.0309638 0.0268307 0.0203553 0.0154253 0.0173857 0.0213401 0.0231592 0.0310713 0.0224131 0.00755473 0.0200644 0.0218495 0.0207104 0.0246973 0.0281427 0.0274434 0.0244975 0.0224648 0.0170786 0.0151235 0.00512934 0.000139946 
0 0 1.77136e-06 0.00109799 0.00251032 0.00255276 0.00803606 0.00869433 0.00183647 0.00393185 0.0146374 0.0169526 0.0175875 0.0335249 0.0598398 0.0545858 0.0417568 0.024795 0.0282646 0.029761 0.0442251 0.0284564 0.0149358 0.0151257 0.0311619 0.0383342 0.0283986 0.0318237 0.0276063 0.0239801 0.0258678 0.0313123 0.0347654 0.0271332 0.0459834 0.0190201 0.01931 0.0189568 0.0201203 0.0209504 0.0221406 0.0357172 0.0420255 0.0243124 0.0155319 0.0179725 0.0214587 0.0240734 0.025319 0.0275267 0.0176199 0.0164381 0.0213019 0.0328047 0.0322598 0.0223856 0.00746313 0.0174783 0.0267738 0.0267166 0.0322267 0.0351113 0.0374722 0.0269642 0.0173954 0.0120206 0.00816975 0.00257401 0 
0 0 0 0 0.00128143 0.00240154 0.00483054 0.00385855 0.00115246 0.00782373 0.0173552 0.0223004 0.0202442 0.0272234 0.0395908 0.035326 0.0351635 0.029139 0.0321248 0.0274094 0.0197714 0.0179761 0.0125394 0.0167917 0.0202802 0.0203016 0.0271062 0.0216086 0.0164946 0.0170667 0.0192925 0.0235017 0.0248441 0.0182099 0.0197251 0.0172876 0.0158235 0.0240903 0.0273682 0.0174121 0.0218557 0.0264062 0.0298603 0.0304351 0.0211645 0.0129268 0.0207837 0.0196047 0.0266324 0.0270497 0.0216282 0.0139744 0.012773 0.0207064 0.0171001 0.00986172 0.00399494 0.00839239 0.019348 0.0259498 0.0321615 0.0259006 0.0282797 0.0182749 0.0131368 0.0109852 0.0047318 0.000332494 0 
0 0 0 0 5.15044e-05 0.000682577 0.00146687 0.000139791 0.000986782 0.00801836 0.0156178 0.0163408 0.0117156 0.013969 0.021948 0.0263208 0.0362696 0.022805 0.0241753 0.0212282 0.010823 0.0102311 0.0101088 0.0165289 0.020482 0.029876 0.0287736 0.0167137 0.015507 0.0115084 0.0106994 0.0142612 0.0216155 0.0179118 0.0129478 0.0162031 0.0103133 0.0152854 0.0152873 0.0136687 0.0214927 0.0252789 0.0257321 0.0282172 0.0239704 0.0151938 0.0154374 0.0159639 0.0139366 0.0164672 0.0153158 0.0139006 0.0110972 0.0159429 0.0166375 0.00724667 0.00393781 0.00125385 0.00401815 0.0162695 0.0258604 0.0217483 0.0190693 0.0153048 0.0116633 0.00638818 0.00237732 8.60518e-06 0 
0 0 0 0 0 2.34245e-05 0.000286441 0.00309078 0.00682184 0.00683743 0.0125052 0.00982033 0.00439587 0.00606325 0.0187366 0.0253464 0.029656 0.0224816 0.0104858 0.0125288 0.00961857 0.0154629 0.0148042 0.0159904 0.0262074 0.0568243 0.0345316 0.0222216 0.0143413 0.0125518 0.00980674 0.00748866 0.0125322 0.0154104 0.014283 0.0132458 0.0085662 0.0149032 0.0205454 0.0172115 0.0233205 0.0198826 0.0220143 0.0320464 0.0282098 0.0184088 0.00503212 0.00699822 0.0144858 0.0162128 0.0147813 0.00914425 0.0103603 0.0132333 0.0136146 0.0078828 0.000700795 0.000215146 0.00243176 0.0129624 0.024135 0.025997 0.0228654 0.01045 0.00255061 0.000624135 0.000464588 0 0 
0 0 0 0 0 1.62477e-05 0.00256256 0.00890248 0.0124678 0.0100152 0.012151 0.0137002 0.0035672 0.0104423 0.0229451 0.0245175 0.0209098 0.0111301 0.00553543 0.00465286 0.0114235 0.0162372 0.0218805 0.0140805 0.0280035 0.0368288 0.0245196 0.0218405 0.0222778 0.0232798 0.0172594 0.010091 0.015718 0.0163119 0.0176655 0.0146866 0.0118239 0.0154923 0.0185282 0.0217814 0.0214586 0.0189389 0.0224099 0.0257731 0.0298961 0.0200154 0.00703223 0.00887589 0.0112792 0.0152548 0.0162266 0.0141435 0.0138098 0.0147931 0.0116601 0.00412142 0.000248243 3.27305e-05 0.00262234 0.0134644 0.0234906 0.0266723 0.0186347 0.00212462 9.13967e-05 0 0 0 0 
0 0 0 0 0 0.000384305 0.00454168 0.014294 0.0142456 0.0109433 0.0227282 0.0159951 0.00230216 0.0154929 0.0282499 0.0254358 0.0275504 0.0320498 0.0210126 0.00980501 0.0134629 0.0182454 0.022239 0.0218004 0.024939 0.0287824 0.0255514 0.0219129 0.0200052 0.0344994 0.0230341 0.0140473 0.014541 0.0198132 0.0188299 0.0194626 0.0175464 0.0198708 0.0206581 0.0251039 0.0250585 0.0283467 0.0288164 0.0227767 0.0227252 0.0176006 0.00911879 0.00920103 0.0116069 0.0115031 0.0144544 0.012601 0.0159857 0.0167762 0.0072765 0.000986623 0 0 0.0013772 0.00854666 0.0151701 0.0123365 0.00769893 0.000231256 0.000350169 0 0 0 0 
0 0 0 0 0 0.000284701 0.00509834 0.0130894 0.0190226 0.0157041 0.0275151 0.0163989 0.00335969 0.0138926 0.0223202 0.0251422 0.0324975 0.0452034 0.0317999 0.0152645 0.00632392 0.0202436 0.0245132 0.0239183 0.0155599 0.017915 0.0218342 0.0196213 0.0214492 0.0294798 0.0158278 0.0128061 0.013887 0.0169442 0.0217587 0.0159236 0.019214 0.0191795 0.017896 0.0145776 0.0202186 0.0224765 0.0252142 0.0201128 0.0215926 0.0154253 0.00769947 0.00874227 0.0154347 0.0120908 0.0130164 0.015971 0.0193021 0.0147939 0.0125944 0.00666804 0.00118368 0.00131048 0.00228081 0.0030155 0.00564552 0.00460376 0.00299079 0.00131085 0.00141726 0 0 0 0 
0 0 0 0 0 2.13144e-06 0.00374364 0.0102213 0.0144008 0.0177571 0.016132 0.00687433 0.00631404 0.0209673 0.0270955 0.0265586 0.0309019 0.0259553 0.0202521 0.00850489 0.00137819 0.00773456 0.0177401 0.0161025 0.0109886 0.0128132 0.0184126 0.0158287 0.0285017 0.0224917 0.0159442 0.0122068 0.00965609 0.0150353 0.017453 0.0135159 0.0182182 0.0188688 0.0191338 0.0178049 0.0165362 0.021138 0.0222795 0.0202218 0.0194727 0.0149631 0.00978118 0.0111267 0.0177613 0.0128672 0.0132889 0.0148845 0.00890312 0.0103699 0.0233987 0.022661 0.0158312 0.00774942 0.0151935 0.0186146 0.0125795 0.00770246 0.00743913 0.00224493 0.000500889 0 0 0 0 
0 0 0 0 0 0 0.000617248 0.0015904 0.00410811 0.00721235 0.00746123 0.0060591 0.0158247 0.0301303 0.0282311 0.023837 0.0179711 0.0117118 0.00902722 0.00593066 0.0019917 0.00302786 0.0140266 0.0151629 0.00847035 0.0127405 0.016181 0.0203951 0.0213657 0.0242752 0.023162 0.014341 0.0127835 0.0191831 0.0189396 0.0160622 0.0226732 0.0213869 0.0127284 0.0132351 0.0140884 0.0155221 0.0160757 0.0143204 0.0182181 0.0129495 0.0168392 0.0135314 0.0137684 0.0114602 0.0148996 0.0202529 0.0110532 0.00755097 0.0101122 0.0174741 0.0226954 0.0120676 0.0212573 0.0274497 0.0148668 0.00751624 0.00309914 0.000257248 0 0 0 0 0 
0 0 0 0 0 0 0 0 0.00134164 0.00960222 0.0139594 0.0187187 0.0231508 0.0281368 0.01953 0.010048 0.0105357 0.0111138 0.010492 0.0158335 0.0120769 0.00362647 0.00890023 0.0228681 0.0236846 0.011672 0.0165232 0.0190454 0.0174563 0.0181857 0.0273659 0.0261468 0.0202708 0.0119581 0.0116781 0.0179926 0.0198084 0.0177239 0.013136 0.0104642 0.0107673 0.0144129 0.0162413 0.0152864 0.025047 0.0223199 0.0292777 0.0305869 0.0155135 0.00887512 0.0141482 0.0113761 0.0106608 0.0124525 0.0083723 0.0155906 0.0255566 0.0195534 0.0172789 0.0185127 0.010172 0.00427907 0.000958931 0 0 0 0 0 0 
0 0 0 0 0 0 0 0 0.00171759 0.0077795 0.0171198 0.0226843 0.030292 0.0228166 0.0117301 0.0105589 0.0138331 0.0105993 0.017254 0.0229137 0.0184722 0.00809285 0.00774964 0.0198266 0.0240658 0.0139959 0.012666 0.0143103 0.0138242 0.0158219 0.0225863 0.0266493 0.0243286 0.0150917 0.0130259 0.0133774 0.0188179 0.0262485 0.0156879 0.0156555 0.0125532 0.0151574 0.00998932 0.0200478 0.0167797 0.0232798 0.0222716 0.0227183 0.0150809 0.00772708 0.00678361 0.00897312 0.011023 0.0166727 0.00825043 0.010184 0.0118399 0.0141592 0.011413 0.00983015 0.00339424 0.000305377 0 0 0 0 0 0 0 
0 0 0 0 0 0 0 0 0.000612259 0.0029774 0.020429 0.0254887 0.0351395 0.0143358 0.00586111 0.0169281 0.0134108 0.0111264 0.0175 0.0256204 0.0264976 0.0161729 0.00845344 0.0109052 0.0186787 0.0142004 0.0141323 0.015973 0.0190842 0.0244591 0.0297762 0.0442446 0.0264877 0.0190713 0.0236149 0.0177106 0.0129643 0.016458 0.0136154 0.0122443 0.0136423 0.0210969 0.0131787 0.0223199 0.0166657 0.0126483 0.0158845 0.0167957 0.0156137 0.0128212 0.00846353 0.0113938 0.0132325 0.0133278 0.0175438 0.0165268 0.0147696 0.0109829 0.0122685 0.0116545 0.00644306 0.000120412 0 0 0 0 0 0 0 
0 0 0 0 0 0 0 0 0 0.0037137 0.0208959 0.0343829 0.0274788 0.0121587 0.0158677 0.0205262 0.01249 0.00917396 0.012232 0.0220741 0.0232272 0.0213231 0.00955108 0.0114655 0.0185365 0.0133145 0.01885 0.0133469 0.0191539 0.0206312 0.0212351 0.0243367 0.0249465 0.0296582 0.0306623 0.0213529 0.0149541 0.0191365 0.0160554 0.0115972 0.0170174 0.0229796 0.0181749 0.019625 0.0218083 0.015502 0.0120009 0.0118365 0.0118804 0.0190239 0.0243595 0.0170307 0.0129626 0.0129288 0.014416 0.0217315 0.0120757 0.00569229 0.0116356 0.0102136 0.00315143 0 0 0 0 0 0 0 0 
0 0 0 0 0 0 0 0 0 0.000765961 0.0127844 0.0359942 0.022512 0.013185 0.0327296 0.0320884 0.0181097 0.0139008 0.017641 0.0206399 0.0144929 0.014671 0.0117479 0.0138267 0.0137957 0.0152902 0.0282156 0.0206579 0.0244787 0.0237703 0.0185967 0.0150871 0.0142595 0.0240833 0.0339646 0.0193171 0.0137158 0.0166437 0.0142798 0.0141572 0.0159956 0.0196745 0.0206609 0.0179327 0.0245674 0.0250746 0.0170891 0.0101335 0.00786116 0.0166259 0.0262227 0.0181746 0.0221623 0.0135872 0.0158221 0.016784 0.0142286 0.00518727 0.00406078 0.00290264 5.38475e-05 0 0 0 0 0 0 0 0 
0 0 0 0 0 0 0 0 0 1.38314e-07 0.00126522 0.0144508 0.0125928 0.0125889 0.0340609 0.0319948 0.0173187 0.00945693 0.0149652 0.0208398 0.0195678 0.0173245 0.0165896 0.0160865 0.0137518 0.0273004 0.0447616 0.033254 0.028815 0.0213931 0.0178028 0.0129986 0.0159703 0.0248411 0.0292163 0.0202364 0.0184731 0.0136848 0.01557 0.0281299 0.0205201 0.0149827 0.0154061 0.0144645 0.0172216 0.0168965 0.0146091 0.0209361 0.0207104 0.0229048 0.0220122 0.0134824 0.0173369 0.0125727 0.0176379 0.0278463 0.0230084 0.00525776 0.000210082 3.8324e-05 0 0 0 0 0 0 0 0 0 
0 0 0 0 0 0 0 0 0 0 0 0.000502799 0.00230895 0.00281579 0.0135137 0.00946343 0.00638032 0.00472187 0.0166279 0.0309143 0.0238711 0.0195516 0.0197756 0.0267637 0.0192099 0.0302125 0.0439215 0.0255118 0.0201578 0.0243243 0.0247494 0.0238529 0.0269095 0.0182135 0.0178134 0.0230376 0.019869 0.013936 0.0172094 0.0582317 0.0330454 0.0173632 0.0176903 0.0115387 0.00837825 0.00681944 0.0122613 0.0241835 0.0309593 0.0261106 0.0141036 0.0151955 0.0117198 0.0109084 0.0096544 0.0172815 0.00951379 0.00190254 0 0 0 0 0 0 0 0 0 0 0 
0 0 0 0 0 0 0 0 0 0 0 0 0 0.000171809 0.000924926 0.00269259 0.00404639 0.00193815 0.010671 0.0256892 0.0284146 0.0208114 0.0205116 0.0273415 0.0261177 0.0262828 0.0374839 0.0271057 0.0237836 0.0237116 0.0237934 0.027075 0.0299766 0.0253361 0.0225726 0.0250245 0.0236732 0.0167452 0.0168651 0.0187517 0.0137394 0.0105024 0.0063351 0.00274438 0.00737191 0.00985607 0.0123382 0.0218491 0.0305961 0.0215822 0.0124638 0.00836959 0.00870438 0.0162343 0.0099959 0.0100155 0.00299225 1.36135e-07 0 0 0 0 0 0 0 0 0 0 0 
0 0 0 0 0 0 0 0 0 0 0 0 0 0 7.69232e-05 0.000183928 5.433e-05 0.000579328 0.0114947 0.0226207 0.0308485 0.0387415 0.0266683 0.0369528 0.0364792 0.0335973 0.0289468 0.0239583 0.0174418 0.0201354 0.0215284 0.0182324 0.0144298 0.0115604 0.00893386 0.0164229 0.020859 0.0209918 0.0132826 0.0130764 0.00814046 0.00289473 0.00210187 0.00204596 0.00344771 0.0100509 0.011155 0.0168059 0.0201797 0.0165777 0.0159238 0.00780061 0.00976507 0.0123349 0.00887752 0.00221195 8.41011e-05 0 0 0 0 0 0 0 0 0 0 0 0 
0 0 0 0 0 0 0 0 0 0 0 0 0 0 0 0 0 0.00039424 0.00407803 0.018058 0.0248331 0.0351643 0.0298281 0.0290893 0.0268037 0.019079 0.0156664 0.0187919 0.022732 0.0217766 0.027078 0.0213531 0.0152396 0.00296291 0.00239315 0.00657883 0.0144713 0.0195103 0.0124972 0.00820484 0.00474057 0.00138465 0.002829 0.00493054 0.00546077 0.00552599 0.00823352 0.0119817 0.0103532 0.0103827 0.00886911 0.00826277 0.00874173 0.00180074 0.00101568 0 0 0 0 0 0 0 0 0 0 0 0 0 0 
0 0 0 0 0 0 0 0 0 0 0 0 0 0 0 0 0 0 0.0019773 0.00987353 0.0165909 0.0256616 0.0255527 0.0181631 0.0135491 0.0150901 0.0132215 0.0182393 0.0237012 0.02555 0.0281414 0.0260906 0.0176246 0.00349736 0.000174845 0.0033531 0.0168283 0.0244141 0.0288709 0.0179171 0.013789 0.0176851 0.0148064 0.006582 0.0087946 0.00959321 0.0123595 0.00846382 0.00383013 0.00711146 0.00322794 0.00380436 0.0011811 2.1479e-05 0 0 0 0 0 0 0 0 0 0 0 0 0 0 0 
0 0 0 0 0 0 0 0 0 0 0 0 0 0 0 0 0 0 0.000221229 0.00266931 0.00768114 0.0135862 0.0168204 0.0116621 0.0065263 0.00639324 0.00843686 0.0152367 0.0203694 0.0238473 0.026855 0.0260948 0.0143146 0.00173427 0.00045214 0.00164686 0.0111833 0.0283774 0.0355788 0.0318347 0.029599 0.038794 0.0267435 0.0068537 0.00781937 0.0105444 0.00685602 0.00572485 0.00257025 0.00114123 0.000657762 1.00156e-05 0 0 0 0 0 0 0 0 0 0 0 0 0 0 0 0 0 
0 0 0 0 0 0 0 0 0 0 0 0 0 0 0 0 0 0 0 7.8617e-07 0.000145864 0.00229562 0.00676956 0.0107927 0.00704611 0.00140292 0.00804464 0.0101266 0.0159084 0.0209737 0.0188291 0.0140132 0.0057309 0.000209204 6.37941e-05 0.00044001 0.00561331 0.0193314 0.0264295 0.0245241 0.0211595 0.0226007 0.0197521 0.00342122 0.000727899 0.00138837 0.000120393 0.000976315 0.000675611 9.0284e-05 0 0 0 0 0 0 0 0 0 0 0 0 0 0 0 0 0 0 0 
0 0 0 0 0 0 0 0 0 0 0 0 0 0 0 0 0 0 0 0 0 0 0.000127309 0.00075931 0.000228974 0.000407583 0.00250223 0.00496095 0.00876177 0.0127844 0.011194 0.00667793 0.00144905 6.67212e-06 0.000333049 0.0013589 0.0025904 0.00687253 0.0158873 0.0164139 0.0154682 0.0148352 0.00592793 0.000493934 0 0 0 0 0 0 0 0 0 0 0 0 0 0 0 0 0 0 0 0 0 0 0 0 0 
0 0 0 0 0 0 0 0 0 0 0 0 0 0 0 0 0 0 0 0 0 0 0 0 0 0 0.00015988 0.000567091 0.00116355 0.00267495 0.00380537 0.00297694 0.000183948 0 8.74287e-05 8.68301e-05 0.000128866 0.000948783 0.00230959 0.00339448 0.0067824 0.00431524 0.000790261 0 0 0 0 0 0 0 0 0 0 0 0 0 0 0 0 0 0 0 0 0 0 0 0 0 0 

