0 0 0 0 0 0 0 0 0 0 0 0 0 0 0 0 0 0 0 0 0 0 0 0 0 0 0 0 0 9.8848e-08 4.25487e-05 0 0 0 0 8.97945e-05 0.000410705 6.60923e-05 0 0 0 0 0 0 0 0 0 0 0 0 0 0 0 0 0 0 0 0 0 0 0 0 0 0 0 0 0 0 0 
0 0 0 0 0 0 0 0 0 0 0 0 0 0 0 0 0 0 0 0 0 0 0 0 0 3.69687e-05 0.000199913 0.000981641 0.000152459 0.00211164 0.00553441 0.00525446 0.00315539 0.000592479 0.000220774 0.00167465 0.00716197 0.00354418 0.00238841 0.00174397 0.00116155 0.000165884 1.66418e-05 0 0 0 0 0 0 0 0 0 0 0 0 0 0 0 0 0 0 0 0 0 0 0 0 0 0 
0 0 0 0 0 0 0 0 0 0 0 0 0 0 0 0 0 0 0 0 0 0 0 0 0 0.0010256 0.00269254 0.00806104 0.00634971 0.00599794 0.0210854 0.0262578 0.0163951 0.0063793 0.00322391 0.00772036 0.0157958 0.0189718 0.0114063 0.00764377 0.00903349 0.00667789 0.0043264 0.002264 0.00080522 0.000352784 6.97403e-05 0 0 0 0 0 0 0 0 0 0 0 0 0 0 0 0 0 0 0 0 0 0 
0 0 0 0 0 0 0 0 0 0 0 0 0 0 0 0 0 0 0 0 0 4.38516e-05 0.000344716 0.00101145 5.92747e-05 0.00227231 0.00580192 0.00922232 0.0114725 0.0125454 0.0220878 0.0402595 0.0281306 0.0137002 0.0157228 0.0138547 0.0163892 0.0286171 0.0174096 0.0190976 0.0242396 0.0155908 0.0109339 0.0115652 0.00718987 0.00313131 0.00210838 0.000883053 0.00170086 0.00044595 0 0 0 0 0 0 0 0 0 0 0 0 0 0 0 0 0 0 0 
0 0 0 0 0 0 0 0 0 0 0 0 0 0 0 0 0 0 0 0 0 0.000300432 0.00171928 0.00413634 0.00421567 0.00705215 0.0135885 0.00946462 0.0105512 0.016396 0.0208977 0.0251845 0.0258035 0.0194208 0.014079 0.0180499 0.0189319 0.0220279 0.022133 0.0219473 0.0241914 0.0125014 0.0158335 0.0164119 0.0131419 0.0110948 0.0117929 0.0113735 0.0182199 0.0172353 0.00343339 0.000218049 0 0 0 0 0 0 0 0 0 0 0 0 0 0 0 0 0 
0 0 0 0 0 0 0 0 0 0 0 0 0 0 0 0 4.27447e-05 0.00135244 0.00218204 0.00125261 0.000162859 1.55816e-05 0.000576068 0.00320359 0.00686389 0.0134339 0.0150928 0.0183305 0.0138196 0.0185232 0.0212801 0.0199874 0.0189956 0.0182954 0.0118739 0.0175269 0.0225786 0.0185249 0.0217056 0.0229363 0.0240085 0.0204266 0.0174934 0.0210832 0.019372 0.0213802 0.0184945 0.0199365 0.0279409 0.0312808 0.0127002 0.00405799 0.000570664 8.95434e-05 0 0 0 0 0 0 0 0 0 0 0 0 0 0 0 
0 0 0 0 0 0 0 0 0 0 0 0 0 0 0 0.00178448 0.00619071 0.0169135 0.0207226 0.010448 0.00191087 0.00072291 0.00430157 0.00666259 0.0128618 0.0218508 0.0278055 0.0251819 0.0193472 0.0190275 0.0173361 0.0176282 0.00995968 0.00740486 0.0111988 0.0138659 0.0186217 0.0181364 0.0215016 0.0204509 0.025872 0.0235014 0.0245265 0.0179365 0.0321412 0.0355564 0.0241477 0.0233631 0.0252466 0.0175311 0.0185859 0.0124664 0.00425044 0.000250903 0 0 0 0 0 0 0 0 0 0 0 0 0 0 0 
0 0 0 0 0 0 0 0 0 0 0 0 0 5.33566e-05 0.000388966 0.0107716 0.0162311 0.0168202 0.0200109 0.0158115 0.0111321 0.0036692 0.00576543 0.0137771 0.016218 0.0178871 0.0203094 0.0238384 0.0199268 0.0154866 0.0166602 0.0132532 0.0110032 0.00890624 0.0117693 0.0174939 0.0152941 0.0147475 0.0170347 0.0224096 0.0244174 0.0258829 0.0202167 0.0203846 0.0344471 0.0350575 0.0227078 0.02186 0.022054 0.013935 0.0178236 0.0141927 0.00601862 0.000225246 0.000807301 4.00211e-06 0 0 0 0 0 0 0 0 0 0 0 0 0 
0 0 0 0 0 0 0 0 0 0 0 0 8.62985e-06 0.00127052 0.00659782 0.0152543 0.0165971 0.0211682 0.0202275 0.0217486 0.0223379 0.0161887 0.00619026 0.00905041 0.00964974 0.0122976 0.0131307 0.0197903 0.0215247 0.0182293 0.0176058 0.0205258 0.0191471 0.0134483 0.0140344 0.0170194 0.0126524 0.0147847 0.0135361 0.0170572 0.0210452 0.0221807 0.0219833 0.0168725 0.0254281 0.0301238 0.0237163 0.0193711 0.0197743 0.0153098 0.0236898 0.0124481 0.00367115 0.00141901 0.00350002 0.00287807 0.00106266 0.000129447 0 0 0 0 0 0 0 0 0 0 0 
0 0 0 0 0 0 0 0 0 0 0 0.00022816 0.00361372 0.00757369 0.0132843 0.0161758 0.0235621 0.0266498 0.0191376 0.0168724 0.015583 0.0223627 0.0138002 0.00838207 0.0082511 0.00964329 0.0122507 0.0208526 0.0201655 0.0176552 0.0180627 0.018401 0.0115788 0.00719913 0.0153466 0.0159396 0.0131621 0.015179 0.0153422 0.0163879 0.0234979 0.0244664 0.0254087 0.0188261 0.0189567 0.0188781 0.0169383 0.0213733 0.0174465 0.0184362 0.016772 0.0110464 0.00293078 0.00155803 0.00337755 0.0142863 0.0117096 0.0060767 0.000674164 0 0 0 0 0 0 0 0 0 0 
0 0 0 0 0 0 0 0 0 2.11157e-07 0.000697655 0.00566798 0.0133062 0.0181908 0.0218055 0.0234136 0.0256356 0.0225183 0.0151699 0.0132948 0.0153582 0.0220496 0.0219405 0.0142021 0.0154738 0.0135631 0.0107131 0.0184235 0.0156228 0.0174476 0.0152228 0.0153851 0.0116645 0.0158569 0.0226861 0.0208899 0.0141781 0.0149549 0.0176582 0.0239442 0.0256342 0.0296442 0.0323797 0.0323739 0.0327919 0.0211564 0.015498 0.0200868 0.0192285 0.0235562 0.0190195 0.011778 0.00291089 0.0024864 0.00488068 0.0129258 0.0219035 0.0172611 0.0040856 9.78228e-06 0 0 0 0 0 0 0 0 0 
0 0 0 0 0 0 0 0 0 0.000854167 0.0102324 0.0187169 0.0223157 0.0149565 0.0130266 0.0097067 0.0124797 0.0137166 0.0110802 0.00779887 0.0156495 0.0175476 0.017999 0.0144613 0.0190314 0.0276665 0.0247546 0.0180979 0.017142 0.013912 0.0150346 0.0225517 0.0278781 0.0221972 0.0209844 0.0220647 0.0173696 0.0184537 0.022814 0.0244649 0.0295906 0.0316814 0.041855 0.0433216 0.0397728 0.035033 0.0216012 0.0221568 0.0214068 0.0191497 0.0170059 0.0104556 0.00364729 0.00468859 0.00975911 0.0130759 0.01747 0.0137609 0.00669317 0.00189015 0 0 0 0 0 0 0 0 0 
0 0 0 0 0 0 0 0 0.000167293 0.0044664 0.0182706 0.0205541 0.0175078 0.00955465 0.0135421 0.0191767 0.00887138 0.00541637 0.00418712 0.00927316 0.0178653 0.0138567 0.013171 0.0123701 0.0186152 0.0316267 0.0303293 0.0206712 0.0158601 0.0104724 0.0163068 0.0234776 0.0251061 0.0232923 0.0248614 0.0198857 0.0181516 0.0179536 0.0203721 0.0240573 0.0275899 0.0326533 0.0338438 0.0326986 0.0357935 0.0327365 0.0256074 0.0190401 0.0148086 0.0124859 0.0103061 0.0107503 0.00681622 0.0069637 0.0123835 0.0169651 0.0164252 0.00691055 0.00255421 0.000554361 0 0 0 0 0 0 0 0 0 
0 0 0 0 0 0 0 0 0.000984303 0.00991827 0.0173302 0.0154583 0.0121524 0.0100047 0.0231086 0.0211418 0.0135379 0.0110144 0.00789849 0.014797 0.0185546 0.014684 0.013893 0.0145499 0.0140479 0.0185087 0.0198317 0.0205595 0.0167658 0.0198991 0.0229464 0.0293731 0.0239851 0.0275346 0.0260742 0.0228856 0.0201683 0.0215551 0.0195043 0.0173625 0.0207232 0.0216676 0.0171236 0.0239103 0.0346724 0.0269634 0.0277566 0.0219691 0.0169078 0.0191109 0.0136337 0.0103339 0.00808917 0.012453 0.0168373 0.0173498 0.0178153 0.00961799 0.0017349 0.000255939 3.95015e-05 0 0 0 0 0 0 0 0 
0 0 0 0 0 0 0 0.000477571 0.00492347 0.0138287 0.0191534 0.0121445 0.012933 0.0161262 0.0261849 0.0266243 0.021448 0.0130906 0.0125582 0.0163491 0.0169455 0.0157049 0.0142061 0.0131204 0.0140093 0.0161801 0.0178526 0.0208935 0.023448 0.0214355 0.0219128 0.0185635 0.0264383 0.0295249 0.0264177 0.0210734 0.0218133 0.0245186 0.0210266 0.0210353 0.0207225 0.0144399 0.0112943 0.0179346 0.0275511 0.0293147 0.0221225 0.0174249 0.0247876 0.0198896 0.0201754 0.013097 0.010038 0.0171366 0.029769 0.0280029 0.0171983 0.00909513 0.00358306 0.00280188 0.00119288 9.93321e-05 0 0 0 0 0 0 0 
0 0 0 0 0 0 0.00102544 0.0093092 0.0152462 0.0223669 0.0298928 0.0246486 0.024525 0.0200287 0.0219337 0.0213463 0.0180093 0.015846 0.0171484 0.0168117 0.014225 0.0178569 0.0192569 0.0161746 0.0151689 0.0212219 0.0235253 0.0268608 0.029464 0.0259105 0.0211884 0.0169925 0.0220985 0.0242741 0.0233587 0.0262863 0.0232902 0.0244161 0.0278635 0.0230477 0.020695 0.0163988 0.0172011 0.0213774 0.032742 0.0333694 0.0263629 0.0234895 0.0266063 0.0295592 0.0298584 0.0243913 0.0149737 0.0166795 0.0316993 0.0352232 0.0184509 0.010065 0.00451466 0.00430428 0.00242178 0.00186222 0.00102424 0 0 0 0 0 0 
0 0 0 0 0 0.000380258 0.0124777 0.027945 0.0259876 0.025088 0.02739 0.0273069 0.0281043 0.024533 0.0177469 0.0216019 0.0159761 0.0130398 0.0189391 0.0233243 0.0155101 0.0186097 0.0177649 0.0224758 0.0199243 0.0223895 0.0231427 0.0190296 0.0210321 0.0244957 0.0266324 0.0136819 0.0140288 0.019543 0.0180261 0.0261537 0.0283549 0.0285283 0.0256725 0.0214912 0.0266841 0.0247191 0.0232054 0.0221444 0.0323069 0.0351432 0.0244358 0.0243112 0.0224411 0.0235557 0.0291008 0.0184963 0.0182906 0.017194 0.019176 0.0212591 0.0135421 0.0107991 0.00683384 0.00637228 0.00523004 0.00529064 0.002133 0.000205666 0 0 0 0 0 
0 0 0 0 0 0.00154799 0.0243704 0.0431428 0.0287993 0.0269251 0.0284433 0.021604 0.0289664 0.0356818 0.025892 0.0250126 0.022093 0.0162154 0.0180412 0.0222182 0.0241756 0.0230317 0.0208976 0.0231149 0.0188054 0.0186061 0.0198027 0.0243247 0.0243074 0.0227088 0.0244977 0.0173715 0.0157879 0.0260329 0.0233937 0.0191837 0.0211072 0.0209547 0.0241912 0.0226261 0.0204159 0.0231948 0.029143 0.0178221 0.0217846 0.0356861 0.0332701 0.0265783 0.024346 0.0233317 0.020787 0.0181121 0.022136 0.0234199 0.0230311 0.0190772 0.0135225 0.0146351 0.0167242 0.0141277 0.0101407 0.0104751 0.00715124 0.00256624 0.00062718 0 0 0 0 
0 0 0 0 0 0.000229178 0.018276 0.033785 0.0227981 0.0223605 0.0229121 0.0247373 0.0258518 0.0295058 0.0341556 0.0245673 0.0241921 0.0191131 0.0178949 0.0166473 0.0204315 0.0249026 0.0276099 0.0238843 0.0187935 0.0209824 0.0229664 0.0182543 0.0259327 0.0191446 0.0205169 0.017791 0.0183912 0.02142 0.0210771 0.020956 0.0193706 0.0189921 0.0173219 0.0207443 0.027262 0.0234888 0.023753 0.0155577 0.017905 0.031376 0.0350179 0.0298284 0.0273199 0.0254219 0.0226117 0.0230754 0.0195249 0.0207042 0.0155307 0.0149974 0.0203717 0.024563 0.0288535 0.0207912 0.0188508 0.00981022 0.0096729 0.00437703 0.0012232 2.82141e-05 0 0 0 
0 0 0 0 0 4.29971e-06 0.00194238 0.00408808 0.0144944 0.0246205 0.0293166 0.0257756 0.0213111 0.0211945 0.0269142 0.0236019 0.0219006 0.0190364 0.0157985 0.0138429 0.0162535 0.0209977 0.0169977 0.0152537 0.0123365 0.0151901 0.0143055 0.0182307 0.0220335 0.0193397 0.0185366 0.0142102 0.0167195 0.0298298 0.0280579 0.025861 0.0226048 0.0162316 0.0172286 0.0214434 0.0219675 0.018039 0.0159107 0.0144443 0.017518 0.0218596 0.0328841 0.0323699 0.0327076 0.0286377 0.0205208 0.0188195 0.0187392 0.0167213 0.0149169 0.0144796 0.0237786 0.0302773 0.0464651 0.0282887 0.0213971 0.0112565 0.00877694 0.0092229 0.00558483 0.000271699 3.33518e-08 0 0 
0 0 0 0 0 0.00069621 0.00572742 0.0110516 0.0253207 0.0219228 0.0211213 0.0184017 0.014712 0.0155454 0.0211276 0.022967 0.0220796 0.0184281 0.0180902 0.0165866 0.0244532 0.0207378 0.0135203 0.00926616 0.0165489 0.0176045 0.023094 0.0199664 0.0173423 0.0236392 0.0219286 0.0150505 0.0164159 0.02498 0.0330653 0.0283017 0.0224694 0.019799 0.015437 0.0148486 0.0202801 0.022755 0.0219844 0.0219065 0.019577 0.0235192 0.0277989 0.0299815 0.035923 0.027976 0.0235661 0.01758 0.0179614 0.0143799 0.0149084 0.0172383 0.0231262 0.0292277 0.0351769 0.0241523 0.0188037 0.00933757 0.00556475 0.00986982 0.00804438 0.00148156 8.76251e-07 0 0 
0 0 0 0 5.85535e-05 0.00684404 0.0217945 0.024299 0.0270973 0.0163549 0.00748515 0.0151649 0.0179299 0.0147654 0.0222058 0.0177067 0.0194475 0.0249311 0.0214517 0.0206372 0.0230612 0.020564 0.0179621 0.0152347 0.0196756 0.0171149 0.0216381 0.018045 0.022978 0.0287397 0.0198781 0.0212202 0.0231645 0.0244836 0.0274639 0.0177104 0.0144028 0.0203136 0.0174162 0.0217745 0.0219576 0.0307878 0.0316497 0.0298796 0.0221014 0.021857 0.0243661 0.0198602 0.0263815 0.023248 0.0192242 0.0214671 0.0237273 0.0305277 0.0273144 0.0221688 0.0180434 0.0193653 0.0232352 0.0260004 0.0186565 0.00632866 0.00341486 0.0104644 0.0133006 0.00253611 0.00012735 0 0 
0 0 0 0 9.83008e-06 0.0021998 0.0196297 0.0174286 0.0187932 0.014367 0.0110174 0.0226448 0.0215297 0.017667 0.0193154 0.0161055 0.0201798 0.0239064 0.023505 0.0183663 0.0194368 0.0198405 0.0162524 0.0154286 0.0184705 0.0168445 0.0189188 0.0204412 0.0192607 0.0186263 0.0119034 0.0165879 0.0176577 0.018452 0.0267944 0.0154359 0.0152179 0.0205932 0.0178671 0.0207975 0.0340008 0.0383288 0.03804 0.0396252 0.0283274 0.0237353 0.0234077 0.0207217 0.0187844 0.0204826 0.0214394 0.027485 0.0264325 0.0252135 0.0271782 0.0210337 0.020063 0.0252329 0.0316538 0.0242645 0.02058 0.0133593 0.00506316 0.00696324 0.0150151 0.00554734 0.000910087 0 0 
0 0 0.000204495 0.000743455 0.000304651 0.000486968 0.0064606 0.0153926 0.0111671 0.00610708 0.0115597 0.0163031 0.0226605 0.0246885 0.0170596 0.0208116 0.0213014 0.0445196 0.0315349 0.0161141 0.0237337 0.0196471 0.0241864 0.0256486 0.019639 0.023524 0.0179218 0.0163723 0.00946705 0.00772772 0.00961127 0.011894 0.0141514 0.0172605 0.0223876 0.0131245 0.0160753 0.0237635 0.0269536 0.0197981 0.0381096 0.0487812 0.0373947 0.0326419 0.0312766 0.0271351 0.0231349 0.0166672 0.0180131 0.0223832 0.0323469 0.0282463 0.0276338 0.0293058 0.0233963 0.0237278 0.0179329 0.0251812 0.0283399 0.0235385 0.0218942 0.0156686 0.0116681 0.00818149 0.00821053 0.00474486 0.000825539 0 0 
0 0 0.00378984 0.00942309 0.00758321 0.00604487 0.00278135 0.00301205 0.00396941 0.00736628 0.0142209 0.0180692 0.0120563 0.0187069 0.0186262 0.0281467 0.0330868 0.0359367 0.0262998 0.0233424 0.0188046 0.0188874 0.0252836 0.0323837 0.0270476 0.0404901 0.022638 0.0120516 0.0113238 0.0127314 0.0126429 0.0130524 0.0128836 0.0171935 0.0157591 0.0158167 0.0132436 0.0234386 0.0308153 0.0234974 0.0254332 0.0375543 0.0443414 0.0324478 0.0290338 0.027983 0.0191576 0.0235412 0.0206072 0.0356444 0.0301289 0.0322769 0.0343284 0.0341742 0.0258477 0.0247492 0.0282072 0.0338274 0.0242606 0.0192953 0.0118485 0.0167042 0.0149284 0.0112005 0.00674386 0.00301449 0.000892542 0.000167171 0 
0 0.000213007 0.00829539 0.018573 0.0260089 0.0226728 0.0173034 0.0104857 0.0120425 0.0178771 0.0265388 0.0271156 0.0188618 0.0163843 0.0140773 0.0174444 0.0176584 0.0279937 0.0228548 0.0273562 0.0258806 0.0259676 0.0341753 0.0320929 0.0298009 0.0399416 0.024941 0.0140838 0.0134201 0.0152362 0.0131756 0.0153882 0.0131452 0.0136951 0.0137392 0.0186853 0.0161074 0.0203011 0.0249282 0.0230422 0.0282575 0.029514 0.0332668 0.0255003 0.023191 0.0252628 0.0191949 0.0212707 0.0222634 0.0265187 0.0230376 0.024802 0.0260475 0.0279829 0.0302032 0.0317987 0.0240127 0.0275508 0.0271992 0.0134748 0.00528154 0.00666442 0.00907709 0.00581331 0.00331186 0.0057858 0.00402041 0.00158103 4.58969e-05 
0 0.000556282 0.0121907 0.0200413 0.0226848 0.0177957 0.0164056 0.0180626 0.0170507 0.0257937 0.0283684 0.0199679 0.0160744 0.0124622 0.020558 0.0266678 0.0200497 0.019984 0.0213964 0.0286795 0.0281373 0.0218943 0.0243818 0.0315112 0.0209271 0.0241111 0.0221633 0.0253589 0.0190217 0.0105527 0.0107342 0.0131262 0.0123477 0.0150997 0.016459 0.0206472 0.0177346 0.0218737 0.0283361 0.0238822 0.023035 0.0216309 0.0194888 0.0184463 0.0221696 0.0243587 0.0175924 0.0135309 0.017174 0.0219984 0.0222881 0.0168328 0.0225576 0.024515 0.0265605 0.028641 0.0153815 0.010573 0.0138568 0.00987543 0.0120225 0.00497001 0.00351452 0.00400982 0.012278 0.0180783 0.0113189 0.00380177 0.000106452 
0 0.00230581 0.0117417 0.0192126 0.0212071 0.0184707 0.0199807 0.0213503 0.024641 0.0335621 0.0306655 0.0212529 0.0171834 0.0182045 0.0310094 0.0318929 0.0195952 0.0272283 0.0196215 0.0179197 0.0259194 0.0185461 0.0204396 0.0232811 0.0222973 0.0186848 0.0192968 0.0248226 0.0247555 0.0171524 0.0190254 0.0170979 0.0125013 0.0123056 0.014286 0.0183679 0.0271975 0.0181006 0.0237577 0.0298059 0.0289436 0.026919 0.0230785 0.0206796 0.0205836 0.021573 0.0187276 0.0151653 0.0176796 0.0126794 0.0173883 0.0209561 0.0203423 0.0205876 0.023362 0.0217112 0.0152043 0.00736664 0.00535344 0.00537718 0.0113237 0.0049613 0.00725195 0.0130605 0.0220389 0.0289197 0.0199319 0.0101853 0.00133053 
0 0.00432395 0.0158497 0.019214 0.0191774 0.0200952 0.0227736 0.0223502 0.02979 0.0316102 0.0218502 0.0173452 0.0171517 0.0213302 0.0326434 0.0315446 0.026668 0.0322121 0.0250506 0.0203627 0.0240869 0.0183084 0.0200495 0.0310957 0.0404695 0.0400863 0.0356833 0.0294914 0.018307 0.0241847 0.0218389 0.0179704 0.0133714 0.0155152 0.0140513 0.0191646 0.0234139 0.0190698 0.0219264 0.0288978 0.0306948 0.0256274 0.0239754 0.0182448 0.012986 0.016939 0.0159576 0.0202625 0.0179798 0.0132446 0.0142011 0.017228 0.0183875 0.0173918 0.0246306 0.0215774 0.0187467 0.0102373 0.0115034 0.0142186 0.0114273 0.00707795 0.0113595 0.01753 0.0315226 0.0364574 0.0206456 0.0143571 0.00290022 
0 0.000383875 0.00815703 0.0221716 0.0201212 0.0177177 0.021867 0.0216044 0.0269292 0.0251532 0.021601 0.0205031 0.0192498 0.0277545 0.0398581 0.0308957 0.0246811 0.0204297 0.0152846 0.0195053 0.0203226 0.0177237 0.012553 0.0268866 0.0251738 0.0305092 0.0451394 0.0432192 0.018161 0.0232097 0.0339254 0.0227818 0.0194152 0.0173849 0.0153188 0.0191898 0.0214139 0.0141228 0.0125562 0.0148686 0.0152907 0.0153066 0.0171315 0.0124337 0.0143094 0.0173795 0.0149969 0.0174327 0.0196391 0.0140785 0.0142527 0.0174606 0.0176705 0.0182447 0.0182686 0.0111087 0.0141758 0.0150472 0.0241895 0.0204975 0.0218319 0.0155527 0.0101472 0.0195547 0.0267659 0.0247858 0.0190231 0.0157192 0.00343973 
0 0 0.00419311 0.0196702 0.0158841 0.0186815 0.0236424 0.0330865 0.0266608 0.0227189 0.0184282 0.0203291 0.0245783 0.0244532 0.0297408 0.0276961 0.0236574 0.022402 0.0179886 0.0210371 0.0236228 0.0210792 0.0140126 0.0248726 0.0228851 0.0178028 0.0433661 0.060285 0.0232854 0.0251145 0.0475842 0.0324324 0.0164172 0.0170887 0.0169593 0.0136587 0.0126851 0.0141792 0.0114742 0.0134844 0.0104368 0.0153834 0.0192453 0.0168528 0.018154 0.0202565 0.0160872 0.0136725 0.0119453 0.0142824 0.0136937 0.0167151 0.0175811 0.0134342 0.0126421 0.0157663 0.0139686 0.0244699 0.036922 0.0240898 0.0198184 0.0233979 0.0188665 0.0213923 0.0157018 0.0119722 0.0173041 0.0121792 0.00188066 
0 0.00169671 0.0139225 0.0234603 0.0174376 0.0160657 0.0199059 0.0308122 0.0278182 0.0226649 0.0205732 0.0275602 0.0292134 0.0204498 0.0205664 0.0250328 0.0256523 0.0173718 0.0227138 0.0211726 0.0208106 0.0202671 0.0208602 0.0200028 0.0226029 0.0250472 0.0654367 0.0786172 0.0433035 0.0174735 0.0333128 0.0341394 0.0189551 0.0139634 0.0128638 0.0160629 0.00927269 0.00889233 0.0136735 0.0186082 0.0191022 0.0279285 0.0191463 0.0162085 0.0182302 0.017348 0.0152243 0.0113233 0.0129061 0.0117947 0.0134883 0.0174941 0.0181417 0.0142388 0.0131491 0.014374 0.0121068 0.0179727 0.0365472 0.0283518 0.0174881 0.0140876 0.013791 0.0100272 0.0122175 0.0141182 0.013349 0.00744278 0.00169938 
0 0.00690243 0.0228107 0.0219561 0.0182982 0.018212 0.0275744 0.0294256 0.0230245 0.0251923 0.0260099 0.031355 0.0288552 0.0281657 0.023527 0.0286455 0.0242709 0.0200171 0.0259022 0.0204929 0.0184204 0.0156154 0.0184206 0.0161843 0.0228261 0.0314153 0.046708 0.034832 0.0346283 0.0281555 0.0317648 0.0308188 0.0291153 0.0193242 0.02017 0.0183913 0.0123714 0.0131238 0.0279806 0.0330565 0.0378177 0.0487646 0.02823 0.0206353 0.0218237 0.0151624 0.0107403 0.0108167 0.0138249 0.0161105 0.0127804 0.0140293 0.0139869 0.014709 0.0196889 0.0164115 0.0142627 0.0144056 0.021173 0.0230729 0.0152044 0.0139578 0.0301636 0.0287778 0.0146521 0.00995374 0.00915174 0.00732669 0.000965073 
0.000166109 0.00874329 0.0206839 0.0180393 0.0155461 0.0260347 0.0306166 0.0232533 0.0188917 0.0191888 0.0220593 0.0234267 0.0258452 0.0292641 0.0271457 0.0295773 0.0283632 0.0259865 0.0224818 0.0197677 0.0230059 0.0175603 0.014309 0.0156351 0.0214903 0.0288847 0.0291557 0.029232 0.0214187 0.0326139 0.0404631 0.0294738 0.0332696 0.0210263 0.0258117 0.0268462 0.025989 0.0230474 0.0291423 0.037077 0.034133 0.042725 0.0245304 0.0192283 0.0162258 0.0132681 0.00731278 0.0103668 0.0128789 0.0145232 0.0134639 0.0121856 0.0195616 0.0178479 0.0201698 0.0148842 0.0111834 0.0147897 0.0150786 0.0173209 0.0135295 0.0143321 0.0287892 0.0387318 0.017325 0.010219 0.0083874 0.00332578 0.000224027 
0.000657785 0.0100538 0.0157131 0.0175398 0.0189847 0.0264875 0.0278303 0.0280903 0.0283353 0.0183977 0.0212983 0.0191611 0.0311493 0.0330234 0.027978 0.0214233 0.0212109 0.0259178 0.0214293 0.0201744 0.0228434 0.0270052 0.0280166 0.0220233 0.0219035 0.0286997 0.0406344 0.0319537 0.0236058 0.0294527 0.0468049 0.0420694 0.0388795 0.0282073 0.0309781 0.0390401 0.036383 0.0352043 0.0287747 0.0254108 0.0260972 0.0238649 0.021995 0.0203027 0.0164083 0.01609 0.013537 0.0134627 0.012085 0.0219787 0.0191364 0.0140033 0.0155104 0.0156083 0.0207514 0.0173846 0.011266 0.0182568 0.0205944 0.0172095 0.0120056 0.015531 0.0165759 0.0132274 0.0110873 0.0103644 0.00804044 0.00376378 3.43898e-05 
0.000225816 0.0103938 0.0219686 0.0178976 0.0207487 0.0236273 0.0266916 0.0332534 0.0309657 0.0267632 0.0307112 0.0232497 0.0229688 0.0268035 0.0195743 0.0228303 0.0270427 0.0261591 0.0264218 0.0253343 0.032829 0.0381836 0.0332484 0.026096 0.0178141 0.0236115 0.0304076 0.0210552 0.0169549 0.017413 0.0336528 0.041521 0.0348516 0.0316115 0.035549 0.0395508 0.029912 0.0283967 0.0171179 0.0220965 0.0232167 0.0229445 0.020488 0.0195678 0.0170106 0.0122207 0.0122707 0.0136406 0.0133801 0.0151863 0.0202872 0.0227181 0.0212058 0.0176037 0.0255899 0.0223396 0.0233036 0.0249975 0.0246716 0.0188875 0.0216819 0.0200624 0.0156948 0.0112916 0.0101257 0.0134325 0.00945437 0.00640881 0.000686262 
0.000312588 0.014088 0.027561 0.0197299 0.0202208 0.0257293 0.0295646 0.0237918 0.0272783 0.030924 0.0301045 0.0324961 0.023752 0.0191011 0.018258 0.0253044 0.0294814 0.0237286 0.022494 0.0383527 0.0383532 0.0356881 0.0239355 0.0214745 0.0153639 0.0151034 0.0174675 0.0146269 0.0139205 0.022843 0.0321379 0.0298804 0.0282532 0.0292384 0.0297044 0.0300392 0.028951 0.0242133 0.0176722 0.0203843 0.0184352 0.0180269 0.0201921 0.0262972 0.0285788 0.0157486 0.0123892 0.016172 0.0123581 0.0146862 0.0189533 0.0276241 0.0265063 0.0224504 0.0216485 0.0173501 0.0207238 0.025071 0.019427 0.0175634 0.0253516 0.0217316 0.0227281 0.0174338 0.0140447 0.0118209 0.010784 0.0034404 0.00080045 
0.000108115 0.0123537 0.0314556 0.0298939 0.0271261 0.0262125 0.0309556 0.0216043 0.0193469 0.0227522 0.028287 0.032168 0.024947 0.0198095 0.0261129 0.0227166 0.0253467 0.0341446 0.026825 0.0337297 0.0358895 0.0300247 0.0207968 0.0177256 0.0160177 0.0194013 0.0228499 0.0271299 0.0225298 0.0229906 0.025669 0.0299878 0.0241437 0.0234415 0.0219065 0.0267408 0.0306789 0.023548 0.0180478 0.0240963 0.0286278 0.0243329 0.0162121 0.0197256 0.0202295 0.0192348 0.0137578 0.0157233 0.0201791 0.0178754 0.0258447 0.0200768 0.021927 0.0182121 0.0149239 0.0124258 0.0165623 0.0176332 0.00790908 0.0138992 0.0206154 0.0467649 0.0509697 0.023281 0.0145357 0.00937422 0.0107535 0.00660501 0.000682549 
0.000749387 0.0182692 0.0286627 0.0168161 0.0102399 0.010934 0.0170635 0.0177892 0.020213 0.0141479 0.013676 0.0143304 0.0161724 0.0187313 0.022325 0.021953 0.0252508 0.034219 0.0334428 0.0288358 0.020238 0.0151412 0.0173481 0.0198584 0.021935 0.0243096 0.0234365 0.0174861 0.0164183 0.0227957 0.02384 0.020732 0.0304504 0.028152 0.0284132 0.0325181 0.0285227 0.018289 0.0243758 0.0272291 0.0291332 0.0241397 0.0187238 0.0152078 0.0165978 0.0145257 0.0130338 0.0152356 0.0227848 0.0150134 0.0176719 0.0139513 0.0195237 0.0196033 0.0162798 0.016252 0.0149652 0.0136623 0.015739 0.0157581 0.0153228 0.040253 0.0341881 0.0176836 0.00824436 0.00573227 0.00911474 0.00716949 0.000301346 
0.000177992 0.00910745 0.017035 0.00867252 0.00487007 0.000925653 0.001566 0.00247605 0.00354675 0.0030541 0.0090291 0.0161501 0.0171579 0.016809 0.0173114 0.0151701 0.0166017 0.0290944 0.0394494 0.0301559 0.0192977 0.0169486 0.0153938 0.0128387 0.0201602 0.0261939 0.0232618 0.0200599 0.0179583 0.0223593 0.0213051 0.0265575 0.0349437 0.0284754 0.0272332 0.0356821 0.0251848 0.0237444 0.0251087 0.0264989 0.0267804 0.0229587 0.0222221 0.0223538 0.0188371 0.0212169 0.0138967 0.0180205 0.0175574 0.0138025 0.00985502 0.0124106 0.0139613 0.0199959 0.0159427 0.021548 0.0193777 0.0187657 0.0175724 0.0177346 0.00880286 0.0170362 0.0151338 0.0181879 0.00992527 0.0114877 0.0198837 0.0118388 0.000953349 
2.80544e-05 0.00594912 0.00829057 0.0176859 0.0160189 0.0025819 0.00366063 0.001571 0.00133744 0.00465272 0.0167374 0.0198268 0.0238555 0.0152744 0.0181875 0.016414 0.02134 0.031639 0.032316 0.0314308 0.0241798 0.0175757 0.0213076 0.0180497 0.019064 0.0249397 0.021678 0.0200548 0.0247805 0.0245158 0.0246896 0.0243026 0.0358653 0.0352141 0.0274931 0.0312358 0.0240043 0.0247609 0.0205268 0.0187923 0.0261816 0.0197542 0.0209955 0.0168715 0.0154945 0.0237494 0.022286 0.0177988 0.012044 0.0115103 0.0119815 0.00981132 0.0123217 0.0139531 0.0189999 0.0186034 0.0118707 0.0157605 0.0167011 0.0142513 0.00898849 0.0201648 0.022456 0.0156609 0.0109901 0.0101778 0.0125258 0.0102489 0.00248161 
0 0.00427326 0.00421634 0.014719 0.0160149 0.00555041 0.0123911 0.0166356 0.0134809 0.0170356 0.0248326 0.022665 0.0230093 0.0187722 0.0163222 0.0139651 0.020428 0.0210155 0.0265038 0.0261582 0.0278693 0.0295184 0.0248911 0.0184222 0.0169726 0.0202755 0.0199662 0.0257812 0.0308493 0.0412314 0.0332366 0.0228666 0.0280617 0.0261474 0.0240974 0.0264475 0.0247757 0.0268036 0.0205304 0.0268966 0.0215977 0.0170086 0.0189823 0.015218 0.0237011 0.0359924 0.0352555 0.0203548 0.00847782 0.01576 0.0104772 0.00545415 0.0087017 0.0150765 0.016756 0.0172535 0.0122982 0.0121298 0.0113552 0.00958327 0.0210694 0.0240756 0.0169108 0.00712012 0.0145501 0.0111678 0.0123432 0.00884736 0.0016011 
0 0.000224403 0.000158348 0.00131308 0.00451809 0.0122624 0.0229973 0.033399 0.0217325 0.0209136 0.0192064 0.0209618 0.0248756 0.0204889 0.0129081 0.0145504 0.0115988 0.0130735 0.0211326 0.0243227 0.0226804 0.0223553 0.0187509 0.0159055 0.0151622 0.0219534 0.0234568 0.0259913 0.0218444 0.032093 0.0308641 0.0195215 0.0238143 0.0292088 0.0236844 0.0211167 0.0261708 0.0286376 0.024122 0.0266396 0.0276205 0.0195991 0.0216208 0.029109 0.0279463 0.0348396 0.0280974 0.023007 0.0126712 0.0112503 0.0141543 0.0141892 0.0102193 0.010909 0.0144695 0.0180759 0.0159964 0.0139957 0.0122285 0.0112619 0.0259449 0.0271444 0.00881733 0.00492979 0.00790453 0.0096847 0.00684555 0.0036543 0.00023016 
0 0 0 0.00182334 0.0172804 0.0215475 0.0250375 0.02093 0.0212351 0.0109708 0.00958799 0.0146196 0.0184512 0.019938 0.0133692 0.0155686 0.0121151 0.0143122 0.020171 0.0263457 0.0228253 0.0175476 0.0139353 0.0119945 0.0107881 0.02393 0.0264117 0.0275999 0.0254241 0.0263731 0.0315135 0.0229432 0.0254911 0.0255222 0.0223865 0.0164517 0.0222114 0.0355245 0.0265696 0.0237777 0.0254961 0.027036 0.0237146 0.0282281 0.0278864 0.0291732 0.026734 0.0166582 0.015672 0.0129356 0.011434 0.0154768 0.018416 0.0182813 0.0177829 0.0134012 0.0175401 0.0155965 0.0175502 0.0131327 0.0209631 0.0206535 0.00503683 0.00511228 0.00552831 0.00749549 0.00571912 0.00167414 0 
0 0 0.000252481 0.00897638 0.0281551 0.0272633 0.0197172 0.00925719 0.00837272 0.0037811 0.0069751 0.0169592 0.0155957 0.0127196 0.019189 0.0243455 0.0211825 0.0221957 0.0243366 0.0239063 0.0210236 0.0179884 0.0212094 0.0162942 0.0140599 0.0232006 0.0295691 0.0222764 0.0226243 0.0264524 0.033281 0.0278559 0.0258667 0.0211667 0.0210308 0.0179115 0.0240255 0.0314787 0.0289182 0.0249219 0.0265243 0.026912 0.0218503 0.0139016 0.0167885 0.0231954 0.0232705 0.0110152 0.0161558 0.0194034 0.0114599 0.0136534 0.0140134 0.0151668 0.0130516 0.0129271 0.0118257 0.00855581 0.0123903 0.0174929 0.0184376 0.00862325 0.00178851 0.00175672 0.000918253 0.00237317 0.00254466 0.00139247 0 
0 0 0.000982487 0.0148951 0.0277962 0.0281083 0.0242562 0.0108767 0.0106839 0.00866674 0.00968332 0.0123965 0.0173784 0.0214514 0.0231422 0.0258145 0.0307025 0.0286871 0.0269914 0.0212284 0.0174532 0.0186592 0.0249408 0.0270795 0.0212455 0.0201554 0.0309713 0.0268781 0.0207676 0.023921 0.0262215 0.0261253 0.0272377 0.0316279 0.0231446 0.0215278 0.0192235 0.0189145 0.0271754 0.0312572 0.0245876 0.0261671 0.0186587 0.00904263 0.0145954 0.0240734 0.0245242 0.0161769 0.0174281 0.0347951 0.0267105 0.0103982 0.00999029 0.00764533 0.0122321 0.00845372 0.00636288 0.00890983 0.00759426 0.0122956 0.0195077 0.00863292 0.0029466 0.00935069 0.010767 0.00541562 0.000864656 0.000337173 0 
0 0 0.000311722 0.0128242 0.0224217 0.0147184 0.0218879 0.0132962 0.00967631 0.00752052 0.0048264 0.00837737 0.0162186 0.0287478 0.0250395 0.0269723 0.0241683 0.021393 0.0187974 0.0172589 0.0146813 0.0240711 0.0319974 0.0335763 0.0249844 0.025117 0.0339122 0.0305493 0.0272612 0.02127 0.023017 0.0199691 0.0238733 0.026072 0.0246256 0.0273508 0.0228544 0.0186001 0.0249812 0.0249602 0.0231983 0.0288328 0.0242625 0.0116579 0.0110718 0.014906 0.0155677 0.0143504 0.0163519 0.0429538 0.0392399 0.0177161 0.0121375 0.0149072 0.0100845 0.00782814 0.0096318 0.00844682 0.011777 0.0149621 0.0113751 0.00602235 0.00561021 0.0191604 0.0192951 0.0116215 0.00113042 0 0 
0 0 0 0.00313651 0.0152088 0.0117453 0.0212528 0.0252361 0.00831296 0.00848814 0.00381231 0.00229421 0.0100082 0.0204639 0.0200396 0.0237677 0.0265967 0.0192453 0.0234412 0.0254077 0.0223757 0.0222926 0.0238558 0.0226899 0.0250522 0.0216333 0.0367033 0.0378164 0.0322651 0.0274646 0.0233967 0.0218355 0.0220455 0.024883 0.0285384 0.0302365 0.0196832 0.0206532 0.031639 0.0336272 0.027882 0.0266151 0.0226427 0.0284913 0.016423 0.0130602 0.0169115 0.0227233 0.0168662 0.0228856 0.0296207 0.0221779 0.0156275 0.0155012 0.011471 0.0117666 0.0153819 0.011533 0.013281 0.0143557 0.0111656 0.00370762 0.000303904 0.00444912 0.00814935 0.005156 0.00189692 0 0 
0 0 0 0.000557989 0.00479841 0.0115826 0.0150425 0.0146773 0.00330526 0.000757578 0.000675583 0.00080222 0.00377673 0.0139151 0.0216228 0.0290967 0.0339828 0.0288614 0.0237624 0.0230011 0.0233114 0.0221994 0.0213065 0.0268299 0.0198214 0.0212709 0.0212447 0.0318168 0.0280289 0.0270014 0.0222446 0.0220766 0.0224882 0.0280688 0.0271519 0.0288631 0.0255838 0.0253009 0.0375558 0.0317284 0.0307542 0.0230553 0.0206676 0.032053 0.0208101 0.0116427 0.0102341 0.0181606 0.0172355 0.0170027 0.0184797 0.0167622 0.0239026 0.0178011 0.0167149 0.0177219 0.0134102 0.0141105 0.0106377 0.0115683 0.00401344 0.00210183 0.00346167 0.00422919 0.00492781 0.0042322 0.00133588 0 0 
0 0 0 5.76505e-05 0.00325065 0.0124946 0.0192086 0.0135913 0.00346936 1.81799e-05 0.00048323 0.00148858 0.00352471 0.0121432 0.0229512 0.0482716 0.0428812 0.039376 0.0267088 0.0203522 0.0273613 0.0256803 0.0177376 0.0259463 0.0259773 0.022366 0.0207807 0.0278225 0.0228344 0.0311696 0.0250323 0.0302249 0.0286493 0.0320053 0.0406252 0.0295516 0.0242499 0.0211601 0.0268929 0.0377934 0.0299011 0.0219323 0.0178681 0.0177756 0.0171582 0.0170637 0.0158603 0.0138859 0.0184805 0.017553 0.0177002 0.0164902 0.0189992 0.0155889 0.0196936 0.0191376 0.014784 0.00646338 0.00613277 0.00774382 0.011674 0.00954072 0.00853421 0.00409401 0.00261751 0.00200812 0.000230288 0 0 
0 0 0 0 0.000745044 0.00644568 0.0163423 0.00873263 0.00211552 0.000117702 0.00523252 0.01484 0.0124227 0.0128114 0.0143016 0.0297907 0.0287958 0.0363065 0.0262545 0.0206343 0.02849 0.0305714 0.0198595 0.0284179 0.0364232 0.0240744 0.0239607 0.0217114 0.0174317 0.027024 0.0276699 0.0345391 0.0405165 0.0378154 0.0354783 0.0288107 0.0252324 0.016924 0.0195201 0.0245118 0.0254269 0.0188118 0.0120549 0.0104509 0.0157251 0.018797 0.0133185 0.012339 0.0127679 0.0124359 0.0203185 0.0184439 0.0222504 0.0147032 0.013472 0.012594 0.012669 0.0119124 0.0101153 0.0141392 0.0195824 0.0196052 0.00953087 0.00527834 0.0011207 0.000355777 0 0 0 
0 0 0 0 0 0.00249168 0.0127726 0.0109649 0.0109443 0.00177271 0.0178177 0.0243439 0.0211116 0.0183171 0.0196887 0.0170521 0.018731 0.0248768 0.0234547 0.0191593 0.0263419 0.0317514 0.0215678 0.0353566 0.0387843 0.0330333 0.0294886 0.0277751 0.0247673 0.0215056 0.0275545 0.038803 0.0484529 0.0329372 0.0253049 0.0222509 0.0220172 0.0165611 0.0140683 0.0225927 0.0221259 0.0102899 0.00637608 0.00716419 0.0128742 0.0179721 0.0126351 0.0114464 0.0130936 0.0150573 0.0172513 0.0158512 0.0157415 0.0148315 0.0150988 0.018547 0.0160324 0.0149717 0.0167873 0.0238196 0.0227928 0.0249107 0.0181814 0.00338648 0.000777377 4.30996e-05 0 0 0 
0 0 0 0 0 0.000845003 0.00698332 0.0131047 0.0150459 0.00562104 0.0196337 0.0355906 0.0307067 0.025928 0.0288668 0.0215575 0.0213449 0.0242816 0.0229553 0.0177136 0.0231265 0.0277377 0.0331913 0.027323 0.0317882 0.0432249 0.0315115 0.0226482 0.0254287 0.0217499 0.0318186 0.0360877 0.0383398 0.0346254 0.0243283 0.0220407 0.025448 0.0174847 0.0138563 0.0217579 0.0179254 0.0103399 0.00678689 0.00562804 0.00682338 0.0111757 0.013736 0.0142287 0.0152872 0.0210715 0.0226484 0.0191251 0.01627 0.0116172 0.0103636 0.0206865 0.0222634 0.0185612 0.019104 0.0209686 0.0341968 0.0246896 0.0136409 0.00244078 0 0 0 0 0 
0 0 0 0 0 1.3717e-05 0.00295463 0.0123576 0.0179732 0.00455691 0.0143535 0.0299616 0.0356368 0.0337957 0.0260655 0.0253699 0.0252332 0.026491 0.0241172 0.0249448 0.0322245 0.0256242 0.0327264 0.024297 0.0210132 0.0313872 0.0286503 0.024539 0.0227622 0.0221839 0.0227754 0.0284473 0.0326597 0.0309165 0.0267743 0.0228512 0.0253629 0.0192601 0.0108689 0.010636 0.0146688 0.016272 0.0104118 0.00684954 0.00756837 0.00794162 0.0074748 0.0148844 0.0224782 0.0179481 0.0189116 0.0172449 0.0135243 0.0135639 0.0144591 0.0174922 0.0158155 0.0163454 0.0178521 0.0183779 0.0233469 0.0135296 0.00592627 0.000799915 0 0 0 0 0 
0 0 0 0 0 0 0.00059719 0.0018243 0.00108904 0.00239505 0.0192961 0.0292508 0.0292005 0.0311153 0.0291634 0.0302622 0.0205565 0.0202424 0.0232166 0.028293 0.0248648 0.0239655 0.0265454 0.0228097 0.0167612 0.024367 0.0249699 0.0278442 0.0227575 0.0302857 0.0309519 0.0283716 0.0282695 0.0321652 0.0304965 0.0214254 0.0236781 0.0193574 0.0140291 0.0128949 0.0171633 0.0162762 0.0157314 0.0120342 0.014557 0.0138976 0.0129473 0.0127711 0.0163923 0.0168001 0.01328 0.0176 0.0158007 0.0116832 0.0101297 0.0140278 0.00929503 0.00625168 0.00565669 0.00752221 0.00697599 0.00425364 0.00122781 0 0 0 0 0 0 
0 0 0 0 0 0 0 0 0 0.00276946 0.0169461 0.0263755 0.0245416 0.0299711 0.0222503 0.0291266 0.0204526 0.0275253 0.0239838 0.0224228 0.0207799 0.0217916 0.0277992 0.0253855 0.0229154 0.0299301 0.0252763 0.03032 0.0258356 0.0286138 0.0288318 0.0300085 0.0340726 0.034045 0.0301156 0.019561 0.0136388 0.0183405 0.0200811 0.0145427 0.0184077 0.021661 0.0188011 0.0174778 0.00902945 0.0094117 0.01633 0.0131751 0.0235055 0.0241143 0.0200328 0.0137344 0.0163222 0.010524 0.0100895 0.00859105 0.0064848 0.00205899 0.00235238 0.00249747 0.00108204 0.000245707 0 0 0 0 0 0 0 
0 0 0 0 0 0 0 0 0 0.00139792 0.0170058 0.0357327 0.0301282 0.0281766 0.0264665 0.0209981 0.0279963 0.0355155 0.0279223 0.0261199 0.0269732 0.0219421 0.0255876 0.0273588 0.0253958 0.023933 0.0221953 0.029687 0.0363528 0.0374476 0.0372471 0.0372425 0.0334886 0.0233796 0.0199336 0.0191495 0.0180985 0.0198299 0.0309449 0.0237154 0.0193334 0.016357 0.0195423 0.0246691 0.0178468 0.0134951 0.0149477 0.0147989 0.0162418 0.0167418 0.0213048 0.0115082 0.00939228 0.0103708 0.0102996 0.00549133 0.00334929 0.00163624 0.00393891 0.0021409 0.000276012 0 0 0 0 0 0 0 0 
0 0 0 0 0 0 0 0 0 0.000620203 0.0140444 0.0312131 0.021543 0.0232494 0.0175444 0.0188831 0.0249461 0.0348427 0.0311766 0.0244966 0.0296493 0.0265553 0.0272714 0.0273553 0.0177787 0.0229037 0.0212684 0.0299123 0.0322899 0.0398906 0.040836 0.0428355 0.0315409 0.0201749 0.0163236 0.0240084 0.0263921 0.0284677 0.0309537 0.0339591 0.0251296 0.0153592 0.0211228 0.0282879 0.0265096 0.0243357 0.0130941 0.0152865 0.0138352 0.0174404 0.0104862 0.00668768 0.00349352 0.00382282 0.00278798 0.00454243 0.00618842 0.00480518 0.0060213 0.00428245 0.000623376 0 0 0 0 0 0 0 0 
0 0 0 0 0 0 0 0 0 8.17261e-06 0.00478136 0.0164993 0.0280005 0.0238391 0.0245167 0.0207098 0.0263174 0.0323936 0.0273536 0.026288 0.0236378 0.0234883 0.0206506 0.0239749 0.022454 0.0255133 0.0212464 0.0232736 0.0270349 0.0374685 0.0292553 0.0342299 0.0309462 0.014715 0.0168894 0.0322754 0.030005 0.0207917 0.0249533 0.0246502 0.025023 0.0182615 0.0186685 0.0307047 0.0227387 0.0227781 0.0161676 0.0224908 0.018509 0.0148456 0.0130747 0.00692677 0.00519736 0.00745268 0.010871 0.0160204 0.0200208 0.0105264 0.00686664 0.00119666 0.000152843 0 0 0 0 0 0 0 0 
0 0 0 0 0 0 0 0 0 0 0.000652371 0.00875436 0.0210038 0.017149 0.0113625 0.00770112 0.00979533 0.012554 0.0199335 0.0188444 0.0154454 0.0208961 0.0205646 0.0283169 0.0221026 0.0278954 0.0257829 0.0180581 0.0158435 0.0144978 0.0158041 0.0279993 0.03146 0.0213245 0.0263572 0.033758 0.0272913 0.0178588 0.0210838 0.0234425 0.0176474 0.0178191 0.0170245 0.0250968 0.0211479 0.0177789 0.0180686 0.0228432 0.0123198 0.0151982 0.0118647 0.00809842 0.00787059 0.0142741 0.025701 0.0404567 0.0216158 0.00591065 0.00411788 2.55936e-05 0 0 0 0 0 0 0 0 0 
0 0 0 0 0 0 0 0 0 0 0 0.000271373 0.00364608 0.00394625 0.000790382 0.000490123 0.00147717 0.00721688 0.0175176 0.018258 0.02001 0.0217102 0.0162607 0.018916 0.0192091 0.0245972 0.0185574 0.00791706 0.00506817 0.00879298 0.0126516 0.0278858 0.0370752 0.0319573 0.0355678 0.0273872 0.0163283 0.0182845 0.0161065 0.0239099 0.0201867 0.0193964 0.0212411 0.0159359 0.01456 0.0136091 0.0131978 0.0164432 0.0209593 0.0168487 0.0139044 0.0104749 0.0149394 0.0168543 0.0216459 0.018042 0.0125172 0.00159636 0.000207368 0 0 0 0 0 0 0 0 0 0 
0 0 0 0 0 0 0 0 0 0 0 0 0 0 0.000160403 0.00110085 0.000926632 0.0100202 0.0194107 0.0211307 0.0277711 0.0298988 0.0180979 0.0177859 0.0161549 0.0133089 0.0128454 0.0105566 0.00777722 0.0131001 0.0132465 0.0198127 0.0337208 0.0286719 0.0267589 0.016042 0.0130685 0.0161065 0.0173902 0.0214252 0.020461 0.0212856 0.0230993 0.0179765 0.0153363 0.0152269 0.0158915 0.0151695 0.0196593 0.0193385 0.018568 0.0122037 0.00969103 0.0144854 0.0172176 0.0139594 0.00105136 5.47165e-05 0 0 0 0 0 0 0 0 0 0 0 
0 0 0 0 0 0 0 0 0 0 0 0 0 0 1.11146e-05 4.08028e-05 0.000107862 0.00377534 0.0152232 0.0222269 0.0243504 0.019138 0.0180508 0.0214693 0.0163779 0.0211427 0.0196681 0.00960503 0.0130458 0.0217639 0.0174802 0.0186076 0.0248985 0.0290449 0.0220045 0.0127285 0.0166322 0.0169564 0.0122443 0.0193481 0.0211483 0.0160997 0.0170351 0.024528 0.0329768 0.0222261 0.0166183 0.0147702 0.0232488 0.0184224 0.0181369 0.012734 0.00950391 0.0112911 0.00641592 0.00169215 0 0 0 0 0 0 0 0 0 0 0 0 0 
0 0 0 0 0 0 0 0 0 0 0 0 0 0 0 0 0 0.000345643 0.00926274 0.0191092 0.0175175 0.00761287 0.0151669 0.0291006 0.0305436 0.0306963 0.018167 0.0114999 0.0122806 0.0135889 0.0125783 0.0138459 0.0208621 0.0267606 0.0186379 0.0126774 0.0158643 0.0135759 0.0088421 0.0108486 0.0111666 0.00987965 0.0150288 0.0450078 0.0595151 0.0420896 0.0124976 0.00926297 0.0154274 0.0126347 0.00923389 0.0082819 0.00613884 0.00331049 0.000418679 6.2975e-06 0 0 0 0 0 0 0 0 0 0 0 0 0 
0 0 0 0 0 0 0 0 0 0 0 0 0 0 0 0 0 0 0.00110452 0.00555176 0.00877075 0.00771579 0.01108 0.0232208 0.0315781 0.0285397 0.0182561 0.00846047 0.0152448 0.028062 0.020307 0.0217371 0.0260626 0.0392889 0.0354917 0.0174761 0.0169863 0.0105952 0.0118341 0.0135722 0.0128197 0.0105134 0.0132885 0.0317354 0.0401873 0.0254361 0.00681463 0.00506662 0.00319411 0.0047321 0.00535577 0.00189639 0.000615374 0 0 0 0 0 0 0 0 0 0 0 0 0 0 0 0 
0 0 0 0 0 0 0 0 0 0 0 0 0 0 0 0 0 0 0 5.06389e-05 0.000881658 0.0044713 0.00600178 0.017326 0.0272996 0.00826595 0.00374141 0.00282997 0.0155035 0.0254316 0.0267945 0.0209763 0.0306122 0.0639767 0.0636776 0.023411 0.0175469 0.0140881 0.0147089 0.0177193 0.0125723 0.0106815 0.0161281 0.0201242 0.021484 0.00919646 0.00190985 0.00099515 0.00048635 0.000337184 0.000136558 0.000138151 0 0 0 0 0 0 0 0 0 0 0 0 0 0 0 0 0 
0 0 0 0 0 0 0 0 0 0 0 0 0 0 0 0 0 0 0 0 0 0.000428528 0.000288654 0.00874107 0.0244862 0.000575607 7.53575e-05 0.0024076 0.0133287 0.0206174 0.0232551 0.0198607 0.0295643 0.0395024 0.0464093 0.0241114 0.0195785 0.0260569 0.0199383 0.0188521 0.0129694 0.0128037 0.0130077 0.0115642 0.00660355 0.00109197 0.000225037 2.10475e-05 4.27717e-06 0 0 0 0 0 0 0 0 0 0 0 0 0 0 0 0 0 0 0 0 
0 0 0 0 0 0 0 0 0 0 0 0 0 0 0 0 0 0 0 0 0 0 0 0.000694296 0.00487667 0.000523173 7.57521e-05 0.00240828 0.00714078 0.00839065 0.00998925 0.0173197 0.0194438 0.0199694 0.0189897 0.0158544 0.0108731 0.0137635 0.0132763 0.0100311 0.00718621 0.0165703 0.0108411 0.00613007 0.000643742 3.39224e-05 0 0 0 0 0 0 0 0 0 0 0 0 0 0 0 0 0 0 0 0 0 0 0 
0 0 0 0 0 0 0 0 0 0 0 0 0 0 0 0 0 0 0 0 0 0 0 0 0 0 0 9.78057e-05 0.00035638 0.000329981 0.00129083 0.00242891 0.00194101 0.00151546 0.00143166 0.00168458 0.00576689 0.00740955 0.00947292 0.00645026 0.000777478 0.00278767 0.000574322 0.000541353 8.88474e-05 0 0 0 0 0 0 0 0 0 0 0 0 0 0 0 0 0 0 0 0 0 0 0 0 

