0 0 0 0 0 0 0 0 0 0 0 0 0 0 0 0 0 0 0 0 0 0 0 0 0 0 0 0 0 0 1.08427e-05 8.13048e-05 3.53803e-05 0 0 0 0 2.11728e-05 4.36417e-05 0 0 0 0 0 0 0 0 0 0 0 0 0 0 0 0 0 0 0 0 0 0 0 0 0 0 0 0 0 0 
0 0 0 0 0 0 0 0 0 0 0 0 0 0 0 0 0 0 0 0 0 0 0 0 0 0.000102555 0.000285997 9.62917e-05 0.00158895 0.00337407 0.00297717 0.00368015 0.00101598 0.000210775 0 0.00010386 0.000406329 0.000961009 0.00327033 0.00103842 0.000120769 9.21561e-05 0.000418402 0.00121273 0.000248314 0 0 0 0 0 0 0 0 0 0 0 0 0 0 0 0 0 0 0 0 0 0 0 0 
0 0 0 0 0 0 0 0 0 0 0 0 0 0 0 0 0 0 0 0 0 0 0 0.000357135 0.00138569 0.00151961 0.00430882 0.0052615 0.00607503 0.0110862 0.0130469 0.00769858 0.00577088 0.00259326 0.000521538 9.21441e-05 0.000995235 0.00180686 0.00663871 0.00728983 0.00642226 0.00294135 0.00262262 0.00709355 0.00690473 0.00242586 0.000556024 5.64648e-05 0 0 0 0 0 0 0 0 0 0 0 0 0 0 0 0 0 0 0 0 0 
0 0 0 0 0 0 0 0 0 0 0 0 0 0 0 0 0 0 0 0 0 0 0 0.00322565 0.00727725 0.00804179 0.0092021 0.0126456 0.00903264 0.0118577 0.0166694 0.0145083 0.0145568 0.0064849 0.00306079 0.00308099 0.00514686 0.00418658 0.0033819 0.00605437 0.0103403 0.0066765 0.00373101 0.00689287 0.0113807 0.00636887 0.00523315 0.00274292 0.000794905 1.12615e-06 0 0 0 0 0 0 0 0 0 0 0 0 0 0 0 0 0 0 0 
0 0 0 0 0 0 0 0 0 0 0 0 0 0 0 0 0 0 0 0 0 0 0 0.0032369 0.00776131 0.00894954 0.014306 0.014263 0.0109486 0.0143465 0.013309 0.0089551 0.0101264 0.00594445 0.00674298 0.00927479 0.0131799 0.0166884 0.0115838 0.0143822 0.0179783 0.00821904 0.00458615 0.00691553 0.0112535 0.0148391 0.0095976 0.0121075 0.0113062 0.00384697 0.00135247 3.51632e-05 0 0 0 0 0 0 0 0 0 0 0 0 0 0 0 0 0 
0 0 0 0 0 0 0 0 0 0 0 0 0 0 0 0 4.09395e-06 0.000258387 6.61168e-05 0 0 0 0.000436386 0.00156327 0.0088356 0.00989844 0.0143718 0.0126929 0.0110324 0.0139397 0.0138752 0.0101626 0.0101988 0.00719591 0.00972138 0.0139062 0.0167846 0.0157423 0.0151581 0.0136322 0.0125383 0.0152744 0.012831 0.0164833 0.0105548 0.0122544 0.0184951 0.0206676 0.0149815 0.0121735 0.00671852 0.00247711 0.00101082 5.13849e-05 0 0 0 0 0 0 0 0 0 0 0 0 0 0 0 
0 0 0 0 0 0 0 0 0 0 0 0 0 0 0 0 0.000180192 0.00215135 0.000528311 0 0 2.84271e-05 0.000311303 0.00184229 0.00726906 0.0132467 0.0111933 0.0157264 0.0128618 0.0122685 0.0148496 0.0148999 0.0113906 0.00981491 0.0158637 0.0238487 0.022914 0.0174461 0.0195811 0.0233289 0.0206809 0.0189675 0.0191208 0.0214211 0.0157851 0.0149098 0.0193464 0.022746 0.0204533 0.0176583 0.0166388 0.00912424 0.0117768 0.00488348 0.00012887 0 0 0 0 0 0 0 0 0 0 0 0 0 0 
0 0 0 0 0 0 0 0 0 0 0 0 0 3.29623e-06 0.000445917 0.000153168 4.67762e-05 1.29651e-05 0.000625734 0.00166521 0.00161522 0.00121628 0.00139078 0.00381374 0.0126047 0.0173676 0.0194631 0.0252011 0.0190092 0.0125034 0.0179962 0.0184896 0.0117143 0.0125928 0.0160852 0.0169677 0.0167904 0.0175187 0.0274761 0.0447877 0.0368512 0.0174386 0.0122739 0.0149046 0.01602 0.0170277 0.0224042 0.0208547 0.0234245 0.0202095 0.0188351 0.0170488 0.0173476 0.0121677 0.00399718 0.000853558 0 0 0 0 0 0 0 0 0 0 0 0 0 
0 0 0 0 0 0 0 0 0 0 0 0 8.10531e-05 0.00172165 0.00469107 0.00246839 0.00208281 0.000698126 0.0088553 0.011188 0.0127723 0.0108344 0.00908507 0.00860598 0.0119333 0.0179817 0.0187024 0.0230737 0.0229965 0.0161984 0.0141445 0.0142027 0.0158021 0.0125746 0.0156778 0.0176552 0.0160593 0.0155025 0.0274338 0.0773617 0.0673122 0.014536 0.0110638 0.0138039 0.0184152 0.022832 0.0238047 0.0271559 0.0244452 0.0186784 0.0186755 0.0191992 0.0182773 0.0143177 0.00951542 0.00483426 0.00221812 0.000177704 0 0 0 0 0 0 0 0 0 0 0 
0 0 0 0 0 0 0 0 0 0 0 0.000123623 0.00307191 0.007651 0.0080495 0.00925132 0.0083213 0.0109341 0.0206214 0.0138921 0.0151335 0.0186918 0.0211137 0.014615 0.0157594 0.0119803 0.0153059 0.0189582 0.0226674 0.0170296 0.0118194 0.0127505 0.0138764 0.0175307 0.0200191 0.0198624 0.0187456 0.0201364 0.0172174 0.0306088 0.0263189 0.0155295 0.0116839 0.0140847 0.0196646 0.0321616 0.0336755 0.0272866 0.0258889 0.0208768 0.0284002 0.0170065 0.0188983 0.0181131 0.0131719 0.0124008 0.0122846 0.00408833 0.000109251 0 0 0 0 0 0 0 0 0 0 
0 0 0 0 0 0 0 0 0 0 0.000270592 0.00621102 0.0135082 0.0148594 0.0156031 0.0201604 0.0187613 0.0200739 0.0220829 0.017926 0.0152803 0.0196347 0.0202763 0.0193993 0.0143478 0.0174792 0.0146864 0.0180977 0.0190687 0.0183705 0.0109958 0.0162265 0.0174825 0.0209876 0.0239053 0.0195541 0.0151027 0.014732 0.012046 0.0138307 0.0143991 0.0162691 0.016612 0.0179443 0.0215682 0.0301228 0.0313035 0.0219782 0.0207587 0.0194093 0.0231124 0.0196655 0.020516 0.0161674 0.0121665 0.0101822 0.0134006 0.00650851 0.000244528 0 0 0 0 0 0 0 0 0 0 
0 0 0 0 0 0 0 0 0 0 0.00268907 0.0116477 0.0207336 0.0204803 0.0190097 0.0181588 0.0189251 0.0215856 0.019098 0.0196537 0.0161898 0.0192252 0.0190424 0.0138747 0.0130927 0.0180018 0.0122159 0.019558 0.0221421 0.0232876 0.0171454 0.0286371 0.0297868 0.0256121 0.0233606 0.0155627 0.0150823 0.0210552 0.0215761 0.0164449 0.0164734 0.0253023 0.0247336 0.0190707 0.0231482 0.0279911 0.0209064 0.0208853 0.0198068 0.0188482 0.0224452 0.0175129 0.0161013 0.0138734 0.0173671 0.0174616 0.0218999 0.0112931 0.000497007 0 0 0 0 0 0 0 0 0 0 
0 0 0 0 0 0 0 0 0 0 0.00316378 0.0116579 0.0276618 0.0291095 0.0153703 0.0137138 0.0178469 0.021691 0.0247293 0.0229004 0.018167 0.0176783 0.0221348 0.0172895 0.0206603 0.0148462 0.0128898 0.0219399 0.0223934 0.0178206 0.0283452 0.0606695 0.0826447 0.0292212 0.0306621 0.0228623 0.0172934 0.0191375 0.0235332 0.020762 0.0269733 0.0225597 0.0236107 0.0270937 0.0216121 0.0191893 0.0203695 0.0203767 0.0229284 0.0215613 0.0151822 0.016744 0.0172669 0.0159735 0.0205219 0.0224001 0.0194356 0.00822054 0.000469625 0 0 0 0 0 0 0 0 0 0 
0 0 0 0 0 0 0 0 0 0.000230654 0.00151807 0.00682643 0.014362 0.0153177 0.0137092 0.0176887 0.0156634 0.0157217 0.0206379 0.0197402 0.0205159 0.0199231 0.0260177 0.0224916 0.0199811 0.0173936 0.0183846 0.022402 0.0318981 0.0274303 0.0331675 0.0712241 0.0949655 0.0351672 0.0292535 0.0153468 0.0166999 0.0187274 0.0182974 0.0202357 0.0263619 0.0224455 0.0206506 0.0225088 0.0222188 0.0174194 0.017634 0.0141953 0.0205341 0.0235729 0.0195721 0.0222866 0.0301253 0.0270064 0.0188205 0.0133547 0.0103868 0.00342744 0.000813197 0.000323897 0.000564462 5.54975e-05 0 0 0 0 0 0 0 
0 0 0 0 0 0 1.76507e-05 0.000373379 0.00252899 0.00656188 0.00853593 0.00591415 0.0051862 0.010468 0.0105981 0.0163975 0.0184828 0.0177639 0.0213695 0.0216008 0.0204075 0.0225789 0.0263734 0.0188699 0.0156753 0.0205767 0.0210606 0.0171286 0.0246723 0.0243833 0.0239474 0.0380566 0.0351798 0.0344811 0.0275494 0.0138899 0.0199696 0.0214859 0.0176896 0.024611 0.0241762 0.024227 0.0191389 0.0172309 0.0186985 0.01658 0.0211503 0.0196079 0.0231271 0.0223006 0.0236769 0.0279182 0.0523767 0.0336379 0.0207556 0.0127621 0.00647954 0.00105346 0.00229621 0.00217439 0.00935414 0.0030727 0.000175684 3.92706e-06 0 0 0 0 0 
0 0 0 0 0 0 0.000609986 0.00400037 0.0103346 0.0151222 0.0137767 0.00841239 0.00847624 0.0143578 0.00791614 0.0130356 0.0146776 0.0204944 0.022325 0.022639 0.0236508 0.0289523 0.0192817 0.0169536 0.0167518 0.0184784 0.0189047 0.0221527 0.0196738 0.0236209 0.0220455 0.026271 0.0199005 0.015634 0.0144783 0.0184869 0.0152597 0.0140387 0.0214048 0.02459 0.0247843 0.0211221 0.0241444 0.0189533 0.0214691 0.0183839 0.0234338 0.0194119 0.0173748 0.0262408 0.0260157 0.0240451 0.0369042 0.0291781 0.0212113 0.0168952 0.0114213 0.00442953 0.00410268 0.00281611 0.0128969 0.0114951 0.0020435 9.30712e-05 0 0 0 0 0 
0 0 0 0 0 1.52598e-06 0.00186934 0.00788847 0.00781431 0.010863 0.0120094 0.00992927 0.0116733 0.0088056 0.00997299 0.0177791 0.0263662 0.0362688 0.0255137 0.0239974 0.0200833 0.0228237 0.0170861 0.0142198 0.0119901 0.0147862 0.0170907 0.0223203 0.0171897 0.0208485 0.0146369 0.0188307 0.0212571 0.0172873 0.0161776 0.0175919 0.0132014 0.016733 0.027073 0.023985 0.0252559 0.0189504 0.0209051 0.015281 0.0165093 0.0200916 0.0215949 0.0225945 0.0180223 0.0195661 0.0332083 0.0340164 0.022737 0.0187982 0.0158996 0.0196542 0.0162266 0.00811186 0.00389918 0.00267028 0.014871 0.0174962 0.00312483 0.000383663 0 0 0 0 0 
0 0 0 0 0 0.000372229 0.00344523 0.00516013 0.00858249 0.0163909 0.019538 0.0133521 0.0116681 0.0138363 0.0207821 0.0252585 0.0216832 0.0266059 0.0212271 0.0157894 0.0198956 0.0250594 0.0327705 0.0188774 0.00965783 0.0139722 0.0170013 0.0168966 0.0157837 0.0194893 0.0207482 0.0233773 0.0258504 0.0255667 0.0143745 0.0195131 0.0166767 0.0206799 0.0230471 0.0204677 0.0180809 0.0194108 0.0167962 0.0126174 0.0139853 0.018494 0.0240657 0.0268759 0.0259199 0.0198084 0.031358 0.0285759 0.016806 0.0134575 0.0159312 0.0186908 0.0223418 0.0138597 0.00496143 0.00425606 0.0073925 0.0127391 0.00388052 0.000380337 0 0 0 0 0 
0 0 0 0 3.87929e-07 0.000751242 0.00106651 0.00335707 0.00993644 0.0206377 0.021631 0.019423 0.0186475 0.0265746 0.0293574 0.025413 0.0195746 0.0162751 0.0209841 0.0160811 0.0150506 0.0231699 0.0328771 0.0282256 0.0161647 0.0138029 0.0151663 0.0155608 0.0185533 0.0220063 0.0224868 0.0315843 0.0331128 0.0246734 0.0176529 0.0186628 0.0140652 0.0179209 0.0199507 0.0140294 0.0110569 0.017787 0.0205567 0.0147057 0.0193677 0.0153357 0.0173505 0.0241464 0.0236842 0.016852 0.0209407 0.023817 0.0158668 0.0153381 0.0170895 0.0225559 0.0200748 0.0171308 0.00999121 0.0059368 0.00452704 0.0123718 0.0108093 0.011695 0.00266815 0.00017339 0 0 0 
0 0 0 1.15131e-05 0.000576304 0.00364751 0.00229909 0.00640759 0.0169044 0.0190784 0.0139264 0.0147597 0.0261476 0.0270714 0.0223998 0.0167904 0.0177976 0.0138879 0.02134 0.0185159 0.0161778 0.0202211 0.0216311 0.0296897 0.0230676 0.0148635 0.00852105 0.0127993 0.0188946 0.0271594 0.0323333 0.0311177 0.0296753 0.0280303 0.0224062 0.0187565 0.0148042 0.0187532 0.01994 0.0232127 0.0201208 0.017724 0.0249901 0.0244229 0.0157935 0.0160972 0.0153905 0.0235358 0.0165924 0.0169873 0.0210884 0.0213569 0.0254551 0.0207971 0.0273692 0.0302975 0.025116 0.00928212 0.00765124 0.00584401 0.00561493 0.0097398 0.0364623 0.0728163 0.0427194 0.00339793 4.91863e-06 0 0 
0 0 0 0.000371543 0.00412554 0.0025656 0.00192617 0.0099032 0.0216155 0.0260855 0.0170088 0.0127566 0.0249309 0.0280641 0.0250808 0.0206126 0.019337 0.0172467 0.0162906 0.0174791 0.0179832 0.022937 0.0298505 0.0307694 0.0218143 0.0151728 0.0134921 0.0146562 0.0163523 0.0189466 0.0242891 0.0222964 0.0242612 0.020465 0.0224293 0.0260684 0.0233287 0.0210046 0.0211862 0.0205155 0.0234888 0.0261576 0.025713 0.0190373 0.0137027 0.0215543 0.0182548 0.0152134 0.0193451 0.0195187 0.0263153 0.0190698 0.022178 0.020999 0.0285421 0.0212269 0.020047 0.00925147 0.00505247 0.00492901 0.00700834 0.0157488 0.0291693 0.092337 0.0809242 0.0112531 0.000333186 0 0 
0 0 0 0.00340451 0.0154285 0.01026 0.00403187 0.0067003 0.0206868 0.0222006 0.0171838 0.0169118 0.0248114 0.0294213 0.0291668 0.0216159 0.0188124 0.0216155 0.0179067 0.0198195 0.0193928 0.0251124 0.0363755 0.0222218 0.0191654 0.00994394 0.00954403 0.0102574 0.0159584 0.0213182 0.0192147 0.0181355 0.0185814 0.0168862 0.0153985 0.0282638 0.0348252 0.0209177 0.0166655 0.0164295 0.0235628 0.0284205 0.0266727 0.0245698 0.0231555 0.026223 0.0225651 0.0172999 0.0196008 0.0188636 0.0276378 0.0265333 0.0250246 0.0190079 0.0191354 0.01995 0.0178785 0.00958372 0.00891064 0.00832194 0.0123158 0.0211217 0.0183288 0.034634 0.0568695 0.0150148 0.00075846 0 0 
0 0 0 0.0028118 0.00834786 0.00930734 0.00820724 0.0057388 0.0128996 0.0173672 0.0174292 0.0184782 0.0235323 0.0339196 0.031123 0.0196091 0.0180636 0.0176251 0.0179309 0.0176237 0.0163691 0.023619 0.033072 0.0234173 0.0183327 0.0146165 0.0146571 0.0127038 0.0152089 0.0170685 0.0178802 0.0141496 0.0171712 0.0147524 0.0155801 0.0234634 0.0316422 0.0223676 0.0215221 0.0134931 0.0169983 0.0268327 0.0295006 0.0281471 0.0198356 0.0212433 0.0237602 0.0185531 0.0208961 0.0243649 0.0289125 0.0258387 0.0262128 0.018682 0.0196241 0.018479 0.0197557 0.0163234 0.0137232 0.0155373 0.0145457 0.0236491 0.0193604 0.013355 0.00923108 0.00414878 0.00102506 0 0 
0 0 0 0.000106374 0.000211797 0.00344838 0.00708098 0.00961508 0.0147221 0.022867 0.0207093 0.018882 0.0220306 0.0294108 0.0331223 0.0205538 0.0182759 0.0182424 0.0170471 0.0144357 0.0172264 0.0204859 0.0236937 0.0194558 0.017 0.0155157 0.021284 0.0203201 0.0192859 0.01583 0.0164896 0.0125097 0.0134597 0.0138857 0.0211376 0.0177992 0.0221677 0.0221647 0.0255385 0.0189024 0.0143595 0.024243 0.032038 0.0279201 0.0250803 0.0253294 0.018451 0.0144271 0.0203349 0.0216384 0.0209106 0.0201447 0.0252439 0.0254807 0.024092 0.0237921 0.0185674 0.01844 0.0173731 0.0194866 0.0229633 0.0167805 0.0177871 0.0139048 0.0052908 0.00267687 0.00120689 0.000263012 0 
0 0 0 0 0 0.00197304 0.0115747 0.0126798 0.011891 0.0304253 0.0157999 0.019386 0.0181249 0.0200449 0.0246346 0.0200941 0.0231521 0.0227238 0.0207295 0.0185569 0.0213841 0.0199608 0.0264945 0.0259935 0.0268975 0.0465573 0.0203336 0.016263 0.0244437 0.0196013 0.0198097 0.0181221 0.0148208 0.0220135 0.0268292 0.0192722 0.024022 0.0238847 0.0237084 0.0260953 0.020882 0.0209579 0.02584 0.0302588 0.0291932 0.0231974 0.0183192 0.0172999 0.0214101 0.0171648 0.020513 0.0209112 0.0260748 0.0238256 0.0221256 0.014004 0.013434 0.022115 0.0187438 0.0201747 0.0164859 0.00564417 0.00712967 0.00616398 0.00647566 0.00686932 0.000845991 0.000489653 1.11978e-05 
0 0 0 0 0 0.00295026 0.00921582 0.00785711 0.0182728 0.0305237 0.0221124 0.0197198 0.0225375 0.0208758 0.0252366 0.0286073 0.0357842 0.0312939 0.0235875 0.0163002 0.0249711 0.0187271 0.015496 0.0270521 0.0344634 0.0800721 0.0274298 0.0169074 0.0224693 0.0169645 0.0195838 0.024634 0.0247377 0.0254622 0.0249481 0.0180936 0.0245725 0.0279601 0.0290466 0.0275448 0.0247109 0.0188013 0.0174601 0.0212485 0.0270342 0.0184911 0.0188606 0.0152742 0.0196079 0.0165247 0.0181451 0.0184019 0.0227797 0.0201294 0.0159132 0.010076 0.0142978 0.0209695 0.0184575 0.0140728 0.0077015 0.00793505 0.010455 0.00778641 0.0241394 0.0171216 0.00264166 0.00127864 0.000148975 
0 1.25189e-05 0.000136145 5.06945e-05 0 0.00111081 0.00344289 0.0129307 0.0216242 0.0308631 0.0338362 0.0279449 0.0207224 0.0207591 0.0310997 0.0489931 0.0481973 0.0337206 0.0290723 0.0223259 0.0185385 0.020055 0.021248 0.0228907 0.0208903 0.0195889 0.0238543 0.0283229 0.0247394 0.0217979 0.0227531 0.027235 0.0313581 0.0267896 0.0221387 0.0199641 0.023029 0.030999 0.037669 0.0304965 0.0198691 0.0201393 0.0171607 0.015944 0.0193404 0.0162731 0.0187541 0.0117067 0.0180555 0.0181841 0.012559 0.0208374 0.0214732 0.0236458 0.0182692 0.0100049 0.014911 0.0149403 0.0114352 0.0068183 0.00813639 0.00913755 0.00959195 0.0189689 0.0361981 0.0208109 0.00611013 0.00182323 8.19128e-05 
0 0.000299738 0.00243914 0.00538434 0.00266141 0.00255734 0.00657544 0.0150615 0.017661 0.031422 0.0416209 0.029248 0.0237471 0.0274622 0.028342 0.0310172 0.0316254 0.0281776 0.0283211 0.0250883 0.023118 0.0192987 0.0222111 0.0183771 0.0166344 0.0217328 0.0239954 0.0242461 0.0234828 0.0197379 0.0162658 0.0179758 0.0196519 0.0205972 0.0246756 0.027593 0.0284092 0.0199166 0.0239456 0.0215407 0.0186696 0.0188987 0.0155638 0.0193533 0.0183323 0.021413 0.0165299 0.017479 0.0191972 0.0148104 0.0183846 0.0208025 0.017393 0.0213588 0.0184443 0.0153891 0.0126072 0.0133642 0.00750731 0.00403189 0.00540605 0.0126753 0.0140821 0.0138371 0.0300749 0.0197819 0.00776113 0.00511254 0.000319002 
0 0.000962848 0.00358625 0.00979974 0.0098699 0.00815615 0.0107099 0.0154259 0.013336 0.0258562 0.0294853 0.0318167 0.0315645 0.0216362 0.02263 0.0232835 0.0218861 0.0253016 0.028912 0.0302086 0.0260296 0.0249561 0.032699 0.0415604 0.0375441 0.0328145 0.0265427 0.0224282 0.0236891 0.0193973 0.0203141 0.0223117 0.0238025 0.0239208 0.0287484 0.025737 0.0348562 0.0225149 0.0255501 0.0220492 0.0192995 0.0190424 0.014419 0.0188908 0.0166508 0.0210639 0.0148191 0.0153096 0.015709 0.0135008 0.0249501 0.0179838 0.018975 0.0200698 0.022495 0.0200587 0.0182361 0.0214594 0.0192588 0.0131534 0.0182692 0.0257259 0.0219988 0.0209112 0.0274767 0.0156353 0.00815252 0.00325404 0.000337355 
0 0.00183835 0.00857806 0.0102176 0.0131142 0.0145119 0.0175285 0.0179256 0.0230643 0.021094 0.0165407 0.0245337 0.0250499 0.0241681 0.0213986 0.0224872 0.0249151 0.0221234 0.0229961 0.0249074 0.0220199 0.0268904 0.0460942 0.041882 0.0263718 0.0253248 0.0193249 0.0290809 0.0351321 0.0503911 0.0403759 0.0291382 0.0431156 0.0405755 0.0486078 0.0664905 0.034425 0.0227519 0.0211212 0.0228465 0.019224 0.0164036 0.0154431 0.0171694 0.0203657 0.0241479 0.0193922 0.014012 0.0130321 0.0211008 0.0262277 0.0191929 0.0223405 0.0223188 0.0178838 0.0170295 0.0223046 0.0244175 0.0383783 0.0309931 0.0240253 0.0239766 0.0253871 0.0220629 0.018903 0.0149144 0.0173345 0.00149256 0 
0 0.000856936 0.00793901 0.0160029 0.0132328 0.0148637 0.0178124 0.0224135 0.0357625 0.0254332 0.0194126 0.0214 0.0217967 0.0202607 0.0162791 0.0194623 0.025291 0.0261201 0.0262387 0.0216116 0.0163735 0.0196398 0.0297929 0.0208434 0.02202 0.0249979 0.0191111 0.0253214 0.032761 0.0442423 0.0369027 0.0445174 0.0484338 0.0573043 0.0539637 0.0649246 0.0456068 0.027458 0.0265438 0.0228379 0.0168174 0.0183131 0.0224788 0.0231092 0.0249758 0.0211496 0.0205481 0.0170397 0.012794 0.0221171 0.0290792 0.0211604 0.0201863 0.0184509 0.0157352 0.0152198 0.0183569 0.0242735 0.0299803 0.0259854 0.024232 0.0212163 0.0214335 0.0212698 0.0113031 0.0122298 0.0125615 0.0028859 0.000258666 
0 0.000554695 0.00498632 0.0156405 0.0140656 0.0184858 0.0170396 0.0262509 0.0278936 0.0249622 0.0221711 0.0167769 0.0185187 0.0192127 0.0213734 0.0282489 0.0361028 0.0276586 0.0181511 0.0184229 0.0222104 0.0220108 0.0278519 0.028606 0.0280576 0.0232669 0.019021 0.0274907 0.0270903 0.0267626 0.0237778 0.0197307 0.0186305 0.0329087 0.0355778 0.0360665 0.0452115 0.0234827 0.0266534 0.0196882 0.014154 0.0181294 0.0209071 0.0240128 0.0204068 0.0245503 0.0235453 0.0232263 0.0173862 0.0271716 0.0290758 0.0198866 0.0167585 0.0140585 0.0134217 0.0130677 0.0167132 0.0273219 0.0305883 0.0257692 0.0235932 0.0224408 0.0234798 0.0160977 0.0152988 0.0172583 0.00884765 0.0065177 0.00102473 
0 0.00071081 0.00553397 0.0120433 0.0100574 0.0102565 0.0146814 0.021318 0.025996 0.0239728 0.0264804 0.0198549 0.0203504 0.0217125 0.0218521 0.0292666 0.0314213 0.0232611 0.0258696 0.0186818 0.0230369 0.0215958 0.0255883 0.0296523 0.0345945 0.0301636 0.0237961 0.0300059 0.0289094 0.023941 0.0211728 0.0178426 0.0188179 0.0182954 0.0208717 0.0345113 0.0378776 0.0242587 0.0232558 0.0196759 0.0162154 0.0243765 0.0350971 0.0258754 0.0294385 0.0254022 0.0216763 0.0192834 0.0211336 0.0215315 0.0270353 0.0230191 0.0139 0.01504 0.0208371 0.0160016 0.0197102 0.0217401 0.0289412 0.0275093 0.0202503 0.0172979 0.0196794 0.0155675 0.0212078 0.0206781 0.0118981 0.00448561 0.00121963 
0.000113722 0.00120166 0.00656965 0.0186108 0.0145119 0.0136023 0.013413 0.0158557 0.0253388 0.023172 0.0185203 0.0168207 0.0170872 0.0229811 0.0287358 0.0223561 0.0229718 0.0185305 0.0191797 0.0193206 0.0196426 0.0174737 0.0198616 0.0259183 0.0311643 0.024442 0.0227559 0.0208676 0.0184468 0.0141885 0.0189131 0.0209986 0.0181866 0.0165273 0.0181753 0.0306221 0.0339392 0.028801 0.0235624 0.0263114 0.0155174 0.0203299 0.0277511 0.0307714 0.0307941 0.023554 0.0255662 0.0195162 0.0168284 0.0239103 0.025753 0.0225989 0.026286 0.0243669 0.0182818 0.0181878 0.0250935 0.0226112 0.0251805 0.0231018 0.014672 0.0167269 0.013023 0.0176343 0.0215502 0.0168484 0.00773901 0.00421357 0.00175505 
0.000114147 0.00121284 0.00902279 0.0226287 0.0205783 0.0233541 0.0190519 0.0211792 0.0286706 0.0232656 0.0154192 0.0145013 0.0191829 0.0268673 0.0206582 0.0156609 0.0194504 0.0200534 0.0118329 0.01178 0.0156702 0.0112019 0.011904 0.0167902 0.0195703 0.0268902 0.0255938 0.0289249 0.0193257 0.014922 0.0221629 0.020324 0.0166007 0.0141839 0.0248899 0.0471571 0.0357942 0.02248 0.0234689 0.0247008 0.0232537 0.0315811 0.0236158 0.0318315 0.0264436 0.0190582 0.0211636 0.0146631 0.0180111 0.0225313 0.0207811 0.0280313 0.0351125 0.0308205 0.0258899 0.0199927 0.020281 0.0247741 0.0279676 0.0213838 0.0203252 0.0215862 0.0170047 0.0139017 0.0116722 0.0113492 0.00643228 0.00111617 0.000478889 
9.12965e-06 0.00332243 0.0100019 0.0214465 0.0256109 0.0212096 0.0171689 0.0249817 0.0265245 0.024416 0.0193532 0.02003 0.0245695 0.0243186 0.0245562 0.0194663 0.0169001 0.0176211 0.0125546 0.00762864 0.0126808 0.0175294 0.0136243 0.0118279 0.0127636 0.0165822 0.01682 0.0213367 0.023826 0.0264509 0.0197157 0.01385 0.0152101 0.0147095 0.033938 0.0531555 0.0295197 0.0221092 0.021086 0.0230477 0.0270149 0.026661 0.0193541 0.026556 0.0332253 0.0199639 0.0219692 0.0173317 0.0234238 0.0224933 0.0203406 0.0253766 0.0298068 0.0305457 0.0251865 0.0229 0.0172472 0.022718 0.0264443 0.0264212 0.0261351 0.0275893 0.0248556 0.0121959 0.00982089 0.00588632 0.00778829 0.00145141 0.000284145 
5.1603e-05 0.00448158 0.0154876 0.0193263 0.0248791 0.0162889 0.0135504 0.0271044 0.0219834 0.0260884 0.0247341 0.0268523 0.0226161 0.0192248 0.0201449 0.0184334 0.0154449 0.0134447 0.00628973 0.00760812 0.012853 0.0142877 0.0140974 0.0120776 0.0116258 0.0113469 0.011627 0.0173656 0.0260972 0.0268645 0.0220049 0.0187692 0.0168856 0.0170821 0.0303715 0.0529669 0.0263792 0.0217595 0.0360077 0.0379304 0.0397887 0.0230557 0.0250774 0.024537 0.0325234 0.028668 0.021333 0.0288283 0.0278434 0.0217963 0.0228695 0.0207546 0.0235464 0.0307176 0.0212834 0.0190391 0.0192929 0.0227533 0.0214211 0.0205196 0.0204811 0.0207726 0.0219424 0.0145554 0.0133677 0.00858043 0.00911886 0.00338238 0.000160167 
0.000793206 0.0119501 0.0240785 0.0154564 0.0175832 0.0160201 0.0126129 0.0190976 0.0212992 0.0246053 0.0238536 0.0254915 0.0246436 0.0167745 0.0157073 0.0166808 0.0169035 0.0117524 0.00803249 0.00793021 0.0121618 0.0175639 0.0134884 0.0147561 0.0171279 0.0123368 0.0126027 0.0237252 0.0252266 0.0213948 0.014176 0.0189881 0.0177614 0.0224314 0.0227225 0.0323828 0.024589 0.0270884 0.0373099 0.0421865 0.0379295 0.018418 0.0178965 0.0198747 0.0310551 0.0333928 0.0286396 0.035286 0.0285651 0.0213305 0.0254492 0.0194501 0.0151843 0.0185446 0.0280822 0.0263678 0.0249865 0.0240404 0.0231026 0.0180693 0.016634 0.0208758 0.0171102 0.0150703 0.0141384 0.0106716 0.00945541 0.00641001 0.000160079 
0.000840406 0.00930004 0.0168573 0.0169345 0.017463 0.0163824 0.0183765 0.0194249 0.0253291 0.0305764 0.0284156 0.0232681 0.0269305 0.0183608 0.0185517 0.0188603 0.0166633 0.0112029 0.00626527 0.0118431 0.0168135 0.0210963 0.0165655 0.0135547 0.0181201 0.0105464 0.0104252 0.0192213 0.02537 0.0207817 0.0220884 0.0236471 0.01789 0.0202206 0.0234551 0.0267512 0.0264437 0.0269056 0.0348851 0.0752823 0.0495296 0.023204 0.0157492 0.0128096 0.0235175 0.0304324 0.0301598 0.0276194 0.0241473 0.0291737 0.021256 0.019331 0.0212359 0.0204341 0.0294677 0.0221747 0.0189952 0.0192496 0.0226937 0.0205922 0.0210375 0.0198998 0.0149817 0.0177532 0.0197663 0.0190031 0.0148245 0.00791214 0.000240333 
0.000198132 0.00520779 0.0173984 0.0194161 0.0196772 0.0190894 0.0292138 0.0328458 0.0307678 0.0282234 0.0252658 0.0241326 0.0219428 0.0200827 0.0259598 0.0234537 0.0193277 0.0135524 0.0172578 0.0165273 0.0225552 0.0295155 0.0272367 0.0131166 0.0102598 0.015194 0.0148415 0.0140269 0.022086 0.0212932 0.0188523 0.0246333 0.0237682 0.0188352 0.0278971 0.0314507 0.0276383 0.0307515 0.0478343 0.0709033 0.0589039 0.0245302 0.0144271 0.0194526 0.0246373 0.0297452 0.0254695 0.029069 0.027794 0.0318342 0.0220423 0.020184 0.0222967 0.0221984 0.0230607 0.0227072 0.0269361 0.0231605 0.0286413 0.0237812 0.023606 0.0226051 0.0210888 0.021489 0.0195149 0.0145397 0.00978637 0.00614423 5.5242e-05 
0 0.00218137 0.0116577 0.0144693 0.0197596 0.028433 0.0340145 0.0317057 0.0302302 0.017358 0.0172243 0.0158886 0.0152841 0.0185395 0.0247597 0.0209613 0.0186369 0.0197699 0.0245824 0.0226544 0.028512 0.0289541 0.0294883 0.0163323 0.00371458 0.00873306 0.00913704 0.00893986 0.0159319 0.0168344 0.0157537 0.0206391 0.0229943 0.021348 0.024608 0.0274813 0.0293481 0.0321864 0.046097 0.0499151 0.0333956 0.0222506 0.0218936 0.0275367 0.0340136 0.031158 0.0318528 0.0312268 0.0323467 0.0332489 0.0258139 0.0263966 0.0186157 0.017394 0.0138152 0.0264111 0.0498533 0.0373118 0.0250748 0.0235567 0.0280297 0.0246369 0.0191669 0.0231852 0.02861 0.0187465 0.012747 0.00218766 0 
0 0.000501968 0.0130334 0.0193664 0.0225984 0.0312706 0.0308008 0.0226422 0.0213655 0.0141178 0.0154991 0.0226444 0.0192765 0.0240711 0.0299981 0.0260373 0.0270628 0.0247142 0.0263978 0.0261785 0.0244109 0.023297 0.0223592 0.0204454 0.00728743 0.0046989 0.00582006 0.0158493 0.0198865 0.0226189 0.0201435 0.0218549 0.0218649 0.0228868 0.025249 0.0416389 0.030154 0.0329349 0.0371189 0.0366209 0.036062 0.0305565 0.0225132 0.0223068 0.0263894 0.0283009 0.0315226 0.0315171 0.0347473 0.0338359 0.0279822 0.0256005 0.0265064 0.0234234 0.0177925 0.0393976 0.0753667 0.0459653 0.0225287 0.0214561 0.0321524 0.0273213 0.0279953 0.0364133 0.0296715 0.0258309 0.0187412 0.00610957 0.000152052 
0 2.42396e-05 0.00436464 0.0101863 0.0136333 0.0102933 0.00711404 0.00662106 0.0139756 0.0142955 0.0161458 0.0199744 0.0299061 0.0299204 0.0294634 0.0335391 0.0241242 0.0239466 0.0240514 0.0219957 0.02755 0.0229196 0.0227994 0.0213015 0.0179247 0.0137401 0.0127783 0.0206935 0.0248279 0.0347782 0.0249542 0.0270574 0.0194896 0.0203254 0.0199844 0.0303473 0.0274918 0.025121 0.0452412 0.0429711 0.0397199 0.0308864 0.0251675 0.0221643 0.0257709 0.0327099 0.0471678 0.0324407 0.0339888 0.0333073 0.0399837 0.0393067 0.0493764 0.0353349 0.027735 0.0257 0.0359385 0.0280511 0.0261053 0.0202023 0.0192543 0.0224885 0.0357688 0.0529476 0.0323049 0.02556 0.0150069 0.0045582 0.000373094 
0 0 0.000140778 0.000886189 0.00169757 0.001351 0.00262334 0.00542369 0.0106193 0.0157916 0.0153031 0.0166481 0.0254169 0.0217078 0.0228436 0.0258986 0.0269379 0.0308095 0.0171337 0.0139391 0.0220375 0.0242365 0.0213055 0.0232391 0.0234427 0.0185964 0.0209701 0.0236115 0.0200746 0.0288122 0.0336033 0.0284579 0.0167815 0.021509 0.0205638 0.0276468 0.0322084 0.0323306 0.0429422 0.0535004 0.0604375 0.0409793 0.0233555 0.0227166 0.0256901 0.0241973 0.0423089 0.0364659 0.036916 0.0333311 0.0308043 0.0495331 0.0819966 0.040162 0.027134 0.0159324 0.0177561 0.0238264 0.0216738 0.0212391 0.0220168 0.0164015 0.0297199 0.0498452 0.0299242 0.0203684 0.0108127 0.00298098 0.00022095 
0 0 0.000286088 0.001857 0.00181246 0.00538584 0.00810393 0.0102742 0.0154902 0.0168919 0.0129295 0.020173 0.0185804 0.0157357 0.0142891 0.0241595 0.0472245 0.0575705 0.0204858 0.0178113 0.0193153 0.0279205 0.027554 0.0254439 0.0289178 0.0272136 0.0225479 0.0227438 0.0181819 0.0291541 0.0311483 0.0364168 0.0299676 0.0284948 0.0239663 0.0217066 0.0268552 0.0270107 0.0258954 0.0382257 0.0424859 0.0349718 0.0289512 0.0232605 0.028918 0.030075 0.0265106 0.0316037 0.0387379 0.0285044 0.0247047 0.040659 0.0613648 0.0404591 0.0224964 0.0138666 0.0148967 0.0158812 0.0215449 0.0199352 0.024008 0.0181487 0.0206391 0.029256 0.0237451 0.0281061 0.0125352 0.00447855 6.49065e-05 
0 0 0.00219748 0.0107819 0.0170111 0.0136558 0.0144554 0.0161455 0.0140602 0.0110633 0.0111606 0.020488 0.0279706 0.0171776 0.0128019 0.0236311 0.0255049 0.0294971 0.0187476 0.0211201 0.0180755 0.0283519 0.031046 0.0296023 0.0318027 0.0276606 0.0227864 0.0204643 0.0189103 0.021094 0.0250522 0.0405527 0.034621 0.0231388 0.0195136 0.0195405 0.0219225 0.0210061 0.019242 0.0249909 0.0235308 0.0265679 0.0284341 0.0276109 0.036543 0.0398991 0.0285342 0.0414949 0.0437928 0.0244984 0.0238745 0.0256425 0.0334499 0.0319968 0.0255052 0.0150771 0.0206909 0.026883 0.0235458 0.0217984 0.0205546 0.0216438 0.0203734 0.0181128 0.0205492 0.026232 0.0103434 0.00309369 8.06306e-06 
0 0 0.000837339 0.0186933 0.028387 0.0223845 0.0160347 0.0168825 0.0196483 0.011961 0.0123618 0.0206885 0.0227616 0.00981642 0.0121785 0.0156311 0.0202523 0.0183245 0.021393 0.0181632 0.0136237 0.021804 0.0270616 0.0291349 0.0259502 0.02787 0.0242877 0.0246662 0.0229246 0.0238633 0.0257288 0.0330884 0.0300718 0.0223014 0.0239591 0.0203063 0.0190257 0.0272141 0.0241218 0.0192836 0.028306 0.0277118 0.0291062 0.0308117 0.0344921 0.046115 0.0293994 0.0336349 0.0308202 0.0298558 0.0327839 0.0249742 0.0296151 0.0314394 0.0212285 0.018146 0.02554 0.0299233 0.0197932 0.0113268 0.0120406 0.018 0.0165554 0.0161441 0.0117127 0.014796 0.00875564 0.00135403 0 
0 0 0.000126551 0.0127788 0.022287 0.021145 0.0174919 0.0181435 0.0209985 0.0170507 0.0138449 0.0177591 0.0159816 0.00903023 0.0133489 0.014952 0.015664 0.0130446 0.0210055 0.0191809 0.0210499 0.0213069 0.0208623 0.0211625 0.0253694 0.0254785 0.0220573 0.0186655 0.0244624 0.0263343 0.028816 0.0234995 0.0263521 0.022888 0.0286699 0.0278131 0.0216111 0.0248211 0.030077 0.0275823 0.0241343 0.0256301 0.0234133 0.0219894 0.0251903 0.0438177 0.0386284 0.0301555 0.0284718 0.0355344 0.0379438 0.0286304 0.0216116 0.0183736 0.0190383 0.0210295 0.0227547 0.0252837 0.0195125 0.014559 0.00804401 0.0160841 0.0145821 0.0135235 0.0102338 0.0117252 0.00553322 6.66459e-05 0 
0 0 0 0.000944569 0.00719793 0.0144741 0.0144529 0.0212982 0.0241108 0.0245714 0.0153849 0.00950131 0.0118582 0.0115276 0.0130458 0.0134712 0.0129579 0.0210147 0.0180453 0.0184509 0.0265773 0.0279108 0.0248681 0.0228629 0.0282641 0.0306802 0.0223274 0.018718 0.0194601 0.0269192 0.0263071 0.0251157 0.0231161 0.0302357 0.0316432 0.0321979 0.0240702 0.0205476 0.0201364 0.0197107 0.0179397 0.0265386 0.0339274 0.0298438 0.0311083 0.032443 0.0403157 0.0347461 0.0394287 0.0579746 0.0453151 0.0254497 0.0149555 0.0146585 0.0152605 0.0186658 0.0176741 0.0195085 0.0138265 0.00953485 0.00915952 0.0160164 0.0186559 0.0189771 0.0159955 0.00788957 0.00151946 0 0 
0 0 0 0.000106428 0.00064446 0.00352992 0.0188778 0.0273541 0.0243009 0.0163444 0.00616725 0.00710367 0.0106588 0.00976018 0.00687514 0.00968854 0.0174843 0.0201534 0.0244315 0.0253115 0.0275375 0.0278947 0.0221377 0.0250409 0.0295414 0.0235671 0.0206169 0.0215194 0.0174016 0.0256182 0.027582 0.0232137 0.0323195 0.0327212 0.0359121 0.0263792 0.0249926 0.0171182 0.0216497 0.0172329 0.0138233 0.0368163 0.0697986 0.0344526 0.026663 0.0259755 0.029052 0.0359408 0.0383299 0.0418867 0.0302275 0.0312655 0.0500267 0.0356136 0.0163268 0.0176065 0.0122393 0.0121295 0.0119133 0.0123696 0.0181084 0.0194529 0.0198536 0.0170186 0.0143697 0.00583572 0.000150452 0 0 
0 0 0 0 0 0.00163602 0.0102522 0.0200665 0.0160326 0.00881713 0.00330624 0.00170044 0.00723515 0.00942172 0.00686261 0.0110642 0.0174126 0.0186813 0.0260957 0.0278299 0.0272266 0.02802 0.0193465 0.02978 0.0252586 0.0204283 0.019032 0.0195161 0.0214238 0.0233241 0.020763 0.0282305 0.0335957 0.034375 0.0308375 0.0281593 0.0240972 0.0231643 0.0240558 0.0194005 0.0154473 0.0394943 0.0568785 0.0303323 0.0189586 0.0314339 0.0324556 0.0275506 0.0214359 0.0249388 0.0229341 0.0324684 0.0687116 0.0526129 0.0165336 0.0148556 0.0106865 0.0150454 0.0172147 0.0194191 0.0268254 0.021642 0.0204256 0.0137912 0.00566706 0.00176226 1.38851e-05 0 0 
0 0 0 0 0 0.00273734 0.00917865 0.00988561 0.0125665 0.0143135 0.0114758 0.00119054 0.00217701 0.00470761 0.00873332 0.0126203 0.0203035 0.0204507 0.0211052 0.0241777 0.0270419 0.0289632 0.0292192 0.0272936 0.0253808 0.0209569 0.0205306 0.0188782 0.0232619 0.0218005 0.0216109 0.024672 0.0316578 0.0323695 0.0246453 0.0247433 0.0199292 0.0214918 0.0219427 0.0240475 0.0254182 0.0355342 0.0286616 0.027328 0.0232363 0.0277596 0.0370409 0.0233432 0.0207255 0.0221044 0.0259614 0.030841 0.0332192 0.0306583 0.0133241 0.0128351 0.00984245 0.0191507 0.0226338 0.0278862 0.015073 0.0144005 0.0200386 0.0145781 0.00306978 1.94613e-05 0 0 0 
0 0 0 0 0 0.000594471 0.00426572 0.00867214 0.0119838 0.0190428 0.0179223 0.00284806 0.000992341 0.00552012 0.0107606 0.0251577 0.0250193 0.0230402 0.0251473 0.023452 0.0355525 0.0311436 0.0533252 0.0494052 0.0321695 0.0256348 0.0241413 0.0284011 0.0331232 0.0328138 0.0296151 0.0285903 0.0374047 0.0369025 0.0283751 0.0265591 0.0227916 0.0180704 0.0288384 0.0294365 0.0225028 0.0254019 0.0218819 0.0224433 0.0246702 0.0242112 0.0382465 0.0224231 0.0212837 0.0258664 0.0249805 0.021057 0.0205325 0.0197496 0.0122669 0.0111678 0.00987863 0.0149835 0.0192536 0.0186508 0.0112324 0.0128806 0.0128565 0.00502857 6.44546e-05 0 0 0 0 
0 0 0 0 0 0 0.0013277 0.00740994 0.0134369 0.0187754 0.0174056 0.00109589 0.00035747 0.00492065 0.0126211 0.0288114 0.0238105 0.0201599 0.0191759 0.0192506 0.041554 0.0348713 0.0383572 0.0381721 0.033427 0.0200951 0.0265406 0.0438592 0.0373156 0.0422387 0.0357678 0.024252 0.0216957 0.0264162 0.0286232 0.0269686 0.0206403 0.0215189 0.0344714 0.0305647 0.0319254 0.0335525 0.0353941 0.027163 0.021992 0.026691 0.0326619 0.027531 0.0273778 0.027553 0.0259935 0.0137207 0.0139633 0.0152425 0.0134135 0.0102257 0.0109704 0.0180084 0.0238031 0.0217029 0.0214013 0.00630168 0.00395629 0.000565934 0 0 0 0 0 
0 0 0 0 0 0 0.000411818 0.00322478 0.00504373 0.00562911 0.00389732 7.50342e-05 0.000215321 0.00447764 0.0128954 0.0243422 0.0330384 0.0238641 0.0212106 0.026668 0.0287998 0.0379987 0.0365503 0.0254273 0.0219478 0.0235575 0.0289688 0.0504256 0.0343749 0.0280072 0.0290759 0.0231834 0.0214109 0.0265135 0.0320645 0.0273503 0.0186835 0.0208868 0.0310432 0.0350767 0.0278497 0.0195751 0.0227991 0.0278399 0.0225736 0.0196913 0.0315699 0.0364175 0.0331792 0.0291087 0.0165013 0.010756 0.0141008 0.0164791 0.0140029 0.0150922 0.0218149 0.0286513 0.0327017 0.033991 0.0156867 0.00161921 4.00963e-05 8.03319e-06 0 0 0 0 0 
0 0 0 0 0 0 0 9.15339e-05 0.000329269 8.70764e-05 5.69708e-05 0 0.00161288 0.00542771 0.0140069 0.0330714 0.0410074 0.0300715 0.0265797 0.0246753 0.0240289 0.0316825 0.0283168 0.0242316 0.0160957 0.0182335 0.0201327 0.0278028 0.0277512 0.0247778 0.0258621 0.0201969 0.0224303 0.0271983 0.0247839 0.0234837 0.0252041 0.0249447 0.0302525 0.0236702 0.0180929 0.0221143 0.0269915 0.0276843 0.0248222 0.0223393 0.028648 0.0333527 0.0290185 0.0284389 0.0130552 0.0102113 0.00734762 0.0139559 0.0167058 0.018517 0.0333023 0.0502862 0.0382714 0.0241504 0.00444012 1.79965e-05 0 0 0 0 0 0 0 
0 0 0 0 0 0 0 0 0 0 0 0.000594115 0.00184416 0.00427202 0.0130182 0.0200544 0.0308013 0.0303468 0.0274847 0.0247387 0.0256182 0.0253493 0.0211346 0.0196456 0.0148208 0.0150372 0.0252844 0.029686 0.0278585 0.0240037 0.0243739 0.0194957 0.0221676 0.0222744 0.0258981 0.018355 0.0238512 0.021228 0.0217827 0.0164194 0.0109773 0.0120012 0.0263262 0.019895 0.0283653 0.0239156 0.0235048 0.0228885 0.0230204 0.0274546 0.0153634 0.00898966 0.00660551 0.0180791 0.0168999 0.0162511 0.0320818 0.043617 0.0347156 0.0141702 0.000431101 0 0 0 0 0 0 0 0 
0 0 0 0 0 0 0 0 0 0 0.000474467 0.00605892 0.00887527 0.00455158 0.00860551 0.0088038 0.0107498 0.0246897 0.0300798 0.0346631 0.0327771 0.0258642 0.017436 0.0147492 0.00803324 0.0115636 0.0184847 0.0239006 0.0174658 0.0177216 0.0213264 0.0271046 0.022843 0.0355616 0.0415155 0.0236462 0.0266563 0.0216432 0.0198414 0.0136818 0.0150497 0.00980746 0.0164335 0.015553 0.022251 0.0223647 0.0198652 0.0139393 0.0161273 0.0195258 0.0231128 0.0183986 0.0116749 0.0172177 0.0227291 0.00984171 0.0144581 0.02245 0.0156872 0.0022074 0 0 0 0 0 0 0 0 0 
0 0 0 0 0 0 0 0 0 0 0.00373856 0.0126231 0.0102759 0.0074891 0.0158605 0.0131141 0.00942049 0.016114 0.027732 0.0357537 0.0345447 0.0270095 0.0218938 0.0219512 0.00608139 0.00440407 0.0106901 0.0154894 0.0158488 0.0126233 0.0118848 0.0256058 0.028506 0.0341026 0.0267779 0.0393807 0.0311291 0.0236505 0.018594 0.0128589 0.0126784 0.0143879 0.0127567 0.0124754 0.0228868 0.0289056 0.026276 0.0142905 0.012186 0.0226524 0.0311878 0.0289889 0.0280885 0.0230813 0.0183329 0.00930649 0.0087716 0.00661603 0.00460807 0.000283641 0 0 0 0 0 0 0 0 0 
0 0 0 0 0 0 0 0 0 0 0.000592357 0.00538697 0.00643139 0.00655031 0.0194606 0.0195382 0.0107275 0.00761658 0.0184143 0.0316825 0.0327453 0.0246039 0.0282712 0.0316993 0.0119302 0.00365478 0.01026 0.0144354 0.0148185 0.0148999 0.0153804 0.0178068 0.0195515 0.0266303 0.0255205 0.0427375 0.0458956 0.0271214 0.019911 0.0117259 0.0159669 0.0237405 0.0224428 0.0106325 0.0148016 0.0263858 0.0264528 0.0141138 0.0106605 0.0195184 0.0210082 0.0197852 0.0234068 0.0314225 0.0198594 0.0079994 0.00223718 0.000880022 9.00583e-05 0 0 0 0 0 0 0 0 0 0 
0 0 0 0 0 0 0 0 0 0 0 0.000426243 0.00298077 0.00503259 0.0162115 0.0179025 0.00743022 0.0121018 0.0180949 0.0265848 0.0278622 0.0233584 0.028456 0.0293699 0.0204517 0.0107715 0.0119592 0.0123099 0.0115111 0.0177139 0.019196 0.0160963 0.0243214 0.0214206 0.0172899 0.0320133 0.0436047 0.0323638 0.0197535 0.00928892 0.0102984 0.0247111 0.0214665 0.00829432 0.0135166 0.0168994 0.016308 0.015668 0.0155184 0.0145041 0.0171094 0.0174378 0.0194429 0.0236551 0.0173438 0.00360127 0.000187004 0 0 0 0 0 0 0 0 0 0 0 0 
0 0 0 0 0 0 0 0 0 0 0 0 0.000108061 0.000789987 0.00586285 0.00935434 0.00311617 0.0189185 0.0284791 0.0246325 0.0211758 0.0157642 0.0180251 0.032622 0.0318896 0.016401 0.0106997 0.00517235 0.00430043 0.0111359 0.0198784 0.0240791 0.0293224 0.0152147 0.0166731 0.0190339 0.0265236 0.0361319 0.0375249 0.0184104 0.00887933 0.0129899 0.0181963 0.0168831 0.0125854 0.0141402 0.0146327 0.0195729 0.014328 0.0163337 0.0098689 0.0158302 0.0133856 0.00562692 0.0026523 3.84028e-05 0 0 0 0 0 0 0 0 0 0 0 0 0 
0 0 0 0 0 0 0 0 0 0 0 0 0 0 1.60847e-06 5.8354e-05 0.00354943 0.0150993 0.0242352 0.0297634 0.0233754 0.0193917 0.0197046 0.0291653 0.0350866 0.0194025 0.0102658 0.00874745 0.023848 0.0208243 0.0167458 0.0224107 0.019732 0.0178089 0.0188417 0.0198887 0.022071 0.0349193 0.0508605 0.0390457 0.019453 0.0177536 0.0208341 0.0185646 0.020001 0.0166721 0.0150641 0.0178388 0.0145483 0.0193121 0.0101822 0.00710119 0.00446148 0.000101752 0 0 0 0 0 0 0 0 0 0 0 0 0 0 0 
0 0 0 0 0 0 0 0 0 0 0 0 0 0 0 0 0.00128198 0.01033 0.019013 0.0176885 0.0190147 0.0172055 0.0315818 0.0245408 0.0164274 0.0157529 0.00649115 0.0191259 0.0484011 0.0308549 0.0146842 0.0216193 0.0245055 0.0269199 0.0240644 0.028341 0.0284865 0.0263771 0.0449734 0.0457627 0.0358031 0.0193129 0.0168803 0.0147991 0.0301614 0.0348767 0.0275785 0.0204345 0.0147105 0.0113476 0.0144826 0.00898838 0.00247434 0 0 0 0 0 0 0 0 0 0 0 0 0 0 0 0 
0 0 0 0 0 0 0 0 0 0 0 0 0 0 0 0 1.73531e-05 0.00042342 0.00271739 0.00768745 0.0203583 0.0237501 0.0324512 0.0234693 0.0102901 0.00858357 0.00874571 0.00790767 0.0212703 0.0170536 0.0156153 0.0136936 0.0146062 0.0176364 0.0200386 0.0231128 0.0251988 0.0289893 0.032 0.0320951 0.028879 0.0235578 0.0247058 0.0207977 0.0409794 0.0585798 0.0344632 0.0174759 0.00932254 0.00634688 0.00677636 0.00274845 0.00058294 0 0 0 0 0 0 0 0 0 0 0 0 0 0 0 0 
0 0 0 0 0 0 0 0 0 0 0 0 0 0 0 0 0 0 0 0.00239905 0.00873101 0.0140661 0.0180828 0.0116937 0.00387838 0.00776076 0.00577882 0.00300304 0.00966781 0.0120843 0.0167476 0.0117524 0.00724329 0.0162033 0.0132619 0.0190431 0.0192465 0.0213092 0.0202049 0.0268421 0.0299269 0.024688 0.0252791 0.0192101 0.0324824 0.0490135 0.0335531 0.0189115 0.00285032 0.000490969 0.000672568 5.55536e-05 0 0 0 0 0 0 0 0 0 0 0 0 0 0 0 0 0 
0 0 0 0 0 0 0 0 0 0 0 0 0 0 0 0 0 0 0 0 0.000428474 0.00155305 0.00237657 0.000982238 0.00290359 0.00787007 0.0039379 0.00265464 0.0161412 0.0160015 0.0078214 0.0124723 0.00862486 0.00672272 0.00663117 0.0163411 0.022763 0.020007 0.0215936 0.0338804 0.0294275 0.0252072 0.0252231 0.0195117 0.0147124 0.0163985 0.00720052 0.00426262 0.00030822 0 0 0 0 0 0 0 0 0 0 0 0 0 0 0 0 0 0 0 0 
0 0 0 0 0 0 0 0 0 0 0 0 0 0 0 0 0 0 0 0 0 0 0 4.79954e-06 0.000847262 0.00530215 0.00479931 0.00240217 0.0151825 0.0250559 0.00360451 0.00225794 0.00392212 0.00247676 0.00125972 0.00913328 0.0171274 0.00912188 0.00612875 0.0171334 0.0189931 0.0192002 0.0181703 0.00960314 0.00476165 0.00464387 0.000651395 0 0 0 0 0 0 0 0 0 0 0 0 0 0 0 0 0 0 0 0 0 0 
0 0 0 0 0 0 0 0 0 0 0 0 0 0 0 0 0 0 0 0 0 0 0 0 0 0.000209538 0.000694883 0.000534587 0.00538825 0.00682672 0.000415451 1.12386e-06 0 0 0 0.000760235 0.00421534 0.00207945 0.000728765 0.00173052 0.00455707 0.00379946 0.0035309 0.000735221 5.02837e-05 0 0 0 0 0 0 0 0 0 0 0 0 0 0 0 0 0 0 0 0 0 0 0 0 

