0 0 0 0 0 0 0 0 0 0 0 0 0 0 0 0 0 0 0 0 0 0 0 0 0 0 0 0 0 0 0.000148683 0.00024047 0.00031513 0.00111071 0.00145744 0.000830047 0.00029311 0 0 0 0 0 0 0 0 0 0 0 0 0 0 0 0 0 0 0 0 0 0 0 0 0 0 0 0 0 0 0 0 
0 0 0 0 0 0 0 0 0 0 0 0 0 0 0 0 0 0 0 0 0 0 0 0 0 0 2.28681e-05 0.000589035 0.0017354 0.00249962 0.00433395 0.00692854 0.00867198 0.0140236 0.0112287 0.00898863 0.00595922 0.00175951 0.000240865 0.000333035 0.000155304 0 0.00107262 0.00197367 0.00012515 0 0 0 0 0 0 0 0 0 0 0 0 0 0 0 0 0 0 0 0 0 0 0 0 
0 0 0 0 0 0 0 0 0 0 0 0 0 0 0 0 0 0 0 0 0 0 0 0 0 0.000111482 0.00260908 0.00661967 0.00990041 0.00875791 0.00853679 0.0118475 0.0124821 0.0192418 0.018848 0.0134059 0.0177051 0.0102247 0.0053309 0.00514694 0.00671628 0.00288184 0.00422252 0.00642769 0.00247829 0.000537555 8.57667e-05 0 0 0 0 0 0 0 0 0 0 0 0 0 0 0 0 0 0 0 0 0 0 
0 0 0 0 0 0 0 0 0 0 0 0 0 0 0 0 0 0 0 0 0 0 0 0 0 0.00207936 0.00966678 0.0105251 0.00573196 0.0055277 0.00906461 0.0136967 0.0179534 0.018849 0.0242378 0.0139044 0.0133897 0.0134979 0.0086245 0.0062658 0.0136252 0.0145472 0.0133425 0.010072 0.00698063 0.00596053 0.00185782 5.36901e-06 0 0 0 0 0 0 0 0 0 0 0 0 0 0 0 0 0 0 0 0 0 
0 0 0 0 0 0 0 0 0 0 0 0 0 0 0 0 0 0 7.16254e-05 0.000524472 6.42771e-05 0 7.16282e-05 0.00173718 0.000925212 0.00129562 0.0104698 0.00774046 0.00744322 0.0103553 0.0133886 0.0192764 0.0216757 0.0244976 0.0245669 0.0168699 0.0125058 0.0152379 0.0154838 0.00962658 0.0109375 0.0111191 0.0159416 0.0152241 0.00585489 0.00779869 0.00451535 0.00023888 0.000861941 0.00157776 0.000286699 6.26668e-06 0 0 0 0 0 0 0 0 0 0 0 0 0 0 0 0 0 
0 0 0 0 0 0 0 0 0 0 0 0 0 0 0 0 0.000230878 0.00192744 0.00400611 0.00853977 0.00157398 5.43598e-06 0.000761446 0.0038215 0.00404424 0.00279175 0.00325405 0.00493713 0.0104522 0.0159897 0.017726 0.021943 0.0222983 0.0219441 0.0183965 0.0150038 0.00691002 0.00878141 0.0151649 0.0154282 0.0127811 0.00830597 0.00882082 0.00734086 0.00189421 0.010585 0.00720596 0.00321151 0.00902889 0.00878042 0.00569607 0.00123315 2.41317e-05 0 0 0 0 0 0 0 0 0 0 0 0 0 0 0 0 
0 0 0 0 0 0 0 0 0 0 0 0 0 0 0 0.00051976 0.00257028 0.0156228 0.0188873 0.0121817 0.00718062 0.00279523 0.003097 0.0050469 0.00502475 0.00975772 0.00670845 0.00819374 0.0118919 0.0155275 0.0207658 0.0220197 0.0234352 0.0203156 0.0187053 0.0166424 0.0126345 0.00647979 0.0162606 0.0157737 0.0155509 0.0128537 0.0179574 0.0144826 0.00819723 0.0135065 0.0104959 0.0135093 0.0161326 0.0157682 0.0129819 0.00361897 0.000412612 0.000177258 0 0 0 0 0 0 0 0 0 0 0 0 0 0 0 
0 0 0 0 0 0 0 0 0 0 0 0 0 2.71883e-05 0.00310258 0.00656996 0.00833103 0.0161951 0.017227 0.016476 0.0177578 0.0116055 0.00945531 0.00699514 0.00895507 0.0176417 0.0122078 0.0132188 0.0145419 0.0107499 0.0155147 0.0179624 0.0199021 0.0182197 0.0195545 0.0182095 0.013989 0.0118216 0.0151685 0.0220499 0.017488 0.0189272 0.0166948 0.00875123 0.00903711 0.0165276 0.0238791 0.0211363 0.0124213 0.0136667 0.0155092 0.00745179 0.00114513 0.00103268 0.00179405 0.000500947 0 0 0 0 0 0 0 0 0 0 0 0 0 
0 0 0 0 0 0 0 0 0 0 0 0 0 0.00175694 0.0124228 0.00979626 0.00730596 0.011779 0.0204464 0.0171352 0.0170315 0.0139837 0.0128034 0.0157682 0.0149929 0.0176682 0.0134321 0.0173251 0.018975 0.0163021 0.0108234 0.00839473 0.0158683 0.0220284 0.0170899 0.0166409 0.0155963 0.0140546 0.0168968 0.0168901 0.0143485 0.011758 0.0133327 0.00598508 0.00980784 0.0141198 0.0308117 0.0285635 0.0110657 0.017645 0.015796 0.00805979 0.00229918 0.00320182 0.00710123 0.00370158 5.92835e-06 0 0 0 0 0 0 0 0 0 0 0 0 
0 0 0 0 0 0 0 0 0 0 0 0 0 0.00390084 0.0169573 0.0203963 0.0104024 0.00991993 0.0158878 0.0122035 0.0148399 0.0153415 0.0139625 0.0163722 0.0137055 0.0157016 0.0160797 0.0166029 0.0170823 0.0173886 0.0117454 0.0116326 0.0114402 0.0144952 0.0140974 0.0165032 0.0199946 0.0155625 0.0192823 0.0151682 0.0116962 0.0103556 0.0104996 0.00667614 0.00860278 0.0146374 0.017867 0.0162694 0.0152678 0.0205079 0.0203179 0.0142953 0.00245883 0.00407391 0.0101518 0.00396033 0.000451637 0 0 0 0 0 0 0 0 0 0 0 0 
0 0 0 0 0 0 0 0 0 0 0.000616854 0.00234232 0.00146925 0.000621104 0.00550751 0.0175913 0.0107444 0.0088319 0.0121612 0.0148001 0.0191135 0.0245651 0.0199981 0.018013 0.0153099 0.0151569 0.0142361 0.0216281 0.0203699 0.025973 0.0189301 0.0169503 0.0122272 0.0128676 0.0128588 0.0162227 0.0190315 0.0136493 0.0178346 0.0242266 0.0174139 0.0114841 0.0160031 0.0182458 0.0144765 0.0133568 0.0151769 0.0157563 0.021479 0.0150888 0.0175519 0.015564 0.00651897 0.00705122 0.00688153 0.00748092 0.00417719 0.00145416 0.00120029 7.54231e-05 0 0 0 0 0 0 0 0 0 
0 0 0 0 0 0 0 0 0 1.41915e-05 0.00344709 0.0110778 0.0082801 0.00543785 0.00279664 0.0103457 0.0131717 0.00876562 0.0106302 0.0155776 0.0265487 0.0240494 0.0149084 0.0156092 0.0118954 0.0157033 0.0141553 0.0192873 0.0176675 0.0192974 0.0214338 0.0204544 0.0178255 0.00945456 0.00987223 0.0123566 0.0186605 0.0162211 0.0165035 0.0192466 0.0257043 0.0186954 0.0178108 0.0201881 0.0194031 0.0156369 0.0173685 0.0215113 0.0245952 0.017093 0.0161457 0.0155568 0.00684813 0.00625199 0.00560946 0.00744331 0.0179051 0.0167881 0.0109229 0.00102799 4.41678e-07 0 0 0 0 0 0 0 0 
0 0 0 0 0 0 0 0 0 0.000225882 0.0038798 0.0138683 0.0157163 0.0131325 0.00655538 0.00500362 0.0119338 0.0164965 0.00903611 0.0194462 0.0261919 0.0192201 0.0204495 0.0139479 0.0119305 0.0164317 0.0132202 0.015369 0.0149367 0.0200328 0.0229855 0.0221008 0.0209015 0.013237 0.0186232 0.0190126 0.0176641 0.0165844 0.0126529 0.0206006 0.024934 0.0207585 0.0173238 0.0175803 0.0200074 0.021681 0.0171657 0.0217312 0.0270867 0.0223619 0.0199345 0.0155297 0.00516375 0.00641242 0.0111478 0.00939114 0.0207031 0.0292703 0.0240192 0.00643333 0.000819365 0 0 0 0 0 0 0 0 
0 0 0 0 0 0 0 0 0 0.000873951 0.00608847 0.0198014 0.0161931 0.0123235 0.0123708 0.00816959 0.0135658 0.0170218 0.0133737 0.0131872 0.0211542 0.0193022 0.0201534 0.013766 0.0168128 0.0158386 0.0190483 0.0161758 0.0193622 0.0196075 0.0225813 0.0196545 0.0147404 0.0164169 0.0213805 0.0127107 0.0221638 0.0148365 0.0127828 0.0176184 0.0264328 0.0198426 0.0214429 0.0243238 0.0278002 0.0247495 0.0213848 0.0250597 0.0267561 0.0220923 0.0188172 0.0142599 0.0047571 0.00842834 0.0114356 0.0102966 0.0247976 0.0485789 0.0470037 0.0153892 0.00670033 0.00173863 0 0 0 0 0 0 0 
0 0 0 0 0 0 0 0 0 0.00199652 0.0109781 0.0182491 0.0230955 0.0210727 0.0146478 0.0132553 0.0198273 0.0244304 0.0168884 0.0206355 0.0228484 0.0200957 0.0141722 0.0136375 0.0134867 0.0189024 0.0245433 0.0238296 0.0175548 0.0203905 0.016871 0.0147546 0.0141075 0.0154432 0.0217286 0.0172052 0.0214691 0.0180005 0.0176007 0.0171234 0.0200096 0.0268059 0.0300478 0.0218264 0.0252462 0.0308676 0.0230464 0.0238577 0.0181109 0.0187792 0.0150828 0.0125274 0.00782793 0.0118178 0.00889892 0.0108651 0.018608 0.0339887 0.0394138 0.020089 0.0132885 0.00452669 0.000787486 5.69211e-07 0 0 0 0 0 
0 0 0 0 0 0 0 0.000391642 0.00159145 0.0025567 0.010736 0.0176255 0.0202152 0.0188338 0.0157819 0.0164815 0.0209031 0.0710004 0.0490575 0.0235643 0.0208927 0.0172605 0.0143441 0.014702 0.0143673 0.0190168 0.0208439 0.0219844 0.0156729 0.0195992 0.0222544 0.0173308 0.0172877 0.0183753 0.0169727 0.0178072 0.0173496 0.0180971 0.016125 0.0164492 0.017031 0.0265971 0.0258314 0.0231075 0.0263378 0.0290793 0.0230032 0.0221736 0.016309 0.0165716 0.013501 0.0124659 0.0114279 0.0145622 0.00877907 0.0110024 0.0095935 0.0196808 0.0232377 0.0184012 0.0135012 0.0110194 0.00369885 0.000215559 0 0 0 0 0 
0 0 0 0 0 0 0.000489729 0.00382754 0.00772233 0.00570684 0.00714459 0.0102568 0.0162259 0.0107124 0.0129561 0.0116747 0.015861 0.0484012 0.044273 0.0248638 0.0212556 0.0212905 0.0209009 0.0173193 0.0172854 0.0209481 0.0187021 0.0173034 0.0182256 0.0198091 0.0249109 0.0240475 0.0283824 0.0297315 0.0217375 0.015959 0.0212792 0.0146291 0.0112474 0.0136893 0.0156991 0.0205234 0.0194843 0.0153224 0.0196576 0.0238769 0.023709 0.0232203 0.0249888 0.0199431 0.0137224 0.0139249 0.0139491 0.0141122 0.00860787 0.00961682 0.00781362 0.010559 0.0166454 0.0193611 0.0241882 0.0238642 0.0112576 0.00345585 0 0 0 0 0 
0 0 0 0 0 0.000555199 0.0026614 0.00823405 0.015847 0.0120127 0.0108906 0.0068495 0.0114483 0.0114878 0.0105182 0.0149493 0.0160323 0.0252071 0.0233172 0.0286166 0.036389 0.0255771 0.0190744 0.0194366 0.0142665 0.0140716 0.0205459 0.0175377 0.0194642 0.0212385 0.0303286 0.0266631 0.0246683 0.0253762 0.0188288 0.0171444 0.0197954 0.0179325 0.0149109 0.0170093 0.0209145 0.0208725 0.0135449 0.0135316 0.0162723 0.0189803 0.0211108 0.024979 0.0231522 0.0186894 0.017518 0.0196247 0.0194442 0.0160985 0.0132795 0.0105 0.00621031 0.00676122 0.0111047 0.0212637 0.0260801 0.0232901 0.0120013 0.00810514 0.000955413 0 0 0 0 
0 0 0 0 0.000185538 0.00371773 0.00813258 0.0120348 0.00863062 0.010041 0.0151465 0.0173435 0.0177198 0.0142254 0.0114274 0.0130074 0.0165006 0.0360293 0.0410437 0.0307013 0.0321478 0.0280097 0.0155289 0.01694 0.0171866 0.0166304 0.0182759 0.020003 0.0220593 0.0247648 0.031167 0.0213878 0.0200368 0.0192646 0.0224772 0.0199226 0.0174959 0.0177751 0.0204905 0.0193264 0.0268448 0.0206473 0.0135099 0.0119509 0.0197028 0.0254478 0.0251376 0.0195104 0.0174285 0.0161051 0.018457 0.0174069 0.0192695 0.0149575 0.0120555 0.00947213 0.0041339 0.00874586 0.0117011 0.0135613 0.0224761 0.0221395 0.0183772 0.00891338 0.00230255 0 0 0 0 
0 0 0 0 0.00226599 0.0117679 0.0135113 0.0102146 0.00990501 0.0131941 0.0186982 0.0200654 0.0200059 0.0140044 0.0123818 0.0138094 0.0181452 0.042806 0.089748 0.060272 0.0264567 0.0311892 0.0193563 0.0140606 0.0218295 0.0239429 0.0205343 0.0238043 0.0468882 0.029467 0.0262524 0.0268894 0.0159131 0.0199592 0.0210077 0.018598 0.0201521 0.0226636 0.0281513 0.0225822 0.023908 0.0233126 0.0178585 0.0183172 0.0245021 0.024177 0.0172097 0.0163925 0.0157867 0.0152076 0.0185161 0.0177911 0.0141715 0.0163038 0.014212 0.0135661 0.0106689 0.0141982 0.0130708 0.0140119 0.016271 0.019981 0.0214575 0.0153712 0.00578041 0.000778361 0 0 0 
0 0 0 0.000770794 0.00923546 0.0149681 0.0153488 0.0142026 0.0151571 0.0158626 0.0158909 0.0136532 0.0117687 0.0101465 0.0138099 0.0130255 0.0198403 0.0470315 0.0846465 0.0600413 0.0285917 0.0221796 0.0236431 0.0214185 0.0254118 0.0222381 0.0215195 0.023033 0.0336808 0.0380649 0.0231929 0.0195337 0.014212 0.0202457 0.0202834 0.0224024 0.0253987 0.0262402 0.0325791 0.0183939 0.0203817 0.0202483 0.020839 0.0132797 0.0185678 0.019033 0.0138809 0.0146464 0.0132293 0.011957 0.0165769 0.0149112 0.016354 0.0198216 0.0215572 0.0185819 0.0147794 0.0188439 0.0142044 0.0184854 0.0191867 0.0258608 0.0243192 0.0169221 0.00773927 0.00342186 0 0 0 
0 0 0 0.00213692 0.0133714 0.0173935 0.0157104 0.013542 0.0165043 0.0132763 0.0109655 0.0173167 0.014677 0.0150005 0.0153064 0.0176377 0.0170677 0.0266074 0.0334372 0.0295091 0.0194192 0.0202707 0.0234203 0.0288685 0.0255741 0.0195294 0.0174915 0.023048 0.02286 0.0258622 0.0234553 0.015479 0.0145409 0.0217647 0.0233289 0.0245876 0.0204424 0.0187247 0.021083 0.0167639 0.0198844 0.0246688 0.0186335 0.019632 0.0172628 0.0208254 0.0185209 0.0236178 0.0186581 0.012155 0.00941222 0.0144464 0.0248149 0.0315834 0.0247273 0.0174462 0.0130804 0.0167255 0.0197363 0.017643 0.0176424 0.0158047 0.0183727 0.0110221 0.00964963 0.00785179 9.64661e-05 0 0 
0 0 0.000290524 0.00784296 0.0127466 0.012207 0.0166782 0.016188 0.0181638 0.0156181 0.0124623 0.0172946 0.0183797 0.0176594 0.0198522 0.0172563 0.015211 0.0135977 0.0151906 0.0189584 0.0161115 0.0184598 0.0213563 0.0250338 0.0224718 0.0176592 0.0219399 0.0414866 0.0361757 0.0271337 0.0197586 0.0232056 0.0241292 0.0235827 0.0209845 0.0307143 0.0382825 0.0241245 0.0241293 0.0163838 0.0155422 0.0149762 0.0152131 0.0108741 0.0137373 0.0156763 0.0278258 0.0300916 0.0219088 0.0164479 0.0120629 0.0145892 0.0204932 0.0248307 0.0217519 0.0195795 0.0154717 0.0166931 0.0210985 0.0174122 0.0163985 0.0136516 0.0158136 0.0107084 0.0116466 0.0101315 0.000976783 0 0 
0 0 0.00108071 0.0114475 0.013047 0.00898341 0.0102024 0.011874 0.0129898 0.0129455 0.0118468 0.0188736 0.0187387 0.0184568 0.0207199 0.0194793 0.017939 0.0119898 0.00903262 0.0167379 0.0135513 0.0154981 0.0196352 0.023739 0.0218986 0.0213967 0.0305094 0.0652312 0.0444811 0.0208754 0.0224649 0.020474 0.0260803 0.0266758 0.0197608 0.0173904 0.0295193 0.0179457 0.0205529 0.0193391 0.0144173 0.0185363 0.0184563 0.0175156 0.018396 0.0186785 0.0333326 0.0403316 0.0225767 0.0196068 0.0193068 0.0156575 0.0242777 0.0209374 0.0249011 0.0161004 0.0150842 0.0152709 0.0207608 0.0184517 0.0151491 0.0121896 0.016224 0.0158031 0.0124502 0.00707465 0.00217622 9.30721e-05 0 
0 0 0.00214725 0.00974711 0.0149098 0.00615547 0.00588395 0.00869822 0.0125343 0.0188032 0.0172667 0.0173159 0.0143344 0.0124885 0.0171287 0.0160387 0.0100234 0.00677487 0.00509399 0.0082634 0.0111424 0.0158373 0.01984 0.0189005 0.0195484 0.0299473 0.0370391 0.0406795 0.0239298 0.020865 0.0160244 0.0178466 0.0263243 0.0284924 0.0218048 0.0211261 0.0435581 0.0244841 0.0176646 0.0215771 0.0264613 0.0316594 0.0217306 0.0274838 0.0229947 0.0201039 0.0234788 0.0271574 0.0186081 0.0187069 0.0196689 0.0206791 0.0190122 0.0182896 0.0213991 0.0188849 0.0164048 0.0182762 0.0231339 0.0237016 0.0155781 0.010398 0.0158516 0.0122104 0.00571452 0.0084233 0.00792049 0.00119931 0 
0 4.4206e-05 0.00298246 0.00533888 0.0140646 0.0091742 0.0108173 0.0105088 0.00853285 0.0140709 0.02031 0.0231837 0.0217466 0.0169191 0.0175717 0.0134942 0.0100735 0.0105968 0.00687763 0.00884108 0.0158084 0.0147141 0.0234824 0.0205847 0.0164623 0.032588 0.039001 0.0522962 0.0445333 0.0271178 0.0179581 0.0199427 0.0254978 0.0250168 0.0225635 0.0342071 0.0664288 0.0324149 0.0182029 0.0203689 0.0257321 0.0246404 0.0253311 0.0262091 0.0186358 0.020805 0.0205626 0.0241518 0.016647 0.0145713 0.0211016 0.0158573 0.0124907 0.013686 0.0161791 0.0145828 0.0102386 0.0171113 0.0190593 0.0185826 0.0173854 0.0136997 0.0105064 0.00931418 0.00663413 0.0149218 0.0154342 0.00729742 0.000255835 
0 0.00024412 0.00894629 0.00919948 0.00540813 0.00376748 0.00830409 0.012399 0.0088875 0.0119632 0.01644 0.0262413 0.0233831 0.0155293 0.0218177 0.0227534 0.0168977 0.0128586 0.0119605 0.0188692 0.0191167 0.0201547 0.0249915 0.0226575 0.0211966 0.0353115 0.0281448 0.0426134 0.0618057 0.0478221 0.0265255 0.0206506 0.0197633 0.025193 0.026812 0.0376662 0.0297278 0.023453 0.0209747 0.0221725 0.019255 0.0223169 0.0252622 0.0220297 0.0154357 0.0203608 0.0246597 0.0242431 0.0197284 0.00963348 0.0104467 0.0124222 0.015015 0.011943 0.016506 0.0125763 0.0206353 0.0213921 0.0203297 0.0153437 0.017497 0.0159752 0.0113107 0.00981793 0.00718688 0.0124956 0.0168064 0.0117813 0.0013215 
0 0.00049481 0.00593641 0.00974104 0.00291205 0.0027438 0.00799661 0.0105003 0.0080327 0.0112124 0.0158215 0.0200962 0.0163813 0.0152399 0.0164546 0.0145364 0.0166044 0.00767269 0.0104333 0.0134569 0.0174143 0.0292156 0.0679884 0.0406249 0.0308936 0.0348039 0.0326233 0.039803 0.063046 0.0454991 0.0311937 0.0237056 0.0250528 0.0219912 0.0197478 0.02018 0.0144477 0.0167745 0.0198925 0.0270699 0.0239329 0.0246784 0.0297933 0.0222843 0.0197838 0.0194406 0.0246779 0.0194807 0.0196187 0.0121282 0.0178685 0.0172705 0.0135676 0.006843 0.0101191 0.0167672 0.0316709 0.0546062 0.030711 0.0110354 0.0101849 0.0160883 0.0176649 0.0124721 0.013922 0.0192003 0.0201925 0.0191458 0.00464282 
0 0.000923465 0.00700637 0.00952715 0.0046253 0.000881942 0.00384637 0.00668625 0.00716813 0.00646799 0.00665734 0.00600571 0.00460869 0.00676727 0.00994043 0.0151855 0.014787 0.0127169 0.0166919 0.0173285 0.0202829 0.0242892 0.0467998 0.0478035 0.0353813 0.0271739 0.0287804 0.0300563 0.0521498 0.0347516 0.0289018 0.026083 0.0201504 0.0161761 0.0154603 0.0156529 0.0126028 0.0183095 0.0193206 0.0237869 0.0307892 0.0276799 0.0278696 0.0254842 0.0263763 0.0210241 0.0183368 0.0220699 0.0248875 0.0191913 0.0165533 0.0214538 0.0194071 0.0158272 0.0157882 0.0220797 0.0365159 0.0458502 0.0189458 0.00886606 0.0118904 0.0151208 0.0168764 0.0147049 0.0210086 0.0248637 0.019561 0.0210411 0.00650115 
4.22578e-06 0.00212119 0.00833912 0.00626471 0.00213081 0.000165925 0.0022059 0.0042339 0.00938101 0.00690025 0.00276609 0.00286351 0.00124654 0.0013875 0.00618754 0.0142419 0.0158019 0.0183166 0.020758 0.0177377 0.0173411 0.0155896 0.0255306 0.0419409 0.0465806 0.0439459 0.032898 0.043775 0.0455676 0.0360075 0.0450807 0.0488337 0.0381605 0.0238667 0.0171727 0.0186503 0.0164364 0.0151215 0.0172781 0.0237059 0.028453 0.0254223 0.0309345 0.0286525 0.0262554 0.0221882 0.0170188 0.0140646 0.0163123 0.0205411 0.0189219 0.0275516 0.0418246 0.0327188 0.0247629 0.021386 0.0227281 0.0211563 0.0139269 0.0120098 0.0194478 0.0216288 0.0223338 0.0186518 0.0194771 0.0188775 0.0250084 0.016979 0.0051525 
1.28784e-05 0.00274301 0.00430347 0.00572742 0.00267571 0.00483904 0.00409588 0.00465076 0.00954291 0.00817619 0.00480263 0.00267443 0.0013398 0.00171605 0.00729071 0.0134972 0.0128801 0.014497 0.0165551 0.0174008 0.019046 0.0210225 0.0263119 0.0431945 0.0544263 0.0516185 0.0387327 0.0466391 0.0483278 0.0351306 0.0620377 0.056237 0.0380501 0.037744 0.028892 0.017631 0.0180241 0.0161175 0.0184464 0.0203528 0.0261731 0.0231582 0.0186655 0.0195613 0.0203928 0.022919 0.0226073 0.01945 0.021468 0.0220361 0.0254353 0.0257453 0.0388986 0.0327599 0.0260849 0.0178182 0.0186731 0.0219712 0.0196344 0.0154013 0.0269996 0.0248559 0.018712 0.0164728 0.0118698 0.0163804 0.0193793 0.0103171 0.00159589 
0 0.000351159 0.00216112 0.00942546 0.00901299 0.0167057 0.018274 0.0138563 0.0136213 0.00694609 0.00675953 0.00725739 0.00790079 0.0062022 0.00996218 0.0155249 0.0159166 0.0178174 0.0248501 0.0235208 0.0242922 0.0240306 0.0314487 0.0356646 0.0275911 0.0396773 0.0337131 0.0301528 0.038127 0.0240664 0.0342643 0.0422377 0.037478 0.0386255 0.0314029 0.0152709 0.0148813 0.0179151 0.0175424 0.0175407 0.0163177 0.0210985 0.0223217 0.0263133 0.0204366 0.0243313 0.0274945 0.0260844 0.0182338 0.017917 0.0239225 0.0244306 0.0303428 0.0291941 0.0247435 0.0230856 0.0218509 0.0198038 0.0205644 0.0206687 0.0345965 0.024123 0.0176825 0.0165584 0.0157514 0.0321014 0.0217092 0.00726984 0.000473203 
0 0 0.00132927 0.00671827 0.0110598 0.0137154 0.0137103 0.0173866 0.0131649 0.00662956 0.0068697 0.0156014 0.0124793 0.0126008 0.0140473 0.0170785 0.0250124 0.0223426 0.0191309 0.0229675 0.0255978 0.0303845 0.0427843 0.0382011 0.0336228 0.0454403 0.0413809 0.0337934 0.0227067 0.026093 0.0384455 0.0378956 0.0420127 0.0448216 0.0311106 0.0156782 0.0129651 0.0165771 0.0169626 0.0130873 0.0194349 0.0328641 0.029696 0.0250734 0.0224573 0.0267634 0.0330814 0.0350397 0.0205222 0.0143906 0.0166886 0.0184206 0.0219069 0.0232722 0.0232198 0.0209818 0.0264321 0.0206518 0.0234935 0.0219889 0.0312014 0.0241235 0.0181522 0.0197703 0.0172406 0.035415 0.024829 0.00756253 4.30946e-05 
0 0 0.000939917 0.00843118 0.0133166 0.0185687 0.00833277 0.0105245 0.00455756 0.00391816 0.00852628 0.0161804 0.0165714 0.0184127 0.0172674 0.0231045 0.0176323 0.0124181 0.0117625 0.0209018 0.0270393 0.041718 0.0240501 0.0192848 0.021289 0.0240818 0.0243189 0.0561258 0.0476153 0.0252855 0.0292226 0.0303445 0.0267503 0.0316809 0.031102 0.0204237 0.0195295 0.0199136 0.0154744 0.0192594 0.0255475 0.0315527 0.0305668 0.0272254 0.026143 0.0251287 0.0253615 0.0275195 0.0218057 0.0117603 0.0140407 0.0205687 0.0177778 0.0215207 0.0200241 0.0258352 0.0279098 0.0216053 0.022264 0.0216374 0.0202717 0.0217365 0.0190462 0.017988 0.0243209 0.0361193 0.0233717 0.00866283 0.000504707 
0 0 7.06104e-05 0.00559155 0.00816335 0.00814279 0.0022956 0.00297812 0.00368265 0.00671554 0.0136843 0.01326 0.0194635 0.015288 0.022529 0.0222695 0.0238157 0.0205635 0.015348 0.0139449 0.0313263 0.0419648 0.0371311 0.0238627 0.0167927 0.016818 0.0238675 0.049381 0.0418908 0.0276172 0.0246249 0.0240035 0.0219587 0.0270606 0.0276421 0.0237889 0.0260103 0.0288431 0.0301068 0.0325225 0.0280454 0.0253215 0.0270165 0.0241846 0.0200379 0.0169429 0.0142821 0.0193088 0.0178074 0.024584 0.0230901 0.0213555 0.0167659 0.018296 0.024224 0.0216772 0.0291708 0.0231914 0.0214361 0.0213662 0.0235955 0.0220208 0.0203989 0.0184684 0.02887 0.043374 0.0324547 0.0136669 0.000798609 
0 0 0 0.000755954 0.00135581 0.000247964 0.000768706 0.00235311 0.00615522 0.0145492 0.0220908 0.0200304 0.0210382 0.0219545 0.0222142 0.0162487 0.0154691 0.0167943 0.0147578 0.0158511 0.0325703 0.0678877 0.055774 0.0300734 0.0255281 0.0260697 0.0286434 0.0417413 0.0340468 0.0285649 0.0267338 0.0262683 0.0153704 0.0222933 0.0242012 0.0281529 0.0299432 0.0294408 0.0285489 0.0307507 0.0278598 0.0231936 0.0238801 0.024421 0.0169138 0.0172442 0.0136144 0.0189691 0.0198568 0.0198031 0.0224761 0.0242123 0.0233042 0.0206409 0.0204434 0.0182524 0.0178673 0.0243056 0.0209698 0.0236952 0.0245533 0.0182119 0.0170095 0.0172915 0.0385534 0.0441221 0.0352565 0.0139168 0.000903958 
0 0 0 0 0 0 0.000226282 0.000508711 0.00593267 0.0191082 0.0181682 0.0143019 0.0206435 0.0165697 0.0221452 0.0242436 0.0185404 0.0160461 0.0153673 0.0244401 0.0226666 0.0403726 0.0392533 0.0312195 0.0152147 0.0254849 0.0330754 0.033304 0.0213866 0.023717 0.0260794 0.0249515 0.0239246 0.0231979 0.0285959 0.033889 0.0248647 0.0255789 0.0267842 0.027638 0.0268112 0.0257341 0.0274112 0.0298335 0.0217935 0.0179981 0.0215699 0.0267101 0.0288944 0.026877 0.0267964 0.0215615 0.0259522 0.0200825 0.0189987 0.0163759 0.0180682 0.0236674 0.0228973 0.0236091 0.0305092 0.0259024 0.0205729 0.017303 0.0359178 0.0420953 0.0373266 0.0174596 0.00235069 
0 0 0 0.000185302 0.000921173 0.000934306 0.000225647 0.00218543 0.0159532 0.0243176 0.020551 0.0159722 0.0171201 0.017082 0.0186473 0.0203508 0.0157377 0.0145984 0.0137672 0.0246285 0.0206832 0.0304181 0.0322441 0.0254129 0.0191609 0.0195123 0.0260314 0.0416925 0.0210912 0.0224924 0.0201844 0.0200202 0.0287398 0.023665 0.022241 0.0275711 0.025781 0.0248829 0.0275749 0.0203851 0.0265881 0.0296563 0.027802 0.0248987 0.0237863 0.0192753 0.0260963 0.0280736 0.0269085 0.0209021 0.0240138 0.0200999 0.0215088 0.021972 0.0165628 0.0184923 0.025534 0.0188058 0.0195344 0.0217376 0.0234672 0.0260443 0.0245382 0.0229613 0.0333593 0.0412605 0.0359078 0.0163686 0.00227676 
0 0 5.94245e-05 0.00234117 0.00516248 0.00720974 0.0034975 0.00560931 0.01637 0.0256091 0.0224873 0.0167663 0.0162967 0.0228224 0.0178503 0.0219649 0.0168827 0.0164197 0.0129366 0.0257008 0.0210973 0.0201825 0.0241712 0.0160704 0.0144311 0.0190226 0.0318097 0.0431663 0.02889 0.0224551 0.020263 0.0156006 0.0208092 0.0217706 0.0241189 0.0244908 0.0295478 0.0257035 0.0293185 0.0234303 0.023078 0.0247594 0.0226904 0.0223126 0.0244241 0.0227468 0.0258087 0.0250551 0.0270407 0.021092 0.0161224 0.019659 0.0171382 0.0210035 0.0156508 0.0195195 0.0186571 0.0174527 0.0177739 0.0182976 0.0207275 0.0305876 0.031661 0.0331548 0.0312864 0.0346673 0.0334464 0.0194522 0.00251117 
0 0 0.000233622 0.00325924 0.0135158 0.0113382 0.00572137 0.0124636 0.0158076 0.0221182 0.0198473 0.023121 0.0272174 0.0278453 0.0189097 0.0227673 0.0137294 0.0143998 0.0104673 0.0183799 0.0185755 0.0161695 0.0176411 0.0173669 0.0210764 0.0366353 0.0330158 0.039659 0.0291506 0.0244924 0.0184934 0.0202194 0.0227075 0.0221778 0.0300308 0.0338936 0.0276955 0.0229897 0.0248116 0.0184687 0.0154199 0.0177075 0.0148049 0.0215193 0.0210758 0.0209789 0.0156723 0.0194302 0.0190726 0.0161773 0.0166862 0.0201855 0.016369 0.0236903 0.0222087 0.0251135 0.0175489 0.0212427 0.0243893 0.0261214 0.0238442 0.0325975 0.0347335 0.030384 0.031799 0.0406525 0.0259842 0.0136899 0.00165725 
0 3.11027e-06 0.00217158 0.00906502 0.0219092 0.0186852 0.0134656 0.0237353 0.0261713 0.0286366 0.0175864 0.0180435 0.0224365 0.02349 0.0239739 0.017112 0.01094 0.0118642 0.00984324 0.0130127 0.0166837 0.0217434 0.0303044 0.0239791 0.0326542 0.0419734 0.0468252 0.0278899 0.0243933 0.0219266 0.0195104 0.0187975 0.0268234 0.0284583 0.0361711 0.0304696 0.0241473 0.0276053 0.0212609 0.0157281 0.0120724 0.0141593 0.0172066 0.0171023 0.0171759 0.0196415 0.0197487 0.0141003 0.0142475 0.0135302 0.0183095 0.0228458 0.0174154 0.0216351 0.0216672 0.0277408 0.0227989 0.0231058 0.0250933 0.0276142 0.0301336 0.0298832 0.0303525 0.0366674 0.0383168 0.0377562 0.0257425 0.0160377 0.00268682 
0 0.000869003 0.00908674 0.0135257 0.0182753 0.0235988 0.0233067 0.0269803 0.0266251 0.0232548 0.0179958 0.0182266 0.0184905 0.0182586 0.0174645 0.0149478 0.0139752 0.0178649 0.0102266 0.019781 0.0248124 0.0330198 0.0253383 0.0200035 0.0316781 0.0344743 0.0379307 0.0257397 0.017211 0.0170994 0.0173904 0.0225883 0.0249443 0.0280967 0.0247632 0.0200903 0.0203612 0.0261365 0.0178036 0.0138336 0.0101971 0.0140464 0.0179792 0.0162379 0.0214018 0.021951 0.0190518 0.0150741 0.0186103 0.0165802 0.0227932 0.0220551 0.017527 0.0181995 0.0196264 0.0290868 0.0270326 0.0263529 0.0244539 0.0287871 0.0281664 0.0248825 0.0377359 0.0346834 0.02592 0.0255023 0.0251349 0.0124202 0.00189769 
0 0.000458074 0.00812947 0.0164992 0.0218048 0.0266552 0.0304763 0.0295363 0.0268891 0.026614 0.019787 0.0155065 0.0207664 0.0252919 0.0266683 0.0175581 0.0124838 0.0157272 0.0174551 0.023944 0.0252878 0.0254845 0.0236753 0.0233839 0.0209795 0.0245326 0.0243157 0.0244077 0.0218555 0.0178508 0.0136341 0.0218029 0.0223279 0.0217649 0.0129029 0.0185095 0.0232097 0.0218483 0.0193853 0.013915 0.0165997 0.0156392 0.0146212 0.0142261 0.0214311 0.0192831 0.0159661 0.0149855 0.0193924 0.0205983 0.0215866 0.0226627 0.0201713 0.0186263 0.0205732 0.021864 0.0279565 0.0354466 0.0270519 0.0233996 0.0228291 0.0237883 0.0244938 0.0270197 0.0278036 0.0247104 0.0297047 0.0105411 0.001094 
0 0.00013455 0.00658517 0.0249373 0.0241315 0.0206799 0.0282455 0.0296702 0.0259181 0.0214832 0.0183997 0.0176319 0.0237318 0.0304678 0.0273538 0.0259342 0.0220516 0.0231181 0.0271562 0.0233297 0.0190602 0.0249745 0.0231392 0.0241781 0.0569185 0.0399488 0.0156859 0.0219036 0.0256778 0.0251907 0.030172 0.0340331 0.0401834 0.027146 0.0160515 0.0202505 0.0212107 0.0206163 0.0227629 0.0193516 0.0242475 0.0191873 0.0160899 0.0157972 0.0199335 0.0178811 0.0192077 0.026959 0.0396918 0.0339255 0.0259271 0.0147817 0.0188896 0.0220203 0.0229832 0.024694 0.0216269 0.0323127 0.0251965 0.0257707 0.0232396 0.023893 0.0241203 0.0283085 0.0347003 0.0283584 0.0227569 0.00993455 0.000741739 
0 1.08786e-05 0.00286617 0.0164006 0.0173653 0.0191749 0.02201 0.0209052 0.0214216 0.0296024 0.0182248 0.0156812 0.0249221 0.0257936 0.022733 0.0220821 0.0224653 0.0299259 0.0360852 0.0226409 0.021636 0.0228223 0.0256967 0.0270956 0.067718 0.0375916 0.0293774 0.0293867 0.0250839 0.024427 0.0431074 0.0413184 0.0291209 0.0189045 0.0160446 0.0161635 0.0170677 0.0260183 0.0237596 0.0209466 0.0212584 0.0304368 0.0270986 0.0281751 0.0197026 0.0186937 0.0248642 0.0339825 0.0373122 0.0260792 0.0348493 0.0179009 0.0201982 0.0225183 0.0220661 0.0211726 0.0224539 0.0231529 0.024692 0.023985 0.0272613 0.0293472 0.0285413 0.0274424 0.0332325 0.0281637 0.0213935 0.00709913 0.000124775 
0 0 0.000337795 0.00561833 0.00801056 0.0153496 0.0138309 0.0113965 0.0207138 0.0274179 0.0234681 0.0217727 0.0208091 0.016839 0.0178596 0.0126869 0.0204139 0.0230322 0.0295077 0.031697 0.0274919 0.0193084 0.0215041 0.0226893 0.0240695 0.0290734 0.037272 0.0312252 0.021367 0.0202674 0.0275743 0.0390542 0.0276798 0.0211169 0.022005 0.0217187 0.0222516 0.0194166 0.0207914 0.0235452 0.0248572 0.0282712 0.0222186 0.0266774 0.0241306 0.0238173 0.0316229 0.0250656 0.0242731 0.0252709 0.0265505 0.0175053 0.0215279 0.016662 0.0152613 0.0195218 0.0186675 0.0164816 0.0231823 0.0236485 0.0263187 0.0268964 0.0381572 0.0362373 0.0274958 0.0172332 0.0132364 0.00629174 5.00363e-06 
0 0 0 0.000434198 0.00365544 0.0115875 0.016873 0.0119886 0.0209207 0.0271404 0.0226606 0.0231073 0.0208723 0.0139572 0.01853 0.0137389 0.023194 0.0251862 0.0403123 0.0673604 0.0256911 0.0176901 0.0174248 0.0222918 0.0226743 0.022047 0.0247762 0.0210623 0.0193697 0.0164237 0.0275043 0.0303648 0.0249402 0.0212395 0.0206229 0.0200444 0.020606 0.0121183 0.0230785 0.0270069 0.0228657 0.0309635 0.0287126 0.0222092 0.0295892 0.0241442 0.0327951 0.0266734 0.0237478 0.0256774 0.0224355 0.0210326 0.0170913 0.0144574 0.0174792 0.0175696 0.0237015 0.0217175 0.0210834 0.0229981 0.0239016 0.0277092 0.0456754 0.0396479 0.0272349 0.0143064 0.00535306 0.000368057 0 
0 0 0 0.000457096 0.00681516 0.0128037 0.0180373 0.0158628 0.0172105 0.0208619 0.0185002 0.0183975 0.0192336 0.0129919 0.014474 0.0138391 0.0276577 0.0237118 0.0318919 0.0343234 0.0246153 0.0240969 0.0184499 0.0182724 0.0245002 0.0310693 0.0304792 0.0204355 0.0211192 0.0197847 0.029958 0.0221482 0.0206744 0.0263429 0.0333597 0.0218861 0.0156097 0.0113824 0.0168131 0.0279336 0.0276369 0.0313211 0.028564 0.0258368 0.0324515 0.0286153 0.0266745 0.0350128 0.0352139 0.0261627 0.01663 0.0232781 0.0177442 0.0168514 0.0249971 0.0201208 0.0225546 0.0237241 0.0215129 0.022129 0.0245278 0.0263746 0.0414072 0.0387544 0.0287529 0.0138688 0.00312045 0 0 
0 0 0 0.000344466 0.0124232 0.0191029 0.0172659 0.0159185 0.0135902 0.0159295 0.0245819 0.0238958 0.0213199 0.0227228 0.0197476 0.0169217 0.0227666 0.0201085 0.0268976 0.0264752 0.0220414 0.025804 0.0154986 0.0140991 0.0488284 0.0898978 0.037447 0.0473386 0.0278863 0.0276523 0.0261536 0.0272997 0.0342917 0.0361412 0.0286257 0.0261172 0.0300301 0.0201438 0.0247515 0.0283806 0.024652 0.0291081 0.0276884 0.0261698 0.0288478 0.0281249 0.0264707 0.0305702 0.0292386 0.0200305 0.0188805 0.0170999 0.020274 0.0198306 0.0173396 0.0217747 0.0231062 0.0247629 0.0196102 0.0183103 0.0178619 0.0226077 0.0328108 0.0244427 0.0192099 0.00557664 0.000376707 0 0 
0 0 0 0.000111539 0.00575266 0.0142196 0.0176814 0.0208508 0.0164934 0.0175565 0.0199023 0.0254374 0.0192973 0.0251975 0.0213663 0.0163747 0.0226903 0.0222777 0.0183914 0.0226782 0.0212342 0.0215845 0.0146724 0.0148863 0.0454171 0.039671 0.0286385 0.0497412 0.0602705 0.0339646 0.0220412 0.0198328 0.0245897 0.0307705 0.0281805 0.0370611 0.0392364 0.0258514 0.0219365 0.0172968 0.0178067 0.0189029 0.0258974 0.0259705 0.0286845 0.0199039 0.0200257 0.0224158 0.0230261 0.0229055 0.0265565 0.0223151 0.0231439 0.0208924 0.0183575 0.0227152 0.0176793 0.0231221 0.0222992 0.0216123 0.0211285 0.0255169 0.0184985 0.0128257 0.00860975 0.00179749 8.8796e-06 0 0 
0 0 0 0 0.000402097 0.0064599 0.0122203 0.0144775 0.0142228 0.0140818 0.0142387 0.0183854 0.0202077 0.0184911 0.0149641 0.00843474 0.0140911 0.0164631 0.0194489 0.0159387 0.0212532 0.0207292 0.0174541 0.0179013 0.0444242 0.0520982 0.0489818 0.068389 0.0548325 0.0381184 0.0337322 0.0286205 0.0237384 0.0187124 0.0179887 0.0253883 0.0289299 0.0286454 0.0363071 0.0239806 0.0125927 0.0130296 0.024119 0.0295469 0.0258234 0.0196378 0.0201576 0.013744 0.0196864 0.0312662 0.0326984 0.02425 0.0223994 0.0205903 0.0197209 0.0272174 0.0233237 0.0210812 0.0246914 0.0205352 0.0245234 0.0254563 0.0211924 0.0136296 0.00133308 0.000125772 0 0 0 
0 0 0 0 0.00017552 0.00373684 0.00991542 0.0171512 0.0144147 0.0110317 0.01826 0.0141465 0.0158664 0.0140863 0.0119937 0.00423696 0.00237861 0.0110246 0.0159168 0.0143605 0.0154544 0.0270075 0.0233482 0.0276118 0.030346 0.0469307 0.0429205 0.0380526 0.0231576 0.0246951 0.0319946 0.0332749 0.0248557 0.0242346 0.0207383 0.0196338 0.0144108 0.020869 0.0566944 0.036839 0.015268 0.0128077 0.0221454 0.0198574 0.0139294 0.0133966 0.0223493 0.0170822 0.0222747 0.030364 0.0284958 0.0268364 0.0207169 0.023171 0.0212979 0.0266444 0.0255419 0.0290831 0.0193354 0.0160495 0.021804 0.0224116 0.0225664 0.0136825 0.000886003 0 0 0 0 
0 0 0 0 5.31638e-06 0.000787801 0.0101494 0.0206801 0.019765 0.0171584 0.0178508 0.0142345 0.01211 0.0103537 0.011487 0.0084127 0.00235747 0.014512 0.0176926 0.0189332 0.0179538 0.0269315 0.0292379 0.0284157 0.0306319 0.029919 0.03013 0.0259665 0.0204369 0.0181928 0.0207758 0.0206764 0.0214706 0.0223171 0.0174146 0.0148724 0.0180433 0.014409 0.0299081 0.0331558 0.0179861 0.0117602 0.0155286 0.019835 0.0187454 0.0113247 0.015942 0.015249 0.0165555 0.0208189 0.0162797 0.0234692 0.024331 0.0301205 0.0288043 0.0247737 0.0257673 0.0275318 0.0249668 0.0235686 0.0226845 0.0263313 0.0292956 0.00467107 3.55578e-05 0 0 0 0 
0 0 0 0 0 4.18049e-05 0.00416948 0.0131561 0.0173275 0.0188911 0.0196235 0.0445225 0.0562006 0.0101092 0.00928779 0.00852089 0.00284971 0.00986309 0.0184812 0.0207303 0.025194 0.0340252 0.0269495 0.0236385 0.0242664 0.0308801 0.0303078 0.0268975 0.021061 0.0169853 0.0167005 0.0213707 0.0185806 0.0217965 0.0167453 0.0166315 0.0179891 0.0196279 0.0188443 0.0306042 0.024315 0.0104508 0.0164633 0.0253229 0.0189037 0.0142396 0.0116273 0.0169404 0.0215952 0.019116 0.0184107 0.0209378 0.0227441 0.0261252 0.0265494 0.0183512 0.0226516 0.029752 0.0294711 0.0286473 0.0236536 0.0257785 0.0197885 0.00418727 0 0 0 0 0 
0 0 0 0 0 0 0.000726146 0.00645496 0.00614591 0.014493 0.0200868 0.0323232 0.0338714 0.00544631 0.009612 0.00707261 0.00226224 0.00817901 0.015146 0.0157618 0.02161 0.019863 0.0180101 0.0197942 0.0215641 0.0231946 0.0310979 0.0348918 0.023083 0.0200127 0.0196894 0.029676 0.0236456 0.0206014 0.0204589 0.0172583 0.0188859 0.0205865 0.0225937 0.0259757 0.0182555 0.0114066 0.0207182 0.019159 0.0175816 0.0143632 0.0119407 0.0189799 0.025455 0.0171482 0.0157584 0.0160829 0.0194207 0.0246338 0.0243707 0.0198193 0.0235121 0.0264171 0.0246523 0.0222435 0.0184674 0.0134443 0.00699008 0.000546428 0 0 0 0 0 
0 0 0 0 0 0 1.69282e-06 0.000223166 0.00208873 0.00868534 0.0188776 0.0124493 0.00478162 0.00188875 0.0045272 0.00346153 0.00132768 0.00270379 0.00800587 0.00582656 0.0132536 0.0173663 0.0179468 0.0273005 0.0231845 0.0219378 0.0274366 0.0298849 0.0197559 0.0220823 0.0149335 0.016358 0.0214779 0.0234749 0.0273028 0.0225601 0.0131618 0.0205728 0.0250331 0.0189611 0.0161935 0.0151808 0.0177797 0.0114655 0.0144676 0.015507 0.0170963 0.0187896 0.0144484 0.0149713 0.0123813 0.0166389 0.0147418 0.0218188 0.0226146 0.0209621 0.0143856 0.0187551 0.0168016 0.0130427 0.00809008 0.00713251 0.00104765 0 0 0 0 0 0 
0 0 0 0 0 0 0 0 0.00041055 0.00245031 0.00710231 0.0074124 0.00199741 0.000276856 0.00110009 0.000493976 5.88258e-05 0.000153594 0.000395524 0.0054735 0.0150927 0.0185997 0.0165348 0.0245078 0.0174039 0.0161744 0.0212468 0.0204247 0.0137903 0.0188125 0.0158431 0.0159358 0.0247179 0.0199155 0.0223759 0.0255435 0.0191045 0.018593 0.0251272 0.021407 0.013117 0.00870622 0.0230543 0.0177634 0.0130369 0.00645713 0.0081196 0.018011 0.0101515 0.00736211 0.00911875 0.0132707 0.009874 0.0148584 0.0179242 0.0194376 0.0134748 0.00987928 0.00967517 0.0129668 0.00547394 0.00146893 1.31732e-05 0 0 0 0 0 0 
0 0 0 0 0 0 0 0 0 0.00154121 0.00655323 0.0058312 0.0045524 0.000342217 0.000308058 0.00231445 0.00232946 0.00209053 0.003658 0.0116718 0.0206497 0.0215308 0.0211267 0.0240791 0.0219368 0.0160485 0.0201997 0.0240489 0.0186464 0.013452 0.00924108 0.019661 0.0233238 0.0272313 0.0243047 0.0261942 0.0202077 0.0157954 0.0268814 0.0153361 0.00468519 0.0036786 0.0158615 0.0206406 0.0165607 0.00638772 0.00316561 0.00566495 0.00658445 0.00922549 0.0108009 0.0119313 0.00921922 0.00633731 0.0155765 0.0202112 0.0197321 0.0133962 0.00701046 0.00477575 0.00116524 1.14771e-05 0 0 0 0 0 0 0 
0 0 0 0 0 0 0 0 0 4.45937e-05 0.00434053 0.0106886 0.0183053 0.00209258 0.00255692 0.0106823 0.0119985 0.0118238 0.0115764 0.016565 0.0205749 0.0202459 0.0193624 0.0217753 0.0246121 0.0196486 0.0225971 0.032038 0.0314547 0.0131028 0.0107272 0.018449 0.0228465 0.0240103 0.0316852 0.0346871 0.0198202 0.0129276 0.0150518 0.0115749 0.00847826 0.00604144 0.0107712 0.0164578 0.0199534 0.0127668 0.00875153 0.0038531 0.0120891 0.0207943 0.0194392 0.0114425 0.00993237 0.0104969 0.00715153 0.0102429 0.0159224 0.00796395 0.00139786 0.00147883 3.19147e-05 0 0 0 0 0 0 0 0 
0 0 0 0 0 0 0 0 0 0 0.00011545 0.00576666 0.00611569 0.000138988 0.00524859 0.0160715 0.0167712 0.0189019 0.0153996 0.0206836 0.0221964 0.0167595 0.0153533 0.0214945 0.0257833 0.0253463 0.0362141 0.0456818 0.0318241 0.0145079 0.0170433 0.00925059 0.015761 0.021696 0.0252955 0.0255356 0.0225166 0.0154292 0.00814048 0.0159633 0.0347131 0.0190109 0.0113131 0.0111904 0.013001 0.0160899 0.0124248 0.010248 0.012403 0.0187542 0.0201393 0.0126867 0.00449813 0.0108364 0.00780564 0.0119479 0.00690148 0.00382146 0.000219838 0 0 0 0 0 0 0 0 0 0 
0 0 0 0 0 0 0 0 0 0 0 0.000700765 0.000483617 0 0.00174799 0.014642 0.0139088 0.0200316 0.0175025 0.0200726 0.0240405 0.0152624 0.019673 0.029465 0.0380222 0.0478988 0.0512307 0.0281792 0.0228936 0.0129285 0.0182 0.0138039 0.0128256 0.0153771 0.0135628 0.0182938 0.0235241 0.0205081 0.0144452 0.0163974 0.0206872 0.0125819 0.00576676 0.00763858 0.0107763 0.00966068 0.0118171 0.0129509 0.0117433 0.0103555 0.0120386 0.0116912 0.00808198 0.0102418 0.00849533 0.00651764 0.00141667 0.000415623 0 0 0 0 0 0 0 0 0 0 0 
0 0 0 0 0 0 0 0 0 0 0 0 0 0 0.0011365 0.0173913 0.0216557 0.00986454 0.0142557 0.0212185 0.0280783 0.0288727 0.0373157 0.0409079 0.0454072 0.0380517 0.0501555 0.0214578 0.0170042 0.0123229 0.0107804 0.0067495 0.00816965 0.0111845 0.0122802 0.0197317 0.0229719 0.0189421 0.0183213 0.0130911 0.0127847 0.0102753 0.0075913 0.0123351 0.0126587 0.0111357 0.0134295 0.0102808 0.00775922 0.00719026 0.00881696 0.010198 0.008537 0.00727878 0.00457799 0.00128442 6.19603e-06 0 0 0 0 0 0 0 0 0 0 0 0 
0 0 0 0 0 0 0 0 0 0 0 0 0 0 0.00157516 0.0107083 0.0111583 0.0136919 0.00785383 0.0125235 0.0228642 0.0238138 0.0388731 0.0421818 0.0436772 0.0419315 0.0279958 0.0193768 0.0204512 0.0224871 0.0201262 0.00703444 0.004401 0.00961713 0.0173961 0.0224268 0.0280857 0.0132171 0.00967937 0.0119343 0.0141065 0.00982771 0.00633573 0.0183365 0.0207579 0.0173765 0.0280166 0.0180794 0.00507269 0.00515092 0.00639572 0.00557592 0.0055761 0.00086301 0.000292276 3.15958e-05 0 0 0 0 0 0 0 0 0 0 0 0 0 
0 0 0 0 0 0 0 0 0 0 0 0 0 0 6.5523e-06 0.000304057 0.00313353 0.00872901 0.0028641 0.00615984 0.0156167 0.0136091 0.0191219 0.0255588 0.030737 0.0261766 0.023792 0.0259875 0.0242926 0.0233502 0.0270846 0.0166203 0.00836041 0.0068494 0.0114096 0.0260716 0.0449719 0.0277092 0.00891009 0.0116921 0.0158587 0.0106089 0.0117816 0.0192459 0.0217358 0.0245231 0.0444235 0.036177 0.0068032 0.00177491 0.00107623 0.000690401 0.000864967 0.000840236 0 0 0 0 0 0 0 0 0 0 0 0 0 0 0 
0 0 0 0 0 0 0 0 0 0 0 0 0 0 0 0 5.41449e-06 0.000218431 1.98323e-06 0.00160214 0.00854417 0.0115821 0.0162058 0.026678 0.0233647 0.032629 0.0323504 0.0412653 0.0390092 0.0263037 0.0141655 0.0142476 0.00680345 0.0035927 0.00506301 0.01413 0.0198218 0.0146325 0.00902533 0.00936804 0.00943655 0.00805173 0.0122133 0.0185773 0.0181077 0.0191658 0.0341859 0.0260616 0.00450563 0.000100721 0 0 4.49859e-05 3.96408e-05 0 0 0 0 0 0 0 0 0 0 0 0 0 0 0 
0 0 0 0 0 0 0 0 0 0 0 0 0 0 0 0 0 0 0 6.92624e-05 0.00370639 0.00725711 0.0112764 0.0158122 0.0265779 0.0356819 0.0353669 0.0342805 0.0426604 0.0424987 0.0126031 0.00335533 0.00287602 0.00277527 0.0123922 0.0104385 0.00915165 0.00957126 0.00774334 0.00376795 0.00454115 0.0105699 0.010284 0.0151849 0.0232575 0.0220625 0.0177418 0.00775377 0.00016725 0 0 0 0 0 0 0 0 0 0 0 0 0 0 0 0 0 0 0 0 
0 0 0 0 0 0 0 0 0 0 0 0 0 0 0 0 0 0 0 0 8.92355e-05 0.00087871 0.0046299 0.0107281 0.0242344 0.0177658 0.0167128 0.0211434 0.0249979 0.024541 0.00908149 0.000198089 0.00155086 0.00736126 0.0167477 0.0108378 0.0101361 0.00792964 0.00513849 0.00249991 0.00358992 0.00681334 0.0106102 0.00864947 0.006626 0.00869608 0.00368184 0.00157511 0.000136317 0 0 0 0 0 0 0 0 0 0 0 0 0 0 0 0 0 0 0 0 
0 0 0 0 0 0 0 0 0 0 0 0 0 0 0 0 0 0 0 0 0 0 6.51e-05 0.00173758 0.00515675 0.00397999 0.00588494 0.00711498 0.0127875 0.0119033 0.00422261 9.17291e-05 0.000464662 0.00254626 0.00606439 0.00732952 0.00988193 0.00568439 0.00212429 0.000253048 0.0012654 0.004065 0.00558243 0.00324792 0.000913791 0.000448891 5.11291e-05 0.000125475 0 0 0 0 0 0 0 0 0 0 0 0 0 0 0 0 0 0 0 0 0 
0 0 0 0 0 0 0 0 0 0 0 0 0 0 0 0 0 0 0 0 0 0 0 0 0 0.000104181 0.000239245 0.000883193 0.000919212 0.000812728 0.000333069 0 0 0 0.000282734 0.00102928 0.00400457 0.00136027 0.000222024 0 0 9.59804e-05 0.000815445 0.000169775 5.39719e-07 0 0 0 0 0 0 0 0 0 0 0 0 0 0 0 0 0 0 0 0 0 0 0 0 

