0 0 0 0 0 0 0 0 0 0 0 0 0 0 0 0 0 0 0 0 0 0 0 0 0 0 0 0 0 0 0 0 0 0 0 0 0 0 0 9.59514e-06 2.63243e-05 0 0 0 0 0 0 0 0 0 0 0 0 0 0 0 0 0 0 0 0 0 0 0 0 0 0 0 0 
0 0 0 0 0 0 0 0 0 0 0 0 0 0 0 0 0 0 0 0 0 0 0 0 0 0 0.000775971 0.00206828 0.0027337 0.00375571 0.00503371 0.00164937 5.33974e-05 0.00015129 0.00088261 0.000604512 0.000162803 0 2.79375e-05 0.000843236 0.00143948 1.24612e-05 0.000349853 1.62812e-06 0 0 0 0 0 0 0 0 0 0 0 0 0 0 0 0 0 0 0 0 0 0 0 0 0 
0 0 0 0 0 0 0 0 0 0 0 0 0 0 0 0 0 0 0 0 0 0 0 0 9.53961e-05 0.0022302 0.00485642 0.00648144 0.00707414 0.011414 0.0200395 0.0147629 0.0125814 0.00738811 0.00229673 0.00248099 0.00258314 0.00124972 0.00404316 0.010945 0.0152072 0.00211497 0.000447608 4.32213e-05 0.000862582 6.75752e-05 0 0 0 0 0 0 0 0 0 0 0 0 0 0 0 0 0 0 0 0 0 0 0 
0 0 0 0 0 0 0 0 0 0 0 0 0 0 0 0 0 0 0 0 0 0 0 0 0.00129608 0.00677889 0.00818016 0.0071707 0.0101473 0.0102534 0.014813 0.0274776 0.0383486 0.0192297 0.00861673 0.00482423 0.00435076 0.00371738 0.00495924 0.0163156 0.0308639 0.00599494 0.000663397 0.000640237 0.0042242 0.00197351 0.000245904 0.00037512 3.59246e-05 9.55207e-07 0 0 0 0 0 0 0 0 0 0 0 0 0 0 0 0 0 0 0 
0 0 0 0 0 0 0 0 0 0 0 0 0 0 0 0 0 0 4.97408e-05 0.000823165 0.00168783 0.000726251 0.00142044 0.00221365 0.00189706 0.00338133 0.00786784 0.016551 0.0183016 0.01246 0.00859235 0.0114188 0.0262199 0.0160078 0.00770489 0.00763277 0.00371627 0.00257278 0.00313586 0.00653606 0.00624277 0.00653922 0.00636266 0.00568046 0.00713669 0.0103208 0.00520419 0.00283314 0.00246677 0.00159806 3.79178e-05 0 0 0 0 0 0 0 0 0 0 0 0 0 0 0 0 0 0 
0 0 0 0 0 0 0 0 0 0 0 0 0 0 0 0 1.94042e-05 0.000690714 0.0050364 0.00885164 0.00950938 0.00599158 0.00277106 0.0046457 0.00620362 0.0109154 0.019858 0.0256568 0.0216923 0.0217492 0.0150646 0.0114557 0.0155451 0.0154756 0.0107514 0.0129484 0.00760545 0.00294657 0.00538419 0.00612307 0.00607778 0.00518319 0.00532959 0.00757696 0.0105165 0.0177048 0.0134861 0.00882985 0.0162526 0.0121335 0.00517622 0.00478616 0.00249169 0.000272794 0 0 0 0 0 0 0 0 0 0 0 0 0 0 0 
0 0 0 0 0 0 0 0 0 0 0 0 0 0 1.82298e-05 0.000101973 0.000582354 0.00271065 0.00782471 0.016449 0.0211683 0.0166489 0.012894 0.0104242 0.0129571 0.0220671 0.0270225 0.0244083 0.0280128 0.0349975 0.0346898 0.0139108 0.0115005 0.0108581 0.0121195 0.0185099 0.0179231 0.00626396 0.00205399 0.00203763 0.00646329 0.00925986 0.00496615 0.00415668 0.0115867 0.009033 0.0106424 0.0127407 0.0192267 0.021672 0.0180868 0.0163163 0.0124106 0.00249299 0.000125291 0 0 0 0 0 0 0 0 0 0 0 0 0 0 
0 0 0 0 0 0 0 0 0 0 0 0 0 0 0.000845664 0.00264656 0.00088784 0.00452898 0.0123729 0.0232926 0.0252435 0.0233897 0.0188813 0.0212797 0.0201719 0.0201028 0.0200126 0.0197963 0.0278796 0.0279843 0.0411216 0.0259612 0.0102564 0.0135249 0.0122752 0.0210874 0.0228488 0.00880291 0.00457708 0.00233988 0.00463706 0.00775987 0.0019312 0.00298876 0.00965934 0.00931365 0.0108899 0.0101669 0.0097306 0.014442 0.0148293 0.0102696 0.0102392 0.00595893 0.00100892 0.0001881 0 0 0 0 0 0 0 0 0 0 0 0 0 
0 0 0 0 0 0 0 0 0 0 0 0 0 0 0.000245958 0.000488363 0.00147015 0.00619745 0.00918072 0.0258556 0.0303939 0.0260525 0.0219293 0.0225356 0.0194485 0.0133959 0.0173551 0.0170322 0.0219781 0.0179236 0.0200723 0.0380099 0.0283015 0.0199506 0.018105 0.0229059 0.0274347 0.0138039 0.00850077 0.00759106 0.00873056 0.00753165 0.00120891 0.00101357 0.00410877 0.00519029 0.00573708 0.00972308 0.0071152 0.012137 0.00742836 0.00907168 0.00956837 0.0129553 0.00634688 0.00320682 0.000921252 0.00022782 0 0 0 0 0 0 0 0 0 0 0 
0 0 0 0 0 0 0 0 0 0 0 0 0 0 0.000193807 0.00097534 0.00448985 0.012608 0.016844 0.0274366 0.0340128 0.0320464 0.023262 0.0291594 0.0199004 0.0178982 0.0219451 0.0263054 0.0245294 0.0220037 0.0309328 0.0295451 0.0225626 0.0155376 0.0169607 0.0256945 0.024657 0.017324 0.0187303 0.0126244 0.010278 0.00531744 0.00149783 0.00144444 0.00357235 0.00446396 0.00558962 0.0120657 0.00967479 0.00878744 0.0105123 0.01529 0.0116593 0.0160924 0.0155279 0.00838683 0.00440377 0.00196555 0 0 0 0 0 0 0 0 0 0 0 
0 0 0 0 0 0 0 0 0 0 0 0 2.81738e-06 0.000790009 0.00377285 0.00768628 0.0126542 0.016934 0.0177108 0.0312876 0.0349399 0.0339401 0.0303515 0.0249306 0.0193535 0.0171224 0.0220631 0.0230508 0.0154658 0.0205207 0.0274453 0.0158755 0.0108827 0.011229 0.014123 0.0164402 0.0154779 0.0180766 0.0174402 0.0107886 0.013117 0.00682026 0.00409858 0.00498488 0.00417512 0.00723244 0.00490998 0.00832958 0.0200388 0.014396 0.0130603 0.01325 0.0115222 0.0162087 0.0187134 0.0165807 0.0118656 0.00408645 0.000699335 0 0 0 0 0 0 0 0 0 0 
0 0 0 0 0 0 0 0 0 0 0 8.68363e-05 0.000174698 0.000296222 0.00249822 0.0117339 0.0214974 0.0265356 0.0225712 0.0273483 0.032468 0.0325092 0.0252737 0.0223431 0.0184556 0.0250458 0.0233883 0.0202581 0.017694 0.0198053 0.0241402 0.0172214 0.0122664 0.0123522 0.0167322 0.0142444 0.0154236 0.0134051 0.0135485 0.0169285 0.0131486 0.0128826 0.0136773 0.0179082 0.0112321 0.0116531 0.00644219 0.0076669 0.024239 0.021435 0.0158027 0.0110415 0.0111128 0.0141582 0.0147866 0.010546 0.0150229 0.0125547 0.00410178 0.0018688 3.21544e-05 0 0 0 0 0 0 0 0 
0 0 0 0 0 0 0 0 0 0.000165808 0.000123134 0.000179468 0.000360459 0.000822353 0.00132133 0.00511419 0.014608 0.0164843 0.0207824 0.0212181 0.0281715 0.0250396 0.0227119 0.0233144 0.0218664 0.0267797 0.0258726 0.0215862 0.019993 0.0191146 0.0262055 0.0159973 0.0147865 0.0121402 0.0146992 0.013545 0.0130776 0.00865199 0.0107195 0.0217354 0.0201169 0.0248874 0.0227399 0.0173745 0.0184953 0.0163653 0.0139677 0.0141962 0.0210839 0.0234833 0.0155209 0.0150517 0.016833 0.0144438 0.014316 0.0180886 0.0201561 0.0175742 0.00915862 0.00542722 0.00114827 0 0 0 0 0 0 0 0 
0 0 0 0 0 0 0 0 0.00058583 0.00568326 0.00671831 0.00222224 0.000358306 0.000450395 0.000346351 0.0033585 0.00680888 0.0166695 0.015157 0.0185642 0.019815 0.0222442 0.0232321 0.0287681 0.027699 0.0260943 0.0285162 0.0245962 0.0251509 0.017969 0.0226731 0.0212589 0.0158138 0.0111025 0.0153658 0.0153271 0.0160786 0.00589108 0.00998798 0.0207859 0.0258707 0.0306826 0.0280273 0.0165161 0.0173627 0.0141383 0.0146523 0.0120095 0.0179691 0.0235737 0.018666 0.0203201 0.0230705 0.0226175 0.0171302 0.0125913 0.0122952 0.0138182 0.0172823 0.00804436 0.0044421 0.000723337 9.83333e-05 0 0 0 0 0 0 
0 0 0 0 0 0 1.7168e-05 0.00156921 0.00920104 0.0169472 0.0241522 0.0244734 0.00867047 0.0019794 0.00106068 0.00119994 0.00208726 0.010021 0.0146633 0.0233209 0.0248492 0.0275991 0.0223919 0.0290668 0.0220605 0.0266352 0.0294267 0.026068 0.0244394 0.0279534 0.0252092 0.0198642 0.0168443 0.0181113 0.0191845 0.0129059 0.0132098 0.0102921 0.0137739 0.0198572 0.0274553 0.0244407 0.0174476 0.0114589 0.0244451 0.0177096 0.0177556 0.0142263 0.0141068 0.022584 0.024932 0.0250853 0.027966 0.0203458 0.0220909 0.0109264 0.00947635 0.0154163 0.0145418 0.00849877 0.00909389 0.00539051 0.0022545 7.09711e-06 0 0 0 0 0 
0 0 0 0 0 0 0.000930917 0.0106851 0.0195098 0.021511 0.0243671 0.0335985 0.0229037 0.0171276 0.0104194 0.00245899 0.00389163 0.0114146 0.0202377 0.0241563 0.0325161 0.026413 0.0206176 0.0195583 0.0243221 0.0220354 0.0224692 0.0336014 0.0319493 0.0343833 0.027469 0.0172299 0.0249927 0.0350986 0.0244324 0.0228149 0.0193239 0.0130605 0.0143972 0.0179811 0.0173486 0.0176074 0.0260385 0.0262145 0.0376337 0.0258615 0.022046 0.0162685 0.0154044 0.0189227 0.022662 0.0222977 0.0260057 0.0212376 0.0169434 0.0113983 0.0140936 0.0174151 0.0174502 0.0180942 0.0154164 0.00976267 0.00925101 0.000477331 0 0 0 0 0 
0 0 0 0 0 0 0.00514114 0.0176206 0.0232705 0.0239248 0.0223639 0.021073 0.0176423 0.0249127 0.0250858 0.0121493 0.0114944 0.0179346 0.0226607 0.0285921 0.0341076 0.0326219 0.0249389 0.0145574 0.0163835 0.021303 0.0201099 0.0221669 0.0273095 0.0337861 0.0220459 0.0158498 0.024265 0.0314277 0.0267841 0.0273463 0.0352107 0.028384 0.0256618 0.0193399 0.0185056 0.0213316 0.0231108 0.0220527 0.0360405 0.0294759 0.0237325 0.01925 0.0182566 0.0172028 0.0208064 0.0221124 0.0184649 0.0159045 0.0100015 0.0213903 0.0213013 0.020203 0.0188792 0.0212079 0.018086 0.0138387 0.0149689 0.00366445 0.000127169 0 0 0 0 
0 0 0 0 0 0.000352395 0.00842818 0.0195084 0.0249711 0.0231703 0.0244989 0.0251801 0.0244527 0.0217346 0.022408 0.0183126 0.0180949 0.0200221 0.0251053 0.0310873 0.0260556 0.0266201 0.0190232 0.0136621 0.0128243 0.0171004 0.0175733 0.019488 0.0255153 0.0305087 0.0266906 0.0243078 0.0217702 0.03125 0.0321896 0.0279235 0.0252388 0.0298163 0.0237877 0.0222255 0.022851 0.0248046 0.0245606 0.0221815 0.0202691 0.021679 0.0196114 0.0215518 0.0165227 0.0171306 0.0244039 0.022572 0.0152816 0.0107574 0.0173136 0.0254116 0.0220807 0.0155931 0.0143979 0.0147661 0.0128883 0.0100006 0.00992276 0.00476352 0.00100178 0 0 0 0 
0 0 0 0 0.00018924 0.00557387 0.0169892 0.0235586 0.023988 0.0260411 0.0231614 0.0217234 0.0246316 0.0233134 0.0219647 0.023365 0.0216596 0.0258199 0.0269972 0.0302796 0.0246737 0.025884 0.0274244 0.0194805 0.0170937 0.0153122 0.0204684 0.0209032 0.01898 0.0225506 0.0206678 0.0220985 0.0233038 0.0277412 0.0300011 0.0270754 0.0230071 0.0251579 0.0230557 0.0251635 0.0247829 0.0230335 0.027963 0.0192554 0.022144 0.0306867 0.0217474 0.0191936 0.0150525 0.0175706 0.028783 0.0233865 0.0158774 0.00991271 0.0146584 0.0204548 0.0162026 0.012616 0.0159472 0.0169162 0.0143923 0.0112017 0.0149256 0.00861855 0.00335695 8.10416e-05 0 0 0 
0 0 0 0 0.00384872 0.0107385 0.0158434 0.0194667 0.0212032 0.0234236 0.021092 0.0225257 0.0192033 0.0233488 0.0334533 0.028146 0.0259135 0.0200906 0.0191115 0.0160329 0.0182039 0.0265896 0.023732 0.0205852 0.0149488 0.0196823 0.0233674 0.0147033 0.0161082 0.0180108 0.0265163 0.0305813 0.0306803 0.0268603 0.0254442 0.0232477 0.0190856 0.0262082 0.024273 0.0331603 0.0300589 0.0174315 0.0201127 0.0261783 0.0259068 0.0225737 0.019231 0.0191489 0.0169448 0.0163728 0.0232066 0.0185449 0.0148058 0.0137086 0.02105 0.0197765 0.0180962 0.0181838 0.015651 0.0143903 0.0133637 0.016618 0.0166189 0.0111894 0.00551529 4.17965e-07 0 0 0 
0 0 0 0.000225693 0.00789704 0.0150124 0.0159054 0.0204652 0.0243166 0.0212067 0.0218412 0.0215467 0.0191329 0.0222422 0.0395306 0.0360177 0.0273704 0.0182318 0.0173828 0.0155108 0.0203226 0.0244506 0.020318 0.017431 0.0185437 0.0174382 0.0180261 0.0156693 0.0177822 0.0266098 0.0296887 0.0297661 0.0210572 0.0199756 0.0175775 0.0176621 0.0208168 0.0279407 0.0293095 0.0353282 0.0285888 0.0176313 0.022114 0.0232615 0.0209035 0.0193331 0.0221565 0.0265044 0.0179607 0.0188987 0.0206054 0.0246774 0.0196338 0.0140057 0.0170905 0.0179789 0.0195999 0.018442 0.0127325 0.0164442 0.0162012 0.0178916 0.0182009 0.00941429 0.00209597 0 0 0 0 
0 0 0 0.00485453 0.020559 0.0242275 0.0196554 0.0222623 0.020479 0.0177341 0.018558 0.0165385 0.0168247 0.0239529 0.0319337 0.0352966 0.0304891 0.0227937 0.0175759 0.0201922 0.0273211 0.0266441 0.0206895 0.0187451 0.016705 0.0118498 0.0140615 0.0207315 0.0210083 0.0247145 0.0276859 0.0214501 0.020428 0.0167736 0.0138542 0.0219832 0.0236144 0.0218496 0.0287139 0.0364121 0.0298202 0.026476 0.02696 0.0291342 0.0212934 0.020484 0.0254153 0.0256929 0.0164539 0.0200541 0.017099 0.0205612 0.0181427 0.00778541 0.0145265 0.0224644 0.013977 0.0225694 0.0202082 0.0183864 0.0144823 0.0122499 0.014116 0.00910175 0.00162961 0.00105572 0 0 0 
0 0 1.53988e-05 0.0123385 0.0305173 0.0231755 0.0241084 0.0245634 0.0222446 0.0223023 0.018872 0.0188908 0.0210646 0.0222604 0.0290847 0.0341747 0.0329215 0.0198168 0.0205295 0.0201881 0.0194856 0.0275223 0.0232721 0.0216054 0.0183857 0.0201594 0.0158376 0.0194827 0.0202552 0.024186 0.0237655 0.026089 0.0263912 0.0236741 0.0207964 0.0262265 0.0254126 0.0212315 0.0248891 0.0285852 0.0267714 0.0240391 0.0300759 0.0277478 0.0245868 0.0210195 0.0213749 0.0255593 0.0186009 0.0169883 0.0151631 0.0117255 0.0142427 0.00846482 0.0120627 0.0159181 0.00910101 0.019151 0.026358 0.0195164 0.015515 0.0132362 0.00926034 0.00755928 0.00488763 0.00423065 0.00034242 0 0 
0 0 0.00197901 0.016377 0.0243966 0.0373064 0.0377963 0.0320217 0.0370261 0.0227083 0.0238018 0.0242608 0.0265654 0.029194 0.0363478 0.0342059 0.0261942 0.0198462 0.023268 0.02313 0.0240042 0.0231804 0.0233693 0.0299452 0.0194259 0.0279075 0.0148618 0.013082 0.0171751 0.0161677 0.0176435 0.0179871 0.0218513 0.0226766 0.0206817 0.0241063 0.0216507 0.0186905 0.0200291 0.0268575 0.0256145 0.024481 0.0312161 0.0259588 0.0240759 0.0213482 0.0174584 0.0159533 0.0206637 0.0190195 0.015869 0.0137797 0.0159196 0.0130094 0.0123656 0.0136287 0.0150499 0.0214142 0.0229341 0.0207718 0.0203595 0.0194395 0.0158807 0.00813073 0.00818793 0.00535869 0.000622398 0 0 
0 0 0.00702951 0.0253151 0.0249928 0.0322054 0.0397495 0.0319329 0.0256265 0.0250419 0.0215813 0.0163575 0.0232889 0.0274345 0.020985 0.0283822 0.0215567 0.0210543 0.0272186 0.0224981 0.0212406 0.0250746 0.0249483 0.0285935 0.0287992 0.0278384 0.0233855 0.017513 0.0217872 0.016572 0.0173629 0.0249114 0.023369 0.0246895 0.0206408 0.0173766 0.0190311 0.0168332 0.0160301 0.0214153 0.0204174 0.0208839 0.0292053 0.0194315 0.0235327 0.0188449 0.0185426 0.0138291 0.019816 0.0188429 0.0202056 0.0200234 0.0194547 0.0164466 0.0177937 0.0186665 0.0212823 0.0185304 0.0220803 0.021215 0.0209643 0.0169238 0.0143353 0.0137344 0.0117336 0.00203947 0.000555552 0 0 
0 0 0.00363065 0.0205979 0.0196663 0.0333816 0.0371735 0.0326433 0.0274678 0.0268656 0.0192241 0.0166539 0.0206258 0.0222965 0.0153173 0.0174946 0.0196548 0.0166025 0.0283666 0.0186791 0.0203345 0.0261459 0.0259309 0.0316049 0.0335356 0.0303056 0.0194906 0.0212599 0.0250688 0.0194173 0.0210749 0.0226886 0.0199565 0.0245757 0.0216413 0.0216916 0.0246936 0.0224887 0.0203445 0.0184053 0.0157981 0.026022 0.0244418 0.0257516 0.0212143 0.0190913 0.0221696 0.0275037 0.0286977 0.0251943 0.0293551 0.0273899 0.0304941 0.0217729 0.0202172 0.0201744 0.0184355 0.0213088 0.0193135 0.0188764 0.0193113 0.0184156 0.0179136 0.00993696 0.00776148 0.000852113 9.32046e-06 0 0 
0 0 0.000315354 0.00457788 0.00877043 0.0207303 0.0244802 0.0311148 0.0287113 0.0233743 0.016909 0.0196183 0.0223478 0.0209419 0.0167447 0.0205605 0.0191246 0.0203112 0.01912 0.0231317 0.0235483 0.0264375 0.0239245 0.0259588 0.0362461 0.0251438 0.0249491 0.0254151 0.0306995 0.026185 0.0217065 0.0216209 0.0172975 0.0192324 0.0186449 0.0204466 0.0244314 0.0339437 0.039784 0.0182045 0.0235595 0.0239667 0.0212876 0.0187475 0.0123322 0.0156728 0.0263788 0.0345281 0.0340243 0.0335914 0.0378233 0.0318874 0.0218142 0.02745 0.0262025 0.0259048 0.0274035 0.0251497 0.0238847 0.029545 0.0207991 0.0193076 0.0171572 0.00727297 0.00719486 0.00081745 0.000326826 0.000426463 0 
0 3.07236e-06 1.12203e-05 0.000134707 0.00188699 0.00543956 0.0112775 0.0226756 0.0284196 0.0112632 0.0078385 0.0158529 0.023196 0.0194668 0.0168646 0.0188515 0.0182513 0.0247405 0.0234182 0.030334 0.0296163 0.0269104 0.0274757 0.0238142 0.0308133 0.0241138 0.0280108 0.0266192 0.0361657 0.0398538 0.02925 0.0254767 0.0209618 0.0192552 0.0200495 0.0187879 0.0207678 0.0220418 0.0273301 0.0130311 0.0191903 0.0169221 0.0143463 0.0195597 0.0133221 0.0149445 0.0208434 0.0214006 0.0235685 0.0318101 0.0250377 0.0185111 0.0219628 0.0273477 0.0217444 0.0269487 0.0232849 0.0239758 0.0249591 0.0288433 0.0272119 0.014562 0.0123432 0.0101626 0.00339134 0.000578986 0.00106751 0.00239384 0.000266609 
0 0.000633066 0.00299517 0.00414235 0.00419246 0.00758817 0.0098852 0.0238397 0.0272598 0.00745588 0.00332181 0.0179962 0.0267231 0.0201928 0.0202041 0.0202378 0.0246192 0.0240882 0.0179853 0.0269456 0.0293005 0.0277567 0.0245266 0.021793 0.0235063 0.0308108 0.0355256 0.0291735 0.0350778 0.0320604 0.0325342 0.0219591 0.015879 0.0164592 0.0168569 0.0187692 0.0167699 0.0177666 0.018468 0.0161998 0.0156231 0.0163685 0.0134959 0.0142297 0.0190687 0.0239878 0.0240578 0.0161115 0.0231405 0.0264102 0.0201704 0.0156392 0.0239329 0.0238656 0.0232363 0.0230043 0.0249781 0.0219283 0.022104 0.0275196 0.0233173 0.0158811 0.0131129 0.0113681 0.00590136 0.0022683 0.00165387 0.0038408 0.00194967 
0 0.00476751 0.0109395 0.00992508 0.0160621 0.0127912 0.0192702 0.0181191 0.0239088 0.00406251 0.00184271 0.0142523 0.0283521 0.0290228 0.0240479 0.0184913 0.0197936 0.023914 0.0223747 0.0271422 0.0247656 0.0223669 0.0189319 0.0232026 0.023364 0.0231353 0.0340691 0.0298597 0.0295196 0.0219961 0.0307777 0.0231431 0.0112523 0.00677653 0.00858176 0.010801 0.0125413 0.012946 0.0147797 0.018055 0.0172008 0.018591 0.0130297 0.0139801 0.0164245 0.0204551 0.0224771 0.0253357 0.0210611 0.0268278 0.0236307 0.0201864 0.0291029 0.0360128 0.0287878 0.0203308 0.0232366 0.0261785 0.023222 0.0247623 0.0226725 0.0220675 0.0139748 0.01308 0.0133802 0.0100889 0.00921346 0.00896449 0.00196779 
2.64665e-05 0.00765953 0.0150378 0.0158227 0.0206014 0.0144899 0.0153885 0.00695379 0.00562648 0.00556001 0.00226301 0.0137043 0.0270233 0.0302393 0.0266875 0.0235703 0.0286099 0.0235214 0.0253215 0.0190069 0.0137307 0.016043 0.0234991 0.0188566 0.0193254 0.0179484 0.0298022 0.0243563 0.0281734 0.0272227 0.0241936 0.0250984 0.0195966 0.0107697 0.013519 0.0252498 0.016488 0.0153579 0.0298928 0.0218878 0.0179493 0.0159944 0.0199072 0.0135267 0.0153189 0.0213389 0.0275464 0.0282515 0.0274466 0.0198943 0.0229508 0.0212659 0.0274659 0.0301393 0.0311606 0.0236017 0.0285293 0.0309361 0.0307365 0.0301631 0.026801 0.0176079 0.0140544 0.0147659 0.0146671 0.0110346 0.00890761 0.00627802 0.00257751 
1.39099e-05 0.00738564 0.0196603 0.0220817 0.0191339 0.0131477 0.0119541 0.00235603 0.00176799 0.0091003 0.0061987 0.0189605 0.0215736 0.0202346 0.0272727 0.0342663 0.0518377 0.0309988 0.0179979 0.0142977 0.017917 0.0209708 0.0259577 0.0268849 0.0188756 0.0249103 0.0242997 0.023943 0.0364211 0.0410226 0.0307541 0.0301329 0.0287316 0.0220835 0.0302814 0.0283462 0.0279612 0.0161099 0.0214358 0.0226681 0.0171855 0.021042 0.0297232 0.0274447 0.0208135 0.0293415 0.0331866 0.026673 0.0225445 0.0197928 0.0225769 0.0185683 0.0212943 0.0293247 0.0400695 0.0299759 0.0301245 0.0317771 0.0343199 0.039444 0.0339241 0.0376446 0.0205211 0.0133654 0.0112725 0.00957848 0.00562746 0.00496623 0.00188391 
2.67442e-05 0.00390318 0.0204374 0.0184004 0.00929411 0.00541099 0.00762232 0.0052376 0.0019834 0.00875368 0.00924351 0.0176306 0.02536 0.0223278 0.0241399 0.0330177 0.0353926 0.0201689 0.0184474 0.0178536 0.0179718 0.0293498 0.025199 0.0286605 0.0226502 0.0253726 0.0230478 0.0288257 0.038399 0.0382678 0.0296837 0.0319232 0.0256056 0.0285702 0.0354277 0.020089 0.0263662 0.0288514 0.0217774 0.0279966 0.0313485 0.0519224 0.0573418 0.0346942 0.029188 0.0306367 0.0390027 0.0260652 0.0228617 0.0229298 0.0227979 0.0199814 0.0228354 0.0301132 0.0420462 0.0253912 0.0274686 0.0281641 0.0300177 0.0307176 0.0313597 0.0424904 0.0305366 0.01535 0.0116845 0.00957408 0.00723022 0.00817052 0.00447874 
0.000333132 0.000956009 0.00453341 0.00427331 0.000577948 0.000927678 0.00200993 0.00252795 0.00262994 0.0102167 0.00805839 0.0141327 0.0210271 0.0268239 0.0262456 0.0290612 0.0303774 0.0230058 0.0198328 0.0200217 0.0221445 0.0282649 0.0257373 0.0253656 0.0201498 0.0202531 0.0214687 0.0287266 0.0258268 0.0229236 0.0302058 0.0364022 0.0361438 0.0271395 0.0262315 0.0288675 0.0366143 0.0458376 0.0306181 0.0284678 0.0350792 0.0566349 0.0421893 0.0298736 0.0311664 0.0304234 0.0380291 0.0269257 0.0299932 0.0212903 0.0229115 0.0194877 0.0221095 0.0260093 0.0314913 0.0230637 0.0269718 0.0236051 0.0227644 0.0225454 0.0296275 0.0381597 0.02552 0.0181236 0.0107167 0.00790334 0.00641357 0.010932 0.00617064 
0.000313406 0 9.5075e-05 0.000480562 0.00181434 0.00264146 0.00223328 0.00202643 0.00381388 0.0113678 0.00899775 0.0149732 0.02127 0.0272846 0.0240708 0.0266558 0.0188453 0.0230958 0.0211261 0.024453 0.0268602 0.0249424 0.0230069 0.0270622 0.0254009 0.0235811 0.0229429 0.0265595 0.0298315 0.0328305 0.0244858 0.0286276 0.0264155 0.0249887 0.0237338 0.0381862 0.0689435 0.0777709 0.046595 0.0245461 0.0347069 0.0432341 0.0410725 0.0308643 0.025903 0.0238111 0.0446306 0.0254701 0.0234105 0.0211672 0.0242685 0.0264988 0.0278757 0.031992 0.0270257 0.022542 0.0268856 0.0228672 0.0224603 0.0366624 0.0348329 0.0307211 0.0156706 0.00905869 0.0112797 0.0127943 0.0114079 0.0127892 0.00565584 
0.000202119 0.000127832 0.00637136 0.0112324 0.0113919 0.0111971 0.0120504 0.0152456 0.0152829 0.0140221 0.0156532 0.0165082 0.022787 0.029862 0.0301381 0.0290679 0.0212417 0.0215366 0.0253759 0.0270319 0.0272318 0.025841 0.0179824 0.0214956 0.0261838 0.0324846 0.0332129 0.0337941 0.0347326 0.0340504 0.0339771 0.0305542 0.0326594 0.0236125 0.0354625 0.0624279 0.0755464 0.0651133 0.0680825 0.0611606 0.0408301 0.0394994 0.0412518 0.0349235 0.0215411 0.0184797 0.0256085 0.0233607 0.0270178 0.028858 0.0273319 0.0264326 0.0288467 0.0318831 0.0239545 0.0245283 0.0270805 0.0200043 0.0276384 0.0418617 0.0394874 0.0250832 0.0137086 0.0135503 0.0171547 0.0163606 0.0112549 0.0125702 0.00321158 
0 0.00106633 0.0183591 0.025928 0.01965 0.0179349 0.0188094 0.0207609 0.0254734 0.0219191 0.0154854 0.0177427 0.0204894 0.0277126 0.0271625 0.0330994 0.0306328 0.0278838 0.0287575 0.0269484 0.0244595 0.0249549 0.0166293 0.016757 0.0216852 0.0264107 0.0266761 0.024938 0.0294188 0.0226363 0.0256745 0.0482036 0.0349838 0.0272339 0.0486186 0.0534268 0.0344251 0.0407679 0.0422876 0.0454955 0.0481133 0.0478111 0.0394963 0.0290434 0.0216547 0.0259352 0.0201508 0.0183544 0.0261905 0.0322087 0.03227 0.0242666 0.0252885 0.0260124 0.0266923 0.0197584 0.0201179 0.0254634 0.0206654 0.0229756 0.0284965 0.0230145 0.0136395 0.0204908 0.0178967 0.00982306 0.0104314 0.0146542 0.00307326 
0 0.00158836 0.0202934 0.0267604 0.0270758 0.0235286 0.0211652 0.0237911 0.0268808 0.024371 0.0173433 0.022048 0.020769 0.0247267 0.0256813 0.024921 0.0330544 0.034287 0.02258 0.0233902 0.0200286 0.0190429 0.0234752 0.0216083 0.0273801 0.025012 0.0224525 0.0171534 0.0193347 0.0125012 0.0191329 0.0321085 0.0243696 0.0307577 0.0323088 0.0330921 0.0361242 0.0407141 0.0528415 0.0502204 0.0341248 0.024626 0.0265192 0.0250664 0.0256412 0.0305034 0.0206631 0.0202932 0.0288504 0.0397519 0.0354195 0.0248761 0.0240916 0.0225109 0.0175436 0.0168258 0.0219042 0.0317666 0.0249087 0.0251038 0.0304212 0.0208595 0.013861 0.0201055 0.0225321 0.0119971 0.00951351 0.010038 0.00137968 
0 0.00172074 0.0134044 0.019625 0.0291187 0.0278392 0.024777 0.0220919 0.0240082 0.0198875 0.0224034 0.0314825 0.0321971 0.0303447 0.0248121 0.0242685 0.0243759 0.0215956 0.0191675 0.0174802 0.0186867 0.0298337 0.0320166 0.0274921 0.0250752 0.0254925 0.0209567 0.0172976 0.0171917 0.0180744 0.0252233 0.0298119 0.0268732 0.0325982 0.0299439 0.0416808 0.0380757 0.0328836 0.0360178 0.0386534 0.027485 0.0263967 0.0215694 0.0281607 0.0254553 0.0220501 0.023297 0.0295872 0.0272381 0.0305175 0.0301365 0.0297884 0.0224736 0.0226111 0.0211355 0.0222792 0.0211485 0.0237125 0.027845 0.0258966 0.0293497 0.0195842 0.0203432 0.0259578 0.026146 0.014777 0.00809918 0.00159881 0.000130935 
2.88293e-07 0.00441227 0.0137151 0.0174795 0.022272 0.0247676 0.0241017 0.0219098 0.0164337 0.0101715 0.0215529 0.0222223 0.0324589 0.0474905 0.0323683 0.0252839 0.0212766 0.0130884 0.0181921 0.0199014 0.0192 0.0371879 0.0651311 0.0346524 0.0253292 0.0200716 0.0202046 0.0151026 0.0222712 0.0191132 0.021141 0.02359 0.0219718 0.0257768 0.0213515 0.0209424 0.0157795 0.0140523 0.0145166 0.0201252 0.0263022 0.0199821 0.0230924 0.0242937 0.0266237 0.0237063 0.0254038 0.0282466 0.0284302 0.0331034 0.0312589 0.0295 0.0212965 0.0245699 0.0153984 0.0209735 0.0218068 0.0203549 0.0221263 0.0199411 0.0235033 0.0238679 0.0206125 0.0337792 0.023146 0.0132485 0.00710066 0.00601321 0.000551995 
5.25742e-06 0.00596573 0.0181665 0.018529 0.0215645 0.0196288 0.0201091 0.0226114 0.0129255 0.0140484 0.0172907 0.025199 0.0307213 0.0346948 0.0343283 0.0231447 0.0143032 0.0163341 0.0175852 0.0139482 0.0195145 0.038637 0.046906 0.0337413 0.0160183 0.0141779 0.0119579 0.0164503 0.020005 0.0313555 0.0270696 0.0254915 0.0139318 0.0173215 0.0160857 0.0164698 0.0128678 0.00972329 0.0128268 0.0153971 0.0232884 0.0196429 0.0216408 0.0205467 0.0232864 0.0207123 0.0177968 0.022068 0.024131 0.0240864 0.0334727 0.0240818 0.0177706 0.0239534 0.0251011 0.0243709 0.0235213 0.0240676 0.0170228 0.0135594 0.0220715 0.0270673 0.0241619 0.0333329 0.0274369 0.0136154 0.00866826 0.0108139 0.000945124 
0 0.00552878 0.013564 0.0186561 0.0244495 0.0376964 0.0277079 0.0195993 0.0141185 0.0136804 0.0219437 0.0218708 0.0248989 0.021535 0.0293471 0.0216302 0.0198876 0.0194445 0.0219495 0.0201609 0.0186207 0.0212272 0.0260648 0.0222022 0.0130935 0.0120154 0.0114781 0.0127874 0.0206592 0.030802 0.0266757 0.0214965 0.0175862 0.0187838 0.0177494 0.0228298 0.0179009 0.0137768 0.0180843 0.0231581 0.0193535 0.0172441 0.0173388 0.0201833 0.0195314 0.0187927 0.0158722 0.0180585 0.0171198 0.0217828 0.0215421 0.022899 0.0169431 0.0270084 0.0286242 0.024628 0.0234806 0.0274658 0.0165119 0.0180166 0.0213354 0.0303372 0.0265147 0.0331787 0.0268578 0.0113387 0.0078801 0.00466211 0.000622809 
0 0.00253571 0.0113111 0.0161548 0.0186648 0.0259709 0.0284232 0.0184765 0.0144142 0.015571 0.0154234 0.0149488 0.0136439 0.0195561 0.0235411 0.0269716 0.0245619 0.0155868 0.0166242 0.025909 0.019483 0.0165225 0.0162066 0.0163484 0.0160439 0.0152689 0.0170506 0.0179043 0.0240044 0.0221502 0.0267068 0.0222887 0.0282493 0.021496 0.0217778 0.0222625 0.0173926 0.0189372 0.0202667 0.0188411 0.0202109 0.0191686 0.0138409 0.0212593 0.0222185 0.0158306 0.0155404 0.0163037 0.015844 0.0184275 0.0165838 0.0209083 0.0230991 0.031275 0.0340867 0.034086 0.0289112 0.0194487 0.0224576 0.035156 0.0248157 0.0292351 0.0308612 0.039581 0.020578 0.00832172 0.00266078 0.000561814 3.69161e-05 
0 0.00102707 0.0101506 0.0158752 0.0177059 0.0232586 0.0246454 0.0184925 0.0154759 0.0175736 0.0164082 0.0134712 0.0121132 0.0176733 0.0202985 0.0211116 0.0240887 0.0175798 0.0185101 0.0189001 0.0150378 0.0167613 0.0165255 0.0142309 0.0275022 0.0213909 0.026744 0.0242895 0.0282957 0.0255955 0.0259193 0.039185 0.0381598 0.0176079 0.0185459 0.0219281 0.0228824 0.0244675 0.0214003 0.0157958 0.021215 0.0187498 0.0151382 0.0143877 0.0196999 0.0172772 0.0156275 0.0174758 0.0204609 0.0200405 0.0190619 0.0230381 0.027918 0.0333914 0.0303797 0.0318602 0.0355385 0.0304222 0.0272361 0.0298791 0.0244725 0.0212356 0.0249376 0.0274795 0.019629 0.0118429 0.00809226 0.00101561 2.38175e-05 
0 0.00052025 0.00874044 0.0216029 0.0210891 0.0238509 0.0188426 0.0163167 0.0146028 0.0126287 0.0155052 0.0154908 0.0157479 0.018934 0.0127946 0.0161607 0.0259689 0.0207068 0.0168313 0.0138836 0.0152448 0.0156262 0.0259357 0.0284767 0.0279125 0.0166949 0.0187423 0.0213683 0.0230182 0.0283787 0.0298325 0.0508172 0.0443831 0.0221785 0.0170328 0.0246132 0.0327937 0.0270233 0.0221888 0.0169227 0.0173649 0.0192388 0.0177796 0.0164582 0.0198976 0.0247568 0.0241091 0.0197641 0.0213865 0.0241138 0.0275299 0.0255527 0.0318248 0.0298467 0.0255777 0.0218676 0.0194989 0.0218697 0.0243813 0.0293494 0.0201252 0.0188162 0.0215917 0.0207946 0.0205517 0.0176702 0.016707 0.00413503 7.46196e-05 
0 0 0.00573957 0.0263165 0.0297995 0.0221008 0.0206628 0.0134808 0.0145988 0.011189 0.0139942 0.0132722 0.0115573 0.0110507 0.0176307 0.023649 0.0232462 0.0201369 0.0165811 0.00887852 0.0130107 0.0122929 0.021383 0.0275255 0.0244816 0.0198645 0.0159596 0.0190535 0.0167137 0.027267 0.0274912 0.0349944 0.0330356 0.0323575 0.0227776 0.0178859 0.028402 0.0264153 0.0191364 0.0183423 0.0190525 0.0212568 0.0291381 0.0232116 0.0235311 0.026463 0.0215931 0.0217558 0.0185222 0.02755 0.0278355 0.0170154 0.0287318 0.0276181 0.019215 0.0145788 0.0139259 0.0161928 0.0210229 0.0200583 0.0170643 0.0181467 0.0171707 0.0155556 0.0150869 0.0147017 0.0140943 0.00517257 0 
0 0 0.00142635 0.014135 0.0168774 0.0208272 0.020867 0.0122561 0.0100895 0.0137146 0.0126149 0.0162536 0.0165382 0.0148888 0.0214198 0.0255185 0.0227239 0.0246301 0.0167989 0.0128563 0.0153663 0.0150977 0.032965 0.0297349 0.0241483 0.0163734 0.0145596 0.0143421 0.0171738 0.022517 0.026054 0.0246218 0.0271221 0.0284341 0.0249321 0.0222831 0.0211671 0.0197601 0.0148141 0.0163444 0.0222924 0.0215329 0.0225509 0.0217329 0.0238226 0.0255905 0.0240863 0.0203112 0.0228868 0.0249706 0.0231323 0.0208573 0.0315773 0.0257972 0.014571 0.0107694 0.0202772 0.0232005 0.0273802 0.0213372 0.0174776 0.0136027 0.0142283 0.0151608 0.0136039 0.0175692 0.00587192 0.00061225 0 
0 0 2.22043e-06 0.00158594 0.00462004 0.00919284 0.0140519 0.0102088 0.0154372 0.0179752 0.0192046 0.0174371 0.0199652 0.0186046 0.0201973 0.0242455 0.0203225 0.0277541 0.0290938 0.0214764 0.0206916 0.0233473 0.0359156 0.0330481 0.0226842 0.0148337 0.0207559 0.0276316 0.0268893 0.0204408 0.0233674 0.019641 0.0262962 0.026395 0.0184757 0.0218835 0.0194311 0.0215802 0.0169606 0.0180106 0.0171613 0.0199507 0.0233676 0.0151319 0.0189706 0.0192442 0.0242445 0.0232901 0.0200095 0.0228394 0.025065 0.0263236 0.0270036 0.023041 0.0141096 0.0173649 0.0186121 0.0228214 0.0236612 0.0172105 0.0152134 0.0129466 0.0179008 0.0182934 0.0136267 0.0153119 0.00490499 1.79062e-05 0 
0 0 0 0 0 0.00181041 0.00524458 0.00598238 0.0169666 0.0180928 0.0209841 0.0204072 0.0269732 0.0250335 0.0186167 0.0223794 0.0223278 0.0250608 0.0269886 0.019729 0.0212477 0.0222038 0.0295744 0.0328043 0.030803 0.020352 0.0202752 0.0293294 0.0307616 0.0199191 0.0166182 0.0194778 0.0268327 0.0283455 0.0162939 0.0119549 0.0195674 0.0239522 0.020374 0.0163851 0.0172998 0.0157975 0.02132 0.0152748 0.0199183 0.018323 0.019564 0.0238303 0.0182317 0.0328561 0.034367 0.0229678 0.0177048 0.0183139 0.0139552 0.0196151 0.0155418 0.0173302 0.0160632 0.0177692 0.0182414 0.0164272 0.0167551 0.0164254 0.0156269 0.00918146 0.00093454 0 0 
0 0 0 0 0 0 0.000343221 0.00502755 0.0198696 0.0227256 0.0189335 0.0239735 0.0225082 0.02225 0.0203421 0.0230347 0.0245887 0.0226479 0.0177261 0.0141823 0.0195011 0.020103 0.0318242 0.0319052 0.032232 0.0262169 0.0217346 0.0294507 0.0318154 0.0278802 0.0234178 0.0240475 0.028168 0.024383 0.0207711 0.0140818 0.0168574 0.0272048 0.0225475 0.0130828 0.0234015 0.0176986 0.017191 0.0130554 0.0244163 0.0250647 0.0236845 0.0242996 0.0252913 0.033538 0.0200184 0.0119493 0.0142108 0.0162618 0.0125965 0.0177771 0.0214106 0.0182206 0.013208 0.0148453 0.0180913 0.0221796 0.0213056 0.013256 0.00690056 0.00510121 4.861e-05 0 0 
0 0 0 0 0 1.4431e-05 0.000755617 0.00634238 0.0309548 0.0361632 0.0238152 0.0185071 0.0195815 0.0161075 0.0165494 0.0198795 0.0254376 0.0242953 0.0122821 0.00975952 0.0157498 0.0290064 0.0250285 0.0353352 0.0353132 0.0330522 0.0199659 0.0254568 0.0360252 0.0305553 0.0285768 0.0188643 0.019717 0.0203075 0.0276377 0.029224 0.0251994 0.0217281 0.0227687 0.017261 0.0253128 0.0232615 0.0228082 0.0179142 0.0286601 0.0321107 0.0255831 0.0300524 0.0277187 0.0263417 0.016452 0.0108219 0.0169609 0.0131406 0.0149379 0.0212703 0.0153504 0.0141995 0.0114729 0.0208272 0.020729 0.0146274 0.0163182 0.0113899 0.00287095 0.000356076 0 0 0 
0 0 0 0 0 7.16486e-05 0.00151902 0.00986857 0.0301314 0.0327895 0.0296508 0.0186547 0.0259122 0.0186947 0.025717 0.0345976 0.0445858 0.0248005 0.0147826 0.0176645 0.0141038 0.0189428 0.0222276 0.0336746 0.0359838 0.0322383 0.0243579 0.0214298 0.0242494 0.0203542 0.0242919 0.0175263 0.0194644 0.0203853 0.024073 0.0334179 0.0237623 0.0162856 0.013172 0.0214 0.0254465 0.029056 0.0233094 0.0191049 0.0186526 0.0245695 0.0238286 0.0229551 0.0190767 0.0183509 0.0097014 0.00936497 0.0187017 0.0172504 0.0173833 0.0221754 0.00819863 0.0147591 0.0211412 0.0238244 0.0217916 0.0220185 0.0110511 0.00585306 0.00219785 0 0 0 0 
0 0 0 0 0 3.34879e-05 0.00511052 0.0118375 0.0228433 0.0251204 0.0189506 0.0260302 0.0253847 0.0188123 0.0240097 0.0361547 0.0275141 0.0224 0.0190257 0.0286421 0.0252957 0.0146591 0.0181477 0.0242139 0.0279549 0.0318391 0.0276756 0.0225706 0.0149946 0.0205251 0.0268271 0.0289763 0.0250883 0.0253089 0.0206863 0.0270508 0.0219192 0.0200021 0.0130095 0.0145008 0.0217462 0.0253057 0.0195438 0.0237531 0.0170911 0.0160748 0.0279343 0.0168573 0.0181565 0.0155872 0.0174991 0.0140899 0.0141057 0.00898904 0.0110376 0.016207 0.0133563 0.022579 0.0247555 0.0252866 0.0225067 0.016697 0.0103209 0.00512908 0.000692207 0 0 0 0 
0 0 0 0 0 1.42983e-05 0.00392378 0.0093086 0.0159239 0.0186669 0.0152972 0.0226062 0.024509 0.0128936 0.0133756 0.0202515 0.014104 0.01142 0.0165697 0.0210554 0.0201218 0.0156191 0.0138673 0.00841085 0.0124379 0.0271129 0.030237 0.0298139 0.0225214 0.0233909 0.0268758 0.0378224 0.0290639 0.0296224 0.0248197 0.029857 0.0208405 0.0222506 0.0137621 0.0134472 0.0198041 0.0293524 0.0266227 0.0263143 0.0204195 0.0139844 0.0187237 0.0187731 0.0169404 0.0218392 0.0266363 0.0182953 0.0114976 0.00897814 0.00904687 0.00902293 0.0205457 0.032722 0.0344407 0.0254894 0.0187187 0.0269862 0.020762 0.00301203 2.63023e-05 0 0 0 0 
0 0 0 0 0 0 0.0003389 0.00284623 0.00712949 0.0112366 0.0158912 0.0202334 0.022226 0.00790119 0.00716552 0.00985487 0.0269304 0.0242635 0.0149418 0.00909385 0.0130641 0.0172542 0.0128781 0.00980099 0.0117738 0.0295541 0.0345136 0.0255577 0.0232653 0.0267241 0.0234838 0.0357281 0.0374397 0.0228744 0.025824 0.0304446 0.0263598 0.021032 0.0208239 0.0171715 0.0195035 0.02561 0.0266983 0.0243206 0.0224494 0.0192937 0.0183575 0.0213254 0.021806 0.0247235 0.0284275 0.0209522 0.0193617 0.0166328 0.0145538 0.0161654 0.0231421 0.0479998 0.0356442 0.0196185 0.0143481 0.0130948 0.00560132 0.000283629 0 0 0 0 0 
0 0 0 0 0 0 0 0.000177922 0.00386614 0.00831019 0.012116 0.0154853 0.0191169 0.00872014 0.00445689 0.0250277 0.0593788 0.0444378 0.0170352 0.0128104 0.0183158 0.0214594 0.0203178 0.0122312 0.0152137 0.0241573 0.0302758 0.0252773 0.0182097 0.0308046 0.0210826 0.02758 0.0259604 0.0185201 0.0344235 0.0316613 0.0292962 0.0259433 0.0310495 0.0207548 0.0231083 0.023608 0.025003 0.0292881 0.0233593 0.022676 0.0215323 0.0255952 0.0253819 0.0206652 0.0216437 0.0216203 0.0220064 0.0164406 0.0131484 0.0178979 0.0201933 0.0284649 0.0275797 0.0288329 0.0152764 0.00333819 7.52676e-05 1.32304e-06 0 0 0 0 0 
0 0 0 0 0 0 0 3.44496e-05 0.000319176 0.00472055 0.0145655 0.01494 0.0120631 0.00319776 0.000458401 0.0130054 0.0429248 0.0352663 0.0176968 0.0154968 0.0138236 0.00861049 0.0157016 0.0210835 0.0289739 0.0353599 0.0301375 0.0211564 0.02049 0.0288777 0.0260943 0.0243023 0.0225087 0.0217758 0.0270622 0.0283367 0.0229816 0.0312579 0.0401514 0.0301849 0.0243169 0.0246523 0.0224535 0.0220483 0.0274135 0.029292 0.0277997 0.0315825 0.0357928 0.025337 0.0176566 0.0192536 0.0141566 0.0163422 0.0214163 0.0249033 0.0179332 0.020606 0.0251131 0.020001 0.00781032 0.000906138 0 0 0 0 0 0 0 
0 0 0 0 0 0 0 0 0 0.00246927 0.0130437 0.0244014 0.0164645 0.00503705 0.00270285 0.00588817 0.00950899 0.0120468 0.00972438 0.0115078 0.0157043 0.014641 0.0160357 0.0182063 0.0316578 0.0249596 0.0284687 0.0232503 0.0226538 0.0223765 0.0249846 0.0197759 0.0248038 0.0263848 0.0295004 0.0242568 0.0167099 0.0230149 0.0379797 0.0316743 0.0214926 0.0232151 0.0212885 0.0277078 0.0313801 0.0272392 0.0352129 0.0394442 0.0331778 0.0212842 0.0178783 0.0223964 0.0214532 0.0207411 0.0277525 0.028471 0.0180833 0.0232067 0.0216987 0.0100199 0.00182976 1.84877e-05 0 0 0 0 0 0 0 
0 0 0 0 0 0 0 0 0 5.07651e-05 0.0072713 0.0240237 0.0162517 0.013528 0.0187794 0.00534001 0.0106618 0.0103506 0.00762618 0.0142092 0.0279732 0.0282988 0.0162814 0.0137884 0.0199305 0.0238723 0.03281 0.0321047 0.0254203 0.0244005 0.0156924 0.0147614 0.0153662 0.031609 0.0295969 0.0327659 0.0263741 0.029157 0.0373837 0.0275371 0.0248058 0.019447 0.0171665 0.0305047 0.0357587 0.0245789 0.021865 0.0236888 0.0219436 0.0193241 0.0223781 0.0254454 0.0258096 0.0284697 0.0192613 0.020056 0.0180426 0.016074 0.014339 0.00433059 0.000299981 0 0 0 0 0 0 0 0 
0 0 0 0 0 0 0 0 0 0 0.00089031 0.00641683 0.00953782 0.0184782 0.024973 0.00581595 0.00645728 0.0091783 0.00547463 0.0115363 0.0310265 0.0336369 0.0143302 0.00961971 0.0244667 0.026495 0.0295451 0.0222342 0.0267406 0.0208544 0.00713866 0.00677423 0.0124602 0.0340049 0.0364588 0.0356399 0.0373967 0.0389522 0.0290605 0.028885 0.0270938 0.0236044 0.0226247 0.0277853 0.0198835 0.0166502 0.0210736 0.0198841 0.0237627 0.0238847 0.0246741 0.0245318 0.0276447 0.0350134 0.0282374 0.0256659 0.0167431 0.0153407 0.00655707 0.000657385 0 0 0 0 0 0 0 0 0 
0 0 0 0 0 0 0 0 0 0 0 1.28464e-05 0.00131351 0.00852025 0.0105966 0.00195214 0.00275793 0.00286728 0.00163358 0.00898721 0.0226821 0.0234059 0.010632 0.00970975 0.0218277 0.0243908 0.0252277 0.0168174 0.0134815 0.0100157 0.00663982 0.00593517 0.00830604 0.0200042 0.0165797 0.0146598 0.0247665 0.0282113 0.0248368 0.0381289 0.0340351 0.0376085 0.0393309 0.0346889 0.0231078 0.0226343 0.0224801 0.027478 0.027977 0.0246992 0.0154333 0.00825453 0.0113919 0.0295978 0.0352278 0.0230024 0.00880797 0.00374415 0.000180396 0 0 0 0 0 0 0 0 0 0 
0 0 0 0 0 0 0 0 0 0 0 0 9.59703e-08 0.000655828 0.00074021 1.4297e-05 2.87324e-06 2.01316e-05 0.00191405 0.00492155 0.0119071 0.0140158 0.0125873 0.00714741 0.0164931 0.0209738 0.0165916 0.01332 0.00990969 0.0179519 0.0141746 0.00735586 0.00258395 0.00437795 0.00843199 0.013637 0.00905225 0.00979588 0.0156543 0.0213066 0.0361432 0.0442035 0.0466557 0.0328875 0.0213085 0.0211868 0.0176168 0.0370303 0.0891683 0.0552496 0.0202574 0.00817376 0.00382627 0.00777074 0.010322 0.00752668 0.00232035 8.72452e-05 0 0 0 0 0 0 0 0 0 0 0 
0 0 0 0 0 0 0 0 0 0 0 0 0 0 0 0 5.81763e-06 0.00040612 0.00546494 0.010542 0.0116685 0.0152276 0.00647994 0.00520455 0.0158732 0.0234389 0.0251512 0.0240887 0.0184558 0.0243555 0.0176815 0.00989318 0.00467804 0.00300688 0.00608372 0.0099841 0.0294116 0.0225262 0.00250098 0.00533417 0.0164584 0.0194099 0.0310178 0.0212363 0.0172849 0.0233288 0.0183836 0.0255375 0.0492076 0.0373809 0.028346 0.0168875 0.00650399 0.00112227 0.00031471 0.000304528 1.27764e-05 0 0 0 0 0 0 0 0 0 0 0 0 
0 0 0 0 0 0 0 0 0 0 0 0 0 0 0 0 5.70945e-05 0.00126369 0.00896085 0.013657 0.0159189 0.0152151 0.0101626 0.00753263 0.0114616 0.020224 0.026749 0.0166113 0.00888495 0.0112668 0.016375 0.0117422 0.00639252 0.00335662 0.00207424 0.0156584 0.0608302 0.0337466 0.00304463 0.000215383 0.00595758 0.0150749 0.0253032 0.0113854 0.0153253 0.0172566 0.0182447 0.0181694 0.0239172 0.0250155 0.0265918 0.015075 0.00480076 5.99014e-05 0 0 0 0 0 0 0 0 0 0 0 0 0 0 0 
0 0 0 0 0 0 0 0 0 0 0 0 0 0 0 0 0 0.000194079 0.00256899 0.010724 0.0162691 0.0162917 0.0204445 0.020953 0.0146301 0.0148511 0.013512 0.00617223 0.0064487 0.0100953 0.0151074 0.0137647 0.00606199 0.0076827 0.00407838 0.00427921 0.0168832 0.0204873 0.00457901 0 0.00200652 0.00813884 0.00718925 0.0143198 0.0194921 0.01776 0.0224398 0.0132152 0.02196 0.0269801 0.0127067 0.00452424 0.000483744 0 0 0 0 0 0 0 0 0 0 0 0 0 0 0 0 
0 0 0 0 0 0 0 0 0 0 0 0 0 0 0 0 0 7.48109e-06 0.000215746 0.00270439 0.00463695 0.0134582 0.0345938 0.0238252 0.0156863 0.0180713 0.0190565 0.0240227 0.0320222 0.020967 0.00379077 0.00685827 0.00379538 0.00532215 0.00846934 0.00763707 0.00427127 0.00229157 0.00201676 0.00032995 0.000617148 0.00142725 0.00207603 0.00984814 0.0133524 0.0166961 0.0149748 0.00637457 0.00578914 0.0076933 0.00176283 0.000216741 0 0 0 0 0 0 0 0 0 0 0 0 0 0 0 0 0 
0 0 0 0 0 0 0 0 0 0 0 0 0 0 0 0 0 0 0 5.70865e-08 0.000173505 0.0026662 0.0070078 0.0116635 0.0171787 0.0199692 0.0230048 0.0242689 0.0399712 0.0365123 0.00566412 0.00101945 0.00103137 0.000523672 0.00573448 0.0120714 0.00729184 0.00380254 0.00419511 0.00101722 0.00076546 0.000467727 0.000232319 0.00141094 0.00307951 0.00709643 0.00503218 0.001129 0.000166909 5.13804e-05 4.35289e-06 0 0 0 0 0 0 0 0 0 0 0 0 0 0 0 0 0 0 
0 0 0 0 0 0 0 0 0 0 0 0 0 0 0 0 0 0 0 0 0 0 0.000105091 0.000923175 0.00218779 0.0067076 0.0145112 0.027613 0.0291545 0.0184567 0.00642873 0.000558227 0.000378563 0.0012791 0.003926 0.00691783 0.00663045 0.00388359 0.00113078 0.00107181 0.00013135 0 0 0 4.60982e-05 0.000292703 7.52088e-05 9.298e-06 0 0 0 0 0 0 0 0 0 0 0 0 0 0 0 0 0 0 0 0 0 
0 0 0 0 0 0 0 0 0 0 0 0 0 0 0 0 0 0 0 0 0 0 0 0 0 4.77534e-05 0.000623574 0.00281658 0.00288648 0.000770945 0.000224359 1.2069e-05 1.65554e-05 0.000129377 0.000521191 0.000627918 0.000587894 0.000237585 6.73695e-05 0.000103568 0 0 0 0 0 0 0 0 0 0 0 0 0 0 0 0 0 0 0 0 0 0 0 0 0 0 0 0 0 

