0 0 0 0 0 0 0 0 0 0 0 0 0 0 0 0 0 0 0 0 0 0 0 0 0 0 0 0 0 0 0 0.000252847 0.000282655 0.000139504 0.000363441 0.000499852 3.6446e-05 0 0 0 0 0 0 0 0 0 0 0 0 0 0 0 0 0 0 0 0 0 0 0 0 0 0 0 0 0 0 0 0 
0 0 0 0 0 0 0 0 0 0 0 0 0 0 0 0 0 0 0 0 0 0 0 0 0 0 0 0 0 0.000666069 0.00344562 0.00433143 0.00262619 0.00372666 0.00624007 0.00665345 0.00130511 0.000673109 0.00079249 0.000539569 0.000151609 0.00127834 0.000489757 0.000181127 2.95862e-05 5.73998e-06 0 0 0 0 0 0 0 0 0 0 0 0 0 0 0 0 0 0 0 0 0 0 0 
0 0 0 0 0 0 0 0 0 0 0 0 0 0 0 0 0 0 0 0 0 0 0 0.000397503 0.000765047 0.000718473 0 0 0.00016004 0.00269657 0.0119173 0.0127314 0.0064657 0.00671084 0.00885426 0.00937648 0.00978903 0.00820313 0.0044553 0.00453001 0.00851718 0.00678068 0.007667 0.00732877 0.0015926 0.000226953 0 0 0 0 0 0 0 0 0 0 0 0 0 0 0 0 0 0 0 0 0 0 0 
0 0 0 0 0 0 0 0 0 0 0 0 0 0 0 0 0 0 0 0 0 0.000741722 0.00263025 0.00536366 0.00902382 0.00546514 0.000982091 1.36976e-05 0.00257857 0.00749596 0.0151406 0.0138516 0.0107765 0.00812914 0.0101595 0.0153173 0.0115206 0.0146503 0.0128084 0.0147583 0.0137999 0.00846725 0.0122474 0.0188673 0.00963998 0.00415517 0.00156422 0.00292158 0.000228661 0 0 0 0 0 0 0 0 0 0 0 0 0 0 0 0 0 0 0 0 
0 0 0 0 0 0 0 0 0 0 0 0 0 0 0 0 0 0 8.55414e-06 7.07787e-05 0.00070458 0.00402883 0.00930674 0.0134917 0.0138949 0.0108068 0.00380186 7.18937e-05 0.00341181 0.00997659 0.00723417 0.0107504 0.00925061 0.00841118 0.0125463 0.0162744 0.0132491 0.0107675 0.0164145 0.0145672 0.0089154 0.0123315 0.0140512 0.0173166 0.0169338 0.0148674 0.00855617 0.00741565 0.00163521 0 0 0 0 0 0 0 0 0 0 0 0 0 0 0 0 0 0 0 0 
0 0 0 0 0 0 0 0 0 0 0 0 0 0 0 0 0.000118951 0.00209967 0.00525804 0.00508003 0.00451074 0.00893953 0.0106739 0.0125122 0.0139498 0.0124569 0.0085094 0.00192495 0.00393471 0.00790739 0.00762407 0.00882186 0.00820963 0.00528469 0.0109446 0.0131155 0.0145857 0.0146284 0.0181726 0.0143112 0.0148753 0.0185491 0.0190272 0.0176443 0.0209683 0.0193257 0.0154205 0.0125581 0.00555511 0.00177842 6.79931e-05 0 0 0 0 0 0 0 0 0 0 0 0 0 0 0 0 0 0 
0 0 0 0 0 0 0 0 0 0 0 0 0 0 1.11406e-05 0.000460492 0.00393148 0.00465849 0.00598697 0.0114272 0.00732319 0.0121905 0.0135576 0.0130639 0.0118463 0.0130402 0.014675 0.00736892 0.00500016 0.00563978 0.0067963 0.010284 0.0106322 0.00693961 0.00988084 0.010984 0.0107109 0.0158914 0.0135387 0.0147075 0.0154612 0.0224087 0.0248015 0.0242503 0.0319825 0.0270281 0.0203612 0.0190531 0.0108724 0.00451352 0.00148505 0.000497323 0.000404366 1.62644e-05 0.000113866 0 0 0 0 0 0 0 0 0 0 0 0 0 0 
0 0 0 0 0 0 0 0 0 0 0 0 0 0 0.000506781 0.00320065 0.00416224 0.00447714 0.00889986 0.0112541 0.0129009 0.0154722 0.0103947 0.0104985 0.0137873 0.0144891 0.0129213 0.0122259 0.00951822 0.00836447 0.00706325 0.0120906 0.0137488 0.0181983 0.0156941 0.0126291 0.0127069 0.0162674 0.0136555 0.0198368 0.0156901 0.0176132 0.022925 0.0307433 0.035052 0.0321695 0.0174059 0.0169883 0.0178072 0.0126268 0.00714467 0.00410652 0.00416739 0.0017874 0.00349378 0.00078714 0 0 0 0 0 0 0 0 0 0 0 0 0 
0 0 0 0 0 0 0 0 0 0 0 0 7.06232e-05 0.000723663 0.000789338 0.00235155 0.00145215 0.00178264 0.0107051 0.015873 0.0166475 0.0239222 0.0196767 0.0173485 0.0195785 0.0140529 0.0107634 0.010485 0.0112484 0.00957704 0.0105017 0.0110378 0.0160773 0.0140708 0.0106153 0.00741702 0.0139418 0.0184911 0.0174408 0.0156325 0.017727 0.0166667 0.0217973 0.0285651 0.0245027 0.0189029 0.011607 0.0198477 0.0179873 0.021935 0.013729 0.0101433 0.0122737 0.0131564 0.0139635 0.00556707 0.00132422 0 0 0 0 0 0 0 0 0 0 0 0 
0 0 0 0 0 0 0 0 0 0 0 0.000114742 0.00508093 0.00836943 0.0011007 0.00025295 0.00164362 0.00555862 0.0114301 0.0152901 0.0218541 0.030119 0.0187612 0.0161044 0.016284 0.0132024 0.00906191 0.0115811 0.0134323 0.0136708 0.00991995 0.0159608 0.0192303 0.0225068 0.0126513 0.0104226 0.0173567 0.015154 0.0157629 0.0187011 0.0185525 0.0106482 0.0179505 0.0203524 0.0168434 0.0166603 0.0135695 0.0214644 0.0243355 0.0225869 0.0180376 0.0180465 0.0134965 0.0159941 0.0227719 0.0150291 0.00601743 0.00163534 5.26427e-05 0 0 0 0 0 0 0 0 0 0 
0 0 0 0 0 0 0 0 0 0 0 0.000201198 0.00989229 0.0174277 0.0018287 0.000781026 0.00510057 0.00992327 0.0103368 0.0108379 0.013173 0.0145141 0.0150106 0.00981881 0.0116216 0.0116773 0.0119155 0.0166757 0.0171079 0.0203724 0.0114582 0.0150656 0.0244961 0.0288345 0.0302881 0.0240012 0.0198704 0.0199368 0.0177584 0.0125594 0.0115057 0.0120733 0.0120377 0.0161799 0.0238417 0.0239169 0.0155354 0.0175052 0.0199573 0.0213097 0.018675 0.024316 0.0199402 0.0216182 0.0273425 0.0232808 0.0145343 0.00693205 0.00140432 6.80247e-05 0 0 0 0 0 0 0 0 0 
0 0 0 0 0 0 0 0 0 0 0 1.32366e-05 0.00316228 0.00601808 0.00142945 0.00310404 0.00992876 0.0127589 0.0132936 0.0090745 0.0101435 0.0139833 0.0108697 0.0108429 0.0102747 0.0158408 0.0131297 0.012045 0.0131424 0.0147723 0.0126109 0.013724 0.0194286 0.0205793 0.0269622 0.0266119 0.0300965 0.024847 0.0170912 0.0160138 0.0161059 0.0174842 0.0203531 0.02028 0.0237517 0.0239425 0.0236709 0.0211587 0.0200183 0.0167476 0.0199262 0.0275553 0.0198302 0.0230852 0.0248414 0.0271241 0.025213 0.0115649 0.00796262 0.00242903 0.000180294 0 0 0 0 0 0 0 0 
0 0 0 0 0 0 0 0 0 0.000814025 0.00194525 0.00347999 0.00297679 0.00495856 0.0081459 0.00915578 0.0121778 0.011604 0.0101889 0.0127337 0.0138991 0.0136225 0.0126046 0.00870954 0.00649983 0.0180917 0.0199149 0.0118019 0.00984505 0.0147836 0.015359 0.0177124 0.0182418 0.0213364 0.0214496 0.019772 0.0163279 0.0182551 0.0192388 0.0263304 0.0316668 0.0295644 0.0214487 0.0204716 0.0217147 0.023013 0.0223222 0.0236354 0.0226131 0.0184981 0.0162412 0.0200975 0.0184695 0.0162477 0.0195684 0.0243455 0.0219685 0.0118971 0.0170009 0.0137344 0.00249269 5.29582e-05 0 0 0 0 0 0 0 
0 0 0 0 0 0 0 0 4.72579e-05 0.00159091 0.00500643 0.00660847 0.0069961 0.00927726 0.0112734 0.0113686 0.0137669 0.014619 0.0148678 0.0119246 0.0119998 0.0122866 0.0178921 0.0157035 0.0133009 0.0170545 0.014629 0.0127484 0.0128806 0.0152016 0.0142789 0.0143398 0.0163909 0.0180894 0.017489 0.0161817 0.0121088 0.0149855 0.0197467 0.0278024 0.0300278 0.0264137 0.022766 0.022508 0.0161693 0.0177988 0.0173167 0.0219657 0.0191612 0.0162506 0.0149194 0.0222867 0.0197582 0.0138425 0.017099 0.0273513 0.0263399 0.011578 0.0196997 0.0190931 0.00760535 0.00181629 0 0 0 0 0 0 0 
0 0 0 0 0 0 0 0 0.000117298 0.00184038 0.0037775 0.00133157 0.00145224 0.0072476 0.0102634 0.0141285 0.0107903 0.011063 0.0185404 0.016617 0.0128031 0.0120988 0.0200244 0.021521 0.0135318 0.0142401 0.0205757 0.00787197 0.012488 0.0116386 0.017661 0.0170341 0.0177062 0.01645 0.0148956 0.0186624 0.0115122 0.0202333 0.02279 0.0201339 0.020779 0.0249717 0.0210389 0.0217266 0.0199729 0.0126807 0.0169853 0.0168717 0.0151136 0.0147834 0.0173726 0.0209564 0.017643 0.0175838 0.0235813 0.0277924 0.0204778 0.0164566 0.0154759 0.0133195 0.00997721 0.00602467 0.000577978 0 0 0 0 0 0 
0 0 0 0 0 0 0 0 0 0.0015406 0.00281753 0.000594392 0.00146194 0.00709919 0.0125127 0.0162002 0.0103716 0.0105048 0.0152527 0.0136848 0.0148294 0.0207741 0.0201498 0.0147706 0.0113029 0.0220296 0.0211876 0.0122498 0.0137287 0.0154203 0.0187545 0.0231176 0.0190267 0.020589 0.0231421 0.0237557 0.0163877 0.0232265 0.0222623 0.0229458 0.0175855 0.0170046 0.0214889 0.0225094 0.0287513 0.022775 0.0181271 0.013234 0.0129031 0.0165242 0.0216095 0.0214045 0.0171374 0.0112454 0.0169175 0.0219046 0.0192804 0.0178563 0.0165113 0.0125222 0.0128145 0.0129856 0.00377504 9.96232e-05 0 0 0 0 0 
0 0 0 0 0 0 0 0 2.00209e-05 0.000868966 0.00425268 0.00506708 0.00422937 0.0096226 0.0160151 0.016036 0.0141555 0.0127301 0.0174452 0.0209783 0.0145488 0.0224078 0.0218361 0.0126382 0.0119835 0.0176449 0.01824 0.0157971 0.0158468 0.0266349 0.0251677 0.0242744 0.0207863 0.0199357 0.0225498 0.0158899 0.0204613 0.0172102 0.0186677 0.018605 0.0218877 0.0154269 0.023621 0.0277548 0.0295914 0.0400407 0.027207 0.0100045 0.0145607 0.0128262 0.0166563 0.0174497 0.0188493 0.0137431 0.0176451 0.0283072 0.0245772 0.0178051 0.0170996 0.0143959 0.0151991 0.0203485 0.00561695 0.000463146 0 0 0 0 0 
0 0 0 0 0 0 0 0 0.00205478 0.00488372 0.00561866 0.00820643 0.00760592 0.0129308 0.0201781 0.0149378 0.0155789 0.0175822 0.0228395 0.0193066 0.0197361 0.0216957 0.0207757 0.0154934 0.014061 0.0181715 0.020938 0.0211124 0.0187082 0.032404 0.0370123 0.026647 0.0201955 0.0234154 0.0196285 0.0204084 0.0190376 0.0178639 0.0170041 0.024103 0.0249023 0.0174203 0.0177777 0.0251132 0.0245248 0.0321391 0.0260272 0.016065 0.016592 0.0159763 0.0189188 0.0216459 0.0232975 0.0121911 0.007305 0.0177682 0.0270106 0.0159613 0.0233335 0.0186306 0.0169352 0.0154915 0.0123702 0.00142729 0 0 0 0 0 
0 0 0 0 0 0 0 0 0.00097042 0.00142595 0.00107831 0.00200732 0.00582829 0.00591376 0.00825355 0.0154069 0.021855 0.0207911 0.0229645 0.019691 0.0181182 0.0235039 0.0240416 0.0160305 0.0119882 0.0216054 0.0210008 0.0179951 0.0217568 0.0264945 0.025244 0.023202 0.0264519 0.0270979 0.0191808 0.0164126 0.0125004 0.0219987 0.0190424 0.0192836 0.0242851 0.0230882 0.0283188 0.0227871 0.0217017 0.0269172 0.0240974 0.0200531 0.0145315 0.0212808 0.0215547 0.0203253 0.0217088 0.0129334 0.0113986 0.0209556 0.019573 0.0158698 0.0202708 0.017972 0.0246137 0.0212369 0.0157181 0.00348818 0.000191239 0 0 0 0 
0 0 0 0 0.000522443 0.00178303 0.00145242 0.000750212 0.00053601 0.000845488 0.00196028 0.00261428 0.00406184 0.00653622 0.0121425 0.0210259 0.0225341 0.0183026 0.0169629 0.0190499 0.0199178 0.0220758 0.024927 0.0159436 0.00942821 0.0203335 0.020289 0.018854 0.0266727 0.0242086 0.0204347 0.0248252 0.0327493 0.0266124 0.0242236 0.0188886 0.0131947 0.0213045 0.0213226 0.0243741 0.0289028 0.0264564 0.0257114 0.027587 0.0305227 0.0296032 0.0254677 0.0146068 0.0182857 0.0218815 0.0295554 0.0173851 0.0184416 0.0211941 0.0177159 0.0242254 0.016506 0.0145928 0.0201555 0.0382056 0.049061 0.0237256 0.0124176 0.00677137 0.00103662 0 0 0 0 
0 0 0 0.000541837 0.00403355 0.00879731 0.00697591 0.0032325 0.00534666 0.00779619 0.0116725 0.0113391 0.0134993 0.0158028 0.0244218 0.0235185 0.0136 0.0103051 0.0172802 0.0227948 0.0213431 0.0224668 0.0215313 0.0175044 0.0126884 0.0194677 0.021669 0.0187291 0.0209096 0.0199677 0.025029 0.0276355 0.0314861 0.0310638 0.0189739 0.0185775 0.02428 0.0237225 0.0229268 0.0228783 0.0284515 0.0230036 0.0227913 0.0203491 0.0267495 0.0309163 0.0289562 0.0215666 0.0213801 0.0194782 0.0184046 0.0179065 0.0259059 0.0253038 0.0251924 0.0283926 0.0129681 0.00916085 0.0170929 0.0404301 0.0540907 0.0257431 0.0141308 0.00651767 0.000905299 0 0 0 0 
0 0 0 0.00215901 0.00936944 0.0127533 0.0135848 0.00965735 0.0162001 0.0176921 0.016263 0.0195755 0.017481 0.0139024 0.0198601 0.0157634 0.0174126 0.0200708 0.0212782 0.0159835 0.0168357 0.020342 0.0165499 0.0161298 0.0155673 0.017378 0.0179328 0.0211431 0.0215326 0.0239956 0.0252723 0.0262379 0.0216883 0.0259501 0.0212827 0.024163 0.0256145 0.0356032 0.0250619 0.0283057 0.0304921 0.0305623 0.020807 0.0206963 0.0275544 0.0230444 0.0264256 0.0285441 0.0228197 0.0228524 0.0168256 0.0214814 0.0254436 0.0267678 0.0285144 0.0272271 0.0119856 0.0176152 0.0233352 0.0268066 0.0282179 0.0234872 0.0187667 0.00930047 0.0052135 0.0017776 0.000278223 0 0 
0 0 8.37312e-05 0.00782224 0.0151446 0.0167194 0.0185076 0.0203889 0.0210828 0.0165264 0.0157647 0.0203041 0.0212373 0.0165602 0.0162078 0.0153797 0.0232014 0.0284941 0.0250507 0.0199969 0.0172793 0.0176449 0.0255342 0.0145798 0.0159192 0.0220156 0.0244339 0.0360845 0.0363741 0.0267588 0.0201568 0.0208203 0.0218639 0.0266785 0.032702 0.0303554 0.0259284 0.0257166 0.0241399 0.0202464 0.0260763 0.0262448 0.0209548 0.0204872 0.0214962 0.0218572 0.0312986 0.0253656 0.0277334 0.0202212 0.017343 0.0204689 0.0297521 0.0265775 0.0303667 0.0313148 0.0200869 0.018452 0.0199065 0.0211125 0.0150721 0.0170573 0.0179869 0.0142503 0.012763 0.0131846 0.00517771 0.00013546 0 
0 0 0.0013614 0.0167842 0.0209077 0.0181586 0.0191458 0.0189765 0.0158034 0.0166244 0.0192739 0.0269935 0.0251654 0.0174537 0.0118356 0.0146626 0.0249889 0.02984 0.0321412 0.0219157 0.0156394 0.0220069 0.0215596 0.0137134 0.0233154 0.0316146 0.0384355 0.0482673 0.0465974 0.0310372 0.0214427 0.020669 0.0201167 0.0240448 0.0368103 0.0364964 0.0287598 0.0197881 0.0179664 0.0178344 0.022742 0.02653 0.0219243 0.0173056 0.0172627 0.0242824 0.0276809 0.0254942 0.0248244 0.0203379 0.0148819 0.0189527 0.0211155 0.0259234 0.0225643 0.0309174 0.0258916 0.0230501 0.0199103 0.0178674 0.0192629 0.0169762 0.0184389 0.0163489 0.0223471 0.0206079 0.0119433 0.00106457 0 
0 2.11037e-06 0.00355642 0.0253112 0.0330385 0.035508 0.0234769 0.0222114 0.0150877 0.0172591 0.0262869 0.0288798 0.0270455 0.0206463 0.0211624 0.0156776 0.0190703 0.0222944 0.0264188 0.0273807 0.020603 0.0229854 0.0164803 0.0231735 0.0311295 0.0328158 0.0450159 0.0527243 0.0436315 0.0299345 0.022353 0.0212415 0.0208765 0.0237867 0.0223638 0.0289034 0.0308354 0.0280282 0.0231279 0.0233416 0.0209074 0.0245236 0.0239924 0.0185525 0.0212016 0.0227112 0.0238746 0.0266504 0.0288876 0.0262634 0.0191573 0.0209553 0.0200914 0.023843 0.0175256 0.0220395 0.0219512 0.0157022 0.0232709 0.0205694 0.0182153 0.0192744 0.0304623 0.0349791 0.0217213 0.0217788 0.0132229 0.002023 0 
0 0.000122593 0.00773642 0.0202792 0.0429502 0.0365111 0.0201001 0.0191462 0.0179312 0.0210902 0.0274483 0.0273538 0.0219227 0.0225153 0.0246023 0.0215672 0.016627 0.0215295 0.0303624 0.0335448 0.0285917 0.0248883 0.0212576 0.025801 0.0250756 0.0246877 0.0301518 0.0342924 0.0295573 0.0290954 0.0206415 0.0222395 0.0266594 0.0291595 0.026945 0.0289418 0.0297165 0.0349957 0.0319551 0.0384548 0.0211149 0.0187752 0.0259303 0.0189379 0.0203653 0.021267 0.0241353 0.0258149 0.0289493 0.0296901 0.0292114 0.0239206 0.0174271 0.0197926 0.0148395 0.018893 0.0261481 0.0202217 0.0210825 0.0113656 0.0152316 0.0240491 0.0456632 0.0335526 0.0203449 0.019019 0.0125518 0.00322985 3.58724e-05 
0 0.00111837 0.00782024 0.0173423 0.0279921 0.0230668 0.0187034 0.0143076 0.0190841 0.0216214 0.0246538 0.0290907 0.016446 0.0167659 0.0272155 0.0302449 0.0223619 0.0193057 0.0302617 0.0322909 0.023485 0.0229461 0.0226872 0.0238803 0.0218993 0.0238855 0.0238271 0.0197946 0.0259369 0.0237055 0.0214998 0.0225121 0.0278549 0.0417872 0.0351468 0.0305236 0.0302258 0.0359979 0.0406093 0.0477164 0.0399315 0.0244775 0.0306806 0.019009 0.0199569 0.0228397 0.0269916 0.0253405 0.027858 0.0289226 0.0287205 0.0254544 0.0280121 0.0206435 0.0180598 0.0266266 0.0267168 0.0186162 0.012154 0.0113847 0.0165782 0.0225701 0.0279064 0.0228361 0.0218005 0.0199115 0.0143765 0.0146347 0.00113021 
0 0.000965255 0.00630647 0.0138967 0.0186539 0.0215584 0.015145 0.0121959 0.0141324 0.0196825 0.0228395 0.0248658 0.017502 0.0232215 0.0246773 0.0288248 0.031464 0.0192699 0.016269 0.0215744 0.031531 0.0337059 0.027734 0.0310867 0.0332291 0.0200609 0.0265842 0.0209798 0.0246236 0.0220187 0.0199282 0.0195142 0.0258925 0.0314056 0.0331073 0.0429899 0.0350344 0.030884 0.0403648 0.0322152 0.0405703 0.0330314 0.0201058 0.024116 0.0215438 0.0200399 0.030821 0.0295909 0.0271397 0.03146 0.0207623 0.0250582 0.0273506 0.0209303 0.022816 0.0261703 0.0212373 0.0175572 0.014196 0.0182515 0.0214656 0.020287 0.0168605 0.0216214 0.0227267 0.0193879 0.0216822 0.0257631 0.0042543 
0 0.000112823 0.00329482 0.00930562 0.0146138 0.0197435 0.0134071 0.0136439 0.0180475 0.0316999 0.0234564 0.0229507 0.0218076 0.0232422 0.0226676 0.0270483 0.0279729 0.0268073 0.0200798 0.0227621 0.0273973 0.0258021 0.0185587 0.0154428 0.0247715 0.0318911 0.0229367 0.0244915 0.027464 0.0277182 0.0210868 0.0224803 0.0256915 0.0258221 0.0275484 0.0354642 0.0289516 0.0236939 0.0243399 0.0218236 0.0299485 0.0340901 0.0212464 0.0310885 0.0300309 0.0293019 0.0360114 0.0286014 0.0294522 0.0250631 0.0197353 0.0281772 0.0211827 0.0172349 0.0174505 0.017924 0.0196339 0.0213839 0.025548 0.0309898 0.026742 0.0189044 0.0166769 0.0162869 0.0217451 0.0231143 0.0278551 0.0255444 0.00513349 
0 0.000310293 0.00477837 0.0125489 0.0195925 0.018586 0.0138493 0.0138194 0.0166864 0.0233034 0.0275994 0.0231934 0.0232244 0.0170145 0.0195265 0.0209741 0.0250354 0.0238077 0.0179567 0.0228214 0.0198983 0.015661 0.0142063 0.0148807 0.0177935 0.0194869 0.0170084 0.0213859 0.0213376 0.0255596 0.0284019 0.0320153 0.0266673 0.0244705 0.0290599 0.0278688 0.0336443 0.025465 0.0207474 0.0261838 0.0311853 0.036241 0.0171053 0.0221013 0.0313726 0.0294862 0.0285316 0.0230381 0.032677 0.0324837 0.0266148 0.0251632 0.0213484 0.0184365 0.0228694 0.0194981 0.019321 0.0241495 0.0224262 0.0267103 0.0209759 0.0190229 0.016085 0.0192908 0.0248462 0.0249498 0.0213356 0.00947899 0.00145775 
0 0.000948586 0.00745111 0.0136755 0.0190439 0.0170857 0.0203894 0.0197594 0.0210955 0.0193916 0.0306435 0.0229872 0.0186486 0.0146775 0.0152242 0.0173876 0.0212616 0.025168 0.0235849 0.0394545 0.0357685 0.0246766 0.0292075 0.0248642 0.0305551 0.0234751 0.0173581 0.0282011 0.0209746 0.0259752 0.0197151 0.0249885 0.0220187 0.0243712 0.0225537 0.0317217 0.0361689 0.0261093 0.0207657 0.0273769 0.0329648 0.0403405 0.0324201 0.0274648 0.0271099 0.0257336 0.0313076 0.0462237 0.0322949 0.0255631 0.0286166 0.0252828 0.0219816 0.0227683 0.0268819 0.0224259 0.0188682 0.0170357 0.0216139 0.0199872 0.0232858 0.0205236 0.0134535 0.0179989 0.0209612 0.0218003 0.0183721 0.00726395 0.000557232 
0 0.00205707 0.00892793 0.00908187 0.0127342 0.0189621 0.0197021 0.0267776 0.0219109 0.0140956 0.0203753 0.018544 0.0208715 0.0146192 0.0153235 0.0202251 0.0259679 0.0239125 0.0236345 0.0227162 0.0273697 0.0285674 0.0244279 0.0270943 0.0277556 0.0261998 0.0273226 0.023148 0.0168314 0.0179564 0.0132108 0.0229691 0.0254135 0.0243493 0.0419623 0.0524283 0.0539875 0.0397886 0.0324192 0.0301853 0.0447977 0.0438944 0.0398206 0.0278013 0.0387312 0.0355877 0.0279907 0.0271279 0.0266748 0.0270707 0.0359348 0.0342494 0.0299211 0.0302789 0.0253485 0.0258822 0.0193351 0.0199855 0.0179801 0.0241557 0.0225665 0.019751 0.00991473 0.00914515 0.0136511 0.0100674 0.00545584 0.00307299 2.6522e-05 
7.74802e-05 0.00369049 0.00944278 0.010419 0.0131374 0.0200169 0.0187373 0.0198982 0.0219385 0.0151983 0.012964 0.013518 0.0189124 0.0176589 0.0206019 0.0234549 0.0238185 0.0247581 0.0183877 0.01531 0.0188759 0.0236613 0.0225582 0.0207924 0.0248278 0.032388 0.0286544 0.0237289 0.0199957 0.0243408 0.0189106 0.0211333 0.0253951 0.0438982 0.0894821 0.0686565 0.0532036 0.0470444 0.0365025 0.03398 0.0382082 0.0418773 0.0400347 0.0391662 0.0518303 0.0346534 0.0352644 0.0284208 0.0246358 0.0204288 0.0258595 0.029396 0.0294156 0.0245902 0.0214854 0.025434 0.0238503 0.0155668 0.0148536 0.0213843 0.019873 0.0132143 0.00509486 0.00666243 0.0111844 0.0117127 0.0127962 0.00384146 2.11411e-05 
0.000784581 0.00631051 0.0115796 0.0167464 0.0172154 0.0189026 0.0203787 0.0187619 0.0223692 0.0195705 0.0135669 0.0156721 0.0181728 0.0149482 0.0256616 0.0224754 0.0225064 0.0220888 0.0193362 0.0198241 0.0230145 0.0218752 0.0246126 0.0250356 0.02576 0.0256641 0.0242274 0.02227 0.0258202 0.0405917 0.0408351 0.0259713 0.0248486 0.0644414 0.126691 0.0552368 0.0537013 0.0461311 0.0316085 0.0253476 0.0299959 0.0362276 0.0309172 0.0348622 0.032502 0.0250992 0.0256034 0.0226848 0.0310709 0.0314028 0.0287587 0.0311363 0.0228398 0.0197046 0.0147418 0.0198284 0.0178929 0.0229786 0.0211665 0.0200012 0.0162033 0.00963566 0.0105416 0.0162708 0.0224063 0.0203292 0.019281 0.0108346 0.000386551 
0.000224086 0.00544632 0.0133289 0.0185485 0.0159562 0.0148635 0.0167109 0.0135355 0.0202577 0.0254167 0.0177122 0.0157897 0.0142611 0.0137311 0.019697 0.0161003 0.0164287 0.018978 0.0210451 0.0266358 0.0250069 0.0202235 0.0160182 0.0210131 0.0209042 0.0245845 0.0249914 0.0207583 0.0235246 0.0292254 0.0410995 0.039791 0.030182 0.0539569 0.104628 0.0352091 0.0252734 0.0177754 0.0226072 0.0214008 0.0277988 0.0302868 0.0362324 0.025416 0.0288545 0.032341 0.0279643 0.0240876 0.0264202 0.0375785 0.0336824 0.0478684 0.0268817 0.014326 0.015955 0.0200116 0.0162967 0.019507 0.0188538 0.0183091 0.0150341 0.0118501 0.0145287 0.0115852 0.0151236 0.0302804 0.0177885 0.00953056 0.000685729 
5.31592e-05 0.00581037 0.0173312 0.0192904 0.0190037 0.01422 0.0142243 0.0129863 0.0188133 0.024107 0.0174081 0.0129694 0.0166179 0.0186893 0.020692 0.018013 0.0197468 0.0203188 0.0326006 0.0217542 0.0245973 0.0223158 0.0185723 0.0224419 0.0213623 0.018707 0.018394 0.0171011 0.0175606 0.0202486 0.0259016 0.0295894 0.0277696 0.0243087 0.0516001 0.0501798 0.0464599 0.0220413 0.0180893 0.0208929 0.0250052 0.0217086 0.0405207 0.0197364 0.0215194 0.0311751 0.0392599 0.0707221 0.0367089 0.0429234 0.0382223 0.0753318 0.0484865 0.0304846 0.0359697 0.0307359 0.0155836 0.0157862 0.0176678 0.0203716 0.020841 0.0159326 0.00967309 0.00519356 0.016391 0.0245623 0.0231501 0.00989082 0.000386817 
6.82318e-06 0.00137497 0.0133752 0.0216697 0.0266787 0.0202257 0.0170753 0.0115009 0.0199728 0.0245242 0.0161666 0.0069906 0.011494 0.0168307 0.0158576 0.015718 0.014963 0.0185211 0.0240638 0.0218282 0.0199519 0.0154997 0.0198468 0.0190208 0.0207327 0.0174366 0.0229503 0.0148086 0.0177433 0.0177488 0.0247303 0.0229173 0.021992 0.0208762 0.0258796 0.0443266 0.0950303 0.0320369 0.0154646 0.0186134 0.021371 0.0225126 0.0426636 0.0244411 0.0262286 0.0288508 0.0231907 0.047749 0.0427372 0.0313295 0.0309341 0.035704 0.0418207 0.0388493 0.0574966 0.0523279 0.0214295 0.0142016 0.0209212 0.0273628 0.0215072 0.0138637 0.011004 0.0144722 0.0285934 0.0319337 0.0321465 0.0164454 0.00204418 
0 0.000966095 0.00966311 0.0160644 0.0205868 0.0244148 0.0222245 0.0121124 0.0129435 0.0198663 0.0168634 0.00854107 0.00544569 0.0130581 0.0150092 0.0136749 0.0184896 0.0237354 0.0259822 0.0257888 0.0182674 0.0142723 0.0180933 0.0177985 0.0231664 0.0225691 0.0210257 0.0186534 0.0192574 0.020764 0.0241388 0.0241931 0.0326847 0.0211528 0.0229177 0.0253656 0.0474974 0.0295427 0.0207127 0.0140725 0.0154184 0.0202611 0.0473862 0.0282198 0.0317364 0.0362068 0.0171246 0.0219729 0.0219963 0.0243217 0.0264772 0.027835 0.034101 0.0349422 0.0532774 0.0495987 0.025736 0.0192434 0.0175176 0.0329257 0.024772 0.0153947 0.0125897 0.0318956 0.0317093 0.0322199 0.0276181 0.0106039 0.000713756 
0 0.000495851 0.00848283 0.019203 0.0248414 0.0225575 0.0171143 0.0154495 0.0172526 0.0151217 0.016048 0.0133996 0.00608276 0.00474514 0.0144743 0.01655 0.0185209 0.0238797 0.0216505 0.0140487 0.0166428 0.015439 0.0173732 0.0232322 0.0288352 0.0216867 0.0145815 0.0147242 0.0177736 0.0171543 0.021299 0.0244964 0.0240556 0.0178432 0.0225243 0.0253425 0.034995 0.0206967 0.0257976 0.0165873 0.0210515 0.041775 0.0937738 0.0391589 0.037519 0.0266345 0.0216442 0.0183225 0.0241397 0.0247129 0.0264092 0.0264104 0.0303155 0.0196368 0.0254252 0.0391069 0.0270167 0.017865 0.023385 0.0287284 0.021742 0.0255355 0.0150436 0.0225083 0.0314153 0.0279119 0.0302914 0.0137604 0.00137198 
0 0.000219929 0.00465351 0.00924396 0.0131691 0.011698 0.0115202 0.0168123 0.0217756 0.0133271 0.0145195 0.0230786 0.0204281 0.00832611 0.00876438 0.0134112 0.0125112 0.011603 0.0207353 0.0172584 0.0123941 0.0222291 0.0191249 0.0228486 0.0254072 0.0237497 0.0168139 0.0198626 0.0225471 0.0218799 0.0211051 0.0192494 0.0186204 0.021803 0.0344667 0.0468596 0.0324725 0.0238697 0.0186623 0.0204972 0.0201544 0.0598741 0.0655324 0.023643 0.0234999 0.0239138 0.028522 0.0217508 0.0200962 0.0212516 0.0199187 0.0153301 0.0253833 0.0202269 0.0175483 0.0287335 0.0266924 0.0253211 0.0211041 0.0199034 0.020659 0.0197144 0.0140458 0.016855 0.0398087 0.0378576 0.0395595 0.0229992 0.00165854 
0 4.03039e-05 0.00436872 0.00667988 0.00780444 0.0104633 0.0116724 0.0279999 0.0330555 0.0248626 0.0175699 0.0221827 0.0145336 0.00772469 0.0103457 0.0142836 0.0119032 0.00799088 0.0210343 0.0140733 0.0152825 0.0199864 0.0185225 0.0193754 0.0193528 0.0212746 0.020172 0.0199043 0.0184457 0.0245158 0.0242378 0.0263829 0.0278828 0.0292851 0.0527851 0.0418602 0.0304507 0.0235955 0.0241098 0.0231353 0.0212423 0.044599 0.0276179 0.0219157 0.0189404 0.0248942 0.02484 0.0256354 0.0279603 0.0257248 0.0208728 0.0186077 0.0199527 0.0190834 0.0240744 0.026211 0.0254734 0.0247062 0.0248162 0.0202751 0.0177809 0.0206794 0.0155022 0.0150897 0.0237605 0.0251877 0.0271314 0.0192327 0.0021838 
0 0.000772997 0.00871498 0.00936714 0.010166 0.0100188 0.0160224 0.0253143 0.0253357 0.0205203 0.0229906 0.0209013 0.00933486 0.0106537 0.0147616 0.0138049 0.00890908 0.012886 0.0192348 0.0191709 0.0197855 0.0211839 0.014623 0.0187286 0.0134377 0.0159588 0.0191488 0.0164417 0.0256609 0.0245643 0.0300635 0.0294415 0.0287361 0.0299883 0.0346938 0.0260968 0.0207434 0.0206868 0.0195643 0.0168125 0.0190686 0.0237053 0.0224663 0.0186437 0.0214245 0.0277906 0.0329575 0.0266559 0.0279458 0.0245255 0.0210089 0.0221383 0.0232147 0.0188368 0.0264297 0.0196373 0.0199791 0.0256998 0.0214102 0.0128411 0.0189444 0.0237568 0.0276554 0.0262454 0.025411 0.0181888 0.0225767 0.0101623 0.00127614 
0 0.000556224 0.00565729 0.0096714 0.00878153 0.0137064 0.0183133 0.015188 0.0151551 0.0170844 0.0137808 0.00906823 0.0137821 0.019793 0.0235958 0.0179495 0.0178665 0.0207146 0.0244855 0.0221415 0.0192003 0.0205485 0.0179164 0.0180816 0.0174587 0.0149013 0.0146462 0.01738 0.0202635 0.0218915 0.0217041 0.0230205 0.0202287 0.0247592 0.0208308 0.0153502 0.0140197 0.0143749 0.0170344 0.0163768 0.0192631 0.020706 0.0233258 0.0184909 0.016366 0.0247187 0.0320095 0.0359995 0.028932 0.0231837 0.0255143 0.0236838 0.0240272 0.0196903 0.022562 0.0206367 0.0201024 0.0245154 0.022223 0.0143426 0.0205742 0.0210448 0.0251461 0.0261169 0.0206472 0.0187068 0.0221289 0.0109524 0.00232334 
0 0 0.00490507 0.010269 0.00910122 0.0171102 0.0123248 0.00836836 0.0120185 0.0171713 0.0105419 0.0126152 0.0170206 0.0200172 0.0221498 0.0211013 0.019728 0.0185447 0.021844 0.0182287 0.015188 0.0143549 0.0187448 0.0156617 0.0143168 0.0171889 0.0193645 0.0215499 0.021274 0.0284987 0.0243182 0.0204432 0.0173179 0.0181311 0.0164169 0.0174902 0.0127847 0.0123106 0.0110466 0.0158753 0.018082 0.0218578 0.0249181 0.0230886 0.0211018 0.0248734 0.0302391 0.0352009 0.0274394 0.022253 0.0252852 0.0240858 0.0267439 0.0233212 0.0178016 0.0263293 0.0200816 0.0240701 0.0211431 0.0152522 0.021081 0.0274938 0.0316958 0.0332146 0.0208061 0.0247879 0.0188273 0.00655644 0.000633156 
0 0 0.00278314 0.00664513 0.0100477 0.0191424 0.0155315 0.0146689 0.0136416 0.0113761 0.0123478 0.0221074 0.017409 0.0239394 0.0166993 0.0217072 0.0248363 0.019185 0.0175687 0.0137507 0.017624 0.0156945 0.0191403 0.015231 0.0221187 0.0208391 0.0235385 0.0238786 0.0237817 0.0176656 0.0223679 0.0160727 0.0167979 0.0123378 0.00766671 0.0150007 0.0125899 0.0138021 0.012325 0.0198126 0.0260315 0.0265617 0.0218431 0.0248446 0.0187604 0.0227672 0.0191884 0.0258463 0.0255339 0.0289128 0.024034 0.0235422 0.0196606 0.0183406 0.0212379 0.0272511 0.0246833 0.0210256 0.0136327 0.0159507 0.0228518 0.0305216 0.0283113 0.0307563 0.0318401 0.0268251 0.0154839 0.00586074 0.000254883 
0 0 0.000383556 0.00718265 0.0157201 0.0201359 0.0129236 0.0140314 0.0148502 0.0138896 0.0173496 0.0212794 0.0243491 0.0257065 0.0191739 0.0183836 0.0209613 0.0211397 0.0171717 0.0120966 0.0192097 0.0165023 0.018719 0.019549 0.023408 0.0226897 0.0260386 0.0249191 0.0167689 0.0174764 0.0150365 0.0147757 0.0102806 0.00777295 0.00825022 0.0135459 0.0165071 0.0192757 0.026488 0.0253515 0.0243916 0.0239541 0.0242159 0.0217078 0.0180007 0.0169153 0.0169128 0.0222933 0.0229459 0.0239829 0.0246025 0.0245991 0.0149909 0.0154428 0.0216434 0.0269178 0.0242552 0.0141813 0.0187191 0.0239916 0.0256006 0.0294476 0.0269135 0.0247222 0.0291364 0.0186597 0.0110885 0.00258264 0 
0 0 0.000164267 0.00397607 0.00908565 0.0127086 0.0114217 0.01467 0.0214995 0.0221443 0.0200689 0.0284395 0.0324199 0.0212982 0.0181237 0.0196408 0.0216651 0.0223336 0.0194433 0.0204926 0.0254351 0.0202979 0.023029 0.0271918 0.0292747 0.0251432 0.029342 0.0226004 0.0133767 0.00865427 0.0126174 0.0153194 0.0164124 0.0103291 0.00995577 0.0141465 0.020111 0.0174156 0.0226563 0.0239258 0.0254322 0.0314781 0.0251175 0.0226995 0.0185924 0.0236911 0.0263079 0.0253684 0.0214001 0.0215643 0.0242756 0.0304146 0.0219186 0.0192573 0.0219196 0.034418 0.0182933 0.0215232 0.0269854 0.0189639 0.0165522 0.0228158 0.0243118 0.0269509 0.0231403 0.0105625 0.00681714 0.00100012 0 
0 0 0 0.000352442 0.00165713 0.00416635 0.0101714 0.0160844 0.0109572 0.0115244 0.0150859 0.019922 0.0207332 0.0247517 0.0215803 0.020412 0.0209833 0.0236829 0.0193769 0.0252394 0.0318041 0.0270198 0.0206053 0.0211781 0.0223884 0.0205994 0.0194206 0.0178792 0.0118312 0.0124536 0.0202797 0.0233465 0.0159046 0.0131499 0.0135183 0.014912 0.0198243 0.0215792 0.020534 0.0169076 0.0216011 0.0327932 0.0269319 0.0182206 0.0182903 0.0256348 0.0247064 0.0304157 0.0266908 0.0277829 0.0242627 0.0320168 0.0311736 0.0270862 0.0202714 0.0222429 0.0198207 0.0214492 0.028687 0.0164652 0.027068 0.0316383 0.032046 0.0400061 0.029787 0.00886089 0.00402776 9.40625e-05 0 
0 0 0 0 0 0.00237536 0.00912476 0.0142142 0.00950543 0.0113258 0.0102483 0.0176149 0.0196415 0.0205311 0.0234853 0.0286141 0.0250925 0.017586 0.0153673 0.0261868 0.026015 0.0264653 0.0171529 0.0166202 0.0114052 0.010801 0.0131598 0.0158883 0.0149318 0.0201151 0.0270984 0.0227172 0.0183087 0.0172297 0.0204881 0.0232061 0.021266 0.0217687 0.0182065 0.0146803 0.0208913 0.0272026 0.0270759 0.0203206 0.0151931 0.0266562 0.0237266 0.0272634 0.0251403 0.028045 0.0227054 0.0211902 0.0288177 0.0334467 0.0229037 0.021674 0.0193821 0.0217785 0.0243718 0.0269694 0.0485956 0.0514559 0.0352684 0.0275129 0.0243436 0.00625592 0.000428509 0 0 
0 0 0 0 9.47456e-05 0.00270229 0.00782546 0.00672233 0.00959554 0.0182471 0.0177018 0.0168926 0.018469 0.0202013 0.025584 0.0306214 0.0235615 0.0164513 0.0210307 0.0295952 0.0302468 0.0261736 0.0183406 0.0179864 0.0149414 0.0105807 0.0125263 0.0274742 0.0412227 0.0310757 0.0198812 0.0158778 0.0175362 0.0199534 0.0162492 0.0184563 0.0166352 0.0177385 0.0222659 0.016754 0.0201371 0.0185387 0.0222066 0.0184279 0.0247913 0.0258425 0.0199392 0.0227002 0.0257491 0.0235942 0.0192023 0.025578 0.0294853 0.0347918 0.0266716 0.0227226 0.0268329 0.0278747 0.015739 0.0377379 0.0553566 0.0609713 0.0259756 0.0105934 0.0071576 0.00262785 0.000179429 0 0 
0 0 0 0 5.75756e-06 0.00136329 0.00754742 0.00459511 0.00763837 0.0138268 0.00990502 0.0133751 0.0212008 0.0252095 0.0234229 0.0290063 0.0254298 0.0191096 0.0222266 0.0344936 0.0308836 0.0301649 0.0241172 0.01156 0.0138135 0.0178259 0.0217608 0.0323505 0.0320081 0.0184399 0.0162777 0.00982912 0.0124774 0.0166225 0.0217757 0.0151514 0.0133858 0.0169082 0.0249863 0.0200409 0.0189556 0.0203159 0.0203308 0.0202136 0.0235008 0.0200057 0.0190023 0.0268214 0.0217888 0.0276526 0.0281043 0.0310328 0.0321484 0.0337523 0.0259417 0.0264442 0.0300118 0.0280647 0.0205201 0.0224639 0.0335735 0.0389993 0.022278 0.00557059 0.00311526 0.000395741 0 0 0 
0 0 0 0 0 0.00164785 0.00597675 0.00802359 0.0199686 0.0141741 0.00642118 0.00895505 0.0174009 0.0209267 0.0263597 0.0226291 0.0188906 0.0196064 0.0310909 0.0301961 0.0275172 0.0246372 0.0180115 0.0131473 0.0123784 0.0178419 0.0240518 0.0216991 0.0142681 0.0118289 0.00847047 0.008719 0.0123253 0.0168553 0.0199679 0.0137954 0.0133162 0.0187919 0.0235058 0.0207253 0.0209828 0.0301412 0.0299097 0.0235851 0.0220755 0.0149871 0.0224442 0.0286503 0.0314565 0.059245 0.0486906 0.0418513 0.0335902 0.0286091 0.0328541 0.0332791 0.0287467 0.0319786 0.0253731 0.0176119 0.0295165 0.0281291 0.0168102 0.00350067 0.00113897 0 0 0 0 
0 0 0 0 0 8.01882e-05 0.00219983 0.00728423 0.0157782 0.0121008 0.00733477 0.00649298 0.0121953 0.0248583 0.0236924 0.018684 0.0159457 0.01842 0.0246995 0.0299555 0.0260456 0.0167997 0.0215894 0.0177814 0.00979511 0.0107748 0.0165357 0.0164706 0.0119819 0.0143351 0.0173838 0.0127454 0.0152189 0.0233358 0.0165703 0.0155056 0.0126703 0.0246843 0.0309145 0.0255463 0.0255131 0.035771 0.0357051 0.026597 0.0244961 0.0205613 0.0227065 0.0193187 0.0380027 0.0960346 0.0697448 0.0331089 0.0261054 0.0314135 0.0265874 0.0310853 0.035553 0.0286911 0.0257622 0.0215184 0.0310835 0.0252493 0.0126112 0.0010525 0.000125871 0 0 0 0 
0 0 0 0 0 0 0.000717566 0.00295601 0.00322492 0.00487503 0.00278068 0.00382003 0.0140467 0.0211331 0.0261196 0.023764 0.0246668 0.020345 0.0271713 0.0275786 0.0241412 0.0203217 0.0234947 0.0212564 0.014241 0.0174503 0.0147991 0.0153257 0.0203276 0.029082 0.0198294 0.0176432 0.0189697 0.0148665 0.0228495 0.0226943 0.0201721 0.029072 0.0259921 0.0234155 0.0281788 0.0357203 0.0321222 0.0321406 0.0223047 0.0246348 0.025592 0.0223443 0.0307167 0.0564552 0.054561 0.0387271 0.0286688 0.0292992 0.0257833 0.0224189 0.025609 0.0280756 0.0249073 0.0217508 0.0268386 0.023993 0.0066066 0.000179513 0 0 0 0 0 
0 0 0 0 0 0 0 0 0.000279377 0.00113806 0.000376994 0.00535695 0.0134189 0.0259603 0.0248742 0.022964 0.0238068 0.0228546 0.0270997 0.0348923 0.0301348 0.0253253 0.0255775 0.0189779 0.0110549 0.0123583 0.00956727 0.0204469 0.0316885 0.0211861 0.0237237 0.0187953 0.028179 0.0257538 0.0311953 0.0319244 0.0275548 0.0227393 0.0263464 0.0245299 0.0277652 0.0280063 0.0294436 0.03551 0.0338002 0.0298914 0.028583 0.0333692 0.0288899 0.0360589 0.0396848 0.0342538 0.0330015 0.0252441 0.0273853 0.0200847 0.0196417 0.0219683 0.0255294 0.0227679 0.0239414 0.0131445 0.00267741 0 0 0 0 0 0 
0 0 0 0 0 0 0 0 0 0 0.00206368 0.011145 0.0183517 0.0230772 0.03046 0.0267651 0.0273339 0.0253535 0.0171281 0.0290908 0.0334753 0.034326 0.0385149 0.0243795 0.00859777 0.00559985 0.00768254 0.00978132 0.0140845 0.0151474 0.0265882 0.0297031 0.0345768 0.0287256 0.0291935 0.0352322 0.0437007 0.0290512 0.0230484 0.0221473 0.023318 0.0197321 0.0253152 0.0277522 0.0360939 0.0350056 0.0264329 0.0198298 0.0265891 0.0237275 0.0263311 0.035762 0.0382155 0.0305746 0.0279523 0.0249246 0.0181639 0.0222282 0.0239687 0.0235339 0.016066 0.00807829 0.000809765 0 0 0 0 0 0 
0 0 0 0 0 0 0 0 0 0.00022127 0.00598577 0.0249198 0.0312985 0.0205849 0.0298687 0.0232072 0.0285754 0.0265094 0.0145721 0.0175751 0.0293324 0.0319799 0.0364049 0.0286056 0.0169404 0.00724308 0.0138058 0.0110084 0.01308 0.0221287 0.0283013 0.0307793 0.0300913 0.0289385 0.0249669 0.0363699 0.0375729 0.0323081 0.0236115 0.0212476 0.0174684 0.0179986 0.0276835 0.0228845 0.0270699 0.0365296 0.0237913 0.0134964 0.0189293 0.0257753 0.031592 0.0336921 0.0349369 0.0316175 0.0305188 0.0359544 0.0197288 0.0184608 0.0286276 0.0258884 0.0134321 0.0027649 4.52417e-05 0 0 0 0 0 0 
0 0 0 0 0 0 0 0 0 0.000832063 0.0103868 0.0268893 0.0251468 0.015962 0.0156553 0.017324 0.0192547 0.0201986 0.0156669 0.0147623 0.020257 0.0238205 0.0336679 0.029132 0.0180098 0.0134178 0.022114 0.0166113 0.0183087 0.026191 0.0304844 0.0324829 0.0279879 0.0264548 0.021477 0.031366 0.043787 0.0279973 0.0209669 0.0181888 0.0227981 0.0213723 0.0333527 0.0438293 0.0394406 0.0439168 0.0261466 0.0142599 0.0263918 0.0346645 0.0360991 0.030666 0.0330041 0.0321167 0.0252735 0.0314825 0.0193827 0.00931783 0.013523 0.0241833 0.00854351 0.000484168 0 0 0 0 0 0 0 
0 0 0 0 0 0 0 0 0 0.000354178 0.00395929 0.0070843 0.00867872 0.00881889 0.0123814 0.0158566 0.0206072 0.0458074 0.0252989 0.0198357 0.0175492 0.018268 0.0242181 0.0228306 0.0177315 0.012545 0.0196499 0.01943 0.0206847 0.0248843 0.027002 0.0256308 0.0310692 0.0322218 0.0345301 0.028185 0.0396021 0.0431791 0.0246965 0.0106542 0.017303 0.0281112 0.0312796 0.0358609 0.0251413 0.0327397 0.0169736 0.0117159 0.0242198 0.030238 0.0266539 0.0301322 0.0343618 0.0307652 0.0146814 0.0186581 0.0224508 0.0111535 0.00490528 0.00428466 0.000381087 0 0 0 0 0 0 0 0 
0 0 0 0 0 0 0 0 0 0 8.81735e-05 0.000159803 0.00354429 0.00945815 0.014011 0.0113524 0.0345667 0.132884 0.0445814 0.0128415 0.00791785 0.0168136 0.0234547 0.0224968 0.0128226 0.0103791 0.011584 0.0134489 0.0243996 0.031519 0.0354602 0.0313 0.0250347 0.0326978 0.0377021 0.041446 0.0365397 0.0412267 0.0198328 0.0148625 0.00846595 0.0105874 0.0129338 0.0208343 0.0232865 0.0212697 0.0103355 0.0155396 0.0261902 0.0201 0.0139597 0.0168034 0.020558 0.011767 0.00671409 0.00289116 0.00388188 0.00148122 0.000125988 7.97682e-05 0 0 0 0 0 0 0 0 0 
0 0 0 0 0 0 0 0 0 0 0 0 0.000193884 0.00724013 0.0134222 0.0107824 0.0177606 0.0500185 0.0362862 0.0167995 0.0103537 0.0155339 0.0226733 0.0237756 0.0197238 0.0114836 0.0144351 0.0128136 0.0175077 0.028605 0.0399755 0.0314544 0.0256814 0.0307892 0.028385 0.0355114 0.0294387 0.0254018 0.0199793 0.0184253 0.0102366 0.0054599 0.00475108 0.0175804 0.0246286 0.020685 0.00728305 0.00666011 0.0168786 0.0122831 0.0088274 0.0168479 0.0233965 0.0126809 0.00481329 0 0 0 0 0 0 0 0 0 0 0 0 0 0 
0 0 0 0 0 0 0 0 0 0 0 0 0 0.00120303 0.00720186 0.0132979 0.0162016 0.020185 0.0244857 0.00898454 0.00984057 0.0190292 0.0143896 0.0228672 0.0230174 0.0234392 0.03023 0.019425 0.0153061 0.0154983 0.0265708 0.0292615 0.0223979 0.0313786 0.0355462 0.0221235 0.0142087 0.0226578 0.0216075 0.0157314 0.0139165 0.0112907 0.00399445 0.0126762 0.0251635 0.0180966 0.0103319 0.00526942 0.0138544 0.0191282 0.0298213 0.0355933 0.0352235 0.0170388 0.00666979 7.02145e-05 0 0 0 0 0 0 0 0 0 0 0 0 0 
0 0 0 0 0 0 0 0 0 0 0 0 0 6.93058e-05 0.000993612 0.00682039 0.0153362 0.013026 0.00889595 0.00535807 0.0115622 0.0142061 0.0181768 0.0339397 0.0413761 0.0324353 0.0346079 0.0196536 0.0109453 0.0127776 0.0177093 0.0219431 0.0184311 0.0252665 0.0224193 0.0176269 0.012987 0.0181623 0.0174386 0.0948709 0.0941469 0.0190503 0.00849012 0.0126038 0.0217758 0.0220967 0.0160444 0.011484 0.029056 0.0289301 0.0264065 0.0249074 0.0229618 0.00693753 0.000828126 2.27957e-05 0 0 0 0 0 0 0 0 0 0 0 0 0 
0 0 0 0 0 0 0 0 0 0 0 0 0 0 9.29041e-06 0.000727565 0.00219208 0.00374094 0.00170556 0.0107298 0.0179807 0.0130131 0.0162605 0.037314 0.0455265 0.028421 0.017597 0.00955259 0.0081527 0.0108203 0.0147798 0.0151119 0.0180548 0.0186493 0.0188763 0.0151672 0.0168073 0.0173641 0.0132721 0.128844 0.111808 0.0160883 0.00971586 0.00756082 0.0180936 0.0236811 0.0193477 0.0236028 0.0258608 0.0189449 0.0142864 0.0107491 0.00860874 0.00286896 0.000266452 0 0 0 0 0 0 0 0 0 0 0 0 0 0 
0 0 0 0 0 0 0 0 0 0 0 0 0 0 0 0 0 2.68435e-05 0.00030725 0.00531131 0.0173121 0.0171677 0.014414 0.0184762 0.0228748 0.0113199 0.00969342 0.0117053 0.0195318 0.0135223 0.0143528 0.0190756 0.0240805 0.0233475 0.0264662 0.0176112 0.013347 0.0152552 0.0127949 0.016486 0.0152351 0.00882573 0.0124889 0.0143035 0.0183362 0.0292788 0.0253121 0.0176856 0.00922254 0.00533547 0.00332245 0.0029089 0.000850138 0 0 0 0 0 0 0 0 0 0 0 0 0 0 0 0 
0 0 0 0 0 0 0 0 0 0 0 0 0 0 0 0 0 0 0 0.00100146 0.00719619 0.0143219 0.017008 0.0165883 0.0095503 0.00487927 0.00656639 0.00938611 0.0171527 0.0187233 0.0148843 0.0201584 0.0247067 0.0249521 0.0394038 0.0284139 0.0180458 0.0133568 0.013527 0.0106941 0.00854166 0.013516 0.0129571 0.0170263 0.0120698 0.0193215 0.0152448 0.00698994 0.00161948 0.000189764 0 0 0 0 0 0 0 0 0 0 0 0 0 0 0 0 0 0 0 
0 0 0 0 0 0 0 0 0 0 0 0 0 0 0 0 0 0 0 0 0.000159528 0.00308516 0.00839063 0.00722203 0.00725854 0.00152987 0.00439653 0.00890041 0.00856667 0.00792973 0.0110734 0.0117135 0.0189837 0.0201586 0.0373182 0.0357029 0.0259152 0.0157755 0.0100267 0.0146968 0.0209403 0.0135746 0.00917887 0.00427964 0.00320013 0.00390723 0.00187546 0.000815861 0 0 0 0 0 0 0 0 0 0 0 0 0 0 0 0 0 0 0 0 0 
0 0 0 0 0 0 0 0 0 0 0 0 0 0 0 0 0 0 0 0 0 0 0.000134459 0.00108615 0.00141273 0.000762224 0.000721158 0.00347933 0.00960778 0.00755143 0.00760518 0.00132183 0.00352837 0.00777986 0.0188154 0.0277578 0.0171721 0.00820629 0.00723946 0.0158901 0.0154741 0.00622997 0.0023889 0.0010272 4.6726e-05 0.00109114 7.79988e-05 0 0 0 0 0 0 0 0 0 0 0 0 0 0 0 0 0 0 0 0 0 0 
0 0 0 0 0 0 0 0 0 0 0 0 0 0 0 0 0 0 0 0 0 0 0 0 0 0 0 0.000106971 0.00216906 0.00441502 0.000464674 1.57628e-05 6.75054e-05 0.000307045 0.00345331 0.00800148 0.0057381 0.000203307 0.000842478 0.00194463 0.00368721 0.0011218 0.000155933 0.000166813 0 0 0 0 0 0 0 0 0 0 0 0 0 0 0 0 0 0 0 0 0 0 0 0 0 

