0 0 0 0 0 0 0 0 0 0 0 0 0 0 0 0 0 0 0 0 0 0 0 0 0 0 0 0 0 0 0 0 0 0 0 0 0 0 0 0 0 0 0 0 0 0 0 0 0 0 0 0 0 0 0 0 0 0 0 0 0 0 0 0 0 0 0 0 0 
0 0 0 0 0 0 0 0 0 0 0 0 0 0 0 0 0 0 0 0 0 0 0 0 0 0 0 4.33187e-05 0.00037397 7.90052e-05 4.62078e-05 0.000581374 0.000536813 0.000252346 7.09464e-05 0.000606616 0.000692963 0.001419 0.0048681 0.00489085 0.00406772 0.00329295 0.00184565 0.00101785 2.80312e-05 0 0 0 0 0 0 0 0 0 0 0 0 0 0 0 0 0 0 0 0 0 0 0 0 
0 0 0 0 0 0 0 0 0 0 0 0 0 0 0 0 0 0 0 0 0 0 0 5.71823e-05 0.00014715 0 4.46025e-05 0.000358016 0.000908991 0.000377105 0.00272434 0.00549989 0.00199152 0.00109021 0.00184272 0.00426066 0.00455187 0.00911064 0.00872037 0.00925515 0.0163924 0.0146317 0.0100307 0.0064132 0.00225422 0.000619129 0.000138183 2.67826e-05 0 0 0 0 0 0 0 0 0 0 0 0 0 0 0 0 0 0 0 0 0 
0 0 0 0 0 0 0 0 0 0 0 0 0 0 0 0 0 0 0 0 0 0 0 0.000302149 0.000672456 1.96138e-05 0.000771753 0.00151355 0.00106715 0.0019331 0.00629203 0.0123867 0.00801343 0.00692626 0.00745106 0.00863086 0.00964243 0.0107947 0.0108842 0.00818958 0.0110554 0.0177774 0.0150614 0.00855617 0.00821526 0.00478719 0.00644216 0.0033695 0.000697 0.000124584 0 0 0 0 0 0 0 0 0 0 0 0 0 0 0 0 0 0 0 
0 0 0 0 0 0 0 0 0 0 0 0 0 0 0 0 0 0 0 3.25762e-09 5.48032e-08 0 0 0.000151449 0.000420998 0.00125402 0.00516459 0.00144402 0.00315086 0.00533604 0.0123024 0.0145627 0.0184108 0.0171018 0.022449 0.0219505 0.017229 0.0183978 0.0211321 0.0211249 0.019694 0.0235984 0.0181039 0.00972206 0.00746292 0.00836636 0.00920702 0.0123181 0.00855661 0.00381728 0.00107884 4.58699e-06 0 0 0 0 0 0 0 0 0 0 0 0 0 0 0 0 0 
0 0 0 0 0 0 0 0 0 0 0 0 0 0 0 0 0.000141429 0.00107784 0.0015763 0.00137093 0.00215181 0.000385883 0.000904817 0.000989702 0.00404438 0.00801967 0.00958802 0.00574721 0.00692843 0.0180586 0.023728 0.0186725 0.0190466 0.0262905 0.0486357 0.090264 0.031422 0.0174502 0.01615 0.0148069 0.0131041 0.0163319 0.0177618 0.0101281 0.0125187 0.0106573 0.00459964 0.0131111 0.0188133 0.0142592 0.00870875 0.00580113 0.000936776 0 0 0 0 0 0 0 0 0 0 0 0 0 0 0 0 
0 0 0 0 0 0 0 0 0 0 0 0 0 0 2.76736e-05 0.000387247 0.00265132 0.00908228 0.00893256 0.0106211 0.00973851 0.00852038 0.0108117 0.0112316 0.0138772 0.0167061 0.0121812 0.0140629 0.0106491 0.0111339 0.022475 0.0174764 0.0137346 0.0259046 0.0626379 0.098252 0.0315226 0.0161261 0.0105966 0.00992779 0.00627836 0.0145651 0.0165839 0.00993269 0.0117213 0.017615 0.00479771 0.0103014 0.0200153 0.0166406 0.020331 0.0213493 0.0151715 0.00421739 0.00101354 0 0 0 0 0 0 0 0 0 0 0 0 0 0 
0 0 0 0 0 0 0 0 0 0 0 0 0 0.000105312 0.00131442 0.00722958 0.0123851 0.0191864 0.0123761 0.0157119 0.0178477 0.0220385 0.0228809 0.0227495 0.0171937 0.0273348 0.0190114 0.0135026 0.0158157 0.0195803 0.0214781 0.0165506 0.0166026 0.0201746 0.0354262 0.0270421 0.0202971 0.0177636 0.0136652 0.00955 0.0103928 0.0197539 0.018914 0.0118011 0.010002 0.0165689 0.0101616 0.010475 0.0181673 0.0180195 0.0198906 0.0290339 0.0277771 0.0180944 0.0056281 0.000270149 0 0 0 0 0 0 0 0 0 0 0 0 0 
0 0 0 0 0 0 0 0 0 0 0 0 1.07186e-05 0.00242424 0.00500178 0.0129409 0.0175716 0.0227104 0.0180563 0.0213069 0.0220045 0.0263212 0.0250239 0.0213986 0.0182425 0.0248133 0.0224498 0.0233113 0.0197886 0.0218222 0.0251002 0.0166938 0.0187723 0.0217666 0.0266594 0.0167579 0.0143934 0.0182526 0.016981 0.013034 0.0144777 0.0114097 0.00970557 0.0189429 0.0134037 0.0150851 0.0140488 0.0136406 0.0159316 0.0189197 0.0302 0.0297083 0.0280455 0.0232096 0.010084 0.00339911 0.00066057 0.000259573 0 0 0 0 0 0 0 0 0 0 0 
0 0 0 0 0 0 0 0 0 0 0 0 0.000348311 0.00327409 0.00440941 0.0062375 0.00639877 0.0131215 0.0199547 0.0204306 0.0255164 0.0261968 0.0203302 0.0224378 0.0199953 0.0130581 0.0133159 0.0237818 0.0159849 0.019226 0.0190744 0.0198959 0.029814 0.0298871 0.0215826 0.0157911 0.0172701 0.0194424 0.0197556 0.0176513 0.012246 0.0113893 0.0140476 0.0187577 0.0124808 0.0109394 0.0136954 0.0155606 0.0203454 0.0306054 0.0542308 0.0516879 0.0194706 0.022945 0.0233505 0.0130976 0.010721 0.00860737 0.000224667 0 0 0 0 0 0 0 0 0 0 
0 0 0 0 0 0 0 0 0 0 0 0 0.000577695 0.0032618 0.00620132 0.00218006 0.000824788 0.00759638 0.0229588 0.0237412 0.0248462 0.0245776 0.0151448 0.015022 0.0181562 0.0173356 0.0118807 0.0217378 0.021207 0.0215401 0.0234126 0.0203672 0.0223947 0.022102 0.0179537 0.0155437 0.0146201 0.0199589 0.0265736 0.0186622 0.00936277 0.0169279 0.0232943 0.0156332 0.0119087 0.00660969 0.0117541 0.0238019 0.0238221 0.0278461 0.0396354 0.0375579 0.0214389 0.0170699 0.0237048 0.024483 0.0252426 0.0170244 0.00069426 0 0 0 0 0 0 0 0 0 0 
0 0 0 0 0 0 0 0 0 0 0 0.000116031 0.000922936 0.00167397 0.00132493 0.00232966 0.00446337 0.00555835 0.012594 0.0235362 0.0219128 0.016244 0.0142248 0.0147131 0.0157674 0.0250354 0.0236676 0.0187104 0.0218222 0.0228326 0.0188006 0.0206605 0.021275 0.0229577 0.0181912 0.0129171 0.0129456 0.020655 0.0209365 0.0192579 0.0134011 0.0198578 0.0276473 0.0235709 0.0101987 0.0125597 0.0165943 0.0227127 0.0280672 0.0284574 0.0292869 0.0284018 0.0184332 0.0169066 0.0178892 0.018496 0.0157565 0.016443 0.00486205 6.64088e-05 0 0 0 0 0 0 0 0 0 
0 0 0 0 0 0 0 0 7.34732e-06 0.000264979 0.000163239 0.000527466 0.00258298 0.00612378 0.00663416 0.0116152 0.0129746 0.0118613 0.0118971 0.0225137 0.0238017 0.0183281 0.0147371 0.0115519 0.011762 0.0211113 0.0212206 0.0187533 0.0246751 0.0243629 0.0187463 0.0204283 0.0202784 0.0195809 0.0233353 0.0167129 0.0166353 0.0231604 0.021094 0.0195401 0.0206463 0.0180803 0.0232914 0.0323484 0.013778 0.0139859 0.0184589 0.0233187 0.0251332 0.0262314 0.021579 0.0175745 0.016736 0.0196742 0.0141231 0.01386 0.0178678 0.0199769 0.00559432 0.00030753 0 0 0 0 0 0 0 0 0 
0 0 0 0 0 0 0 0 0.000433584 0.00221559 0.00469357 0.00456468 0.011146 0.0165848 0.0218469 0.0202268 0.0180613 0.0153033 0.0211104 0.0233428 0.0220281 0.0176866 0.0114473 0.0131743 0.0166239 0.0178746 0.0138467 0.0202948 0.0257576 0.0195388 0.0155852 0.0193145 0.0213747 0.0215437 0.0194024 0.0183815 0.0228575 0.022808 0.0226174 0.0201655 0.0187884 0.0228167 0.0174851 0.0214749 0.0146616 0.0185299 0.0173547 0.0169342 0.0181142 0.0278137 0.0199854 0.0154993 0.0151834 0.0234246 0.0150048 0.0151902 0.0238913 0.0207161 0.0100851 0.00232357 0 0 0 0 0 0 0 0 0 
0 0 0 0 0 0 0 0.000706757 0.00445854 0.0067625 0.0128332 0.0180353 0.0201623 0.0218208 0.0222937 0.0201055 0.0180825 0.0203144 0.0265038 0.0267469 0.0221754 0.0205308 0.0104445 0.0149628 0.014182 0.0122106 0.0142445 0.0155445 0.01693 0.0168729 0.0190605 0.0219842 0.0232196 0.022815 0.0175031 0.018511 0.0256759 0.0209592 0.0194013 0.0215008 0.0192329 0.0187487 0.0188418 0.0205208 0.0163997 0.017762 0.0201538 0.0160026 0.0225367 0.0302962 0.0206074 0.015167 0.0173339 0.0168955 0.0169185 0.0206635 0.0200516 0.0193779 0.0127596 0.0039231 0.000259496 0.000325857 0 0 0 0 0 0 0 
0 0 0 0 0 0 0.000264782 0.00429195 0.0107815 0.0193057 0.0283792 0.0245357 0.0184198 0.0221007 0.0198994 0.0184191 0.0169475 0.0190443 0.0269389 0.0223811 0.0193009 0.0190188 0.0141683 0.0110467 0.0150962 0.019156 0.0218938 0.0209592 0.0175931 0.0195727 0.0184515 0.0217849 0.0233156 0.0197779 0.023152 0.0278873 0.0244265 0.0206026 0.0206235 0.0199725 0.0205291 0.0169497 0.0175698 0.0157425 0.0163592 0.0173904 0.0220738 0.0196977 0.0195577 0.0204693 0.0217951 0.015989 0.0121183 0.0199055 0.0215089 0.0164969 0.0183327 0.0160048 0.0191366 0.00474678 0.00461401 0.00583252 0.000657653 0 0 0 0 0 0 
0 0 0 0 0 0.000149445 0.00522102 0.0114578 0.0139899 0.0298152 0.0389194 0.0280428 0.0203558 0.0197487 0.0210196 0.0244911 0.0203798 0.0200602 0.0238785 0.0274155 0.0208914 0.0190434 0.0214296 0.0194049 0.0227865 0.0294709 0.0266697 0.0184787 0.0173574 0.017977 0.0189762 0.023423 0.0193046 0.0224931 0.0263677 0.0248109 0.0182811 0.0173722 0.0111046 0.0121862 0.0137595 0.0117848 0.0182959 0.0184236 0.014177 0.0138304 0.0219193 0.0181685 0.0218764 0.0164604 0.0140653 0.0149543 0.0150924 0.0217803 0.0213738 0.0225929 0.0254633 0.0211912 0.0168586 0.00976036 0.0104444 0.00435561 0.00124141 0 0 0 0 0 0 
0 0 0 0 0 0.00068687 0.0103504 0.013347 0.015028 0.0222284 0.0312193 0.024051 0.0209977 0.0194959 0.0242346 0.0252287 0.0212445 0.0197912 0.0209289 0.0220145 0.0237866 0.0216715 0.0258288 0.0271911 0.0287317 0.024097 0.0180237 0.0170517 0.0197183 0.0134018 0.0207972 0.0181051 0.0187131 0.0230704 0.0292987 0.0258505 0.0175113 0.0141596 0.012256 0.0131039 0.0105609 0.0128486 0.0188637 0.01875 0.0142768 0.0153609 0.0189259 0.0167214 0.0165749 0.0157563 0.0176781 0.0264206 0.024891 0.0154878 0.0180534 0.020441 0.0282209 0.0199104 0.0223781 0.0191619 0.0111951 0.00451669 0.000465862 0.000474104 6.33432e-06 0 0 0 0 
0 0 0 0 2.47981e-05 0.00182053 0.00884214 0.0088978 0.012849 0.0132901 0.013354 0.0172003 0.0134571 0.021205 0.0255986 0.0229485 0.0178568 0.0324382 0.0229704 0.0221098 0.0269041 0.025029 0.0339489 0.0268802 0.0190613 0.0147033 0.0102042 0.0129506 0.0156438 0.0111575 0.0147375 0.0189042 0.020853 0.0222247 0.0241541 0.0234177 0.0181776 0.0122595 0.0109851 0.0114686 0.00990757 0.0161021 0.0235575 0.0228653 0.0142066 0.0129601 0.0121037 0.0209864 0.01877 0.0162854 0.0185552 0.0242583 0.027998 0.0229305 0.0198959 0.0248551 0.0291833 0.0295886 0.0238213 0.0234406 0.0206772 0.00724174 0.00271268 0.00197768 0.00119632 0.000153258 0 0 0 
0 0 0 0 5.29714e-05 0.00334342 0.00453822 0.00462207 0.00678248 0.00323727 0.00347533 0.00891677 0.0132208 0.0220099 0.0302111 0.0197723 0.0275765 0.030591 0.0263561 0.0217392 0.0213654 0.0191938 0.0243534 0.0198618 0.0174548 0.0183619 0.0202596 0.0153308 0.0154712 0.0179711 0.0227616 0.0184911 0.0178757 0.0154964 0.0125788 0.0209359 0.0219952 0.0177835 0.0209856 0.0201043 0.0163362 0.0195086 0.0191934 0.0232452 0.0129109 0.0114439 0.0127306 0.0132748 0.0150761 0.0169264 0.0207465 0.022311 0.0207319 0.0230842 0.0174843 0.0202957 0.0340043 0.0372854 0.0248435 0.024908 0.0196927 0.00885759 0.00295271 0.00243322 0.00163534 0.000613489 1.41554e-05 0 0 
0 0 0 0 0 0.000960253 0.00411522 0.00372354 0.00253531 0.000376909 0.00216676 0.00764362 0.0156767 0.0169537 0.0208161 0.0209567 0.028289 0.0234856 0.0155423 0.0189512 0.0187308 0.0149541 0.0205335 0.0262376 0.0232457 0.0212427 0.0214937 0.0167103 0.0170084 0.0184525 0.0185657 0.0186336 0.016291 0.0135373 0.012956 0.0125959 0.0230296 0.0197127 0.0207946 0.0170421 0.0169352 0.0190557 0.0211163 0.0280981 0.0229935 0.0224983 0.0187593 0.0167264 0.0173373 0.0194959 0.0238595 0.0220706 0.0215007 0.023145 0.0239805 0.0191228 0.0250179 0.0320319 0.028188 0.0233841 0.0180588 0.0125683 0.00263252 0.00364543 0.00144526 0.000752108 3.00151e-05 0 0 
0 0 0 0 2.40341e-05 0.00021807 0.00124859 0.000715272 0.000158309 0.000113542 0.00329224 0.0097815 0.0164702 0.0117124 0.0140042 0.0224126 0.019616 0.0190287 0.0165663 0.0190714 0.0167128 0.0152007 0.0152982 0.0248056 0.0241586 0.0241783 0.0184516 0.0225986 0.0223527 0.0219427 0.017514 0.0181781 0.0224897 0.0190335 0.0189494 0.0202104 0.0211986 0.0274574 0.0245562 0.0224322 0.0164226 0.0185004 0.0208108 0.0367803 0.0336991 0.030583 0.0292682 0.0245211 0.0256166 0.023571 0.0207711 0.0159012 0.0196466 0.0204015 0.0199952 0.019558 0.0192314 0.0251945 0.0287389 0.0220878 0.00975674 0.0065071 0.00414049 0.00635508 0.00232147 0.00100348 4.96143e-05 0 0 
0 0 1.89527e-05 0.00103216 0.00263401 0.0053461 0.00764728 0.00521444 0.00407381 0.00031302 0.00254886 0.0147057 0.0179703 0.0186445 0.0201676 0.0171255 0.0151186 0.016204 0.0166495 0.0167341 0.0166151 0.0123255 0.015857 0.0210211 0.0256777 0.0260731 0.0212014 0.0243496 0.0228838 0.0199317 0.0192667 0.0166762 0.017166 0.0180007 0.0213271 0.0219393 0.0229481 0.0261713 0.0191909 0.0166953 0.0178548 0.0190316 0.0199605 0.0248819 0.0329829 0.0246718 0.0217505 0.0233518 0.0219098 0.0189553 0.0202961 0.0143139 0.0139965 0.0138493 0.0156061 0.0180062 0.0159795 0.0307726 0.0315323 0.0173437 0.00799833 0.0059771 0.00946495 0.00572343 0.00336274 0.00270873 0.00016506 0 0 
0 0 0.00107184 0.00717869 0.0105132 0.0117095 0.0120306 0.010665 0.0128028 0.0044411 0.00271702 0.0132611 0.0171987 0.0189461 0.0243015 0.0218016 0.0182237 0.0160417 0.0164637 0.0191661 0.017311 0.0188551 0.0163246 0.0190143 0.0257695 0.0298833 0.0270435 0.0289771 0.0247642 0.0215831 0.0177678 0.0171537 0.0181694 0.0166948 0.0213818 0.0196318 0.0254094 0.0230663 0.0195305 0.0302357 0.0311416 0.0231164 0.0225126 0.0232449 0.0256464 0.0229649 0.0278645 0.0224395 0.016291 0.0146939 0.0160381 0.0151021 0.0147955 0.0164622 0.0164652 0.02471 0.0234741 0.0268484 0.0298124 0.013735 0.00958271 0.0130464 0.013488 0.0161668 0.0168737 0.0102523 0.00371911 0.000198525 0 
0 7.26318e-06 0.00296721 0.0113945 0.0165441 0.020238 0.0156996 0.0137643 0.0148397 0.011504 0.00358056 0.00839424 0.0137039 0.0137044 0.0157934 0.0207746 0.015887 0.0249923 0.0202675 0.0230961 0.0129638 0.0152152 0.0135865 0.0174375 0.0219588 0.0258023 0.0245682 0.027328 0.0266141 0.0234724 0.0228122 0.023096 0.0233009 0.0215142 0.0233138 0.0204364 0.0266104 0.0211388 0.021979 0.0343306 0.0357294 0.030247 0.0201774 0.0200127 0.0225134 0.0239448 0.0266503 0.0182642 0.0137592 0.0160831 0.0162129 0.0155705 0.0113092 0.0166361 0.0212292 0.0324653 0.0232683 0.022441 0.0215989 0.0167589 0.0124408 0.0187065 0.0162701 0.0132951 0.0167736 0.0165374 0.00537815 0.000805448 0 
0 6.59384e-05 0.00645101 0.0141512 0.0184838 0.0161442 0.0145497 0.0137265 0.0193873 0.0150456 0.00628481 0.0065149 0.0126951 0.0126616 0.0181779 0.0175321 0.0201834 0.023394 0.0190731 0.0161367 0.0152291 0.0165866 0.0164601 0.019603 0.0211822 0.0266024 0.0281625 0.028178 0.0261902 0.0211395 0.018679 0.017818 0.0219044 0.0235522 0.0221537 0.0202368 0.0221275 0.0168677 0.0178261 0.0246756 0.029419 0.0239541 0.0248377 0.017539 0.0184974 0.0306382 0.0393537 0.0264103 0.0155826 0.0146168 0.0167582 0.0180052 0.0177862 0.0170318 0.0217625 0.0242778 0.020304 0.0211494 0.01888 0.0212456 0.0135153 0.0236567 0.0339333 0.0145783 0.00725812 0.0102048 0.00374787 0.000282421 0 
0 0.000774582 0.011924 0.0147685 0.0145011 0.012532 0.0141566 0.0162829 0.0181105 0.0176492 0.0155225 0.0104831 0.0106321 0.0129274 0.0193187 0.0153952 0.0238814 0.0240188 0.0209505 0.0169776 0.0144508 0.0148937 0.0146972 0.0168911 0.0155109 0.0259523 0.0211011 0.0175972 0.0225034 0.0267368 0.0229757 0.0189325 0.0236769 0.0221783 0.0162198 0.0145998 0.0221149 0.0181974 0.0160301 0.0215382 0.0184301 0.017663 0.0181144 0.0195679 0.0225963 0.0261389 0.0299339 0.0292629 0.0223247 0.0181321 0.0212433 0.0241771 0.0289396 0.0252309 0.0226868 0.0197661 0.0234563 0.0201284 0.0205279 0.0241202 0.025864 0.0266686 0.0226768 0.015647 0.00822598 0.00576669 0.00236914 0 0 
0 0.00228286 0.013383 0.0146441 0.0136325 0.0146253 0.0122651 0.0178905 0.0160121 0.0173289 0.015135 0.011998 0.0143825 0.0157627 0.0226563 0.0192068 0.019488 0.0225844 0.0193234 0.0175645 0.012564 0.0173589 0.0134169 0.0146665 0.0198327 0.0230906 0.0209201 0.0187159 0.0196486 0.0223912 0.0198105 0.0203011 0.0195237 0.0166923 0.0167386 0.016214 0.0210099 0.0243921 0.0199413 0.0216265 0.0190007 0.0212568 0.0173365 0.0227516 0.0250704 0.0239989 0.0276097 0.0285663 0.0272764 0.0261359 0.0220426 0.0264033 0.0414146 0.0323771 0.0191374 0.0178577 0.0197964 0.0170223 0.0177524 0.0185457 0.0294134 0.0264855 0.0182849 0.0136567 0.0122263 0.00872068 0.00187417 0.00122545 0.000580868 
0 0.00299383 0.0115705 0.0196019 0.0181508 0.0168587 0.0180407 0.0170522 0.0199486 0.0194611 0.0162716 0.0190974 0.0181737 0.0197084 0.0215663 0.0212561 0.0194456 0.020481 0.0230327 0.0217468 0.0187259 0.0251997 0.0160359 0.0270224 0.0257477 0.01701 0.0175016 0.0150489 0.0250518 0.0227213 0.0188236 0.0150706 0.0197156 0.0182211 0.0212648 0.0206411 0.0205057 0.0183461 0.0214618 0.0222296 0.0237493 0.019874 0.0219768 0.0218426 0.0221802 0.0243392 0.0236197 0.0273135 0.0385084 0.0315677 0.0204675 0.03064 0.0606146 0.0441843 0.0275113 0.0230938 0.0110447 0.0145345 0.01583 0.0155328 0.0200587 0.017551 0.0119309 0.0119215 0.0139046 0.013263 0.00732283 0.00279424 0.000824754 
1.38524e-05 0.00621569 0.0143288 0.0176184 0.0203693 0.0160437 0.0155378 0.0127715 0.0200677 0.0270857 0.0130808 0.0197253 0.0193848 0.0229274 0.0218787 0.0224798 0.0174594 0.0157021 0.0194158 0.022115 0.0245321 0.0247071 0.0143536 0.0237572 0.059492 0.0455193 0.0234909 0.0154122 0.0234073 0.025324 0.0254681 0.0215702 0.0226574 0.0270714 0.0286872 0.0235672 0.0212575 0.0235473 0.0225523 0.0218093 0.018581 0.0244301 0.0216956 0.0200281 0.0213057 0.0222834 0.0295571 0.0234895 0.0266395 0.0254691 0.0242633 0.0273879 0.0374444 0.0346881 0.025403 0.0233768 0.0168428 0.0226638 0.0167406 0.0180223 0.0178132 0.0128867 0.0111836 0.0201545 0.0240827 0.0180692 0.0102176 0.00384237 6.66006e-05 
0.000156291 0.00845591 0.016895 0.0155537 0.0153095 0.0223119 0.0203203 0.0189237 0.0174074 0.0153867 0.016357 0.0167621 0.019234 0.0210205 0.016927 0.0134973 0.0188812 0.0181489 0.0161339 0.0212368 0.0191625 0.0206888 0.0161988 0.0135718 0.040991 0.0550091 0.0229822 0.0191415 0.0188408 0.0227644 0.0342572 0.0253231 0.0285508 0.026235 0.0235915 0.0242709 0.0214217 0.0197495 0.0224469 0.0220829 0.0222278 0.0217676 0.0261514 0.023794 0.0197407 0.0211678 0.022695 0.0182595 0.023545 0.0283625 0.0258123 0.0281648 0.0276536 0.0235553 0.0251679 0.0311263 0.0177076 0.0183475 0.0172172 0.0186061 0.016581 0.016192 0.0159287 0.0274025 0.0350362 0.0257009 0.0154639 0.00492788 0.000220496 
0.000128449 0.00831644 0.018737 0.0137315 0.012877 0.020613 0.0240827 0.0219331 0.0218071 0.0201297 0.0163897 0.0200891 0.0219989 0.0190494 0.0130071 0.0188208 0.0187608 0.0153416 0.0181376 0.0198978 0.0208079 0.0212086 0.0141325 0.0137804 0.0444988 0.0516227 0.0233999 0.022999 0.0242236 0.0265915 0.049653 0.0475673 0.0367408 0.0382579 0.0204191 0.0227152 0.0207629 0.022439 0.0202847 0.0172778 0.015416 0.0173139 0.0226024 0.0258206 0.0212096 0.017973 0.0222601 0.0167398 0.0190418 0.0233794 0.0274257 0.0307672 0.0242416 0.0231416 0.0247086 0.0245157 0.0152205 0.0116011 0.0122545 0.0194054 0.0215694 0.024077 0.0237406 0.0261798 0.0319526 0.0238192 0.0134586 0.00949572 0.0034823 
0.000331584 0.00575933 0.0163035 0.0162219 0.0165101 0.0228009 0.0208322 0.0206145 0.0165732 0.0152867 0.0152343 0.01707 0.0172216 0.0149228 0.0177271 0.0195707 0.0187304 0.0163949 0.0201437 0.0183788 0.0185182 0.0135262 0.0177326 0.0191492 0.0307003 0.0490812 0.0345478 0.0287547 0.0329888 0.0516259 0.0562889 0.0496736 0.0412224 0.0420137 0.0174206 0.0177822 0.0184951 0.0218483 0.0182335 0.0159484 0.016215 0.0152992 0.0193121 0.0198557 0.0233048 0.0255383 0.0211791 0.0201363 0.0195069 0.0182837 0.0219584 0.0206279 0.0246209 0.0299053 0.0262339 0.0239033 0.0233585 0.0206247 0.0190699 0.0235327 0.0197229 0.0337125 0.035569 0.031385 0.0211939 0.0181761 0.0174703 0.0171171 0.00494295 
0.000443166 0.0049729 0.0153934 0.0148593 0.0138563 0.0129344 0.0122832 0.0171559 0.0168656 0.0152301 0.0207845 0.0179639 0.0164949 0.0149252 0.0149352 0.0191245 0.0263961 0.025327 0.0238612 0.0186463 0.0229103 0.0151169 0.0186874 0.015702 0.0150834 0.0353943 0.0378763 0.0330238 0.0347186 0.0396179 0.0407429 0.0423223 0.0315857 0.0321483 0.0241544 0.0229074 0.0193584 0.0207042 0.0232968 0.0204167 0.019295 0.0220211 0.0191042 0.0176138 0.0215911 0.0180884 0.017973 0.0181017 0.0158194 0.0122286 0.021732 0.0217814 0.0255809 0.0267645 0.0246011 0.0318101 0.0232164 0.0216294 0.0185625 0.0272944 0.0190462 0.0324971 0.0320032 0.0370661 0.0301101 0.0242634 0.0224529 0.017923 0.00251597 
0.000243003 0.00536529 0.0156133 0.023791 0.0203379 0.00863498 0.00855413 0.00470481 0.00659762 0.014531 0.0168829 0.0144045 0.0202196 0.0179644 0.0151868 0.0190246 0.0246429 0.0257187 0.0242636 0.0203787 0.0219534 0.018543 0.0169838 0.0177517 0.0263374 0.0418478 0.0494842 0.0302362 0.027838 0.0485657 0.0718561 0.041436 0.0307132 0.0255846 0.0258712 0.0208245 0.0219859 0.0168945 0.0155574 0.023929 0.0203825 0.0271216 0.024242 0.0268854 0.021832 0.0207636 0.0167539 0.0152797 0.0131379 0.0120542 0.0153887 0.0239175 0.0277498 0.0287009 0.0255536 0.0294515 0.0252657 0.0240178 0.0267124 0.0211737 0.0245022 0.0293234 0.0302966 0.0421653 0.0438885 0.0289146 0.022732 0.0110532 0.00128923 
0 0.00460598 0.0126959 0.0246461 0.0239445 0.0152949 0.00740716 0.002276 0.00153346 0.00718386 0.0100253 0.00986367 0.0153044 0.0193801 0.0160037 0.0147071 0.0178032 0.0202333 0.023278 0.0168978 0.0172742 0.0170368 0.0198812 0.0261964 0.0310767 0.0322018 0.0507798 0.046186 0.0307761 0.0480322 0.0558555 0.0377808 0.0158875 0.0113374 0.0172263 0.0221972 0.0193185 0.0155749 0.0169448 0.0294617 0.0251885 0.0310377 0.0349728 0.0267414 0.0174075 0.0178089 0.0174492 0.0200087 0.0118241 0.0110612 0.0143474 0.0169045 0.0293293 0.0259481 0.0224354 0.0194576 0.020535 0.0236363 0.0221715 0.0271536 0.0274847 0.0240302 0.0192586 0.0257824 0.0330261 0.0267157 0.0186127 0.00957574 0.000803001 
0 0.0014875 0.0117965 0.0185101 0.0210261 0.0142522 0.00615825 0.00289787 0.00812058 0.0068609 0.0114759 0.0133172 0.0123371 0.0199841 0.0222081 0.0248455 0.0208181 0.018087 0.0191142 0.0189316 0.015718 0.0167621 0.0208564 0.0253351 0.0289815 0.0230283 0.0319925 0.0439483 0.0276908 0.0577887 0.0596789 0.0397506 0.0175175 0.0155314 0.0215986 0.0280371 0.0196188 0.00875835 0.0185351 0.0249039 0.02597 0.0349955 0.0389532 0.0232375 0.0181343 0.0194155 0.0228774 0.0191938 0.0119073 0.0167268 0.0215448 0.0202283 0.0223666 0.0197393 0.0191235 0.00870244 0.00907948 0.0187389 0.0240536 0.0322718 0.0280869 0.0173211 0.010594 0.0123841 0.0191589 0.0173107 0.0190528 0.01039 0.000183636 
0 0.00137939 0.00869228 0.0115719 0.0187955 0.0191341 0.0087452 0.00422386 0.0147576 0.00771781 0.00610394 0.0121549 0.014193 0.020083 0.0228999 0.0227229 0.0155928 0.0194983 0.0180177 0.0211632 0.0179118 0.0177198 0.016132 0.0231161 0.0234824 0.0302944 0.0320196 0.0448539 0.0371596 0.0784651 0.0283009 0.0193291 0.020096 0.0176729 0.0180184 0.0155646 0.0163874 0.0156788 0.0256774 0.0274605 0.0272674 0.0190728 0.0193495 0.0170979 0.0198683 0.0201866 0.0255163 0.0248372 0.0177787 0.0207515 0.021735 0.0231199 0.0262223 0.0148504 0.00800151 0.00886366 0.00730585 0.0126171 0.0185765 0.0165568 0.0201626 0.0118824 0.01026 0.0120529 0.0213113 0.0199313 0.0128293 0.0155015 0.00185783 
0 0.00150766 0.00931339 0.017407 0.0145219 0.0142696 0.00352359 0.00577586 0.0154591 0.0136689 0.0146066 0.0172059 0.0174856 0.0136967 0.0206985 0.0209658 0.0147834 0.0209433 0.0174456 0.0234436 0.0226226 0.0223145 0.0182685 0.02372 0.0249006 0.0306141 0.027468 0.036315 0.0368772 0.0376764 0.0229417 0.0268728 0.0201075 0.0211541 0.0174327 0.0143871 0.0138246 0.0210813 0.0261334 0.0300241 0.0197522 0.0174467 0.0108655 0.0173152 0.0251472 0.0224705 0.0237097 0.0247904 0.0194162 0.024305 0.0275105 0.0194999 0.0191968 0.0134843 0.0103315 0.010396 0.0105703 0.00580902 0.0114824 0.0131585 0.0134174 0.0131173 0.0166446 0.00510868 0.0165876 0.0291449 0.0188689 0.0209599 0.00697734 
0 5.83955e-05 0.00263611 0.00886311 0.00620227 0.00253384 0.000817811 0.00736513 0.0160521 0.0166963 0.018606 0.0170878 0.0146328 0.0110118 0.0128063 0.0182438 0.0158778 0.0182538 0.0194936 0.0226992 0.0221785 0.0203829 0.0220143 0.0248021 0.0449921 0.0400095 0.0240403 0.0244132 0.0259538 0.0273265 0.0224075 0.0287178 0.0279601 0.0352538 0.026702 0.0162408 0.0159084 0.020857 0.0228643 0.0265019 0.0223049 0.0157689 0.0144447 0.0263012 0.0252926 0.029524 0.0312386 0.0242467 0.0150633 0.0174469 0.0215026 0.0165506 0.0142885 0.0219938 0.0163825 0.0182413 0.0139396 0.009585 0.0177087 0.0189118 0.0184116 0.0117835 0.0143702 0.00711101 0.0126106 0.0220812 0.0285169 0.0227841 0.00396116 
0 0 0 0.000107302 0.000810125 0.00065298 0.00342054 0.00490474 0.00729001 0.0137391 0.0164932 0.0168141 0.0138272 0.0170527 0.0121034 0.0184794 0.0170876 0.0172932 0.0160384 0.0241501 0.0300283 0.0232006 0.0216907 0.0235886 0.0329213 0.036259 0.0283968 0.0227435 0.0218991 0.0303639 0.0316644 0.0262221 0.0297809 0.0453634 0.0331703 0.0261044 0.0182131 0.0170085 0.0215278 0.0200156 0.0152451 0.0185614 0.0278999 0.0257844 0.0243696 0.0160338 0.0265604 0.0262488 0.0164111 0.0159095 0.0157726 0.0196433 0.0177331 0.0247886 0.0215271 0.0148009 0.0213912 0.0209387 0.0213719 0.0207649 0.0246602 0.0257863 0.0235796 0.0124307 0.0130231 0.019758 0.0282423 0.0230788 0.00430968 
0 0 0 8.36963e-06 0.000376403 0.00349831 0.0105984 0.0134222 0.0142145 0.00697639 0.0101077 0.0125338 0.0164178 0.0187653 0.0187757 0.0183313 0.0120785 0.0180498 0.0169488 0.0200863 0.0244198 0.024827 0.0179934 0.0183634 0.0190359 0.0182389 0.0193511 0.0203761 0.0182805 0.028796 0.0349497 0.0266876 0.0306935 0.0313349 0.0411136 0.0323845 0.0179154 0.0136204 0.015258 0.0179169 0.016894 0.0180283 0.0192992 0.0253024 0.0235637 0.0188994 0.0241781 0.025623 0.0198068 0.0159026 0.0138451 0.0170124 0.0271538 0.037712 0.0221011 0.0113757 0.0219065 0.0191066 0.0201038 0.0277836 0.02756 0.0349733 0.0350494 0.0261022 0.0152269 0.0194073 0.0363192 0.0312595 0.00555614 
0 0 0.000229576 0.00208442 0.00592944 0.0103582 0.0186716 0.0208535 0.0175095 0.010611 0.0107482 0.0147285 0.016108 0.0186761 0.0199545 0.0359678 0.0252122 0.0201715 0.0173559 0.00977046 0.020791 0.0203104 0.0182495 0.0224157 0.014725 0.0130099 0.0153151 0.0176676 0.0222425 0.0256684 0.021565 0.0166167 0.0251648 0.0306957 0.0372177 0.0301846 0.0269396 0.0202946 0.0177105 0.023492 0.0170526 0.0167616 0.027339 0.0216637 0.0256148 0.0250737 0.0200357 0.0212459 0.017299 0.014569 0.0194385 0.0194538 0.0243131 0.0345432 0.0207161 0.0152465 0.0173172 0.026128 0.0250413 0.0260774 0.0276615 0.0352312 0.0432919 0.0369236 0.0214124 0.0192658 0.0281562 0.0300502 0.00418245 
0 0 0.0018354 0.0104328 0.00874366 0.0136139 0.0150669 0.0202751 0.0191434 0.0171799 0.0154572 0.0202062 0.0161722 0.0203583 0.0198636 0.0364185 0.0301852 0.0221317 0.0153677 0.00947942 0.0150468 0.0207402 0.0159813 0.0161719 0.0149467 0.0150848 0.0174947 0.0169196 0.0196434 0.0247755 0.0201119 0.0198726 0.0279628 0.0366458 0.0364928 0.0251432 0.0231045 0.0206565 0.0190688 0.0225928 0.0194699 0.0229902 0.0357767 0.0312567 0.0240901 0.021875 0.0195021 0.0208492 0.0188466 0.0172425 0.0201961 0.0219826 0.0188113 0.0227007 0.0147651 0.0158916 0.0218716 0.0223167 0.0252325 0.0260624 0.025663 0.0351676 0.0433669 0.043895 0.0284007 0.0195176 0.0187062 0.0140697 0.000570227 
0 0 0.00115869 0.00929133 0.0121279 0.0145013 0.0161353 0.0208045 0.0297261 0.0254823 0.0222305 0.0261068 0.0217979 0.0242347 0.0248172 0.0290235 0.0220097 0.0213695 0.0161693 0.0151406 0.00752992 0.0188546 0.0223745 0.0162903 0.0174598 0.0144071 0.0131919 0.0127801 0.0165873 0.0227967 0.024554 0.0283231 0.0310081 0.0465226 0.0346209 0.0295044 0.029961 0.0221962 0.022003 0.0224076 0.0189721 0.0220234 0.0305378 0.0267989 0.0239144 0.0211422 0.0196258 0.0292584 0.0285256 0.0274432 0.0210885 0.0206519 0.0192599 0.022297 0.0174916 0.0189691 0.0229969 0.0181553 0.0253597 0.0214611 0.0234775 0.0302727 0.0329531 0.0401044 0.0280916 0.0183834 0.0128702 0.00383917 0.000164043 
0 0 0.000428505 0.00359828 0.015304 0.0248191 0.02166 0.0270216 0.0272344 0.023319 0.0220198 0.0198816 0.018185 0.0174155 0.0192933 0.0234653 0.0245208 0.0239573 0.0246834 0.0159715 0.0133246 0.0193468 0.0161817 0.0194884 0.0217242 0.0162973 0.0130712 0.0123465 0.0178859 0.0214351 0.0226545 0.0219306 0.0325289 0.0444772 0.0282024 0.0271448 0.0328065 0.0335334 0.0339955 0.0205273 0.0241333 0.0215703 0.0232092 0.0231896 0.0224711 0.0211571 0.0293755 0.0428235 0.0377356 0.0293865 0.0184529 0.0174929 0.0224796 0.0172649 0.0188116 0.0205288 0.023467 0.0296091 0.0229527 0.0242663 0.0236709 0.0365214 0.0405341 0.0356774 0.0205402 0.0181823 0.00861528 0.00190361 0 
0 0 0 0.000275853 0.011022 0.0290536 0.0272141 0.0173571 0.0167564 0.0200743 0.0189927 0.0150833 0.0140462 0.0139648 0.022543 0.0237161 0.0230404 0.020086 0.0250066 0.0199708 0.0196878 0.019365 0.0208519 0.0188215 0.0156048 0.0133907 0.0137013 0.0154082 0.0200387 0.025165 0.0336623 0.0264791 0.0294936 0.0350926 0.0236325 0.0297401 0.0366601 0.03448 0.0344718 0.0240842 0.0292061 0.0232687 0.0225982 0.0239255 0.0253165 0.0236497 0.0331007 0.0314943 0.0313703 0.0209835 0.0215837 0.0254015 0.0262542 0.0187546 0.0167751 0.0168021 0.0297587 0.0309759 0.0195959 0.0269365 0.0257269 0.0418528 0.0369903 0.0277631 0.0143666 0.00778388 0.00269875 0.000127045 0 
0 0 0 0.000284566 0.0112606 0.016486 0.0119432 0.0131477 0.0129061 0.0140941 0.0166954 0.0140089 0.014416 0.0161573 0.0196816 0.0208168 0.0260046 0.0200997 0.0196559 0.0185892 0.0147784 0.0199351 0.0273343 0.0187667 0.013709 0.0152697 0.0133788 0.01887 0.0214336 0.0255261 0.0374454 0.0257708 0.0285223 0.0364731 0.0316758 0.0264268 0.033316 0.0294773 0.0258804 0.0258594 0.0374358 0.0343951 0.0257689 0.0186824 0.0165066 0.025229 0.026891 0.0306301 0.0282214 0.0285296 0.0315023 0.0321987 0.0319302 0.0279755 0.024433 0.0226128 0.025669 0.0278304 0.025952 0.0205022 0.0285894 0.043924 0.0447192 0.032359 0.0281282 0.00849531 0.000490901 0 0 
0 0 0 0.000350065 0.00808982 0.0110332 0.00699366 0.0170913 0.0177802 0.0106456 0.0165678 0.0185617 0.0193314 0.0180662 0.0198832 0.0220314 0.0248427 0.0220656 0.0181416 0.0150425 0.0165513 0.0224415 0.0235044 0.0133021 0.0116479 0.016045 0.0178003 0.023375 0.0184598 0.0229725 0.0392225 0.0326834 0.0314031 0.0359562 0.0348337 0.0297039 0.0318728 0.0277783 0.0310951 0.0256087 0.0352883 0.0316625 0.0301347 0.0235053 0.0205489 0.0300988 0.0319552 0.0262653 0.0274512 0.0306822 0.0350832 0.0384394 0.0264301 0.0285008 0.0293558 0.0250927 0.0238911 0.0391985 0.0426935 0.0346262 0.0354045 0.0463146 0.0584945 0.0497178 0.0449581 0.0155392 0.00020084 0 0 
0 0 0 0.000120813 0.00424006 0.00691529 0.0125169 0.0177847 0.00800961 0.0110279 0.0165982 0.0126588 0.0154213 0.0151623 0.0190854 0.0296773 0.0296088 0.0252162 0.0212975 0.0216021 0.0202993 0.0203491 0.0227099 0.0195789 0.0307642 0.0258208 0.0239835 0.0262061 0.0259939 0.0348191 0.0357623 0.0312899 0.0442741 0.0358557 0.0361551 0.0465839 0.0379541 0.0354022 0.0448467 0.0339652 0.0370259 0.0356405 0.0397978 0.0263748 0.0187242 0.0254852 0.02833 0.0274663 0.0324991 0.0350176 0.0364346 0.03316 0.0301006 0.031137 0.0213706 0.0141594 0.0257042 0.0432788 0.0516144 0.04384 0.0307704 0.0389114 0.0483264 0.0477193 0.0283459 0.0065687 0.000174332 0 0 
0 0 0 0 0.00103885 0.00566636 0.0178264 0.0182967 0.00649401 0.00701398 0.0128625 0.0147089 0.0227899 0.024808 0.019878 0.0328348 0.0298541 0.0238014 0.0249613 0.0255098 0.0209195 0.0209059 0.0235869 0.022488 0.0519833 0.0302435 0.0223702 0.0305752 0.0316688 0.0255493 0.0300099 0.0413284 0.0701878 0.0413931 0.0316129 0.0443581 0.0450109 0.040454 0.0368594 0.0284195 0.0291029 0.0282246 0.020352 0.0235643 0.0226873 0.0228183 0.0272052 0.0392998 0.0356154 0.0297672 0.0350172 0.0301381 0.0260823 0.0333138 0.0243523 0.0176078 0.0246177 0.0477021 0.0516477 0.0317978 0.0249731 0.0331446 0.0433479 0.0305526 0.0125465 0.0012572 1.84495e-05 0 0 
0 0 0 0 0.00015515 0.00493111 0.0107722 0.0126936 0.00784696 0.00856485 0.00774452 0.0101324 0.0154253 0.0217243 0.025606 0.0331512 0.0270349 0.0206753 0.0241143 0.0413211 0.0406487 0.0178107 0.0192881 0.0237047 0.0399808 0.0283392 0.0217377 0.0357613 0.038401 0.0323728 0.0372334 0.0323264 0.0707862 0.0497064 0.0342214 0.0365157 0.0393357 0.0530676 0.0418143 0.0262987 0.0287671 0.0221741 0.0191013 0.0200032 0.0175691 0.0180563 0.0298142 0.0455971 0.0450462 0.035003 0.0338632 0.031531 0.0316009 0.0305671 0.0290368 0.0297173 0.0313201 0.0314086 0.0301938 0.0169288 0.0226325 0.0332966 0.0330018 0.0197334 0.00559914 0.000241673 0 0 0 
0 0 0 0 6.95453e-06 0.00087216 0.00348434 0.0059772 0.00330405 0.00608831 0.00767554 0.00711089 0.00439801 0.00724306 0.0162168 0.01842 0.0113128 0.0182051 0.0230834 0.0288145 0.0386535 0.0294442 0.0321055 0.0314855 0.0299961 0.0291778 0.0263452 0.0331791 0.0344038 0.0341328 0.0301392 0.0284346 0.0506531 0.0566682 0.028727 0.031002 0.025691 0.0447102 0.0440031 0.0379733 0.0315642 0.0264882 0.0242883 0.0192665 0.0188864 0.0162842 0.0210273 0.0304623 0.0334611 0.0347807 0.0382539 0.04221 0.0360058 0.0298324 0.0286391 0.0291807 0.0287715 0.0255314 0.0276967 0.0176797 0.0301236 0.0362329 0.0251839 0.00789173 0.00129746 0 0 0 0 
0 0 0 0 0 0 0.00154462 0.00440854 0.0113966 0.0111533 0.00326967 0.00146191 0.000241932 6.8226e-05 0.00216096 0.00183584 0.00385634 0.0173859 0.0223713 0.0251675 0.0330329 0.0331364 0.030646 0.0295519 0.0213726 0.0247692 0.0285289 0.0266345 0.0297419 0.0362662 0.0229253 0.0260757 0.0457906 0.0359895 0.0330281 0.0341303 0.0356839 0.0390522 0.0437355 0.0556055 0.0320911 0.0277072 0.0266612 0.0267724 0.028571 0.0210444 0.0234046 0.0296032 0.0341426 0.0397477 0.038626 0.0399904 0.0275295 0.0234044 0.0294859 0.0292687 0.035696 0.0339821 0.0352022 0.0232644 0.0382359 0.0395214 0.0188405 0.00546259 0.000128416 0 0 0 0 
0 0 0 0 0 0 0.00018558 0.00513097 0.0321039 0.0329793 0.00796094 0.00676999 0.00337419 0 0 0.000458755 0.00697872 0.0127566 0.0215902 0.0251721 0.032485 0.0397295 0.0525165 0.0278772 0.0190846 0.0183083 0.0189246 0.018571 0.0287324 0.027444 0.0381845 0.0332874 0.0261705 0.0232972 0.022531 0.0273099 0.0525596 0.0450345 0.0371302 0.061442 0.0354562 0.0264153 0.0310278 0.0341471 0.0359743 0.0339764 0.028065 0.0260242 0.0264439 0.0251512 0.0294176 0.0298131 0.0240509 0.0248492 0.0256844 0.0273673 0.0381865 0.0362134 0.0363594 0.0310926 0.0298136 0.0231245 0.00714301 0.000557558 0 0 0 0 0 
0 0 0 0 0 0 1.49501e-05 0.00181369 0.0109383 0.0229971 0.0121824 0.0195127 0.00809113 0.000338601 5.21938e-05 0.00123451 0.0063497 0.0171401 0.0268539 0.0406366 0.0343143 0.0478015 0.0681562 0.0308683 0.0205221 0.0212648 0.0256809 0.024952 0.0279266 0.0323342 0.0568129 0.0537673 0.0250005 0.0220339 0.0249925 0.0294456 0.0545452 0.0382276 0.0346844 0.0592992 0.0376254 0.0359962 0.0273204 0.0269547 0.0233268 0.0264243 0.0248493 0.0260769 0.0261632 0.0311499 0.0287692 0.0292132 0.0235619 0.0218864 0.0335344 0.032991 0.0344812 0.0408472 0.0383369 0.028493 0.0192019 0.00979882 0.00143972 0 0 0 0 0 0 
0 0 0 0 0 0 0 1.73178e-05 0.000364534 0.00102543 0.007319 0.0158045 0.00950333 0.00194913 0.000100184 0.00179397 0.00939805 0.0169438 0.0193052 0.0348543 0.0271494 0.0270771 0.0309081 0.0242844 0.0201156 0.0240205 0.0253458 0.033949 0.034467 0.0393392 0.0328019 0.022758 0.0169732 0.0116052 0.0180003 0.0399005 0.0623991 0.0379106 0.0308131 0.0275527 0.0309502 0.0344846 0.0281797 0.0187865 0.0106171 0.0116346 0.018254 0.029225 0.0340699 0.0303264 0.0268436 0.0339584 0.0286506 0.0314587 0.0443229 0.0391161 0.0319599 0.0302123 0.030665 0.0308943 0.0102762 0.000872265 0 0 0 0 0 0 0 
0 0 0 0 0 0 0 0 0 0.000267055 0.00335176 0.00716457 0.00741714 0.00200138 2.2986e-05 0.00104558 0.00538019 0.0143701 0.0200006 0.0276412 0.0279678 0.0294307 0.0263737 0.0251456 0.0224933 0.0273495 0.0278293 0.0290039 0.0363134 0.0460748 0.035347 0.0230642 0.0200994 0.0203517 0.0345154 0.0484903 0.0564576 0.030412 0.0290746 0.0197831 0.0254065 0.03222 0.0269835 0.0246435 0.0201298 0.0126621 0.00830823 0.0170455 0.0225975 0.0292938 0.0302965 0.0327618 0.0392805 0.033625 0.0403641 0.0363224 0.0314908 0.0251855 0.029048 0.014493 0.00178468 0 0 0 0 0 0 0 0 
0 0 0 0 0 0 0 0 0 0 0.000161508 0.00155845 0.000932672 0.00057343 0.00348145 0.0129824 0.0117048 0.015094 0.0179029 0.0247012 0.0235847 0.0183294 0.0256696 0.0285506 0.0284053 0.0394999 0.0347898 0.0319801 0.0461781 0.0652057 0.0468985 0.0348896 0.0390693 0.0543557 0.0481263 0.0341117 0.0269344 0.024044 0.0267388 0.0197663 0.0221694 0.0264051 0.0259421 0.0261171 0.0225319 0.0168344 0.00631224 0.00795041 0.0164962 0.0277738 0.0274078 0.0248626 0.0277828 0.0270513 0.0325533 0.0377647 0.023465 0.0123444 0.0115656 0.00614001 0.000168264 0 0 0 0 0 0 0 0 
0 0 0 0 0 0 0 0 0 0 0 0 0 0.00107439 0.0105226 0.0305682 0.0288885 0.0172638 0.0151993 0.0190233 0.020789 0.0237797 0.0241054 0.0317209 0.0248317 0.0268491 0.038631 0.0405197 0.0372772 0.0344411 0.0261639 0.0204714 0.0292526 0.0366606 0.0332183 0.0259363 0.0205465 0.0204952 0.0177396 0.015271 0.0229427 0.0214536 0.0255806 0.0190174 0.0180128 0.0204465 0.018693 0.0108545 0.01443 0.0261292 0.0177504 0.0130848 0.0220901 0.0228568 0.0304593 0.0282918 0.0181877 0.00450573 0.00116176 0.000255116 0 0 0 0 0 0 0 0 0 
0 0 0 0 0 0 0 0 0 0 0 0 0 0.000936344 0.0135507 0.0270053 0.0237936 0.0130829 0.00909576 0.0124829 0.0165532 0.0185552 0.023382 0.0221459 0.0167901 0.019006 0.0368279 0.0380001 0.0243537 0.0162379 0.00912481 0.00855838 0.0200508 0.0325023 0.0240874 0.0214369 0.0165651 0.0217063 0.0200687 0.0213076 0.0235372 0.0240371 0.0169301 0.0227018 0.0104932 0.0176547 0.036556 0.0215741 0.011879 0.0178605 0.0230646 0.0238474 0.0313059 0.0146942 0.0229535 0.0222305 0.0149624 0.00231011 0 0 0 0 0 0 0 0 0 0 0 
0 0 0 0 0 0 0 0 0 0 0 0 0 0.00072849 0.0176718 0.0285364 0.0290113 0.0136477 0.0102067 0.0118269 0.0153719 0.0241995 0.0259145 0.0217263 0.0222161 0.0265602 0.0335041 0.0177433 0.00662724 0.00412479 0.00429442 0.0101736 0.0169219 0.0237369 0.0239548 0.0266009 0.0228832 0.0232685 0.0268225 0.0270186 0.0192886 0.0137546 0.00616543 0.0102117 0.00483304 0.00599711 0.0169772 0.016507 0.0102851 0.00811484 0.0111134 0.0159227 0.0309934 0.0303661 0.0109698 0.00844113 0.00372418 0.000216425 0 0 0 0 0 0 0 0 0 0 0 
0 0 0 0 0 0 0 0 0 0 0 0 0 3.66956e-05 0.00402129 0.0126249 0.0164312 0.00847391 0.00873777 0.0131798 0.0208507 0.0244799 0.0292547 0.02423 0.020012 0.0358638 0.0376249 0.011344 0.00457205 0.00511568 0.00736392 0.0121896 0.00981937 0.0113183 0.0151082 0.0180479 0.0239726 0.026298 0.0226616 0.015666 0.0104848 0.00768725 0.0127345 0.00479951 0.00824341 0.0111859 0.0124891 0.0122236 0.0109586 0.00771267 0.00582716 0.00496218 0.0116145 0.0168858 0.00616163 0.00100344 0.000203 0 0 0 0 0 0 0 0 0 0 0 0 
0 0 0 0 0 0 0 0 0 0 0 0 0 0 7.12248e-06 0.000737525 0.000292514 0.00357111 0.00687453 0.0101109 0.0164794 0.0171795 0.012876 0.0161566 0.0252149 0.0331819 0.0377008 0.0154156 0.00846767 0.0149902 0.0361815 0.0203512 0.00822654 0.00615458 0.00795049 0.0160222 0.0130345 0.0184561 0.0195532 0.00702789 0.00694052 0.00700869 0.00782774 0.0164126 0.0251313 0.0200114 0.0164608 0.00868479 0.00675575 0.00871784 0.00309465 0.00229412 0.00486089 0.00411074 0.000551686 8.99454e-06 0 0 0 0 0 0 0 0 0 0 0 0 0 
0 0 0 0 0 0 0 0 0 0 0 0 0 0 0 0 0 6.95821e-05 0.000815956 0.00569979 0.00879448 0.00940044 0.00559848 0.00669678 0.0228334 0.0302652 0.0261279 0.0210869 0.0116058 0.0203031 0.106979 0.0999484 0.020825 0.0113391 0.00889347 0.0081069 0.00738831 0.0124127 0.0254276 0.0120343 0.0101109 0.0119255 0.009181 0.0232908 0.0216778 0.0173911 0.0175923 0.00935512 0.00599606 0.00521561 0.000545921 0.000918439 0.000937666 9.35754e-05 0 0 0 0 0 0 0 0 0 0 0 0 0 0 0 
0 0 0 0 0 0 0 0 0 0 0 0 0 0 0 0 0 0 0 0.000745737 0.0049638 0.00734893 0.00466925 0.00340413 0.0180893 0.0290171 0.0264248 0.0238431 0.0297583 0.0241127 0.0381589 0.0358405 0.0260797 0.0190448 0.0099176 0.00433329 0.00323409 0.011152 0.0199214 0.021946 0.0147007 0.0152352 0.0218162 0.0165703 0.00952934 0.00987965 0.0112168 0.00443704 0.00306308 0.00112268 0 0 0 0 0 0 0 0 0 0 0 0 0 0 0 0 0 0 0 
0 0 0 0 0 0 0 0 0 0 0 0 0 0 0 0 0 0 0 0 0.000205718 0.000988031 0.00155044 0.00267356 0.00502529 0.0113581 0.0155145 0.0160323 0.021727 0.0226566 0.0278987 0.0290971 0.0250964 0.0151647 0.0136285 0.00729583 0.000654498 0.00686478 0.0147218 0.0261001 0.0197552 0.0191573 0.0163663 0.00771806 0.00247342 0.00534178 0.00367715 0.000399703 3.26037e-05 0 0 0 0 0 0 0 0 0 0 0 0 0 0 0 0 0 0 0 0 
0 0 0 0 0 0 0 0 0 0 0 0 0 0 0 0 0 0 0 0 0 0 8.69371e-05 0.000563245 0.00266627 0.00488405 0.00936301 0.00881993 0.0119306 0.0155657 0.0174573 0.0123496 0.00600522 0.0113223 0.0175424 0.0101233 9.35516e-05 0.00156143 0.0083952 0.0129559 0.0170363 0.0168798 0.00702244 0.0022872 0.000140005 0.000100256 4.96076e-06 0 0 0 0 0 0 0 0 0 0 0 0 0 0 0 0 0 0 0 0 0 0 
0 0 0 0 0 0 0 0 0 0 0 0 0 0 0 0 0 0 0 0 0 0 0 0 0 9.88006e-05 0.000218233 0.000711919 0.00216398 0.00278447 0.00212124 0.00187278 0.000481146 0.00310398 0.00314452 0.00120508 0 0.000254871 0.00252531 0.00432075 0.00413463 0.00303623 0.00046776 0 0 0 0 0 0 0 0 0 0 0 0 0 0 0 0 0 0 0 0 0 0 0 0 0 0 

