0 0 0 0 0 0 0 0 0 0 0 0 0 0 0 0 0 0 0 0 0 0 0 0 0 0 0 0 0 0 0 0 5.10956e-05 0.000176376 0.000264795 0 0 0 0 0 0 0 0 0 0 0 0 0 0 0 0 0 0 0 0 0 0 0 0 0 0 0 0 0 0 0 0 0 0 
0 0 0 0 0 0 0 0 0 0 0 0 0 0 0 0 0 0 0 0 0 0 0 0 0 8.33764e-08 0.000281533 0.000780717 0.001592 0.00259288 4.95644e-05 0.000416319 0.00163518 0.00584364 0.00538701 0.00498083 0.00248227 0.00485063 0.00307203 0.00130618 0.00115105 0.00021791 0.0010891 5.75507e-05 0 0 0 0 0 0 0 0 0 0 0 0 0 0 0 0 0 0 0 0 0 0 0 0 0 
0 0 0 0 0 0 0 0 0 0 0 0 0 0 0 0 0 0 0 0 0 0 0 7.82306e-06 0.00016382 1.89326e-05 0.00429778 0.00390927 0.0055181 0.00808661 0.00294722 0.00237997 0.0034294 0.00439633 0.0079041 0.0134902 0.0192264 0.031862 0.0224169 0.0166714 0.0102683 0.00996455 0.006907 0.00317733 0.00214075 0.00207549 0.000667489 2.51858e-05 5.94099e-08 0 0 0 0 0 0 0 0 0 0 0 0 0 0 0 0 0 0 0 0 
0 0 0 0 0 0 0 0 0 0 0 0 0 0 0 0 0 0 0 1.63855e-05 8.26125e-05 0.00118938 0.00329602 0.00829897 0.010807 0.00553284 0.0031983 0.00137349 0.00820296 0.011522 0.00622391 0.00205275 0.00401728 0.00412636 0.0055755 0.0106111 0.0128974 0.0176389 0.0179758 0.0209136 0.0276823 0.0234608 0.0188798 0.00978308 0.00705484 0.00709006 0.00348933 0.00273836 0.000732168 8.26184e-06 0 0 0 0 0 0 0 0 0 0 0 0 0 0 0 0 0 0 0 
0 0 0 0 0 0 0 0 0 0 0 0 0 0 0 0 0 0 0.000312921 0.00160431 0.00476251 0.00681771 0.0116681 0.0177741 0.027131 0.0174975 0.0119961 0.00370932 0.00810089 0.0164677 0.00908132 0.00321171 0.00670737 0.00787885 0.0129172 0.0140601 0.022967 0.0164626 0.0163621 0.0154498 0.0190175 0.0267303 0.0284465 0.0157796 0.0153785 0.0108053 0.00803861 0.00724246 0.0058832 0.000250876 1.55278e-06 0 0 0 0 0 0 0 0 0 0 0 0 0 0 0 0 0 0 
0 0 0 0 0 0 0 0 0 0 0 0 0 0 0 0 0.000146622 0.00188775 0.00712999 0.0133814 0.0176767 0.0231573 0.0244242 0.0249837 0.0214438 0.0185033 0.0161245 0.00548747 0.0114644 0.0181306 0.0121875 0.0130741 0.0167914 0.018184 0.024845 0.0246497 0.0298945 0.0189353 0.0201106 0.0223842 0.0190731 0.0271832 0.0270862 0.0247865 0.0220838 0.0209399 0.0187188 0.0153856 0.00980307 0.00297427 0.000182552 0.000121981 0.00047057 9.78409e-05 0 0 0 0 0 0 0 0 0 0 0 0 0 0 0 
0 0 0 0 0 0 0 0 0 0 0 0 0 0 1.65031e-05 0.000827989 0.00483223 0.0123514 0.0167288 0.0226018 0.0198905 0.0258665 0.0230126 0.0212677 0.0112132 0.0167169 0.0158751 0.0085087 0.0117996 0.019494 0.0156298 0.0232603 0.0239977 0.0186583 0.0202378 0.0222817 0.0262469 0.0257821 0.024754 0.0280414 0.0267738 0.0364564 0.0344292 0.0264715 0.0315953 0.0273329 0.0214611 0.0231992 0.0216906 0.0130082 0.00453154 0.003607 0.00770719 0.0022787 0.000376363 0 0 0 0 0 0 0 0 0 0 0 0 0 0 
0 0 0 0 0 0 0 0 0 0 0 0 0 0 0.00125486 0.0100857 0.0167363 0.0254678 0.0205239 0.0266635 0.024407 0.0222875 0.0214331 0.0175091 0.00837496 0.0108242 0.0155686 0.0118332 0.0198614 0.0197194 0.0242362 0.0413912 0.0393509 0.0207658 0.0204461 0.0201471 0.0201122 0.0292646 0.0271801 0.0277647 0.0347808 0.0335893 0.0270977 0.0298746 0.0502036 0.0465268 0.0291594 0.0315299 0.031608 0.0254749 0.0166426 0.00985883 0.0123431 0.0132492 0.00346339 9.47113e-05 0 0 0 0 0 0 0 0 0 0 0 0 0 
0 0 0 0 0 0 0 0 0 0 0 0 0 0 0.00190746 0.0123412 0.020897 0.0284994 0.0308131 0.029008 0.0194947 0.0174508 0.019574 0.0238221 0.0118893 0.0122486 0.0182416 0.0189415 0.0235657 0.0191356 0.0268115 0.0517717 0.051445 0.0245182 0.021128 0.0246797 0.0324738 0.0381927 0.0360331 0.0354532 0.0326914 0.0281096 0.0207701 0.0294906 0.0569359 0.0546319 0.0439539 0.0355138 0.0211093 0.0184619 0.0225347 0.0242254 0.0222438 0.022019 0.00844543 0.00164001 0.00160524 0.000103696 0 0 0 0 0 0 0 0 0 0 0 
0 0 0 0 0 0 0 0 0 0 0 5.2721e-05 0.00041266 9.65478e-06 0.000718468 0.00686021 0.0136276 0.0208839 0.0257881 0.0272817 0.0191051 0.0155979 0.0232633 0.0214315 0.0139531 0.011973 0.0213194 0.0221294 0.0306501 0.0216373 0.0236008 0.031492 0.0286527 0.0246782 0.0223211 0.0268714 0.0403931 0.0546026 0.0393516 0.0278902 0.0324211 0.0285898 0.0259192 0.0353482 0.059792 0.0565947 0.0472781 0.0263564 0.0250193 0.0277149 0.0246968 0.0270325 0.0271095 0.0285662 0.0180833 0.0133253 0.00837066 0.00359021 5.87548e-05 0 0 0 0 0 0 0 0 0 0 
0 0 0 0 0 0 0 0 0 0 0.00048286 0.00449575 0.00788206 0.00471887 0.00295301 0.00387032 0.00537314 0.00969013 0.0234703 0.0329531 0.0300415 0.0199698 0.0279106 0.0278881 0.0158836 0.0170824 0.0173231 0.0247804 0.032154 0.0245206 0.0209059 0.018811 0.0199946 0.0237081 0.0285696 0.0288573 0.0412713 0.0520877 0.0495439 0.0324599 0.0289303 0.0304894 0.042871 0.046191 0.0539858 0.0491643 0.0408774 0.0280943 0.0282944 0.0249913 0.0267816 0.0256832 0.0309853 0.0283974 0.0294358 0.0198077 0.0207278 0.0104757 0.00340485 0.000514349 0 0 0 0 0 0 0 0 0 
0 0 0 0 0 0 0 0 0 0.000430034 0.00546588 0.0112097 0.0174459 0.0167332 0.0072353 0.00971003 0.0117476 0.0159178 0.0153124 0.0258134 0.0327887 0.0312934 0.0252408 0.026997 0.0221683 0.0170116 0.0236013 0.0265867 0.0371237 0.0324746 0.0232444 0.0183114 0.0205595 0.021546 0.0337546 0.0286765 0.0322508 0.0361731 0.0402083 0.0344964 0.0296903 0.0369459 0.0410272 0.0406615 0.0394647 0.030571 0.0315152 0.0298844 0.0230275 0.0365236 0.0432496 0.0375946 0.0350316 0.0268092 0.022534 0.0197385 0.0140954 0.0159559 0.0141557 0.00826389 0.0006064 0 0 0 0 0 0 0 0 
0 0 0 0 0 0 0 0 0 0.0019212 0.00826896 0.0159453 0.0208863 0.0191021 0.0162607 0.0162112 0.0140973 0.0201941 0.0194165 0.0237901 0.0297854 0.0321147 0.0264465 0.0271358 0.0219572 0.0238325 0.0275867 0.0279769 0.0274791 0.0272161 0.0232001 0.0172027 0.0227763 0.0287995 0.0412825 0.0303971 0.0261474 0.0283234 0.0346378 0.039495 0.0319256 0.0388375 0.0410485 0.0315195 0.0340335 0.0329808 0.026249 0.0365702 0.0380736 0.0435299 0.0416485 0.0360143 0.0300387 0.0300139 0.0261883 0.0201748 0.0153444 0.0145385 0.0214971 0.0222522 0.00587658 0.000260823 0 0 0 0 0 0 0 
0 0 0 0 0 0 0 0 0.000899894 0.00490457 0.0111122 0.0161718 0.0251718 0.0223175 0.0162191 0.0165681 0.0179685 0.0183325 0.0212042 0.0267974 0.0210363 0.028463 0.0286791 0.0277349 0.0221757 0.0218937 0.0195717 0.023568 0.0345033 0.0270208 0.0242486 0.0223867 0.0214052 0.0239841 0.0322687 0.0333295 0.0288575 0.0298477 0.0281216 0.0346793 0.0316322 0.0344553 0.0309812 0.0271582 0.0249456 0.0235786 0.0263221 0.0311209 0.0412172 0.0387489 0.0420107 0.0355832 0.0242388 0.0248016 0.0200634 0.0155982 0.0133738 0.0208919 0.030129 0.0342166 0.020169 0.00245898 0 0 0 0 0 0 0 
0 0 0 0 0 0 0 4.50952e-05 0.00260095 0.0104532 0.0121517 0.0153518 0.0189675 0.0185309 0.0102748 0.0184919 0.024999 0.0196908 0.0234752 0.0227532 0.0182552 0.0220452 0.0187253 0.0199146 0.0208661 0.0198052 0.0225051 0.0222299 0.0307006 0.056381 0.0458365 0.0298822 0.0206699 0.0170442 0.0261216 0.0304282 0.0326423 0.0341355 0.0242977 0.0355636 0.0374513 0.0300069 0.0258676 0.0310354 0.0329839 0.0233122 0.024002 0.0277864 0.0280414 0.0297031 0.0271479 0.0307996 0.0232662 0.021769 0.0218974 0.0183719 0.0207055 0.0355967 0.0367976 0.0357977 0.0167265 0.00401857 0.000113002 0 0 0 0 0 0 
0 0 0 0 0 0 0 0.000520399 0.00737482 0.0147865 0.00996376 0.0150281 0.0124973 0.0159497 0.012701 0.0165429 0.0221755 0.0143105 0.0199047 0.0225428 0.0173236 0.0234209 0.0162902 0.0161437 0.0201732 0.0277659 0.0228373 0.0227788 0.0352113 0.0928541 0.0811641 0.0279989 0.0175992 0.0151466 0.0253295 0.0270125 0.0280364 0.0340054 0.0346562 0.0378073 0.0340134 0.0345372 0.0281348 0.0267727 0.0246313 0.0175367 0.0176699 0.0257003 0.0266829 0.034838 0.0334661 0.0397035 0.0291205 0.0258141 0.0214016 0.0252199 0.0285178 0.0277796 0.0296326 0.0315135 0.0101912 0.00206117 4.43476e-05 0 0 0 0 0 0 
0 0 0 0 0 0 0 0.00516092 0.0104897 0.0164782 0.00888733 0.0093227 0.00913344 0.0121521 0.0147762 0.0155611 0.0144962 0.0145325 0.019168 0.0247895 0.0241423 0.0292453 0.01811 0.0146784 0.0180945 0.0251324 0.0230826 0.0204766 0.0234673 0.0580866 0.057009 0.0287532 0.0203539 0.0221727 0.024867 0.0256991 0.0323568 0.032895 0.0388479 0.0376029 0.0296205 0.0291906 0.0338027 0.0271153 0.0231654 0.0142465 0.0166032 0.021075 0.0251176 0.0317219 0.0358726 0.044882 0.0328421 0.026851 0.0304774 0.035776 0.0352943 0.0283893 0.0323722 0.0309059 0.00876279 0.000213759 0.000561678 0.000961436 8.45019e-05 0 0 0 0 
0 0 0 0 0 0 0 0.00235027 0.00869284 0.0150591 0.0106157 0.00798722 0.00549093 0.00545871 0.00959146 0.0135099 0.0160617 0.0144701 0.0255007 0.0242207 0.0266518 0.0196724 0.0118541 0.0123408 0.0131781 0.0180389 0.023871 0.0214539 0.0157855 0.0192362 0.0291278 0.0270177 0.0272735 0.0280981 0.0287148 0.0293811 0.0348196 0.0324873 0.0328611 0.0346715 0.0287399 0.0272806 0.0305126 0.0333458 0.0301648 0.0197946 0.0175307 0.0173888 0.0294706 0.0306453 0.0348444 0.0335712 0.0382713 0.0272676 0.0373467 0.044218 0.0422434 0.038282 0.0370239 0.0325347 0.013159 0.00310302 0.00339856 0.00235221 0.000328536 0 0 0 0 
0 0 0 0 0 0 0 0.00239876 0.010043 0.0158575 0.0140584 0.00887756 0.00499579 0.00662028 0.00958814 0.0145319 0.0210133 0.0226744 0.0244494 0.0234016 0.0165368 0.0167063 0.0177239 0.0172184 0.0183714 0.0200964 0.0226024 0.0138899 0.013539 0.0127744 0.0208455 0.0296391 0.0339685 0.0268986 0.0306378 0.039446 0.0374858 0.0318717 0.02878 0.0313056 0.0254675 0.0152841 0.0192776 0.0257626 0.0364039 0.0218274 0.0236908 0.0264025 0.0310057 0.0252934 0.0321362 0.0346421 0.0310586 0.0388396 0.0369665 0.0447771 0.0433649 0.0388372 0.0362764 0.0316387 0.0182788 0.011463 0.0168126 0.00623028 0.00172444 7.10996e-05 0 0 0 
0 0 0 0 5.23759e-05 0.00013156 0.000108313 0.000939361 0.00717906 0.0166704 0.0143828 0.00921923 0.00842515 0.0125142 0.00788011 0.0134659 0.0228223 0.0265598 0.0251914 0.0239396 0.016645 0.0234282 0.0167882 0.0191264 0.0184778 0.0183773 0.0122934 0.0100698 0.0218216 0.0189992 0.0236332 0.0243155 0.0295957 0.0266871 0.0316579 0.0376675 0.0355323 0.0212697 0.0243546 0.0312397 0.0211185 0.0182606 0.0211829 0.0248395 0.0305367 0.0257187 0.0215073 0.0325317 0.0335306 0.0211358 0.0263399 0.0272428 0.0300572 0.035675 0.0433931 0.0454952 0.0566485 0.0301804 0.0311733 0.0324551 0.0308227 0.0260947 0.0340279 0.0115316 0.00295971 0.000404426 0 0 0 
0 0 0 0.000104172 0.00245473 0.00229722 0.00290664 0.00183736 0.00420606 0.00844759 0.0113789 0.0138301 0.0114201 0.0144767 0.0127792 0.0148799 0.0212771 0.030233 0.0235726 0.0269197 0.0268181 0.022376 0.0209674 0.0169964 0.0120139 0.0115609 0.0174601 0.0200282 0.0198774 0.0191657 0.0221719 0.0240111 0.0250722 0.0264602 0.0306365 0.0321726 0.0326582 0.0216502 0.0181413 0.0300864 0.0236197 0.0295714 0.0222802 0.0281854 0.0399727 0.0348306 0.0288358 0.0268788 0.0350409 0.0340379 0.0248344 0.0254045 0.0257103 0.0313366 0.0357466 0.040714 0.036283 0.0207099 0.0272384 0.0410269 0.0344337 0.0327125 0.0284688 0.0137859 0.00810184 0.00127174 9.12895e-06 0 0 
0 0 0 0.001446 0.0118831 0.0133429 0.0105529 0.00852733 0.00795633 0.0159959 0.0154756 0.0183917 0.0161318 0.0165072 0.0216128 0.0114107 0.0125445 0.0146623 0.0204205 0.0259222 0.0230297 0.0228004 0.021658 0.0188141 0.016433 0.0148054 0.0236717 0.0239589 0.0194275 0.0266788 0.0241436 0.02927 0.0282885 0.0269488 0.0226182 0.0253283 0.0300111 0.0267659 0.0224335 0.0247972 0.0333207 0.0410001 0.0271022 0.0280807 0.0403675 0.0430404 0.0328296 0.0249873 0.0316128 0.0396743 0.0299518 0.029291 0.0286112 0.0240355 0.0293847 0.0314769 0.0220153 0.0226244 0.0248352 0.0368802 0.0331073 0.0306965 0.0237758 0.0137547 0.00875267 0.00250182 0.000223297 0 0 
0 0 6.20123e-05 0.00696672 0.0180736 0.0255079 0.0190301 0.0156311 0.0204576 0.0238541 0.0243897 0.0189147 0.0227132 0.0233141 0.0194752 0.0124329 0.0107353 0.0120894 0.0269114 0.0311022 0.022399 0.024893 0.0219897 0.0186135 0.0126882 0.015501 0.021813 0.0267117 0.0305053 0.0330868 0.0303044 0.0302279 0.0293068 0.0287861 0.03107 0.0290919 0.0261965 0.0225433 0.0227611 0.0224408 0.039126 0.0453657 0.0296769 0.0298038 0.0364391 0.0347941 0.0297191 0.0317573 0.0313116 0.0372182 0.034266 0.0226638 0.022304 0.0233625 0.0166105 0.0175961 0.0173501 0.0169925 0.0200313 0.0332634 0.0381495 0.0390007 0.0317396 0.0176426 0.00941899 0.0115806 0.00116446 0 0 
0 0 0.000807983 0.0125471 0.0248645 0.0234655 0.0202905 0.0210027 0.0252449 0.0255309 0.0263046 0.0208705 0.0168299 0.0222285 0.0173079 0.00804084 0.0121247 0.0159784 0.0214035 0.023008 0.023937 0.026993 0.0220205 0.019571 0.014205 0.0153791 0.0242192 0.0256355 0.029899 0.0318023 0.0345798 0.0303363 0.0291252 0.0284995 0.0297479 0.0265423 0.0298884 0.022948 0.0282866 0.0312076 0.0460708 0.0487777 0.0360953 0.0307755 0.0237911 0.032093 0.0221542 0.0327835 0.0307904 0.0362361 0.0332079 0.0279937 0.0296411 0.0288333 0.0308639 0.0312876 0.0201916 0.0165866 0.0247931 0.0284553 0.0305807 0.0358763 0.0226095 0.0213754 0.0269231 0.0206381 0.00371044 0 0 
0 0 0.00260827 0.0143771 0.0259542 0.0224701 0.0210745 0.0280039 0.0237096 0.0274939 0.0257867 0.0232845 0.0200441 0.0221459 0.0187561 0.0142012 0.0134867 0.0175341 0.02022 0.0255021 0.0241626 0.0235725 0.0219713 0.0223094 0.021219 0.0210772 0.026221 0.0217415 0.0272929 0.0248281 0.0215864 0.0264609 0.0254346 0.0174194 0.0245607 0.0261785 0.0225872 0.0182413 0.0228536 0.0269091 0.0430641 0.0466915 0.0451934 0.0362127 0.0261327 0.0309501 0.0329534 0.0253558 0.0237269 0.0244254 0.0212692 0.0206608 0.0301035 0.0345868 0.0262719 0.0280884 0.0240243 0.0198428 0.0245712 0.0338815 0.0347409 0.0329997 0.0193776 0.0162429 0.0238381 0.0251332 0.00711209 9.29007e-05 0 
0 0 0.00387856 0.0127854 0.0207685 0.0296709 0.0256061 0.0255797 0.0258568 0.0244827 0.0293426 0.0213731 0.0226054 0.0262485 0.0309853 0.0200373 0.0168558 0.0172484 0.0234787 0.018681 0.0253757 0.0260581 0.0332768 0.0316588 0.0279618 0.0224174 0.0235211 0.0174703 0.0194475 0.0182555 0.0229925 0.021334 0.0178544 0.0145239 0.0188605 0.0291911 0.0215065 0.0225439 0.027272 0.026283 0.0292346 0.0467406 0.0499585 0.0421704 0.0352056 0.0319571 0.0451146 0.0297518 0.0134671 0.0108236 0.0111773 0.0113731 0.0231163 0.0284134 0.0206318 0.021265 0.0266985 0.019879 0.0226767 0.0317458 0.0370414 0.0257104 0.0187147 0.016861 0.0228522 0.0283786 0.01044 0.00121504 0 
0 0.000104825 0.00606357 0.015742 0.0185998 0.0246405 0.0309282 0.027925 0.0227267 0.0225871 0.0183834 0.0196921 0.020888 0.0261906 0.0299934 0.0229807 0.0234554 0.019053 0.023487 0.021975 0.0206368 0.0323718 0.0298933 0.0252034 0.0255275 0.020283 0.0213468 0.0230421 0.0156819 0.0197076 0.0236483 0.0182744 0.0109694 0.0113764 0.0224439 0.0239618 0.0205885 0.0248191 0.0255101 0.0302963 0.0362939 0.0348637 0.0305389 0.0349415 0.0386897 0.0396499 0.0446099 0.0337532 0.0212617 0.00598973 0.00925478 0.0159296 0.0249688 0.0191921 0.0226946 0.0259201 0.0280506 0.0172291 0.0222081 0.0270218 0.020022 0.0186841 0.017063 0.0208281 0.0296015 0.0341689 0.0171041 0.00223406 0 
0 0.00150273 0.00834729 0.010742 0.0123722 0.01797 0.0235237 0.0138889 0.0151916 0.0218643 0.0175 0.0184479 0.0254885 0.0284696 0.0292815 0.0227446 0.0244223 0.0299475 0.0255414 0.0199247 0.0238851 0.0292721 0.0192964 0.0210564 0.0195292 0.0198838 0.0241463 0.0230384 0.0230742 0.0196683 0.0297658 0.0311396 0.0273708 0.0225405 0.0236108 0.0206927 0.0194486 0.0219781 0.0263579 0.0343333 0.0322405 0.0308318 0.0312806 0.0384619 0.0466166 0.0421373 0.0392779 0.0356212 0.0260298 0.0155921 0.0142826 0.0184579 0.0197434 0.0193595 0.0264662 0.0288601 0.0299953 0.0193755 0.0274795 0.0312556 0.0225727 0.0119577 0.01654 0.0245732 0.0315039 0.0287562 0.0108413 0.000886308 0 
0 0.00373103 0.00821044 0.00717853 0.011204 0.016643 0.0167317 0.0121058 0.0106797 0.0154903 0.0187498 0.0201316 0.0218764 0.0268271 0.0280836 0.0260444 0.0250848 0.0293135 0.0291332 0.025839 0.0277043 0.0227921 0.0195846 0.0254841 0.0266996 0.0257986 0.0229269 0.0255455 0.0273399 0.0216918 0.0231607 0.0278961 0.0322132 0.0266465 0.0245663 0.0224713 0.018705 0.0190058 0.0259545 0.0341124 0.0355229 0.0416586 0.0482468 0.0391057 0.04418 0.0321957 0.0387494 0.0378934 0.0285186 0.0180664 0.0153265 0.0174416 0.0148177 0.0209859 0.0270125 0.0316541 0.0301095 0.0301318 0.0306049 0.031639 0.0199454 0.0274351 0.0352907 0.0295612 0.0213669 0.0204998 0.00798331 0.00137633 0.00033454 
0 0.00370007 0.00972424 0.00754018 0.012545 0.0189645 0.0215854 0.015304 0.0111166 0.0115095 0.02128 0.0210044 0.0221725 0.0201324 0.0201627 0.0216066 0.0298525 0.0237645 0.0288566 0.0297733 0.02999 0.0309697 0.0253197 0.0241669 0.0217553 0.022315 0.0208263 0.0283575 0.0320701 0.0292818 0.0272436 0.0314833 0.0308308 0.0248205 0.0262021 0.0278823 0.0255041 0.0228879 0.026558 0.0315962 0.039376 0.0498399 0.0497388 0.0454281 0.042344 0.0290784 0.0407028 0.0290758 0.0181638 0.0137046 0.0180672 0.016961 0.0199777 0.0295211 0.0227357 0.0235027 0.027947 0.0277086 0.0268354 0.0278202 0.0326864 0.0326302 0.0302193 0.0163114 0.00913121 0.0119644 0.0101264 0.00641301 0.00314651 
8.88213e-06 0.00351771 0.00579073 0.00902469 0.0118771 0.0152522 0.0134712 0.0126023 0.0158583 0.0119179 0.0165491 0.0188351 0.018636 0.0170626 0.0199367 0.023044 0.0276327 0.0234944 0.0242156 0.0218465 0.0220985 0.0290803 0.0231687 0.0206519 0.0209993 0.0205455 0.027185 0.030802 0.0279716 0.0401624 0.038366 0.0327369 0.0277041 0.0254247 0.0271419 0.0281171 0.0327156 0.0351819 0.0332017 0.0372617 0.0442647 0.0404949 0.0341085 0.040211 0.0322111 0.0475895 0.0422054 0.0241434 0.0166525 0.0253373 0.0274531 0.0279498 0.0239698 0.0227975 0.0200751 0.0249072 0.034344 0.0315502 0.0232908 0.0244608 0.020459 0.0207688 0.023857 0.0197417 0.015153 0.0266894 0.0210824 0.0121765 0.00293235 
1.58599e-05 0 0.000538769 0.00200338 0.0086011 0.00940897 0.0107785 0.0128199 0.0130279 0.0109161 0.0153104 0.0131576 0.017185 0.0137964 0.0215564 0.0163721 0.0214007 0.020926 0.0185385 0.0121085 0.0138215 0.023608 0.0275471 0.0256875 0.0240106 0.0287319 0.0285786 0.0230398 0.0258399 0.0330716 0.035774 0.0269841 0.0234075 0.0238486 0.0267405 0.0295985 0.0338203 0.0290572 0.0280762 0.0319623 0.0390469 0.0375182 0.035444 0.0303863 0.0307647 0.0325727 0.0296881 0.017816 0.0158327 0.0248397 0.0320235 0.0326546 0.0292734 0.0208345 0.0218603 0.0279729 0.034691 0.0260613 0.0109824 0.0175028 0.0156919 0.0171685 0.0187251 0.0196642 0.0162332 0.0261519 0.0249583 0.0216686 0.00828582 
9.61738e-05 0 0 0.000181109 0.00470654 0.00725986 0.0122333 0.00952773 0.0124594 0.0143338 0.0236556 0.0129672 0.0118553 0.00945393 0.0175896 0.0204909 0.0205672 0.0144496 0.0146157 0.0137372 0.0145021 0.0175073 0.0182167 0.0216652 0.0330645 0.0361682 0.0247322 0.0250999 0.0258354 0.0201822 0.0269404 0.0279411 0.0241994 0.0294422 0.0284621 0.0281535 0.0277324 0.0274104 0.028389 0.0273621 0.0270421 0.0311784 0.0272842 0.0344866 0.0291913 0.0316288 0.0213107 0.0192932 0.0181444 0.025171 0.0358842 0.0334241 0.0265031 0.0256913 0.02457 0.0241866 0.0326482 0.0187981 0.0178855 0.0246168 0.0249488 0.0258073 0.0163584 0.0175641 0.0178153 0.0154185 0.0175416 0.0144071 0.00489307 
7.84341e-05 0 0 0 0.000747836 0.00114047 0.00505417 0.00841066 0.0133872 0.0172391 0.0174762 0.0209596 0.0109689 0.00355836 0.0096885 0.0203195 0.0153457 0.0149208 0.0144009 0.0178048 0.017493 0.0208446 0.0174064 0.0226117 0.0412452 0.0341299 0.0218874 0.0212402 0.0227901 0.0170946 0.0270826 0.0284671 0.024774 0.0312831 0.0242636 0.0284019 0.0410813 0.0264413 0.0276596 0.0216685 0.0222655 0.0248139 0.0290759 0.0337024 0.0368421 0.0353515 0.0294061 0.0191329 0.0207526 0.0197413 0.0273886 0.0293548 0.0193316 0.0233151 0.0212999 0.0277046 0.0276033 0.0186401 0.0184188 0.0166355 0.0247389 0.0263252 0.0210025 0.0133568 0.0148287 0.0161887 0.0117734 0.00709459 0.00390546 
3.41037e-05 0 0 0 6.81542e-05 0.00102323 0.00592525 0.00855123 0.012823 0.0159441 0.0118303 0.0136739 0.00714474 0.00272023 0.00742057 0.0152193 0.0116731 0.0156943 0.0199127 0.0210196 0.0275208 0.0225097 0.0146126 0.0229189 0.0322488 0.0268669 0.020199 0.0213277 0.0289924 0.0246523 0.0259329 0.0380875 0.0345654 0.0284755 0.0458951 0.0525023 0.0255956 0.0233549 0.0240568 0.0222613 0.0168895 0.0184339 0.0329356 0.0336291 0.0371259 0.0425559 0.0381096 0.0264682 0.0167251 0.0199548 0.0171804 0.0251162 0.0193693 0.0213129 0.018028 0.0225731 0.0260543 0.0174283 0.0199101 0.0180802 0.0313879 0.0349228 0.0266237 0.00851381 0.00910184 0.0109875 0.00797046 0.0041156 0.00237997 
4.19341e-05 0 0 3.79699e-06 0.00128318 0.00734651 0.0160754 0.0171823 0.0125835 0.014316 0.00886496 0.00773154 0.00461113 0.00593154 0.0145016 0.017886 0.0184097 0.0218248 0.0270099 0.0266779 0.0261249 0.0240108 0.0231343 0.0227789 0.027399 0.0223585 0.021181 0.0203602 0.0328289 0.0237265 0.0266175 0.0320768 0.0298542 0.0306584 0.102691 0.0892145 0.0231411 0.0246842 0.029857 0.0283526 0.0268627 0.0280627 0.0356115 0.0340729 0.0278039 0.0350417 0.0333828 0.0306394 0.0271571 0.0221885 0.0183046 0.013538 0.0109577 0.0106907 0.0177303 0.016217 0.0158167 0.00978075 0.0131879 0.0183026 0.0288685 0.02311 0.0216362 0.00700384 0.0102627 0.0128964 0.00994949 0.00354968 0.00185333 
4.61906e-06 0 0 0.000132957 0.00452078 0.00986759 0.0207013 0.0198361 0.00872828 0.00747103 0.00422317 0.00500608 0.00505833 0.00979497 0.0156546 0.0177027 0.0187385 0.0254441 0.0268987 0.0245862 0.0229772 0.0275628 0.0258183 0.0347584 0.0299743 0.0270022 0.0260013 0.0218686 0.022971 0.0199685 0.0211403 0.0296175 0.0243607 0.0311072 0.0932215 0.103961 0.0365858 0.0220059 0.0226553 0.0208167 0.0192701 0.0281226 0.03513 0.0321116 0.0280974 0.0318029 0.0276554 0.0281563 0.0254645 0.0163315 0.0106285 0.0087949 0.0120325 0.0153656 0.014554 0.0146212 0.0190295 0.0202879 0.0263935 0.0294386 0.0219848 0.0140737 0.0140792 0.00891216 0.0105208 0.0116279 0.0118548 0.00850217 0.00331416 
3.23523e-06 0 0 0.000147752 0.00421207 0.00921343 0.0192666 0.0207611 0.00919132 0.00889047 0.00546549 0.00607969 0.00725608 0.0181263 0.0210952 0.0187128 0.0208754 0.025267 0.02403 0.022419 0.0236616 0.020496 0.0233677 0.0196649 0.0319907 0.0305207 0.0217158 0.021409 0.0185047 0.0180057 0.0214482 0.0226774 0.0175262 0.0314601 0.0616415 0.0515113 0.0613609 0.0305405 0.0199582 0.0226587 0.0194376 0.0291211 0.0317792 0.0261409 0.029476 0.0344073 0.0292616 0.0277193 0.0178027 0.0131124 0.0143308 0.0143914 0.0246311 0.027825 0.0286546 0.024715 0.0196032 0.0240964 0.033784 0.0337961 0.0258228 0.019038 0.0140066 0.0111465 0.0182017 0.0123313 0.0117408 0.0080109 0.000474849 
0 0 0 0.000629549 0.00349022 0.0072035 0.00971912 0.0121184 0.0113041 0.0114587 0.0142918 0.011342 0.0161134 0.0186571 0.0265659 0.0214032 0.0260748 0.020515 0.0254874 0.0240882 0.0288141 0.0263403 0.0218956 0.0285924 0.0286134 0.0280777 0.0195446 0.0198027 0.0175976 0.0208499 0.0181008 0.0194204 0.0197371 0.0262757 0.0266079 0.023707 0.0560932 0.0525737 0.0311344 0.0298023 0.0265232 0.0268484 0.0314507 0.029341 0.0252162 0.0277273 0.0205133 0.0174061 0.0155967 0.0127773 0.018008 0.0149952 0.026447 0.0284972 0.0343453 0.033755 0.029958 0.0343951 0.0346588 0.028132 0.0255455 0.0168355 0.0101745 0.00905151 0.0176022 0.0187819 0.0151927 0.00442954 9.48257e-05 
0 0 0 0.000431364 0.00212691 0.00565024 0.0129033 0.01203 0.0144023 0.0162447 0.0142685 0.0112965 0.0199458 0.0204319 0.0280806 0.0247217 0.021796 0.0160439 0.0222272 0.0338315 0.0315417 0.030807 0.0300104 0.0291482 0.0276301 0.0211957 0.0196848 0.0220422 0.017739 0.0192447 0.0244976 0.0276 0.0290971 0.0283849 0.0227926 0.0289291 0.0609865 0.0506788 0.0335089 0.0247157 0.0215981 0.0239421 0.0283231 0.0278663 0.0237715 0.023341 0.028381 0.0197898 0.0175569 0.0157768 0.0266885 0.0260502 0.026671 0.0391536 0.0374798 0.0381619 0.0446556 0.0360109 0.0281709 0.0196871 0.0244941 0.0136404 0.00984067 0.0113152 0.0152188 0.0137699 0.0149163 0.00671414 7.97013e-05 
0 9.11897e-06 8.40412e-05 0.000714153 0.00496406 0.00930504 0.0158382 0.017464 0.016079 0.0169014 0.0125768 0.0112933 0.0163261 0.0274563 0.0284024 0.0227092 0.0248868 0.0206741 0.0239812 0.0311762 0.0336294 0.0265127 0.0242201 0.0230941 0.0198019 0.0192564 0.0252879 0.027987 0.0238819 0.0241991 0.0258243 0.0292937 0.0264538 0.0245665 0.027358 0.0510265 0.0644415 0.0272149 0.0242142 0.0259708 0.0296494 0.0295886 0.0229362 0.018571 0.0220103 0.0195593 0.0222091 0.0165888 0.0107602 0.0205249 0.0376565 0.0335274 0.0215518 0.0472078 0.0555897 0.0406112 0.0416665 0.0355708 0.0289553 0.0202048 0.0266182 0.0173612 0.00950227 0.0147232 0.0136292 0.0201169 0.0113579 0.00661768 0.000808961 
0 0.00109942 0.00258976 0.00619343 0.0106918 0.01393 0.0168527 0.0129554 0.0160793 0.0159667 0.0178274 0.0202486 0.0129518 0.0207159 0.0283235 0.025011 0.0246044 0.028668 0.0261734 0.0312619 0.0352061 0.0322932 0.0247655 0.0150062 0.0149389 0.0237128 0.0298137 0.0268662 0.0261082 0.0269909 0.0234361 0.0190155 0.0243069 0.0315 0.0232565 0.0316147 0.0268959 0.0283651 0.0284858 0.0331331 0.0319159 0.0311276 0.0282567 0.0211776 0.0272235 0.0271533 0.0315822 0.0323794 0.0236499 0.0333319 0.0517719 0.0416061 0.0251471 0.0276928 0.0394207 0.0409653 0.0380683 0.0358823 0.0356074 0.0325444 0.0334846 0.0228175 0.0164763 0.0219294 0.0243956 0.0412715 0.0225622 0.00757367 0.00190491 
0 0.000224342 0.00210127 0.0127342 0.0154859 0.0116937 0.0123554 0.0124955 0.0156871 0.0196956 0.0180916 0.021731 0.017462 0.0169518 0.0218005 0.0286104 0.0264811 0.0235292 0.0293948 0.028462 0.024836 0.0253229 0.0200231 0.0183156 0.0232429 0.0265024 0.0273791 0.028262 0.0304246 0.0255255 0.0266892 0.027999 0.0338743 0.0497035 0.0369077 0.028053 0.0262564 0.0414905 0.0474587 0.0413955 0.0265197 0.0297969 0.0285677 0.027326 0.022726 0.0276151 0.0276083 0.0347953 0.0306419 0.0354654 0.0390879 0.0292262 0.0261395 0.0175457 0.0197403 0.0329614 0.041024 0.0464308 0.0385141 0.0394375 0.0311682 0.0253643 0.0230564 0.0215508 0.0224946 0.0241677 0.0145507 0.00779221 0.000486622 
0 0 0.00154078 0.00912996 0.0127136 0.0117193 0.00987547 0.0118669 0.0126301 0.0219802 0.0216233 0.021659 0.0253145 0.0251675 0.0240723 0.0271895 0.0237842 0.0243132 0.0259012 0.0232612 0.0163343 0.0144715 0.0223839 0.0317931 0.0328394 0.0271001 0.0277155 0.0269172 0.0264032 0.0264755 0.0288334 0.0310736 0.0329353 0.0358778 0.0450656 0.0313416 0.0463525 0.149003 0.0750691 0.0288428 0.0278724 0.0330688 0.0312524 0.0280814 0.0229757 0.0300581 0.0250738 0.0280925 0.0282591 0.0257424 0.0209622 0.0166086 0.0215767 0.0237353 0.0291877 0.0322506 0.0379824 0.0410847 0.0327773 0.0309493 0.0319346 0.0272652 0.0338623 0.0184945 0.0135157 0.0176835 0.0172482 0.00535109 0.000143306 
0 0 0.00080199 0.00615913 0.0125455 0.0137265 0.0136455 0.0151174 0.0167469 0.0208986 0.0210878 0.0238271 0.0320854 0.0225461 0.015433 0.0210441 0.026914 0.0256755 0.0265357 0.0221184 0.0154244 0.0197744 0.0289299 0.0353157 0.0415394 0.0265306 0.0247651 0.0227142 0.0223553 0.0338866 0.0432709 0.0436574 0.0426257 0.0383604 0.0567865 0.0468508 0.094798 0.114681 0.0454909 0.0214111 0.030202 0.040627 0.0319299 0.026875 0.0259718 0.0308809 0.0262524 0.0302628 0.028834 0.0184879 0.023344 0.0200143 0.0212539 0.0213539 0.0242276 0.0345195 0.0389913 0.0421256 0.031653 0.0248146 0.0151424 0.0106193 0.0141537 0.0099592 0.0106829 0.0139884 0.0110875 0.00463515 1.52393e-06 
0 0 0.00042918 0.00264405 0.0083599 0.0125887 0.0125055 0.0175545 0.0162608 0.0221473 0.0277009 0.0258995 0.0245037 0.0121619 0.00825227 0.0170297 0.0348515 0.02968 0.0250499 0.0179283 0.0193061 0.0209073 0.0252854 0.0288097 0.0341521 0.0224306 0.0258392 0.0230993 0.0244899 0.0260391 0.0315354 0.0278515 0.0485778 0.0423983 0.0480188 0.0616697 0.0757365 0.0481606 0.0244969 0.0301281 0.0296095 0.0394921 0.0420285 0.0274095 0.0209127 0.0326711 0.0360934 0.0340209 0.0293347 0.0197714 0.0258287 0.0236119 0.0228742 0.0317291 0.0273359 0.0343197 0.0282024 0.0340831 0.0440641 0.0411017 0.0231602 0.0072091 0.0103709 0.00885745 0.0147945 0.0100186 0.00312155 0.000853621 3.27316e-08 
0 0 0 0.00198781 0.00684797 0.0146375 0.0141174 0.0121742 0.0154684 0.0202419 0.026321 0.0205339 0.0245594 0.0190104 0.0113229 0.0113317 0.0174546 0.0273328 0.0272396 0.0229395 0.0268169 0.0281256 0.0227132 0.0165852 0.0209542 0.0201804 0.029213 0.02564 0.0247033 0.0248509 0.0307682 0.069235 0.0719962 0.0322865 0.0339451 0.0346628 0.0297268 0.0288957 0.0202337 0.0266406 0.0344995 0.0351226 0.0368831 0.0260222 0.0249305 0.0358649 0.038386 0.0381324 0.0255002 0.0265546 0.0286318 0.0365843 0.0351881 0.0350183 0.0299334 0.0376324 0.0215753 0.0273589 0.0344875 0.0339203 0.0251462 0.00686525 0.00725749 0.0144878 0.0179883 0.00958789 0.00392394 0.000337382 0 
0 0 0 0.00127899 0.00878758 0.010893 0.0111903 0.00645548 0.0124868 0.013795 0.0167679 0.0178107 0.0192834 0.0298268 0.0311476 0.0137291 0.0130667 0.0221948 0.0222161 0.0229305 0.0271773 0.0275946 0.025133 0.0134239 0.0171356 0.0189301 0.0256712 0.0221001 0.0229574 0.026749 0.0503081 0.0699005 0.0339104 0.0231553 0.0241353 0.0242637 0.0225906 0.0246897 0.0213426 0.0234758 0.0327672 0.0334332 0.0278065 0.025564 0.0211289 0.0280345 0.0330085 0.0275252 0.0288463 0.030812 0.0331865 0.0434405 0.0398665 0.0305062 0.0334553 0.0321887 0.0261685 0.032181 0.0363501 0.0343084 0.0283884 0.00912115 0.00880466 0.0273446 0.0313694 0.015283 0.00290131 7.61816e-05 0 
0 0 0 0 0.00198172 0.00256164 0.00670292 0.00584236 0.013219 0.0155776 0.0145092 0.0178181 0.0237323 0.031892 0.0271961 0.0174319 0.0108776 0.0113519 0.0150976 0.0199652 0.0273178 0.026663 0.0234207 0.0152621 0.0161758 0.02087 0.0265806 0.021274 0.0234912 0.0325456 0.0750669 0.0454021 0.0251208 0.0289818 0.0214638 0.0221508 0.0258607 0.0247502 0.0221221 0.024616 0.0321247 0.0328007 0.0226399 0.0175488 0.0221026 0.0212787 0.0276269 0.0251781 0.0312999 0.0333526 0.034581 0.0394887 0.032653 0.0307997 0.0346577 0.0252093 0.0202054 0.0225723 0.031632 0.0403529 0.0329856 0.0112143 0.00854057 0.0280697 0.0370647 0.0187566 0.000738862 0 0 
0 0 0 0 3.82764e-05 0.000381573 0.00408484 0.00526499 0.0137213 0.0164629 0.0185948 0.0188436 0.0197023 0.0217656 0.0246514 0.0176587 0.0166446 0.0119056 0.0085343 0.0171986 0.0316484 0.0327425 0.0248243 0.0208978 0.0240188 0.025978 0.0248421 0.0194346 0.0289638 0.0564481 0.102633 0.0458327 0.0518527 0.0390446 0.0304716 0.0278023 0.0264067 0.0286868 0.0234612 0.026127 0.0258702 0.0264088 0.016738 0.0142902 0.0197163 0.0182339 0.0245887 0.0219427 0.0296075 0.0421501 0.0389749 0.0333452 0.0288842 0.032703 0.0269037 0.0247522 0.0247058 0.0271268 0.0280598 0.0328198 0.0372599 0.0151724 0.0106649 0.0304324 0.0365329 0.00729475 8.00102e-05 0 0 
0 0 0 0 7.69807e-05 0.00328136 0.0112284 0.0147927 0.0154917 0.0140713 0.0148399 0.0155052 0.0262889 0.0196188 0.0184743 0.0389676 0.0350013 0.0105422 0.0119186 0.0212578 0.0292274 0.0339798 0.0261914 0.0178429 0.0151911 0.0163863 0.0192885 0.020723 0.0242744 0.0370408 0.0652223 0.0521089 0.0469001 0.0402057 0.0302728 0.0246218 0.0281005 0.0333435 0.028523 0.0279849 0.037195 0.0304692 0.0213538 0.0185321 0.021298 0.0192081 0.0225723 0.0203637 0.0236349 0.0328003 0.034192 0.0254002 0.0183117 0.0292908 0.0275393 0.0288211 0.0313514 0.0302036 0.0283689 0.0329124 0.0268372 0.0166952 0.0271132 0.035466 0.0185113 0.002024 0 0 0 
0 0 0 0 4.85783e-06 0.00574464 0.0132418 0.0215647 0.021797 0.0120148 0.00461571 0.0145468 0.0244011 0.017939 0.0247388 0.0328165 0.0296568 0.0102121 0.0131247 0.0230039 0.0295822 0.0260089 0.0254484 0.0207528 0.0180819 0.0187914 0.0201249 0.0186562 0.0230164 0.0231815 0.0522487 0.0834001 0.0418355 0.0301876 0.0289792 0.0297187 0.0306209 0.0317298 0.0252676 0.0246294 0.0271679 0.0266487 0.0231281 0.022159 0.0248645 0.0262853 0.0258097 0.0242128 0.0262329 0.0206333 0.0136407 0.0149959 0.0182027 0.0258435 0.0300401 0.0330941 0.0507515 0.0412263 0.0255783 0.0246233 0.0239825 0.0338866 0.0464862 0.0293854 0.00915438 0.000346906 0 0 0 
0 0 0 0 0 0.00167262 0.00810215 0.0247845 0.0325413 0.0100612 0.00420411 0.0137365 0.020543 0.0226929 0.0290321 0.0258896 0.0190267 0.0104979 0.015839 0.0209529 0.0239436 0.0212554 0.0263099 0.0303773 0.0186251 0.0177398 0.0140905 0.0209352 0.0196497 0.0183466 0.0482486 0.0887443 0.0454252 0.031203 0.0328704 0.0363173 0.034632 0.0301196 0.016817 0.0142389 0.0152648 0.0224903 0.0232712 0.0225526 0.0279829 0.0308597 0.0300818 0.0362797 0.0242094 0.01736 0.0172558 0.0222261 0.0226927 0.0263815 0.0352673 0.0368279 0.0407585 0.0330417 0.0247553 0.0237451 0.029255 0.0412713 0.0354282 0.0160192 0.00228043 0 0 0 0 
0 0 0 0 0 8.29941e-05 0.00389271 0.021182 0.0315187 0.0172256 0.0115992 0.00634965 0.0137266 0.0187339 0.0186712 0.0172085 0.0138856 0.0113392 0.0129075 0.0118897 0.0144048 0.0181188 0.0257619 0.0286364 0.0252972 0.0216811 0.0261527 0.0318389 0.02765 0.0235211 0.0293967 0.0382919 0.0456713 0.0430226 0.0488196 0.0358577 0.0254018 0.0299506 0.0229724 0.0196126 0.0164415 0.0249719 0.0220049 0.0287872 0.0228572 0.0294425 0.0343215 0.0351424 0.0308943 0.0243147 0.0212871 0.0252492 0.0268192 0.0333723 0.0329818 0.0237044 0.0264634 0.0222698 0.0231099 0.0229463 0.0284746 0.0570698 0.0343582 0.00684872 0.000341464 0 0 0 0 
0 0 0 0 0 0 0.00022911 0.00845995 0.0217865 0.0266389 0.0325375 0.01624 0.0135712 0.0130342 0.0155025 0.0162723 0.0146218 0.0179908 0.0180642 0.0146278 0.0155691 0.0258406 0.0270875 0.0316407 0.0309227 0.0231875 0.0235536 0.034584 0.0399569 0.0320232 0.0241669 0.0255756 0.0347386 0.0349716 0.043466 0.0446683 0.0258038 0.023547 0.0198209 0.014659 0.0173311 0.0269372 0.0258127 0.0276788 0.0218349 0.0208822 0.0297693 0.0328628 0.0317566 0.0241501 0.0264281 0.0273073 0.0285793 0.0297534 0.0262266 0.0210006 0.0206927 0.026886 0.0328415 0.0275778 0.0415773 0.0449473 0.0125101 0.00144379 0 0 0 0 0 
0 0 0 0 0 0 0 0.00123506 0.00870245 0.017951 0.0366759 0.0276419 0.0157174 0.00853943 0.0122063 0.015346 0.0166474 0.0224382 0.0228329 0.0148692 0.0127567 0.0188511 0.0206928 0.0240731 0.0271979 0.0261977 0.0215187 0.0232318 0.0239977 0.0268749 0.0390437 0.0288549 0.0332996 0.0290739 0.0379776 0.0330239 0.0199641 0.0264771 0.0168004 0.0141361 0.0219149 0.0227843 0.0207326 0.0209474 0.0236812 0.020208 0.0253292 0.0291886 0.026487 0.021681 0.0370241 0.0360176 0.044237 0.0358367 0.0296106 0.0221119 0.0216298 0.0216674 0.0147713 0.0337508 0.0383257 0.013539 0.0009048 0 0 0 0 0 0 
0 0 0 0 0 0 0 0 0.00107058 0.0063905 0.0114909 0.0193292 0.0214175 0.0117593 0.0090815 0.0124379 0.0228274 0.0333186 0.0206363 0.0133358 0.0179019 0.0183558 0.0152828 0.0192198 0.023631 0.0216501 0.0170555 0.0199375 0.0172129 0.0174859 0.0347007 0.0356136 0.032304 0.0197525 0.0181545 0.0188233 0.0169908 0.0185245 0.0165982 0.0171791 0.014755 0.0173894 0.0223142 0.0296631 0.0251018 0.0228949 0.0323698 0.0279625 0.0156735 0.0198745 0.0297733 0.0339653 0.0460638 0.0422767 0.0337119 0.034259 0.0337515 0.0240128 0.0183927 0.0268467 0.0205778 0.00287868 4.35791e-05 0 0 0 0 0 0 
0 0 0 0 0 0 0 0 0 0.000185828 0.00099169 0.0137717 0.0222738 0.0101221 0.00303194 0.00665949 0.0328206 0.0587541 0.0289478 0.0129327 0.0151915 0.0165644 0.0158851 0.0178172 0.0245728 0.0269015 0.0191217 0.016839 0.0147452 0.0122772 0.0155903 0.024376 0.0183137 0.0115643 0.0125725 0.0112345 0.0126489 0.0178584 0.0143131 0.0132724 0.0211134 0.0239273 0.0322661 0.0327939 0.025641 0.0285056 0.039828 0.0226369 0.0116431 0.011315 0.0171997 0.0267733 0.0390559 0.0365684 0.0310434 0.0349121 0.0422558 0.040872 0.03974 0.0307582 0.00928386 0.000503001 0 0 0 0 0 0 0 
0 0 0 0 0 0 0 0 0 0 1.80384e-05 0.00170626 0.00656359 0.00749361 0.00350369 0.00657688 0.0237939 0.0454461 0.026535 0.0154203 0.0155865 0.0182431 0.0300178 0.02219 0.0218573 0.0275716 0.0156892 0.0134483 0.0131208 0.0113427 0.0139143 0.0103593 0.00953899 0.00716744 0.00913956 0.00895265 0.00633658 0.00992689 0.0122405 0.0147064 0.0168051 0.022079 0.0194775 0.0246259 0.0308992 0.027511 0.0269099 0.015265 0.0125972 0.0093562 0.0143904 0.0230119 0.0259362 0.0323891 0.0208177 0.0270887 0.0201094 0.0281339 0.0328763 0.0116812 0.000504412 0 0 0 0 0 0 0 0 
0 0 0 0 0 0 0 0 0 0 0 0 0.000190949 0.00087307 0.00130289 0.00221659 0.00586518 0.0148325 0.0129853 0.0136975 0.0163497 0.0157447 0.0157627 0.0190412 0.0166165 0.0167717 0.0126361 0.0153865 0.0161264 0.013184 0.0108629 0.0102474 0.00533419 0.00706063 0.00993187 0.0162387 0.0113545 0.013447 0.020084 0.0150513 0.014995 0.0123996 0.0216581 0.0248369 0.0349834 0.0300112 0.0239085 0.0156157 0.00945643 0.00942424 0.0126816 0.0150059 0.0203679 0.0164512 0.0117636 0.0236823 0.0086066 0.00684003 0.00842187 0.000914239 0 0 0 0 0 0 0 0 0 
0 0 0 0 0 0 0 0 0 0 0 0 0 0 2.57793e-05 0.00165364 0.00814818 0.00903112 0.0108521 0.0200373 0.0171936 0.0122726 0.00758553 0.00831701 0.0046769 0.0038308 0.00961394 0.0123886 0.0123258 0.01545 0.0161618 0.011456 0.00550369 0.0216219 0.0182531 0.0134089 0.0177116 0.0219445 0.022371 0.0219882 0.0208037 0.0163282 0.0250061 0.0256558 0.0342783 0.0256285 0.0145105 0.0121296 0.00933663 0.00960247 0.0128091 0.0161572 0.0110054 0.0136769 0.0197072 0.0129662 0.00172098 0.000507702 0.00019284 0 0 0 0 0 0 0 0 0 0 
0 0 0 0 0 0 0 0 0 0 0 0 0 0 0 0.00135433 0.0083393 0.0083007 0.0101198 0.0119131 0.0102733 0.0112917 0.00785475 0.00436654 0.00410495 0.0085461 0.00861342 0.0178902 0.0232573 0.0181232 0.0209069 0.0201212 0.0153469 0.029926 0.0216634 0.0165181 0.0177768 0.0170616 0.0156189 0.02073 0.0171896 0.0166847 0.0165382 0.0103764 0.0138362 0.0119245 0.00690358 0.00389296 0.00583694 0.0115369 0.0156955 0.0203434 0.0150446 0.0204248 0.0137702 0.00668729 0.000532765 0 0 0 0 0 0 0 0 0 0 0 0 
0 0 0 0 0 0 0 0 0 0 0 0 0 0 0 0.000205007 0.00216204 0.0042743 0.00526833 0.00527451 0.00565403 0.0106538 0.0049399 0.00330509 0.00924311 0.0142477 0.0117646 0.0272096 0.0199188 0.0173007 0.0163786 0.015929 0.0118922 0.0153043 0.0209144 0.0183539 0.0161165 0.0154323 0.0171837 0.017565 0.0136956 0.0121021 0.0104148 0.0149483 0.0271653 0.0176546 0.00360987 0.00221574 0.00297951 0.00981285 0.0130402 0.0151649 0.0117355 0.0070649 0.00313106 0.000800215 2.70717e-05 0 0 0 0 0 0 0 0 0 0 0 0 
0 0 0 0 0 0 0 0 0 0 0 0 0 0 0 0 0 0.000123765 0.00163055 0.00379174 0.0097786 0.00838127 0.00460323 0.00357773 0.014305 0.015357 0.0191165 0.0246954 0.0322979 0.0236199 0.0140068 0.0134564 0.00856616 0.010257 0.00853397 0.014348 0.0150094 0.0172354 0.0212879 0.0181748 0.0134251 0.0184082 0.0196972 0.0258045 0.0451827 0.0283375 0.00330687 0.000843021 0.00287496 0.00632559 0.00606984 0.00239628 0.00244081 0.000607697 0.000342772 0 0 0 0 0 0 0 0 0 0 0 0 0 0 
0 0 0 0 0 0 0 0 0 0 0 0 0 0 0 0 0 0 0.000709986 0.00514408 0.00883647 0.0114364 0.0103364 0.00912041 0.0106221 0.0134896 0.0323052 0.0335149 0.0366949 0.0209694 0.0103288 0.00719027 0.00424511 0.00491648 0.0066716 0.00918182 0.0179094 0.0230696 0.0179523 0.0122997 0.0125591 0.0179769 0.0187971 0.0198275 0.0265157 0.0150004 0.00774119 0.00196569 0.00131854 0.00218092 0.000641058 0.000136831 0 0 0 0 0 0 0 0 0 0 0 0 0 0 0 0 0 
0 0 0 0 0 0 0 0 0 0 0 0 0 0 0 0 0 0 0.000113779 0.000735894 0.00295818 0.00546545 0.00402597 0.00553869 0.00879568 0.0106258 0.0409728 0.0247705 0.0225482 0.027164 0.0260461 0.0211428 0.0138923 0.0046005 0.0074003 0.00854438 0.014412 0.0210431 0.0146729 0.0114476 0.0107986 0.0184835 0.014938 0.0129403 0.0141455 0.00935701 0.00948727 0.000442082 7.54656e-05 7.90983e-05 0.000442039 0 0 0 0 0 0 0 0 0 0 0 0 0 0 0 0 0 0 
0 0 0 0 0 0 0 0 0 0 0 0 0 0 0 0 0 0 0 0 0.000198482 0.00070781 0.000316632 0.00473401 0.0120727 0.0143952 0.0152765 0.00657869 0.0180144 0.036114 0.0337384 0.0207069 0.015057 0.00471982 0.0065263 0.0143127 0.0153393 0.0197979 0.0210917 0.0153317 0.0103202 0.0113211 0.00861321 0.00724619 0.00753259 0.00442169 0.00204123 0 0 0 0 0 0 0 0 0 0 0 0 0 0 0 0 0 0 0 0 0 0 
0 0 0 0 0 0 0 0 0 0 0 0 0 0 0 0 0 0 0 0 0 0 0 0.00103983 0.00420256 0.00272652 0.0054583 0.00635335 0.01987 0.0434596 0.0229568 0.00586511 0.00457074 0.00167537 0.00295342 0.00587052 0.0171019 0.0206565 0.023101 0.016683 0.00698527 0.00535921 0.00227071 0.00119122 0.000619074 0.000318867 0 0 0 0 0 0 0 0 0 0 0 0 0 0 0 0 0 0 0 0 0 0 0 
0 0 0 0 0 0 0 0 0 0 0 0 0 0 0 0 0 0 0 0 0 0 0 0 0 8.39273e-06 0.000313247 0.0014952 0.00428947 0.0145857 0.00432053 7.61877e-05 3.83078e-06 0 0.000129574 0.00126258 0.00465156 0.00353872 0.00637135 0.00531501 0.00169084 0.00106072 0 0 0 0 0 0 0 0 0 0 0 0 0 0 0 0 0 0 0 0 0 0 0 0 0 0 0 

