0 0 0 0 0 0 0 0 0 0 0 0 0 0 0 0 0 0 0 0 0 0 0 0 0 0 0 0 0 0 0 0 0 0 0 0 0 0 0 0 0 0 0 0 0 0 0 0 0 0 0 0 0 0 0 0 0 0 0 0 0 0 0 0 0 0 0 0 0 
0 0 0 0 0 0 0 0 0 0 0 0 0 0 0 0 0 0 0 0 0 0 0 0 0 0 0 0 0 0 0 0 0 0 0 0 0 0 0 0 0 0 0 0 0 0 0 0 0 0 0 0 0 0 0 0 0 0 0 0 0 0 0 0 0 0 0 0 0 
0 0 0 0 0 0 0 0 0 0 0 0 0 0 0 0 0 0 0 0 0 0 0 0 0 0 0 0 0 0 0 0 0 0 0 0 0 0 0 0 0 0 0 0 0 0 0 0 0 0 0 0 0 0 0 0 0 0 0 0 0 0 0 0 0 0 0 0 0 
0 0 0 0 0 0 0 0 0 0 0 0 0 0 0 0 0 0 0 0 0 0 0 0 0 0 0 0 0 0 0 0 0 0 0 0 0 0 0 0 0 0 0 0 0 0 0 0 0 0 0 0 0 0 0 0 0 0 0 0 0 0 0 0 0 0 0 0 0 
0 0 0 0 0 0 0 0 0 0 0 0 0 0 0 0 0 0 0 0 0 0 0 0 0 0 0 0 0 0 0 0 0 0 0 0 0 0 0 0 0 0 0 0 0 0 0 0 0 0 0 0 0 0 0 0 0 0 0 0 0 0 0 0 0 0 0 0 0 
0 0 0 0 0 0 0 0 0 0 0 0 0 0 0 0 0 0 0 0 0 0 0 0 0 0 0 0 0 0 0 0 0 0 0 0 0 0 0 0 0 0 0 0 0 0 0 0 0 0 0 0 0 0 0 0 0 0 0 0 0 0 0 0 0 0 0 0 0 
0 0 0 0 0 0 0 0 0 0 0 0 0 0 0 0 0 0 0 0 0 0 0 0 0 0 0 0 0 0 0 0 0 0 0 0 0 0 0 0 0 0 0 0 0 0 0 0 0 0 0 0 0 0 0 0 0 0 0 0 0 0 0 0 0 0 0 0 0 
0 0 0 0 0 0 0 0 0 0 0 0 0 0 0 0 0 0 0 0 0 0 0 0 0 0 0 0 0 0 0 0 0 0 0 0 0 0 0 0 0 0 0 0 0 0 0 0 0 0 0 0 0 0 0 0 0 0 0 0 0 0 0 0 0 0 0 0 0 
0 0 0 0 0 0 0 0 0 0 0 0 0 0 0 0 0 0 0 0 0 0 0 0 0 0 0 0 0 0 0 0 0 0 0 0 0 0 0 0 0 0 0 0 0 0 0 0 0 0 0 0 0 0 0 0 0 0 0 0 0 0 0 0 0 0 0 0 0 
0 0 0 0 0 0 0 0 0 0 0 0 0 0 0 0 0 0 0 0 0 0 0 0 0 0 0 0 0 0 0 0 0 0 0 0 0 0 0 0 0 0 0 0 0 0 0 0 0 0 0 0 0 0 0 0 0 0 0 0 0 0 0 0 0 0 0 0 0 
0 0 0 0 0 0 0 0 0 0 0 0 0 0 0 0 0 0 0 0 0 0 0 0 0 0 0 0 0 0 0 0 0 0 0 0 0 0 0 0 0 0 0 0 0 0 0 0 0 0 0 0 0 0 0 0 0 0 0 0 0 0 0 0 0 0 0 0 0 
0 0 0 0 0 0 0 0 0 0 0 0 0 0 0 0 0 0 0 0 0 0 0 0 0 0 0 0 0 0 0 0 0 0 0 0 0 0 0 0 0 0 0 0 0 0 0 0 0 0 0 0 0 0 0 0 0 0 0 0 0 0 0 0 0 0 0 0 0 
0 0 0 0 0 0 0 0 0 0 0 0 0 0 0 0 0 0 0 0 0 0 0 0 0 0 0 0 0 0 0 0 0 0 0.00015507 2.169e-05 0 0 0 0 0 0 0 0 0 0 0 0 0 0 0 0 0 0 0 0 0 0 0 0 0 0 0 0 0 0 0 0 0 
0 0 0 0 0 0 0 0 0 0 0 0 0 0 0 0 0 0 0 0 0 0 0 0 0 0 0 0 0.000108858 0.000479457 8.18774e-05 6.95212e-05 0.00049783 0.000726569 0.000634198 9.19964e-05 0 1.2455e-05 1.8691e-06 0 1.53947e-05 6.01671e-06 0 0 0 0 0 0 0 0 0 0 0 0 0 0 0 0 0 0 0 0 0 0 0 0 0 0 0 
0 0 0 0 0 0 0 0 0 0 0 0 0 0 0 0 0 0 0 0 0 0 0 0 0 0 0 0 0.000914864 0.00458123 0.0020961 3.00375e-05 0.000279195 0.000711437 0.000204462 0.000583855 0 0.000684175 0.000260158 0.000723051 0.000645118 0.000581566 1.29088e-05 0 0 0 0 0 0 0 0 0 0 0 0 0 0 0 0 0 0 0 0 0 0 0 0 0 0 
0 0 0 0 0 0 0 0 0 0 0 0 0 0 0 0 0 0 0 0 0 0 0 0 0 0 0.000450338 0.000175413 0.000326336 0.00169079 0.00110419 0.00166953 0.000138394 0 0 0 0 0.000135195 0.000577593 0.000730719 0.000369835 0.00114378 0.000988045 0 3.33137e-05 0.000134897 0 0 0 0 0 0 0 0 0 0 0 0 0 0 0 0 0 0 0 0 0 0 0 
0 0 0 0 0 0 0 0 0 0 0 0 0 0 0 0 0 0 0 0 0 0 0 0 0 0 0.000148464 0.000249392 0.000851408 0.000230276 7.59996e-05 0.000957573 0.000198667 0 0 0.000246443 0.000493704 0.000289762 0.0009544 0.0005954 0.000528722 0.00261707 0.00242834 0.000547683 0.000125356 0.000507605 0 0 0 0 0 0 0 0 0 0 0 0 0 0 0 0 0 0 0 0 0 0 0 
0 0 0 0 0 0 0 0 0 0 0 0 0 0 0 0 0 0 0 0 4.14983e-06 1.37973e-05 0 0.000965449 0.000383415 0 0.000190943 0.000517665 0.000207912 0.00149855 0.00297782 0.0004172 0.00335883 0.000485786 0.000494078 0.000203905 4.07057e-05 0.000719763 0.000419047 0.000860714 0.00119995 0.000352227 0.00100638 0.00143186 0.000395752 0.000482451 2.68907e-05 0 0 0 0 0 0 0 0 0 0 0 0 0 0 0 0 0 0 0 0 0 0 
0 0 0 0 0 0 0 0 0 0 0 0 0 0 0 0 0 0 0 0 0.000181102 0.000808709 0.000639558 0.00132436 0.000635892 0 0.00104399 0.00256178 0.000301102 0.000508175 0.00184212 0.00176416 0.000919699 0.00121786 0.00157911 0.000651823 0.000600431 0.000587165 0.000853876 0.000838231 0.00130243 0.000636363 0.000838559 0.000623039 6.18544e-05 0.00131118 0.00093015 0 0 0 0 0 0 0 0 0 0 0 0 0 0 0 0 0 0 0 0 0 0 
0 0 0 0 0 0 0 0 0 0 0 0 0 0 0 0 0 0 0 0.000205125 0.000103186 0.000916512 0.00115195 0.000502063 0.000913326 0.000735973 0.000347114 0.000754168 0.00107488 0.000412424 0.000556576 0.00146127 0.000735489 0.00139983 0.00533208 0.0018582 0.00042288 0.00070667 0.00102066 0.000495111 1.31113e-05 0.000581295 0.000935539 0.000505024 0.000267975 0.00122072 0.00144983 0.000168695 0.000483877 0.000116398 0 0 0 0 0 0 0 0 0 0 0 0 0 0 0 0 0 0 0 
0 0 0 0 0 0 0 0 0 0 0 0 0 0 0 0 0 0 0 0.000624172 0.000642356 0.000120786 0.000384928 0.000159105 0.00129845 0.00180761 0.000432189 0.000146646 0.000539874 0.00414145 0.00097 0.0010798 0.000143459 0.00087909 0.00151929 0.000325266 6.2712e-05 0.000767549 0.000774171 0.00114272 0.00175471 0.000853638 0.000810532 0.000236524 0.000469398 0.00133471 0.00578235 0.000920315 0.000877033 0.000587636 0.000770482 8.15837e-05 0 0 0 0 0 0 0 0 0 0 0 0 0 0 0 0 0 
0 0 0 0 0 0 0 0 0 0 0 0 0 0 0 0 0 0 0 0.000766749 0.000564218 0.000174826 0.000867957 0.000968601 0.00148412 0.00147147 0.000786561 0.000139577 0.000429224 0.00146372 0.00153647 0.00206486 0.000163201 0.000466865 0.000483837 0.000830338 0.000563612 0.000391798 0 9.09918e-05 0.00233308 0.00118577 0.000286813 0.0002959 0.000440517 0.000805684 0.00142128 0.000235943 0.000464531 0.00101298 0.00347938 0.001135 0.000135701 0 0 0 0 0 0 0 0 0 0 0 0 0 0 0 0 
0 0 0 0 0 0 0 0 0 0 0 0 0 0 0 0 0 0 0 0.000439278 0.000367238 0.000295276 0.00176863 0.000218225 0.00130877 0.00109834 0.000491255 0.000185265 0.00058999 0.000109944 0.000678265 0.00241195 0.000114709 0.00149854 0.00144856 0.00568255 0.00245451 0.000674093 0.000248124 4.17082e-05 0.000525125 0.000692965 0 0 0.000276542 0.000336801 0.000652843 0.000449911 0.000764204 0.000654634 0.000606068 0.00129361 0.00119093 0.000465781 0 0 0 0 0 0 0 0 0 0 0 0 0 0 0 
0 0 0 0 0 0 0 0 0 0 0 0 0 0 0 0 0 0.000326743 0.000250096 0.000236316 0.000428278 0.000626747 0.000222848 0.000699447 0.000884135 0.000628416 0.000175244 0.000921058 0.000213913 0.000430626 0.00187537 0.00570935 0.00862488 0.0155235 0.0129454 0.00510567 0.000408329 0.000736564 0.000578533 0.00378431 0.00205789 0.000178095 0.000168626 0.000360718 0.00103324 0.00019621 0.000321728 0.00149151 0.00125984 0 0.000807245 0.000794769 0.000902446 0.00157107 4.58093e-05 0 0 0 0 0 0 0 0 0 0 0 0 0 0 
0 0 0 0 0 0 0 0 0 0 0 0 0 0 0 0 0 0.000718559 0.000400528 0.00502298 0.0238855 0.0167047 0.0116125 0.0110354 0.0103232 0.00114491 0.000410877 0.00049741 0.000822516 0.00639848 0.0109355 0.0114127 0.0127435 0.0118129 0.014155 0.00524156 0.000420342 0.000957924 0.00087757 0.0016185 0.000525938 6.47184e-05 0.000431923 0.000407436 0.000792051 9.49418e-06 0 0 0.000452349 9.18085e-06 0.002032 0.0034431 0.00268497 0.00199713 0.000161543 0 0 0 0 0 0 0 0 0 0 0 0 0 0 
0 0 0 0 0 0 0 0 0 0 0 0 0 0 0 0 0 0.000878371 0.00150761 0.0185076 0.0444255 0.043564 0.0193098 0.0357611 0.0325828 0.00290746 0.000982218 0.000467072 0.00468473 0.0159638 0.00587112 0.0123046 0.011466 0.0182181 0.0130112 0.00173917 0.00065375 0.00200325 0.00224103 0.000750471 0.000527171 0.00130008 0.000445584 0.000709176 0.000724649 0.000395713 0.000759307 0.00155002 0.00132669 8.34261e-06 0.000317516 0.000975028 0.000315143 0.000310998 0.00109672 0.000136819 0 0 0 0 0 0 0 0 0 0 0 0 0 
0 0 0 0 0 0 0 0 0 0 0 0 0 0 0 0 0.000195732 0.00145644 0.00055611 0.0127049 0.0338734 0.0388546 0.0174552 0.0393552 0.0372792 0.00209445 0.000252924 0.000526695 0.00813804 0.013165 0.0039982 0.00686648 0.0116517 0.0239413 0.00844512 0.00727605 0.0172784 0.0286378 0.0379943 0.0269637 0.0102589 0.00661495 0.00278634 0.000611371 0.000930659 0.000852122 0.000180445 0.0016219 0.0013826 0.000285876 0.00070466 0.000912477 0.000749651 0.00016663 0.00153464 0.000452249 0 0 0 0 0 0 0 0 0 0 0 0 0 
0 0 0 0 0 0 0 0 0 0 0 0 0 0 0 0 0.000286558 0.000488376 1.40382e-05 0.000992941 0.00914156 0.033396 0.0601532 0.0394238 0.0210863 0.000361609 1.92962e-06 0.000199188 0.00464455 0.0199779 0.0299919 0.0126764 0.0172522 0.0349187 0.0187867 0.0349381 0.0553458 0.0427316 0.0434715 0.0356361 0.0307955 0.0194826 0.00619633 0.000814883 0.000426063 0.00067187 0.000340131 0.000881463 0.000388665 0.00087673 0.000920253 0.000731174 0.000874516 0.000386518 0.000429986 0.000311449 0 0 0 0 0 0 0 0 0 0 0 0 0 
0 0 0 0 0 0 0 0 0 0 0 0 0 0 0 9.81047e-06 0.000604761 0.000685628 0.00112935 0.000971563 0.0106748 0.0310474 0.0259729 0.0313088 0.0072759 0.000693131 0.00263974 0.00144728 0.00269794 0.0150275 0.0249707 0.0137966 0.0113049 0.0222992 0.025287 0.0698061 0.0760065 0.069298 0.0376648 0.0214785 0.0245273 0.039612 0.026363 0.0109886 0.00573045 0.00182001 0.000855825 0.000750707 0.00286784 0.000626113 4.35803e-05 1.45695e-05 0.000615651 0.000384906 6.6379e-05 0.000743886 0.000421406 0 0 0 0 0 0 0 0 0 0 0 0 
0 0 0 0 0 0 0 0 0 0 0 0 0 0 0 0.000273894 0.000499574 0 0.000267893 0.000321015 0.00849706 0.0282554 0.0321809 0.0364489 0.00256614 0.000715384 0.0124671 0.00609672 0.00346961 0.0185565 0.0155493 0.0166722 0.0185269 0.0189276 0.0231031 0.0844368 0.0724015 0.0630674 0.035963 0.0132997 0.0198354 0.0399508 0.0433906 0.0294892 0.0225209 0.0205024 0.00709322 0.000466703 0.00174922 0.00154311 0.000742307 0.000383371 0.00135772 0.000881028 0.00107888 0.000602732 0.000133039 0 0 0 0 0 0 0 0 0 0 0 0 
0 0 0 0 0 0 0 0 0 0 0 0 0 0 0 0.000178236 0.00133309 0.00020697 0.00170715 0.00170663 0.00245496 0.0215419 0.0303149 0.0196813 0.000947447 0.0007279 0.0255751 0.00894516 0.00790571 0.0181359 0.0062647 0.00926714 0.0208871 0.0276991 0.0314995 0.0630477 0.10243 0.0759524 0.0246356 0.00924752 0.0271507 0.0393266 0.046174 0.04159 0.0209735 0.0232921 0.0223123 0.01114 0.00033327 0.000649215 0.000766549 0.000735174 0.00185918 0.000763823 0.00160754 0.000692761 0.000374465 0 0 0 0 0 0 0 0 0 0 0 0 
0 0 0 0 0 0 0 0 0 0 0 0 0 0 0 0.000159439 0.000667326 0.000747448 0.00269897 0.00230593 9.78846e-05 0.0059016 0.0271307 0.0286056 0.0121002 0.00120081 0.0226221 0.00952178 0.0124898 0.0203806 0.00383333 0.00432191 0.0111757 0.0242153 0.0441298 0.0560861 0.0634304 0.030233 0.00493986 0.0219123 0.0106077 0.045241 0.0491897 0.050723 0.0154154 0.0224362 0.022721 0.0269006 0.00407939 0.00134452 0.000165569 0.000937623 0.00154284 0.000621155 0.000263801 0.000100919 6.33484e-06 0 0 0 0 0 0 0 0 0 0 0 0 
0 0 0 0 0 0 0 0 0 0 0 0 0 0 0 0.000672115 0.000456181 0.000607815 0.00107389 0.00318964 0.000266979 0.000897009 0.00615588 0.0169083 0.0315837 0.0121498 0.0116131 0.0108609 0.0123387 0.0264013 0.00609227 0.00298478 0.0102426 0.0228983 0.0264932 0.026974 0.0109611 0.00160116 0.0019253 0.0234977 0.0188524 0.0266922 0.0473502 0.033381 0.0163142 0.0444587 0.0347693 0.026707 0.00584315 3.51577e-05 0.000385347 0.000828541 0.000607205 0.000876433 0.000812787 0.0006954 5.77841e-05 0 0 0 0 0 0 0 0 0 0 0 0 
0 0 0 0 0 0 0 0 0 0 0 0 0 0 0 0.000413606 0.000280386 0.000721196 0.000377692 0.00095189 0.000669973 0.000517492 0.00105708 0.00414011 0.0231291 0.029113 0.00751479 0.00920962 0.00859644 0.0185056 0.0200141 0.00295412 0.00307808 0.011953 0.0366133 0.0185482 0.00655064 0.0129858 0.0118229 0.00797566 0.0454267 0.0497223 0.0420386 0.00809519 0.00816748 0.00796903 0.0433512 0.0267546 0.00255011 0.000216486 0.000236681 0.000962574 0.000974523 0.00059704 0.00106116 0.00158789 0.000744166 0 0 0 0 0 0 0 0 0 0 0 0 
0 0 0 0 0 0 0 0 0 0 0 0 0 0 0 0.000278336 0.000104721 0.00137268 0.00372828 0.00177428 0.00042397 0.000262185 0.0022607 0.00183163 0.0161096 0.0386773 0.0136021 0.00771467 0.0117941 0.0335078 0.0298179 0.0092011 0.00214026 0.0180594 0.0533248 0.0248663 0.0225089 0.0149582 0.0142966 0.00376112 0.0062051 0.0126928 0.00214389 0.000620348 0.00768713 0.0025136 0.004318 0.00118146 0.00230297 0.00161957 0.000446065 0.00206036 0.00148414 0.000560371 0.000503919 0.000551784 5.27293e-05 0 0 0 0 0 0 0 0 0 0 0 0 
0 0 0 0 0 0 0 0 0 0 0 0 0 0 0 0.000738869 0.00206736 0.000425205 0.00154284 0.00128669 0.000669224 0.000283991 0.00179795 0.0018846 0.0130555 0.0339779 0.0194242 0.00714254 0.00786459 0.013422 0.0296376 0.0119685 0.00125921 0.0177966 0.0290171 0.0166679 0.0140875 0.0082737 0.0134242 0.00976136 0.000894731 0.00212922 0.000727209 0.00109707 0.00346004 0.00308165 0.00077584 0.000713749 0.000535341 0.000742323 0 0.0010806 0.00412183 0.00296805 0.000541769 0.0014043 0.000360801 0 0 0 0 0 0 0 0 0 0 0 0 
0 0 0 0 0 0 0 0 0 0 0 0 0 0 0 0.000389526 0.00231525 0.000735307 0.00020898 0.000990399 0.00116082 0.000329351 0.000399924 0.000479998 0.0116212 0.0257813 0.0180984 0.0124163 0.0246276 0.0187785 0.0268023 0.00705118 0.00201365 0.00934101 0.0311987 0.0237869 0.00452451 0.00637403 0.0106398 0.00788042 0.00186201 0.00294278 0.00029145 0.0022033 0.00608357 0.00999054 0.000243076 0.0010967 0.00198342 0.000428671 0.000442513 0.000854735 0.00356037 0.00034461 0.00053952 0.00131427 0.000611979 0 0 0 0 0 0 0 0 0 0 0 0 
0 0 0 0 0 0 0 0 0 0 0 0 0 0 0 0 0.000300002 0.000478624 5.65042e-05 0.000292129 0.000587065 0.000318865 0.00102845 0.0010225 0.00456387 0.0157411 0.0161505 0.013484 0.0170173 0.00996513 0.0106944 0.00421068 0.00724962 0.0218991 0.0108031 0.0175223 0.00551501 0.00226874 0.0106207 0.00379822 0.00116506 0.000246586 0 0.00230396 0.00421503 0.0102703 0.00100119 0.000464712 0.00100449 0.000418416 0.000894748 0.000517745 0.000412371 0.000519848 0.00067821 0.000883402 0.000184053 0 0 0 0 0 0 0 0 0 0 0 0 
0 0 0 0 0 0 0 0 0 0 0 0 0 0 0 0 0.000332349 0.000689145 0.00115136 0.00212151 0.000715086 0.000343584 0.00092394 0.000717792 0.000452934 0.00253297 0.00171225 0.000685529 0.000973298 0.00307903 0.0100061 0.00612815 0.00756334 0.0268727 0.0101155 0.00478127 0.00324172 0.00664694 0.0128466 0.00202174 0.00100509 0 0 0.000337875 0.00199148 0.00183776 0.000211465 0.000605459 0.000749855 0.000141644 0.000972272 8.26876e-05 0 0.000781596 0.000743329 0.000750227 7.574e-05 0 0 0 0 0 0 0 0 0 0 0 0 
0 0 0 0 0 0 0 0 0 0 0 0 0 0 0 0 0.0002067 0.000555609 0.000793205 0.00163442 0.000526723 0.000709548 7.91448e-05 0.000567927 0.000756771 0.00367196 0.000537879 0 0.000280187 0.00268379 0.02129 0.0112846 0.0209504 0.0123833 0.0065364 0.00324912 0.0106545 0.0133196 0.00503325 0.00087812 0.000123722 5.71903e-05 0.000478827 0.000185159 0.000887362 0.000238433 0.000140346 0.000961355 0.00147405 0.000689444 0.00111326 0.000187739 0.000473575 0.0013336 0.000732562 0 0 0 0 0 0 0 0 0 0 0 0 0 0 
0 0 0 0 0 0 0 0 0 0 0 0 0 0 0 0 0 0 0.000416213 0.000566115 0.00114743 0.00229949 0.000165359 0.00101634 0.00123872 0.00159162 0.00156703 0.000933006 8.20219e-05 0.00706538 0.0281104 0.0136055 0.00755329 0.00501905 0.00686393 0.0150049 0.0131092 0.00501014 0.000328485 7.20905e-05 0.000267349 0.000296831 0.000236864 2.99242e-05 0.00014531 0.000373842 0.000688037 0.000866596 0.00014407 7.00146e-05 5.96545e-05 7.35619e-05 0.000745576 0.00254992 1.83134e-05 0.0011175 8.96441e-05 0 0 0 0 0 0 0 0 0 0 0 0 
0 0 0 0 0 0 0 0 0 0 0 0 0 0 0 0 0 0 0.000203365 0.000349367 0.00114255 0.00124748 0.000622258 0.00123764 0.00166161 0.000563352 0.00175914 0.000895964 0.000575516 0.00279493 0.0118977 0.012563 0.0129557 0.0116508 0.00788407 0.00490371 0.000955362 0.000799934 0.000556903 0.00206346 0.00167577 0.000138863 0.00116888 0.00268981 0.000431633 8.7784e-05 0.000737547 0.000813709 0.000707409 0.000437087 0.000463047 0.000561106 0 0.000104992 0.000546667 0.00035249 2.05975e-05 0 0 0 0 0 0 0 0 0 0 0 0 
0 0 0 0 0 0 0 0 0 0 0 0 0 0 0 0 0 0 0.000501241 0.00120184 0.00259953 0.000312883 0.000554779 0.00119005 0.0012859 0.00109224 0.00115677 0.00127993 0.000556191 0.00032508 0.00383756 0.00229623 0.000667519 0.00127666 0.00119034 0.00572454 0.00191581 0.000842279 0.000527137 0.00105804 0.000402095 3.58458e-05 0.000652003 0.00150162 0.000806834 0.000125215 0.000494946 0.000658786 0.000566125 0.000685883 0.00210092 0.00269563 0.000569995 0.000227074 0.000802931 0.000122148 0 0 0 0 0 0 0 0 0 0 0 0 0 
0 0 0 0 0 0 0 0 0 0 0 0 0 0 0 0 0 0 0.000507642 0.0010209 0.00148673 0.000946994 0.000453921 0.000524487 0.00189027 0.00207931 0.00170818 0.000518125 0.00106606 0.00127441 0.00210049 0.000813504 0.000388008 0.000156024 0.000865051 0.00242612 0.00025411 6.36079e-05 0.00284009 0.00143287 0.000434048 0.00042971 0.000384345 0.000340958 6.9587e-05 0 2.72217e-06 0.000163085 0 0 0.000222395 0.0012955 0.000540932 0.000337996 0.000829718 0 0 0 0 0 0 0 0 0 0 0 0 0 0 
0 0 0 0 0 0 0 0 0 0 0 0 0 0 0 0 0 0 0.000152662 0.000947149 0.00105653 0.000170425 0.000509932 0.000837534 0.000326613 0.000187843 0.00022853 0 4.22586e-05 0.0010081 0.000569736 0.000942321 0.00264763 0.000637905 0.000962304 0.000366871 0.000837833 0 0.00151814 0.000978341 0.000294015 0.00125033 0.000700573 0.000424074 6.62533e-05 0.000434237 0.000835734 0.000134259 6.05534e-05 0.000710074 4.63345e-05 0.000332247 0.00025193 0.00068773 0.000556702 0 0 0 0 0 0 0 0 0 0 0 0 0 0 
0 0 0 0 0 0 0 0 0 0 0 0 0 0 0 0 0 0 0 0.000834275 0.00131322 0.000539039 0.00137468 0.00132148 6.01935e-05 0.000525099 0.000456282 0.000621775 6.3095e-05 0.000424549 1.28732e-05 0.000568223 0.000134934 8.98278e-05 0.000687093 0.000993113 0.00154859 3.92959e-05 0.000987896 0.000110285 0.00345186 0.00140119 8.41115e-05 1.4896e-05 0.000519959 0.0011682 0.000395775 0.000207799 0.00060792 0.000754111 0.00353736 0.00134057 0 0 0 0 0 0 0 0 0 0 0 0 0 0 0 0 0 
0 0 0 0 0 0 0 0 0 0 0 0 0 0 0 0 0 0 0 0.000262849 0.000667727 0.00035048 0.000569105 0.000318949 0.000203507 0.000647904 7.77268e-05 0.00139693 0.000297435 6.36019e-05 0.000756294 0.00191067 0.000518029 0.000591415 0.000323325 0.00173891 0.00104054 0.000453901 0.00160119 0.000314339 0.000812586 0.000279631 0.000596522 0.000188208 0.00117662 0.00111764 0.000106275 0.000165002 0.00121622 0.00130162 0.00144533 0.00303788 5.04142e-05 0 0 0 0 0 0 0 0 0 0 0 0 0 0 0 0 
0 0 0 0 0 0 0 0 0 0 0 0 0 0 0 0 0 0 0 7.7593e-06 1.52131e-05 0.000114046 6.65608e-05 0.000829119 0.000624249 0.000297399 0.00047471 0.000348647 5.1769e-05 0.000702655 0.00182356 0.000649177 0.00213823 0.00300804 0.000151775 0.000133206 1.1259e-05 0.000603081 0.000432867 8.29333e-05 0 0.000251122 0.000642288 0.000247325 0.00167115 0.00346036 0.000358381 0.000756273 0.000643506 0.000852878 0.000379097 0.00176379 7.03537e-05 0 0 0 0 0 0 0 0 0 0 0 0 0 0 0 0 
0 0 0 0 0 0 0 0 0 0 0 0 0 0 0 0 0 0 0 0 0 0.000391862 0.000375806 0.000354063 0.00327982 0.000310534 0.00115297 0.000648836 0.000138717 0.000341038 0.00125429 0.00104399 0.00023215 0.00112827 6.65907e-06 1.3567e-05 7.62238e-06 8.91724e-05 0 0.000658671 0.000140302 0.000142463 0.000375359 0.000298162 0.000443456 0.000345581 0.00123208 0.00155981 0.000603286 0.000571895 0.00114854 0.000191878 0 0 0 0 0 0 0 0 0 0 0 0 0 0 0 0 0 
0 0 0 0 0 0 0 0 0 0 0 0 0 0 0 0 0 0 0 0 0 0 0.000173678 0.000260095 0.00205913 0.00169772 0.000847458 0.000614437 0.000769985 0 0.000247973 0.000954847 0.000693119 0.00328472 0.00198577 0.00078707 0.000108282 0.00120383 0.000190686 0.00037646 0.000308147 0.000566068 0.000984156 0.00117912 0.00091559 0.00135195 0.00108102 0.00139293 0.0037365 0.00161972 0.000546554 0 0 0 0 0 0 0 0 0 0 0 0 0 0 0 0 0 0 
0 0 0 0 0 0 0 0 0 0 0 0 0 0 0 0 0 0 0 0 0 0 0 0 0.000801659 0.000549675 0.000259621 0.000166316 0.000492485 0.00117766 0.000367116 0.000605496 0.000165096 0.0027416 0.00238874 0.000388852 1.68097e-05 0.000176624 0.000297973 0.000606374 0.000963324 0.00110963 0.00219305 0.00178507 0.00118763 0.00113209 0.000929406 0.000775788 0.000377207 2.15053e-05 0 0 0 0 0 0 0 0 0 0 0 0 0 0 0 0 0 0 0 
0 0 0 0 0 0 0 0 0 0 0 0 0 0 0 0 0 0 0 0 0 0 0 0 0 0 0.000164951 0.000590249 0.000316596 0.00344879 0.000769073 0.00140883 0.000881892 0.000779322 0.0011086 0.000273304 0.000104556 0.000426041 0.000174594 0.000669924 0.000182674 0.00100009 0.00143418 0.00167734 0.00122822 0.000457092 0.00062001 0.000510144 0 0 0 0 0 0 0 0 0 0 0 0 0 0 0 0 0 0 0 0 0 
0 0 0 0 0 0 0 0 0 0 0 0 0 0 0 0 0 0 0 0 0 0 0 0 0 0 0 0 0.000530895 0.00401556 0.00151665 0.00085005 0.000925049 0.000615731 0.000964521 8.10824e-05 5.33178e-05 0.000217258 0.000284471 0.00293852 0.000641654 0.000111102 0.000601131 0.000607755 1.12663e-05 0 0 0 0 0 0 0 0 0 0 0 0 0 0 0 0 0 0 0 0 0 0 0 0 
0 0 0 0 0 0 0 0 0 0 0 0 0 0 0 0 0 0 0 0 0 0 0 0 0 0 0 0 1.8823e-05 0.000146611 0.000250777 8.64967e-05 0 0 0 0.000189748 0.000599203 8.65344e-05 0.00032377 0.00490079 0.00167303 0.000652174 0.000215113 0.000201408 0 0 0 0 0 0 0 0 0 0 0 0 0 0 0 0 0 0 0 0 0 0 0 0 0 
0 0 0 0 0 0 0 0 0 0 0 0 0 0 0 0 0 0 0 0 0 0 0 0 0 0 0 0 0 0 0 0 0 0 0 0.000319566 0.000373675 3.3619e-05 0 0.000554853 0.000611287 0.000102404 0 0 0 0 0 0 0 0 0 0 0 0 0 0 0 0 0 0 0 0 0 0 0 0 0 0 0 
0 0 0 0 0 0 0 0 0 0 0 0 0 0 0 0 0 0 0 0 0 0 0 0 0 0 0 0 0 0 0 0 0 0 0 0 0 0 0 0 0 0 0 0 0 0 0 0 0 0 0 0 0 0 0 0 0 0 0 0 0 0 0 0 0 0 0 0 0 
0 0 0 0 0 0 0 0 0 0 0 0 0 0 0 0 0 0 0 0 0 0 0 0 0 0 0 0 0 0 0 0 0 0 0 0 0 0 0 0 0 0 0 0 0 0 0 0 0 0 0 0 0 0 0 0 0 0 0 0 0 0 0 0 0 0 0 0 0 
0 0 0 0 0 0 0 0 0 0 0 0 0 0 0 0 0 0 0 0 0 0 0 0 0 0 0 0 0 0 0 0 0 0 0 0 0 0 0 0 0 0 0 0 0 0 0 0 0 0 0 0 0 0 0 0 0 0 0 0 0 0 0 0 0 0 0 0 0 
0 0 0 0 0 0 0 0 0 0 0 0 0 0 0 0 0 0 0 0 0 0 0 0 0 0 0 0 0 0 0 0 0 0 0 0 0 0 0 0 0 0 0 0 0 0 0 0 0 0 0 0 0 0 0 0 0 0 0 0 0 0 0 0 0 0 0 0 0 
0 0 0 0 0 0 0 0 0 0 0 0 0 0 0 0 0 0 0 0 0 0 0 0 0 0 0 0 0 0 0 0 0 0 0 0 0 0 0 0 0 0 0 0 0 0 0 0 0 0 0 0 0 0 0 0 0 0 0 0 0 0 0 0 0 0 0 0 0 
0 0 0 0 0 0 0 0 0 0 0 0 0 0 0 0 0 0 0 0 0 0 0 0 0 0 0 0 0 0 0 0 0 0 0 0 0 0 0 0 0 0 0 0 0 0 0 0 0 0 0 0 0 0 0 0 0 0 0 0 0 0 0 0 0 0 0 0 0 
0 0 0 0 0 0 0 0 0 0 0 0 0 0 0 0 0 0 0 0 0 0 0 0 0 0 0 0 0 0 0 0 0 0 0 0 0 0 0 0 0 0 0 0 0 0 0 0 0 0 0 0 0 0 0 0 0 0 0 0 0 0 0 0 0 0 0 0 0 
0 0 0 0 0 0 0 0 0 0 0 0 0 0 0 0 0 0 0 0 0 0 0 0 0 0 0 0 0 0 0 0 0 0 0 0 0 0 0 0 0 0 0 0 0 0 0 0 0 0 0 0 0 0 0 0 0 0 0 0 0 0 0 0 0 0 0 0 0 
0 0 0 0 0 0 0 0 0 0 0 0 0 0 0 0 0 0 0 0 0 0 0 0 0 0 0 0 0 0 0 0 0 0 0 0 0 0 0 0 0 0 0 0 0 0 0 0 0 0 0 0 0 0 0 0 0 0 0 0 0 0 0 0 0 0 0 0 0 
0 0 0 0 0 0 0 0 0 0 0 0 0 0 0 0 0 0 0 0 0 0 0 0 0 0 0 0 0 0 0 0 0 0 0 0 0 0 0 0 0 0 0 0 0 0 0 0 0 0 0 0 0 0 0 0 0 0 0 0 0 0 0 0 0 0 0 0 0 
0 0 0 0 0 0 0 0 0 0 0 0 0 0 0 0 0 0 0 0 0 0 0 0 0 0 0 0 0 0 0 0 0 0 0 0 0 0 0 0 0 0 0 0 0 0 0 0 0 0 0 0 0 0 0 0 0 0 0 0 0 0 0 0 0 0 0 0 0 
0 0 0 0 0 0 0 0 0 0 0 0 0 0 0 0 0 0 0 0 0 0 0 0 0 0 0 0 0 0 0 0 0 0 0 0 0 0 0 0 0 0 0 0 0 0 0 0 0 0 0 0 0 0 0 0 0 0 0 0 0 0 0 0 0 0 0 0 0 
0 0 0 0 0 0 0 0 0 0 0 0 0 0 0 0 0 0 0 0 0 0 0 0 0 0 0 0 0 0 0 0 0 0 0 0 0 0 0 0 0 0 0 0 0 0 0 0 0 0 0 0 0 0 0 0 0 0 0 0 0 0 0 0 0 0 0 0 0 
0 0 0 0 0 0 0 0 0 0 0 0 0 0 0 0 0 0 0 0 0 0 0 0 0 0 0 0 0 0 0 0 0 0 0 0 0 0 0 0 0 0 0 0 0 0 0 0 0 0 0 0 0 0 0 0 0 0 0 0 0 0 0 0 0 0 0 0 0 

