0 0 0 0 0 0 0 0 0 0 0 0 0 0 0 0 0 0 0 0 0 0 0 0 0 0 0 0 0 0 8.69331e-06 0.000156777 0.000219759 0.000227407 0 0 0 0 8.60357e-05 0.000150534 0 0 0 0 0 0 0 0 0 0 0 0 0 0 0 0 0 0 0 0 0 0 0 0 0 0 0 0 0 
0 0 0 0 0 0 0 0 0 0 0 0 0 0 0 0 0 0 0 0 0 0 0 0 0 0 4.27787e-06 0.00116332 0.000643818 0.00138945 0.00220074 0.00456674 0.00366424 0.00229212 0.000722322 0.000288236 0.000313636 0.00290106 0.0053717 0.00460447 0.00266634 0.00124517 0 0 0 0 0 0 0 0 0 0 0 0 0 0 0 0 0 0 0 0 0 0 0 0 0 0 0 
0 0 0 0 0 0 0 0 0 0 0 0 0 0 0 0 0 0 0 0 0 0 0 0 0 0 2.3749e-05 0.00413538 0.00586982 0.00449071 0.0049428 0.0119451 0.0110454 0.00977152 0.00496477 0.00284265 0.0032876 0.00586629 0.00820398 0.0110061 0.0143951 0.00350084 0 0 0.000821448 0.0002301 4.37016e-06 0 0 0 0 0 0 0 0 0 0 0 0 0 0 0 0 0 0 0 0 0 0 
0 0 0 0 0 0 0 0 0 0 0 0 0 0 0 0 0 0 0 0 4.20864e-05 0.00138939 0.00288452 0.00207325 8.88029e-05 0 0.00142875 0.00830597 0.0124128 0.00985819 0.00970471 0.00785707 0.00513254 0.00757421 0.00623935 0.00906309 0.00959723 0.00629976 0.00912454 0.0144553 0.0155866 0.00666149 0.000371662 0.00202802 0.00718571 0.00216914 0.00202058 0.00187449 0.00144002 0.000235321 4.82303e-06 0 0 0 0 0 0 0 0 0 0 0 0 0 0 0 0 0 0 
0 0 0 0 0 0 0 0 0 0 0 0 0 0 0 0 0 1.19088e-05 0.000254054 0.00414275 0.00793919 0.013759 0.0162036 0.00934736 0.00175418 0.000283402 0.00443904 0.0136448 0.0139976 0.0113355 0.00708081 0.00616113 0.00205806 0.00177448 0.00236996 0.00722505 0.00625884 0.00950589 0.01114 0.0113862 0.018473 0.0100038 0.00401605 0.00612047 0.0168806 0.00729145 0.00388541 0.0024834 0.00267846 0.00429373 0.0022572 0.000159636 0 0 0 0 0 0 0 0 0 0 0 0 0 0 0 0 0 
0 0 0 0 0 0 0 0 0 0 0 0 0 0 0 0 0.00023162 0.00603098 0.0204197 0.0255953 0.0255953 0.0209025 0.0184422 0.0148569 0.00651589 0.00203995 0.00456317 0.0116768 0.0101531 0.00890172 0.00774218 0.00995465 0.00541178 0.0044813 0.00634205 0.00577036 0.00437972 0.00910772 0.013733 0.0087707 0.0127968 0.0156693 0.00770721 0.00613115 0.0101932 0.012651 0.0106346 0.00890147 0.00622795 0.00563661 0.00677026 0.00183373 7.04129e-05 0 0 0 0 0 0 0 0 0 0 0 0 0 0 0 0 
0 0 0 0 0 0 0 0 0 0 0 0 0 0 0 0 0.00199415 0.0325286 0.0628096 0.0402916 0.0308256 0.0193318 0.0145273 0.0199668 0.0171749 0.00505464 0.00423902 0.00735039 0.0055428 0.0053355 0.0104464 0.0143723 0.0127964 0.00992906 0.00766117 0.00921866 0.0114814 0.0112972 0.015137 0.0140122 0.0137155 0.0187064 0.00995701 0.00497382 0.00666446 0.00840187 0.0132623 0.0181643 0.0116426 0.00648578 0.00652528 0.00604968 0.000299279 0.000113734 7.65794e-05 0 0 0 0 0 0 0 0 0 0 0 0 0 0 
0 0 0 0 0 0 0 0 0 0 0 0 0 0 0 0 0.0019385 0.0285777 0.054265 0.0360242 0.0288932 0.0220986 0.01366 0.0159984 0.0204744 0.0219512 0.00544994 0.00382099 0.0051038 0.0135301 0.0223965 0.0224129 0.0177032 0.0122597 0.00852043 0.0175431 0.02054 0.016845 0.0116087 0.0145305 0.0167969 0.0131083 0.00947957 0.00898493 0.00947669 0.00989922 0.0153899 0.015947 0.00967258 0.0087016 0.0131702 0.00999032 0.00229727 0.00583392 0.00332697 0.00154431 0 0 0 0 0 0 0 0 0 0 0 0 0 
0 0 0 0 0 0 0 0 0 0 0 0 1.12322e-05 0.000741831 0.00315864 0.00276541 0.00388418 0.0113531 0.0241673 0.0272804 0.0293756 0.0267848 0.0183572 0.0264146 0.0294576 0.0226924 0.0113281 0.00858921 0.0166399 0.0318144 0.0284869 0.0160476 0.0149194 0.0182236 0.0175307 0.0275225 0.0223449 0.0195751 0.015464 0.0120122 0.016094 0.0148941 0.0113674 0.00755348 0.00988609 0.00979364 0.0147214 0.011721 0.00708919 0.0136433 0.0136979 0.00671525 0.00578763 0.016121 0.0172148 0.00858062 0.000581908 1.2913e-05 0 0 0 0 0 0 0 0 0 0 0 
0 0 0 0 0 0 0 0 0 0 0 0 0.000250827 0.00608227 0.0110762 0.0147571 0.0112625 0.0112176 0.0150923 0.0200374 0.0304837 0.0272937 0.0299427 0.0313417 0.0324397 0.0227766 0.0178828 0.0228463 0.0440546 0.0445266 0.0238269 0.0168871 0.0208067 0.019481 0.0238295 0.0315972 0.0308497 0.0317239 0.0249272 0.0128852 0.0171982 0.0125037 0.0079085 0.00914801 0.0132024 0.0113979 0.0114762 0.0107506 0.0106037 0.0181521 0.0117534 0.00566234 0.00952222 0.015367 0.0136036 0.00955678 0.00412725 0.00192585 0.000156184 0 0 0 0 0 0 0 0 0 0 
0 0 0 0 0 0 0 0 0 0 0 0 0.00103773 0.00936452 0.0144099 0.0120338 0.00552053 0.0131855 0.0195496 0.0213338 0.0262836 0.0315193 0.0291048 0.0268665 0.0241117 0.0248236 0.0240845 0.029041 0.0451603 0.0377199 0.0271335 0.0273984 0.0285333 0.0310833 0.0400093 0.0385322 0.0274062 0.0282846 0.0257577 0.0170004 0.0194814 0.0111694 0.0064719 0.0109412 0.0178551 0.0173215 0.0127492 0.0126113 0.0140146 0.0135026 0.019532 0.0196335 0.0185974 0.0108002 0.00614465 0.00828058 0.00885215 0.00650018 0.00228441 4.56396e-05 0 0 0 0 0 0 0 0 0 
0 0 0 0 0 0 0 0 0 0.00021994 0.0028104 0.00312939 0.000764065 0.00370061 0.00697272 0.00803986 0.0127999 0.0209025 0.0213558 0.0236848 0.0291701 0.0376016 0.0304221 0.0303517 0.029254 0.0290188 0.0223415 0.0248091 0.0258832 0.0216845 0.0235489 0.026585 0.0338655 0.0346996 0.0254215 0.0218257 0.0235302 0.0289535 0.0293528 0.0220786 0.0217015 0.0124805 0.0104368 0.0151207 0.0192318 0.0156074 0.015767 0.0128375 0.00900744 0.00942776 0.0159655 0.0331645 0.022325 0.0102906 0.00489435 0.0115313 0.00967962 0.012851 0.00924147 0.00382289 0.000323794 0 0 0 0 0 0 0 0 
0 0 0 0 0 0 0 0 1.90351e-05 0.00302009 0.0147385 0.0169373 0.0106752 0.00559179 0.0118861 0.0228057 0.0218359 0.0279123 0.0376769 0.034658 0.0339248 0.02723 0.0300697 0.0322422 0.0299396 0.0279206 0.0191891 0.0167559 0.0199634 0.0174071 0.0204731 0.030199 0.0288717 0.0240642 0.0277262 0.0174396 0.0229469 0.027098 0.0237131 0.0207932 0.0197451 0.00960626 0.0118257 0.019658 0.0166869 0.014177 0.0154962 0.0134414 0.00749021 0.00956377 0.00897586 0.0171703 0.0149476 0.0122943 0.0085994 0.0130521 0.0133408 0.0163928 0.0175023 0.00732497 0.00129516 5.00201e-05 0 0 0 0 0 0 0 
0 0 0 0 0 0 0 2.31029e-05 0.00141545 0.0118253 0.0283676 0.0410303 0.025628 0.0195275 0.0283775 0.037771 0.0354765 0.0267137 0.0322268 0.0330617 0.0305086 0.0275593 0.032894 0.0255809 0.0275725 0.0212647 0.0168265 0.027082 0.0236142 0.0183118 0.0149172 0.0173368 0.0245471 0.0309679 0.0361676 0.0161778 0.0258966 0.0235129 0.0235993 0.0213806 0.0203836 0.0162931 0.0137958 0.0238672 0.0226865 0.0204556 0.018513 0.0167283 0.0192251 0.0154689 0.0131979 0.012305 0.0134667 0.013365 0.0191158 0.0158412 0.0111246 0.0148692 0.0157325 0.0111115 0.00442027 0.00131748 0 0 0 0 0 0 0 
0 0 0 0 0 0 0 0.0020998 0.0109583 0.0217614 0.0384744 0.034965 0.0197324 0.0263506 0.0373931 0.0475174 0.0364862 0.0268031 0.0200448 0.0165374 0.0210048 0.0233475 0.0208486 0.0255919 0.0287513 0.0232209 0.0260986 0.0295223 0.0268906 0.0219324 0.0208089 0.0162636 0.0179294 0.0264896 0.0250987 0.0168853 0.0200439 0.0272165 0.026775 0.020393 0.0144256 0.0219807 0.0266413 0.0281861 0.026853 0.0215471 0.0237695 0.0238384 0.0213134 0.0161771 0.0173051 0.0173139 0.0109576 0.015256 0.0148618 0.0152533 0.016363 0.0142658 0.0146961 0.0133053 0.0123583 0.00925851 0.000706478 5.99596e-06 0 0 0 0 0 
0 0 0 0 0 0 0.00124477 0.0131725 0.0201709 0.0293061 0.0311071 0.0267564 0.0266267 0.0316004 0.0390383 0.0402247 0.0296905 0.0231367 0.0181698 0.0199348 0.0202213 0.0202916 0.0249509 0.0304124 0.0236393 0.0265033 0.0230729 0.0230814 0.0177929 0.0206189 0.0258673 0.0184161 0.0176284 0.024053 0.0254319 0.0146396 0.0180663 0.0248732 0.0198886 0.0164169 0.0149397 0.0223955 0.037124 0.0346201 0.0268794 0.0228371 0.0233041 0.0178064 0.0190206 0.0173797 0.0158363 0.0171788 0.014811 0.0188166 0.0180809 0.0236735 0.0195496 0.0165577 0.015473 0.0185778 0.0222473 0.0136643 0.00774085 0.000453271 0 0 0 0 0 
0 0 0 0 0 0.000242226 0.0102536 0.0174017 0.0265504 0.0272522 0.0323685 0.0319319 0.0321115 0.0304534 0.0330805 0.0364889 0.0340365 0.0245508 0.0207102 0.0229181 0.0237667 0.0268178 0.0269393 0.018113 0.0179464 0.0156383 0.0243053 0.0187056 0.0104901 0.0123919 0.019536 0.0187531 0.0159253 0.0181917 0.0202892 0.0140897 0.0214528 0.0231394 0.0247283 0.0215185 0.0138345 0.0149439 0.0186888 0.018688 0.0241485 0.0245151 0.0158236 0.0117677 0.0132355 0.0206581 0.015133 0.0161412 0.0115108 0.0186605 0.0272639 0.0354411 0.0206955 0.0163165 0.0232331 0.0159973 0.0136388 0.0190799 0.0106965 0.00133655 0 0 0 0 0 
0 0 0 0 0 0.000702762 0.0193918 0.0286701 0.0234901 0.0256287 0.0263016 0.0261023 0.0246335 0.0272559 0.0294608 0.0254224 0.0254083 0.021625 0.0231834 0.0207658 0.0203366 0.0235343 0.0241144 0.015418 0.0163177 0.0182393 0.0195401 0.0144137 0.0119492 0.0117476 0.0221413 0.0232338 0.0210596 0.0203213 0.020255 0.0121715 0.018748 0.0226332 0.0223507 0.0178499 0.0125021 0.0156286 0.0183469 0.0160928 0.0250646 0.0221645 0.0144189 0.00960176 0.0115288 0.0188638 0.0161535 0.0177979 0.0178672 0.024215 0.0260842 0.0261103 0.0237454 0.021768 0.0243161 0.0249998 0.0113442 0.0141143 0.0138536 0.00332872 0.000278076 0 0 0 0 
0 0 0 0 0 0.00103394 0.0186686 0.0296486 0.0268837 0.0276246 0.0310089 0.0308586 0.0217707 0.0210092 0.0218985 0.0139756 0.015577 0.0209872 0.0252904 0.0191019 0.0175456 0.0202939 0.0225402 0.0156906 0.0226088 0.0251408 0.0160417 0.0169665 0.0137992 0.0141579 0.0176498 0.0207209 0.0162199 0.016026 0.0158014 0.0156505 0.0148428 0.016425 0.0181284 0.0120506 0.0119465 0.0238034 0.0230329 0.0185667 0.0184392 0.0160083 0.0142568 0.0126345 0.0116883 0.0165125 0.0200338 0.022555 0.0158229 0.0276032 0.0267435 0.0156406 0.0194807 0.0225749 0.0227353 0.0168261 0.0150688 0.0128449 0.019089 0.012448 0.00184759 0 0 0 0 
0 0 0 0 0 0.00134173 0.0105494 0.0196846 0.0269227 0.025863 0.0336555 0.0261497 0.0206969 0.0191895 0.0226883 0.0181335 0.0171031 0.0197021 0.0191362 0.0216094 0.0196295 0.0190077 0.0242088 0.025552 0.0253611 0.0211341 0.0180493 0.0207073 0.0172418 0.016954 0.0179804 0.0230616 0.0124404 0.0164002 0.0211785 0.0158011 0.0132791 0.0115704 0.0141829 0.0166563 0.015387 0.0204971 0.022041 0.0201435 0.0184459 0.0241212 0.0325008 0.023126 0.0167413 0.018793 0.0185055 0.020876 0.0200665 0.0273214 0.0398614 0.0234227 0.0306608 0.0242367 0.0146126 0.0112738 0.0141573 0.012667 0.0207326 0.0229302 0.00843687 0.000546172 0 0 0 
0 0 0 0 0.00180526 0.0084601 0.00609649 0.0194353 0.029306 0.0282796 0.0329254 0.0251086 0.0189796 0.0245571 0.0278336 0.0237273 0.0231106 0.0210512 0.0226881 0.0228603 0.0204494 0.0237777 0.0213942 0.0261415 0.0204278 0.022591 0.0207472 0.0224481 0.0242716 0.0222116 0.0220104 0.0221338 0.0207051 0.0214883 0.021238 0.0190981 0.0202814 0.0184575 0.0158303 0.0169357 0.0139022 0.0168508 0.0166296 0.0233242 0.0217251 0.0311784 0.046314 0.0425866 0.0252397 0.0227754 0.0161701 0.0186961 0.0240741 0.0257443 0.0203471 0.0194944 0.022432 0.0212303 0.0114021 0.0178604 0.015907 0.0168214 0.0127661 0.0112945 0.00342614 0.000168555 0 0 0 
0 0 9.8192e-07 0.00035314 0.0050531 0.0125909 0.0134436 0.0204183 0.0314981 0.0288393 0.0345596 0.0275596 0.017552 0.0251519 0.0294838 0.0256517 0.0254451 0.0245518 0.0245876 0.0316329 0.0229909 0.0255412 0.0236033 0.0146054 0.0168421 0.0245866 0.0196912 0.0216504 0.0265292 0.0298683 0.0197175 0.0199429 0.0155411 0.0169543 0.0145065 0.0232067 0.0220436 0.017182 0.01548 0.0184403 0.0194789 0.0187381 0.0219285 0.0278986 0.0245129 0.0360708 0.0307719 0.033252 0.0267077 0.019631 0.0220284 0.0207692 0.0202715 0.0197046 0.0261858 0.0241001 0.0229943 0.0230408 0.0130714 0.0246585 0.0215909 0.0206506 0.0155408 0.00970718 0.00240028 4.36091e-06 0 0 0 
0 0 0.000260507 0.00827369 0.0146017 0.0159317 0.0162115 0.0166367 0.0243757 0.0281547 0.0234253 0.0263403 0.0207631 0.0213954 0.0299056 0.0375429 0.0308465 0.0231393 0.0230095 0.0236081 0.0248142 0.0302158 0.0225157 0.0156961 0.0121508 0.012404 0.0190199 0.0252584 0.0341857 0.0273063 0.0202466 0.0222835 0.0175279 0.0132707 0.0141469 0.0191695 0.0143666 0.0167956 0.0195019 0.0153804 0.0177745 0.0198835 0.0236599 0.0273948 0.0233835 0.0319647 0.0309596 0.0397111 0.0280157 0.0131907 0.0183636 0.0195378 0.0214354 0.0233093 0.019405 0.0215356 0.0213744 0.0227002 0.0264416 0.0232469 0.0219897 0.0232106 0.0209419 0.0119247 0.00364585 0.000327867 0 0 0 
0 0 0.00233524 0.0177447 0.0195526 0.0249206 0.028507 0.0275033 0.0240908 0.0244741 0.0214063 0.0212116 0.0187604 0.0221381 0.0346319 0.0350627 0.0323873 0.0315011 0.0326466 0.0243088 0.0206901 0.0217318 0.0240426 0.0160236 0.0128124 0.0111321 0.0187725 0.0207305 0.02587 0.0274559 0.0203924 0.0160781 0.0145921 0.0197185 0.0249711 0.0233791 0.0181998 0.0232366 0.0207086 0.020153 0.0208163 0.0242984 0.0247955 0.0243825 0.0238112 0.023278 0.0275321 0.0390951 0.0219097 0.0157732 0.0158377 0.0205729 0.0289935 0.0232408 0.0168795 0.0164394 0.0147472 0.0305575 0.0520069 0.0180767 0.0163177 0.0216102 0.0210791 0.0085946 0.00732791 0.00144369 0.000453451 0 0 
0 0 0.00551033 0.022279 0.0241197 0.0230311 0.0273413 0.0271664 0.0223052 0.0220728 0.0228096 0.020617 0.0247083 0.0259338 0.0307925 0.0294293 0.0272423 0.0260191 0.0290035 0.0246141 0.0208364 0.0212842 0.0211558 0.0188738 0.015891 0.0161637 0.0229113 0.0215164 0.0201048 0.0223953 0.022049 0.0131013 0.013552 0.0237262 0.0249888 0.0195476 0.0193437 0.0215418 0.0201628 0.0165912 0.0207687 0.0218026 0.0219192 0.0256722 0.0281383 0.0221572 0.0354545 0.0361967 0.0276007 0.0229787 0.0242638 0.0200499 0.0323829 0.0284156 0.0158185 0.0148785 0.0115581 0.0238177 0.0389644 0.0236888 0.0212875 0.0120134 0.012531 0.0105535 0.0131232 0.00357051 0.00239722 0.000202996 8.17348e-06 
0 0.000320479 0.0084587 0.024904 0.0323996 0.0287482 0.0275483 0.021719 0.0255481 0.0223572 0.0185867 0.0217725 0.0272511 0.0250659 0.0271736 0.0250704 0.0308153 0.0289379 0.0296197 0.0195256 0.0228443 0.0241889 0.0172172 0.0204856 0.0194031 0.0211034 0.0320825 0.0336816 0.0235039 0.0182101 0.0224361 0.0126271 0.0096917 0.0202705 0.0348702 0.0546169 0.0250008 0.0238382 0.0214187 0.0199532 0.0204638 0.0206319 0.0250199 0.0229369 0.0228331 0.026223 0.0314946 0.0255658 0.0192631 0.0259217 0.0224921 0.018032 0.0286352 0.0303637 0.0316021 0.0300969 0.0176595 0.0235654 0.0229292 0.0288582 0.0217966 0.0171434 0.0138113 0.017934 0.0161878 0.00635508 0.00508742 0.00229966 3.82881e-05 
0 0.000594954 0.0152959 0.0331287 0.0385098 0.0241204 0.0163699 0.024804 0.0256956 0.0221686 0.0221006 0.0208191 0.0245677 0.0214591 0.0204349 0.0173581 0.0241668 0.026291 0.0313195 0.0267304 0.0310489 0.0256766 0.0240085 0.0257516 0.0208787 0.0272797 0.0383645 0.0346574 0.0267718 0.0181361 0.0172405 0.0138826 0.0162805 0.0175253 0.0377723 0.0624066 0.0322389 0.0264288 0.0256942 0.0234286 0.0286706 0.0197072 0.025392 0.0283729 0.0169797 0.0222812 0.0212641 0.0189626 0.0193993 0.0211975 0.0201346 0.0177303 0.019738 0.021106 0.04414 0.044194 0.0307502 0.0270498 0.0277 0.0402292 0.0325193 0.0177404 0.0109732 0.015182 0.0138296 0.00709727 0.00877272 0.003205 0.000120305 
0 0.000202008 0.00813692 0.0231489 0.0272968 0.0157668 0.0103098 0.0200871 0.0253614 0.0229193 0.0206385 0.0232685 0.028344 0.0273193 0.021238 0.0201406 0.0234219 0.0241816 0.0305567 0.0302021 0.0317498 0.0266455 0.0218094 0.0231615 0.0199122 0.0196537 0.0263407 0.029919 0.0261508 0.0257938 0.0167711 0.0117595 0.0202104 0.023451 0.027186 0.027381 0.0295582 0.0266334 0.0277461 0.025218 0.0223229 0.0200854 0.0383072 0.0372277 0.0196069 0.0164724 0.0179282 0.0254248 0.0185466 0.0179778 0.0222561 0.0213128 0.01833 0.0181587 0.0399175 0.0367022 0.032502 0.0308989 0.0328212 0.0371438 0.0363939 0.0148691 0.00716433 0.013235 0.010367 0.00761862 0.00508096 0.00192388 0.000127432 
0 1.80687e-05 0.0016623 0.00330774 0.00495318 0.00504476 0.00801267 0.0212216 0.0216278 0.0220045 0.0222045 0.0270339 0.0304287 0.0290427 0.0218444 0.0185341 0.0259172 0.0246948 0.0324634 0.0300441 0.0260738 0.0224682 0.0186906 0.024965 0.0268387 0.0244763 0.0179228 0.0246402 0.0258012 0.0333711 0.0231999 0.0196702 0.0175823 0.0160078 0.0181989 0.0181767 0.0253465 0.0255583 0.0279194 0.0278244 0.0225669 0.029392 0.0318797 0.0265971 0.034139 0.0222203 0.0207675 0.0267686 0.0271166 0.029568 0.0294818 0.0341625 0.0236311 0.0222274 0.0255809 0.027872 0.0247245 0.0276769 0.0226805 0.0314538 0.0206284 0.00666779 0.00518373 0.00899262 0.0133529 0.0106912 0.00704569 0.00295435 0.000410459 
0 0 0 0.000809408 0.00259544 0.00548815 0.0128968 0.017829 0.0230141 0.0278322 0.024863 0.0204342 0.0245762 0.0261481 0.0233413 0.0238207 0.0187173 0.0244393 0.0287426 0.0287554 0.0247097 0.0200757 0.0248212 0.0274458 0.0276659 0.0217765 0.0214747 0.0256139 0.0249412 0.0251658 0.0248913 0.0246837 0.0171325 0.0204971 0.0231547 0.0320221 0.0290636 0.0259286 0.0294496 0.0286055 0.0207111 0.0347331 0.032954 0.0352127 0.0605243 0.0365923 0.0192037 0.0195053 0.0291873 0.0290104 0.0268412 0.0319612 0.031025 0.033483 0.0220492 0.024558 0.0233406 0.0174743 0.0167655 0.0266976 0.0138216 0.00383549 0.00285652 0.00421383 0.0122007 0.00906261 0.00301293 0.0025479 0.00033224 
0 0.00221137 0.0112471 0.0148763 0.0159074 0.0177554 0.0183573 0.0196385 0.024979 0.0305374 0.0278023 0.0209029 0.0218289 0.0241065 0.0260028 0.0225305 0.018334 0.0164768 0.0197627 0.023612 0.026701 0.020565 0.0248876 0.027069 0.0273009 0.0172824 0.0165887 0.0180521 0.0232942 0.0225731 0.0241961 0.0236116 0.0209744 0.02626 0.0294694 0.0320003 0.0387822 0.0249887 0.0296278 0.0285578 0.0237663 0.0240096 0.0271118 0.0428736 0.0455704 0.0216362 0.0157402 0.0229284 0.0278059 0.0292773 0.0158537 0.0234361 0.0267273 0.0336683 0.0262456 0.0271841 0.0203732 0.0151218 0.0160528 0.0161006 0.0107683 0.00311609 0.00660622 0.00454891 0.0051428 0.00395571 0.0193601 0.00656254 0.000383942 
3.46039e-05 0.00548046 0.021395 0.0247605 0.0239432 0.0186671 0.0175468 0.020582 0.0313606 0.0283381 0.0285001 0.0195824 0.0226622 0.0255076 0.0253908 0.0195722 0.0149821 0.0169291 0.0190242 0.0205819 0.0193304 0.0277971 0.0193162 0.0189157 0.021025 0.0224565 0.0141231 0.0150798 0.0205979 0.020228 0.0243959 0.0222533 0.0230926 0.0254512 0.0359896 0.0414262 0.0486068 0.0334494 0.0270107 0.0318854 0.0335913 0.0263621 0.025396 0.0291062 0.0370597 0.0287195 0.0293637 0.0328762 0.0375175 0.0276736 0.0221007 0.027822 0.046375 0.0313312 0.0253554 0.0183201 0.0175275 0.0188367 0.0304948 0.0215575 0.0135944 0.0235056 0.0291894 0.00896184 0.00167536 0.00605036 0.0253557 0.0125595 0.00166657 
0.000109219 0.00816461 0.0238845 0.0262499 0.01928 0.0199986 0.0150769 0.0178958 0.0253885 0.0320243 0.0290703 0.0317199 0.0271276 0.0257832 0.0296466 0.0249522 0.0182152 0.0173366 0.0219309 0.0209531 0.0226377 0.0224276 0.0170332 0.0186018 0.0201028 0.0224866 0.0130676 0.0124463 0.0282767 0.0234873 0.0188755 0.020712 0.023411 0.0269497 0.0369876 0.0376992 0.0521334 0.0603692 0.0628052 0.0596253 0.0717864 0.0431753 0.030016 0.0358849 0.0253937 0.0228255 0.0282491 0.0367532 0.0469483 0.0314997 0.026644 0.0272432 0.0384764 0.0273039 0.0289124 0.023217 0.0219646 0.0309201 0.0301112 0.0169697 0.0215434 0.0293363 0.0231773 0.0202909 0.00581891 0.00457656 0.0139655 0.0153298 0.00407521 
0.000250479 0.0102205 0.0224855 0.0213338 0.0189671 0.0180148 0.0236861 0.0215333 0.0226497 0.0255297 0.0264649 0.0273051 0.0264564 0.0186338 0.0219106 0.0230438 0.0284703 0.0235696 0.0265567 0.0173109 0.0163554 0.0186238 0.0149088 0.0170228 0.0215337 0.0192296 0.0173813 0.0206017 0.021705 0.0261188 0.0225095 0.0258048 0.0302646 0.0310193 0.0324192 0.0344676 0.0321623 0.0826907 0.0838032 0.0374242 0.0394832 0.0590676 0.0560187 0.0505652 0.033379 0.0210986 0.0190342 0.0355251 0.0394557 0.0306417 0.0303666 0.0310157 0.0322575 0.0312673 0.0241965 0.0334361 0.0221456 0.0213088 0.0222146 0.0213162 0.0244096 0.0336977 0.0280164 0.0315344 0.010902 0.00446158 0.0097089 0.0181505 0.00429467 
0.000318136 0.00755149 0.0200585 0.0231493 0.019373 0.0222929 0.0270301 0.0197306 0.0161749 0.0207305 0.0303694 0.0244069 0.0197495 0.018249 0.0279975 0.0276281 0.0322859 0.032389 0.0248201 0.018167 0.0159847 0.0201239 0.0168945 0.0224676 0.0224802 0.0251284 0.0215417 0.0243689 0.0214618 0.0186345 0.0210589 0.0230255 0.0260978 0.0263961 0.0323278 0.0293071 0.0399625 0.0678391 0.0609422 0.0486807 0.03525 0.0328485 0.0405736 0.0584518 0.0389305 0.0244129 0.0299001 0.0261367 0.0215701 0.0258411 0.0292477 0.0251749 0.034935 0.0328437 0.0257242 0.0260047 0.0231563 0.0174376 0.0232179 0.0214897 0.0242726 0.0395976 0.0244046 0.0287571 0.0133246 0.00544165 0.00538009 0.0166122 0.00780397 
0.00054518 0.0113226 0.0200428 0.0188975 0.0215086 0.0252358 0.0223171 0.021756 0.0167037 0.0256012 0.027381 0.0263242 0.0218902 0.0225853 0.0237752 0.0300977 0.0304924 0.0228111 0.018007 0.0207674 0.0167236 0.0201159 0.0206461 0.0221538 0.0255892 0.0203542 0.0232165 0.0198113 0.0191491 0.0170686 0.0164396 0.0201981 0.0236654 0.0219749 0.0294909 0.0357201 0.0578046 0.0550923 0.0638137 0.0440613 0.0334153 0.023118 0.0208028 0.0319153 0.034312 0.0279273 0.0337301 0.0320798 0.0200903 0.0399433 0.0350337 0.0219763 0.0298534 0.044574 0.033156 0.0248712 0.0257857 0.0189675 0.0201242 0.0191 0.0200554 0.0273556 0.0233798 0.0270258 0.0189419 0.00687628 0.00463333 0.0118839 0.00632031 
7.04779e-05 0.00592931 0.0185346 0.0229814 0.0198889 0.0331736 0.0260671 0.0282315 0.0182654 0.0199047 0.0241494 0.0305158 0.0326704 0.0426122 0.0270394 0.0253796 0.0233181 0.0236122 0.0251606 0.020194 0.0225775 0.0202338 0.0236216 0.0220833 0.0331699 0.0197265 0.0154391 0.0186962 0.019197 0.0224243 0.0224829 0.0305713 0.0283683 0.0344436 0.0209582 0.0298314 0.0468727 0.0530609 0.0408539 0.0472973 0.0499985 0.0286882 0.0207181 0.0182563 0.0258332 0.0243699 0.0197884 0.0212173 0.0250724 0.0446973 0.0249288 0.0247068 0.0304648 0.0390935 0.0393254 0.0273134 0.0338774 0.0244542 0.02288 0.0238685 0.0258922 0.0286421 0.0267499 0.0228052 0.0158349 0.0080272 0.00700675 0.00927538 0.00378536 
1.53869e-05 0.00665522 0.019514 0.0284236 0.0266497 0.0281054 0.0234904 0.0234989 0.0213689 0.0182279 0.0253213 0.0330306 0.0283771 0.0465362 0.026302 0.0243245 0.020865 0.0180157 0.0179199 0.0198095 0.0161704 0.0170187 0.0179418 0.0241921 0.0237139 0.0138272 0.0164502 0.0205173 0.0161844 0.0176144 0.026314 0.0310036 0.0238891 0.0272676 0.0332112 0.0220989 0.0199239 0.0369919 0.0407067 0.0632109 0.0516323 0.0246065 0.0192522 0.020776 0.0240947 0.022126 0.0191973 0.025925 0.0288375 0.0316032 0.0192077 0.0167591 0.0257202 0.0269361 0.0273231 0.0294737 0.0342339 0.0234524 0.0223802 0.025381 0.0279015 0.0230167 0.0268603 0.0207385 0.0109235 0.00817574 0.0107037 0.00475323 0.00155008 
0.000259535 0.0107406 0.0185156 0.0292417 0.0232296 0.0228172 0.0244326 0.0196435 0.0209788 0.0216635 0.0189265 0.0235604 0.0249934 0.023022 0.0157072 0.0193525 0.0157842 0.0167611 0.0149403 0.0172425 0.0171933 0.0198042 0.0206255 0.0291522 0.0201895 0.0184159 0.0231069 0.0228105 0.0168051 0.0135272 0.0220822 0.0242806 0.027109 0.0220043 0.0263899 0.0188966 0.0200387 0.0268713 0.0372986 0.0369274 0.0242403 0.0250715 0.0280559 0.0179006 0.0186502 0.0162155 0.0153663 0.0221682 0.0262294 0.0315899 0.0208822 0.031826 0.0590624 0.0419908 0.020596 0.0264611 0.0342945 0.0266878 0.0316132 0.0255291 0.0312948 0.0181929 0.0226169 0.0194424 0.0076071 0.0117587 0.0073238 0.00267843 0.000732436 
0.000225372 0.00871149 0.0205963 0.0272334 0.0213676 0.021968 0.0248349 0.024792 0.0230142 0.0196443 0.0208834 0.0253998 0.0246026 0.0247384 0.019516 0.019973 0.0155689 0.0114239 0.016578 0.0214824 0.0181063 0.0219355 0.0174093 0.019221 0.0154948 0.0139495 0.0212163 0.0244985 0.0206551 0.0197319 0.0195354 0.0220109 0.0213086 0.0218309 0.017558 0.0159858 0.022685 0.0411155 0.0381413 0.0279235 0.020001 0.0154355 0.0215234 0.023703 0.0158861 0.0148521 0.0129536 0.0138304 0.0232228 0.0388043 0.0322965 0.0477279 0.0540494 0.0376573 0.015559 0.0209904 0.0333269 0.0299768 0.0461274 0.0215682 0.0228448 0.018097 0.0201113 0.0136929 0.0127628 0.0287173 0.0365095 0.0111514 0.000649479 
7.20067e-05 0.00656678 0.0242718 0.0297195 0.0314457 0.0201944 0.0208206 0.0264049 0.0251421 0.0170382 0.0205006 0.0220811 0.0210462 0.0294866 0.0218805 0.0207141 0.0159035 0.0197728 0.0177825 0.0220658 0.0212667 0.0242344 0.0194661 0.0173724 0.0142732 0.0158734 0.0140149 0.019508 0.0236374 0.0224641 0.016828 0.0170363 0.0208987 0.0215543 0.0194372 0.0155595 0.0270994 0.0377256 0.0272148 0.0320892 0.0233605 0.0180258 0.0184499 0.0158783 0.0147979 0.0195593 0.0249167 0.0279405 0.0239483 0.0457821 0.0411955 0.0474218 0.0397175 0.0265458 0.0179904 0.0212802 0.0225769 0.0233623 0.0220036 0.0133824 0.0160274 0.023896 0.0234445 0.0192753 0.0207515 0.0542787 0.0771283 0.0237225 0.00176178 
0 0.00341073 0.0166846 0.0245764 0.0221262 0.0182126 0.0167096 0.0196991 0.0142844 0.0170232 0.0171741 0.0230124 0.0245356 0.0236011 0.0194236 0.0231615 0.0210969 0.019801 0.0197628 0.018664 0.0164445 0.0180502 0.0167559 0.01261 0.019792 0.0174828 0.014231 0.0178576 0.0176415 0.0158121 0.0182996 0.0171794 0.0169548 0.0194087 0.0198153 0.0216898 0.0267677 0.0340285 0.0264533 0.0254579 0.0324743 0.0230979 0.0132826 0.0179345 0.020606 0.0258194 0.029064 0.0307935 0.0283734 0.0470824 0.0446681 0.0496808 0.0284834 0.0250871 0.0186547 0.0192601 0.015308 0.0170909 0.0110371 0.0132122 0.0149548 0.019894 0.0185744 0.0225972 0.0235572 0.0341454 0.0410395 0.0228694 0.00224544 
0 0.000144844 0.00260827 0.00955259 0.0175603 0.0262889 0.0219987 0.0206151 0.0222215 0.0185179 0.024151 0.0264152 0.023025 0.0270354 0.0223269 0.0241036 0.0298679 0.022584 0.0195475 0.0171294 0.0181061 0.0208562 0.0207684 0.0174222 0.0142723 0.0152109 0.0170869 0.0136393 0.0146634 0.0139898 0.0160668 0.0161133 0.0139584 0.0190611 0.0255813 0.0293733 0.0270923 0.0248285 0.0264489 0.0267927 0.0263671 0.0202885 0.0171624 0.0197806 0.0281582 0.0322016 0.0249167 0.0216794 0.039779 0.0523219 0.043251 0.0342312 0.0234975 0.0184496 0.0167723 0.0194668 0.0149383 0.0148721 0.0146426 0.0168567 0.0228944 0.0173551 0.0171648 0.0260206 0.02389 0.0182417 0.0187362 0.00978393 0.00163845 
0 0 2.16676e-05 0.00531294 0.0207957 0.034785 0.0397673 0.0288834 0.0365433 0.0273101 0.0193994 0.0198672 0.0198415 0.0208431 0.017583 0.021152 0.0314707 0.0360486 0.0215338 0.0198604 0.0148749 0.013606 0.017246 0.0170099 0.0129548 0.0119659 0.013909 0.0142691 0.011066 0.0157118 0.0163124 0.0129206 0.0162198 0.0181041 0.0236479 0.0245624 0.0216319 0.0192968 0.0201807 0.0221545 0.0246509 0.0190806 0.0181988 0.0247736 0.0375163 0.0364323 0.0312759 0.0217252 0.0511841 0.0525748 0.0392504 0.0200959 0.0153921 0.0201112 0.0193979 0.0142328 0.0202376 0.0185352 0.0181314 0.0252035 0.0222299 0.0250027 0.0323255 0.0328507 0.0294217 0.0302911 0.0159409 0.00578968 0.000286871 
0 0 0.000252477 0.00565175 0.0187535 0.0259334 0.0351054 0.0332509 0.0305119 0.0266896 0.0214204 0.0191441 0.0154405 0.0189127 0.02006 0.0153608 0.0225309 0.0351455 0.034094 0.0199452 0.0134751 0.0108622 0.0166222 0.0200592 0.0165265 0.0110869 0.0134527 0.0127759 0.0128307 0.0195866 0.0223015 0.0104351 0.0138736 0.0186462 0.0220024 0.0182458 0.0194549 0.0183745 0.0174441 0.0210919 0.0197279 0.0193009 0.0237979 0.0233186 0.0399363 0.0485424 0.0431935 0.0342568 0.0292698 0.0237299 0.0182701 0.0149221 0.013588 0.0213278 0.0206548 0.0158964 0.0262057 0.0197896 0.0269904 0.0274209 0.0252341 0.0316525 0.0245475 0.0213614 0.0214255 0.0256817 0.0193137 0.00647716 0.000101435 
0 0 0.000817488 0.010125 0.0194427 0.0221033 0.0163279 0.0164324 0.0188306 0.021679 0.016446 0.0200705 0.0178633 0.0250255 0.0269004 0.0144029 0.0163155 0.021794 0.0246491 0.0180305 0.0223193 0.0131978 0.0105115 0.0188466 0.01629 0.0154375 0.0157536 0.0180915 0.0158809 0.0210286 0.0192532 0.0122209 0.0117745 0.0152682 0.0157588 0.0126359 0.0189434 0.0198556 0.0200965 0.01846 0.0171054 0.0247416 0.0254976 0.0227176 0.02775 0.0355896 0.0412154 0.027729 0.0131244 0.0144305 0.0141933 0.0124745 0.00649837 0.00741826 0.0103551 0.012879 0.0126391 0.0196928 0.0252685 0.0254984 0.0239008 0.0255867 0.0208215 0.0158925 0.0173688 0.0114307 0.0109216 0.00140109 0 
0 0 0.000286031 0.0068405 0.0116706 0.010705 0.00864655 0.012443 0.0183484 0.0214002 0.0133297 0.0154199 0.0203196 0.0185007 0.0235033 0.0192035 0.0182076 0.0142394 0.021764 0.0202718 0.0197963 0.0163469 0.0150284 0.0258139 0.0250584 0.0199899 0.0172547 0.0179712 0.0210214 0.0252467 0.0324695 0.0246465 0.0151539 0.0195621 0.012281 0.0118062 0.0180361 0.0181641 0.0221696 0.0229886 0.0246585 0.0253188 0.0169784 0.0210419 0.0242544 0.0211264 0.0270372 0.0259029 0.0131208 0.00869885 0.0132795 0.0104448 0.00689278 0.0084327 0.00774887 0.00699279 0.00542634 0.00786169 0.012915 0.0143759 0.0193107 0.0232185 0.0211578 0.0179135 0.0165538 0.0125679 0.00628025 0.000513693 0 
0 0 0 0.00136967 0.0071471 0.0135165 0.0167645 0.0179945 0.0193032 0.0288679 0.018308 0.0168886 0.0130458 0.0128309 0.0200628 0.0240097 0.0192591 0.0173938 0.0233846 0.0242029 0.0222282 0.0195528 0.0165848 0.0191515 0.0264598 0.0217666 0.0203389 0.0180163 0.0209242 0.0245902 0.0351407 0.0206798 0.0180332 0.0170079 0.0170852 0.0195023 0.015619 0.0176492 0.0179479 0.0257225 0.0240475 0.023861 0.0248409 0.017696 0.0155972 0.0204767 0.0292903 0.0235105 0.00708273 0.00888735 0.0140008 0.00667478 0.0131566 0.0181399 0.015249 0.00654349 0.00384128 0.00526356 0.0102719 0.0125544 0.0208077 0.0252695 0.0202095 0.0159808 0.0120494 0.0157844 0.00614433 7.20305e-06 0 
0 0 0 0.000180629 0.00321183 0.0108903 0.0209052 0.0221921 0.022946 0.0319071 0.0165611 0.011008 0.0159381 0.0216971 0.0257554 0.0195456 0.0153276 0.0188953 0.0198401 0.0171227 0.0208849 0.0186286 0.01559 0.00848908 0.0166159 0.0185113 0.0229115 0.0215039 0.0234383 0.0190421 0.0125621 0.0121866 0.0163018 0.014473 0.0193442 0.0182526 0.0144947 0.0127482 0.0161686 0.0222449 0.0223064 0.020957 0.0196536 0.0166284 0.0149104 0.0199754 0.0206897 0.0176439 0.00760396 0.00995902 0.00813378 0.00595315 0.0142151 0.0234834 0.0156181 0.00591802 0.0064854 0.00845782 0.0105701 0.0105478 0.0193539 0.0238327 0.0221534 0.0215673 0.00951289 0.00594454 0.000785227 0 0 
0 0 0 0 0.00123032 0.0150133 0.0195158 0.0165993 0.0229363 0.0146586 0.00959592 0.011787 0.018349 0.0238105 0.0252242 0.02172 0.0189268 0.0208062 0.0163962 0.0153226 0.0182942 0.0152834 0.01049 0.0105269 0.0133303 0.0166513 0.0255358 0.0166459 0.0177856 0.0146798 0.0138542 0.0179848 0.014817 0.0155062 0.0102526 0.0173217 0.0167394 0.0117043 0.0124676 0.0181819 0.0228934 0.0198858 0.021537 0.0177891 0.0123046 0.0181925 0.0242546 0.0163348 0.0143231 0.0169075 0.0127265 0.0147603 0.0230638 0.0228045 0.0107423 0.0149785 0.0126388 0.00871599 0.00633408 0.00659149 0.011482 0.0170754 0.0195926 0.0180373 0.00423225 0.00023261 3.67116e-05 0 0 
0 0 0 0 0.000425293 0.0121142 0.0166445 0.0153648 0.009084 0.00754551 0.0151539 0.0204105 0.0216183 0.0259113 0.0272844 0.0201027 0.0219162 0.0246157 0.0288248 0.0235673 0.0180773 0.0172609 0.0160743 0.0154923 0.01561 0.0115453 0.0198126 0.0201935 0.0222315 0.0129095 0.0134625 0.0139444 0.012853 0.0128733 0.0101594 0.0104729 0.00977509 0.0104937 0.0110597 0.0128918 0.017126 0.020531 0.017035 0.0110568 0.0158662 0.0176302 0.0198213 0.0197727 0.0341017 0.0399652 0.024263 0.0166943 0.0138368 0.0152157 0.0134164 0.0167265 0.0167994 0.0127825 0.00536581 0.00250598 0.00506754 0.0106975 0.00610774 0.00216339 0.000191854 0 0 0 0 
0 0 0 0 6.62232e-05 0.00562307 0.0117284 0.00355837 0.00186026 0.00942392 0.0160205 0.0214598 0.0187272 0.028342 0.0327904 0.0224748 0.0192451 0.0266068 0.0510458 0.0279351 0.0175633 0.0166959 0.0168041 0.0108264 0.0135381 0.017655 0.0196082 0.0205226 0.0235604 0.0202459 0.0119284 0.0147074 0.0162298 0.0181063 0.0138736 0.00930758 0.00931967 0.0120793 0.0186723 0.0188303 0.0191087 0.0189298 0.0116226 0.0153104 0.0141501 0.016223 0.0185492 0.034998 0.0291741 0.0278138 0.0251831 0.0149634 0.0134539 0.0136644 0.0161534 0.0224933 0.0174678 0.0120237 0.00447916 0.00351309 0.000651097 0.00107045 0.000750776 0.00134387 0 0 0 0 0 
0 0 0 0 6.23679e-06 0.00034898 0.00384477 0.00576854 0.0063499 0.0126322 0.019139 0.0242786 0.0194305 0.026179 0.0304881 0.025968 0.0248079 0.0212603 0.0330405 0.0241018 0.0166398 0.0144471 0.0153167 0.0111676 0.00910223 0.0162032 0.0185766 0.0129969 0.0143101 0.0196225 0.0159779 0.0142158 0.0194556 0.0144379 0.0121853 0.0129688 0.00801523 0.0144039 0.0150748 0.00899479 0.0117811 0.0146662 0.0144784 0.0174252 0.0237797 0.0193507 0.0193382 0.0259861 0.0254885 0.0197211 0.0183951 0.0186192 0.0226938 0.0221077 0.0172848 0.0171808 0.0166979 0.0124641 0.0116205 0.00559761 0.00265068 0.00084364 0.0014401 0.00207179 0.000225728 0 0 0 0 
0 0 0 0 0 0 0.00749841 0.0195185 0.0216528 0.00386676 0.015034 0.019777 0.0193482 0.0197415 0.0215057 0.0236491 0.0233559 0.0240138 0.0249639 0.0194353 0.0216251 0.022504 0.0207224 0.012792 0.00751533 0.0105823 0.0112273 0.0124178 0.0141416 0.0212965 0.0179259 0.00940512 0.0160594 0.0164231 0.0166423 0.0144552 0.022267 0.0238304 0.0157434 0.0151486 0.0123215 0.0170578 0.0183706 0.0186145 0.0228011 0.0246279 0.0275632 0.0252314 0.0179571 0.0173168 0.0143891 0.0207548 0.0186437 0.0242228 0.0238785 0.0132096 0.0137031 0.00945375 0.0121796 0.00762864 0.00493024 0.00290288 0.00206287 0.000589174 2.2396e-05 0 0 0 0 
0 0 0 0 0 0 0.00242552 0.0240025 0.0141178 0.000886731 0.00616733 0.0239162 0.0197612 0.0138515 0.017402 0.0175512 0.0171574 0.0200393 0.0213122 0.0213993 0.0324998 0.0281518 0.0257355 0.0169282 0.0180717 0.0238168 0.0158148 0.0151837 0.0112918 0.0140519 0.0119196 0.01076 0.0135172 0.0146894 0.0182843 0.0242054 0.0224639 0.0218266 0.0219598 0.0172522 0.0148502 0.019692 0.0167887 0.0153199 0.0171557 0.0263919 0.0804225 0.0437235 0.012675 0.0146982 0.0135642 0.0144377 0.0134155 0.0115629 0.0126558 0.00580064 0.00607893 0.0109479 0.0108276 0.00513375 0.00432803 0.00512465 0.00266007 0.00024768 0 0 0 0 0 
0 0 0 0 0 0 1.25499e-05 0.00150385 0.00140682 2.36921e-06 0.0040304 0.0169053 0.0190781 0.0126381 0.0152116 0.00877868 0.0131939 0.0149792 0.0191236 0.0237592 0.0295885 0.0252211 0.0225858 0.0249729 0.0373942 0.0576792 0.0269119 0.0192924 0.0119715 0.00687869 0.00865248 0.0104343 0.0171394 0.0240125 0.0269662 0.0290358 0.0263016 0.0286472 0.0261502 0.0200622 0.0158489 0.0189716 0.0185832 0.0185272 0.0209825 0.0297476 0.0741372 0.0446328 0.0126216 0.0110323 0.00901764 0.0100386 0.0147792 0.0126128 0.00941186 0.00786007 0.0105085 0.0159698 0.0186722 0.011792 0.00434975 0.00418706 0.00151191 0 0 0 0 0 0 
0 0 0 0 0 0 0 0 0 0.000192281 0.00434148 0.0241788 0.0493504 0.0500019 0.034104 0.0220143 0.0129812 0.0125906 0.0165752 0.0161746 0.0207386 0.0210827 0.0221272 0.029469 0.0553139 0.0992304 0.0382267 0.0214893 0.0133941 0.00742016 0.00726877 0.00991565 0.0186202 0.0329757 0.0218474 0.0207809 0.023833 0.021348 0.0178503 0.0206505 0.0138019 0.0105571 0.0102814 0.0128509 0.0195692 0.0225038 0.0219057 0.0135056 0.0120072 0.0102357 0.00785719 0.0167273 0.0219433 0.0257735 0.0167132 0.00715356 0.0107253 0.0120389 0.0140559 0.00909221 0.0032848 0.0012195 0.000142474 0 0 0 0 0 0 
0 0 0 0 0 0 0 0 0 4.96704e-06 0.0049197 0.0282432 0.0561802 0.0551076 0.0430597 0.0356801 0.0246805 0.018643 0.0157913 0.0146537 0.0231464 0.0264469 0.0264864 0.0351414 0.0426564 0.0474298 0.0381965 0.0309729 0.0231415 0.0144578 0.0143611 0.012971 0.0163184 0.0189796 0.0203289 0.0174958 0.0194361 0.020066 0.0182095 0.0171179 0.0123356 0.0117412 0.00443954 0.00462005 0.00877778 0.0163139 0.0113981 0.0116369 0.0141018 0.00952056 0.00529062 0.015245 0.0188638 0.0184817 0.0109657 0.00368053 0.0028316 0.00132094 0.00425349 0.00354669 0.000880587 5.59214e-05 0 0 0 0 0 0 0 
0 0 0 0 0 0 0 0 0 0 0.000521191 0.00916242 0.0253458 0.0368733 0.0352304 0.0331849 0.0357822 0.0219554 0.0153547 0.0116186 0.0202214 0.0290681 0.0376885 0.0357238 0.0306829 0.0232725 0.0378094 0.0392985 0.0444916 0.0320041 0.0169601 0.0146117 0.0229771 0.0239475 0.0227315 0.0207329 0.0211112 0.0202442 0.0172244 0.0168738 0.0143157 0.0157776 0.0113799 0.00963125 0.00920875 0.0072723 0.00672369 0.00911232 0.00806662 0.00777086 0.00522587 0.0171227 0.0186418 0.0198077 0.0207831 0.00845383 0.000498087 1.26392e-05 9.20522e-05 0.000314269 5.01931e-05 0 0 0 0 0 0 0 0 
0 0 0 0 0 0 0 0 0 0 1.44817e-05 0.00102367 0.00778898 0.0184543 0.0255309 0.045075 0.0335188 0.0227486 0.0229055 0.0228962 0.0239184 0.0243954 0.0258348 0.0226729 0.0211388 0.0220421 0.0346241 0.0434437 0.0425362 0.0326455 0.016652 0.0152293 0.0179048 0.019761 0.0222343 0.0284926 0.0232323 0.0214999 0.0264615 0.0266578 0.016327 0.0158744 0.0175602 0.0207047 0.0138679 0.0117688 0.00453642 0.00559963 0.00824733 0.00599087 0.00626149 0.0103163 0.0148112 0.0246257 0.0258109 0.0127739 0.00537575 0.000202036 0 0 0 0 0 0 0 0 0 0 0 
0 0 0 0 0 0 0 0 0 0 0 0 0.000312387 0.00614089 0.0219917 0.0368607 0.038317 0.0277409 0.0291246 0.0259853 0.0162587 0.012599 0.00958127 0.0152919 0.0253657 0.0286091 0.0288644 0.036098 0.0363305 0.0341237 0.0247374 0.0164116 0.0196615 0.0206202 0.0167312 0.0172845 0.0227188 0.0172941 0.0227798 0.0302948 0.0170373 0.0131803 0.017006 0.0255317 0.0179262 0.0159455 0.00728927 0.00593171 0.00729286 0.00301531 0.00433111 0.00608013 0.00906867 0.0183466 0.0180165 0.00988118 0.00691537 0.00010523 0 0 0 0 0 0 0 0 0 0 0 
0 0 0 0 0 0 0 0 0 0 0 0 0 0.00184819 0.0203214 0.0312949 0.0246884 0.0107154 0.0144684 0.0224312 0.0119 0.00352072 0.00831335 0.0125937 0.0208706 0.0321248 0.0335681 0.0252251 0.0270913 0.0309755 0.0237159 0.017726 0.0168783 0.0217141 0.0260821 0.0207476 0.0212323 0.0176954 0.0162477 0.0218516 0.0137135 0.00838772 0.0184257 0.0249044 0.0235826 0.0255515 0.0187696 0.0137734 0.0131323 0.00577793 0.0040036 0.0066085 0.00761205 0.00909908 0.00600624 0.00402141 0.000801597 0 0 0 0 0 0 0 0 0 0 0 0 
0 0 0 0 0 0 0 0 0 0 0 0 0 0.000125065 0.00388031 0.0124489 0.0051039 0.000812415 0.00770463 0.0162837 0.00727911 0.0020965 0.0150852 0.0218235 0.0281009 0.0366146 0.0349111 0.0270762 0.025338 0.0384839 0.0348392 0.0142154 0.00795052 0.00987671 0.0157784 0.0117549 0.0095922 0.0133215 0.0193841 0.0147559 0.0164758 0.0160263 0.0124226 0.0144371 0.0155433 0.0215629 0.0233328 0.0235064 0.0168066 0.013001 0.00618279 0.00519628 0.00519493 0.00282711 0.00429688 0.000506861 0 0 0 0 0 0 0 0 0 0 0 0 0 
0 0 0 0 0 0 0 0 0 0 0 0 0 0 5.48332e-06 0.000329832 0.000118788 1.79802e-05 0.00149435 0.00932651 0.00341769 0.00270822 0.0123879 0.029668 0.0310976 0.0406313 0.0329545 0.0236592 0.0271323 0.0368536 0.0438295 0.0318846 0.0168645 0.00802333 0.0126865 0.0126596 0.00893972 0.0124666 0.0135673 0.0187892 0.0147345 0.0133035 0.0152957 0.0176598 0.0188632 0.0309163 0.0264145 0.0240068 0.016451 0.0106508 0.00589602 0.00653944 0.00553252 0.00136798 0.000506597 0 0 0 0 0 0 0 0 0 0 0 0 0 0 
0 0 0 0 0 0 0 0 0 0 0 0 0 0 0 0 0 0 0 0.000767154 0.000830873 0.00197518 0.0128064 0.0388277 0.0258146 0.0270507 0.0247268 0.0333334 0.048771 0.0428301 0.0493411 0.0359399 0.026801 0.0167102 0.0220471 0.0176984 0.0171197 0.02007 0.0153908 0.0147427 0.0149008 0.0174317 0.0163014 0.0181051 0.027067 0.0324789 0.0226719 0.0197451 0.0136735 0.00584943 0.00396276 0.00420141 0.000849173 0 0 0 0 0 0 0 0 0 0 0 0 0 0 0 0 
0 0 0 0 0 0 0 0 0 0 0 0 0 0 0 0 0 0 0 0 0.000138294 0.00152832 0.0152037 0.0309685 0.0159343 0.0221783 0.0310735 0.0567081 0.0640568 0.0530973 0.0373085 0.030408 0.0240384 0.0185688 0.0241671 0.0296123 0.0286523 0.0234923 0.0163264 0.0165002 0.0201518 0.0220926 0.0208167 0.0278051 0.0293166 0.0280042 0.0149508 0.00589381 0.00303351 0.000871772 0.00100081 8.72071e-05 0 0 0 0 0 0 0 0 0 0 0 0 0 0 0 0 0 
0 0 0 0 0 0 0 0 0 0 0 0 0 0 0 0 0 0 0 0 0 0.000795139 0.00492251 0.00453941 0.00292491 0.0122537 0.0316052 0.0529158 0.0396902 0.036857 0.0173913 0.0127799 0.00833434 0.0160159 0.0230507 0.0220168 0.0225275 0.0116128 0.0119367 0.0158093 0.0237042 0.0285694 0.0342883 0.0341477 0.0267815 0.0237319 0.00484783 0.000275165 0 0 0 0 0 0 0 0 0 0 0 0 0 0 0 0 0 0 0 0 0 
0 0 0 0 0 0 0 0 0 0 0 0 0 0 0 0 0 0 0 0 0 0 3.96319e-05 0.000148295 0.00026979 0.00257333 0.0115147 0.0236947 0.00911541 0.00708612 0.00387503 0.000414639 0.000439476 0.00444535 0.0109995 0.00594445 0.00632018 0.00148444 0.00356263 0.00969603 0.00972853 0.0190836 0.0283985 0.0235376 0.0138061 0.00351923 2.91411e-05 0 0 0 0 0 0 0 0 0 0 0 0 0 0 0 0 0 0 0 0 0 0 
0 0 0 0 0 0 0 0 0 0 0 0 0 0 0 0 0 0 0 0 0 0 0 0 0 8.37579e-05 0.000789874 0.000781226 0.000189942 0.000102824 0 0 8.83916e-05 8.96194e-05 0 0 5.68452e-05 0.000175726 0.000709323 0.00315143 0.00215976 0.00471113 0.00505088 0.0015663 0.000140511 0 0 0 0 0 0 0 0 0 0 0 0 0 0 0 0 0 0 0 0 0 0 0 0 

