0 0 0 0 0 0 0 0 0 0 0 0 0 0 0 0 0 0 0 0 0 0 0 0 0 0 0 0 0 2.15885e-05 0.000214401 3.27615e-05 0 4.61477e-05 9.7533e-05 3.84353e-05 0.000269998 7.04011e-05 1.93907e-05 2.51348e-06 0 0 0 0 0 0 0 0 0 0 0 0 0 0 0 0 0 0 0 0 0 0 0 0 0 0 0 0 0 
0 0 0 0 0 0 0 0 0 0 0 0 0 0 0 0 0 0 0 0 0 0 0 0 0 0 0 0.00302614 0.0101221 0.00949967 0.00863668 0.00272507 0.00393704 0.0061332 0.00499264 0.00696286 0.00676732 0.00637674 0.00497036 0.00377384 0.00278468 0.000527588 0.000162753 0.000158799 0.000103053 0 0 0 0 0 0 0 0 0 0 0 0 0 0 0 0 0 0 0 0 0 0 0 0 
0 0 0 0 0 0 0 0 0 0 0 0 0 0 0 0 0 0 0 0 0 0 6.10823e-05 0.00054562 0.000452319 0 1.32461e-05 0.0109957 0.0376765 0.0261579 0.0169737 0.0105725 0.0129778 0.0138356 0.0149983 0.0152755 0.0217015 0.020126 0.0169946 0.0141932 0.010362 0.00328489 0.00769782 0.00679306 0.00644406 0.0029535 0.000450202 2.35152e-05 0 0 0 0 0 0 0 0 0 0 0 0 0 0 0 0 0 0 0 0 0 
0 0 0 0 0 0 0 0 0 0 0 0 0 0 0 0 0 0 0 0 0 1.33063e-06 0.00245237 0.00796858 0.00395213 0.00131324 0.0017004 0.00537215 0.0169383 0.0232863 0.0218044 0.0184696 0.0140685 0.0207218 0.0249569 0.0217016 0.0195194 0.0233292 0.0186304 0.017651 0.0166866 0.0183603 0.0214898 0.0202224 0.0216489 0.0134994 0.00496387 0.000744166 0.000195526 0 0 0 0 0 0 0 0 0 0 0 0 0 0 0 0 0 0 0 0 
0 0 0 0 0 0 0 0 0 0 0 0 0 0 0 0 0 0 0 0 0.000644975 0.00171769 0.00745257 0.0108391 0.007854 0.0045714 0.00965728 0.0128474 0.0149397 0.0237066 0.0283205 0.0236501 0.0193461 0.0236623 0.033704 0.0397097 0.0265176 0.022553 0.015365 0.0164615 0.0184484 0.0247751 0.025221 0.021422 0.0231575 0.0225465 0.0154977 0.00666313 0.00160855 0.000542843 4.45421e-05 0 0 0 0 0 0 0 0 0 0 0 0 0 0 0 0 0 0 
0 0 0 0 0 0 0 0 0 0 0 0 0 0 0 0 0.000134722 0.000528267 9.6559e-05 0.00110808 0.00449958 0.00701016 0.0153834 0.021274 0.0159486 0.012528 0.0157388 0.0149205 0.0151881 0.0197959 0.0264596 0.0251561 0.0186891 0.0190078 0.0202261 0.032721 0.0220399 0.0210969 0.0172646 0.0143152 0.0175895 0.0187362 0.0245741 0.0245636 0.0235902 0.0330048 0.0280215 0.017263 0.0107304 0.010628 0.00197404 0 0 0 0 0 0 0 0 0 0 0 0 0 0 0 0 0 0 
0 0 0 0 0 0 0 0 0 0 0 0 0 0 0 0.000271225 0.00139 0.00513183 0.00223083 0.012761 0.0237282 0.0234408 0.0295104 0.0251241 0.0226178 0.0176982 0.0136204 0.00973152 0.00901446 0.0182109 0.0191707 0.0179659 0.0147891 0.0221883 0.0193082 0.0183159 0.0230094 0.0194245 0.0210698 0.017711 0.0143865 0.0156939 0.019355 0.0213401 0.0212793 0.0240993 0.0245147 0.0203989 0.0149348 0.0158638 0.00486467 0.000114097 0 0 0 0 0 0 0 0 0 0 0 0 0 0 0 0 0 
0 0 0 0 0 0 0 0 0 0 0 0 0 0 0.000195973 0.00334365 0.00566133 0.015518 0.0108541 0.0258057 0.0432058 0.0336252 0.0267047 0.0209062 0.0248613 0.0222317 0.0150409 0.0126983 0.0109094 0.0141442 0.0148011 0.0134109 0.0159515 0.0228272 0.0193753 0.0174282 0.0204475 0.0151794 0.0151823 0.0148914 0.0181311 0.0179561 0.0224309 0.023505 0.0225706 0.0265337 0.018304 0.0158216 0.0175232 0.0141726 0.0095054 0.000577455 0.000484981 0.00147949 0.000842993 6.39e-05 0 0 0 0 0 0 0 0 0 0 0 0 0 
0 0 0 0 0 0 0 0 0 0 0 0 0 0.000548041 0.00420454 0.0106222 0.010576 0.014046 0.0186005 0.0207432 0.0265446 0.0309352 0.024807 0.0182254 0.0171188 0.0230465 0.0212464 0.0172062 0.017825 0.0146245 0.01609 0.0123177 0.0159686 0.0165066 0.0176653 0.0155397 0.0149024 0.0153947 0.0105974 0.0135661 0.021353 0.0218856 0.0170079 0.0190741 0.0184663 0.0174079 0.0111426 0.0168171 0.0234151 0.0173721 0.0114078 0.00486735 0.00110615 0.0044558 0.00741367 0.00246847 0.000637206 3.76852e-05 0 0 0 0 0 0 0 0 0 0 0 
0 0 0 0 0 0 0 0 0 0 0 3.9975e-05 0.000494503 0.00178358 0.00436881 0.00913962 0.0148876 0.0203602 0.0223116 0.0224806 0.0254026 0.032173 0.0275688 0.0185845 0.0187272 0.0154899 0.0224392 0.0220265 0.0226298 0.0137489 0.0152383 0.019189 0.0128313 0.0147475 0.0147363 0.0155082 0.0160546 0.0162485 0.0113268 0.0178296 0.0204133 0.021133 0.0240776 0.0185116 0.0158814 0.0160918 0.0158517 0.0163793 0.0157041 0.0197237 0.0218182 0.0143026 0.00572037 0.00281041 0.00410246 0.00784889 0.00438344 0.00180953 0.000151452 0 0 0 0 0 0 0 0 0 0 
0 0 0 0 0 0 0 0 0 0 0.00103669 0.00470758 0.00783413 0.00933189 0.0129857 0.0161685 0.0195745 0.0215322 0.0256419 0.0221328 0.0168139 0.0259699 0.0351879 0.0274966 0.0223585 0.0197176 0.0233489 0.0215027 0.0212167 0.0155906 0.0245175 0.0258756 0.0130056 0.00940776 0.0168007 0.0165199 0.0180586 0.0148628 0.0166994 0.0205841 0.0191956 0.0216082 0.022915 0.0200593 0.016733 0.0183399 0.0189345 0.0156683 0.0162173 0.0178585 0.0189133 0.0166417 0.0135311 0.0128056 0.00639826 0.0166358 0.0156364 0.00795797 0.00189806 0 0 0 0 0 0 0 0 0 0 
0 0 0 0 0 0 0 0 0 0.000147979 0.00488416 0.0131075 0.0168674 0.0179581 0.0179372 0.0224955 0.0189357 0.0160407 0.0176122 0.0200629 0.0183469 0.0215521 0.0297986 0.028317 0.0144882 0.0201061 0.0261904 0.0245782 0.0199597 0.0178667 0.0190777 0.020066 0.0160405 0.0134326 0.0181801 0.0181588 0.0179839 0.0158125 0.0157403 0.017265 0.0231492 0.0177634 0.0211963 0.0193514 0.0186433 0.0172692 0.0176689 0.0173736 0.019926 0.0185094 0.014659 0.0241319 0.0207034 0.0186448 0.017835 0.0211898 0.0188762 0.013896 0.00310385 0.00159158 0.000236132 0 0 0 0 0 0 0 0 
0 0 0 0 0 0 0 0 5.12628e-05 0.00314651 0.00845243 0.0169091 0.0161163 0.0177407 0.0220767 0.0212675 0.0124407 0.0115695 0.0114385 0.016188 0.0157601 0.016789 0.0164587 0.0252287 0.0182788 0.0175748 0.0185185 0.0154785 0.0204705 0.0162802 0.0176511 0.0228152 0.021128 0.0191244 0.0233846 0.0161647 0.0167527 0.0156382 0.0160279 0.0201239 0.0204318 0.0228786 0.0200166 0.0230046 0.0224759 0.0238146 0.0230248 0.0222165 0.0228774 0.0230548 0.0221474 0.0208981 0.020032 0.0174246 0.0216127 0.0217144 0.0142867 0.00754931 0.00363588 0.00505306 0.00202275 0 0 0 0 0 0 0 0 
0 0 0 0 0 0 0 2.75439e-06 0.00145863 0.0101622 0.0155424 0.0173157 0.0220417 0.019475 0.0221429 0.0244009 0.0191276 0.016859 0.0104361 0.0160248 0.0181947 0.0191858 0.0146867 0.0180349 0.0139208 0.0152961 0.0162426 0.0122949 0.014706 0.017716 0.0143688 0.0190458 0.0179896 0.0176982 0.0229178 0.0185278 0.0245029 0.0244524 0.0222662 0.0288813 0.0450778 0.0387612 0.0277238 0.0179977 0.0186656 0.0225605 0.0225376 0.0256111 0.0226147 0.0189736 0.029171 0.0222136 0.0175055 0.0156123 0.015693 0.0224731 0.0174551 0.0108195 0.0101738 0.00990246 0.0044387 0.00111238 0 0 0 0 0 0 0 
0 0 0 0 0 0 0 0.00110159 0.00698652 0.016421 0.0184113 0.0171757 0.0159008 0.0181303 0.0174729 0.0195136 0.0209337 0.0152123 0.014085 0.0154969 0.0173695 0.0192124 0.013771 0.0155735 0.015635 0.0156801 0.0164085 0.0113886 0.00969892 0.0170312 0.0186815 0.0180763 0.0228949 0.0234861 0.0221244 0.0168995 0.0212658 0.0260109 0.0231374 0.0316393 0.0804503 0.0629701 0.0280516 0.0183876 0.0203779 0.015066 0.0195577 0.0182985 0.0132998 0.0181668 0.0240316 0.0230007 0.0200096 0.0213327 0.0212383 0.0185363 0.0187726 0.0153585 0.0117469 0.0155296 0.0140556 0.00275263 0.000165473 0 0 0 0 0 0 
0 0 0 0 0 0 0.000258548 0.00521867 0.0110751 0.0209333 0.0243846 0.0215884 0.0216238 0.0116916 0.0118735 0.0144518 0.0176778 0.0156602 0.0193963 0.0154288 0.0159486 0.022374 0.0203946 0.0127703 0.0158272 0.019001 0.0159683 0.00978879 0.0143139 0.0183627 0.0196546 0.0162719 0.0222396 0.0229856 0.0180139 0.0203308 0.0196859 0.0238425 0.0242631 0.0243193 0.046596 0.031547 0.0220874 0.0158143 0.0186429 0.0191869 0.0162546 0.0109381 0.0161016 0.0248668 0.0275221 0.0186687 0.0157439 0.0165593 0.0174809 0.0164972 0.0181316 0.0148742 0.00871564 0.0081679 0.0109798 0.0116505 0.00533553 0.00025016 0 0 0 0 0 
0 0 0 0 0 0 0.000579439 0.00702784 0.013773 0.0218885 0.0247268 0.0225522 0.0193003 0.0139914 0.0113849 0.015799 0.0186189 0.0100651 0.0121215 0.0185662 0.0179313 0.0204943 0.0174332 0.0147776 0.0132391 0.0174127 0.0143505 0.0144296 0.0207244 0.0218261 0.0200079 0.0217911 0.0282778 0.025609 0.0206819 0.0205492 0.0155868 0.0186272 0.0203449 0.0259794 0.0275243 0.0208455 0.0217613 0.0183679 0.0202529 0.0197147 0.0147202 0.00845497 0.0150928 0.0213231 0.0220751 0.0115629 0.0129978 0.0197085 0.0110217 0.0114823 0.0127428 0.0118555 0.00735895 0.0115185 0.0087524 0.00995762 0.0110102 0.00367537 0.000161709 0 0 0 0 
0 0 0 0 0 0 0.000464406 0.00287411 0.0068173 0.0120231 0.0247548 0.0298276 0.0256736 0.0160943 0.013528 0.0146233 0.011937 0.0164147 0.0112944 0.0160384 0.014305 0.0180943 0.0171209 0.0164913 0.0155256 0.0166115 0.017003 0.0170005 0.0212602 0.017838 0.0198456 0.0220506 0.0303772 0.0231711 0.0189534 0.0204297 0.0169405 0.024189 0.0234449 0.0305199 0.024134 0.0218297 0.0278308 0.0156679 0.0222339 0.0242676 0.0175672 0.00857475 0.0131788 0.0223467 0.0160691 0.00904498 0.00694594 0.0111409 0.00831841 0.00646633 0.00839256 0.00934635 0.00896872 0.0125209 0.0191733 0.0205293 0.0136863 0.00629734 0.00108939 0 0 0 0 
0 0 0 0 0 0.000115848 0.00031849 0.00152603 0.00381967 0.00485012 0.0169717 0.0228869 0.0174802 0.0147277 0.0173123 0.017205 0.0176328 0.016125 0.0134349 0.0174989 0.0169021 0.0141935 0.0184953 0.0185265 0.0175013 0.0151786 0.0141553 0.0202172 0.0280831 0.0387723 0.022223 0.0217759 0.0275799 0.0192907 0.020443 0.0161948 0.0202575 0.02087 0.0214843 0.0224188 0.0210764 0.0219228 0.0188517 0.0154263 0.0181681 0.0182427 0.0179577 0.00898656 0.0125308 0.00778665 0.0065575 0.00939253 0.00670711 0.00871953 0.00970156 0.0138864 0.0154613 0.0097782 0.0114029 0.0122357 0.0242083 0.0304019 0.0153514 0.00789863 0.00305834 0 0 0 0 
0 0 0 1.55216e-05 0.000773132 0.00579104 0.00623255 0.00298198 0.00091813 0.00303228 0.0112781 0.021802 0.0193594 0.0241488 0.0275487 0.0217762 0.0148936 0.0144918 0.0138593 0.0215845 0.0230901 0.0144255 0.0110556 0.0182308 0.0221174 0.0196622 0.0209702 0.0280202 0.0738281 0.0620313 0.028807 0.0226405 0.0210885 0.0209001 0.0180393 0.0171145 0.0198323 0.0205313 0.0234872 0.0197241 0.0198548 0.020646 0.0144137 0.0150218 0.0116893 0.0119409 0.0111871 0.00521277 0.00882003 0.0109618 0.00419841 0.00516983 0.00469552 0.00936788 0.0151778 0.0212006 0.0191693 0.0105821 0.0119001 0.0119485 0.0144072 0.0156063 0.0139335 0.00781224 0.0032436 0.00083688 0 0 0 
0 0 0 0.000245684 0.00781898 0.0202566 0.0201046 0.0135595 0.00709568 0.0090155 0.0127226 0.0110883 0.0133555 0.018716 0.0231695 0.0169405 0.0163744 0.0127989 0.0146781 0.0238833 0.0252199 0.0171664 0.0164931 0.0143508 0.0232345 0.0235473 0.0222019 0.0471763 0.0588699 0.0295314 0.0352246 0.0283076 0.0243809 0.0249623 0.0204078 0.0211562 0.0194634 0.0162627 0.0234913 0.0167303 0.0209935 0.0232348 0.0185162 0.0182338 0.0164881 0.0179303 0.0106342 0.00686896 0.00746013 0.0117103 0.0122432 0.00999585 0.0108971 0.0144383 0.0145982 0.0180928 0.0211385 0.0114825 0.0118849 0.0122007 0.00879852 0.00917242 0.0100924 0.0110981 0.00311005 0.00128435 0 0 0 
0 0 0 0.00104269 0.0122251 0.0214132 0.0240256 0.0224296 0.015594 0.0189248 0.0161026 0.0137011 0.0159219 0.0152237 0.026654 0.0192121 0.0203793 0.010364 0.0182741 0.019181 0.021116 0.0172099 0.0191882 0.0189119 0.0237706 0.0242361 0.0258195 0.0297607 0.030595 0.0336402 0.0476705 0.0608088 0.0252464 0.0254642 0.0224014 0.0204183 0.0166309 0.0187966 0.0254389 0.0217366 0.0242543 0.0215394 0.0190141 0.0173107 0.0175179 0.0225275 0.0180892 0.0145844 0.00825041 0.00895665 0.0132779 0.0139718 0.0122661 0.0137427 0.0142878 0.0168924 0.0158499 0.0121764 0.0126091 0.0123111 0.0104964 0.00577213 0.00897043 0.0112234 0.0054428 0.000684758 0 0 0 
0 0 1.50574e-05 0.00335415 0.0188713 0.01718 0.0133035 0.0204366 0.0203769 0.0197501 0.0174663 0.0136107 0.0120093 0.00954928 0.0162611 0.0154158 0.0161555 0.0103094 0.0120105 0.0172298 0.0208179 0.0237715 0.0262081 0.0221636 0.02414 0.0200254 0.0246792 0.0190828 0.0216878 0.0244656 0.0258328 0.0674209 0.0457063 0.0260818 0.0239031 0.017626 0.0157638 0.0141204 0.0210245 0.0218774 0.0168614 0.0275871 0.0215867 0.0131596 0.0179717 0.0296744 0.0333398 0.0244582 0.0146567 0.00798442 0.0086079 0.00656465 0.0100221 0.014027 0.0168715 0.016797 0.0180288 0.016365 0.0217661 0.0219719 0.0221059 0.00846514 0.010236 0.0160077 0.0115892 0.00447292 0.000281403 0 0 
0 0 0.000778379 0.00726503 0.0190162 0.01494 0.0167533 0.0146951 0.0251367 0.0301951 0.0283404 0.0184479 0.0179384 0.013885 0.0154827 0.0181865 0.0184854 0.0160032 0.0135495 0.0199198 0.0194322 0.0238623 0.0325706 0.0295907 0.022498 0.0226417 0.0205763 0.0189786 0.0143204 0.0172139 0.0259043 0.0752993 0.0342093 0.0247423 0.0266634 0.023462 0.0252334 0.0141588 0.0142875 0.016584 0.0140912 0.0201146 0.0192259 0.0174298 0.021028 0.0249538 0.0257647 0.0248866 0.0121587 0.0130314 0.0114009 0.00545009 0.0102907 0.0121263 0.00978826 0.0162902 0.0161835 0.0193994 0.0218581 0.0204014 0.0159753 0.00695803 0.00923733 0.0105727 0.00723086 0.00623699 0.0027366 0 0 
0 0 0.00244027 0.00814051 0.0101215 0.0133646 0.0176969 0.0129242 0.0184801 0.027925 0.0279455 0.022465 0.0193791 0.0214178 0.0185164 0.0182395 0.0170309 0.0156377 0.0182412 0.0165357 0.015554 0.0215662 0.0335532 0.0257255 0.0211675 0.0154039 0.0130349 0.0176853 0.017191 0.0179494 0.0168512 0.0203579 0.0185805 0.0171678 0.0236224 0.0276975 0.0255872 0.0208252 0.0154678 0.0135778 0.0156644 0.0179329 0.0207304 0.0191067 0.0202823 0.0173251 0.0195942 0.0255813 0.0241799 0.020292 0.0177639 0.0131273 0.0143535 0.00833928 0.0116045 0.0167137 0.0186629 0.0211645 0.0161417 0.013445 0.0086879 0.00551374 0.0118218 0.00830208 0.00483755 0.00464996 0.00287659 0.000244955 0 
0 9.94661e-06 0.00159097 0.0119753 0.0112717 0.00527379 0.0164572 0.0122098 0.0135071 0.0197266 0.0228583 0.0236311 0.0209958 0.0192102 0.0197033 0.0207296 0.0238915 0.0295419 0.0323609 0.0205905 0.0204947 0.0189649 0.0313723 0.0252755 0.0182049 0.0207918 0.0211935 0.0189638 0.0170617 0.0173215 0.0223227 0.0236543 0.021889 0.0169194 0.0224154 0.0260524 0.0252463 0.0257715 0.0184858 0.017807 0.01455 0.0171139 0.0186908 0.016299 0.0220775 0.023324 0.0250218 0.0222701 0.0222285 0.0250819 0.0138466 0.0161719 0.0140374 0.00654566 0.0115919 0.0173991 0.015164 0.0159635 0.0145513 0.0155294 0.0126943 0.00704045 0.00600762 0.0127826 0.00837397 0.00493832 0.00459908 0.00147328 6.14575e-05 
0 3.40437e-05 0.0024913 0.00699668 0.00682704 0.00420471 0.00871618 0.0104148 0.00976078 0.00885648 0.0118502 0.0169995 0.0185998 0.0210775 0.0156768 0.0196725 0.0293012 0.0590307 0.0714645 0.0316565 0.0155741 0.0183933 0.0316216 0.0312036 0.0187359 0.0190007 0.0220375 0.0190204 0.0170984 0.0172799 0.0224864 0.0237539 0.0227724 0.0175941 0.022072 0.0252156 0.0232032 0.0232609 0.0199852 0.0188374 0.0133457 0.0207237 0.0211142 0.0230628 0.0276967 0.0181092 0.0174219 0.0227457 0.01897 0.023644 0.0189905 0.0167216 0.017666 0.0145552 0.0128506 0.0150266 0.00919437 0.00424316 0.00687239 0.0117435 0.0160231 0.0127099 0.0096365 0.0127219 0.00957199 0.00711744 0.00612186 0.00341575 0.000104286 
0 0.000160098 0.00287802 0.00514642 0.00269899 0.00591145 0.00978291 0.0164735 0.0132796 0.0094687 0.0112013 0.0180011 0.0179092 0.0134235 0.0124557 0.0228086 0.032448 0.0578664 0.0614821 0.0256984 0.0152101 0.0192193 0.0232458 0.017971 0.0189903 0.0213584 0.0266554 0.018018 0.019035 0.0158957 0.0167479 0.0234854 0.0279858 0.0181414 0.0190912 0.0205147 0.0211676 0.020808 0.0187639 0.0157169 0.0169689 0.0248724 0.0231727 0.0246564 0.0253678 0.0177187 0.0159364 0.0167923 0.0162291 0.0180172 0.0214882 0.0166727 0.0137652 0.0128987 0.0150134 0.015171 0.00718123 0.00404501 0.00504227 0.011061 0.0136337 0.0125182 0.0107036 0.0145387 0.0132619 0.00734511 0.00462273 0.00310663 0.000672892 
0 0.00079869 0.00406558 0.00428276 0.00353997 0.0049031 0.0131073 0.0162295 0.010535 0.0163417 0.0149415 0.0203513 0.01496 0.0139542 0.0187051 0.0231763 0.0204871 0.0218767 0.0199838 0.0215095 0.0149397 0.0180089 0.0172834 0.0149939 0.0144117 0.0213417 0.0221291 0.0223307 0.0225068 0.0210157 0.0225341 0.0191227 0.0222504 0.0165899 0.0201776 0.0229697 0.0193488 0.0172987 0.0123047 0.0193528 0.0232763 0.0271078 0.0250728 0.0275229 0.0178667 0.0133454 0.0125222 0.0145781 0.0140712 0.0149554 0.0142156 0.00857751 0.0141077 0.0138559 0.0166861 0.0107175 0.0119588 0.00902236 0.00784534 0.0128148 0.0160683 0.0139168 0.0187247 0.0186042 0.0191471 0.0163752 0.0136248 0.00926343 0.00122516 
0 0.000433968 0.00207225 0.00245896 0.000558082 0.00638967 0.0153854 0.0193516 0.0132713 0.0213373 0.0160242 0.0183043 0.0121963 0.00894829 0.0190781 0.0140198 0.011947 0.0128048 0.0105177 0.0156947 0.0172069 0.0199544 0.0192539 0.0201254 0.020949 0.017594 0.0187348 0.0213968 0.0230452 0.0175927 0.0237553 0.0176238 0.0156216 0.0206436 0.0187278 0.0191405 0.0202441 0.0178678 0.0168162 0.0221665 0.0174061 0.0195743 0.0244551 0.0329333 0.0210753 0.0164701 0.0110775 0.0175786 0.0187029 0.0142473 0.0121605 0.00836617 0.0146646 0.0115669 0.0158377 0.0121151 0.00708637 0.00840753 0.00884726 0.0126381 0.0173473 0.0169048 0.0142726 0.0161415 0.0143093 0.0168433 0.0164175 0.00917916 0.000713101 
0 0 8.85281e-05 0.000908732 0.00101108 0.00589314 0.0146402 0.0168323 0.014599 0.0160923 0.0134852 0.0156474 0.0116731 0.0117829 0.0155336 0.0162958 0.0134033 0.015528 0.0145875 0.017457 0.0201477 0.0234856 0.0218194 0.0224112 0.028711 0.0214806 0.0185695 0.0409966 0.0290516 0.023882 0.0184257 0.0204274 0.0190014 0.0244656 0.02866 0.0236409 0.023815 0.0197425 0.022207 0.0243184 0.0228977 0.0170971 0.0301382 0.0397714 0.0298721 0.0216298 0.0181392 0.0152622 0.0155899 0.0104818 0.00831213 0.0122145 0.0088215 0.0112576 0.00892588 0.0100359 0.00988958 0.0101451 0.012027 0.013285 0.0181378 0.0158304 0.0140417 0.0148121 0.0116733 0.00651853 0.00754433 0.00517686 0.000421032 
0 0.000149351 0.00113604 0.00332227 0.00508174 0.0124234 0.014602 0.014908 0.013974 0.0147805 0.0189507 0.0161972 0.0115831 0.0182706 0.0149231 0.0144246 0.0114757 0.0116777 0.0147998 0.0171287 0.0215633 0.0197034 0.0155363 0.0221993 0.022287 0.0236795 0.0313512 0.043024 0.0306376 0.0277892 0.0233842 0.0205414 0.0267202 0.017103 0.0231265 0.0285627 0.0254228 0.0221785 0.0220929 0.0235852 0.0249807 0.0248593 0.0521649 0.0483122 0.0307907 0.0262794 0.022789 0.0170108 0.0188757 0.0179571 0.0156203 0.0224704 0.0154339 0.0171309 0.0103275 0.013598 0.0169383 0.0133324 0.0149665 0.0145875 0.0158357 0.016571 0.0159132 0.0156773 0.014285 0.0101957 0.00662785 0.00254273 1.21054e-05 
0 0.000882711 0.00594074 0.00825493 0.0113996 0.00938233 0.00945791 0.015952 0.0124433 0.011983 0.0129318 0.0104298 0.0101194 0.0130221 0.010993 0.00972546 0.00732867 0.0101954 0.012227 0.0123215 0.019528 0.0204935 0.0146379 0.0186855 0.0189952 0.019276 0.0211219 0.024949 0.025465 0.0273384 0.0209454 0.0251818 0.0265615 0.0182043 0.0191877 0.0190854 0.0172558 0.0208276 0.0265965 0.0236525 0.0275805 0.0203703 0.0334898 0.0369271 0.0243275 0.0210698 0.0200742 0.0184903 0.0231928 0.024456 0.0204546 0.0179748 0.019565 0.0162946 0.0130387 0.0127977 0.0192671 0.0228737 0.0179189 0.0171327 0.0214581 0.0253522 0.0257957 0.0164678 0.0162373 0.0111127 0.00587777 0.00328122 0.000435355 
0 0.00223887 0.00962873 0.0128231 0.0133098 0.0106451 0.010918 0.0116846 0.0128531 0.0144656 0.0125791 0.011567 0.00645876 0.0072072 0.00973146 0.00943336 0.010452 0.00767234 0.00912189 0.011575 0.0182808 0.0168151 0.0118387 0.0161342 0.0205998 0.0287259 0.0225523 0.0201509 0.0173293 0.0144477 0.0148647 0.0247792 0.0276799 0.0217226 0.0151223 0.0150076 0.0195089 0.0240772 0.0275149 0.0316565 0.0371412 0.0301937 0.0196827 0.0206722 0.0230177 0.0187347 0.0188801 0.0201874 0.0249947 0.0350737 0.0264214 0.0230619 0.0225302 0.0172956 0.0142153 0.0130056 0.0193359 0.0252482 0.0204315 0.0193791 0.0206465 0.0325263 0.0257172 0.0195313 0.0166627 0.0128121 0.0155526 0.00805965 0.000354663 
0 0.00404923 0.0129897 0.0150199 0.0114049 0.0141491 0.011435 0.0106936 0.020673 0.0260638 0.0349601 0.0149361 0.00807003 0.0104612 0.0145306 0.0144892 0.00868419 0.0122773 0.0135503 0.0125528 0.019286 0.0207709 0.0185851 0.018334 0.0171423 0.0235566 0.0204381 0.0167022 0.0249337 0.0181403 0.0212966 0.0222235 0.0279021 0.0238218 0.023811 0.0253045 0.0254196 0.0329773 0.0267162 0.0396042 0.0406583 0.0310058 0.0243551 0.0183059 0.0245179 0.0192975 0.0169518 0.023931 0.0272724 0.0290886 0.0264877 0.0199245 0.0191678 0.0142261 0.0151915 0.0176678 0.0195028 0.0183084 0.0128856 0.0121519 0.0123289 0.0177628 0.0177674 0.0236475 0.0209053 0.0241713 0.0211107 0.00989249 0.000889633 
0 0.00204114 0.00793463 0.00994466 0.0122238 0.0168801 0.0177084 0.00873473 0.0154784 0.0532891 0.0710674 0.0193592 0.0109534 0.00827066 0.0109593 0.0152752 0.0132567 0.0111097 0.0116159 0.0164805 0.0185727 0.0243276 0.0222477 0.0182127 0.0192476 0.0142348 0.0116921 0.0156003 0.0214821 0.0218982 0.0202638 0.0250811 0.0319031 0.044236 0.0400805 0.0394072 0.0280122 0.0251298 0.0274501 0.0338657 0.0400885 0.0389111 0.0410071 0.0224606 0.0192132 0.0229705 0.0184697 0.0190708 0.0233916 0.0207815 0.0201421 0.0213958 0.0192717 0.0167286 0.0147317 0.0156994 0.0189085 0.0186445 0.0213387 0.0143525 0.0131867 0.0126105 0.0157954 0.0212557 0.0228623 0.0289427 0.0248057 0.0114721 0.00156211 
0 0.000425222 0.0026107 0.00792318 0.013619 0.0139265 0.0129987 0.00884115 0.0130679 0.023012 0.0261287 0.0164221 0.0163319 0.00876181 0.00595046 0.00947531 0.00830254 0.00959896 0.0148832 0.0186024 0.0250207 0.0557793 0.0318196 0.0178864 0.0122896 0.0128329 0.0057042 0.0119302 0.0217594 0.0231689 0.0242289 0.0424127 0.0530824 0.0529518 0.0658119 0.051737 0.0363359 0.0350841 0.0375247 0.0332975 0.0461426 0.0372277 0.0360678 0.0206757 0.0183862 0.0182137 0.0164513 0.0164842 0.0161578 0.02443 0.0217159 0.0236014 0.0191035 0.0206365 0.0175849 0.0170836 0.023461 0.020611 0.0270137 0.0226678 0.0169809 0.0148327 0.0230159 0.0237538 0.023004 0.0217912 0.018722 0.00376062 0.000320855 
0 5.05779e-05 0.00048348 0.00252608 0.00784742 0.0110787 0.0109638 0.0125693 0.0164771 0.0200474 0.0134307 0.0156107 0.00901009 0.00743836 0.00652189 0.00392815 0.00335449 0.00847553 0.012621 0.0115839 0.0148609 0.0273992 0.0211645 0.0116928 0.0132774 0.0127241 0.00938432 0.0161097 0.0273666 0.0244578 0.0201866 0.0440368 0.0620971 0.0353874 0.0431896 0.0360488 0.0392487 0.026927 0.0299823 0.0327506 0.0409145 0.0307668 0.0291023 0.0243124 0.0243645 0.0175667 0.0154666 0.0136972 0.0150698 0.0204383 0.0269108 0.0246929 0.0205205 0.0247539 0.0194234 0.0175769 0.0331001 0.0318302 0.02727 0.0254964 0.0169826 0.0176612 0.0211911 0.0317651 0.0355077 0.0195594 0.00675852 0.000680124 0 
0 0 0 0.000166245 0.000928862 0.00277649 0.0104144 0.0121318 0.0115577 0.0123195 0.00847775 0.0117932 0.0125957 0.0125068 0.00614279 0.00777474 0.0152786 0.0115414 0.014521 0.0142519 0.0114402 0.0101636 0.0106172 0.00966028 0.0129181 0.0173734 0.0168063 0.0200711 0.0214685 0.0173995 0.0183968 0.0370656 0.0446291 0.0260873 0.0244186 0.0274365 0.0253685 0.0284067 0.0257482 0.0233684 0.0254587 0.0268981 0.0277465 0.0307035 0.026251 0.01346 0.0152717 0.0126067 0.0241233 0.0196906 0.0150873 0.0199437 0.0241294 0.0266857 0.0227263 0.0257967 0.0310532 0.02644 0.0198474 0.019936 0.0158679 0.0193268 0.0252118 0.026483 0.0323887 0.0153639 0.00201038 0.00177001 0.000113497 
0 0 0.000920365 0.00285554 0.00305511 0.00461276 0.0113399 0.00992525 0.00722158 0.00551664 0.00678073 0.0142711 0.0184332 0.0143153 0.00676794 0.0100937 0.0169991 0.0186753 0.0178776 0.0175075 0.0141086 0.0141598 0.008355 0.0104011 0.0247735 0.0287912 0.0225702 0.021922 0.0209882 0.0134534 0.0135947 0.0314161 0.0567221 0.0619984 0.0370864 0.0235316 0.0235388 0.0328837 0.0409626 0.0336717 0.0266292 0.0286101 0.0278076 0.027533 0.0247795 0.0134524 0.0156784 0.0159969 0.0183624 0.0236061 0.0243781 0.0277662 0.0245819 0.0265003 0.0230452 0.0242131 0.0246012 0.0277082 0.0224867 0.0199121 0.0177035 0.0186031 0.0218084 0.0206279 0.0230557 0.0160095 0.00498371 0.00502001 0.000478268 
0 0.000469648 0.00408209 0.00664256 0.0093045 0.00855594 0.0123733 0.0101973 0.00342643 0.00224943 0.0118417 0.0150532 0.0186114 0.015021 0.00948001 0.00687197 0.0137668 0.0201103 0.0223855 0.0162468 0.0158577 0.0177908 0.0111436 0.0140127 0.0204554 0.0336347 0.0203003 0.0142993 0.0137039 0.0138053 0.0123207 0.024551 0.0363975 0.0558558 0.0620197 0.0396107 0.040949 0.0383474 0.0430375 0.0497118 0.0330832 0.0275756 0.0225137 0.026672 0.0242198 0.0134985 0.0141018 0.0153025 0.0165476 0.0250454 0.0312236 0.0258272 0.0248498 0.0181245 0.0212493 0.0309572 0.0244827 0.0210776 0.0182551 0.0216314 0.0177027 0.0191704 0.0192867 0.0196398 0.0203627 0.0186277 0.0126853 0.00936932 0.000934753 
0 0.00211144 0.00588618 0.00923037 0.0103181 0.00533197 0.00739197 0.00980475 0.00595972 0.00815979 0.0139154 0.0170528 0.021175 0.0223666 0.0270144 0.0134673 0.0146772 0.0196999 0.02583 0.0159611 0.0118469 0.0102924 0.0058969 0.0086886 0.0164885 0.0206026 0.0222962 0.023384 0.0179454 0.0195381 0.0223969 0.042518 0.0364021 0.0281534 0.0416694 0.0429653 0.0387921 0.0333591 0.0373771 0.0496272 0.045684 0.0303195 0.0219915 0.0197504 0.019784 0.0136381 0.018434 0.020459 0.0254383 0.030699 0.0295053 0.0318296 0.0273896 0.0245889 0.0291332 0.0305346 0.031026 0.0219915 0.0240663 0.0204973 0.0224509 0.0313322 0.0167881 0.0192637 0.0194443 0.0143325 0.0133365 0.0141613 0.00180731 
0 0.00114983 0.00300934 0.00555274 0.00416768 0.00488924 0.0105279 0.0151751 0.00443846 0.0105625 0.0206315 0.0226669 0.0160719 0.0282108 0.0252709 0.0154087 0.0139627 0.0169479 0.0245098 0.0144755 0.0135595 0.00914612 0.00765405 0.00990606 0.01955 0.0187642 0.0222418 0.0220145 0.0272746 0.0203847 0.0274288 0.0491216 0.0434892 0.0343704 0.0363308 0.024287 0.0239625 0.0307224 0.0320773 0.0457167 0.0483556 0.0360099 0.0231448 0.0166551 0.0203458 0.0157092 0.0231298 0.0367962 0.0375983 0.0326196 0.0272312 0.0254575 0.0202524 0.0246131 0.0218203 0.0303654 0.0280446 0.0164398 0.0168208 0.0213826 0.0270155 0.0264723 0.0195857 0.0164279 0.0167954 0.0134928 0.011815 0.00706294 0.000424633 
0 2.65548e-05 0.000388583 0.000679872 0.00190224 0.00551419 0.00682789 0.00732125 0.0051697 0.0148854 0.0263649 0.0281412 0.0202578 0.0216576 0.0207302 0.0186276 0.0150531 0.0227298 0.0255567 0.0208297 0.0210194 0.0201429 0.0144627 0.00790211 0.0169547 0.0160548 0.0231607 0.0169434 0.0194806 0.0222652 0.0261935 0.0452869 0.0554182 0.0404319 0.0319 0.0290633 0.0267209 0.0281895 0.0239021 0.0328282 0.0355612 0.0237708 0.0152542 0.0112931 0.0155474 0.0158195 0.0172175 0.0334706 0.0316063 0.0300466 0.02358 0.0303559 0.0271015 0.0285699 0.0265837 0.0274283 0.0279758 0.028751 0.0215082 0.0165007 0.0250801 0.0230188 0.0269101 0.0306031 0.0254334 0.0190295 0.01095 0.00425796 0.000325522 
0 0 0 1.96171e-07 0.000144966 0.0024769 0.00681824 0.0129478 0.00927534 0.0139627 0.0240853 0.0239365 0.0175007 0.0240867 0.0254099 0.0168711 0.0131392 0.0241341 0.0231171 0.0307284 0.0366692 0.0284141 0.0226451 0.017815 0.0215002 0.024555 0.0263432 0.0222646 0.0216038 0.0166546 0.0241136 0.0360091 0.045544 0.043047 0.0337698 0.0265898 0.0207966 0.0195494 0.0163607 0.0212578 0.0278218 0.0238614 0.022902 0.0279192 0.0206779 0.0228126 0.0211804 0.0243979 0.0242103 0.0181049 0.0194542 0.0247501 0.0217589 0.0256842 0.0218819 0.022132 0.0273778 0.0275123 0.0265032 0.0182995 0.018392 0.0189094 0.0309752 0.0371327 0.0270863 0.0169526 0.00595071 0.00151286 0 
0 0 0 0.000192041 0.00231055 0.00299875 0.00753076 0.0117888 0.00662806 0.0094912 0.0245449 0.0212442 0.0211886 0.020779 0.0260674 0.0207848 0.0193039 0.0222676 0.0189154 0.0234517 0.0252116 0.0209866 0.0272031 0.0232847 0.0239606 0.0255721 0.0275034 0.0225156 0.0193318 0.0203238 0.0193896 0.034866 0.0493803 0.0524908 0.0269862 0.0195248 0.019606 0.0194395 0.0169966 0.0205851 0.0240556 0.0201726 0.0258287 0.0239431 0.0283943 0.0219644 0.0246202 0.0236999 0.0244898 0.0195296 0.0156771 0.0194178 0.0203482 0.0201502 0.0215283 0.027383 0.0308415 0.0298479 0.0239112 0.0221153 0.0197706 0.0172553 0.0284668 0.0386417 0.0186618 0.0100748 0.00198301 0.000450004 0 
0 0 0 0.00033491 0.00365029 0.00530694 0.00741527 0.00606158 0.00656316 0.0160361 0.0258244 0.0223501 0.0183037 0.0206799 0.0270174 0.0231138 0.0243454 0.0244787 0.0250321 0.0262437 0.0213886 0.0158334 0.0240322 0.0336894 0.0304795 0.019923 0.0228248 0.0151046 0.0150333 0.0254839 0.0264118 0.0297697 0.0413278 0.0385002 0.0384699 0.0263884 0.015232 0.0138577 0.0180468 0.0199053 0.0218584 0.0273979 0.034564 0.0251063 0.0216117 0.0196443 0.0186523 0.024423 0.0229622 0.023694 0.0225081 0.0182931 0.0229574 0.0200593 0.0203243 0.02747 0.0328804 0.0323706 0.0280111 0.028713 0.0221919 0.0243908 0.0219395 0.0137548 0.00612147 0.00828003 0.00332469 0.000100506 0 
0 0 0 0.000340616 0.00293171 0.00387255 0.0059327 0.00387426 0.00756583 0.0137089 0.022703 0.0224137 0.0182762 0.0227708 0.0288995 0.0312876 0.0260174 0.0259463 0.0261605 0.0226336 0.0228029 0.0216561 0.0219182 0.0288414 0.0293181 0.0244511 0.022379 0.0230419 0.0260959 0.0203839 0.024047 0.0316376 0.0347777 0.038198 0.0505982 0.0307175 0.0193169 0.0130757 0.0212894 0.0228533 0.022135 0.0270135 0.0313872 0.0265085 0.016955 0.0169177 0.0262321 0.0281549 0.0239915 0.0278942 0.0205143 0.0204083 0.0287017 0.0268335 0.0229469 0.0222223 0.0287195 0.0280719 0.0247926 0.0197554 0.014434 0.016909 0.0246498 0.0164604 0.00855437 0.00325838 0.00306059 0.000175152 0 
0 0 0 2.65822e-06 0.000787833 0.000495731 0.00168249 0.00925648 0.0116603 0.00708602 0.0188767 0.0216763 0.0191993 0.0267769 0.0307776 0.0317343 0.0276293 0.0200198 0.0219863 0.0219966 0.0405783 0.0309633 0.0183742 0.0210527 0.0284335 0.0315096 0.0278592 0.0233483 0.0295195 0.0308526 0.0250456 0.0251007 0.0272968 0.035101 0.0597846 0.0379169 0.0226334 0.0245736 0.0243182 0.0253341 0.0281708 0.0324868 0.0322004 0.0285353 0.0222306 0.0175342 0.024681 0.0261714 0.0232326 0.0231211 0.0162413 0.0239491 0.0269551 0.0281505 0.0249229 0.0240422 0.0290799 0.028183 0.0248154 0.0241344 0.0153765 0.017953 0.0185006 0.0158729 0.015765 0.00495915 0.000454639 0 0 
0 0 0 0 0 5.03112e-05 0.00251897 0.0113763 0.00580129 0.00366681 0.0113471 0.0184689 0.0189623 0.0219814 0.0224322 0.0306528 0.0283636 0.0208487 0.0252647 0.02298 0.0308101 0.029662 0.0203969 0.0220957 0.0336486 0.0614108 0.0725268 0.0364313 0.0229464 0.0276272 0.028034 0.0210721 0.0301646 0.0243961 0.0375353 0.0371096 0.0358724 0.0273954 0.0313845 0.0360156 0.0316041 0.0246231 0.0258695 0.0265098 0.021023 0.0136765 0.0153752 0.018079 0.0126619 0.0173426 0.0159465 0.0217377 0.0434231 0.0446513 0.0273481 0.028653 0.0335134 0.0383245 0.0290456 0.0352047 0.0225793 0.0227598 0.0245671 0.017232 0.0159807 0.00310029 1.73386e-05 0 0 
0 0 0 0 0 0 0.00164584 0.00924249 0.00414139 0.00374086 0.00616913 0.0131472 0.0178216 0.0203664 0.0196721 0.017711 0.0193996 0.0183831 0.0294542 0.034984 0.0370682 0.0332621 0.0269841 0.0205152 0.0281865 0.0463415 0.0526476 0.0335938 0.0234729 0.0263881 0.0316406 0.0265032 0.0286638 0.0210957 0.0285692 0.04444 0.0278398 0.0258463 0.0227522 0.024996 0.0260385 0.0182798 0.0166463 0.0187653 0.0197198 0.018291 0.0163605 0.0103016 0.0176262 0.0171594 0.0208235 0.0259624 0.0449686 0.0403127 0.0331443 0.0284139 0.0205415 0.0230869 0.0319325 0.0332824 0.0236327 0.0260254 0.0222209 0.0168546 0.00770508 0.00102397 0 0 0 
0 0 0 0 0 0 0.00130773 0.0078678 0.00686648 0.00581336 0.00758459 0.00531287 0.00959787 0.0187791 0.0296906 0.031361 0.0331529 0.0250694 0.0242278 0.0280495 0.0335343 0.0326471 0.0202511 0.0270059 0.0212604 0.0276648 0.033008 0.0370698 0.0325221 0.0284212 0.0332464 0.0297486 0.0253546 0.0248021 0.0296987 0.038563 0.0285112 0.0285245 0.0143758 0.0164368 0.02083 0.0188261 0.0200026 0.0245304 0.0233295 0.021205 0.0192418 0.0196892 0.021286 0.0223461 0.0284131 0.025158 0.0236285 0.0188874 0.0211835 0.0271273 0.0188022 0.0194557 0.0372086 0.0463941 0.0318442 0.0210486 0.0192332 0.0121018 0.00484618 9.44558e-05 0 0 0 
0 0 0 0 0 0 0.000926969 0.00399412 0.00878782 0.0101973 0.0129746 0.00548401 0.00242788 0.00677951 0.0178578 0.0258061 0.0241194 0.0298842 0.0237864 0.0232185 0.0296991 0.0421624 0.0274582 0.0165501 0.0260758 0.0337117 0.0339499 0.0298433 0.0326214 0.037634 0.0312636 0.0325775 0.0269532 0.0297577 0.0245901 0.0251742 0.0257929 0.020528 0.0134133 0.0158802 0.0188114 0.0280096 0.0298233 0.0203362 0.0206751 0.0186558 0.017565 0.0200574 0.0233655 0.0233712 0.0211506 0.0228349 0.0278023 0.0185659 0.0165258 0.0196382 0.0255356 0.0225931 0.0341509 0.0296579 0.0216129 0.0159744 0.015421 0.00624088 0.00126597 0 0 0 0 
0 0 0 0 0 0 2.32707e-05 0.00718512 0.0125405 0.00324456 0.00744983 0.0083007 0.000984634 0.000877391 0.00824064 0.0194926 0.0185505 0.0251635 0.0296394 0.0260285 0.0320847 0.0460021 0.049577 0.0336905 0.0267614 0.0260735 0.0284503 0.0327506 0.0423507 0.0340553 0.0277896 0.0256636 0.0343987 0.0575408 0.0333966 0.0190543 0.0191579 0.0194284 0.0191906 0.0190505 0.0208317 0.0283535 0.0224191 0.0194121 0.0180322 0.0229909 0.0211486 0.0217406 0.0274549 0.0191352 0.0209039 0.0190976 0.0204996 0.0193621 0.0193837 0.0165316 0.019772 0.0239927 0.0215703 0.0246987 0.0122519 0.0093873 0.0107919 0.00600784 0.00011234 0 0 0 0 
0 0 0 0 0 0 0.00139593 0.0197178 0.0193441 0.000742795 0.00182517 0.00298544 0.000387849 0.00310073 0.00895938 0.0117752 0.0162248 0.0161048 0.0214076 0.019479 0.0289519 0.0388494 0.051134 0.0330193 0.0322413 0.0316934 0.0302569 0.0250186 0.0253327 0.022089 0.0205872 0.0230195 0.0258 0.0380505 0.027641 0.0174358 0.0183715 0.0213081 0.0227281 0.0192188 0.017747 0.021046 0.0220658 0.0225234 0.0164284 0.0250398 0.0235182 0.0248385 0.0147981 0.0169891 0.0244007 0.0251521 0.0504465 0.0286458 0.0170977 0.0108344 0.0125846 0.0215415 0.0201197 0.0161525 0.00751232 0.00613925 0.0013382 0.000255173 0 0 0 0 0 
0 0 0 0 0 0 4.4315e-05 0.000926243 0.00106644 0 3.11755e-05 0.000578302 0.00480421 0.0140348 0.0211667 0.0142143 0.0185226 0.0218769 0.0181023 0.0143767 0.0262377 0.0319357 0.0316587 0.0355489 0.0310209 0.0239925 0.0169855 0.0187171 0.0193919 0.0189817 0.0214841 0.0173507 0.0237122 0.0258934 0.0229223 0.0215347 0.0244921 0.0245903 0.0219186 0.0151107 0.0162379 0.0204807 0.024034 0.0216557 0.0167276 0.0254969 0.0220412 0.0225932 0.0199975 0.0185488 0.0237523 0.0427271 0.0857831 0.0499065 0.0193597 0.0135348 0.0182285 0.0262234 0.0233207 0.0104959 0.00213655 0.00120181 0 0 0 0 0 0 0 
0 0 0 0 0 0 0 0 0 0 8.96274e-06 0.00367247 0.0192985 0.0249147 0.0243137 0.0252792 0.0343176 0.0202705 0.01823 0.0154099 0.0233942 0.024915 0.02932 0.0341299 0.0224058 0.0186772 0.0221709 0.01878 0.0179453 0.0221536 0.0232558 0.0202942 0.0196312 0.0172937 0.0150855 0.0165514 0.0203514 0.0236795 0.0217537 0.0226559 0.017029 0.0190596 0.0183665 0.0177849 0.0176856 0.0232277 0.0202467 0.0214916 0.0249341 0.0212658 0.0216365 0.0255077 0.0463378 0.023981 0.0150504 0.0246551 0.0216774 0.0211408 0.018679 0.0074215 0.00134854 0 0 0 0 0 0 0 0 
0 0 0 0 0 0 0 0 0 0 0.000332772 0.0125466 0.0223621 0.0187258 0.0189757 0.0283951 0.0277433 0.0195788 0.0228563 0.0189032 0.0179927 0.0282003 0.0367115 0.0398573 0.0264861 0.0224492 0.0176746 0.0195984 0.0154441 0.0248728 0.0202473 0.0167226 0.0173918 0.0136911 0.0124192 0.0125915 0.0245546 0.0234259 0.0212255 0.0197717 0.015876 0.0132858 0.0116131 0.0155642 0.0157666 0.0182622 0.0272889 0.0298458 0.022802 0.0227314 0.0193973 0.0207058 0.0178608 0.0131061 0.020564 0.0194859 0.0183535 0.0221006 0.0187464 0.00573502 0.0011032 0 0 0 0 0 0 0 0 
0 0 0 0 0 0 0 0 0 0 0.000180673 0.0127505 0.0266451 0.0145951 0.0111675 0.0173109 0.0276139 0.0254858 0.0218509 0.0205655 0.0193173 0.0259011 0.0366021 0.0498549 0.0306409 0.0229797 0.0136207 0.0170155 0.0179395 0.0252557 0.0213931 0.0138308 0.0141435 0.0108558 0.0125641 0.0139699 0.0225944 0.0177528 0.00993286 0.013319 0.00842861 0.00457242 0.00507114 0.00949015 0.0145118 0.0259787 0.0377672 0.0319914 0.0167235 0.0191085 0.0165932 0.0159745 0.0113692 0.00728859 0.00938997 0.00912833 0.00941295 0.0130066 0.0170553 0.00248575 9.86893e-05 0 0 0 0 0 0 0 0 
0 0 0 0 0 0 0 0 0 0 0 0.00912303 0.0224119 0.00632781 0.00430137 0.0151374 0.0277718 0.0239522 0.0246467 0.0267634 0.0226427 0.0245671 0.0309549 0.0419118 0.031528 0.0157941 0.0148961 0.0145544 0.0143989 0.0250094 0.0192931 0.010154 0.00628597 0.00879993 0.0193925 0.0202985 0.0219604 0.0112781 0.00842883 0.0144 0.00696886 0.00479237 0.0018712 0.00343238 0.00852187 0.017326 0.0218873 0.0287357 0.0159805 0.0152846 0.0112433 0.00808268 0.0112086 0.00629402 0.00454835 0.0013258 0.000420729 0.00216538 0.00443179 0.000578401 0 0 0 0 0 0 0 0 0 
0 0 0 0 0 0 0 0 0 0 0 0.0001448 0.000295309 0.00013545 0.0095846 0.0275587 0.0263574 0.028948 0.0226076 0.0210982 0.0200722 0.021645 0.0241549 0.0295935 0.0321774 0.0225044 0.0144039 0.015235 0.0164872 0.0190281 0.0186848 0.0136124 0.00897272 0.00805577 0.0143894 0.0190241 0.0103694 0.0230165 0.011217 0.00689589 0.00887353 0.0071441 0.0014707 0.00246537 0.00510874 0.011225 0.0144535 0.0178097 0.0125016 0.0280239 0.0232949 0.00926925 0.0139028 0.0122419 0.0136107 0.0063228 0 8.00422e-05 2.45481e-05 0 0 0 0 0 0 0 0 0 0 
0 0 0 0 0 0 0 0 0 0 0 0 0 4.51259e-05 0.00866393 0.0238988 0.0219878 0.02128 0.0195071 0.0245261 0.022186 0.0167093 0.0189878 0.0216507 0.0278391 0.0402401 0.027205 0.0216428 0.025519 0.0219685 0.0352445 0.0498657 0.0232293 0.0081929 0.00871109 0.0159388 0.0215436 0.118875 0.0732264 0.0107034 0.0132286 0.0127433 0.00539696 0.0012696 0.00558624 0.0150476 0.016736 0.0156574 0.0161052 0.0458545 0.0330395 0.01809 0.0240831 0.021975 0.0116284 0.00174908 0 0 0 0 0 0 0 0 0 0 0 0 0 
0 0 0 0 0 0 0 0 0 0 0 0 0 0 0.000883768 0.0077969 0.0165656 0.0217208 0.0282775 0.0222446 0.0133781 0.00781647 0.0159097 0.0177062 0.0238308 0.0449929 0.0284199 0.0223039 0.0241468 0.0242968 0.0349514 0.0522657 0.0287919 0.0204665 0.00936514 0.0115125 0.0191101 0.0693313 0.0550892 0.0205869 0.0262419 0.0320553 0.0241598 0.00760755 0.0055757 0.00859435 0.0192468 0.0168492 0.0146284 0.0281646 0.0253056 0.0203317 0.0202434 0.0116899 0.00193529 2.05937e-05 0 0 0 0 0 0 0 0 0 0 0 0 0 
0 0 0 0 0 0 0 0 0 0 0 0 0 0 2.55497e-06 0.000338679 0.00378877 0.0207945 0.0253782 0.0211506 0.0128332 0.0100402 0.00799649 0.0091527 0.0136721 0.0218038 0.0154001 0.0132742 0.0186001 0.0273429 0.0292865 0.0271111 0.0261324 0.0191586 0.00755947 0.00823011 0.0130661 0.0169583 0.018112 0.0227312 0.0256831 0.03387 0.0327677 0.0172324 0.00438504 0.00940508 0.0190976 0.0225428 0.0185252 0.0116021 0.0100171 0.00922742 0.0034859 0.00175051 0 0 0 0 0 0 0 0 0 0 0 0 0 0 0 
0 0 0 0 0 0 0 0 0 0 0 0 0 0 0 0 0.00015284 0.00361077 0.0129322 0.0132634 0.00893917 0.0211343 0.00984811 0.01064 0.00456882 0.00449494 0.00588443 0.012148 0.0203022 0.0246456 0.0348389 0.0324689 0.0301614 0.0195265 0.00563953 0.00482877 0.0156066 0.026709 0.0320481 0.0325768 0.0214876 0.0227753 0.0261789 0.0211579 0.00541273 0.00769602 0.0170414 0.0192295 0.0150703 0.00353643 0.00118001 0.00228634 0.000192941 0 0 0 0 0 0 0 0 0 0 0 0 0 0 0 0 
0 0 0 0 0 0 0 0 0 0 0 0 0 0 0 0 0 0 9.51795e-06 0.000701358 0.00561658 0.015283 0.0126809 0.0155095 0.00413636 0.000424162 0.00310723 0.0149264 0.0195407 0.0206905 0.0160205 0.0284993 0.0282047 0.0250877 0.011729 0.00804809 0.0181157 0.0334962 0.0302455 0.0268813 0.0215511 0.0112434 0.0141326 0.0171577 0.00761551 0.00499411 0.00622661 0.0051305 0.00314467 0.000148736 6.65215e-05 0 0 0 0 0 0 0 0 0 0 0 0 0 0 0 0 0 0 
0 0 0 0 0 0 0 0 0 0 0 0 0 0 0 0 0 0 0 1.58326e-06 0.000339017 0.00462052 0.00962496 0.0109195 0.00113166 0.000727727 0.0012427 0.0154116 0.0171103 0.0187687 0.0144615 0.0151717 0.024401 0.0280157 0.0234493 0.0213051 0.0257402 0.0308356 0.0196441 0.0147839 0.0238659 0.0146314 0.00917662 0.00802285 0.00277845 0.000255831 0.000454383 0.000538521 0.000699445 0 0 0 0 0 0 0 0 0 0 0 0 0 0 0 0 0 0 0 0 
0 0 0 0 0 0 0 0 0 0 0 0 0 0 0 0 0 0 0 0 0 3.74442e-06 0.000173762 9.96797e-05 0 0.00102458 0.00324844 0.00906168 0.00531192 0.00707147 0.00875444 0.00988425 0.0154902 0.0199802 0.0216363 0.0216559 0.0227824 0.0183108 0.0119373 0.0148524 0.0186199 0.0155686 0.00347832 0.00436719 0.00145207 5.55054e-05 0 0 0 0 0 0 0 0 0 0 0 0 0 0 0 0 0 0 0 0 0 0 0 
0 0 0 0 0 0 0 0 0 0 0 0 0 0 0 0 0 0 0 0 0 0 0 0 0 6.75172e-06 0.000300453 0.000327312 0.00027785 0.000485396 0.000776667 0.00277224 0.0047194 0.0056158 0.00625211 0.00814904 0.0080265 0.00526989 0.00207475 0.00360557 0.00553222 0.00525819 0.000669685 0.000330135 8.33471e-05 0 0 0 0 0 0 0 0 0 0 0 0 0 0 0 0 0 0 0 0 0 0 0 0 

