0 0 0 0 0 0 0 0 0 0 0 0 0 0 0 0 0 0 0 0 0 0 0 0 0 0 0 0 0 0 0 0 2.21024e-05 0.000480246 0.000653736 3.75817e-06 7.57391e-05 6.68572e-05 0 0 0 0 0 0 0 0 0 0 0 0 0 0 0 0 0 0 0 0 0 0 0 0 0 0 0 0 0 0 0 
0 0 0 0 0 0 0 0 0 0 0 0 0 0 0 0 0 0 0 0 0 0 0 0 0 0 0 0 0 0 0 5.97891e-05 0.00193459 0.00721994 0.00443823 0.00255628 0.00336311 0.00303998 0.00149875 0.002857 0.00362827 0.00351836 0.00211792 0.000508358 1.17682e-05 0 0 0 0 0 0 0 0 0 0 0 0 0 0 0 0 0 0 0 0 0 0 0 0 
0 0 0 0 0 0 0 0 0 0 0 0 0 0 0 0 0 0 0 0 0 0 5.13304e-05 0.000247708 1.35318e-05 2.48515e-06 0.000166193 0 0.000830273 0.00107111 0.00133785 0.000543699 0.00229269 0.00995958 0.00598612 0.00156614 0.00548793 0.00718246 0.00541109 0.00560338 0.00743129 0.00911627 0.0127992 0.00500177 0.000552275 0 1.50991e-05 2.66879e-05 0 0 0 0 0 0 0 0 0 0 0 0 0 0 0 0 0 0 0 0 0 
0 0 0 0 0 0 0 0 0 0 0 0 0 0 0 0 0 0 0 0 0 0.00180863 0.00620385 0.00782556 0.00505183 0.00129841 0.00157278 0.00237521 0.00337227 0.00393029 0.0016616 0.00326771 0.00486156 0.00340184 0.00248226 0.00231402 0.00595397 0.0111597 0.0129326 0.00937567 0.0109789 0.00933314 0.01501 0.00814268 0.00248813 0.00176896 0.00215921 0.00292839 0.0018651 0.0003029 0 0 0 0 0 0 0 0 0 0 0 0 0 0 0 0 0 0 0 
0 0 0 0 0 0 0 0 0 0 0 0 0 0 0 0 0 0 0 0 0.000268578 0.00875308 0.0255121 0.0200553 0.0145561 0.00865264 0.00939296 0.0135088 0.0111837 0.0151271 0.00984272 0.0166801 0.0130006 0.00958723 0.00468511 0.00361241 0.0044589 0.00866502 0.0200715 0.0168173 0.0114883 0.0106553 0.012057 0.00671414 0.00282636 0.00275228 0.00316044 0.00525146 0.00794617 0.00516344 0.00111404 0.000157464 0 0 0 0 0 0 0 0 0 0 0 0 0 0 0 0 0 
0 0 0 0 0 0 0 0 0 0 0 0 0 0 0 0 6.6575e-05 0.000580731 0.000497215 0.0018277 0.00187294 0.0052856 0.0168158 0.0171592 0.0132515 0.0144939 0.0240461 0.0261906 0.017889 0.0155008 0.013218 0.0210578 0.0201564 0.0166464 0.0139542 0.00696 0.00979802 0.0126042 0.0229286 0.0224817 0.0127046 0.0146103 0.0174656 0.0165962 0.00980089 0.00438896 0.00381378 0.00563325 0.0106129 0.0123934 0.00870108 0.00184671 3.4301e-05 0 0 0 0 0 0 0 0 0 0 0 0 0 0 0 0 
0 0 0 0 0 0 0 0 0 0 0 0 0 0 0 0 0.00117928 0.0071688 0.0108532 0.0131179 0.0107582 0.00480132 0.00646754 0.0144545 0.0119408 0.00815129 0.0163405 0.0224834 0.0228994 0.019978 0.0167083 0.0246605 0.0223977 0.0174026 0.0183977 0.0190635 0.0166363 0.0199656 0.0178621 0.0213372 0.0189569 0.0187282 0.0273523 0.0253586 0.0219595 0.0188976 0.0167683 0.0133453 0.0175254 0.0161989 0.0147278 0.01438 0.00901636 0.00361367 0.000673396 0 0 0 0 0 0 0 0 0 0 0 0 0 0 
0 0 0 0 0 0 0 0 0 0 0 0 0 0 0 0.0001303 0.00428268 0.0155927 0.0151809 0.0132633 0.0107404 0.0136584 0.00825331 0.0111398 0.00635764 0.00525766 0.0158283 0.0212195 0.0209218 0.0210959 0.0215445 0.0249278 0.0279361 0.0242296 0.0179605 0.0208015 0.0224121 0.0191147 0.0230328 0.0230932 0.0271628 0.0203362 0.022107 0.026201 0.0256115 0.0231299 0.0193474 0.0193812 0.0203715 0.0204007 0.0232011 0.0276426 0.024631 0.0170748 0.00956073 0.000965761 3.56322e-06 0 0 0 0 0 0 0 0 0 0 0 0 
0 0 0 0 0 0 0 0 0 0 0 0 7.83149e-05 0.00140486 0.00194934 0.00194125 0.0045875 0.00982312 0.00712757 0.00470093 0.00997203 0.0206627 0.0144647 0.0119145 0.00637448 0.00619729 0.0167094 0.0213305 0.0252279 0.0262803 0.0256678 0.0270669 0.0279065 0.0250252 0.0191186 0.0166944 0.0266939 0.0218802 0.0251055 0.0253512 0.027997 0.0236252 0.0185677 0.0150758 0.0103386 0.0123464 0.0139793 0.0195331 0.0196889 0.0148563 0.0260922 0.0332154 0.0239864 0.0192023 0.0144295 0.00709292 0.00126504 0 0 0 0 0 0 0 0 0 0 0 0 
0 0 0 0 0 0 0 0 0 0 0 0.000879642 0.00577096 0.0115841 0.0108506 0.0102255 0.00823238 0.0105436 0.0111001 0.0114459 0.0213273 0.0206731 0.0191233 0.0146116 0.0141403 0.00802451 0.01461 0.0251165 0.0315277 0.035071 0.0255256 0.0229071 0.0233511 0.0198148 0.0183102 0.0155255 0.0165267 0.0241567 0.0231185 0.0179789 0.0241555 0.0284419 0.025109 0.0185638 0.0153197 0.0112181 0.0141634 0.018858 0.0170563 0.0131406 0.0213984 0.0351476 0.0398892 0.0244092 0.015281 0.0134862 0.0110033 0.00272235 4.57317e-05 0 0 0 0 0 0 0 0 0 0 
0 0 0 0 0 0 0 0 0 0 0.000243962 0.0041206 0.00790932 0.011763 0.0175479 0.0220589 0.0197568 0.0150778 0.0184945 0.0211681 0.0248889 0.020906 0.0159546 0.018599 0.0153843 0.0164756 0.0198616 0.0244153 0.0204971 0.0262662 0.0213269 0.0200473 0.0165602 0.0172582 0.0187073 0.0166706 0.014642 0.0174587 0.0161452 0.0251565 0.0247293 0.0247189 0.031337 0.0133848 0.0134932 0.0150721 0.0113306 0.0147387 0.0124207 0.00940734 0.0102321 0.0286278 0.042329 0.0272758 0.0212973 0.0229299 0.0179172 0.0147486 0.00530728 0.000981312 0 0 0 0 0 0 0 0 0 
0 0 0 0 0 0 0 0 0 1.50491e-05 0.00237197 0.00548502 0.005651 0.0145527 0.0194444 0.0222949 0.0169972 0.0131937 0.0155685 0.0205327 0.0279922 0.0227903 0.0151688 0.0180043 0.0173434 0.0165703 0.0219519 0.0214315 0.0209421 0.0146681 0.01608 0.0228608 0.0200743 0.0128784 0.0195907 0.0190896 0.0170082 0.0214306 0.0203305 0.0214689 0.025981 0.0265239 0.0315805 0.0176642 0.013828 0.0154952 0.0132211 0.0131519 0.0141617 0.0080075 0.0132004 0.015288 0.0289407 0.0331369 0.0267325 0.0190647 0.018743 0.0251914 0.0212038 0.00776518 0.000339787 0 0 0 0 0 0 0 0 
0 0 0 0 0 0 0 0 0 5.34078e-05 0.00439825 0.0081763 0.00861273 0.01609 0.0227424 0.0187461 0.0119362 0.0157054 0.0166586 0.0217717 0.0310406 0.0200672 0.0190324 0.0197661 0.0191033 0.0186445 0.0187871 0.014928 0.0150783 0.0215286 0.0259899 0.0238991 0.0214603 0.0189814 0.0148177 0.0230845 0.0165367 0.0242349 0.023993 0.0211464 0.0288413 0.0267232 0.0263265 0.0218803 0.0128319 0.0156145 0.0155504 0.0129968 0.0196236 0.0159359 0.0154019 0.0155245 0.0245301 0.0280523 0.0237658 0.0240339 0.0182626 0.0198553 0.0202066 0.0127397 0.00302389 6.78229e-05 0 0 0 0 0 0 0 
0 0 0 0 0 0 0 0 0 0.000153648 0.00414795 0.0084941 0.0149324 0.018072 0.0198644 0.0194682 0.0135683 0.0165028 0.0154399 0.0174453 0.0227929 0.0206764 0.0226901 0.023541 0.0211916 0.0190706 0.012841 0.0162848 0.0226033 0.0301195 0.0263057 0.0175595 0.0156143 0.014953 0.0140428 0.0210139 0.0148521 0.0173192 0.0170526 0.0230681 0.0202715 0.0223773 0.0247815 0.0168744 0.015636 0.0134146 0.0151457 0.0186074 0.0241413 0.0361978 0.0303075 0.0185383 0.0167162 0.0205514 0.0251942 0.0267506 0.0196103 0.0188382 0.0186614 0.0218678 0.0168177 0.00385559 8.84689e-05 0 0 0 0 0 0 
0 0 0 0 0 0 0 0 0.000679585 0.00523106 0.0164793 0.0256044 0.0248684 0.0257892 0.0202904 0.0225463 0.0148623 0.00980443 0.0104948 0.016994 0.0222499 0.0269275 0.0312825 0.0203802 0.019846 0.021978 0.0179607 0.0182688 0.0274315 0.0327286 0.0232669 0.01106 0.013653 0.0186077 0.0175035 0.0185826 0.0217837 0.018871 0.0164443 0.0196412 0.0167068 0.0240641 0.0213374 0.012387 0.0187461 0.0154894 0.0126526 0.0187312 0.0344976 0.0402533 0.0348618 0.0280944 0.0174712 0.0221125 0.0228824 0.0239953 0.0211211 0.0220238 0.0215115 0.0164951 0.0161034 0.0166468 0.00242363 2.91376e-05 0 0 0 0 0 
0 0 0 0 0 0 9.94038e-07 0.000109351 0.00386135 0.0181646 0.0368504 0.0230398 0.0208541 0.0182774 0.0213756 0.0266089 0.0193837 0.0141547 0.0159345 0.0165955 0.0205349 0.0217876 0.0264421 0.0260256 0.027368 0.0193239 0.0211571 0.0251912 0.0300913 0.0369819 0.0206997 0.0131008 0.0156671 0.0154233 0.015189 0.0124565 0.018478 0.0193707 0.0190415 0.0146235 0.016056 0.0176988 0.020134 0.020279 0.0160884 0.0150105 0.0221318 0.024365 0.0279735 0.0255416 0.0239583 0.0252757 0.0197968 0.0131887 0.0144439 0.0189556 0.0242179 0.0225542 0.0189827 0.0180736 0.0191399 0.0174547 0.00661869 0.000684633 0 0 0 0 0 
0 0 0 0 0 3.82048e-05 0.000974978 0.00631166 0.0113525 0.0220939 0.032695 0.0283913 0.0234171 0.0201622 0.0156953 0.0197117 0.0265341 0.0255218 0.0216973 0.0212118 0.0181773 0.0175002 0.025214 0.0341156 0.0294078 0.0182226 0.0178713 0.0217633 0.0195007 0.0206211 0.0181213 0.0215489 0.0159261 0.0138116 0.0132288 0.0148304 0.0099248 0.0146445 0.0208552 0.0166793 0.0109918 0.0143364 0.0261475 0.0214079 0.0206349 0.0248089 0.0268991 0.0279988 0.018263 0.0191363 0.0167099 0.0281459 0.0254986 0.0192461 0.0218016 0.0248475 0.0331954 0.0220394 0.0143848 0.0113349 0.0124708 0.0154741 0.0163839 0.00451858 1.1329e-05 0 0 0 0 
0 0 0 0 0 0.00238952 0.0138192 0.0194934 0.021631 0.026207 0.0179278 0.0255978 0.0297335 0.0243241 0.0241576 0.0185299 0.0204412 0.0225649 0.0233172 0.0161476 0.0191198 0.0230621 0.0268104 0.0417455 0.0304378 0.0209878 0.0164279 0.0112578 0.0119743 0.0161918 0.0171848 0.0174689 0.0144813 0.0132705 0.0121094 0.0136471 0.0124562 0.0180818 0.022019 0.0193481 0.0145329 0.0109973 0.0221512 0.0277819 0.0268648 0.0224709 0.0212012 0.0253988 0.0183005 0.0167335 0.0163534 0.0187746 0.0227575 0.0264522 0.0187001 0.0228437 0.0204784 0.019667 0.0139285 0.0121252 0.00985376 0.0192005 0.022342 0.0110046 0.000153871 0 0 0 0 
0 0 0 0 4.80565e-05 0.00573359 0.0174672 0.01749 0.0142623 0.0225419 0.0264914 0.0243332 0.0302322 0.0328131 0.0303016 0.0198466 0.018561 0.0219215 0.0250385 0.0214016 0.0184502 0.022717 0.0263297 0.0263124 0.0212147 0.021673 0.0155025 0.014894 0.0279935 0.0306349 0.0165365 0.0113207 0.0151889 0.0151909 0.0153004 0.0155203 0.0185666 0.0268537 0.0193285 0.0136514 0.0149104 0.0143157 0.022698 0.0229476 0.0272593 0.0199461 0.0155584 0.0212622 0.0156789 0.0164755 0.0162923 0.0133295 0.0165601 0.0263752 0.0227663 0.0233736 0.0182748 0.0116618 0.0104443 0.0166745 0.0144137 0.016701 0.0184301 0.00877126 0.000336257 0 0 0 0 
0 0 0 0 1.91246e-05 0.00618046 0.0179617 0.0273539 0.0328367 0.0395316 0.0249101 0.0222465 0.0224029 0.0227066 0.0277552 0.0218281 0.0233495 0.0236379 0.0237996 0.0254638 0.021757 0.0243258 0.0294222 0.024087 0.0189698 0.0182486 0.0200767 0.032062 0.0229199 0.0163013 0.0172942 0.0122906 0.0103371 0.0136963 0.0160337 0.0224584 0.0214566 0.0251823 0.0255531 0.0155889 0.0184379 0.0181641 0.0203713 0.0220564 0.0234944 0.0177194 0.0162519 0.0191226 0.0184245 0.0172961 0.0195512 0.0144523 0.0179705 0.0252579 0.0226164 0.0163143 0.0159957 0.0133463 0.0110173 0.0104353 0.0166921 0.0224421 0.0155037 0.00415592 0.000286012 0 0 0 0 
0 0 0 0 0 0.00269245 0.0138224 0.02933 0.046191 0.0368049 0.0232905 0.0161219 0.0232194 0.0242934 0.0311823 0.021248 0.0243958 0.0273455 0.0292435 0.0216704 0.0189282 0.0218905 0.0209336 0.0186929 0.0217365 0.0202058 0.0248529 0.0346697 0.0191778 0.0115721 0.00880624 0.00922972 0.0143301 0.0171495 0.029176 0.0221996 0.0143878 0.0185579 0.0205751 0.0169415 0.0199077 0.017932 0.021414 0.0214618 0.0223077 0.0160659 0.0130396 0.0157341 0.0154666 0.0162806 0.012824 0.0154251 0.0167931 0.0190783 0.0161512 0.0157125 0.0183246 0.0159976 0.0169307 0.013211 0.0166518 0.0177762 0.00919515 0.00853528 0.00478726 1.1724e-05 0 0 0 
0 0 0 0 0 0.000326695 0.0064043 0.0238625 0.0317356 0.0352031 0.0278449 0.016027 0.0197643 0.0162633 0.0237145 0.0210887 0.0228278 0.0204713 0.028598 0.0298743 0.026441 0.0225603 0.0227789 0.0185899 0.0232777 0.0190498 0.0170157 0.0247372 0.0166055 0.00913945 0.00946955 0.0152501 0.014163 0.0131896 0.019574 0.0167669 0.0117801 0.0152404 0.0166833 0.0201173 0.0197513 0.0226475 0.0265753 0.0238788 0.0251642 0.0139141 0.0115241 0.0148078 0.0170402 0.018974 0.0124765 0.0168765 0.0185253 0.0146442 0.0139167 0.0141986 0.0176801 0.0158892 0.0200077 0.0260242 0.0245686 0.0149105 0.00886165 0.0104611 0.00407767 3.85631e-05 0 0 0 
0 0 0 0 0 0.000129437 0.00530411 0.0196056 0.0297277 0.0270261 0.0164965 0.0170673 0.0224449 0.014235 0.0180517 0.0203329 0.0170042 0.0175259 0.0224184 0.0305931 0.0287251 0.0249761 0.0197645 0.0209809 0.0163885 0.0175681 0.0134439 0.0208731 0.016404 0.0093826 0.0129307 0.0113648 0.0130305 0.0152678 0.0198099 0.0186652 0.0135694 0.0175036 0.0230621 0.0257274 0.0227733 0.0261188 0.0223958 0.0201106 0.0233571 0.015219 0.0144494 0.0157475 0.0108532 0.0142523 0.0131521 0.0108045 0.0125282 0.0121991 0.0104081 0.0107473 0.0167281 0.0190013 0.029097 0.0310875 0.0191452 0.0121612 0.0105824 0.00574588 0.00211645 0.000332434 0 0 0 
0 0 0.000520518 0.00359969 0.00110317 0.000465482 0.00488309 0.017939 0.0152771 0.0162119 0.0207413 0.0246527 0.0263648 0.0154937 0.018954 0.0195775 0.0220281 0.0220816 0.0212105 0.0237682 0.0212932 0.0165054 0.0186856 0.0146837 0.0127115 0.0131568 0.0148778 0.0196092 0.013898 0.0115661 0.0138225 0.0127243 0.011706 0.0147129 0.0163658 0.0243143 0.0187098 0.015033 0.0149546 0.022121 0.0159293 0.0166286 0.0147235 0.0138441 0.0147008 0.0155543 0.0129803 0.0192201 0.0108609 0.0086411 0.0080553 0.00598381 0.00615031 0.0117519 0.0121949 0.0155458 0.0118578 0.0157311 0.0212964 0.0234227 0.0132733 0.00772336 0.00669203 0.00561238 0.00763874 0.00372253 2.79073e-05 0 0 
0 0 0.00124208 0.00917906 0.00859216 0.00547337 0.00849437 0.0131505 0.0118981 0.0159007 0.0239084 0.0187076 0.017659 0.0164815 0.0195763 0.0202257 0.0215221 0.0247594 0.0214685 0.0186974 0.0172908 0.0160514 0.0178109 0.0136356 0.0103507 0.012228 0.0203828 0.0328551 0.0188302 0.0156368 0.0153021 0.00954415 0.00945792 0.0137612 0.0171868 0.0176131 0.0201824 0.0192436 0.0177296 0.0147516 0.0117133 0.0128879 0.0111613 0.0117197 0.0109675 0.00653474 0.015771 0.0221979 0.0153979 0.00923537 0.00519711 0.00611972 0.00678297 0.014635 0.0137355 0.00999132 0.00731426 0.0107715 0.011299 0.0163544 0.012494 0.00541309 0.0106061 0.0109493 0.0163605 0.0106378 0.000569141 0 0 
0 0 0.00139029 0.0074627 0.0136621 0.0218087 0.0195726 0.0248751 0.0240078 0.0226315 0.0226046 0.0210127 0.0203919 0.0181524 0.0152403 0.0196761 0.0278008 0.0256156 0.0202688 0.0188824 0.0183531 0.0207888 0.0170962 0.0145298 0.0172439 0.0165973 0.0280505 0.0405497 0.0237063 0.0157376 0.0151743 0.0114353 0.0100365 0.014319 0.014151 0.0171457 0.0236703 0.0213554 0.0200391 0.0140523 0.0113051 0.0160486 0.0203337 0.0191417 0.0129096 0.00868113 0.0167418 0.0281349 0.0192149 0.0178059 0.0105221 0.0100642 0.0149319 0.0191817 0.0112797 0.00377072 0.0069805 0.00929581 0.00716269 0.0042626 0.00775155 0.00750902 0.00788437 0.0118487 0.0129257 0.00861298 0.00192676 0 0 
0 0 0.00140029 0.00351147 0.0148895 0.0210281 0.0290551 0.0345067 0.0250212 0.0245201 0.0244372 0.0221488 0.0236296 0.0237913 0.018671 0.0146656 0.0136704 0.0191911 0.0235998 0.020849 0.0188727 0.0174626 0.0197429 0.0196982 0.0269393 0.0254452 0.0262355 0.0356868 0.0273941 0.0226173 0.0257341 0.0173524 0.0117056 0.0171505 0.013075 0.00990002 0.0188984 0.0130625 0.0199168 0.0152556 0.0152501 0.0247191 0.0283281 0.0236716 0.0135001 0.00733865 0.0153865 0.0253042 0.0180834 0.0144291 0.0144068 0.0116241 0.0141351 0.0165226 0.0122467 0.00172169 0.00753352 0.0106017 0.00581061 0.00601539 0.00713461 0.00805435 0.00861001 0.00451329 0.00286076 0.00685868 0.00681194 0.00242767 9.43593e-05 
0 0.000360731 0.000688681 0.00534522 0.0176618 0.0206423 0.0207109 0.0290184 0.027951 0.0209562 0.0234003 0.0260721 0.0283177 0.0325855 0.0263518 0.0205788 0.0150737 0.0201541 0.0178594 0.0249054 0.0269641 0.0260923 0.034695 0.0285287 0.0277514 0.0256885 0.0300668 0.031415 0.0384167 0.032251 0.0416113 0.0251321 0.0150109 0.0116577 0.0130505 0.014049 0.015889 0.0151888 0.016886 0.0190962 0.0206746 0.0232884 0.0281889 0.0208294 0.0124646 0.0118637 0.0132958 0.0252647 0.0216876 0.012658 0.011809 0.0155908 0.0119424 0.0107294 0.0105958 0.0040538 0.00631142 0.0200045 0.0124117 0.00939174 0.0123709 0.0134573 0.00584749 0.00084418 0.000737977 0.00750135 0.0113368 0.00880796 0.00168405 
0 0.000763701 0.00250202 0.00927111 0.0196162 0.02016 0.0273855 0.026151 0.0241839 0.0204269 0.0252574 0.0330736 0.0262344 0.0265056 0.0205999 0.022845 0.0173869 0.0134211 0.0137242 0.0179165 0.0274477 0.022163 0.0247679 0.0349798 0.0358279 0.0303504 0.0272343 0.0275311 0.0480424 0.0569164 0.0457696 0.0303476 0.0166394 0.0120693 0.0126676 0.0179279 0.0159584 0.0146191 0.0195617 0.0211826 0.0215409 0.0144863 0.0147181 0.0109524 0.0125542 0.0118612 0.0121119 0.0176245 0.0187446 0.0166822 0.0142612 0.0141348 0.0146911 0.0103673 0.0132649 0.0107902 0.00584092 0.00850665 0.0145898 0.00664752 0.011704 0.00858777 0.00174917 0.00254905 0.00190897 0.00253424 0.00875008 0.0133694 0.00689455 
0 0 0.00132815 0.00890009 0.0160737 0.0161444 0.0206667 0.0266151 0.0288629 0.0229614 0.0232745 0.0326408 0.0341609 0.0231763 0.0221209 0.0247834 0.0200081 0.0175886 0.0173407 0.0234917 0.0228995 0.030794 0.0253206 0.032863 0.0366482 0.0476897 0.0402094 0.0321139 0.0563204 0.0851715 0.0668377 0.0425368 0.0173355 0.0131236 0.0134016 0.0175268 0.016883 0.0146096 0.0187931 0.0192336 0.0165645 0.0178451 0.0159333 0.0103132 0.0103271 0.0114026 0.0125166 0.0159659 0.01779 0.0208207 0.019689 0.0169906 0.0137633 0.00812611 0.0114742 0.0136197 0.0130346 0.00953084 0.00741662 0.00903605 0.0102741 0.00570333 0.00195809 0.00295987 0.00200642 0.00280793 0.00664273 0.0127184 0.00582017 
0 0 0.00333302 0.0190062 0.0179985 0.024458 0.0202404 0.0249092 0.026937 0.0243159 0.0172055 0.0173729 0.0189637 0.0207506 0.0254971 0.0199829 0.0207326 0.0231161 0.0210627 0.0284011 0.0195577 0.0215258 0.0284301 0.0357913 0.0376062 0.0491459 0.032673 0.0330958 0.0471747 0.0668795 0.0594446 0.0474296 0.0212339 0.0177425 0.0164053 0.0158357 0.0139282 0.0132443 0.0185625 0.0223264 0.0144699 0.0163027 0.013786 0.0127058 0.0219261 0.0171706 0.016539 0.0181707 0.0146069 0.0199659 0.0233551 0.0168668 0.015093 0.0101627 0.0154295 0.0167509 0.0152584 0.0143483 0.00986888 0.00760423 0.00640497 0.00655733 0.00480055 0.000758277 0.00275781 0.00717532 0.010542 0.0143841 0.00498694 
0 0.00120874 0.0141214 0.0223251 0.0181496 0.0230525 0.0273731 0.0247468 0.0266041 0.0219219 0.0150003 0.017188 0.0242084 0.0264808 0.0297302 0.0283552 0.0241414 0.0243426 0.0217548 0.0315685 0.0180799 0.0233102 0.0291129 0.0433263 0.0388242 0.0317642 0.0291194 0.0299807 0.0384602 0.0546033 0.0349439 0.0391755 0.0219633 0.0162112 0.0117984 0.00946914 0.0110734 0.0119422 0.015017 0.01662 0.013467 0.0130282 0.0142041 0.017239 0.0278239 0.0271713 0.0175684 0.0154957 0.0194134 0.0131428 0.0143362 0.0129591 0.0120816 0.0142193 0.01665 0.0204999 0.0187628 0.0174636 0.0090414 0.00360109 0.00427934 0.0057179 0.00714665 0.00430995 0.0116597 0.0212596 0.0199688 0.0145919 0.00370299 
1.97693e-05 0.00682934 0.0237214 0.0285509 0.0210471 0.0233033 0.0228881 0.0237338 0.0288722 0.0276881 0.0248664 0.0177585 0.0247301 0.0219104 0.0213665 0.0243391 0.0217483 0.0241 0.0305621 0.0407057 0.0302137 0.0217667 0.0254715 0.0387594 0.0337558 0.0214102 0.0160085 0.0335181 0.0313436 0.0515136 0.0407599 0.0267073 0.0348308 0.0248129 0.0152042 0.0151279 0.0106123 0.0109467 0.0106231 0.0126463 0.0136975 0.0129956 0.0164813 0.0289409 0.0332967 0.0346096 0.0200341 0.0161953 0.0199366 0.0163588 0.0117621 0.0106762 0.0116136 0.0148771 0.0153545 0.0138817 0.0121182 0.0118343 0.00753206 0.00149108 0.00164025 0.00154155 0.008072 0.00792848 0.0194971 0.0175748 0.0160773 0.00945965 0.00210017 
7.13031e-05 0.00630948 0.0158546 0.0249471 0.0302649 0.0318435 0.0232505 0.0233195 0.024915 0.0295664 0.0239764 0.020083 0.0204986 0.0185689 0.016577 0.015136 0.0170816 0.0295122 0.0294401 0.0309225 0.0319823 0.0284837 0.0376242 0.0467362 0.0333332 0.0181825 0.0198572 0.0295668 0.0420595 0.0349587 0.0406502 0.0277454 0.0469237 0.0237194 0.0196321 0.0188081 0.0183695 0.0106751 0.0147429 0.0147549 0.0159521 0.0217909 0.0266473 0.0281724 0.0338875 0.0351699 0.0251325 0.0140504 0.0149746 0.0148124 0.0152276 0.0130578 0.0129291 0.0156116 0.0140582 0.00959538 0.0132862 0.0139932 0.00749677 0.000410376 0.000153125 0.00150034 0.00854554 0.0128505 0.0211934 0.0169605 0.0154169 0.0149952 0.00626779 
0.000109752 0.00293321 0.00981986 0.0166715 0.0229409 0.0262437 0.0237408 0.0277132 0.0293609 0.0237168 0.0287141 0.0225497 0.0167319 0.0208318 0.0162741 0.0193064 0.0180534 0.0270151 0.0295214 0.023968 0.0243187 0.0210258 0.0279748 0.0257158 0.0181751 0.0165232 0.0218642 0.0237428 0.0345596 0.0299554 0.0421762 0.027243 0.0380003 0.0222021 0.0233392 0.0328517 0.0259086 0.0195635 0.02075 0.0145188 0.016395 0.0204922 0.0217366 0.0207651 0.0214144 0.0202782 0.0193362 0.00947558 0.0139063 0.017114 0.0177298 0.0176051 0.02154 0.0158362 0.0160324 0.0101057 0.00897585 0.0107083 0.0118077 0.00378237 0.00263852 0.00307572 0.00923309 0.0145555 0.0187239 0.024894 0.0171748 0.00802477 0.0029787 
0.000440381 0.00246524 0.00652833 0.00623138 0.00922999 0.0217247 0.0230633 0.0248497 0.0283234 0.029828 0.0242529 0.0176602 0.012377 0.0194874 0.017351 0.0179935 0.0225708 0.0327272 0.049949 0.0341358 0.0226983 0.0232411 0.0198125 0.0218851 0.0216382 0.0223542 0.0221214 0.0179494 0.0197136 0.0257924 0.0301529 0.0253046 0.0278069 0.024725 0.0254565 0.0304562 0.0432692 0.042434 0.0367622 0.027763 0.0200322 0.0183546 0.0163362 0.0164651 0.0141512 0.0208101 0.0194672 0.0153036 0.0167694 0.0182972 0.0172531 0.0130894 0.0189232 0.0164076 0.0114119 0.0138735 0.0153883 0.0139648 0.0125708 0.0131952 0.0119266 0.00654643 0.0112038 0.0128534 0.0184279 0.0263488 0.0182247 0.00608637 0.00110524 
1.0563e-05 0.00190431 0.00664157 0.00590336 0.00434107 0.0133308 0.0220839 0.0242291 0.023897 0.0228674 0.0185513 0.020845 0.0138343 0.0181749 0.0229259 0.0201877 0.0279174 0.0344634 0.0346745 0.0294018 0.0252863 0.0204445 0.0228463 0.0298388 0.0286394 0.0236711 0.0238439 0.0171261 0.0180234 0.0261892 0.0210938 0.0203513 0.0246677 0.0236699 0.0293492 0.0339137 0.0391878 0.025767 0.0276009 0.0312758 0.0245744 0.0187689 0.0203604 0.0122488 0.014384 0.0188343 0.0148449 0.0304858 0.0354122 0.0246268 0.0227195 0.0167026 0.0139796 0.0129734 0.018296 0.0210916 0.0191767 0.0164609 0.0148594 0.0111656 0.0135355 0.0103262 0.00825003 0.00728073 0.0173963 0.0274259 0.0188156 0.00662808 0.000542354 
0 0.000819064 0.00240733 0.000414419 0.000351488 0.00763091 0.0220035 0.0230844 0.0260369 0.0241067 0.0283792 0.0304459 0.0243781 0.0250254 0.0309799 0.0326671 0.0378975 0.0286038 0.0238102 0.0309534 0.0309697 0.0270248 0.0216477 0.0258571 0.0246442 0.0174341 0.0202383 0.0188479 0.0166913 0.0191698 0.0195358 0.0219166 0.0221732 0.0239637 0.0231849 0.0270902 0.0285844 0.0193413 0.0164204 0.0247354 0.0301961 0.019369 0.0178399 0.0135143 0.0159676 0.0184025 0.0179024 0.0370018 0.0695904 0.045119 0.0225831 0.0136722 0.0141115 0.0175384 0.0302065 0.0294319 0.0257834 0.0194636 0.0160828 0.0104737 0.0128864 0.0102543 0.00720563 0.0102576 0.010852 0.0216711 0.0174075 0.00413652 5.91669e-05 
0 0 4.92427e-05 0.00175017 0.00609834 0.0167411 0.0230845 0.0237303 0.0303999 0.0249706 0.0322229 0.0306027 0.0295972 0.0256574 0.0268327 0.033599 0.042035 0.0228617 0.0216432 0.0263829 0.0294285 0.0287869 0.0271636 0.0168536 0.0135003 0.0147375 0.0166405 0.0181516 0.0172698 0.0172023 0.0220103 0.0221438 0.022722 0.0204465 0.0183074 0.0156125 0.0151379 0.0146823 0.0145475 0.0316208 0.0300847 0.0221664 0.0178776 0.0132289 0.0159809 0.0129392 0.0147705 0.0220554 0.0421193 0.0302829 0.0179299 0.0152928 0.0149456 0.0211664 0.0216889 0.0194117 0.0144635 0.0160431 0.0139925 0.0106042 0.00832691 0.0115767 0.00983949 0.0144097 0.0101298 0.0156885 0.0108834 0.00344645 2.06535e-05 
0 4.52165e-05 0.00161597 0.0114346 0.0195232 0.0339903 0.0250719 0.0262946 0.0320372 0.0326102 0.0292643 0.0342093 0.024519 0.018654 0.0218112 0.028082 0.0337056 0.0303067 0.0287529 0.0248365 0.0228192 0.0260994 0.0338094 0.0227506 0.0196091 0.020843 0.0204471 0.0199085 0.0179595 0.0257169 0.0210192 0.0206695 0.0291893 0.02383 0.0151496 0.0161102 0.0232973 0.0218378 0.0183895 0.0300213 0.02568 0.027187 0.0249482 0.0138593 0.014852 0.0149191 0.0156376 0.019141 0.0182863 0.0148997 0.014107 0.0165665 0.0226298 0.020146 0.0177699 0.0149384 0.0143154 0.0108004 0.0156095 0.0144731 0.0152598 0.0116958 0.00707265 0.0107043 0.00962128 0.0142295 0.0123196 0.0102755 0.000173505 
0 0.00222632 0.00881907 0.0189505 0.0277557 0.031659 0.0228461 0.0144987 0.0208499 0.0284862 0.0278054 0.0264042 0.0238897 0.0193238 0.0226377 0.0345111 0.032145 0.0245987 0.0268401 0.0292292 0.0192574 0.0223375 0.0243005 0.0171902 0.0207796 0.0247915 0.0245454 0.033019 0.0255217 0.0266691 0.0220658 0.0136188 0.0243887 0.0351593 0.0207967 0.0219007 0.022682 0.0221987 0.0256004 0.0369625 0.0307227 0.0207793 0.0220336 0.0210911 0.0177773 0.0206728 0.0161943 0.0163056 0.0143266 0.0134177 0.0190312 0.0228975 0.0223249 0.0246774 0.0166742 0.0126259 0.00774555 0.00777268 0.0145284 0.0134744 0.0139324 0.00963869 0.00764503 0.00900677 0.00804087 0.0131436 0.0175723 0.0128088 0.00306125 
0 0.00416647 0.0161958 0.0194173 0.0284211 0.0340532 0.0293483 0.0213503 0.0269731 0.0305872 0.0235018 0.0232338 0.0237991 0.0267733 0.0313626 0.0250411 0.0288432 0.0287752 0.0287825 0.022814 0.0187707 0.0247356 0.0180201 0.0186943 0.0177179 0.0295563 0.0231656 0.0270175 0.0257846 0.0216913 0.0215257 0.0207428 0.0321626 0.0382446 0.0205532 0.0189254 0.029391 0.0299297 0.0321906 0.0324173 0.0249946 0.0275423 0.0195359 0.0193516 0.0189425 0.0169853 0.018409 0.0169209 0.0115841 0.0139476 0.0158483 0.0224043 0.0284079 0.0236186 0.0140621 0.0151327 0.00821071 0.0107017 0.0137947 0.0092526 0.0107222 0.0142482 0.0155543 0.0130899 0.011777 0.0150398 0.0201806 0.0116701 0.00263004 
0 0.00412401 0.021471 0.0233938 0.0276339 0.0325727 0.0329873 0.0231868 0.0180701 0.0240567 0.0253572 0.022959 0.0295396 0.0349088 0.0391614 0.0256763 0.0296839 0.0299689 0.0291281 0.0206258 0.0212658 0.0175374 0.0180703 0.0173932 0.0192068 0.0217529 0.0175232 0.0172755 0.0163823 0.0208574 0.028924 0.0198265 0.020398 0.0350711 0.0322017 0.0274166 0.0342111 0.0343043 0.0337807 0.0224304 0.0248343 0.03053 0.0267462 0.0272845 0.0219009 0.0159327 0.0179692 0.0139601 0.0180696 0.0173685 0.0147686 0.024672 0.0290662 0.0288457 0.0218687 0.0191047 0.0109263 0.0101307 0.0105337 0.00880626 0.0127456 0.0140046 0.0170957 0.0207332 0.0126908 0.0146793 0.00796762 0.00348054 0.000565935 
0 0.000493258 0.0099902 0.0307525 0.0291382 0.02745 0.0255844 0.0243477 0.0164127 0.0189738 0.0373026 0.0428541 0.0467586 0.0330619 0.0236933 0.0271825 0.0283755 0.0380399 0.028498 0.0262339 0.0213353 0.0189739 0.0185139 0.0207775 0.0241366 0.0235824 0.0189223 0.0148523 0.0147503 0.019786 0.0277646 0.0298143 0.023589 0.0272701 0.0265134 0.031408 0.0365711 0.0375915 0.0289847 0.0209241 0.0260654 0.0244962 0.0327239 0.0413229 0.0268588 0.014958 0.0159379 0.0153259 0.0223579 0.0200578 0.0190253 0.0201434 0.0221259 0.0365792 0.0303333 0.0200757 0.00940787 0.0090317 0.0108163 0.0150696 0.0169104 0.0163786 0.018676 0.0155126 0.00726659 0.0104999 0.00703086 0.0023641 0.000300295 
0 0 0.00799973 0.0306761 0.0233345 0.0249601 0.0274433 0.0248421 0.0212527 0.0217467 0.0317241 0.0365375 0.0380687 0.0371897 0.0258579 0.0207741 0.0249814 0.024903 0.0251104 0.0210729 0.0194644 0.0212193 0.0208467 0.0192015 0.0169754 0.024239 0.021265 0.017246 0.0185101 0.016484 0.0186661 0.0228583 0.0236162 0.022573 0.0245263 0.0236627 0.0292872 0.031728 0.0348686 0.0262565 0.0337864 0.020231 0.0263268 0.0286655 0.0197857 0.017426 0.014038 0.0201119 0.0290682 0.0205468 0.0177436 0.0170955 0.0227645 0.0301332 0.0265472 0.0153129 0.015178 0.0102837 0.0126669 0.015578 0.0149261 0.0176816 0.0110949 0.00536099 0.00370247 0.00381447 0.00555024 0.00266427 6.28042e-05 
0 0 0.0044779 0.0245638 0.0308047 0.031424 0.0282385 0.024514 0.0264703 0.0260664 0.0249181 0.0328926 0.0338137 0.0341446 0.0189252 0.0224002 0.0239801 0.0228052 0.0214903 0.01992 0.0258981 0.0271286 0.0200667 0.0229674 0.0255975 0.0241824 0.0256582 0.0313974 0.0310284 0.0210197 0.0195625 0.0300015 0.0240691 0.0248293 0.0237955 0.0249417 0.029708 0.0338688 0.029621 0.0219207 0.0181972 0.012028 0.0244015 0.0219418 0.0202819 0.0186915 0.0189609 0.0272456 0.0396063 0.0275476 0.0202567 0.0121042 0.0103719 0.0149311 0.0135298 0.00944762 0.00933601 0.00777904 0.0107103 0.0118585 0.0144072 0.0133521 0.0104557 0.00734146 0.0023798 0.00189792 0.0033897 0.00146746 0 
0 0 0.00125185 0.0195728 0.0318787 0.0281574 0.0333729 0.0238093 0.0242721 0.0225819 0.0301815 0.0322398 0.0240687 0.0271605 0.0280311 0.0214101 0.0178835 0.0245032 0.02989 0.0253995 0.0263743 0.0227498 0.0202367 0.030568 0.0382851 0.022635 0.0228144 0.0267892 0.027473 0.0247793 0.0205045 0.0211941 0.0218259 0.0255313 0.0332346 0.0283757 0.0252225 0.020074 0.0193501 0.0146193 0.0130366 0.0157685 0.0201366 0.024426 0.0262075 0.0305488 0.0223074 0.023617 0.0255906 0.0214507 0.0245873 0.0195818 0.0121221 0.0130748 0.0117986 0.0135676 0.0124066 0.0107324 0.0103038 0.0122435 0.00983128 0.0108112 0.0133854 0.0110539 0.00670855 0.00113165 0.000257735 6.46523e-05 0 
0 0 0.000145033 0.00632786 0.0205331 0.0290255 0.0334109 0.0276955 0.0268805 0.0292412 0.0351576 0.0337495 0.029986 0.0305124 0.0204634 0.0213177 0.0190735 0.019859 0.0255158 0.0289294 0.0290503 0.0266503 0.0234027 0.0257176 0.0312596 0.0207882 0.0193622 0.0201935 0.020844 0.0253674 0.0215801 0.0214542 0.0192138 0.0274976 0.0302088 0.0344276 0.0211991 0.017908 0.0174898 0.0122533 0.0192211 0.0216669 0.0257741 0.025403 0.0213896 0.0277591 0.0327075 0.0279859 0.0229843 0.020612 0.0225848 0.0227264 0.0185749 0.0143427 0.0181278 0.0255604 0.0193503 0.0129315 0.0128017 0.0154043 0.0159394 0.0157109 0.0135945 0.0137651 0.013754 0.00731211 5.54878e-05 0 0 
0 0 0 0.000951302 0.0121854 0.0215804 0.0254137 0.0266265 0.0288021 0.032134 0.0337818 0.0308227 0.0224098 0.0176161 0.0243895 0.022136 0.0254333 0.0251982 0.0266855 0.0209408 0.0172802 0.0175201 0.0169394 0.0220064 0.0178373 0.0198856 0.019009 0.0195799 0.0262624 0.0290122 0.0236286 0.0196494 0.019657 0.023709 0.0230554 0.018636 0.016842 0.0246994 0.0205199 0.0259238 0.0235797 0.019814 0.0252049 0.0176203 0.0243632 0.0412274 0.0425763 0.0404602 0.027147 0.0252489 0.022118 0.0230735 0.016979 0.018233 0.0249834 0.0261707 0.0225481 0.0124902 0.017398 0.017073 0.0132201 0.00976779 0.0152597 0.0129019 0.00991349 0.00206203 1.03285e-05 0 0 
0 0 0 4.23108e-05 0.0092162 0.0273717 0.0325754 0.03563 0.0405901 0.0347642 0.0278974 0.0297033 0.0240372 0.0209997 0.0245927 0.0273287 0.0154842 0.0118056 0.0101963 0.0119726 0.0139586 0.0197878 0.0188762 0.0190132 0.0195574 0.0165421 0.0220548 0.0180077 0.0278405 0.0277294 0.0234502 0.0147785 0.0163022 0.0175006 0.0124598 0.0161914 0.0195417 0.0217338 0.0173983 0.025556 0.0232384 0.0213627 0.022344 0.0177333 0.0198072 0.0299191 0.0316094 0.0288109 0.0175059 0.0188907 0.0197473 0.0250743 0.0276801 0.0224273 0.0256497 0.0197691 0.0226208 0.0176793 0.0157394 0.0174005 0.0137221 0.00913313 0.00897041 0.00963652 0.00144403 3.61416e-05 0 0 0 
0 0 0 0 0.00531355 0.0289679 0.0379486 0.0327046 0.0290075 0.0176697 0.0219125 0.0279926 0.0207256 0.0185496 0.0210557 0.0215182 0.00900995 0.00353899 0.00869531 0.0132721 0.0160697 0.0207002 0.0249562 0.0227956 0.0255386 0.016383 0.0199624 0.0199204 0.0184711 0.0286568 0.0221545 0.0168062 0.0171691 0.0140812 0.0110812 0.0136529 0.0168484 0.0186901 0.0206642 0.0228736 0.0244783 0.025764 0.0257937 0.0192367 0.0174791 0.0127663 0.0161633 0.0139837 0.0129749 0.0201467 0.0199708 0.0272522 0.0345726 0.0181843 0.021186 0.0223872 0.0304515 0.023022 0.0146021 0.0134395 0.0107086 0.0111881 0.00984923 0.00657336 0.000886635 0 0 0 0 
0 0 0 0 0.000777899 0.0118206 0.0277764 0.0285603 0.025562 0.0172832 0.0188742 0.0279677 0.0240908 0.0215664 0.0214352 0.0186516 0.0200779 0.0124593 0.0147531 0.0205185 0.0206664 0.0260456 0.0218893 0.0227185 0.0156346 0.00834035 0.0133928 0.0174302 0.0158739 0.0187328 0.0224849 0.017138 0.0143554 0.0180361 0.0159345 0.0174145 0.0207733 0.0272257 0.0215407 0.0279499 0.027122 0.0252407 0.0257651 0.0198644 0.0171192 0.0196727 0.0198162 0.0161346 0.0169173 0.0183614 0.0206426 0.0302244 0.0242541 0.0235709 0.0251828 0.0202915 0.0167944 0.0306555 0.0197462 0.00783191 0.00836535 0.00553785 0.00659416 0.00504587 0.00146547 0 0 0 0 
0 0 0 0 0 0.000693429 0.00602857 0.0213358 0.0274599 0.0182814 0.0194231 0.0200012 0.0215294 0.034089 0.0333615 0.0175965 0.0158299 0.0156537 0.0178663 0.0185938 0.0225015 0.0244727 0.0266688 0.0305579 0.0199789 0.0149406 0.0188268 0.0211612 0.0162821 0.020696 0.0219209 0.0174854 0.0183496 0.0232026 0.0153843 0.0262885 0.0238154 0.0373444 0.0656999 0.0434863 0.0318709 0.026825 0.0254941 0.0170658 0.0165491 0.0131636 0.0216719 0.018208 0.0117271 0.0152186 0.01013 0.00961724 0.0130213 0.0167628 0.0263246 0.0232187 0.0175253 0.0199196 0.0213548 0.012059 0.00929937 0.0117106 0.0106895 0.00978752 0.00148927 0 0 0 0 
0 0 0 0 0 0 0.00246502 0.0187476 0.0313697 0.0238752 0.014271 0.0149482 0.0223168 0.0455021 0.0459417 0.0190475 0.0105225 0.0136016 0.0225446 0.0282503 0.0194051 0.0226459 0.0279743 0.03159 0.0238394 0.022274 0.0222807 0.0203503 0.0243504 0.0198993 0.0286136 0.0252485 0.0283999 0.0262581 0.0166106 0.0169212 0.0205589 0.0392674 0.0664528 0.0365179 0.0257744 0.0212036 0.0198735 0.0216878 0.0205925 0.0122051 0.0148074 0.0169043 0.0124573 0.0152998 0.0133479 0.0152506 0.0160124 0.0183711 0.0244467 0.0325664 0.0255848 0.0189275 0.0192167 0.0222237 0.0130323 0.0127463 0.00765905 0.00176441 0.000103596 0 0 0 0 
0 0 0 0 0 0 0.00034897 0.00542419 0.0199896 0.0247544 0.0149745 0.0123969 0.0254324 0.0343327 0.0286608 0.0155289 0.0103674 0.0102598 0.0195209 0.0265256 0.0207242 0.0195481 0.0249303 0.0411814 0.0619243 0.0304343 0.0208087 0.0184098 0.020875 0.0176207 0.0261194 0.0351396 0.0287658 0.0248116 0.0265096 0.0213459 0.0200969 0.0221118 0.0314559 0.0278663 0.0255571 0.0208669 0.0229347 0.0240894 0.0228727 0.019239 0.0143678 0.0191701 0.0136599 0.0168752 0.0150867 0.012218 0.017336 0.0209981 0.0253594 0.0376036 0.031223 0.0282326 0.0198537 0.0148845 0.00619454 0.00380312 0.00289531 9.6463e-05 0 0 0 0 0 
0 0 0 0 0 0 0 0.000349739 0.0102692 0.0214792 0.0156935 0.0206016 0.0387727 0.0479173 0.0214907 0.0114453 0.0101971 0.0107848 0.0147725 0.0196027 0.0201884 0.0251768 0.0237644 0.0334733 0.0788491 0.0322221 0.0228816 0.015004 0.0114696 0.0117761 0.020132 0.0277126 0.0208864 0.0222017 0.0295287 0.022009 0.0158897 0.0139816 0.0217735 0.027098 0.0306243 0.0222682 0.0199219 0.0239873 0.0277782 0.0229902 0.0270298 0.0267424 0.0253078 0.0213158 0.0138289 0.0137199 0.016265 0.0174024 0.0213212 0.0259799 0.0287318 0.0435026 0.0337259 0.0157383 0.00421196 0.00187471 0.000317228 0 0 0 0 0 0 
0 0 0 0 0 0 0 3.72467e-05 0.0020891 0.00959184 0.0182526 0.0341629 0.0462745 0.0556193 0.0223426 0.0147797 0.00907764 0.00731964 0.00794128 0.0241011 0.0265692 0.0262463 0.0242753 0.0250495 0.0282491 0.0269897 0.0252413 0.00885161 0.00812033 0.013632 0.0243512 0.0240349 0.0168347 0.0166786 0.0316069 0.0365364 0.0216485 0.0112196 0.0236191 0.0341113 0.0326985 0.0185806 0.0154647 0.0150421 0.0203412 0.0234214 0.0328474 0.025288 0.0241344 0.020829 0.0178005 0.0136276 0.0171675 0.0155491 0.0175352 0.0175101 0.0273444 0.0315238 0.0281803 0.0130446 0.00463628 0.000524907 4.61071e-06 0 0 0 0 0 0 
0 0 0 0 0 0 0 0 0.000185555 0.0034857 0.0160818 0.022669 0.0339015 0.0363344 0.0136722 0.0075978 0.00194013 0.00172605 0.009316 0.0249056 0.0353917 0.0257495 0.0228869 0.0221733 0.02376 0.0246629 0.0183176 0.00460322 0.00776186 0.0165371 0.0275105 0.0227243 0.0158799 0.0212565 0.0273065 0.0391313 0.0277456 0.0150441 0.0233338 0.0207741 0.01831 0.0119322 0.0111786 0.012388 0.012914 0.0197601 0.0223456 0.0191215 0.0151187 0.0117391 0.013357 0.0119931 0.0178269 0.017206 0.0136336 0.0114289 0.0215041 0.0216281 0.0315199 0.0130616 0.00130589 0 0 0 0 0 0 0 0 
0 0 0 0 0 0 0 0 0 5.60747e-06 0.00425489 0.0118051 0.0109249 0.0108391 0.0132549 0.00873167 0.000986625 0.00498308 0.015514 0.0242873 0.029175 0.0211086 0.0270122 0.0251447 0.0264807 0.0201364 0.0084541 0.00658585 0.0120582 0.0198297 0.0254542 0.0185199 0.0208114 0.0301819 0.0266352 0.0316388 0.023238 0.0105692 0.0084658 0.00830591 0.0045508 0.00570424 0.00978473 0.0162004 0.0166277 0.0158652 0.0182349 0.0140176 0.0135745 0.0129989 0.0179261 0.0206769 0.02522 0.0187408 0.0154216 0.0141223 0.0241419 0.0235549 0.0288115 0.00929057 0.000141394 0 0 0 0 0 0 0 0 
0 0 0 0 0 0 0 0 0 0 0.000603383 0.00330924 0.00411571 0.00454832 0.0105156 0.00392424 0.00138002 0.0115789 0.0171619 0.0200834 0.0221944 0.0215752 0.0187971 0.0246887 0.0266911 0.0262389 0.0137008 0.0107674 0.0158162 0.0235643 0.0207117 0.0140037 0.0173136 0.0340313 0.0248671 0.0180198 0.0136739 0.0108114 0.00203018 0.00595913 0.0119346 0.0136884 0.0127234 0.0175024 0.0162118 0.0171681 0.0154434 0.0127929 0.0197147 0.0209003 0.0237263 0.0213786 0.0242945 0.0232221 0.0195788 0.0227959 0.0184852 0.0163984 0.00766619 0.00103815 0 0 0 0 0 0 0 0 0 
0 0 0 0 0 0 0 0 0 0 0 1.38551e-05 0.00113398 0.00167823 0.00107738 0.000131346 0.00333037 0.0149408 0.0208524 0.0168266 0.0212625 0.0243371 0.0229731 0.0273616 0.0238501 0.030241 0.01698 0.0165995 0.0138861 0.0114274 0.00848331 0.00726739 0.0130115 0.0164801 0.0173483 0.0182504 0.014892 0.0127424 0.00375312 0.00728152 0.016401 0.0185676 0.0188028 0.0222919 0.0245579 0.022516 0.0158005 0.0186338 0.0274448 0.0283032 0.027883 0.0203558 0.0172192 0.0187587 0.0195926 0.0140325 0.00685354 0.00336259 0.000487923 0 0 0 0 0 0 0 0 0 0 
0 0 0 0 0 0 0 0 0 0 0 0 0 0 0 0 0.00245806 0.0124836 0.0224276 0.0212928 0.0191345 0.0260214 0.0237126 0.01856 0.0176318 0.0234967 0.0138613 0.0158248 0.0158308 0.0140998 0.00771495 0.00720166 0.00889784 0.0105707 0.0126803 0.0182282 0.0113435 0.0115561 0.0104207 0.00769016 0.0127841 0.0220344 0.0232365 0.0216012 0.0227279 0.023299 0.0192823 0.0201462 0.0288192 0.0261299 0.0254839 0.0206703 0.0211138 0.0162095 0.00921202 0.00766331 0.00203642 7.16114e-05 0 0 0 0 0 0 0 0 0 0 0 
0 0 0 0 0 0 0 0 0 0 0 0 0 0 0 0 0.000684737 0.0105811 0.0373417 0.0332607 0.0291155 0.0233961 0.0214253 0.022498 0.0242598 0.0262772 0.0178955 0.0153112 0.0197845 0.0202877 0.0134054 0.00981919 0.0111993 0.0108059 0.0147245 0.0294185 0.0230284 0.00743985 0.018149 0.0187855 0.00984988 0.0142101 0.0184709 0.0162105 0.0178144 0.0127098 0.0131527 0.0141436 0.0145176 0.0131848 0.0123257 0.0132284 0.0139961 0.00864526 0.00500904 0.00126277 2.27748e-05 0 0 0 0 0 0 0 0 0 0 0 0 
0 0 0 0 0 0 0 0 0 0 0 0 0 0 0 0 0.000116161 0.00576049 0.0233381 0.0337114 0.0312046 0.0231728 0.0241833 0.0215649 0.0188365 0.0230819 0.0188342 0.0136999 0.0215482 0.0221193 0.0196425 0.0191427 0.0109934 0.00891169 0.0142518 0.0188404 0.0111701 0.00125878 0.00825809 0.0135432 0.0124926 0.00689 0.0216064 0.0256712 0.0203866 0.0271001 0.0190728 0.0124012 0.00515788 0.0102027 0.0051221 0.0048793 0.00662307 0.00277511 0.000348504 0 0 0 0 0 0 0 0 0 0 0 0 0 0 
0 0 0 0 0 0 0 0 0 0 0 0 0 0 0 0 3.53396e-05 0.00139169 0.00666575 0.0134884 0.0124327 0.0180581 0.0259085 0.0175638 0.0149036 0.0209832 0.0252399 0.0187561 0.0187116 0.0246685 0.0293122 0.0292838 0.0213414 0.0186732 0.0194049 0.0178235 0.0094102 0.00294929 0.00206303 0.0122804 0.0135006 0.00899593 0.0143886 0.0260929 0.0328054 0.0306111 0.0159704 0.00386612 0.000778293 0.00202889 0.00144778 0.000958036 0.000766852 0.000186446 0 0 0 0 0 0 0 0 0 0 0 0 0 0 0 
0 0 0 0 0 0 0 0 0 0 0 0 0 0 0 0 0 0 0.00024364 0.00149382 0.00402272 0.00625604 0.0153666 0.00996676 0.0135732 0.0197849 0.0329448 0.0277986 0.0230999 0.0323758 0.0292818 0.0284741 0.0344829 0.0398728 0.0258991 0.0180657 0.0129706 0.0018641 0.00178942 0.00808244 0.0155492 0.0151733 0.00724609 0.0120254 0.0221396 0.0156144 0.00164698 0.000324681 0.00011009 9.09302e-05 0 0 0 0 0 0 0 0 0 0 0 0 0 0 0 0 0 0 0 
0 0 0 0 0 0 0 0 0 0 0 0 0 0 0 0 0 0 0 0 0.000151976 0.000531452 0.00352615 0.00679792 0.0106127 0.0231236 0.0240372 0.0238559 0.0223454 0.0239393 0.0259924 0.027853 0.0378734 0.0539309 0.0576874 0.0296482 0.00629819 0.000616216 0.00113719 0.00386569 0.0093221 0.00560254 0.00250927 0.0033664 0.00521413 0.00243624 3.12506e-05 0 0 0 0 0 0 0 0 0 0 0 0 0 0 0 0 0 0 0 0 0 0 
0 0 0 0 0 0 0 0 0 0 0 0 0 0 0 0 0 0 0 0 0 0 0.000111707 0.00103419 0.00354479 0.00708855 0.00643773 0.00915679 0.0112701 0.0156796 0.0195179 0.0146818 0.0183114 0.0374817 0.0581926 0.0389293 0.00278084 9.47361e-05 0.000389589 0.00333413 0.0044244 0.00637754 0.00230778 8.41225e-05 0.000165323 1.54833e-05 0 0 0 0 0 0 0 0 0 0 0 0 0 0 0 0 0 0 0 0 0 0 0 
0 0 0 0 0 0 0 0 0 0 0 0 0 0 0 0 0 0 0 0 0 0 0 0 2.98571e-06 0.000117679 0.00101663 0.00130562 0.00125911 0.00318859 0.00682482 0.00371228 0.00262641 0.00635771 0.0113182 0.00806318 0.000747709 0 0 8.67492e-05 0.00176802 0.00353479 0.000601957 0 0 0 0 0 0 0 0 0 0 0 0 0 0 0 0 0 0 0 0 0 0 0 0 0 0 

