0 0 0 0 0 0 0 0 0 0 0 0 0 0 0 0 0 0 0 0 0 0 0 0 0 0 0 0 0 0 0 0 0 2.73515e-05 2.56478e-05 0 0 0 0 1.43745e-05 1.43221e-06 0 0 0 0 0 0 0 0 0 0 0 0 0 0 0 0 0 0 0 0 0 0 0 0 0 0 0 0 
0 0 0 0 0 0 0 0 0 0 0 0 0 0 0 0 0 0 0 0 0 0 0 0 0 0.000299886 0.000498468 0.00152079 0.00206442 0.00243393 0.00196211 0.000536233 0.00178705 0.00547378 0.00658389 0.0016553 2.85625e-05 6.21976e-06 0.000893491 0.00291148 0.0017818 7.58512e-05 0.00026543 0 0 0 0 0 0 0 0 0 0 0 0 0 0 0 0 0 0 0 0 0 0 0 0 0 0 
0 0 0 0 0 0 0 0 0 0 0 0 0 0 0 0 0 0 0 0 0 0 2.19429e-06 0.000336016 0.0038 0.007686 0.0128073 0.012903 0.00719379 0.00653675 0.0081398 0.00655283 0.0150977 0.0171055 0.0181834 0.0121229 0.000935139 0.00278473 0.0068786 0.00266662 0.00290411 0.00226243 0.00357456 0.00121843 0.0017229 0.000335572 0.000159013 1.43572e-07 0 0 0 0 0 0 0 0 0 0 0 0 0 0 0 0 0 0 0 0 0 
0 0 0 0 0 0 0 0 0 0 0 0 0 0 0 0 0 0 0 0 0 0 0.000686708 0.0035175 0.0115288 0.0222433 0.030755 0.0294169 0.0181362 0.0106876 0.0179144 0.0149323 0.0235163 0.0187363 0.0216655 0.0186527 0.00998381 0.00627142 0.00580396 0.00479149 0.0046419 0.00218151 0.0061484 0.00950085 0.0117837 0.00272036 0.00287853 0.00034544 3.75068e-05 0 0 0 0 0 0 0 0 0 0 0 0 0 0 0 0 0 0 0 0 
0 0 0 0 0 0 0 0 0 0 0 0 0 0 0 0 0 0 0 0 0.000876853 0.00112531 0.00395355 0.0128101 0.0150461 0.028185 0.0328575 0.0228236 0.0194522 0.0163425 0.021215 0.0186771 0.0169054 0.0222543 0.0205994 0.0213255 0.0222397 0.012485 0.0106221 0.0176521 0.0174253 0.00501208 0.00456078 0.0118408 0.0132596 0.0113149 0.0127839 0.00719947 0.00191512 0.000134742 0.000292181 0 0 0 0 0 0 0 0 0 0 0 0 0 0 0 0 0 0 
0 0 0 0 0 0 0 0 0 0 0 0 0 0 0 0 3.85084e-06 0.0001175 0.00109045 7.24821e-05 0.00120015 0.00169819 0.00341899 0.0135193 0.0242511 0.0319089 0.0293237 0.0223323 0.0201917 0.0220448 0.0282871 0.0264199 0.0343652 0.0381204 0.0350429 0.0221642 0.0249915 0.0165116 0.0110505 0.00850764 0.0111581 0.00336985 0.00983771 0.0142979 0.0150586 0.0131819 0.0117213 0.0180008 0.00857439 0.00204403 0.00311971 0.00131634 0.000104601 0 0 0 0 0 0 0 0 0 0 0 0 0 0 0 0 
0 0 0 0 0 0 0 0 0 0 0 0 0 0 8.20498e-06 0.000931493 0.00687026 0.00897998 0.00922577 0.00635145 0.00392646 0.00200759 0.00463041 0.0114108 0.0250914 0.0314112 0.0259096 0.0238066 0.0213465 0.0253338 0.0255614 0.0306758 0.0363067 0.030221 0.0362477 0.0298132 0.0234891 0.0184818 0.0218718 0.012049 0.00655869 0.0121722 0.0196655 0.0146817 0.0152508 0.0198991 0.0114475 0.00845914 0.0143676 0.00914029 0.00831466 0.0100811 0.00307954 9.66284e-05 0 0 0 0 0 0 0 0 0 0 0 0 0 0 0 
0 0 0 0 0 0 0 0 0 0 0 0 0 0.000131431 0.00428886 0.0175347 0.0311722 0.0240834 0.0166014 0.018786 0.0171166 0.0165892 0.0179462 0.024884 0.0299929 0.0227198 0.0198174 0.0197962 0.0203061 0.0225693 0.0248586 0.0302502 0.0306492 0.0272433 0.0299354 0.0216028 0.0166085 0.0172285 0.025342 0.0182758 0.00991168 0.0205122 0.0382196 0.0189879 0.0147352 0.0193179 0.0111087 0.0121273 0.0201357 0.0137904 0.0118314 0.0186651 0.016567 0.00214537 0 0 0 0 0 0 0 0 0 0 0 0 0 0 0 
0 0 0 0 0 0 0 0 0 0 0 0 4.22302e-05 0.0031749 0.0181317 0.0354048 0.0337008 0.023809 0.0174131 0.0233255 0.0223088 0.0260398 0.0318855 0.0302909 0.0282865 0.0226226 0.0226966 0.0216368 0.0216691 0.0216629 0.0304452 0.0248646 0.0223709 0.020359 0.0299813 0.0231839 0.0216973 0.0156912 0.0180811 0.0132874 0.0157667 0.0282256 0.0331836 0.0226821 0.0119553 0.0179852 0.0215129 0.0191481 0.0176794 0.0107336 0.00804489 0.0219566 0.0175413 0.00417886 0.00239919 0.00268488 0.0020186 0.000265293 0 0 0 0 0 0 0 0 0 0 0 
0 0 0 0 0 0 0 0 0 0 0 0 0.00106209 0.0157198 0.0263053 0.0325534 0.0276084 0.0234533 0.0203285 0.0204723 0.0222059 0.0230501 0.0246722 0.0212284 0.0185042 0.0231011 0.0293852 0.0271201 0.0293097 0.0263055 0.0244429 0.024628 0.028755 0.0267979 0.0263972 0.0249193 0.0209309 0.0220949 0.0195699 0.0180879 0.019798 0.0283043 0.0246126 0.0175959 0.0132546 0.0153537 0.0117107 0.0097264 0.00952952 0.0122942 0.0136898 0.0192448 0.0231688 0.0125022 0.0124675 0.0131644 0.00463086 0.00386388 0.000691891 0 0 0 0 0 0 0 0 0 0 
0 0 0 0 0 0 0 0 0 0 0 0 0.000723727 0.0139304 0.0161783 0.0232192 0.0273756 0.0242425 0.0269971 0.022145 0.0242045 0.0227775 0.0247402 0.0267438 0.0332451 0.0264124 0.0278161 0.0299675 0.019884 0.021325 0.0211225 0.0303848 0.0391158 0.0379846 0.0297249 0.0263769 0.0258562 0.02165 0.028746 0.0237178 0.0216435 0.0213906 0.0201397 0.0158901 0.0119145 0.017217 0.00952498 0.0117419 0.0154667 0.0240455 0.0195169 0.0176187 0.0285839 0.0240101 0.0401668 0.027886 0.0140493 0.00912905 0.00448714 0.000279934 0 0 0 0 0 0 0 0 0 
0 0 0 0 0 0 0 0 0 0.000382708 0.00141673 0.00134324 0.000436498 0.0016257 0.0105914 0.0240478 0.0207898 0.0254763 0.0287487 0.0269539 0.0228697 0.025751 0.0256119 0.0257998 0.0377794 0.03373 0.0271429 0.0289152 0.0226212 0.020165 0.0277727 0.0342846 0.0438834 0.0411586 0.0288386 0.0261696 0.0212183 0.0264463 0.0285767 0.0176734 0.0143979 0.0169596 0.012703 0.00678615 0.0122254 0.0173813 0.0156527 0.0159234 0.0202763 0.0220452 0.0138639 0.0110761 0.0197526 0.0182637 0.0184702 0.0158784 0.0142557 0.0142809 0.0104767 0.00308481 5.02733e-05 0 0 0 0 0 0 0 0 
0 0 0 0 0 0 0 0 0.000134508 0.00637576 0.0111381 0.0109244 0.00704909 0.00518519 0.0105368 0.0202186 0.0217517 0.0299116 0.0295586 0.0312486 0.0308637 0.0283159 0.0288649 0.0309115 0.0302656 0.0294043 0.0222988 0.0272269 0.0270268 0.0311198 0.0303166 0.03838 0.0351948 0.03632 0.0287527 0.0238647 0.0199011 0.0301874 0.0244049 0.0187527 0.0135398 0.0114389 0.00834797 0.0060817 0.0187387 0.0209591 0.0229254 0.0214053 0.0160803 0.0134959 0.00753273 0.00832882 0.0113574 0.0128127 0.00751271 0.00674668 0.0123325 0.0145417 0.0140065 0.00658803 0.000226616 0 0 0 0 0 0 0 0 
0 0 0 0 0 0 0 0 0.00124374 0.0131037 0.0211462 0.0192623 0.0175072 0.0150032 0.015411 0.0232328 0.0225841 0.0278413 0.0310377 0.0299694 0.0285019 0.0245949 0.0283125 0.0266967 0.0311878 0.0262012 0.0232657 0.0281446 0.0274548 0.030977 0.0386245 0.0312255 0.0267665 0.0304584 0.0315156 0.0229466 0.0221459 0.028202 0.0221266 0.015522 0.0166263 0.0111914 0.011228 0.0135405 0.0156254 0.0222824 0.0278193 0.0196501 0.0119283 0.0133747 0.0104131 0.00601064 0.00563074 0.00998147 0.00500365 0.00597111 0.0118048 0.0235312 0.0136666 0.00765076 0.00729861 0.00183945 5.01642e-05 0 0 0 0 0 0 
0 0 0 0 0 0 0 6.45772e-06 0.0069713 0.0237595 0.0157003 0.0151525 0.0247108 0.0281529 0.0230915 0.0249633 0.0188697 0.0283128 0.033726 0.030489 0.0280672 0.0267828 0.0249435 0.0277666 0.027837 0.0289977 0.0291171 0.0333812 0.0310621 0.0335696 0.03825 0.0301494 0.02164 0.0161386 0.0197538 0.0249793 0.0296785 0.0286933 0.0211517 0.0169386 0.0171705 0.0133741 0.0125167 0.0158661 0.0142889 0.0207632 0.0280016 0.0295567 0.0154246 0.00874436 0.0110729 0.0105394 0.00448281 0.00481565 0.0073147 0.00477309 0.00712472 0.0200446 0.0209162 0.016641 0.0209792 0.0108204 0.00173987 1.32778e-06 0 0 0 0 0 
0 0 0 0 0 0 0 0.000285048 0.00922373 0.0228061 0.0142392 0.0128849 0.0257982 0.030582 0.0310043 0.0298206 0.0261315 0.022549 0.0244968 0.0223959 0.0279957 0.0254017 0.0262257 0.0286418 0.0224859 0.0238748 0.0236952 0.036013 0.0314103 0.0302725 0.0227455 0.0184821 0.0173314 0.0138414 0.0202515 0.024247 0.0237293 0.0270603 0.0272355 0.0253649 0.0224479 0.0113494 0.0114734 0.0158143 0.017135 0.0187531 0.0193091 0.023734 0.0157516 0.00598506 0.0117031 0.0135342 0.00609869 0.00480531 0.00768609 0.00763766 0.00629116 0.0137542 0.0204552 0.040808 0.0455495 0.0194539 0.0120978 0.000987419 0 0 0 0 0 
0 0 0 0 0 0 0 0.00316514 0.0135352 0.0304002 0.014439 0.00861411 0.0177184 0.0252991 0.0289691 0.0323065 0.0303712 0.0238764 0.022549 0.0250552 0.0282311 0.0267963 0.0276559 0.0295003 0.0244742 0.0258246 0.0253563 0.0408238 0.0359993 0.024304 0.0210225 0.0196384 0.0156567 0.0180555 0.0277421 0.0328094 0.0244375 0.0274422 0.024327 0.0212467 0.0235958 0.0181616 0.0128036 0.0122692 0.0185987 0.0198209 0.0197203 0.022218 0.0169015 0.00699394 0.00832657 0.0115379 0.00898036 0.0115218 0.00631556 0.00728915 0.00791774 0.0147675 0.0219713 0.0474973 0.055781 0.0162653 0.0166257 0.00478762 0 0 0 0 0 
0 0 0 0 0 3.69652e-06 0.000211403 0.00694768 0.0180011 0.0233759 0.0124048 0.00677106 0.0103107 0.0107119 0.0233766 0.0280068 0.0261685 0.0204483 0.0185072 0.0169399 0.0222891 0.0202776 0.0173962 0.0274321 0.0240596 0.0269308 0.0243021 0.0286338 0.0292561 0.0314129 0.0311838 0.0295237 0.0255942 0.0273514 0.02981 0.0384028 0.026244 0.0206247 0.02504 0.0276416 0.0224381 0.0209821 0.0148365 0.0151726 0.0124296 0.0145128 0.0137668 0.0114082 0.0190094 0.0112184 0.0116021 0.0168511 0.0135026 0.0140913 0.005935 0.00559211 0.00955073 0.014683 0.0182873 0.0193542 0.0179962 0.00887501 0.0107171 0.00787483 0.000930365 0 0 0 0 
0 0 0 0 0 0.00106699 0.0043593 0.01217 0.0199866 0.0172855 0.0082855 0.0080686 0.0180693 0.0073485 0.0121949 0.0278609 0.0241787 0.0202179 0.0214432 0.0182924 0.0224687 0.0202264 0.0195929 0.0208415 0.0206564 0.0253805 0.0252155 0.0213091 0.0218802 0.0260837 0.0294969 0.033353 0.0264068 0.0338083 0.0332659 0.029054 0.029378 0.0275615 0.0232129 0.0223404 0.0278944 0.0236639 0.0235298 0.0212115 0.0154931 0.00881568 0.0049613 0.00769946 0.0155284 0.0168813 0.0107004 0.0186883 0.0164673 0.00897435 0.00716483 0.0110992 0.012658 0.00653023 0.00855393 0.0095834 0.00941935 0.00932655 0.00916835 0.0150047 0.00334577 0 0 0 0 
0 0 0 0 0 0.00138619 0.00637993 0.0075516 0.0127566 0.0144586 0.0108493 0.012628 0.0138462 0.00503385 0.00929876 0.0248333 0.0201074 0.0196802 0.0171424 0.0157511 0.0224026 0.0197641 0.0221144 0.0267228 0.0213654 0.0236895 0.0209342 0.0221789 0.0273499 0.0312407 0.0281649 0.0247352 0.021359 0.023607 0.0247759 0.0254618 0.0213265 0.0210352 0.0164644 0.0198604 0.0255292 0.0273249 0.0275548 0.0219188 0.0175137 0.00867994 0.00541026 0.00530545 0.00950949 0.0124523 0.00900312 0.0114188 0.0144253 0.0130506 0.0129797 0.0510168 0.0403879 0.00878588 0.0123148 0.0143377 0.0117785 0.0129084 0.0123659 0.0158042 0.00453286 0.000235645 0 0 0 
0 0 0 0 0.000467965 0.00361222 0.00671476 0.00495783 0.00954621 0.014678 0.0147526 0.0127536 0.0121755 0.0108918 0.0151412 0.02776 0.0254246 0.0257472 0.0196269 0.0150863 0.0242506 0.0319317 0.0341293 0.033394 0.0257026 0.0239083 0.026549 0.0234273 0.0290898 0.0285328 0.0222912 0.0197153 0.0189862 0.017912 0.0151977 0.0159679 0.0188198 0.0210406 0.0189063 0.0261947 0.0289396 0.0285901 0.029397 0.0250183 0.0234894 0.0169077 0.00943777 0.00429621 0.00493765 0.0083982 0.00944571 0.0134725 0.0193411 0.0178217 0.017032 0.0487302 0.0525341 0.0164462 0.00802185 0.00913139 0.0145158 0.0192458 0.0157336 0.00855832 0.00315538 0.000384161 0 0 0 
0 0 0 0.000461332 0.00670583 0.0129994 0.0150969 0.0130151 0.0124948 0.0178156 0.0193479 0.0215257 0.0202039 0.0165026 0.0186827 0.0249764 0.0288179 0.0368734 0.0254767 0.0230887 0.0237875 0.032487 0.030157 0.0310151 0.0230966 0.0174721 0.0214586 0.0300276 0.0275781 0.0331436 0.029024 0.0226215 0.0202725 0.0226888 0.019726 0.0221136 0.0245774 0.0197546 0.0206478 0.026747 0.0245749 0.0235181 0.0218048 0.0201881 0.0282935 0.0298944 0.0235499 0.0201237 0.0168611 0.0193416 0.0172749 0.0218354 0.0268112 0.0229172 0.0201423 0.0245954 0.0243576 0.0118468 0.0109869 0.0109128 0.0115728 0.019628 0.0182761 0.0136599 0.00481454 0.000539123 8.79068e-05 0 0 
0 0 0 0.00363244 0.0147893 0.0189448 0.0154668 0.0190728 0.0231553 0.0243619 0.0242047 0.022514 0.020627 0.0206713 0.023405 0.0215661 0.0225235 0.027474 0.0228597 0.0236238 0.0229124 0.0261866 0.02795 0.0277544 0.0244708 0.0237183 0.0230971 0.0325156 0.0248826 0.0246782 0.0243971 0.0217083 0.0243252 0.0224145 0.0247601 0.028015 0.0229508 0.0217217 0.023741 0.0295786 0.0353042 0.0265731 0.0259515 0.0243494 0.0325966 0.0302951 0.0223972 0.0276731 0.0267053 0.0241379 0.0236098 0.0208527 0.0231883 0.0203499 0.0190097 0.0110407 0.00744936 0.00892257 0.0120226 0.0127253 0.0123604 0.0184622 0.0180077 0.0113405 0.00633386 0.00639989 0.00121993 0 0 
0 0 0.000108538 0.00515418 0.0184492 0.0158722 0.0148985 0.0151155 0.0233056 0.0267169 0.024747 0.0274743 0.0240476 0.0200554 0.0251014 0.0193732 0.0196532 0.021717 0.0237403 0.0220296 0.0239066 0.0205275 0.0200798 0.0205128 0.0170976 0.0199565 0.0236536 0.0338616 0.0237255 0.0281842 0.0278013 0.0239181 0.0246773 0.0258517 0.0259221 0.027639 0.019378 0.0194341 0.0204867 0.0299959 0.0255874 0.0302213 0.0255541 0.0438404 0.0333831 0.0277023 0.0338691 0.0322209 0.0221889 0.0203095 0.0180945 0.0227076 0.0171379 0.0135645 0.0155591 0.0105874 0.00857078 0.0135656 0.0168286 0.0155808 0.0133472 0.0181579 0.0193688 0.0127538 0.00957345 0.00766581 0.00173076 3.56362e-05 0 
0 0 0.00178879 0.00975284 0.0197031 0.0212172 0.0191895 0.0164378 0.0187611 0.0181018 0.0216266 0.0221921 0.0145929 0.0171021 0.020214 0.0192285 0.0207586 0.0177867 0.0211872 0.0259796 0.0217659 0.020649 0.0176566 0.0188718 0.0185446 0.020298 0.0208346 0.0278822 0.031422 0.0312806 0.0305152 0.0246303 0.0225666 0.0344647 0.0232342 0.0198162 0.0164375 0.0149595 0.0171707 0.019677 0.0177289 0.026728 0.0314666 0.0304977 0.0274106 0.025732 0.0334156 0.025911 0.0189009 0.0196701 0.0173115 0.0216561 0.0221356 0.0146154 0.0115351 0.0126603 0.0114472 0.0129035 0.0139759 0.0152503 0.0151888 0.0124225 0.0175532 0.0113236 0.0137797 0.0101264 0.00483231 0.000102655 0 
0 0.000163762 0.00548672 0.0140963 0.0214537 0.0233159 0.0203576 0.0152182 0.0152644 0.0176994 0.0213332 0.0214465 0.0186004 0.0132479 0.0124955 0.0155303 0.0169467 0.0173777 0.0177625 0.0180117 0.0280124 0.025788 0.0182588 0.0156115 0.0149121 0.0152575 0.0177199 0.0262191 0.0394882 0.0317669 0.0286422 0.0200856 0.0162087 0.0317521 0.0268433 0.0217487 0.0166284 0.0205687 0.020327 0.0228383 0.0208253 0.0303138 0.0338761 0.0278061 0.0269471 0.0275703 0.0237121 0.0191917 0.0157027 0.0189331 0.0163871 0.0209936 0.0168658 0.0106751 0.0114156 0.0121197 0.00777456 0.0027674 0.0143473 0.0178027 0.0178226 0.0148666 0.0172443 0.0164629 0.0205863 0.0141003 0.0123458 0.00214507 6.44378e-05 
0 0.000539767 0.00687234 0.0199937 0.0247623 0.0168666 0.0146523 0.0211785 0.0181907 0.0225272 0.0266488 0.0193324 0.0169606 0.0132043 0.0120632 0.00994014 0.0176341 0.0169881 0.0170698 0.0210746 0.0290487 0.0278802 0.0206758 0.0137857 0.0146458 0.0173011 0.0194673 0.025855 0.0312741 0.0398008 0.0313215 0.0246015 0.0157804 0.0223779 0.0248885 0.0280338 0.0315102 0.0248005 0.0200176 0.0214906 0.0256157 0.025128 0.032107 0.029189 0.0408765 0.0373706 0.0239366 0.0235284 0.0129256 0.0092913 0.00930076 0.0101443 0.00921022 0.00909293 0.0200733 0.0125406 0.00868732 0.00300443 0.00590822 0.0153238 0.0182159 0.0189912 0.0186125 0.0160337 0.017671 0.0150017 0.0184897 0.0127797 0.00181173 
0 0.000743502 0.00956708 0.0163338 0.0199323 0.0112152 0.0140299 0.0195998 0.0171077 0.0223298 0.0220411 0.0181859 0.0193275 0.0170185 0.0176714 0.0139318 0.0183924 0.018994 0.0210292 0.0204267 0.0198617 0.0178069 0.0157455 0.0171294 0.020651 0.0296657 0.025842 0.0212199 0.0197018 0.0329574 0.0303497 0.0207907 0.0180136 0.0205716 0.0282063 0.029941 0.02727 0.0248747 0.0202015 0.0226289 0.0253845 0.0306302 0.0272858 0.0229843 0.0249857 0.0307327 0.0322813 0.0249807 0.0187891 0.00875798 0.00428737 0.00303273 0.00400043 0.0133069 0.0200267 0.0207435 0.0216276 0.0172177 0.00731073 0.00753745 0.0169468 0.0228285 0.0163715 0.0152783 0.0151739 0.01405 0.0171928 0.0169134 0.00436165 
0 0.00190232 0.0109344 0.020638 0.0204179 0.0109195 0.0132015 0.0155636 0.0130591 0.0196878 0.0266585 0.0190083 0.0193329 0.017078 0.0223028 0.0146747 0.014925 0.0193523 0.0214814 0.0254916 0.0224203 0.0216618 0.0191926 0.0244149 0.0245631 0.0284339 0.0217773 0.0212871 0.0172184 0.0198742 0.0205489 0.021286 0.0207156 0.0237161 0.0241592 0.0250059 0.0225244 0.0274043 0.0244819 0.0206572 0.0213893 0.0273237 0.0278349 0.0263712 0.0239585 0.0231887 0.0274889 0.0274216 0.0239298 0.0199256 0.0126618 0.00539377 0.00312303 0.0126084 0.0228559 0.0286454 0.0226704 0.0231126 0.0113315 0.00757742 0.0133143 0.0247635 0.0182282 0.0228407 0.0231309 0.018588 0.0142738 0.0128115 0.0049115 
6.87091e-06 0.00485158 0.0129524 0.0176331 0.0161639 0.0100553 0.0124049 0.0175225 0.0178724 0.0242515 0.0350466 0.0226581 0.0170217 0.0206751 0.0210391 0.0169665 0.0185872 0.018494 0.0222141 0.0182484 0.0184369 0.023381 0.0197921 0.0214739 0.024052 0.0254559 0.0180675 0.019482 0.0210991 0.0172137 0.0200933 0.0233264 0.0212654 0.023167 0.0209127 0.0152649 0.0228133 0.0302092 0.0287001 0.0280636 0.0259303 0.0265809 0.0296188 0.0263822 0.0214146 0.020762 0.0277296 0.0271466 0.0265599 0.0196898 0.0149648 0.0186985 0.0107721 0.0147402 0.0189364 0.0265564 0.0182634 0.0241736 0.0241908 0.0259917 0.0156797 0.0218914 0.0233821 0.0234715 0.0152744 0.0104264 0.013701 0.0133545 0.00206079 
3.01838e-05 0.00848337 0.011551 0.00927834 0.00772399 0.00502914 0.0107606 0.0186988 0.0243042 0.0334851 0.058881 0.0433906 0.0183135 0.0168094 0.0175697 0.0233834 0.0195219 0.0169175 0.0191922 0.0207757 0.0219782 0.0270782 0.0202765 0.0178928 0.0176621 0.0131775 0.0161824 0.0179543 0.0173687 0.0203767 0.0242732 0.0224432 0.0201801 0.0172097 0.0182362 0.0141738 0.0181281 0.0279997 0.0241479 0.0339744 0.0279554 0.0242284 0.0269979 0.0303 0.0258092 0.0236233 0.0272759 0.0245938 0.0291849 0.0254513 0.0255652 0.0231987 0.0139494 0.0134861 0.0133986 0.0156554 0.0166216 0.0258945 0.0261328 0.0295414 0.0305059 0.0213967 0.025769 0.0227412 0.017735 0.013996 0.0157664 0.00697777 0.000967743 
0.000137479 0.00507338 0.00942654 0.00749156 0.00792347 0.00231515 0.00645377 0.014998 0.0214996 0.0278425 0.0427757 0.0439589 0.0264254 0.0182665 0.018386 0.0241953 0.0213033 0.0181621 0.024613 0.018779 0.0199635 0.0221142 0.0138245 0.017193 0.0215541 0.0187068 0.0171439 0.0176384 0.01586 0.0185726 0.0164594 0.0167859 0.0180633 0.0136416 0.0137609 0.0126657 0.0209816 0.0231182 0.0297251 0.0388964 0.0305408 0.0243767 0.0230872 0.0286353 0.0249843 0.0301164 0.0228997 0.0201992 0.0223261 0.0250833 0.0233699 0.0210255 0.0167044 0.00973861 0.0116419 0.0136314 0.0149992 0.0241257 0.027539 0.0365422 0.0280571 0.0226957 0.0272281 0.024423 0.0166282 0.01814 0.0129925 0.00161127 8.65795e-05 
0.000112654 0.00567555 0.0140248 0.0108058 0.00360763 0.00063655 0.00106464 0.00448389 0.0165812 0.0222879 0.0228061 0.0255088 0.0198945 0.020029 0.0152471 0.0220689 0.0181605 0.0156791 0.019354 0.01961 0.0183851 0.0166715 0.0174151 0.0187168 0.0199846 0.018689 0.0180654 0.0182726 0.0179573 0.016812 0.0165257 0.0172904 0.0196639 0.0414263 0.040732 0.0183477 0.0244496 0.0307728 0.0323782 0.0335917 0.0226249 0.0175622 0.0188531 0.0321743 0.0325882 0.0294862 0.030107 0.0240193 0.0195819 0.021141 0.0242632 0.0177545 0.0135319 0.00895789 0.010647 0.013846 0.0129121 0.0121206 0.0194824 0.0223355 0.0210872 0.0241342 0.030396 0.0229059 0.0166511 0.0200508 0.011476 0.00145029 0 
2.96839e-06 0.00473072 0.0135196 0.00875932 0.00284905 0.00088463 0.000744696 0.001656 0.00744415 0.0178839 0.0179263 0.0188479 0.0181938 0.0201185 0.0225771 0.0170874 0.0167897 0.0192896 0.0240638 0.0178017 0.0186459 0.020536 0.0234178 0.0168407 0.0167306 0.0261386 0.0193228 0.0193911 0.0222911 0.019478 0.0138316 0.0214352 0.0284513 0.0580458 0.0887593 0.0503975 0.0307671 0.0259928 0.0212181 0.0205619 0.0210032 0.0155111 0.0207927 0.0368365 0.0350643 0.0351556 0.029475 0.0232726 0.0171627 0.0164433 0.0232341 0.0112092 0.0117192 0.0126778 0.0192659 0.0208903 0.0188718 0.0177109 0.0132071 0.0139855 0.0175132 0.0230815 0.0226418 0.0243482 0.0185275 0.0234544 0.0218711 0.00316362 0 
0.000122329 0.00530469 0.0118993 0.00778222 0.00355541 0.0127173 0.00746331 0.00244506 0.00794997 0.0172392 0.0210737 0.0237975 0.0238623 0.0263051 0.0259945 0.0169753 0.0180384 0.0224768 0.0254688 0.0240045 0.021131 0.02066 0.0262718 0.0227194 0.0177313 0.0168504 0.0167603 0.0215848 0.02189 0.0226955 0.0208168 0.0217808 0.0217824 0.034645 0.102945 0.139647 0.103797 0.034921 0.018554 0.0147729 0.0234069 0.0276488 0.0295196 0.0346143 0.0320423 0.0351555 0.0266296 0.0179363 0.0142497 0.0153755 0.0139199 0.00929935 0.0149319 0.0197714 0.0199955 0.0225304 0.0200698 0.0153638 0.016679 0.0188287 0.0171712 0.0220525 0.0283538 0.0262976 0.0224823 0.0317269 0.0263256 0.00928645 0.000270298 
4.35144e-06 0.00266247 0.0126471 0.0100685 0.00442323 0.00950789 0.00800414 0.00467033 0.00574643 0.0126802 0.0196459 0.0179391 0.025022 0.0236006 0.0206068 0.02796 0.026198 0.0228976 0.0269368 0.0293215 0.020785 0.023898 0.0261964 0.0180405 0.0162518 0.0144065 0.0160581 0.0189936 0.0242678 0.0265646 0.0244107 0.0248466 0.0190205 0.026829 0.0658192 0.130443 0.0838895 0.0372847 0.0288903 0.0220729 0.0194185 0.0232044 0.0249653 0.0325163 0.0322977 0.0237339 0.0224497 0.0243494 0.0166184 0.0133782 0.0180556 0.025606 0.0252679 0.028227 0.0231642 0.0203739 0.021354 0.0193032 0.0176717 0.0219292 0.0206786 0.0323611 0.0420268 0.0356277 0.0276907 0.0217604 0.0219963 0.0118144 0.00164303 
6.55275e-06 0.00462956 0.0119005 0.0107844 0.00497626 0.0081322 0.00554663 0.00496509 0.00577556 0.00893518 0.0127915 0.0244916 0.0226933 0.0208064 0.0196038 0.0287819 0.0317126 0.0267529 0.0227484 0.0197763 0.0237816 0.0230955 0.0221105 0.0172333 0.0181088 0.0183458 0.0229042 0.0162189 0.0223753 0.025023 0.0224753 0.0235033 0.0266551 0.0212679 0.0613372 0.138822 0.0303503 0.0318548 0.0337322 0.0260891 0.0199882 0.0259435 0.0263605 0.0266984 0.027836 0.0244926 0.0220774 0.0284999 0.0305582 0.019973 0.0277878 0.0315932 0.0272555 0.0213942 0.024668 0.0221033 0.0290795 0.0216573 0.0217028 0.0245359 0.0250505 0.0337391 0.0271944 0.0273789 0.0273307 0.022918 0.0219176 0.0111071 0.00168753 
0 0.00289239 0.00398358 0.00910194 0.00585972 0.00538803 0.00338744 0.00958581 0.0135057 0.0178903 0.0181134 0.0257627 0.0192933 0.0166495 0.0149627 0.0194041 0.0248893 0.0323734 0.0255904 0.0200717 0.0170534 0.0200359 0.0233249 0.0194947 0.0228257 0.0259662 0.026902 0.018083 0.0228542 0.019876 0.0188345 0.0182547 0.0211442 0.0170138 0.0358165 0.0589461 0.0423432 0.043223 0.0278072 0.025752 0.0237329 0.0319673 0.0304318 0.0336132 0.0344521 0.0330021 0.0284319 0.0278085 0.0325773 0.0296604 0.0285164 0.0236355 0.0209359 0.0202151 0.0244117 0.0313318 0.0290551 0.0209339 0.018044 0.0182511 0.0207902 0.0248827 0.0315003 0.02467 0.0236165 0.0248478 0.0211423 0.00500777 0.00083761 
0 0.000215842 0.00394358 0.0115931 0.00779402 0.00410214 0.00655282 0.0155091 0.0181174 0.0219142 0.0204499 0.0184129 0.0140495 0.0158997 0.0241589 0.0247942 0.0301175 0.0292998 0.0222725 0.0197466 0.0209324 0.0217196 0.0452367 0.033431 0.0356144 0.0365974 0.029064 0.0213923 0.024531 0.0169134 0.0126605 0.0187439 0.0233743 0.0158131 0.0300835 0.0310053 0.0269785 0.0212063 0.0281121 0.0254644 0.0140008 0.0177474 0.0200502 0.0253676 0.0302915 0.0364784 0.0340034 0.0409882 0.0319313 0.042862 0.0377928 0.0280636 0.0266561 0.0256524 0.0264144 0.0338458 0.0188829 0.0228769 0.0212592 0.0167768 0.0173682 0.0199542 0.0284377 0.0195253 0.030036 0.035476 0.0197976 0.00396898 0.000297406 
0 0 0.00317126 0.0106663 0.00335594 0.0023667 0.011253 0.0197148 0.0223718 0.0216087 0.0195199 0.0175479 0.0172057 0.0251027 0.0338917 0.0488464 0.0428782 0.0262763 0.0200986 0.0229954 0.0241676 0.0257291 0.0386899 0.0474115 0.0334753 0.0312885 0.0283969 0.0190878 0.0198438 0.0152647 0.0157638 0.0240222 0.0315464 0.0285878 0.0224997 0.0178841 0.0228578 0.0230906 0.0258254 0.0167059 0.0109354 0.0213438 0.0280388 0.0265059 0.0281851 0.0357546 0.0429037 0.0366332 0.0263004 0.0264427 0.0346493 0.0279362 0.0306842 0.026687 0.0215644 0.0232503 0.0177168 0.0184964 0.0220107 0.0151125 0.0152624 0.0164219 0.0241514 0.0206361 0.0312448 0.0356466 0.0142723 0.00563389 3.85224e-05 
0 0 0.000658522 0.00179865 0.000591808 0.00265762 0.0143627 0.0194551 0.021498 0.0189726 0.01428 0.0188751 0.0249515 0.0271195 0.035194 0.0377539 0.0281189 0.0198019 0.0160064 0.0211774 0.0252374 0.0274737 0.0287149 0.0358712 0.0306648 0.032282 0.0312836 0.0222139 0.0163143 0.0205735 0.0245726 0.0295574 0.0344545 0.0276648 0.0229296 0.0234701 0.0310445 0.029451 0.036395 0.0275067 0.0151869 0.0290009 0.0410311 0.0383789 0.0275441 0.0366235 0.0356424 0.0272781 0.0250454 0.0279279 0.0379186 0.0314646 0.0340552 0.0348227 0.0251205 0.0213839 0.0220317 0.0244653 0.0193413 0.0103754 0.00843441 0.0223409 0.0252821 0.0188606 0.0228035 0.0204914 0.0155098 0.0143776 0.00074889 
0 0 0 0 0.000594056 0.00439571 0.0168059 0.0197573 0.0224005 0.0211698 0.0168449 0.0211814 0.0259512 0.0267566 0.0303923 0.024333 0.0162786 0.0216961 0.0183144 0.015144 0.0178042 0.0205048 0.0211726 0.0273199 0.0374718 0.0461492 0.0293496 0.0246101 0.0197521 0.0220478 0.0211376 0.0291415 0.0399446 0.0316136 0.0238717 0.0215266 0.0431004 0.025258 0.0274016 0.0279816 0.023775 0.0191675 0.0189631 0.0266204 0.0306666 0.0308933 0.0329147 0.0355266 0.0596986 0.0371087 0.0277612 0.0275638 0.0273144 0.0267768 0.0244024 0.0241424 0.0231965 0.0257627 0.0209535 0.0107872 0.0058974 0.011149 0.0173894 0.0268792 0.0271936 0.0212383 0.0162598 0.00760054 0.00136604 
0 4.95352e-06 0.00050852 0.00226207 0.00453126 0.0103164 0.022424 0.0207999 0.0213926 0.0268101 0.0239199 0.0201072 0.021386 0.0259708 0.021588 0.0196698 0.0213699 0.0241824 0.0282932 0.0212633 0.0154396 0.0156785 0.0178028 0.039726 0.056731 0.0509833 0.0333161 0.0324525 0.0422945 0.0217636 0.0241034 0.0335357 0.0413269 0.0287036 0.0188813 0.021949 0.030932 0.0282312 0.0293298 0.024768 0.0306526 0.0205156 0.0248784 0.020365 0.0321062 0.0392894 0.0353626 0.0409936 0.0481943 0.0492159 0.0375221 0.0309875 0.0172413 0.0224228 0.0288417 0.0281456 0.0247849 0.0241255 0.0179033 0.00710622 0.00663655 0.0128902 0.0173578 0.0262998 0.0267759 0.0273972 0.0188462 0.00308739 0.00036836 
0 2.86982e-05 0.00181387 0.0106644 0.0135232 0.0148267 0.0158907 0.0178783 0.0221907 0.026206 0.0256957 0.0207922 0.0140786 0.0226819 0.0237772 0.0243908 0.0277737 0.0216094 0.0253171 0.0227677 0.0172891 0.0166644 0.013841 0.0277984 0.0367741 0.0359301 0.0439977 0.0293462 0.0257191 0.0279113 0.0266554 0.0354053 0.0503702 0.0471847 0.0286376 0.0428783 0.0381118 0.0366255 0.0343438 0.0170724 0.0238497 0.0252182 0.0271053 0.0324764 0.0321799 0.0281456 0.0252419 0.0315391 0.0315958 0.0325547 0.0219271 0.0267579 0.0304036 0.0305715 0.0214406 0.0301685 0.0323198 0.0219924 0.0131174 0.0155337 0.0132176 0.0152554 0.0165536 0.0235213 0.0223533 0.0200018 0.00547395 0.000874247 0.000277421 
0 5.74748e-06 0.00294423 0.0127142 0.0146897 0.0166195 0.0116691 0.0117792 0.0188717 0.0180171 0.0203868 0.0155216 0.0115185 0.0204466 0.0266193 0.0218943 0.0203317 0.0200264 0.0236417 0.0254428 0.0212763 0.0202061 0.015886 0.0165501 0.0188746 0.022992 0.0421219 0.0354885 0.0207068 0.0184065 0.0209898 0.0307661 0.0697159 0.0713285 0.0346381 0.0434879 0.0380772 0.0373914 0.0226574 0.0122982 0.0165053 0.0191243 0.0280067 0.0305386 0.0247126 0.0263458 0.0285628 0.0254443 0.030442 0.0280059 0.0200025 0.0196362 0.0202627 0.0241198 0.0230871 0.0227405 0.0241952 0.0203449 0.0151707 0.0204005 0.0156198 0.0221565 0.0205352 0.017552 0.0119043 0.00976129 0.00342189 9.82953e-05 0 
0 0 0.00180829 0.010315 0.0178251 0.0133178 0.0124495 0.0148173 0.0198005 0.0211324 0.0175947 0.0152132 0.0136668 0.02659 0.0247819 0.021101 0.0179913 0.0196743 0.0215908 0.033522 0.0280679 0.0122054 0.01288 0.0163419 0.0186146 0.019394 0.0244139 0.0247605 0.0303306 0.0170491 0.0225028 0.0274437 0.0432496 0.0661244 0.0605272 0.0432684 0.0370409 0.02139 0.0203141 0.0154507 0.0174437 0.0274222 0.0258937 0.0280831 0.0218115 0.0253403 0.0333727 0.0228401 0.0237381 0.0262616 0.0246255 0.0210017 0.0186058 0.0172224 0.0233839 0.0235805 0.0244302 0.0186402 0.0157879 0.018096 0.0175665 0.0307555 0.024581 0.0181412 0.0117833 0.0104673 0.0018994 3.23451e-05 0 
0 0 0.000820386 0.0117111 0.0168962 0.0180432 0.0161223 0.0169359 0.0209533 0.0196181 0.0187823 0.0153105 0.0170671 0.0258155 0.020676 0.0232742 0.0293949 0.0215014 0.023023 0.0329584 0.0455956 0.0204964 0.0135694 0.016609 0.0150581 0.0170801 0.0227814 0.0232729 0.0272698 0.0304469 0.0288793 0.0261108 0.041133 0.0513425 0.0552441 0.0319607 0.0278178 0.020142 0.0259334 0.0183355 0.0234134 0.0253819 0.0250197 0.0244735 0.0185113 0.0221823 0.0261231 0.0468428 0.0268182 0.0263128 0.0286916 0.0200831 0.0195275 0.0174802 0.020465 0.02068 0.019431 0.0208672 0.0264256 0.0226442 0.0185048 0.0168585 0.0202448 0.0173067 0.0119623 0.00696977 0.00110216 0 0 
0 0 3.69555e-05 0.00314928 0.0100228 0.0183547 0.0142586 0.0159566 0.0172346 0.0159992 0.0193825 0.0143603 0.0169233 0.0234379 0.0209478 0.0226543 0.0201996 0.0189676 0.0210658 0.0272523 0.0315925 0.0267241 0.0200881 0.0220854 0.0199622 0.0205093 0.031731 0.0234386 0.0228729 0.0276803 0.0335343 0.0270377 0.0375193 0.0392662 0.0368402 0.0171074 0.0243568 0.0186989 0.0261708 0.0229499 0.0292834 0.0308004 0.0341839 0.0255889 0.0190259 0.0152948 0.0231515 0.0281631 0.0260571 0.0247369 0.024398 0.0245496 0.0207584 0.0182004 0.0142601 0.0192242 0.0197644 0.0325061 0.0556927 0.0380988 0.0267112 0.0188245 0.0152214 0.0183985 0.0164897 0.00246983 0 0 0 
0 0 0 1.6613e-05 0.00308078 0.0141028 0.0143563 0.0181021 0.0122859 0.0111979 0.0230393 0.0118447 0.0165546 0.02451 0.0207545 0.0194497 0.0164271 0.0166937 0.0216181 0.023008 0.0298336 0.034632 0.0238417 0.0142444 0.0138477 0.0176485 0.0336481 0.0453481 0.0266652 0.0232198 0.021401 0.0331142 0.0257246 0.0329916 0.0393162 0.0268777 0.0211419 0.024756 0.0305402 0.0340944 0.0318101 0.0291088 0.0219538 0.0194628 0.0137202 0.0184772 0.0237395 0.0310248 0.0286832 0.0317618 0.0240442 0.0177841 0.0139852 0.0201772 0.018523 0.0185704 0.0187287 0.0402462 0.0497301 0.0295459 0.0318269 0.0273408 0.0200821 0.0207439 0.0145021 0.00223049 0 0 0 
0 0 0 0 0.000725782 0.00728588 0.0156882 0.0171469 0.0126572 0.00970164 0.0103386 0.010914 0.0172704 0.0244878 0.0247741 0.0165917 0.0149638 0.0180398 0.0212783 0.0213482 0.0299196 0.0269385 0.022704 0.0131134 0.0125009 0.0169652 0.0252924 0.0317204 0.0246332 0.0214383 0.0140132 0.0302935 0.0315164 0.0322384 0.0263421 0.0282379 0.0204625 0.0213629 0.0205637 0.0232557 0.0163106 0.0191063 0.0249584 0.0192272 0.0155882 0.0256029 0.0267257 0.025433 0.027149 0.028892 0.028737 0.0193231 0.0179748 0.0241929 0.0205828 0.0162549 0.0160216 0.0210819 0.0241638 0.0328533 0.0246003 0.0334754 0.0173058 0.0175902 0.00858862 0.000414889 0 0 0 
0 0 0 0 6.47081e-05 0.00692117 0.0136323 0.0149527 0.013232 0.0143485 0.00987313 0.0131398 0.0198365 0.0254009 0.0248202 0.0211286 0.0184531 0.0211836 0.0269972 0.0222662 0.0203086 0.0228152 0.0217687 0.0224099 0.0266298 0.0197775 0.0139037 0.0158437 0.0186631 0.0179762 0.0180933 0.0135073 0.0152243 0.0148887 0.0095764 0.0149503 0.0220394 0.0296811 0.0175228 0.0187208 0.0144834 0.0163522 0.0302486 0.0178865 0.0163749 0.0297003 0.0391124 0.025509 0.0163746 0.0177965 0.0247389 0.0172226 0.0200138 0.0280478 0.018744 0.0174931 0.018527 0.0167129 0.027327 0.0220655 0.0247611 0.0303261 0.0243686 0.016642 0.00356282 0 0 0 0 
0 0 0 0 0.000131525 0.00459062 0.0134304 0.0171202 0.0175514 0.0240894 0.0158808 0.0125653 0.0189829 0.0182069 0.0286493 0.0301982 0.0297935 0.0214758 0.0143519 0.0187104 0.0191665 0.0180753 0.0184828 0.0146218 0.0312727 0.02213 0.0172027 0.0209113 0.0167649 0.0155187 0.0126809 0.0131024 0.0132873 0.0152771 0.010753 0.0119924 0.0111256 0.0243984 0.0239402 0.0169244 0.0146008 0.0224085 0.030834 0.0245962 0.028161 0.0381996 0.0353323 0.0188567 0.0144011 0.0155028 0.0198676 0.020394 0.0205915 0.0237328 0.0164567 0.0176405 0.0177479 0.0113099 0.0109426 0.0162575 0.0368545 0.0234983 0.0208559 0.00939469 0.00060167 0 0 0 0 
0 0 0 0 0 0.000905126 0.00634686 0.0191985 0.0204995 0.0223433 0.0146823 0.0082507 0.0144183 0.0153836 0.0245591 0.0270616 0.0246602 0.0169254 0.0147777 0.0206366 0.0183178 0.0183161 0.0190958 0.0158176 0.0155454 0.0181881 0.0183731 0.0172721 0.014819 0.0129402 0.0193442 0.0263089 0.0156145 0.016588 0.0165286 0.0168184 0.0094389 0.0172081 0.021065 0.0126738 0.0179012 0.0314599 0.0286214 0.0314463 0.0289126 0.0273909 0.01798 0.0160909 0.0175267 0.0186409 0.0185913 0.034514 0.0314911 0.0192063 0.0185904 0.0105623 0.00919595 0.00630832 0.0029406 0.0151804 0.0349266 0.0302367 0.0163425 0.00302173 1.09131e-05 0 0 0 0 
0 0 0 0 0 1.57288e-05 0.00121607 0.00866826 0.0174117 0.0217911 0.0268681 0.0139624 0.013469 0.0165227 0.0259486 0.028896 0.0168524 0.010815 0.0177743 0.0188035 0.016254 0.017733 0.0179263 0.0163293 0.0194004 0.0199035 0.0172959 0.0193877 0.0145622 0.0116056 0.0174639 0.0172543 0.0200098 0.0204606 0.0212089 0.0294405 0.0284909 0.00930261 0.0135578 0.0157749 0.0205998 0.0455048 0.0344152 0.0234204 0.0200077 0.0130089 0.0146345 0.0210409 0.0191844 0.0180303 0.0245377 0.0475115 0.0467163 0.0195507 0.0158094 0.00755557 0.00458201 0.00653278 0.00812526 0.0136779 0.0179246 0.0277102 0.0128254 0.00239964 0 0 0 0 0 
0 0 0 0 0 0 2.90914e-05 0.00418584 0.015779 0.0295723 0.0354291 0.0266303 0.010587 0.00911134 0.0167516 0.0290429 0.0287045 0.0175092 0.0177863 0.0173089 0.0150465 0.0158516 0.0124364 0.015471 0.0204538 0.0190622 0.0152085 0.0128335 0.0105114 0.00905007 0.0207506 0.019333 0.0161911 0.0159739 0.0162551 0.0242817 0.0380803 0.013147 0.00644999 0.00890783 0.0164198 0.0225317 0.0172977 0.0187191 0.017923 0.0135995 0.0202105 0.019674 0.0203285 0.0210824 0.0277906 0.0293252 0.0390239 0.0382593 0.0346854 0.013225 0.00656047 0.0152309 0.0127814 0.0223366 0.0244205 0.0161588 0.00284343 0.000222452 0 0 0 0 0 
0 0 0 0 0 0 0 0.00100091 0.0124532 0.0234441 0.0312423 0.0228349 0.00554565 0.00840497 0.0099816 0.0173405 0.0258733 0.0238575 0.0133063 0.0187362 0.012049 0.017702 0.0164461 0.0193257 0.0194305 0.0141233 0.00940748 0.00961367 0.010645 0.00938133 0.0233217 0.0278446 0.0203112 0.0167266 0.0130615 0.0131556 0.0260884 0.0165315 0.00861841 0.0124521 0.0155979 0.0153572 0.0149614 0.013095 0.0144157 0.0219683 0.0217799 0.0151132 0.022793 0.0250394 0.0263209 0.0257895 0.035942 0.0730605 0.0969607 0.0325738 0.010615 0.022334 0.0231222 0.0152614 0.00510751 0.00298007 2.00014e-05 0 0 0 0 0 0 
0 0 0 0 0 0 0 1.44692e-05 0.00255168 0.00756403 0.0137395 0.0133979 0.00349989 0.00834278 0.0138795 0.0140622 0.0208107 0.0218709 0.0226042 0.0226637 0.0198313 0.0180423 0.0201574 0.0202065 0.015559 0.0119181 0.0126119 0.0141241 0.0167367 0.0126066 0.0145031 0.0315047 0.0255068 0.0167333 0.0172616 0.00880725 0.0136179 0.0176206 0.016298 0.0200861 0.0162589 0.0101185 0.0141468 0.0162469 0.0233909 0.0292801 0.0361066 0.0278601 0.0264421 0.0246985 0.01972 0.0264044 0.0360353 0.0776149 0.122409 0.0494505 0.0117927 0.0216311 0.0180698 0.00987454 0.0011864 3.34916e-05 0 0 0 0 0 0 0 
0 0 0 0 0 0 0 0 0 0.000191385 0.00200472 0.00238069 0.0078892 0.0141201 0.0230561 0.0261806 0.0235398 0.0153873 0.0185582 0.0246412 0.0363159 0.0348619 0.0250818 0.0162564 0.0104232 0.012932 0.0233918 0.0230742 0.0218099 0.0149595 0.0107747 0.0201685 0.0239877 0.020457 0.0249789 0.0116827 0.0156736 0.0203666 0.0176919 0.0163614 0.0159628 0.00963353 0.013879 0.0184594 0.0265566 0.0313288 0.0354846 0.0357798 0.0246166 0.0381129 0.0298339 0.0328624 0.0264623 0.0477947 0.0586523 0.0357872 0.0091875 0.0164858 0.0117469 0.00547088 0.000935058 0 0 0 0 0 0 0 0 
0 0 0 0 0 0 0 0 0 0 0 0.000948559 0.0118292 0.0191847 0.0316995 0.0266386 0.0177857 0.0153673 0.0137142 0.0326002 0.0590079 0.0568041 0.0292731 0.0190796 0.0116231 0.0178376 0.0256835 0.0237856 0.0247873 0.0143525 0.00743834 0.0125264 0.0119635 0.022234 0.0301961 0.0194347 0.0181207 0.0207541 0.0185888 0.0131422 0.012741 0.0146563 0.0213088 0.0161666 0.0196167 0.0243491 0.0387305 0.0424009 0.0355099 0.0330804 0.0249677 0.0259909 0.0220219 0.0231126 0.0209139 0.0131889 0.0042722 0.00315289 0.00128122 0.000669331 0 0 0 0 0 0 0 0 0 
0 0 0 0 0 0 0 0 0 0 0 0.001895 0.0124776 0.0144317 0.0203264 0.02871 0.0227085 0.0126871 0.0114785 0.0246639 0.0366014 0.0345143 0.0280273 0.0206482 0.0132547 0.0225343 0.0248064 0.0263092 0.0264442 0.0179128 0.0123855 0.0145986 0.0121657 0.0290589 0.0340422 0.0267217 0.0181708 0.020631 0.0171717 0.0194816 0.0219619 0.0229703 0.0186799 0.0170638 0.0209777 0.0289101 0.0280034 0.029447 0.0306028 0.0221854 0.0307062 0.0275437 0.0183051 0.0127614 0.0141002 0.00512667 0.000187603 0 0 0 0 0 0 0 0 0 0 0 0 
0 0 0 0 0 0 0 0 0 0 0 0.000418919 0.00355384 0.0039559 0.0123145 0.0235693 0.0211169 0.0100227 0.00879426 0.0132791 0.0157105 0.0155595 0.0223231 0.0246375 0.0220233 0.0176895 0.0174227 0.0221825 0.0212687 0.010529 0.00806984 0.0115133 0.016888 0.0138066 0.0194354 0.0223434 0.0151241 0.013323 0.0131289 0.0210522 0.0192053 0.0306799 0.0361004 0.0317823 0.0221066 0.0305931 0.0247531 0.023116 0.025514 0.0225083 0.0333794 0.0270907 0.0120778 0.00462121 0.00356336 0.00197949 9.47993e-05 0 0 0 0 0 0 0 0 0 0 0 0 
0 0 0 0 0 0 0 0 0 0 0 0 0 0.000472844 0.00540599 0.0136695 0.0112961 0.00392341 0.00118208 0.00306915 0.00604557 0.0115068 0.0189467 0.0203307 0.018692 0.00660932 0.00576659 0.00713764 0.0125513 0.0125596 0.0103293 0.00975187 0.0139698 0.0139019 0.0156902 0.0157571 0.0117851 0.0116889 0.0138744 0.0136406 0.019894 0.0334502 0.0468535 0.0758674 0.0468862 0.0242394 0.0188119 0.0184901 0.0259743 0.0315248 0.022145 0.0158751 0.00977555 0.00628636 0.000581822 1.44111e-06 0 0 0 0 0 0 0 0 0 0 0 0 0 
0 0 0 0 0 0 0 0 0 0 0 0 0 0 0.000369435 0.00327878 0.00866729 0.00643975 0.00773771 0.0166729 0.0223798 0.0102948 0.0140681 0.0152609 0.0084165 0.00314056 0.00143909 0.00476015 0.00824733 0.0171907 0.013967 0.00898175 0.0102609 0.0100642 0.016187 0.0106067 0.00889473 0.00799231 0.0138824 0.0143087 0.0176766 0.0209455 0.0524128 0.126775 0.0616083 0.0239206 0.0187299 0.0159282 0.0233041 0.0257252 0.0124767 0.00374575 0.0024349 0.00200181 0.000794206 0 0 0 0 0 0 0 0 0 0 0 0 0 0 
0 0 0 0 0 0 0 0 0 0 0 0 0 0 0 0.000158683 0.0037418 0.0131241 0.0201953 0.0311464 0.0416006 0.0212126 0.00232325 0.0129643 0.0112738 0.0068199 0.00354305 0.00943789 0.00952801 0.0200277 0.0232392 0.0126263 0.0187508 0.0117818 0.010196 0.00468759 0.00326599 0.00371882 0.00662827 0.0144197 0.0190521 0.017149 0.0352686 0.0482779 0.0362918 0.0170082 0.0196552 0.0299976 0.0273717 0.0147935 0.00220611 5.63903e-05 9.78269e-06 1.56123e-05 2.2199e-05 0 0 0 0 0 0 0 0 0 0 0 0 0 0 
0 0 0 0 0 0 0 0 0 0 0 0 0 0 0 0 4.04931e-05 0.00381731 0.0129518 0.0289596 0.0353225 0.0123737 2.53408e-05 0.00122933 0.00546192 0.00365729 0.00441927 0.00816184 0.0109102 0.0221768 0.0203831 0.0132133 0.0200014 0.0227555 0.0222373 0.0165233 0.0109642 0.00319154 0.00336463 0.00945678 0.0131049 0.0189299 0.0208569 0.0181867 0.0165963 0.0128513 0.0183564 0.0329167 0.0179818 0.00454092 0.000357181 0 0 0 0 0 0 0 0 0 0 0 0 0 0 0 0 0 0 
0 0 0 0 0 0 0 0 0 0 0 0 0 0 0 0 0 0 0.000222342 0.00297391 0.00502657 0.0011711 0 0.000546838 0.00298063 0.00290945 0.00462772 0.00739576 0.0124849 0.0200435 0.0247625 0.0142706 0.015941 0.0283127 0.0371135 0.0255858 0.0163998 0.00895317 0.00555161 0.0101498 0.00811755 0.0134058 0.0132156 0.0105544 0.012763 0.0159884 0.0149216 0.0149075 0.00492058 9.26152e-05 0 0 0 0 0 0 0 0 0 0 0 0 0 0 0 0 0 0 0 
0 0 0 0 0 0 0 0 0 0 0 0 0 0 0 0 0 0 0 0 0 0 0 0 0 0.000658623 0.00192056 0.00754301 0.0127751 0.018694 0.0228813 0.0186232 0.0304504 0.0428192 0.0403439 0.0145881 0.012936 0.00745993 0.00512301 0.00835988 0.00676004 0.011132 0.0125379 0.00837067 0.0103259 0.00824655 0.00577354 0.00324622 0.000769816 0 0 0 0 0 0 0 0 0 0 0 0 0 0 0 0 0 0 0 0 
0 0 0 0 0 0 0 0 0 0 0 0 0 0 0 0 0 0 0 0 0 0 0 0 0 0.000265344 0.0001657 0.00192471 0.00576262 0.0108757 0.017066 0.0138204 0.0191966 0.0226766 0.0132121 0.0127921 0.0109788 0.00565061 0.00257394 0.00152441 0.000853382 0.00265656 0.00865422 0.00327098 0.00360203 0.00145915 0.000697318 0 0 0 0 0 0 0 0 0 0 0 0 0 0 0 0 0 0 0 0 0 0 
0 0 0 0 0 0 0 0 0 0 0 0 0 0 0 0 0 0 0 0 0 0 0 0 0 0 0 0 0.000746009 0.00286288 0.00312413 0.00428134 0.00692209 0.00360854 0.00135902 0.00130087 0.000443563 0.000299871 0.000177416 0.000169953 2.84448e-05 3.7888e-05 0.000467274 0.00034995 0.000120234 0 0 0 0 0 0 0 0 0 0 0 0 0 0 0 0 0 0 0 0 0 0 0 0 

