0 0 0 0 0 0 0 0 0 0 0 0 0 0 0 0 0 0 0 0 0 0 0 0 0 0 0 0 0 0 0 0 0 0.000141528 1.52882e-05 0 0 0 0 0 0 0 0 0 0 0 0 0 0 0 0 0 0 0 0 0 0 0 0 0 0 0 0 0 0 0 0 0 0 
0 0 0 0 0 0 0 0 0 0 0 0 0 0 0 0 0 0 0 0 0 0 0 0 0 3.95957e-05 0.000703617 0.00134959 0.000554278 0 0 0.000384211 0.00101734 0.00472764 0.00400623 0.00140948 0.000267972 0.00241237 0.00100558 0.00183754 0.00157174 0.000595109 0.000249938 0 0 0 0 0 0 0 0 0 0 0 0 0 0 0 0 0 0 0 0 0 0 0 0 0 0 
0 0 0 0 0 0 0 0 0 0 0 0 0 0 0 0 0 0 0 0 0 0 0 0.000297123 0.00305891 0.00615654 0.0103287 0.00991004 0.00545327 0.00244655 0.000742639 0.00469256 0.010879 0.00832598 0.0111324 0.0116975 0.00567655 0.00578099 0.00252966 0.00722902 0.00614578 0.00517186 0.00292604 0.000896402 0.00126688 0.000522156 6.06922e-05 0 0 0 0 0 0 0 0 0 0 0 0 0 0 0 0 0 0 0 0 0 0 
0 0 0 0 0 0 0 0 0 0 0 0 0 0 0 0 0 0 0 4.30026e-07 0.000630445 0.00199266 0.00226396 0.00453513 0.0107315 0.0122323 0.0149591 0.0120576 0.0110076 0.00840954 0.00796561 0.0133172 0.0132556 0.0124363 0.0176239 0.0214591 0.0147108 0.0117198 0.00857178 0.00676994 0.00769984 0.0106728 0.0129129 0.00759402 0.00720282 0.00492001 0.00490227 0.000445409 0.000834559 0.000171476 0 0 0 0 0 0 0 0 0 0 0 0 0 0 0 0 0 0 0 
0 0 0 0 0 0 0 0 0 0 0 0 0 0 0 0 0 0 0 0.000591124 0.00733539 0.0152479 0.00879124 0.00895633 0.0125354 0.016117 0.0155133 0.0154665 0.017457 0.0173488 0.0136053 0.0141592 0.0141265 0.0171528 0.0214883 0.0272502 0.0187295 0.0163737 0.0121842 0.00808685 0.01158 0.0134632 0.0202987 0.0163206 0.0110103 0.0150881 0.0128261 0.00302707 0.00562117 0.00520187 0.000543275 1.30321e-05 0 0 0 0 0 0 0 0 0 0 0 0 0 0 0 0 0 
0 0 0 0 0 0 0 0 0 0 0 0 0 0 0 0 0 0 2.47131e-05 0.0040771 0.0146775 0.01404 0.00685005 0.00856986 0.0159799 0.0215444 0.023071 0.0242596 0.0178645 0.0215361 0.0201064 0.0184157 0.0176573 0.022128 0.022085 0.0232458 0.019901 0.0119991 0.0176387 0.0146208 0.0181431 0.0149011 0.0152195 0.0170203 0.0224511 0.0206366 0.0150603 0.0129595 0.0103111 0.0109829 0.00500338 0.000107729 0.000193154 2.09236e-06 0 0 0 0 0 0 0 0 0 0 0 0 0 0 0 
0 0 0 0 0 0 0 0 0 0 0 0 0 0 1.91478e-07 0.000267127 0.00108883 0.00205318 0.00499349 0.00988328 0.0153344 0.0125155 0.00772412 0.0127472 0.0139107 0.0175106 0.0231887 0.024825 0.0219956 0.0191444 0.019932 0.0154639 0.0119611 0.0135928 0.0205824 0.0211128 0.0193466 0.0196594 0.0167932 0.0181371 0.0196871 0.0180639 0.0171518 0.020295 0.020481 0.0273992 0.0292993 0.0227922 0.0222085 0.020741 0.0121035 0.0047118 0.00690691 0.00239151 4.46408e-06 0 0 0 0 0 0 0 0 0 0 0 0 0 0 
0 0 0 0 0 0 0 0 0 0 0 0 0 0.000116253 0.00365012 0.00872814 0.00997963 0.0117104 0.0120325 0.0124141 0.0115377 0.0126459 0.0141443 0.014018 0.0140386 0.0155588 0.0190304 0.0194203 0.0201958 0.0251374 0.0239581 0.0225747 0.0155511 0.0134295 0.0197432 0.022039 0.0268239 0.0255246 0.0260416 0.0296048 0.0288527 0.0312128 0.022114 0.0272691 0.0198353 0.0282382 0.0287081 0.0311838 0.0279547 0.0243304 0.0187525 0.0175888 0.0196197 0.0129766 0.00213977 4.33949e-05 2.4062e-05 0 0 0 0 0 0 0 0 0 0 0 0 
0 0 0 0 0 0 0 0 0 0 0 0 4.30109e-06 0.00191059 0.0089388 0.0136982 0.0154469 0.0116884 0.0100483 0.00811168 0.00797258 0.0112229 0.0135349 0.0125208 0.0183228 0.0208959 0.0134987 0.0116876 0.00894262 0.0185468 0.0220638 0.021716 0.015665 0.0165612 0.0207471 0.0238971 0.0273899 0.029682 0.0411899 0.0568678 0.0349175 0.0316961 0.0236677 0.028842 0.0216954 0.0223906 0.020397 0.025455 0.0294912 0.029799 0.024178 0.0305139 0.0226155 0.0154078 0.0080108 0.00742992 0.00394524 0.000101621 0 0 0 0 0 0 0 0 0 0 0 
0 0 0 0 0 0 0 0 0 0 0 7.63349e-05 0.00225439 0.00698746 0.01303 0.0110988 0.00958314 0.00639741 0.00543619 0.00826542 0.00843739 0.00764982 0.0110888 0.0150763 0.0176256 0.0166816 0.0155177 0.0115252 0.0114895 0.00924588 0.0108679 0.0160215 0.0149219 0.0153106 0.0172055 0.0123827 0.0135374 0.0298799 0.0442491 0.0604869 0.0334932 0.0292009 0.0293375 0.0262063 0.0238407 0.0226206 0.0224575 0.0231915 0.0292044 0.0320641 0.0264279 0.0281086 0.0235174 0.0190734 0.0149338 0.0190483 0.0159452 0.00979242 0.000430975 0 0 0 0 0 0 0 0 0 0 
0 0 0 0 0 0 0 0 0 0 0.000354329 0.00408943 0.0100967 0.0145252 0.0200287 0.0174937 0.0108563 0.0135668 0.0163461 0.0126265 0.0109325 0.00915902 0.0143771 0.0131513 0.0137349 0.0148093 0.0182894 0.0166634 0.0179014 0.00972863 0.0102179 0.0170046 0.0103242 0.0143213 0.0113163 0.0153958 0.0119159 0.0247994 0.0245691 0.0269246 0.025073 0.0246584 0.0216703 0.0261767 0.0242276 0.0231277 0.0228911 0.0228265 0.0256274 0.0365233 0.0250155 0.0216002 0.0217594 0.0256569 0.0196427 0.0200318 0.0232213 0.021585 0.00413084 2.63173e-05 0 0 0 0 0 0 0 0 0 
0 0 0 0 0 0 0 0 0 0.000246338 0.00662018 0.0165526 0.0220769 0.00988342 0.010813 0.0105614 0.0125029 0.0139594 0.0115988 0.00659471 0.00698048 0.00952984 0.0116171 0.00841321 0.0110127 0.0145911 0.0201816 0.0158863 0.0154082 0.0119263 0.0131454 0.0166651 0.0114757 0.0119349 0.00939944 0.0119299 0.0182818 0.0161406 0.0167368 0.0171002 0.0190092 0.0232824 0.0223501 0.0304595 0.0194715 0.0197968 0.025407 0.0261605 0.0255296 0.0328053 0.0274184 0.02695 0.0277811 0.0306632 0.0252728 0.0262385 0.0229113 0.0156339 0.00300761 1.47057e-05 0 0 0 0 0 0 0 0 0 
0 0 0 0 0 0 0 0 0 0.0025361 0.0121115 0.0146532 0.0128482 0.00852466 0.0121617 0.0120534 0.0107493 0.0093553 0.0104918 0.00530326 0.00469783 0.00834238 0.00992373 0.00960924 0.0117092 0.0136602 0.016969 0.0126765 0.0140814 0.0141742 0.0192795 0.0132041 0.0112479 0.0118686 0.0139183 0.0151427 0.0229036 0.0191446 0.0171548 0.0218309 0.0157318 0.0185573 0.0255768 0.0293092 0.0227517 0.0200957 0.0197968 0.021794 0.0241581 0.0267175 0.0251175 0.0268129 0.0279662 0.0334112 0.0391563 0.0301149 0.0204256 0.0121736 0.00292393 0.0014714 0.00245257 0.000210539 0 0 0 0 0 0 0 
0 0 0 0 0 0 0 0 0 0.00056704 0.00431128 0.0074503 0.00972454 0.0112381 0.00912339 0.0105519 0.0112011 0.011418 0.0103093 0.00702731 0.00324247 0.00597321 0.00987454 0.0134483 0.0101511 0.0107214 0.019437 0.0215289 0.0154045 0.0147612 0.0187792 0.0123058 0.0190443 0.0166827 0.0155219 0.0159639 0.0188979 0.0171917 0.0193667 0.0168198 0.0166551 0.0206495 0.0277753 0.0241054 0.0212423 0.01966 0.0212468 0.0131318 0.0158965 0.0176332 0.0187945 0.021228 0.0271144 0.029447 0.030464 0.0319517 0.0221362 0.0165231 0.0106916 0.00782437 0.00991828 0.00152129 0 0 0 0 0 0 0 
0 0 0 0 0 0 0 0 0 4.85516e-05 0.00359305 0.0099065 0.0133285 0.0125046 0.0119487 0.00887997 0.00577137 0.00641342 0.00765681 0.00950523 0.00656376 0.00799661 0.0112138 0.0114883 0.0125775 0.0131788 0.0156554 0.0164463 0.0204896 0.0205902 0.0183715 0.0155533 0.0175663 0.0188038 0.0123475 0.0230079 0.0232395 0.0247584 0.0199483 0.0164361 0.0171011 0.0248327 0.0287948 0.0275359 0.0214752 0.0214626 0.0251234 0.0147472 0.0158 0.0166263 0.0177544 0.0242054 0.0255796 0.0197988 0.0207378 0.0306427 0.0187253 0.0199848 0.0125797 0.00924486 0.00861077 0.00188026 0.00058405 0 0 0 0 0 0 
0 0 0 0 0 0 0 0 1.27609e-06 0.000331118 0.00597866 0.0121881 0.0104246 0.0113986 0.0175598 0.0121136 0.0106406 0.00956648 0.0071179 0.00735811 0.00744601 0.00872559 0.0120315 0.0106644 0.0109909 0.00716314 0.0123787 0.0130492 0.012443 0.0171895 0.0183073 0.0150397 0.0130021 0.0191102 0.0124445 0.02402 0.0267011 0.0244073 0.0220503 0.0159226 0.0231772 0.0229355 0.0265393 0.0279246 0.0272925 0.02598 0.0266755 0.0272276 0.0170719 0.0185267 0.0189899 0.0233388 0.0191695 0.0204815 0.0237601 0.0225349 0.023301 0.0204567 0.0147829 0.00769527 0.00833389 0.00583875 0.00408662 0.000591522 0 0 0 0 0 
0 0 0 0 0 0 0.000500769 0.00129168 0.000667447 0.00312915 0.00825671 0.0134886 0.0107514 0.00799116 0.00940342 0.0105013 0.0127843 0.00763226 0.00699484 0.00889319 0.0146128 0.0111913 0.0077455 0.0150629 0.0189302 0.0105692 0.00949673 0.00754264 0.0066481 0.0102664 0.0133074 0.0126338 0.0123347 0.0137568 0.0122182 0.0229024 0.0274113 0.0249284 0.0240016 0.0191059 0.0204554 0.0256867 0.0272719 0.0231943 0.0243665 0.0282425 0.0276776 0.0255325 0.0193507 0.0203588 0.0234431 0.0257329 0.0167107 0.0136437 0.0205283 0.0218078 0.0246744 0.0124781 0.00688587 0.00681339 0.00721049 0.0106674 0.0117364 0.00282136 0 0 0 0 0 
0 0 0 0 0 0.00021 0.00186993 0.00474657 0.00360379 0.00840752 0.0100379 0.0149587 0.0124613 0.0081667 0.00953023 0.0126214 0.0107453 0.00616386 0.00884328 0.0157168 0.0142322 0.0146179 0.0105657 0.020167 0.0167595 0.0105822 0.00668102 0.0106789 0.00948917 0.0122341 0.0120045 0.00932087 0.00873011 0.0130136 0.0180064 0.0228216 0.0274711 0.0274996 0.0237219 0.0228911 0.0227417 0.0278852 0.0191567 0.024337 0.0233491 0.0231822 0.0286651 0.0139784 0.0145904 0.0129036 0.016046 0.0221191 0.0153422 0.0139206 0.0146481 0.0188999 0.0259598 0.012325 0.00634571 0.00965513 0.00777355 0.0135326 0.0125552 0.00198655 0 0 0 0 0 
0 0 0 0 0 0.000846965 0.00571844 0.00923737 0.011085 0.0179975 0.0155844 0.0164394 0.0146479 0.0129561 0.0178651 0.014958 0.013691 0.0112616 0.0129751 0.0104178 0.01222 0.0129066 0.0123212 0.0169824 0.0155098 0.0110437 0.011662 0.0155997 0.014655 0.023043 0.0227943 0.0160111 0.0142407 0.0127783 0.0183115 0.0205307 0.0233582 0.025098 0.0254489 0.0306774 0.0247947 0.0307431 0.0252368 0.0226653 0.0234095 0.022898 0.0305745 0.0194975 0.0155964 0.0116182 0.0184476 0.0219066 0.0208188 0.0165247 0.018932 0.0192728 0.0250608 0.0145134 0.01111 0.0154573 0.0141945 0.0108112 0.00585866 0.000508484 0 0 0 0 0 
0 0 0 0 9.02621e-05 0.00675709 0.0127537 0.0136334 0.0173908 0.0214277 0.0355328 0.0339406 0.0188131 0.0115663 0.0128155 0.0147695 0.00888906 0.0110067 0.0169688 0.0163912 0.0179302 0.0122779 0.0136755 0.0132154 0.0106895 0.0137728 0.0150169 0.0153604 0.0174687 0.0178964 0.0199941 0.0193017 0.0186562 0.0130046 0.0158021 0.0141339 0.026466 0.0265453 0.025746 0.0379055 0.0321511 0.0332785 0.0294758 0.0294557 0.0297805 0.0262024 0.0313827 0.0310483 0.0310643 0.0252618 0.0185263 0.0198963 0.019223 0.0158929 0.0229873 0.0211176 0.0203324 0.015663 0.00974816 0.0119581 0.0138031 0.0133303 0.00526103 2.0036e-05 0 0 0 0 0 
0 0 0 7.11655e-05 0.00414693 0.00915414 0.0109516 0.0145744 0.0188475 0.0337377 0.0656219 0.0447959 0.0156313 0.0105346 0.0127523 0.0116981 0.0072278 0.0085502 0.0124842 0.0177532 0.0165373 0.0122058 0.00983489 0.010626 0.0125994 0.0143386 0.0152968 0.0133714 0.0114528 0.0130443 0.0126574 0.0160734 0.0185322 0.0170445 0.0139076 0.0161135 0.0277609 0.0274801 0.0287847 0.0303349 0.0383443 0.029165 0.0269728 0.0271999 0.0292284 0.0291656 0.0292704 0.0329796 0.0343766 0.0274542 0.022357 0.0190082 0.0211296 0.0231623 0.0211739 0.0209641 0.011972 0.0156052 0.0122027 0.0112007 0.00961252 0.0127884 0.0060818 0.000217783 6.39213e-05 0.000380898 0 0 0 
0 0 0 0.00158803 0.00634787 0.00499622 0.0115442 0.0129677 0.0154881 0.0247544 0.0286501 0.0302377 0.017592 0.00852672 0.00963848 0.0100822 0.00708264 0.00797442 0.00994017 0.0139958 0.0162477 0.0147449 0.0120987 0.0159666 0.0147942 0.0153571 0.014315 0.0121061 0.00993951 0.0152412 0.0143527 0.0155661 0.0180022 0.0179562 0.0161745 0.0156237 0.02983 0.0261321 0.0254214 0.0295043 0.0308264 0.0292979 0.0243898 0.0303986 0.0287634 0.0268112 0.0291495 0.0288583 0.030925 0.0325614 0.0220054 0.0188841 0.0182779 0.0183651 0.0228102 0.0226796 0.0098385 0.0117274 0.00811396 0.0117391 0.0112192 0.01196 0.00457508 0.000684123 0.000554865 0.000563696 0.000361769 0 0 
0 0 0 0.000822198 0.00243004 0.00591107 0.00500323 0.00432569 0.00522185 0.0114848 0.0102549 0.0128646 0.0108927 0.00836996 0.0101871 0.00681129 0.00684923 0.00630534 0.00996761 0.00936452 0.0111401 0.0121951 0.013268 0.0193777 0.0204541 0.0176281 0.0155975 0.0208575 0.0122708 0.0101317 0.00970209 0.00988329 0.0169569 0.0218006 0.0207113 0.0236011 0.0269532 0.0225265 0.0234417 0.0274105 0.0281999 0.0216536 0.0232546 0.030301 0.0287782 0.0261314 0.0323657 0.0321343 0.0302306 0.0353102 0.0234829 0.0140978 0.0191668 0.0197443 0.0169191 0.0151365 0.00970047 0.0115052 0.0143378 0.0148751 0.00961443 0.0109888 0.00433413 0.00473884 0.00709197 0.00653609 0.000595809 0 0 
0 0 0 5.15845e-05 0.00223117 0.00582366 0.00248249 0.000700157 0.00226377 0.00465718 0.00721184 0.00701162 0.0127672 0.0115385 0.0135003 0.0141406 0.0121818 0.0109951 0.00954141 0.0136834 0.0142942 0.0200607 0.0193482 0.0136717 0.0164553 0.013565 0.0102122 0.0153521 0.0115716 0.00906773 0.00769844 0.00715498 0.0133895 0.0173778 0.0226622 0.0251632 0.0271159 0.0313988 0.0289448 0.032408 0.0294471 0.026658 0.0230316 0.0297871 0.0332822 0.0315019 0.0332773 0.0335102 0.0401741 0.0405436 0.0292076 0.0177574 0.017056 0.0222665 0.0196146 0.0246433 0.0235175 0.023459 0.0182903 0.0156623 0.00791284 0.00903987 0.0108957 0.0149937 0.0155529 0.00969506 0.0020733 2.61746e-05 0 
0 0 0 0 0.00010628 0.000351184 0.000103276 0.00105285 0.00516277 0.00358052 0.0090272 0.00988066 0.0176878 0.0179053 0.0162345 0.0218031 0.0159092 0.0132303 0.0130202 0.0156661 0.0146796 0.018471 0.0196136 0.0169509 0.0157862 0.0158495 0.0181336 0.0147136 0.0148714 0.0136192 0.0117891 0.0148308 0.0134033 0.0195821 0.0240713 0.0242947 0.0234219 0.0293741 0.0359614 0.035906 0.0321287 0.0240081 0.0257549 0.0261657 0.0244466 0.0315646 0.0322926 0.0267502 0.032581 0.0308979 0.0243177 0.0240813 0.020978 0.0234468 0.023438 0.026905 0.0229353 0.0183838 0.0258385 0.0240695 0.00877201 0.0109262 0.0162359 0.0179099 0.0145852 0.0110618 0.00342848 0.000473566 0 
0 0 0 0 0 0 0 0.001725 0.0101006 0.0113634 0.00843128 0.00933156 0.0134666 0.0100804 0.0211271 0.0296214 0.019181 0.0201654 0.0170011 0.0124933 0.0154535 0.0190905 0.0225096 0.019331 0.0194746 0.016154 0.0188271 0.0166531 0.0164724 0.0154542 0.0151124 0.0139411 0.0188705 0.021764 0.0217716 0.0244956 0.0222699 0.0196205 0.0239111 0.0337377 0.0299597 0.0269889 0.0261053 0.0252393 0.024027 0.0278081 0.0212555 0.0269568 0.0285008 0.0221903 0.015102 0.0233154 0.0242689 0.0220808 0.0178836 0.0198072 0.0233705 0.0268933 0.0263638 0.0322554 0.0122699 0.0107585 0.0103759 0.0138911 0.0135644 0.0109024 0.00436972 0.000754751 0 
0 1.10639e-05 0.000747899 0.00110622 0.000638457 0.000221474 0.000860156 0.00434503 0.00914675 0.0171337 0.0132973 0.0103472 0.00908573 0.0102366 0.0197319 0.0318761 0.0207759 0.0172739 0.0172937 0.0175451 0.0232998 0.016419 0.0173005 0.0183585 0.0179949 0.0160343 0.0188736 0.0142878 0.00784833 0.0153502 0.0160536 0.0176681 0.0176194 0.0229249 0.0164118 0.0208606 0.0256241 0.0188072 0.0244547 0.02559 0.0308309 0.0318289 0.022906 0.0225131 0.0303435 0.0270583 0.0267207 0.0387519 0.0285179 0.0182102 0.0192616 0.0232948 0.0349612 0.0293248 0.0190992 0.0186416 0.0211596 0.0275984 0.0269788 0.0219586 0.0061018 0.0080652 0.0190691 0.0194232 0.0187063 0.0149478 0.004834 0.000746376 0 
0 0.000146383 0.00598111 0.00478447 0.00406787 0.00235023 0.00627044 0.010807 0.0104461 0.0165812 0.0181323 0.0152484 0.00973926 0.0112552 0.0169733 0.0226314 0.0178892 0.0173421 0.0208566 0.0221533 0.0255142 0.0202211 0.0153154 0.0161259 0.0147122 0.0145392 0.0170958 0.0166077 0.00964844 0.0103433 0.0122879 0.0164116 0.020388 0.0229262 0.0270698 0.0218269 0.0223439 0.0201145 0.0234946 0.0236544 0.033219 0.0263549 0.0278283 0.0260793 0.0318929 0.0193206 0.0164287 0.023438 0.0235504 0.0202645 0.0222565 0.030776 0.0532288 0.0360496 0.0203413 0.017261 0.0148892 0.0185473 0.02264 0.0180619 0.00833227 0.012802 0.0161591 0.0169969 0.0161389 0.0175726 0.00572264 0.000483814 0 
0 0.000111923 0.00278235 0.00567264 0.00917133 0.0126661 0.0159744 0.0109764 0.00945836 0.0100794 0.0103424 0.0124949 0.0116038 0.0143164 0.0145286 0.0170555 0.0160576 0.0202097 0.0267429 0.0249224 0.0303643 0.0243757 0.0171242 0.0199655 0.017564 0.0152521 0.0188543 0.0136423 0.0100209 0.0122597 0.0159121 0.0174213 0.021058 0.0195971 0.030728 0.0229744 0.0208178 0.0302586 0.0279075 0.0255132 0.0291187 0.0257502 0.0245726 0.0228473 0.0197885 0.0225578 0.0151315 0.0210353 0.0243385 0.0178432 0.0229192 0.0255995 0.0397573 0.0309919 0.0246354 0.0197076 0.0217725 0.0163733 0.0142263 0.0159304 0.0140783 0.0195049 0.020656 0.019588 0.0167616 0.0146239 0.00971755 0.00406706 0.000176132 
0 0.000602269 0.00392218 0.00768469 0.00725137 0.00833724 0.0119035 0.0120663 0.0111753 0.0113012 0.0130033 0.0115752 0.0138512 0.0146377 0.015908 0.0142082 0.0124524 0.0124731 0.0115708 0.0201388 0.0158192 0.0184012 0.0225623 0.0222449 0.0200838 0.0162903 0.0154685 0.012699 0.0117947 0.0174543 0.0173743 0.0201565 0.0237902 0.0325929 0.0414697 0.0261609 0.0295544 0.0293975 0.0250432 0.0228412 0.0269018 0.0240988 0.0263106 0.0201314 0.0245395 0.0240749 0.0225112 0.0208732 0.0229428 0.0240902 0.0248597 0.0197991 0.0264289 0.0231944 0.021119 0.0241414 0.0241038 0.0268952 0.0200977 0.0170054 0.0165719 0.0216017 0.0273903 0.0198418 0.0160464 0.0133261 0.0207639 0.0404611 0.00577501 
0 0.00161555 0.00616298 0.00605997 0.00481267 0.0134072 0.0164503 0.012349 0.0160117 0.0114676 0.00789774 0.0127635 0.013932 0.014127 0.0113763 0.0137498 0.0147391 0.0161741 0.0107812 0.00564974 0.010281 0.0160878 0.015322 0.0167541 0.0151353 0.0162417 0.0179767 0.0181442 0.0170277 0.0179425 0.0237664 0.0208319 0.0236915 0.0326349 0.0341202 0.0345125 0.0385014 0.0351634 0.0252725 0.0205302 0.0296889 0.0297719 0.0260373 0.0186042 0.0195947 0.0220965 0.0216517 0.019985 0.0206285 0.0190488 0.0225351 0.0195081 0.0124409 0.0140807 0.020887 0.0236859 0.0312892 0.0324609 0.0288941 0.0229253 0.0121564 0.01149 0.0233043 0.017464 0.0142685 0.0167642 0.0433386 0.117789 0.0237632 
4.42033e-05 0.00141565 0.00514255 0.00726223 0.010008 0.0145826 0.0114986 0.0123885 0.0128912 0.0117516 0.0124017 0.0132058 0.00885708 0.0120154 0.0157536 0.0203944 0.0229385 0.0305314 0.0204407 0.00897657 0.0143504 0.0152502 0.0145487 0.01823 0.0164434 0.0162918 0.0143698 0.0178694 0.0152682 0.0169163 0.017296 0.0158995 0.0194863 0.0311978 0.0292702 0.0319923 0.0426053 0.0376914 0.0217876 0.0165992 0.0357047 0.0263515 0.023174 0.0258416 0.0272345 0.0213068 0.0249281 0.0291843 0.0208786 0.0207453 0.0191826 0.0195386 0.0160257 0.0173415 0.0210473 0.0213092 0.022721 0.0264428 0.0252855 0.0255657 0.0182813 0.0140901 0.0218268 0.019639 0.0176186 0.0145787 0.0279639 0.0718354 0.0224164 
0.000215309 0.00136924 0.005355 0.0116347 0.0135696 0.0119223 0.00657995 0.0065877 0.0100588 0.0161503 0.0155036 0.0101508 0.0057835 0.012234 0.0113114 0.0143151 0.0172972 0.0245761 0.0212651 0.019349 0.0172334 0.0139861 0.00833519 0.0124615 0.0123378 0.0195847 0.0167454 0.0136098 0.0149382 0.0137258 0.0162048 0.0179453 0.0128203 0.0271325 0.0312018 0.0269103 0.0362488 0.0359414 0.0295449 0.0197277 0.0311375 0.0235236 0.0234562 0.0280815 0.0277849 0.0203472 0.0228482 0.0194658 0.0166757 0.011276 0.0139961 0.0174607 0.014895 0.0174674 0.02515 0.020811 0.0153754 0.0133174 0.0164643 0.021488 0.0173075 0.0138503 0.0141357 0.0171837 0.0176707 0.0190844 0.0139718 0.0166439 0.0127171 
0.000780687 0.00171447 0.0064786 0.0113294 0.0138863 0.00696098 0.00610177 0.00723725 0.00758401 0.0143514 0.0164324 0.0220157 0.0171879 0.0187914 0.0134217 0.0172733 0.01528 0.00810121 0.0214901 0.0270394 0.0216423 0.0162702 0.0116267 0.0169006 0.0148533 0.0175723 0.0120443 0.0102456 0.0106214 0.0148559 0.0143174 0.0166672 0.0135182 0.0299516 0.0307919 0.0318773 0.0233814 0.0361213 0.0295277 0.0220278 0.0261018 0.0223236 0.0226601 0.0225714 0.0266351 0.0229624 0.0132599 0.014632 0.0117019 0.0114214 0.0179555 0.0202926 0.0205441 0.0169887 0.0261177 0.0254222 0.0143485 0.0254492 0.0194507 0.014958 0.0119723 0.0116714 0.00935074 0.0123927 0.0120322 0.0196805 0.016768 0.00926836 0.00914413 
0.000619321 0.00124983 0.00488265 0.00706858 0.0079212 0.0132629 0.00720139 0.0107417 0.00904782 0.0073563 0.0153412 0.0413948 0.0621274 0.0280106 0.0216375 0.0150371 0.0172345 0.0163668 0.0183862 0.0218318 0.0233489 0.0217038 0.0166038 0.018527 0.0148528 0.0160835 0.0119078 0.0120643 0.0116657 0.0145431 0.0190174 0.0144032 0.0204718 0.0262551 0.0333085 0.0597678 0.047813 0.0362786 0.0248819 0.0186712 0.0179196 0.0190091 0.021489 0.0177479 0.0183101 0.0176877 0.020245 0.0150781 0.0181424 0.0148716 0.0140427 0.0187606 0.0228643 0.0186322 0.0206403 0.0160468 0.00944748 0.0212417 0.0230339 0.019123 0.0159788 0.016504 0.0182258 0.0168634 0.0151169 0.0168329 0.0122466 0.0114058 0.0025253 
2.3485e-05 6.80497e-05 0.00229686 0.00445864 0.00593965 0.0094369 0.00589967 0.0107262 0.00968159 0.0055875 0.0134096 0.0326599 0.0411552 0.029366 0.0212005 0.0185272 0.0140493 0.0145728 0.0163211 0.0169382 0.0178894 0.0253347 0.0246223 0.0203819 0.015593 0.0147744 0.0165313 0.0155548 0.0129345 0.0141752 0.0153061 0.0182554 0.0279849 0.0289031 0.0637126 0.0963314 0.0435814 0.02857 0.0251053 0.0225042 0.0278326 0.0344229 0.0291775 0.0222693 0.0180866 0.0177177 0.018373 0.0179561 0.0235607 0.0188148 0.014844 0.0161262 0.0213136 0.0199995 0.0201965 0.0137298 0.0149468 0.0162743 0.017529 0.0188178 0.0139787 0.0179713 0.0193797 0.0247022 0.0288474 0.0223992 0.0181431 0.0149778 0.0028483 
0 5.97455e-06 0.000182261 0.000409055 0.00176088 0.00303704 0.00532261 0.00744572 0.00967337 0.00890887 0.00605833 0.00825697 0.0101703 0.0145328 0.0180347 0.0128547 0.0118932 0.0101006 0.0116728 0.0163726 0.026569 0.0268932 0.0266873 0.0215263 0.020166 0.015712 0.0165278 0.0167047 0.0154597 0.0172528 0.0201695 0.016392 0.0186359 0.025743 0.0595487 0.0706953 0.0236684 0.0234901 0.0253161 0.0295126 0.0506009 0.0350022 0.0284509 0.0255467 0.0189319 0.0137684 0.0125034 0.013997 0.0246202 0.0210001 0.0238281 0.018659 0.0209088 0.0202693 0.0188076 0.0170059 0.0173874 0.0126799 0.0179307 0.0200455 0.0194083 0.0267248 0.032255 0.0247229 0.0237934 0.0214121 0.0148575 0.00963147 0.00141521 
0 0 0.000139892 0.00138271 0.00532057 0.00458658 0.0081003 0.011725 0.0130078 0.0133048 0.00754694 0.00764452 0.00953509 0.0135501 0.0159802 0.011156 0.0107396 0.00902705 0.0126909 0.0182374 0.024692 0.020907 0.0249846 0.0205076 0.0217125 0.0254985 0.0172911 0.0144109 0.0165713 0.0190043 0.0186606 0.017617 0.0104944 0.0158205 0.0290346 0.039478 0.0220359 0.0231768 0.0231401 0.0356618 0.0593666 0.0457684 0.0428856 0.0308647 0.0240547 0.017338 0.00977993 0.0130122 0.0344979 0.0191834 0.0204954 0.0202375 0.0204634 0.0165285 0.0206542 0.0155441 0.0150259 0.0192044 0.0213984 0.0239167 0.0269019 0.0321708 0.0377208 0.0223107 0.0223322 0.0209519 0.0140402 0.00492879 0.00109356 
0 6.47368e-07 0.000989248 0.00206784 0.00528943 0.00844399 0.0138041 0.0113901 0.0152887 0.0152672 0.008846 0.00861614 0.0104383 0.0160119 0.0208282 0.0128466 0.00831724 0.00660047 0.0114162 0.0116365 0.0105915 0.0174034 0.0184894 0.0168798 0.0158672 0.0215276 0.0192509 0.018229 0.0197118 0.022363 0.0178009 0.0150469 0.0132621 0.0152343 0.0206034 0.0434916 0.033017 0.0288362 0.0220936 0.0290018 0.032921 0.0374942 0.033184 0.0359257 0.0243438 0.0156724 0.00866767 0.0123165 0.0254982 0.0228418 0.0160664 0.0180675 0.0272069 0.0249755 0.022659 0.0157643 0.0141645 0.0171218 0.0243225 0.0254078 0.0229923 0.0377479 0.0457539 0.0267968 0.0185115 0.0158322 0.0115574 0.00314421 0.00024256 
0 0.000124507 0.00442299 0.0031586 0.00513487 0.0098057 0.0114264 0.0101041 0.012041 0.0070156 0.0052023 0.00899398 0.0143894 0.0198925 0.020434 0.024743 0.015202 0.0130203 0.010233 0.00943344 0.00613233 0.0120794 0.0180247 0.0158671 0.0162727 0.0178798 0.017186 0.017217 0.0187062 0.0215067 0.0146247 0.0135708 0.0143541 0.0144289 0.0178148 0.0366368 0.0343579 0.0308507 0.0275824 0.0224092 0.0278724 0.0266329 0.0317187 0.0296561 0.0260726 0.0186973 0.0144345 0.0158613 0.013756 0.0156123 0.0167042 0.0145156 0.0187695 0.01756 0.0186829 0.0177318 0.0129717 0.019278 0.0260644 0.0242009 0.0228763 0.0276052 0.0428797 0.0279921 0.0206087 0.0171512 0.0149518 0.00469374 3.06557e-05 
0 0 0.00221227 0.00259943 0.00511647 0.00494117 0.00188621 0.00152206 0.0013664 0.000465195 0.00142358 0.00721717 0.0149363 0.0191881 0.0160069 0.016305 0.016356 0.0164444 0.00710751 0.00789612 0.00774832 0.014002 0.0202636 0.0197746 0.0181773 0.017742 0.0163499 0.0126972 0.0181182 0.0156178 0.0180585 0.017375 0.0117351 0.0196091 0.0300872 0.0352046 0.0328941 0.026724 0.02957 0.0293872 0.0318546 0.0281549 0.0371534 0.0324578 0.0301014 0.0254896 0.0175184 0.0158553 0.0123383 0.0177755 0.0149303 0.0123971 0.0234658 0.0214496 0.011954 0.010304 0.011681 0.0177743 0.0213952 0.0158595 0.0182542 0.0213128 0.0249718 0.0208042 0.0171664 0.0198111 0.0093833 0.00145988 1.38208e-05 
0 0 0 1.44559e-05 6.48739e-05 4.79267e-05 0 0 9.72845e-05 0.000882039 0.00358143 0.00629112 0.0122359 0.0152248 0.0133856 0.0108766 0.00834554 0.00933743 0.00873016 0.00977624 0.00998432 0.0153506 0.0173351 0.0154616 0.0137334 0.011447 0.013948 0.012107 0.00948685 0.0104655 0.0169071 0.0188112 0.013968 0.0265371 0.0299347 0.027119 0.0316194 0.0268193 0.0311754 0.0356262 0.0280348 0.0256075 0.0376045 0.0326319 0.0317102 0.026526 0.0217211 0.0165378 0.0196735 0.0162317 0.0117328 0.0180662 0.0261026 0.0226057 0.0139655 0.0103713 0.0109268 0.0141142 0.0174512 0.0125022 0.0127468 0.0161 0.0168628 0.0170274 0.0162304 0.00964364 0.00628204 0.000489886 0 
0 0 0 0 0 0.000421487 0.00120474 0.00161114 0.000340573 0.00340678 0.00836853 0.010318 0.0107333 0.013582 0.0118566 0.00949156 0.0048922 0.00401095 0.00516913 0.0068379 0.0114535 0.0151126 0.0154443 0.0189737 0.0133884 0.0104619 0.0125963 0.0153619 0.0145137 0.0121242 0.0171146 0.0236885 0.0190402 0.0243148 0.0280792 0.0230785 0.0282223 0.0250303 0.0315079 0.0355568 0.0236579 0.0243155 0.0218135 0.0264779 0.0326116 0.0288484 0.025173 0.0308808 0.0299587 0.0157409 0.0139306 0.0298946 0.0412933 0.0322804 0.0261575 0.0201197 0.0171179 0.0213991 0.0178323 0.0131875 0.0113278 0.0166788 0.0177173 0.0198931 0.0152306 0.00609859 0.00106529 0 0 
0 0 0 0 0 7.16969e-06 0.000624322 0.00133958 0.00204941 0.00218131 0.00815004 0.00790093 0.00732048 0.00857722 0.00674564 0.00392178 0.00929085 0.0131438 0.0109786 0.0076479 0.00798149 0.0109321 0.014893 0.0179201 0.0203632 0.0215483 0.0120593 0.0181743 0.0199004 0.0180315 0.0256112 0.0321821 0.0251721 0.0236512 0.0289943 0.0278689 0.0253638 0.0197092 0.027384 0.0233837 0.0199537 0.0224804 0.0233537 0.0245876 0.0222209 0.0241276 0.0304597 0.0333946 0.0341605 0.0276351 0.0240925 0.0348849 0.0529708 0.0471784 0.038512 0.0244746 0.0173317 0.0206626 0.0204009 0.0205367 0.0150698 0.0162803 0.0224956 0.0226551 0.0143471 0.00262952 0.000135741 0.000173076 0 
0 0 0 0 0 0 0.000250693 0.000993626 0.00261185 0.000699084 0.00324089 0.00534887 0.00411213 0.00195718 0.00125833 0.00508529 0.0104485 0.0165309 0.0179762 0.0187316 0.00996079 0.00991658 0.0165703 0.0260318 0.0324457 0.059954 0.0299021 0.021448 0.0193335 0.0199 0.0409691 0.0292571 0.0261605 0.0289433 0.0257942 0.0296184 0.0304747 0.029288 0.0281891 0.0217703 0.0199167 0.0183045 0.0283321 0.029461 0.02824 0.0279447 0.0248969 0.0269977 0.025518 0.0252678 0.0265373 0.0439592 0.0519186 0.0450738 0.0421366 0.033269 0.0235684 0.0228959 0.0273318 0.0337669 0.0271066 0.023795 0.0241495 0.0190978 0.0112038 0.00245334 0.00323431 0.0024407 0 
0 0 0 0.000285838 0.00248582 0.00322314 0.00530405 0.00289173 0.005079 0.00615077 0.00529469 0.00319392 0.0051844 0.00611657 0.00349632 0.0111013 0.0197626 0.0202118 0.0200423 0.0192172 0.0157984 0.017774 0.0210738 0.0348193 0.0438922 0.0662159 0.0441002 0.0177552 0.0192432 0.0279421 0.0343529 0.0317968 0.0225876 0.0336993 0.0393656 0.0343824 0.0312699 0.0351049 0.0265861 0.0206011 0.0218852 0.02826 0.0361169 0.0400477 0.0313655 0.0264502 0.0238326 0.0200487 0.0219374 0.0204628 0.0293665 0.0256319 0.0334416 0.0387968 0.0364381 0.0350909 0.0319559 0.0174992 0.0209521 0.0401775 0.0402235 0.0296192 0.0229177 0.0245438 0.0140536 0.00476148 0.0036027 0.000320005 0 
0 0 0 0.000527867 0.0112791 0.0131529 0.0202395 0.014207 0.0219364 0.0200689 0.0192251 0.0171836 0.0197063 0.0156215 0.0116554 0.0158087 0.0189657 0.0208521 0.0158315 0.0149905 0.0174033 0.0170725 0.0273382 0.0437187 0.0314597 0.050812 0.0321125 0.0179378 0.0222027 0.0255 0.0325591 0.0440513 0.0387456 0.0467342 0.0574114 0.0602421 0.0634277 0.0410407 0.0255071 0.024312 0.0282377 0.0291586 0.0349698 0.035824 0.0259349 0.014915 0.0156921 0.0243242 0.0296477 0.0275435 0.0293305 0.0202424 0.0231789 0.0247666 0.0283685 0.0338443 0.0334357 0.0228063 0.0218933 0.0203172 0.0342723 0.0264793 0.0206005 0.0185037 0.0160107 0.00604247 0.00179919 0.000182222 0 
0 0 0 0.00130936 0.019398 0.0219698 0.0162121 0.0206828 0.0171782 0.0189125 0.0294879 0.0289122 0.0264884 0.0230054 0.0198634 0.0189531 0.0239 0.017654 0.0123237 0.0117081 0.0201316 0.0230016 0.0272739 0.0367601 0.0263609 0.0185713 0.0192917 0.0185292 0.018829 0.0296393 0.0290776 0.0365403 0.0399477 0.0391687 0.0456755 0.0284808 0.0267865 0.0273971 0.0232122 0.032056 0.0381519 0.029949 0.0226335 0.0208251 0.0287674 0.0247729 0.0232287 0.0463728 0.0594705 0.0412953 0.0252258 0.0222366 0.0230296 0.0214658 0.0242663 0.0314141 0.0314746 0.0236784 0.024954 0.0147982 0.0101147 0.0116012 0.0173151 0.0149764 0.0140201 0.00609816 0.00141244 2.13268e-05 0 
0 0 0 0.000487992 0.00851828 0.0187772 0.0237517 0.0237131 0.015573 0.0225568 0.0221685 0.0286417 0.0232737 0.0217574 0.0252175 0.0239019 0.026495 0.0178965 0.0153113 0.0156261 0.0185054 0.0240885 0.0293432 0.0302168 0.0372842 0.0321503 0.0217226 0.0161073 0.017871 0.0173318 0.0250484 0.0212386 0.0387545 0.0750355 0.0369434 0.0188967 0.0193401 0.0215484 0.0259547 0.0406331 0.0329131 0.0285062 0.0239543 0.0207658 0.0324982 0.0329504 0.0350558 0.0465589 0.0437555 0.0306227 0.0206652 0.0168582 0.0207894 0.0262657 0.0323459 0.032247 0.0323401 0.0211024 0.0248002 0.0226998 0.00965406 0.0142877 0.0179612 0.0181855 0.0101039 0.00518094 0.000546742 0 0 
0 0 0 1.76135e-05 0.00336457 0.0138376 0.0244294 0.0239569 0.0199756 0.0219245 0.0243953 0.0269973 0.0261662 0.0364323 0.0254775 0.0268283 0.0296293 0.0204308 0.0174584 0.0113451 0.0130226 0.0237951 0.026668 0.0388259 0.0816444 0.0339856 0.0338396 0.0255723 0.0186369 0.0163155 0.0246485 0.0288577 0.0397314 0.0410041 0.0252803 0.0185461 0.0110915 0.0189615 0.0210589 0.0241728 0.0246884 0.0218275 0.029612 0.0277919 0.0389067 0.026678 0.0257479 0.0329754 0.0289523 0.0241276 0.0139571 0.0159665 0.0240199 0.0257733 0.0323647 0.0281338 0.0256173 0.021431 0.0288575 0.0268865 0.0163539 0.0154733 0.0209768 0.0123515 0.00234305 0.00232773 0.000380563 0 0 
0 0 0 0 0.00177834 0.0164415 0.0243906 0.0133561 0.0112769 0.014913 0.0222463 0.0274445 0.0305123 0.0382663 0.0272828 0.0283088 0.0250846 0.0149275 0.015859 0.0102228 0.0133895 0.017275 0.0262077 0.03106 0.0433312 0.0265399 0.0364767 0.0289412 0.0147537 0.0142459 0.0141932 0.0212296 0.0256394 0.028999 0.0293429 0.0312458 0.0220703 0.0291737 0.0253403 0.0242075 0.0317028 0.0223398 0.0312341 0.0301967 0.0276381 0.0165977 0.0255687 0.0223378 0.0196346 0.0181925 0.0127142 0.0119307 0.0211069 0.0264384 0.0297652 0.0284554 0.0143658 0.0199743 0.0214704 0.0210811 0.0193021 0.0174072 0.0152686 0.00762306 0.0018338 0.000184839 0 0 0 
0 0 0 0 0.00060962 0.0181374 0.0234134 0.0102026 0.0149289 0.0241718 0.0241965 0.0199635 0.0235532 0.028608 0.0268075 0.0256086 0.0173025 0.0115367 0.0155728 0.0126394 0.0127195 0.0131556 0.0211788 0.0239923 0.0226538 0.0275287 0.0729036 0.04075 0.0256628 0.0168973 0.0200135 0.0318389 0.0372773 0.0354608 0.0384208 0.0383681 0.0485418 0.0420948 0.0334854 0.0322676 0.0324415 0.0303707 0.0389201 0.0428178 0.024534 0.0170306 0.014709 0.00925506 0.0108151 0.0111034 0.0117775 0.0133732 0.0197284 0.0310729 0.0285548 0.0208825 0.014497 0.0201179 0.0203446 0.0216942 0.0199985 0.0139816 0.0195682 0.0164386 0.00595009 0 0 0 0 
0 0 0 0 3.0383e-06 0.00464895 0.0177701 0.015167 0.0143024 0.0253937 0.0312359 0.0241725 0.0216463 0.0209685 0.028326 0.0245355 0.0212259 0.0156878 0.0139584 0.00844732 0.0160322 0.0221057 0.0264614 0.0261386 0.0250109 0.0612947 0.0642347 0.0276841 0.0236652 0.022855 0.0347237 0.0425578 0.0481714 0.0613845 0.0414634 0.0405273 0.0577577 0.0424114 0.0256318 0.0337223 0.029976 0.0461478 0.0490057 0.03812 0.0160538 0.0180079 0.0116703 0.00632414 0.0152532 0.0195519 0.0149124 0.0190578 0.018641 0.0199345 0.0206918 0.0162061 0.0163334 0.0210845 0.0202944 0.0178453 0.0216376 0.0190929 0.0118587 0.00742695 0.0016032 0 0 0 0 
0 0 0 0 0 0.00035754 0.0109926 0.0277604 0.0228518 0.0223973 0.022014 0.0324079 0.0364887 0.0256128 0.0298534 0.0277694 0.0232901 0.0178779 0.0176231 0.014289 0.0167728 0.0249526 0.0276621 0.0257989 0.0256598 0.0396552 0.0337364 0.0248077 0.0234539 0.0241709 0.0359909 0.042936 0.0379403 0.0494565 0.0322203 0.0348872 0.044414 0.0418227 0.0339255 0.0295208 0.0297967 0.042689 0.0389191 0.0304814 0.0376383 0.0386808 0.0178999 0.00896194 0.0235223 0.0225195 0.0303564 0.0255865 0.0189069 0.0205668 0.0187521 0.0190639 0.0204762 0.0215265 0.0222807 0.0268697 0.0202069 0.0123983 0.00540498 0.0004206 9.34619e-05 0 0 0 0 
0 0 0 0 0 0 0.00151174 0.0150694 0.0188273 0.0234949 0.019681 0.0235753 0.0267903 0.0238199 0.0307183 0.0164626 0.0153903 0.0154717 0.0145685 0.0117359 0.0210253 0.0265533 0.0274436 0.0269821 0.025859 0.0298673 0.0312988 0.034121 0.0255898 0.0212024 0.0221296 0.0320171 0.0294946 0.0329611 0.0201063 0.0276001 0.0449299 0.0424038 0.0269699 0.0264228 0.0202289 0.0201613 0.043241 0.0375902 0.0414254 0.0347563 0.016041 0.0139555 0.0241219 0.0225781 0.0285658 0.0237355 0.0249875 0.0235295 0.0252046 0.0280504 0.0197162 0.0238 0.0234701 0.0179723 0.0100149 0.00487982 0.000131116 0 0 0 0 0 0 
0 0 0 0 0 0 1.59555e-07 0.000605432 0.00379238 0.0105604 0.0174357 0.0156013 0.0188153 0.0194749 0.0290067 0.0255862 0.022536 0.015165 0.0132756 0.0199527 0.0227676 0.0274291 0.0320995 0.0284603 0.0298883 0.0235463 0.0261941 0.0339661 0.0275425 0.025427 0.0192767 0.0179024 0.0192922 0.0251865 0.0223967 0.0254658 0.0307639 0.0335615 0.0187886 0.0271951 0.0253699 0.023762 0.0417946 0.0376972 0.0368003 0.036235 0.0187841 0.0159299 0.0165821 0.0150101 0.0160493 0.0206658 0.0273981 0.0285781 0.0343692 0.0289536 0.0269418 0.0205562 0.020863 0.0228737 0.00970669 0.0019259 0 0 0 0 0 0 0 
0 0 0 0 0 0 0 0 0.000527247 0.00609453 0.0109939 0.0270271 0.0254193 0.0156455 0.0268135 0.0284689 0.0287292 0.0203351 0.0179534 0.0152532 0.0218371 0.0279361 0.0358474 0.0370022 0.0258177 0.024905 0.0270798 0.0331731 0.0283611 0.0228128 0.0248644 0.02206 0.0250052 0.0238604 0.0249159 0.0294757 0.0238821 0.0205574 0.0188527 0.0220996 0.0213988 0.021591 0.0219477 0.0353374 0.0374089 0.0246478 0.0130958 0.0162657 0.014863 0.00894131 0.0118596 0.0173474 0.0225443 0.0189494 0.0258032 0.0282661 0.0320668 0.0309542 0.0334951 0.0175735 0.00457274 3.77288e-05 0 0 0 0 0 0 0 
0 0 0 0 0 0 0 0 5.66636e-05 0.00297453 0.0079267 0.0198655 0.0160433 0.0132284 0.0251862 0.0326117 0.0238677 0.0233376 0.0255527 0.0235812 0.0244234 0.0251893 0.0305286 0.0226078 0.0219031 0.037637 0.0331742 0.0250062 0.0207928 0.023377 0.0254611 0.0235247 0.0230764 0.0297541 0.0277766 0.0297784 0.0234488 0.015688 0.0195397 0.016372 0.0223876 0.0242155 0.0246452 0.0379419 0.0249651 0.00853559 0.0111231 0.0147601 0.0167628 0.0124541 0.0178171 0.0220343 0.0241254 0.0195935 0.0260714 0.0328938 0.0368271 0.0305035 0.0268977 0.0133807 0.00214981 0 0 0 0 0 0 0 0 
0 0 0 0 0 0 0 0 0 0.000419335 0.00225219 0.00250071 0.00511987 0.0142298 0.0253986 0.0368761 0.0276944 0.0240632 0.032503 0.0243727 0.0385579 0.0339501 0.0304135 0.0340463 0.0303238 0.0273842 0.0219305 0.0215412 0.0273636 0.0279116 0.0244621 0.0233593 0.0240936 0.0355032 0.0370308 0.0271948 0.0227362 0.0206591 0.0200389 0.0150126 0.0134852 0.0249184 0.0310007 0.0343937 0.0156203 0.00645501 0.0180675 0.0154887 0.0168686 0.0186622 0.0173661 0.018645 0.0197165 0.0226112 0.0375573 0.042736 0.0295904 0.0176324 0.0136054 0.0035669 0.000162383 0 0 0 0 0 0 0 0 
0 0 0 0 0 0 0 0 0 0 9.80069e-05 4.63648e-05 0.000558432 0.00890297 0.0348084 0.0543066 0.025026 0.0216162 0.0317655 0.0338379 0.0368856 0.0392863 0.0407776 0.0339646 0.0275038 0.024658 0.0218504 0.0260079 0.0320605 0.0275811 0.0213502 0.021492 0.0295397 0.0342456 0.0426546 0.0361503 0.0290685 0.0242817 0.0265465 0.0231975 0.0144127 0.026596 0.0310619 0.0334062 0.02635 0.0202518 0.0336858 0.0308761 0.0187137 0.0284163 0.0280231 0.0251915 0.0194415 0.0247173 0.0311812 0.0280326 0.0191489 0.00988401 0.00291163 0 0 0 0 0 0 0 0 0 0 
0 0 0 0 0 0 0 0 0 0 0 0 6.28754e-05 0.00256418 0.0150832 0.0239784 0.0202547 0.0186609 0.0289595 0.0374796 0.0307928 0.0291431 0.0324519 0.028844 0.0265648 0.0262667 0.0283621 0.0364599 0.0325101 0.028239 0.0246482 0.0232829 0.0344128 0.0379751 0.0495379 0.0378341 0.0240483 0.0279228 0.033344 0.028708 0.0209653 0.0278986 0.0269164 0.0289623 0.0322904 0.0329619 0.0390588 0.0368616 0.0292965 0.0225176 0.0267688 0.025349 0.028556 0.0238063 0.0242887 0.0176105 0.00747369 0.00324196 0.000112737 0 0 0 0 0 0 0 0 0 0 
0 0 0 0 0 0 0 0 0 0 0 0 0 4.0037e-06 0.00193865 0.00679598 0.0151566 0.0136406 0.0199496 0.0249463 0.0191796 0.0220908 0.0251655 0.0288026 0.0256762 0.0315071 0.0282319 0.0338154 0.0282463 0.0295778 0.0310277 0.0344518 0.0269867 0.0215867 0.0307305 0.0345773 0.0223158 0.0208594 0.0319329 0.0260057 0.0206357 0.0225644 0.0288599 0.0343893 0.0373396 0.0301834 0.028585 0.0238615 0.0239456 0.0212863 0.0283061 0.0198578 0.0263458 0.018468 0.0198449 0.00949517 0.0022349 0.000578016 0 0 0 0 0 0 0 0 0 0 0 
0 0 0 0 0 0 0 0 0 0 0 0 0 0 0 0.0004235 0.00165352 0.00403144 0.00592355 0.0162877 0.0179355 0.0177332 0.021593 0.0228088 0.0271832 0.0315901 0.0208924 0.0262727 0.0306737 0.0471791 0.0402506 0.0297625 0.0135609 0.00988337 0.0304517 0.0232128 0.0141259 0.021601 0.0371488 0.0251456 0.0203737 0.0193451 0.0277344 0.0335163 0.0368095 0.0341224 0.0264197 0.0183678 0.0207428 0.0195477 0.0206422 0.0143061 0.0152222 0.0122868 0.010222 0.00429781 0.0002972 0 0 0 0 0 0 0 0 0 0 0 0 
0 0 0 0 0 0 0 0 0 0 0 0 0 0 0 0 7.12525e-06 0.000118029 6.13344e-05 0.00172375 0.00670702 0.0132819 0.0216284 0.0271216 0.0334271 0.0382433 0.0270524 0.0244963 0.0317532 0.0398351 0.0279367 0.0147025 0.00609586 0.0137485 0.0226153 0.0192956 0.016978 0.0139101 0.0291004 0.0250847 0.0202252 0.0192111 0.0204502 0.0311339 0.0335435 0.0351566 0.0203995 0.0143309 0.0132317 0.0144531 0.0161228 0.0178688 0.0118705 0.00351693 0.00030475 1.92354e-05 0 0 0 0 0 0 0 0 0 0 0 0 0 
0 0 0 0 0 0 0 0 0 0 0 0 0 0 0 0 0 0 0 0 0.00300156 0.00618467 0.0155559 0.0248413 0.0302661 0.0328201 0.0368508 0.0344049 0.0244884 0.0226448 0.0116475 0.00600983 0.0171529 0.0237717 0.0232695 0.0210588 0.0166762 0.0126586 0.0251893 0.038575 0.0267544 0.0288861 0.0279615 0.0326913 0.0345311 0.0368625 0.017319 0.00618762 0.0065243 0.00322869 0.00559924 0.00565824 0.00212307 8.80939e-06 0 0 0 0 0 0 0 0 0 0 0 0 0 0 0 
0 0 0 0 0 0 0 0 0 0 0 0 0 0 0 0 0 0 0 0 0.00026035 0.00138577 0.00469544 0.0132077 0.0223139 0.030927 0.0280964 0.0180668 0.00825159 0.00475082 0.00150872 0.0026498 0.00886109 0.0247476 0.0331425 0.0204082 0.0213541 0.0206698 0.021888 0.0307006 0.0287566 0.0253893 0.0293398 0.0316451 0.0334042 0.0232203 0.00865348 0.00267868 0.0029378 0.00111235 0.000279415 0.000250185 0 0 0 0 0 0 0 0 0 0 0 0 0 0 0 0 0 
0 0 0 0 0 0 0 0 0 0 0 0 0 0 0 0 0 0 0 0 0 0.0005216 0.00123219 0.00410901 0.00988803 0.0146323 0.0145757 0.0050142 0.00328601 0.0238768 0.0299391 0.0126817 0.00684015 0.0164618 0.0183266 0.0152966 0.0163665 0.0186569 0.0184468 0.0208485 0.0241593 0.0138067 0.0188406 0.0149784 0.0130711 0.0107475 0.00474045 0.000306185 0.000400525 0 0 0 0 0 0 0 0 0 0 0 0 0 0 0 0 0 0 0 0 
0 0 0 0 0 0 0 0 0 0 0 0 0 0 0 0 0 0 0 0 0 0 0.000132047 0.000382842 0.000944099 0.00406616 0.00502326 0.00259611 0.013738 0.0361409 0.0345407 0.0129095 0.00415804 0.00611402 0.00407745 0.00407103 0.0133101 0.0168664 0.0122821 0.00803877 0.0130274 0.0108866 0.00672624 0.00566543 0.00174241 0.00177327 0.000206832 6.47953e-07 0 0 0 0 0 0 0 0 0 0 0 0 0 0 0 0 0 0 0 0 0 
0 0 0 0 0 0 0 0 0 0 0 0 0 0 0 0 0 0 0 0 0 0 0 0 0 3.20483e-05 1.04256e-05 0.000286715 0.00386466 0.0099502 0.00343316 0.000569797 0 0 0 7.51395e-05 0.0031113 0.00353386 0.00181106 0.000553979 0.000640358 0.00208726 0.000943437 0.000260084 0 0 0 0 0 0 0 0 0 0 0 0 0 0 0 0 0 0 0 0 0 0 0 0 0 

