0 0 0 0 0 0 0 0 0 0 0 0 0 0 0 0 0 0 0 0 0 0 0 0 0 0 0 0 0 6.55435e-06 0.000314185 0.000190837 0.000281782 0.000384737 7.11833e-05 0 2.90422e-06 6.4841e-05 0 0 0 0 0 0 0 0 0 0 0 0 0 0 0 0 0 0 0 0 0 0 0 0 0 0 0 0 0 0 0 
0 0 0 0 0 0 0 0 0 0 0 0 0 0 0 0 0 0 0 0 0 0 0 0 0 0 0.000172148 0.00111976 0.00543129 0.0076246 0.00956758 0.00879754 0.008226 0.00483005 0.00332336 0.0032378 0.0110366 0.0106159 0.00431046 5.18184e-05 0.000518221 0.000499714 6.28177e-05 0.000300498 0.000161682 1.8802e-05 0 0 0 0 0 0 0 0 0 0 0 0 0 0 0 0 0 0 0 0 0 0 0 
0 0 0 0 0 0 0 0 0 0 0 0 0 0 0 0 0 0 0 0 0 0 0 0 0 0.000654374 0.00556924 0.0103076 0.0160411 0.0138044 0.0109967 0.015194 0.0157213 0.0198554 0.0140215 0.00761566 0.01866 0.0154489 0.00750636 0.00204909 0.00199418 0.0023357 0.00110464 0.00338815 0.00865565 0.00248422 0.000392354 0.00012275 2.72107e-07 0 0 0 0 0 0 0 0 0 0 0 0 0 0 0 0 0 0 0 0 
0 0 0 0 0 0 0 0 0 0 0 0 0 0 0 0 0 0 0 0 0 0 0 0 0.000249925 0.00267274 0.00731125 0.012663 0.0165934 0.0150236 0.0151227 0.0169843 0.0115751 0.0219035 0.0153074 0.00850477 0.0128999 0.0149361 0.0129623 0.00764162 0.00366288 0.00314196 0.00209861 0.00787246 0.012039 0.0107086 0.00591832 0.00494352 0.00219501 0 0 0 0 0 0 0 0 0 0 0 0 0 0 0 0 0 0 0 0 
0 0 0 0 0 0 0 0 0 0 0 0 0 0 0 0 0 0 0 0 0 0 0 5.98711e-05 0.00190359 0.00502399 0.0131199 0.0179482 0.0153213 0.0176535 0.0147472 0.0123534 0.0158115 0.022297 0.0207482 0.0194408 0.0156067 0.012645 0.0141659 0.0178099 0.0150431 0.0129053 0.00955109 0.0107711 0.0172289 0.0187506 0.0189394 0.0150281 0.0091638 0.000648811 0 0 0 0 0 0 0 0 0 0 0 0 0 0 0 0 0 0 0 
0 0 0 0 0 0 0 0 0 0 0 0 0 0 0 0 5.94549e-07 0.00229124 0.0017838 0.00140618 0.000313942 1.05416e-05 0.00066842 0.00114499 0.00600326 0.0148665 0.0173156 0.0148015 0.0134433 0.0152361 0.0203142 0.0107943 0.0143408 0.0181338 0.0225791 0.0218972 0.0227436 0.0178605 0.0245331 0.0318125 0.0242868 0.0191726 0.0148908 0.0198419 0.0258792 0.0248207 0.0270856 0.0259675 0.0168872 0.00193207 0 0 0 0 0 0 0 0 0 0 0 0 0 0 0 0 0 0 0 
0 0 0 0 0 0 0 0 0 0 0 0 0 0 1.58048e-06 0.000633006 0.00377981 0.00751516 0.0103072 0.00715243 0.00494499 0.00535174 0.00738849 0.00557386 0.0134347 0.0176261 0.0169189 0.0103679 0.0128895 0.0160838 0.0138303 0.0103135 0.0079341 0.0192142 0.0306829 0.0223917 0.0239794 0.0163411 0.0183352 0.0250858 0.0265487 0.0230402 0.0202467 0.0229227 0.0300845 0.0274646 0.0254689 0.0265719 0.0194939 0.00566155 0 0 0 0 0 0 0 0 0 0 0 0 0 0 0 0 0 0 0 
0 0 0 0 0 0 0 0 0 0 0 0 0 0 0.000376291 0.00581696 0.00688419 0.00733556 0.0146495 0.0158514 0.0116621 0.0171295 0.0135515 0.0100827 0.0144484 0.0198133 0.013341 0.00794737 0.0172765 0.0157031 0.0171406 0.0140914 0.0144852 0.0217461 0.0295429 0.0271215 0.0158619 0.0138554 0.0173705 0.0215801 0.0282851 0.0215201 0.0216678 0.0209536 0.0255202 0.0226267 0.0240536 0.0264774 0.0177751 0.00717459 0.00101652 0.000109397 0.000582378 0 0 0 0 0 0 0 0 0 0 0 0 0 0 0 0 
0 0 0 0 0 0 0 0 0 0 0 0 0 0 0.00215148 0.0130505 0.00858422 0.0098754 0.0210755 0.0213275 0.0119579 0.00930031 0.0139362 0.0114525 0.0154898 0.0222696 0.0171908 0.00794521 0.0141373 0.0146426 0.0184637 0.014853 0.0170722 0.0225067 0.0217069 0.023547 0.0175672 0.0196006 0.0181724 0.0214659 0.0317039 0.0227267 0.0244706 0.025972 0.0288214 0.0197631 0.0158952 0.019395 0.0221244 0.010859 0.00391874 0.00207059 0.000499435 0.000404194 0.000500542 0.00115116 4.03256e-05 0 0 0 0 0 0 0 0 0 0 0 0 
0 0 0 0 0 0 0 0 0 0 0 0 0 0 0.00109263 0.0122297 0.0128051 0.00338187 0.00911445 0.0156115 0.0100826 0.00592776 0.0127237 0.0152955 0.0141711 0.0170084 0.0164968 0.0141969 0.0198929 0.0201206 0.0220133 0.0150332 0.0131241 0.0175898 0.0224704 0.0227006 0.0220152 0.0261748 0.025534 0.0203168 0.0272973 0.025814 0.0224641 0.0214763 0.0248207 0.0270685 0.0194405 0.0215487 0.0224618 0.0102243 0.00672151 0.00667536 0.00152884 0.00327778 0.00282023 0.00580906 0.00124184 5.2736e-05 0 0 0 0 0 0 0 0 0 0 0 
0 0 0 0 0 0 0 0 0 0 0 0 0 0 0.000138588 0.0048672 0.0107032 0.00647275 0.00438321 0.0121051 0.0108536 0.00895152 0.0127793 0.0189197 0.0152973 0.0177941 0.0166947 0.0207617 0.0223635 0.0250968 0.0207386 0.0212704 0.0217498 0.0195269 0.0230464 0.024585 0.0312143 0.0361207 0.0279233 0.0248128 0.0248913 0.0238782 0.0259502 0.0233711 0.0272021 0.0290746 0.0227465 0.0228218 0.021395 0.0161801 0.00953501 0.0116064 0.00784745 0.0111247 0.0112604 0.00901646 0.00665935 0.00200026 0.00246974 5.60385e-05 0 0 0 0 0 0 0 0 0 
0 0 0 0 0 0 0 0 0 8.75553e-05 0.00190537 0.00479271 0.00170273 3.74856e-05 1.95058e-05 0.00281914 0.00796217 0.00414263 0.00918958 0.0171539 0.0104603 0.00819274 0.0109503 0.0160136 0.0147126 0.0163275 0.0148264 0.0233448 0.0273225 0.0305396 0.0214091 0.0178488 0.0172627 0.0276289 0.0318343 0.0293739 0.0354133 0.0333709 0.0296274 0.0255852 0.0227002 0.0169173 0.0209502 0.0249639 0.0300665 0.0258844 0.0229312 0.017369 0.0276757 0.0230051 0.0218148 0.017721 0.0208676 0.0146713 0.00978419 0.00619985 0.00721716 0.00800948 0.00696461 0.00103153 0 0 0 0 0 0 0 0 0 
0 0 0 0 0 0 0 0 0 0.00058109 0.0087611 0.0171266 0.00829504 0.00222457 1.56574e-05 0.000271031 0.00135377 0.00780717 0.0168 0.0150355 0.0151071 0.0134989 0.00961366 0.00744137 0.0149546 0.0138026 0.0109854 0.0191078 0.0300733 0.0254242 0.017019 0.0256678 0.0225278 0.0305828 0.0291807 0.0311238 0.0251487 0.024542 0.0301871 0.0287059 0.023829 0.0177157 0.019404 0.0255539 0.0307251 0.0229249 0.0179458 0.0196517 0.0228181 0.0271857 0.0230004 0.0491536 0.118762 0.0448236 0.00972615 0.00549079 0.0100235 0.00761605 0.0072925 0.00207998 0.000365074 4.61993e-05 0 0 0 0 0 0 0 
0 0 0 0 0 0 0 0 4.80045e-06 0.00223517 0.0087373 0.0166225 0.0149412 0.00821099 0.00050632 0.000603595 0.00199683 0.00914826 0.0186568 0.0237923 0.0177013 0.018079 0.0171919 0.0147376 0.0223056 0.0180569 0.0116543 0.012251 0.0236107 0.0216395 0.0218519 0.0242138 0.0237896 0.024214 0.0257467 0.0263244 0.0252354 0.0277167 0.0224207 0.0195183 0.0175323 0.0133918 0.0210383 0.0234826 0.0247363 0.0254666 0.0240571 0.0257847 0.0245296 0.0188575 0.0211972 0.0744587 0.159729 0.0696827 0.00979687 0.00776831 0.0103678 0.00884229 0.0082994 0.00522051 0.00542345 0.000619324 0 0 0 0 0 0 0 
0 0 0 0 0 0 0 0 0.000814048 0.0073605 0.0128386 0.0137863 0.0214245 0.0117507 0.00254457 0.000384549 0.00653537 0.0125937 0.0234344 0.0270893 0.0189074 0.0202171 0.0180891 0.0172941 0.0224516 0.0208566 0.0145195 0.0136969 0.0316343 0.0243594 0.0211771 0.0213129 0.0219721 0.0230386 0.0245234 0.0306285 0.027328 0.026285 0.0258631 0.0196494 0.0164741 0.0199969 0.018214 0.0195241 0.0251557 0.0182995 0.0223882 0.0204512 0.0168327 0.0164239 0.018609 0.0268821 0.0509182 0.0362041 0.0248118 0.015121 0.0124266 0.0109564 0.00788228 0.00785366 0.0159968 0.00569911 0.000128222 0 0 0 0 0 0 
0 0 0 0 0 0 0 0.000204063 0.00432234 0.0134121 0.0237621 0.0185319 0.0242721 0.016647 0.00381152 0.00292517 0.00953908 0.0154591 0.0196506 0.0288294 0.0199271 0.0142616 0.0137843 0.0108366 0.0117673 0.0174748 0.0202573 0.0180497 0.024785 0.0243575 0.0249632 0.0241356 0.021426 0.0262213 0.0267768 0.0275829 0.023045 0.0272303 0.0268987 0.0240954 0.0178212 0.0151359 0.0165246 0.0180995 0.0206622 0.0185663 0.0180971 0.0173074 0.0172585 0.020675 0.0215532 0.0258426 0.023122 0.0231921 0.0271045 0.0203648 0.0118527 0.0105614 0.00584972 0.00736889 0.0183988 0.0139207 0.00267793 0.000352042 0 0 0 0 0 
0 0 0 0 0 7.62777e-05 0.000901813 0.00506632 0.0129007 0.015763 0.0208739 0.016214 0.0180798 0.0147827 0.00477866 0.00482655 0.0166027 0.0182127 0.0208547 0.0309048 0.0273923 0.0201931 0.0169006 0.0150861 0.0143926 0.0150804 0.0159035 0.0101465 0.0132387 0.0179932 0.0227616 0.0224861 0.0223988 0.0260959 0.0266916 0.0241621 0.0219943 0.0239068 0.0197056 0.0241672 0.0246753 0.0245174 0.0219232 0.0216626 0.0217928 0.0248493 0.0218117 0.0179765 0.0124413 0.0211444 0.0291799 0.0234958 0.0203531 0.0228393 0.0263709 0.0191505 0.0171283 0.0123667 0.00687711 0.0097123 0.013877 0.0129105 0.0121315 0.00254816 0 0 0 0 0 
0 0 0 0 0 0.00111594 0.0055057 0.00999714 0.0165165 0.0182877 0.0202472 0.0200654 0.0138759 0.00970625 0.00443857 0.00720861 0.0146414 0.0161399 0.0212426 0.024754 0.0285181 0.0242638 0.0170372 0.0181102 0.0232036 0.0200898 0.0165471 0.0133321 0.0120827 0.0185907 0.0204768 0.024449 0.0239723 0.0191819 0.0223434 0.0273702 0.0215008 0.024861 0.0242829 0.0187402 0.0234267 0.0293656 0.0260441 0.0253007 0.0285487 0.0255066 0.0242006 0.0175798 0.0176419 0.0268041 0.0303625 0.025422 0.0213463 0.016543 0.0223084 0.0198444 0.0176125 0.010576 0.0064549 0.0114974 0.00664685 0.009563 0.0141261 0.00922401 0.00182699 0 0 0 0 
0 0 0 0 0 0.00113112 0.00419194 0.013713 0.0181438 0.0170058 0.0171546 0.0179776 0.0174243 0.0107188 0.00696293 0.0147057 0.0201498 0.0152402 0.0153409 0.020369 0.0337862 0.026682 0.0306792 0.0257583 0.015926 0.0184358 0.0141833 0.0158701 0.0170254 0.0226682 0.027323 0.0326817 0.0266753 0.0238547 0.0239685 0.0246545 0.0173022 0.026539 0.0210313 0.0127556 0.0162192 0.0262803 0.0173127 0.0222928 0.0202568 0.0242054 0.0138833 0.00871442 0.0123273 0.0296519 0.0332771 0.0284744 0.0153334 0.0157107 0.0143817 0.0165629 0.0216929 0.0139446 0.00628783 0.00798675 0.00897423 0.00806474 0.0134459 0.0141101 0.00792915 0.000277975 0 0 0 
0 0 0 0 0 0.00185185 0.00602815 0.0127361 0.0145655 0.022397 0.0186335 0.0170022 0.0173702 0.0136396 0.0132408 0.0138917 0.0170076 0.0185081 0.0202678 0.016183 0.0204028 0.030839 0.0283028 0.0317663 0.0214635 0.0186116 0.0224619 0.0224678 0.0218981 0.0254645 0.0338262 0.0441993 0.0282137 0.0168205 0.0157179 0.019617 0.0187005 0.0215282 0.0177434 0.0161989 0.017674 0.0246699 0.0217301 0.0271929 0.0232425 0.020504 0.0103558 0.00289917 0.00843281 0.0270607 0.0281863 0.0231814 0.0209044 0.0160797 0.0165267 0.0161036 0.019676 0.01889 0.00918022 0.0127041 0.0142845 0.013049 0.0152943 0.0166251 0.0140499 0.00321836 0 0 0 
0 0 0 0 2.19159e-05 0.00390728 0.0115023 0.0195742 0.019798 0.0154303 0.0226478 0.0196874 0.0163133 0.0203412 0.0149947 0.0121244 0.0148885 0.0199496 0.0214601 0.0200818 0.0217211 0.0281431 0.0244817 0.0272827 0.0295045 0.0189376 0.0221394 0.0240896 0.026683 0.0285152 0.0353266 0.0366495 0.0226744 0.0201467 0.0136147 0.0198647 0.0221604 0.0214445 0.0234628 0.0222721 0.0223893 0.0213445 0.024523 0.028325 0.0223824 0.018065 0.018715 0.0118608 0.0154384 0.0247658 0.0213614 0.0303845 0.0309405 0.0284448 0.0213734 0.0224221 0.0230518 0.0241428 0.0132274 0.016085 0.0187123 0.0164941 0.0224258 0.0150813 0.0155142 0.00384922 5.29413e-06 0 0 
0 0 0 7.52305e-06 0.00196212 0.0111369 0.0178282 0.0203577 0.0242891 0.0194542 0.0239841 0.0222728 0.0204528 0.0185733 0.0178554 0.0175511 0.0135619 0.0186007 0.0212152 0.0194197 0.0213184 0.0231931 0.0250304 0.0223937 0.0299734 0.0242024 0.0242342 0.0208201 0.0269642 0.0253935 0.0233004 0.026425 0.0293829 0.0233448 0.0179061 0.0202509 0.0282319 0.0274827 0.0346726 0.029176 0.0197765 0.0224521 0.0175791 0.0196137 0.0216565 0.0203206 0.0253281 0.0203096 0.0226875 0.0200464 0.0199291 0.0327626 0.035986 0.0310429 0.0247989 0.0229251 0.0199121 0.0254535 0.0221706 0.018507 0.0210807 0.0166313 0.0179317 0.0162381 0.014281 0.00547508 0.000237322 0 0 
0 0 6.88226e-05 0.00118027 0.0105351 0.0225008 0.0218668 0.0199231 0.0221321 0.0191403 0.0237567 0.0256802 0.019197 0.0175963 0.0177278 0.0208696 0.0231357 0.0217753 0.0221279 0.0229475 0.0226372 0.0233366 0.0180459 0.019008 0.0252325 0.0324894 0.0308255 0.0270943 0.0170372 0.0207263 0.0198184 0.0220706 0.0273351 0.0252695 0.0240212 0.0219279 0.0257291 0.0276189 0.0390581 0.0352211 0.0216917 0.0261521 0.0210229 0.0158131 0.0171975 0.0177531 0.0257581 0.0218779 0.0216428 0.0193151 0.0182961 0.0170102 0.0322245 0.0350444 0.0395722 0.0292723 0.02056 0.0186602 0.0204306 0.0174452 0.0184573 0.0164718 0.0201411 0.016381 0.0154467 0.0103605 0.00202793 0 0 
0 0 0.00136521 0.00728294 0.0110175 0.0130303 0.0175392 0.0229721 0.0192422 0.0274919 0.0238749 0.0189642 0.013808 0.0159433 0.0197828 0.030425 0.0271044 0.0206812 0.0197195 0.0309178 0.0289919 0.0261739 0.0215576 0.0169431 0.0192391 0.0234577 0.0300669 0.0236203 0.0223749 0.0238478 0.0302068 0.0224493 0.0253925 0.0245481 0.021738 0.0206905 0.020422 0.0234484 0.0304226 0.0265978 0.0224015 0.0255675 0.015001 0.0157023 0.0224601 0.0158278 0.0224143 0.0204775 0.0264997 0.0178425 0.0183766 0.0242953 0.0268919 0.0286355 0.0241053 0.0188356 0.0163783 0.0135425 0.016838 0.0138754 0.0139091 0.0142553 0.0182705 0.0220423 0.0185817 0.0115674 0.00183144 0 0 
0 9.11487e-06 0.00484701 0.0131493 0.00962529 0.009533 0.0141139 0.0220977 0.0229928 0.0219331 0.0210255 0.0169149 0.0114955 0.0169994 0.0216077 0.0273642 0.0215338 0.0198732 0.0236989 0.02902 0.0190974 0.0228268 0.0188151 0.0139766 0.0200173 0.0271667 0.0222316 0.0209824 0.0324097 0.0378735 0.0398471 0.0285041 0.0296143 0.0204104 0.0229677 0.0219748 0.0242734 0.0189466 0.0222356 0.0244146 0.0230122 0.0218898 0.0164667 0.0137433 0.0221614 0.0160395 0.0183085 0.0158244 0.0236208 0.0274515 0.0252572 0.0317484 0.0278973 0.023071 0.0196751 0.0178877 0.0137717 0.0169429 0.0136211 0.0143233 0.0163377 0.0170582 0.01502 0.0173909 0.0168002 0.0106765 0.00203766 0 0 
0 0.000178599 0.00852918 0.0130557 0.0169945 0.0157374 0.0201019 0.0256112 0.0203104 0.0195147 0.0198539 0.0179163 0.0174731 0.0218764 0.0241465 0.0337488 0.0280146 0.0240876 0.0249118 0.0268807 0.023637 0.0268029 0.0201085 0.0208575 0.0205055 0.0190894 0.0213657 0.0314028 0.049546 0.0519485 0.0290194 0.0342862 0.0317514 0.0286382 0.0264107 0.0222317 0.0262322 0.0205738 0.0210301 0.023405 0.0213836 0.0228888 0.0228689 0.0191642 0.022545 0.0249654 0.0237325 0.0237988 0.0196033 0.0208553 0.0303198 0.0339075 0.023227 0.0180587 0.0173669 0.0181056 0.0200506 0.0272048 0.0194116 0.0133246 0.0155338 0.0229672 0.0213988 0.0235973 0.0143766 0.00333053 0.000601473 0 0 
0 0.0011263 0.0119301 0.0150454 0.0156502 0.0191015 0.0255635 0.0277014 0.026193 0.0172598 0.0148469 0.0157604 0.0257283 0.0236805 0.025409 0.0274699 0.023612 0.0265991 0.0263072 0.0376028 0.0525986 0.0391161 0.0275379 0.0194142 0.020996 0.0193708 0.0257728 0.0273101 0.0406659 0.0704759 0.0315249 0.0275108 0.0317755 0.0339536 0.030016 0.0174079 0.0196251 0.0212425 0.0192077 0.0217255 0.0241907 0.0274666 0.0233644 0.023214 0.0250141 0.0291007 0.0248972 0.0202699 0.0172278 0.0150604 0.0121654 0.0275557 0.0251552 0.0201828 0.0160796 0.0161843 0.0180535 0.0244299 0.0188736 0.0138462 0.0118613 0.020666 0.0244928 0.0190176 0.0181972 0.0095689 0.00347755 0.000160666 0 
0 0.00498964 0.0219607 0.0287006 0.0303831 0.023977 0.0151175 0.0184081 0.0253442 0.0200263 0.0178751 0.0187886 0.0229121 0.0240923 0.0185453 0.0273384 0.0306563 0.0258398 0.0247475 0.0409701 0.0546458 0.0301734 0.0193044 0.020793 0.0239222 0.0177007 0.0260467 0.0294762 0.0289273 0.0384562 0.026915 0.0237843 0.028218 0.0469882 0.0469758 0.0186535 0.0212283 0.0200216 0.0215093 0.0248932 0.0297846 0.0306662 0.0272379 0.0323704 0.0305365 0.0334933 0.0302029 0.0171618 0.0238886 0.0219166 0.0152332 0.014419 0.0266651 0.0264945 0.0200121 0.0176167 0.0149783 0.0193676 0.0171912 0.0172956 0.0134768 0.0159309 0.0208921 0.0182355 0.0162274 0.0101975 0.00430647 0.000630094 0 
0 0.00769488 0.0266996 0.033488 0.0275531 0.019083 0.00806433 0.0058266 0.0147726 0.0236438 0.0287456 0.025396 0.0304491 0.0272079 0.0218 0.0245793 0.0232036 0.0221893 0.0234586 0.027495 0.0315112 0.030893 0.0304394 0.0258317 0.0163536 0.0147107 0.0188365 0.0253787 0.0207667 0.0248773 0.030636 0.0229445 0.0341501 0.0414449 0.0484602 0.022614 0.0178344 0.0146359 0.0158675 0.0179659 0.026538 0.026781 0.0230312 0.0354905 0.0342262 0.0312441 0.0296927 0.0186478 0.0272084 0.0279402 0.0234344 0.0172496 0.023359 0.0330587 0.0281369 0.0257231 0.0156488 0.0209148 0.0149103 0.0162687 0.0124991 0.0119686 0.0163706 0.0153705 0.00880698 0.00271343 0.000932207 0.000397293 0 
0 0.00886598 0.0269907 0.0288705 0.0207377 0.0175115 0.00653985 0.00113849 0.00620059 0.0184125 0.0278586 0.0293358 0.0286098 0.0260077 0.0273314 0.0242878 0.0281332 0.0270004 0.0219193 0.0231476 0.0253115 0.03199 0.0472765 0.0417487 0.0215775 0.0194196 0.0195081 0.0158518 0.0145369 0.0145865 0.023741 0.0280482 0.0307521 0.0426285 0.0286893 0.0238966 0.0203897 0.0174973 0.0182289 0.020104 0.0308672 0.0332911 0.0254062 0.0271906 0.0207122 0.0178373 0.0283927 0.020545 0.0291967 0.0312855 0.0265558 0.0213078 0.024727 0.0284333 0.030585 0.0246542 0.0148286 0.0197261 0.0182028 0.0144141 0.0119086 0.0178336 0.0187332 0.0140282 0.00448405 0.00340523 0.0047637 0.00122876 0.000112615 
0 0.000970259 0.00684313 0.00817162 0.0122049 0.0156647 0.00684891 0.00109441 0.00346752 0.00810771 0.016377 0.0248669 0.0222846 0.0213174 0.0223484 0.0231778 0.0277916 0.0233713 0.0209945 0.0203359 0.0210827 0.0279232 0.0456489 0.0520455 0.0282863 0.0245953 0.0218606 0.0181265 0.0171063 0.0215845 0.0380498 0.0331376 0.0409932 0.0406915 0.0355874 0.023305 0.0213508 0.0235918 0.0233394 0.02044 0.0245398 0.0289025 0.0281311 0.033091 0.0269121 0.0215502 0.0285163 0.0183793 0.0252898 0.0198773 0.017896 0.0273025 0.02521 0.0214564 0.0217987 0.0231117 0.0190093 0.0255286 0.0253185 0.0148886 0.0117214 0.024667 0.0164394 0.00530249 0.00578545 0.0142005 0.0148725 0.00576901 0.00149792 
0 0 0.00123181 0.0044398 0.0123737 0.0151068 0.00898056 0.00404037 0.00345013 0.00629558 0.0201201 0.0192492 0.0209845 0.025545 0.0284689 0.0244358 0.0258025 0.0225657 0.0186372 0.0153582 0.0194575 0.025938 0.0414217 0.0348093 0.0401898 0.0279672 0.0202323 0.0160538 0.0200894 0.0341993 0.044895 0.0510943 0.0359306 0.0260016 0.0317669 0.0282461 0.0257004 0.023557 0.0287541 0.0306511 0.028718 0.0294318 0.0328287 0.0315902 0.0286116 0.0269423 0.0274223 0.0209341 0.0177131 0.0188822 0.0261414 0.0229148 0.0226087 0.0247615 0.0304325 0.02338 0.0203955 0.014699 0.0177141 0.0219691 0.0172311 0.0101606 0.00829322 0.00286143 0.00905875 0.0274695 0.024729 0.00508963 0.00203588 
0 0.000297141 0.00625262 0.00977008 0.0153171 0.0162057 0.0166143 0.00636667 0.00330982 0.00240075 0.00679893 0.0143945 0.019092 0.0189739 0.0201891 0.0216628 0.0220515 0.015243 0.0176955 0.0156594 0.0235696 0.0330473 0.0306843 0.0272371 0.0388425 0.0411134 0.0207974 0.0298987 0.0278152 0.0440524 0.0322308 0.0527408 0.040549 0.0263026 0.0304616 0.0288736 0.021156 0.0224901 0.0214395 0.0269698 0.0273785 0.0255815 0.039097 0.0363522 0.0288732 0.0207278 0.0241083 0.027103 0.0220955 0.024678 0.0331898 0.0259941 0.0276214 0.0275828 0.0315237 0.0256906 0.0230386 0.0143783 0.0141255 0.0254701 0.0243888 0.0150454 0.00748011 0.00396769 0.00856685 0.021473 0.0137561 0.00372787 0.00162437 
3.00614e-05 0.00399415 0.0112535 0.0129025 0.0170338 0.0175175 0.0164743 0.00736318 0.00181686 0.00171812 0.00822577 0.00929455 0.00906521 0.0120964 0.0150881 0.0162395 0.0162486 0.0168202 0.0284767 0.021551 0.03473 0.0301947 0.0243343 0.0289293 0.0333902 0.0273749 0.0238599 0.0295915 0.02506 0.0413093 0.0314779 0.0356004 0.0380141 0.0265167 0.0236606 0.0258435 0.0282217 0.0329038 0.0284496 0.0255262 0.033259 0.025337 0.0294067 0.0272188 0.0235976 0.0222402 0.030426 0.0334215 0.0270295 0.0271758 0.0241024 0.0184693 0.0153464 0.0254078 0.0298812 0.0291648 0.0186033 0.0165932 0.0156596 0.0171387 0.017466 0.0132881 0.0088367 0.00597494 0.00907481 0.00884906 0.00799743 0.00524001 0.000953672 
0.000218297 0.00675741 0.0153743 0.0156549 0.012569 0.00956824 0.00790951 0.0122566 0.00890579 0.00481001 0.0136682 0.0142573 0.00908962 0.0165907 0.0211351 0.0175907 0.0212173 0.0204051 0.023555 0.0253714 0.0361526 0.0543741 0.032027 0.0236388 0.021483 0.0196567 0.0305049 0.0244652 0.019961 0.0406722 0.0383321 0.0270228 0.0431286 0.0358367 0.0362691 0.0269658 0.0310238 0.033327 0.0344793 0.0246686 0.0331023 0.0308212 0.0201932 0.0200003 0.0221782 0.0231646 0.0201635 0.0258902 0.0280546 0.0197601 0.0168666 0.0132132 0.0145235 0.0151026 0.0225316 0.0201434 0.0149866 0.0154904 0.0109316 0.0158929 0.0155607 0.00988137 0.00737911 0.00463446 0.00631288 0.00901394 0.0100656 0.00546987 0.000623989 
0.000465867 0.00817877 0.021132 0.0183565 0.0110576 0.00900438 0.0150044 0.0157789 0.0176999 0.0130219 0.0167689 0.0217351 0.0174116 0.0188459 0.0238124 0.0241346 0.0259208 0.023298 0.0249409 0.0233394 0.0415622 0.079816 0.0323532 0.0344227 0.0226546 0.0264606 0.0329734 0.0212966 0.0248092 0.0351652 0.0344579 0.0288715 0.0429315 0.0516463 0.0500175 0.0367393 0.0284225 0.0297582 0.0197608 0.0183368 0.0278709 0.0362841 0.0180203 0.0206216 0.0287664 0.0275716 0.0224708 0.0230876 0.0222741 0.0211121 0.0207156 0.0134339 0.00930522 0.0137729 0.0193799 0.0175893 0.0168632 0.0146289 0.0165703 0.0204111 0.0154116 0.0114962 0.0143834 0.0119052 0.0119421 0.013424 0.0100451 0.0039049 8.28358e-05 
0.000272894 0.00495184 0.0150441 0.0175991 0.0158153 0.0106112 0.0145498 0.015413 0.0139519 0.0124726 0.0172533 0.0246434 0.0212326 0.0198107 0.0148155 0.0198424 0.0233655 0.019221 0.0226515 0.0238717 0.0486957 0.075245 0.0377373 0.0289942 0.0199495 0.0235179 0.0227161 0.0225224 0.0240153 0.0211171 0.0210713 0.0207594 0.0342239 0.0561092 0.0552715 0.038075 0.039321 0.0271733 0.0218787 0.0214661 0.0257824 0.026875 0.0265205 0.023223 0.0253773 0.0266349 0.0333068 0.0254571 0.0198752 0.018216 0.0156003 0.0127469 0.0146098 0.0198614 0.0204666 0.0187496 0.0168406 0.0223608 0.0287757 0.0224587 0.0234363 0.0180515 0.0155782 0.0121792 0.0157433 0.0128128 0.00752723 0.0027743 0.000364857 
0 0.000675203 0.00320351 0.012761 0.0179724 0.0166581 0.017557 0.0168932 0.0123245 0.0103752 0.0182533 0.0241223 0.0168336 0.0151697 0.0187172 0.019929 0.021883 0.019199 0.0222264 0.0217703 0.0430386 0.0439402 0.0253293 0.0252467 0.0403148 0.0374604 0.0318073 0.021582 0.019526 0.0189086 0.0209855 0.0232298 0.0268513 0.0318203 0.0347966 0.0328485 0.0274382 0.0291974 0.0291757 0.0255698 0.0255489 0.0231649 0.0255535 0.0274379 0.0246351 0.0249763 0.027183 0.0235762 0.020437 0.0167081 0.0213395 0.0396463 0.0285228 0.0210252 0.0194011 0.0199779 0.0180472 0.0247415 0.0353832 0.0331434 0.0249835 0.0194872 0.0166776 0.0137751 0.012772 0.0098614 0.00641591 0.0037908 0.000329296 
0 0.000311625 0.0044447 0.0123046 0.0137775 0.0146333 0.0106422 0.0112058 0.0123663 0.0127302 0.0222795 0.0257529 0.0202277 0.0155377 0.021481 0.0211049 0.0263375 0.017993 0.0201177 0.0184579 0.042311 0.0399579 0.0288212 0.0350468 0.0520943 0.0363469 0.032393 0.0245591 0.0263857 0.0275928 0.0273144 0.0192983 0.0207531 0.0305301 0.0308661 0.0307983 0.0399378 0.0468738 0.0248456 0.0183414 0.0259546 0.0309861 0.0260518 0.0265735 0.0211876 0.0296595 0.0313676 0.0234049 0.0229622 0.0231498 0.0245582 0.0522141 0.0346943 0.0217618 0.0133395 0.0213149 0.0236877 0.0263563 0.0297517 0.0333657 0.0262881 0.032282 0.0305936 0.0132017 0.0117809 0.0160373 0.0137248 0.00783309 0.000739497 
0 0.00224547 0.00751467 0.00717135 0.00618365 0.0114495 0.00488232 0.00847922 0.0107732 0.0167384 0.0258723 0.0235557 0.0227278 0.020721 0.0258665 0.0270242 0.0259117 0.0193785 0.0206603 0.0174833 0.043699 0.0552468 0.0299106 0.0284353 0.0343282 0.0525551 0.0356969 0.0264636 0.0250558 0.0324699 0.0259193 0.0221255 0.0202652 0.0241897 0.0265825 0.0327866 0.0366218 0.0390437 0.0255514 0.0210607 0.0310948 0.0398778 0.0285521 0.0228535 0.0241551 0.0302263 0.0294032 0.0262122 0.0225871 0.0210539 0.0259971 0.030933 0.0210516 0.0194831 0.0153652 0.0211955 0.0223022 0.0271366 0.0233927 0.0281282 0.0383414 0.0577512 0.0342099 0.0210691 0.0152991 0.0173406 0.0139382 0.0101535 0.00126744 
0 0.00140152 0.00552216 0.00664523 0.00459968 0.00203593 0.00078833 0.00714609 0.0118339 0.0129024 0.0255846 0.0372739 0.0232901 0.0189491 0.0339982 0.0370637 0.0239378 0.0241449 0.0273032 0.0241641 0.0363004 0.0375825 0.0371603 0.0397916 0.0599527 0.0701478 0.0393897 0.0407244 0.0304064 0.0495003 0.0578282 0.0470832 0.0468785 0.0355199 0.0232395 0.0279703 0.0334561 0.0232962 0.027079 0.0202662 0.0230347 0.0235922 0.030237 0.0286057 0.0304689 0.0295959 0.0265571 0.027112 0.0289675 0.0275955 0.0174788 0.0179374 0.0195884 0.0199783 0.0176293 0.0203542 0.019679 0.019763 0.0169729 0.0288295 0.0296537 0.0305001 0.0218122 0.0193318 0.0188258 0.0188225 0.0240664 0.0150759 0.00126962 
0 3.25529e-05 0.000373236 0.00137078 0.00140204 0.000482556 0.00274486 0.00713519 0.0199813 0.0249528 0.0356979 0.0332768 0.0239718 0.023669 0.0294735 0.0356595 0.0274636 0.0259747 0.0242475 0.0209457 0.027132 0.0320982 0.0502632 0.0494693 0.0426673 0.0562339 0.0437401 0.0475669 0.0278345 0.0688913 0.0470218 0.0241882 0.0304086 0.0460912 0.0530579 0.0340268 0.0225112 0.0230673 0.0278134 0.0244216 0.0320964 0.0401943 0.0346176 0.0284633 0.030186 0.0209602 0.0343773 0.0293842 0.0232937 0.0176604 0.0178147 0.0170525 0.0233664 0.0234868 0.0249735 0.02004 0.017937 0.022352 0.0208683 0.0276432 0.0243835 0.0178673 0.0187472 0.019722 0.0238483 0.0266431 0.0345278 0.0231951 0.0027332 
0 0 0 2.24686e-06 0.000290746 0.00457383 0.00512978 0.0103309 0.0172587 0.0199484 0.023494 0.0251431 0.0204967 0.0176428 0.0221903 0.0292239 0.0285898 0.031111 0.0292619 0.0241254 0.018334 0.0241387 0.0354508 0.0301722 0.0201231 0.0435139 0.0471786 0.043602 0.0213352 0.0284826 0.020624 0.027768 0.0280244 0.0245092 0.0295892 0.0384433 0.0327009 0.0322572 0.0310426 0.0362422 0.0385475 0.0607773 0.0432052 0.022675 0.0234251 0.0274035 0.0324444 0.0268978 0.0190624 0.0190239 0.014564 0.0157961 0.0239249 0.0293358 0.0247586 0.0182602 0.0154767 0.014361 0.021046 0.0188844 0.015061 0.011105 0.0130243 0.0199462 0.0258351 0.0324052 0.0296714 0.016214 0.00110985 
0 0 0 0.000795341 0.0031189 0.00961034 0.0133532 0.017746 0.0157119 0.0130488 0.0183291 0.0154882 0.0163367 0.0170585 0.0188753 0.0213551 0.0250301 0.0298792 0.0335565 0.021118 0.0162526 0.0245072 0.0281558 0.0242559 0.0170441 0.0274284 0.0433916 0.042202 0.0242514 0.0275155 0.0195028 0.0243905 0.032582 0.0254104 0.0202063 0.0183181 0.033352 0.0486587 0.042312 0.0495978 0.0507329 0.0403923 0.0266941 0.0252241 0.0275071 0.0256497 0.0272312 0.027634 0.0199437 0.0126751 0.0117931 0.0203312 0.0214432 0.0206033 0.0185261 0.0176037 0.0178001 0.0194303 0.0212399 0.0126151 0.0127843 0.0169882 0.0160983 0.0177881 0.0225549 0.0251347 0.0202417 0.00957667 0.000889681 
0 0 0 0.000769064 0.00676385 0.0141132 0.0191141 0.0145486 0.0120616 0.0117191 0.00928736 0.00455785 0.010986 0.0208632 0.0206226 0.0212882 0.0235394 0.0274427 0.0502432 0.0353387 0.0262324 0.0333718 0.0227886 0.0228929 0.0183848 0.0228651 0.0395948 0.0311925 0.0222493 0.0257989 0.0195883 0.0222549 0.026432 0.021331 0.0171978 0.0148739 0.0272842 0.0321566 0.0327065 0.0391254 0.0310579 0.0135471 0.0157129 0.0208444 0.0211707 0.0245725 0.0227145 0.0168482 0.0170968 0.0153355 0.0173274 0.020012 0.0164737 0.012939 0.0146037 0.0123959 0.0156888 0.018295 0.0148745 0.0138182 0.0177038 0.0214109 0.0196635 0.0259692 0.0246808 0.0219078 0.0200914 0.0070461 6.37535e-05 
0 0 0 0.00139625 0.00861331 0.016123 0.0152927 0.0107243 0.0109332 0.00975709 0.00253836 0.00103331 0.00416275 0.0168284 0.0274249 0.0289854 0.0228526 0.0202408 0.0280143 0.0465666 0.0585338 0.0266723 0.0189997 0.0254146 0.0189955 0.0208936 0.0350033 0.0286579 0.0223084 0.0227608 0.0259355 0.0267343 0.0238978 0.0149914 0.0108754 0.0103071 0.0150817 0.0167276 0.0177018 0.0214847 0.0230909 0.0191043 0.0180631 0.019386 0.0223468 0.0246471 0.0215798 0.0167005 0.0215126 0.0185987 0.0205946 0.0257662 0.0174858 0.0101626 0.0111681 0.0207038 0.0187781 0.017754 0.0145102 0.0228872 0.0233336 0.0168575 0.0278758 0.0319415 0.012576 0.0103449 0.00838248 0.00224674 5.26998e-06 
0 0 0 0.00144083 0.01062 0.0155945 0.022599 0.0229263 0.0192841 0.0106214 0.00183552 0.0066252 0.00576737 0.0073436 0.0175445 0.0243229 0.0220756 0.026184 0.0225604 0.0268857 0.0318186 0.0318546 0.0308752 0.0219331 0.0135492 0.0195235 0.0307277 0.0305459 0.0173552 0.0174215 0.022462 0.0237718 0.0158321 0.0137384 0.0166936 0.0201715 0.0134894 0.01388 0.0198853 0.0249968 0.0202218 0.0150725 0.0202957 0.019841 0.0205055 0.0260358 0.0252147 0.015059 0.0166031 0.0206608 0.0166897 0.0279542 0.0234098 0.0155158 0.0167283 0.023891 0.0251629 0.0194618 0.0247721 0.037946 0.0304809 0.0205028 0.0343097 0.0349535 0.0119838 0.00854837 0.006469 0.0013612 0 
0 0 0 0.00089617 0.00700266 0.0167402 0.029239 0.0263766 0.0203749 0.0193724 0.0103065 0.0112128 0.00886864 0.00525666 0.0115658 0.0180213 0.0206538 0.0269624 0.027699 0.0206446 0.0205719 0.026028 0.030903 0.0204184 0.0195203 0.0206173 0.0199888 0.020828 0.0199214 0.0245437 0.0248222 0.024652 0.0124469 0.0200155 0.0268113 0.0270648 0.021636 0.0188984 0.0214895 0.0230679 0.0161348 0.0174648 0.0236196 0.0159986 0.0210294 0.0310068 0.0257324 0.0130318 0.0182348 0.0193752 0.0218696 0.0241087 0.0208118 0.0201657 0.0180283 0.0220985 0.0242734 0.025407 0.0313429 0.0294994 0.0291973 0.0307139 0.0312052 0.0199213 0.0121406 0.00643415 0.000753405 8.30088e-06 0 
0 0 0 0.000321176 0.00430877 0.0137868 0.0189405 0.0217454 0.0222421 0.0159361 0.0187465 0.0117597 0.00476135 0.00859799 0.0155772 0.0150979 0.0203875 0.0227498 0.0224621 0.0241016 0.0197682 0.0200269 0.0251219 0.0199632 0.0206158 0.0184747 0.0205999 0.023599 0.0211997 0.0219032 0.0236246 0.0306063 0.021327 0.0195451 0.0268223 0.0247053 0.0233104 0.0226716 0.0255184 0.0191389 0.0208561 0.0209231 0.0227449 0.0292531 0.0319231 0.0273303 0.0252759 0.0174635 0.016656 0.0151193 0.018618 0.0184014 0.0181796 0.0183109 0.017178 0.0205694 0.0161834 0.0197668 0.0283379 0.0329956 0.0267803 0.0326012 0.0203043 0.00692496 0.00350963 0.00152706 0.000177536 0 0 
0 0 0 1.66172e-05 0.0028736 0.00979543 0.0190275 0.0255466 0.0221459 0.0118725 0.0178197 0.00526135 0.00667073 0.013653 0.017813 0.0183443 0.0162072 0.0218141 0.0194312 0.0225998 0.0211647 0.0270658 0.0234549 0.0205608 0.0261026 0.0271038 0.0319478 0.024748 0.0254295 0.0226399 0.0259942 0.0297705 0.0273612 0.0210948 0.0169157 0.0223156 0.0266355 0.024658 0.024601 0.0181598 0.025545 0.024786 0.0295252 0.0309636 0.0238664 0.0197831 0.0181526 0.0187553 0.0221899 0.0167584 0.0139482 0.0198023 0.0206094 0.0164535 0.0173118 0.0170307 0.0149778 0.023262 0.0224743 0.0222712 0.0255332 0.0507692 0.0331228 0.00609914 0.000346366 0.000192641 0.00010487 0 0 
0 0 0 0 0.00124253 0.00951404 0.0202292 0.0179837 0.00770727 0.00600069 0.00360784 0.00689621 0.0158436 0.0189821 0.0236483 0.0203264 0.012436 0.015298 0.0198548 0.023716 0.0259534 0.0260481 0.0306893 0.0304216 0.020777 0.022748 0.0376025 0.0383056 0.0304678 0.0224741 0.0232769 0.023399 0.0231249 0.0261001 0.0234468 0.0243537 0.023193 0.0240518 0.024294 0.0264327 0.0250796 0.0204495 0.0208817 0.0168178 0.0234356 0.0229621 0.0190274 0.0234349 0.0209723 0.0147163 0.00800995 0.0136504 0.0156125 0.0163871 0.0165842 0.0239855 0.0294834 0.0302975 0.0202504 0.0173816 0.0201292 0.0353483 0.0393531 0.0128386 0.00168589 0.000134884 0 0 0 
0 0 0 0 0.000419612 0.00926384 0.0113158 0.00655268 0.00330752 0.00149987 0.00152279 0.0117937 0.025615 0.0307925 0.0214712 0.019191 0.016816 0.0213829 0.0219256 0.0179075 0.0229717 0.02163 0.023147 0.029955 0.0255223 0.0240578 0.0298608 0.0351602 0.0343328 0.0261469 0.0196008 0.0221904 0.0241263 0.0183508 0.0295444 0.0279605 0.0280106 0.0263358 0.0254621 0.0227399 0.0273721 0.0278205 0.020877 0.0129495 0.0118364 0.0163592 0.0211084 0.0256981 0.025344 0.0194907 0.00989508 0.0120149 0.0139758 0.0207391 0.0183186 0.0286439 0.0410267 0.0343986 0.0171731 0.0157219 0.0105164 0.0178972 0.0193893 0.00902698 0.00129934 2.24129e-05 0 0 0 
0 0 0 0 0 0.00233904 0.0117952 0.0183855 0.0155739 0.00914265 0.00436601 0.00745342 0.0188536 0.0241745 0.0211607 0.0237386 0.0269789 0.0300113 0.0272368 0.0200577 0.0246808 0.0245101 0.0244442 0.0266778 0.0268515 0.0256679 0.0291874 0.0279413 0.0244204 0.0210578 0.0163427 0.0210891 0.028219 0.0158591 0.0185815 0.0206794 0.0235751 0.0404612 0.0419661 0.0264408 0.0294839 0.0312649 0.0160966 0.0113425 0.00903221 0.0153406 0.0150796 0.020677 0.0252352 0.0225367 0.0120162 0.0133412 0.0127343 0.0170501 0.0233218 0.0341342 0.0399247 0.0248952 0.0162357 0.0117417 0.00821024 0.0107732 0.0159389 0.00745987 0.000416158 0 0 0 0 
0 0 0 0 0 5.76959e-06 0.00919648 0.0422801 0.0565212 0.0255445 0.0119079 0.0148932 0.0244377 0.0315093 0.0217439 0.0195846 0.0280207 0.0181447 0.0147925 0.0144884 0.015824 0.0175483 0.0246694 0.0237817 0.02328 0.025888 0.0242055 0.0232443 0.0217875 0.0196773 0.0230203 0.0193265 0.0144961 0.0148882 0.0153685 0.0146579 0.021785 0.030452 0.053094 0.0307089 0.0278454 0.0259971 0.0179632 0.0104786 0.0126509 0.0120578 0.0193508 0.0122787 0.0224777 0.0252687 0.0183717 0.0165131 0.0175953 0.0143706 0.0171707 0.0174455 0.0213038 0.012306 0.0085512 0.00745089 0.0126901 0.010102 0.00714736 0.00278983 0 0 0 0 0 
0 0 0 0 0 0 0.00178664 0.0321706 0.0495264 0.0260046 0.0141036 0.0129013 0.0271849 0.0278922 0.0134109 0.00816254 0.00498395 0.00196914 0.00353714 0.0102913 0.0143244 0.0154364 0.0211202 0.0214003 0.0241002 0.0250331 0.0291311 0.0224315 0.0192863 0.0145395 0.0116831 0.0143596 0.0192171 0.0206154 0.0209223 0.0236718 0.0266821 0.0223283 0.0275676 0.0235156 0.0284392 0.0250952 0.0207223 0.0213123 0.0255594 0.0198126 0.0203404 0.00884997 0.0125589 0.0212491 0.0200911 0.0171243 0.0183372 0.0148157 0.0111059 0.0121002 0.0127185 0.0138453 0.0122205 0.00783132 0.0115833 0.00606967 0.00156455 0.000326299 0 0 0 0 0 
0 0 0 0 0 0 0 0.00361554 0.010946 0.0123898 0.0143004 0.0098044 0.0182856 0.0172041 0.0234412 0.0196525 0.0109642 0.00190992 0.00959345 0.0186971 0.00933066 0.00930089 0.0168492 0.0189827 0.0154969 0.0188692 0.0301321 0.0280791 0.018486 0.0116264 0.0100009 0.0115422 0.0121589 0.0165672 0.0165678 0.0205635 0.0254146 0.0224235 0.0274816 0.0264028 0.0279633 0.0235775 0.0307795 0.0255648 0.0227657 0.0196631 0.0160663 0.0129874 0.0220961 0.0325343 0.0240971 0.0214528 0.0206599 0.0155834 0.00966174 0.0164732 0.014562 0.0121464 0.0109734 0.00681229 0.00435466 0.000794345 0.000351132 0 0 0 0 0 0 
0 0 0 0 0 0 0 1.03818e-07 0.000208751 0.00304105 0.0130066 0.032226 0.0315635 0.0299124 0.0221934 0.0229035 0.0147227 0.0097272 0.0165368 0.0169572 0.0143281 0.0109771 0.0153141 0.0164091 0.0177251 0.0144626 0.0236257 0.0264432 0.0205318 0.0135765 0.00642234 0.00907385 0.0229504 0.0438135 0.0302741 0.0146463 0.0184167 0.0260836 0.0312845 0.0320548 0.0265552 0.024108 0.0292657 0.0314463 0.0266381 0.0220634 0.0167966 0.0224581 0.0242213 0.0275258 0.0229251 0.0218936 0.0225702 0.0166906 0.0167387 0.0137593 0.0144704 0.0148255 0.0153974 0.00560451 0.000201257 5.19209e-05 0 0 0 0 0 0 0 
0 0 0 0 0 0 0 0 2.25632e-05 0.00166544 0.0142219 0.026294 0.0255458 0.0268146 0.0259423 0.0182382 0.0103839 0.0165522 0.0185599 0.0167562 0.0174261 0.0178357 0.0148047 0.012887 0.0180004 0.0241112 0.0298656 0.0255386 0.0195331 0.0112534 0.0079266 0.0141181 0.0410285 0.054654 0.0386161 0.0239076 0.0181123 0.0181967 0.0218786 0.0244818 0.022529 0.0225342 0.0240189 0.0274142 0.0265844 0.0171415 0.0115719 0.0196832 0.0262786 0.0148695 0.0134753 0.013529 0.0205441 0.0184555 0.0227665 0.0288781 0.0282469 0.0164081 0.00891022 0.00262147 0 0 0 0 0 0 0 0 0 
0 0 0 0 0 0 0 0 0 9.9002e-05 0.0016118 0.00475079 0.00926913 0.00985841 0.0234039 0.0131971 0.00764434 0.0188477 0.0186758 0.0208031 0.0197197 0.0149504 0.0166728 0.0177762 0.0265382 0.0376209 0.0263579 0.0240589 0.0312944 0.0243606 0.0156283 0.0216575 0.0387366 0.0335693 0.0411485 0.0310961 0.0174742 0.0170523 0.0174252 0.0209663 0.0184958 0.0197328 0.0204509 0.0302069 0.0291743 0.0157153 0.0155949 0.0197105 0.018209 0.0154968 0.0198085 0.0156229 0.0116438 0.0112088 0.0227429 0.0192702 0.0156323 0.00365781 0.000328279 3.94955e-05 0 0 0 0 0 0 0 0 0 
0 0 0 0 0 0 0 0 0 0 0 1.4383e-05 0.0010647 0.00229428 0.00731923 0.00440647 0.0107601 0.0228948 0.0216904 0.0284157 0.0184812 0.0157901 0.0218946 0.0233703 0.0286755 0.0308415 0.0230531 0.0186091 0.030348 0.0383358 0.0309728 0.0218326 0.0252214 0.0262967 0.0276379 0.0272778 0.0161975 0.0190512 0.0216965 0.0264621 0.0265737 0.0201699 0.0182535 0.0249615 0.0220186 0.0161822 0.0229189 0.0181149 0.0180028 0.0202129 0.023606 0.0157692 0.0121454 0.00743485 0.00321214 0.00092392 0.00133276 0.00250151 0.000111309 0 0 0 0 0 0 0 0 0 0 
0 0 0 0 0 0 0 0 0 0 0 0 0 9.62451e-06 0.00036338 0.00163779 0.017073 0.0264978 0.0343173 0.0410781 0.0296952 0.0253942 0.0171855 0.0248626 0.0322121 0.0361926 0.0329194 0.0265804 0.0309464 0.0237087 0.0245411 0.0264114 0.0164317 0.0173958 0.0212242 0.0253942 0.012124 0.0146154 0.0194235 0.0306597 0.0303923 0.023523 0.0309339 0.0262761 0.0190278 0.0201892 0.0220351 0.018721 0.0193029 0.045877 0.0404993 0.0225144 0.0204193 0.015419 0.00578207 0.000595444 0.00110326 0.000810111 2.4879e-06 0 0 0 0 0 0 0 0 0 0 
0 0 0 0 0 0 0 0 0 0 0 0 0 0 0 0.00158295 0.0112206 0.025281 0.0325652 0.0392493 0.0251268 0.0223358 0.0231669 0.0261084 0.0265799 0.0359942 0.0393388 0.0406228 0.0441736 0.0357437 0.0244662 0.0175394 0.00929928 0.0177738 0.0186389 0.0146667 0.0129212 0.0158173 0.0233558 0.0216628 0.0384233 0.0296724 0.0227744 0.0161114 0.0178828 0.0216825 0.0227893 0.0210568 0.0416678 0.0692558 0.0540413 0.0191851 0.0184662 0.0168134 0.00643569 0.00139552 0.00130804 4.96295e-05 0 0 0 0 0 0 0 0 0 0 0 
0 0 0 0 0 0 0 0 0 0 0 0 0 0 0 0.00219196 0.0128309 0.0236962 0.0248704 0.0302421 0.0302535 0.0263485 0.0230115 0.0159873 0.0195136 0.0283123 0.0399337 0.0372244 0.0472547 0.0509823 0.0390685 0.0177302 0.0127795 0.0166794 0.0209218 0.0179075 0.0192641 0.0162961 0.021487 0.0186367 0.0333369 0.0291804 0.0149136 0.0166713 0.0142258 0.0217811 0.0222304 0.0277702 0.0493508 0.0586253 0.0267191 0.0115779 0.0132445 0.00854578 0.00436753 0.000493429 0 0 0 0 0 0 0 0 0 0 0 0 0 
0 0 0 0 0 0 0 0 0 0 0 0 0 0 0 0.000122539 0.00427176 0.0147971 0.0148854 0.0262404 0.043335 0.0277599 0.022835 0.0159767 0.0160738 0.0209281 0.0366278 0.037439 0.0352432 0.034547 0.0323039 0.0157543 0.0162519 0.0173792 0.0249 0.0247867 0.0207073 0.0218534 0.0236984 0.0249305 0.0428647 0.0292722 0.0094842 0.0109867 0.0129624 0.0178742 0.0170444 0.0203106 0.0302069 0.0200546 0.00899872 0.00175532 0.00365574 0.00287809 0.00046907 0 0 0 0 0 0 0 0 0 0 0 0 0 0 
0 0 0 0 0 0 0 0 0 0 0 0 0 0 0 0 0.000153527 0.000813631 0.00244623 0.0090387 0.0335511 0.0245556 0.0207923 0.0203257 0.0214716 0.0244887 0.027814 0.0360056 0.0334425 0.0304994 0.0234071 0.014217 0.0153301 0.0151249 0.021487 0.0354694 0.0231357 0.0252872 0.0242894 0.0325685 0.0457816 0.0218007 0.0142473 0.00595109 0.0102195 0.0177322 0.0264836 0.020908 0.0111625 0.00767444 0.00364583 2.35118e-05 0.000113251 3.80302e-05 0 0 0 0 0 0 0 0 0 0 0 0 0 0 0 
0 0 0 0 0 0 0 0 0 0 0 0 0 0 0 0 0 0 2.27024e-06 0.000672788 0.0087871 0.0168409 0.0214605 0.023607 0.025181 0.0291156 0.0301067 0.0372481 0.0317061 0.0254659 0.0212185 0.0144746 0.0102846 0.0115407 0.0153637 0.0256103 0.0220809 0.0174639 0.0225563 0.0356008 0.0279215 0.0170379 0.0225955 0.0158251 0.0126304 0.0132781 0.0302552 0.0126658 0.00745781 0.00214856 0.000396082 0 0 0 0 0 0 0 0 0 0 0 0 0 0 0 0 0 0 
0 0 0 0 0 0 0 0 0 0 0 0 0 0 0 0 0 0 0 0 0.000396191 0.00298243 0.00836396 0.0133695 0.0196037 0.0218489 0.0193395 0.0232326 0.0198824 0.00927116 0.0131527 0.0144983 0.013037 0.00900451 0.0137877 0.0285671 0.0195597 0.0100676 0.0104325 0.0144942 0.0146739 0.01806 0.0184001 0.0175635 0.0121128 0.0107342 0.00833983 0.00158045 0.00118734 0.000180612 0 0 0 0 0 0 0 0 0 0 0 0 0 0 0 0 0 0 0 
0 0 0 0 0 0 0 0 0 0 0 0 0 0 0 0 0 0 0 0 0 0 0.000124495 0.00120016 0.00340682 0.00988664 0.0140885 0.00832633 0.00197682 0.00156518 0.00363158 0.00738646 0.00695416 0.0099112 0.0120553 0.0146253 0.0108644 0.00489415 0.00170512 0.00322737 0.00776253 0.010967 0.0131074 0.00743606 0.00183038 0.00154459 0.000423636 6.73384e-06 2.08595e-06 0 0 0 0 0 0 0 0 0 0 0 0 0 0 0 0 0 0 0 0 
0 0 0 0 0 0 0 0 0 0 0 0 0 0 0 0 0 0 0 0 0 0 0 0 0 0.000374116 0.000762098 0.00033947 0.000174131 0.000584458 0.000264321 0.000329943 0.00222386 0.00356823 0.00461463 0.00423591 0.00219703 0.000173566 0 7.90855e-05 0.00203796 0.00295188 0.00125115 0.000131028 8.27003e-05 0 0 0 0 0 0 0 0 0 0 0 0 0 0 0 0 0 0 0 0 0 0 0 0 

