0 0 0 0 0 0 0 0 0 0 0 0 0 0 0 0 0 0 0 0 0 0 0 0 0 0 0 0 0 1.52148e-06 0.000118575 0.000285467 9.9628e-06 0 0 0 0 0 0 0 7.81347e-06 1.87692e-06 0 0 0 0 0 0 0 0 0 0 0 0 0 0 0 0 0 0 0 0 0 0 0 0 0 0 0 
0 0 0 0 0 0 0 0 0 0 0 0 0 0 0 0 0 0 0 0 0 0 0 0 2.8325e-06 0.000209306 0.000998899 0.00543398 0.00882911 0.010515 0.0117861 0.0123103 0.00342418 0.00171251 0.00195861 0.00200936 0.000752571 0.00032726 0.000174711 0.00196124 0.00565317 0.0027514 0.00286358 0.00099739 0.000135202 8.2671e-06 0 0 0 0 0 0 0 0 0 0 0 0 0 0 0 0 0 0 0 0 0 0 0 
0 0 0 0 0 0 0 0 0 0 0 0 0 0 0 0 0 0 0 0 0 2.45049e-06 4.68942e-05 0.000100072 0.00172702 0.0122005 0.014783 0.0198659 0.0232207 0.0198262 0.0270499 0.0291291 0.0120747 0.00410279 0.00390439 0.00421383 0.00442878 0.0038811 0.000690055 0.0040696 0.0121306 0.0113844 0.0122504 0.0132627 0.00898757 0.00443247 0.000435035 0 0 0 0 0 0 0 0 0 0 0 0 0 0 0 0 0 0 0 0 0 0 
0 0 0 0 0 0 0 0 0 0 0 0 0 0 0 0 0 0 0 6.29733e-06 0.000590969 0.0031988 0.00668543 0.00675092 0.0139695 0.0305695 0.0294702 0.0317986 0.0279489 0.0247501 0.0288146 0.0250204 0.0148846 0.00418272 0.00832229 0.00541919 0.0054195 0.00628809 0.00260064 0.00893895 0.0169494 0.014804 0.00913379 0.0101684 0.0145512 0.0125518 0.00339277 3.9719e-05 0 0 0 0 0 0 0 0 0 0 0 0 0 0 0 0 0 0 0 0 0 
0 0 0 0 0 0 0 0 0 0 0 0 0 0 0 0 0 0 0 0.00104784 0.00526253 0.0116297 0.0194305 0.0192945 0.0286487 0.0374281 0.0343006 0.0290196 0.0288508 0.0243524 0.0235739 0.0242558 0.0153132 0.00439344 0.00897642 0.00874506 0.0106204 0.00817649 0.00313735 0.00528366 0.0168592 0.0149858 0.00983517 0.00964493 0.0150986 0.0189927 0.00775052 0.00015467 6.76726e-06 0 0 0 0 0 0 0 0 0 0 0 0 0 0 0 0 0 0 0 0 
0 0 0 0 0 0 0 0 0 0 0 0 0 0 0 0 0 0 0.00159984 0.002647 0.00574299 0.00522835 0.0144145 0.0231645 0.0228784 0.0321912 0.0319597 0.0276725 0.0390921 0.0292323 0.023621 0.020442 0.0180715 0.0129585 0.0106214 0.00869539 0.00876957 0.00851761 0.00529356 0.000646343 0.00512591 0.0122182 0.0111519 0.0118188 0.0185093 0.0165369 0.00761525 0.00109779 0.00205215 0.00424144 0.00467808 0.00134854 0.000293278 0 0 0 0 0 0 0 0 0 0 0 0 0 0 0 0 
0 0 0 0 0 0 0 0 0 0 0 0 0 0 0 8.00944e-06 0.000323947 0.00122379 0.00281853 0.00198977 0.00111346 0.00547017 0.0167135 0.0250097 0.0205142 0.0231704 0.0338986 0.0252344 0.0261124 0.019905 0.0234376 0.0297263 0.0215833 0.0154245 0.0139111 0.0152284 0.00601265 0.00817317 0.00835285 0.00205913 0.00284101 0.00501897 0.0110267 0.0188874 0.0161734 0.0166081 0.0091062 0.00470369 0.0055951 0.0118852 0.0126501 0.00424204 0.000521913 0 0 0 0 0 0 0 0 0 0 0 0 0 0 0 0 
0 0 0 0 0 0 0 0 0 0 0 0 0 1.43139e-05 0.00242132 0.00253761 0.00315897 0.00326471 0.00663328 0.00147395 0.00041605 0.00362525 0.0152716 0.0246612 0.0229279 0.0252764 0.0268005 0.0259939 0.0226833 0.0210126 0.0182189 0.0248992 0.0197178 0.018246 0.0181709 0.0256427 0.00900862 0.0109094 0.0125263 0.00812429 0.00615046 0.00819183 0.0103011 0.0191505 0.0185212 0.0272586 0.0197616 0.0100468 0.010653 0.00898969 0.0153097 0.0068951 0.000336042 7.23579e-05 0.000501634 0.000286192 0 0 0 0 0 0 0 0 0 0 0 0 0 
0 0 0 0 0 0 0 0 0 0 0 0 0 0.000146962 0.00902404 0.00930713 0.0084864 0.00712005 0.00693344 0.00166475 0.00337739 0.00224741 0.0105228 0.0287528 0.024161 0.0270324 0.0231897 0.0243982 0.0260081 0.0183673 0.0241154 0.0240219 0.0297118 0.0218232 0.026937 0.0218455 0.0106264 0.0140223 0.0110931 0.0134187 0.0107172 0.00852356 0.0111066 0.0180921 0.023858 0.0215835 0.0168306 0.014968 0.0165116 0.0170817 0.0209275 0.00809494 0.00302886 0.00541941 0.0049999 0.00186153 0.000988241 7.2885e-05 0 0 0 0 0 0 0 0 0 0 0 
0 0 0 0 0 0 0 0 0 0 0 0 0 9.72578e-05 0.00470467 0.0170898 0.0218835 0.0170079 0.0153416 0.00670084 0.00643045 0.00536099 0.0046444 0.0183462 0.0277562 0.0250948 0.0331739 0.0283629 0.033136 0.0200826 0.0254211 0.0263594 0.025261 0.0262431 0.0220999 0.0121143 0.00898315 0.0103321 0.00988885 0.0140596 0.0148111 0.00801342 0.00572332 0.0086186 0.0153279 0.0180317 0.0226807 0.0167158 0.0186235 0.0149533 0.0131712 0.012739 0.0109031 0.0190209 0.0113387 0.00470123 0.00379896 0.000672633 0 0 0 0 0 0 0 0 0 0 0 
0 0 0 0 0 0 0 0 0 0 0.000206922 0.00123424 0.00020807 5.95821e-05 0.000250882 0.0109477 0.0198912 0.0210096 0.0196083 0.00846794 0.00323792 0.00241655 0.00390504 0.00722422 0.0133439 0.0146096 0.0331468 0.0267041 0.0258112 0.0202541 0.0250008 0.0292457 0.0305182 0.0272118 0.017455 0.00811649 0.0104701 0.0105195 0.0103557 0.0163112 0.0137111 0.0119491 0.00827502 0.00814744 0.015028 0.0224667 0.0223715 0.0185932 0.012669 0.0086473 0.0115424 0.0123078 0.0155917 0.0197874 0.0199083 0.0117703 0.00352208 0.000307873 0 0 0 0 0 0 0 0 0 0 0 
0 0 0 0 0 0 0 0 0 1.93377e-05 0.00491782 0.0140358 0.0036634 0.00371452 0.00307228 0.00265882 0.0080753 0.0090567 0.0132034 0.0147365 0.0111844 0.00846326 0.00996719 0.00420551 0.00597697 0.0101345 0.0207329 0.0321202 0.0220765 0.0168539 0.0255036 0.0264655 0.0293438 0.0225675 0.0136816 0.00448334 0.00664627 0.00885075 0.0112549 0.0190235 0.0223002 0.0185534 0.0156563 0.0205711 0.0228484 0.0246027 0.0221155 0.0206687 0.013854 0.0137138 0.00981668 0.0182355 0.0141503 0.015032 0.0191835 0.0112088 0.00826087 0.000766501 0 0 0 0 0 0 0 0 0 0 0 
0 0 0 0 0 0 0 0 0 0.000333936 0.00715465 0.0204778 0.0155491 0.0160771 0.0189848 0.0174513 0.0188598 0.0169303 0.0241531 0.0207535 0.0195432 0.0145282 0.00834763 0.00380658 0.00860316 0.0110015 0.0227172 0.036266 0.0263429 0.0191845 0.0260574 0.0270646 0.0284893 0.0224899 0.0191433 0.011999 0.0147104 0.0197041 0.0164588 0.0237451 0.0305268 0.0178785 0.0201191 0.022594 0.0203479 0.01942 0.0165623 0.018166 0.0126544 0.0199933 0.0210262 0.0199502 0.0175962 0.016277 0.0163221 0.0123898 0.00805859 0.00479802 0.00153454 0.000669571 0.000137897 0 0 0 0 0 0 0 0 
0 0 0 0 0 0 0 0 0 8.50561e-06 0.00391666 0.0147398 0.0328118 0.0324648 0.0202195 0.0154908 0.0109712 0.0146661 0.0212097 0.0207019 0.015608 0.0165745 0.00841155 0.0089037 0.0146288 0.0178549 0.0276495 0.0326941 0.0268325 0.0210192 0.0194886 0.0199591 0.0239691 0.0208718 0.0195124 0.0204305 0.0317204 0.0358951 0.0270111 0.0247556 0.0285949 0.0204319 0.0211377 0.0198251 0.0184199 0.0204432 0.0167027 0.0152374 0.0194034 0.02228 0.0274554 0.0210579 0.0160712 0.0168679 0.0182692 0.0166203 0.0147512 0.00624792 0.00280786 0.00331643 0.0015652 0.00045954 6.45691e-05 0 0 0 0 0 0 
0 0 0 0 0 0 0 3.05426e-05 0.00218879 0.00542356 0.00431725 0.00729488 0.0251846 0.0303059 0.0194564 0.00988846 0.0142937 0.0205275 0.0231575 0.0159325 0.0158015 0.0136555 0.0111703 0.0133013 0.0176668 0.0257614 0.0363634 0.0278551 0.0337609 0.0348047 0.0222224 0.0164643 0.0246926 0.0302962 0.0274597 0.0282446 0.0365827 0.0345905 0.0236896 0.0193123 0.0247604 0.0210068 0.0191175 0.0189912 0.0206484 0.0210427 0.0188334 0.0168438 0.024215 0.0259976 0.0199244 0.019394 0.0153672 0.0190618 0.022549 0.0236546 0.0186834 0.00750838 0.00848421 0.00834153 0.00625019 0.00602209 0.000942 0 0 0 0 0 0 
0 0 0 0 0 0 0 0.000395387 0.00438931 0.0114144 0.0132653 0.0129316 0.0124419 0.0107235 0.00754 0.0111128 0.0182712 0.0191476 0.0158654 0.0190728 0.0168017 0.0208647 0.0149557 0.0131182 0.0196997 0.0299304 0.0341162 0.0298003 0.0397625 0.0413324 0.0291649 0.0235253 0.024669 0.0311608 0.028931 0.0271334 0.0326433 0.0399427 0.0193905 0.0197282 0.0241295 0.0185915 0.0173717 0.0172556 0.0199719 0.0247893 0.0263105 0.0249737 0.0301596 0.0194761 0.0169856 0.0173704 0.0110724 0.0156329 0.0190289 0.0186414 0.0158601 0.0111934 0.0153219 0.0132494 0.00863319 0.00911053 0.00275024 0 0 0 0 0 0 
0 0 0 0 0 0 0.000310099 0.00287422 0.0053558 0.01129 0.0162753 0.0180214 0.0162832 0.0139789 0.0114871 0.0179097 0.0210316 0.02319 0.0215624 0.0231074 0.0169964 0.0142044 0.0151458 0.0197514 0.0275774 0.0297467 0.0306464 0.0311222 0.0351157 0.0405424 0.0324265 0.032279 0.0241215 0.0231737 0.032266 0.0228485 0.0252228 0.0293712 0.0227669 0.0183301 0.0159985 0.0178857 0.021418 0.0193272 0.0219265 0.0304233 0.0282096 0.0232505 0.0183979 0.0198176 0.0195621 0.0160024 0.0131797 0.0167045 0.0167555 0.0155313 0.0245 0.0243027 0.0131024 0.00737615 0.00822796 0.00642452 0.00421895 0.000418754 0 0 0 0 0 
0 0 0 0 4.34711e-06 0.000488559 0.00579387 0.00866791 0.0135025 0.0172043 0.01943 0.0157705 0.0129694 0.0114421 0.0157905 0.0247424 0.0203854 0.0223024 0.0273016 0.0262528 0.0206674 0.0143196 0.0200283 0.0180612 0.0230408 0.0307288 0.0326416 0.0316077 0.0248662 0.0269311 0.037503 0.034755 0.0209262 0.0207744 0.0244009 0.0205633 0.0228036 0.0314258 0.0257289 0.0195954 0.0140553 0.0187936 0.01759 0.0200058 0.0215042 0.0280007 0.0274322 0.0211344 0.0199582 0.0199833 0.0225654 0.0249044 0.0206636 0.0185781 0.0154908 0.0162311 0.0187157 0.0256211 0.0246343 0.012277 0.0134366 0.00515313 0.00362407 0.00163913 0.000186624 0 0 0 0 
0 0 0 0 3.9669e-05 0.00426179 0.0121759 0.014624 0.0154585 0.0228077 0.0215608 0.0157939 0.0179617 0.0157375 0.0292383 0.0298365 0.0234642 0.0157025 0.0300104 0.0311016 0.0265678 0.0227195 0.0196648 0.0224094 0.0200724 0.0249546 0.0284781 0.0211397 0.0174084 0.0155831 0.032132 0.027575 0.0199234 0.0202415 0.0203574 0.0245509 0.0207578 0.0292576 0.0277117 0.0177595 0.0129786 0.01861 0.0220391 0.0270545 0.0321048 0.0368231 0.0318921 0.0176106 0.0180994 0.0187791 0.0177073 0.0162453 0.0216794 0.0184171 0.0142404 0.0122026 0.0128675 0.0218094 0.0232053 0.0217688 0.0176934 0.015331 0.0101601 0.00462551 0.00228838 0.000199814 0 0 0 
0 0 0 0 0.00173943 0.0119597 0.0117556 0.0171089 0.0172438 0.0322287 0.0254031 0.0189536 0.0228707 0.0273213 0.0365135 0.0322849 0.0260473 0.0214832 0.0259966 0.029896 0.0245611 0.026611 0.0261489 0.0359405 0.0249678 0.0192834 0.0193019 0.0201015 0.0173225 0.0194393 0.0313722 0.0276083 0.0261595 0.0299595 0.0267609 0.0252846 0.0200905 0.0251215 0.0341339 0.0275694 0.0152855 0.013788 0.0251071 0.0246018 0.022494 0.026363 0.0202215 0.0154825 0.0202899 0.0299318 0.0187807 0.0192749 0.0274065 0.0193658 0.0146406 0.0125583 0.0139818 0.0143515 0.0195146 0.0175345 0.0187469 0.0172918 0.0148711 0.0132878 0.0108087 0.00114417 0 0 0 
0 0 0 0 0.00369127 0.0184407 0.0187182 0.0266499 0.0177532 0.0223634 0.0244418 0.0241921 0.02404 0.0229895 0.0262645 0.0247888 0.0233045 0.0215778 0.0245953 0.0222819 0.0201434 0.0264286 0.028895 0.0366073 0.0273849 0.0239128 0.0192383 0.0170158 0.0177745 0.0186486 0.0213609 0.0242275 0.0209955 0.0230799 0.0230659 0.0221565 0.0237153 0.0267353 0.0256591 0.0219025 0.0176431 0.0196305 0.0386397 0.0364676 0.0243301 0.0230258 0.0144002 0.0196128 0.0304859 0.0289991 0.0244685 0.020675 0.020252 0.0235303 0.0257112 0.0215413 0.0187031 0.0193388 0.0237414 0.0134371 0.0136854 0.0136061 0.0134931 0.0109414 0.0122577 0.00183544 0 0 0 
0 0 0 2.66043e-05 0.0031465 0.0130686 0.0225857 0.0240413 0.0189329 0.016683 0.0146717 0.0283617 0.0296946 0.0303978 0.021274 0.0119219 0.0156657 0.0213213 0.024838 0.023133 0.0189177 0.0216106 0.0304421 0.0295654 0.0317502 0.0260921 0.0198708 0.0170229 0.0178061 0.0207132 0.0187284 0.0175496 0.0187071 0.0173338 0.0184071 0.021583 0.029619 0.03185 0.0233366 0.0255717 0.0171541 0.0213882 0.0252634 0.0222247 0.0201182 0.0206495 0.0178148 0.0273828 0.0402365 0.0279557 0.0142122 0.0188094 0.0198402 0.0266357 0.0234654 0.0237638 0.0254975 0.0171986 0.0198353 0.0217745 0.0193206 0.0185746 0.0136441 0.0142449 0.0147602 0.00394118 0.000962973 0 0 
0 0 4.53079e-05 0.0026686 0.0134939 0.0168804 0.0171707 0.0173078 0.0190986 0.016985 0.0188798 0.0238676 0.0210802 0.0268769 0.0228733 0.0160917 0.019396 0.0156655 0.0189384 0.0236925 0.0183703 0.0162337 0.0182405 0.0216031 0.0258818 0.0286044 0.0236621 0.0148852 0.0194982 0.0216866 0.0199524 0.0169535 0.0201203 0.0182737 0.0225679 0.0237209 0.0244156 0.0399914 0.0328581 0.0244784 0.0226532 0.0215652 0.0187986 0.0178693 0.0170338 0.0225684 0.0205299 0.025683 0.0259052 0.0204559 0.0183449 0.0214661 0.0208304 0.0216043 0.0195988 0.0206425 0.0205491 0.0204363 0.0173154 0.0184453 0.0224262 0.0200944 0.0161171 0.0163418 0.0180925 0.0130946 0.00288909 0 0 
0 0 0.000922733 0.00915399 0.017282 0.018781 0.0130184 0.0139024 0.0142254 0.020239 0.0231654 0.0246306 0.0275598 0.0266872 0.0185466 0.0165454 0.0142463 0.0201561 0.0233469 0.0261322 0.0241717 0.0227625 0.0248478 0.0258764 0.0279204 0.0290056 0.0236292 0.0203334 0.0195598 0.0250345 0.022371 0.0165325 0.0143821 0.0190922 0.0180369 0.0174599 0.0292696 0.0526849 0.0342634 0.034726 0.0296484 0.0327553 0.0294649 0.0227415 0.0186759 0.0211201 0.0213629 0.0205194 0.0232841 0.0246457 0.0220013 0.0233634 0.0153636 0.0132787 0.0139366 0.0118956 0.00933612 0.0154893 0.0135362 0.0175964 0.0211149 0.0220546 0.0143067 0.0143582 0.02169 0.0197744 0.00665744 7.28473e-05 0 
0 2.6037e-06 0.00494746 0.0113954 0.00613164 0.00717641 0.00757884 0.0116466 0.0149387 0.0313217 0.0346459 0.0240108 0.02678 0.0282778 0.0243719 0.0187822 0.0162098 0.0181904 0.0221706 0.018747 0.0253824 0.034923 0.0311316 0.0183925 0.0274642 0.0226575 0.0262848 0.0256616 0.0256237 0.0471666 0.0307295 0.01771 0.0133297 0.0177868 0.0211209 0.0242786 0.0276617 0.0415568 0.0281714 0.0414305 0.0356596 0.0353666 0.0237511 0.0223355 0.0225296 0.0222173 0.0191987 0.020307 0.022357 0.0255485 0.0255335 0.017662 0.0159741 0.0201989 0.0167783 0.0179683 0.0147845 0.0174266 0.0148585 0.0179832 0.0189853 0.0168917 0.0128665 0.0156877 0.0174355 0.0154981 0.00423654 0.000158077 0 
0 0.000156556 0.0102462 0.0179962 0.00609155 0.0121192 0.0165176 0.0179959 0.0139088 0.0208805 0.0323691 0.0318741 0.0247609 0.0200773 0.0232904 0.0217434 0.01712 0.0196742 0.0154082 0.017476 0.0243152 0.0508389 0.0326016 0.0163824 0.0173428 0.0223579 0.0324602 0.0402058 0.0550235 0.0525035 0.0440522 0.024335 0.0198163 0.021275 0.0243975 0.0362483 0.0344542 0.0264558 0.02779 0.0290734 0.0305397 0.0258411 0.019273 0.0250035 0.0299019 0.0260961 0.0244338 0.0226549 0.0207202 0.0286282 0.0198611 0.0123751 0.0236487 0.0288658 0.0214917 0.0156224 0.0127149 0.0110764 0.0173955 0.0138926 0.0122749 0.0155016 0.016196 0.0129202 0.0108513 0.0119882 0.00277042 0.00114398 5.9155e-06 
0 0.000345407 0.00733421 0.0135868 0.00837172 0.0165686 0.0239704 0.0231171 0.021664 0.0205 0.0312072 0.0327372 0.0237454 0.0178213 0.0155816 0.0226593 0.0164726 0.0177891 0.0152516 0.0148687 0.0240099 0.0336791 0.0264578 0.019504 0.0170819 0.0296753 0.0321241 0.0381429 0.0521472 0.0421561 0.0611512 0.0260108 0.023122 0.0224936 0.0288101 0.034849 0.0363638 0.034341 0.0245514 0.0180739 0.0228608 0.0278994 0.024742 0.024971 0.0249069 0.0218856 0.0210675 0.0221952 0.0247726 0.0277701 0.0255969 0.0184461 0.0196655 0.0322125 0.024407 0.0113523 0.00666483 0.0109541 0.0141547 0.0118331 0.0179729 0.0166411 0.0134724 0.0101985 0.00737029 0.00458727 0.00283996 0.00369897 6.251e-05 
0 6.22137e-05 0.00118749 0.00482973 0.0135497 0.0186398 0.0209044 0.021586 0.0167577 0.0199189 0.0208923 0.0313459 0.0265064 0.0233098 0.0216356 0.0217273 0.0151854 0.0226336 0.0231637 0.0196021 0.0233626 0.0261471 0.0256663 0.0258013 0.0191256 0.0245828 0.0224464 0.0291806 0.0468362 0.0394832 0.0312029 0.0226546 0.0260555 0.0216752 0.0238151 0.0277293 0.0407069 0.0353305 0.0195877 0.0242837 0.0318108 0.0279515 0.0278973 0.0198316 0.020612 0.0187636 0.0188685 0.0205198 0.0212439 0.0224541 0.0240496 0.0291184 0.0223581 0.0296073 0.0263568 0.0162658 0.00893123 0.0133416 0.0160721 0.0127556 0.0157967 0.0196365 0.0124748 0.007913 0.00165109 0.000605597 0.000159171 0.000285601 9.77951e-06 
0 0.00105635 0.00713471 0.0158679 0.0248477 0.0289102 0.0189854 0.019047 0.017288 0.0153767 0.0207745 0.0230737 0.016983 0.0246139 0.0321845 0.030054 0.0221916 0.0235373 0.0237338 0.0235795 0.0218266 0.0243181 0.0207677 0.0269534 0.028816 0.0304399 0.0238988 0.0259531 0.0247502 0.0299379 0.0318644 0.02581 0.025668 0.0216232 0.0294998 0.0383124 0.0318445 0.0324442 0.0244703 0.0272224 0.0297783 0.025287 0.0265489 0.016394 0.013692 0.0207068 0.0205518 0.0217906 0.023153 0.0260969 0.0219692 0.0198343 0.0174264 0.0175492 0.0220864 0.0178243 0.00982438 0.0140436 0.0140205 0.0248468 0.0211708 0.0210879 0.0142179 0.0148385 0.0104227 0.00593707 0.00512234 0.00325135 0.000542065 
0 0.0051025 0.0203078 0.0187434 0.0239125 0.0193398 0.0206691 0.0199074 0.0210157 0.0184161 0.0242797 0.0243428 0.0277814 0.0284389 0.0304626 0.0266329 0.0218634 0.0180443 0.0190665 0.020194 0.0262979 0.0325587 0.0296134 0.028757 0.0306633 0.0348217 0.029622 0.020503 0.0160775 0.0245092 0.037039 0.0299102 0.0313391 0.035515 0.025107 0.0247128 0.0221533 0.0227219 0.0250983 0.0274224 0.0172714 0.0205051 0.0214017 0.0151091 0.0202451 0.0254169 0.030153 0.0333427 0.0251103 0.0223265 0.027749 0.021123 0.0179859 0.0168789 0.0208205 0.0201305 0.0147638 0.0112753 0.0147782 0.0292575 0.0297268 0.0244085 0.0172812 0.0193559 0.01938 0.019556 0.0166718 0.0126612 0.004619 
4.54513e-05 0.00968922 0.023171 0.0283441 0.0241011 0.0302653 0.0286946 0.0265479 0.0275172 0.0317441 0.031356 0.0262984 0.0295462 0.0265719 0.0247469 0.0257454 0.022296 0.0249169 0.0239345 0.0229437 0.02864 0.0369619 0.0434877 0.0296805 0.0272066 0.038364 0.038339 0.0235064 0.0208126 0.0210029 0.0295102 0.0220682 0.0262182 0.0234176 0.0239045 0.0241416 0.0229134 0.0202824 0.022983 0.0189972 0.0157031 0.01479 0.0173351 0.0243443 0.0270946 0.0358095 0.0314291 0.0234587 0.0287155 0.0288715 0.0276687 0.0173587 0.0147716 0.0166683 0.0225973 0.0158718 0.0128533 0.0146945 0.0153702 0.0226841 0.0212824 0.0195064 0.014354 0.0209597 0.021406 0.0159812 0.0162003 0.00942309 0.00265564 
9.97061e-05 0.00847517 0.0227002 0.0280444 0.0259589 0.0294779 0.0354882 0.0286103 0.0267214 0.0245335 0.0247846 0.0265585 0.0252124 0.0230041 0.0214117 0.0229488 0.0254743 0.0226056 0.0228852 0.0253306 0.0240757 0.0324738 0.0479775 0.0403896 0.041034 0.0351612 0.0347563 0.0348163 0.0287913 0.0229889 0.0284831 0.0241247 0.0229788 0.0169508 0.019693 0.0270187 0.0269014 0.0181134 0.0197581 0.0204473 0.0181104 0.021905 0.0255843 0.0223666 0.0221624 0.0223924 0.027291 0.0230673 0.0332215 0.0459695 0.0408771 0.0163793 0.013329 0.0131311 0.0160762 0.010135 0.0159567 0.018544 0.0185449 0.0180201 0.0206139 0.0177607 0.0147319 0.0167649 0.0180846 0.0158614 0.0115712 0.00452737 0.000371264 
0.000375654 0.00963283 0.0234151 0.0255461 0.0263063 0.0285345 0.0429343 0.0314399 0.0278872 0.0184074 0.0220349 0.019932 0.0189374 0.0250715 0.0257143 0.0240553 0.030924 0.0308339 0.021027 0.0216294 0.0262105 0.0262236 0.0364902 0.04276 0.0369326 0.0439207 0.0328509 0.0271868 0.0245335 0.0292896 0.0415076 0.028056 0.0230222 0.0186555 0.0207655 0.0358617 0.0229875 0.0181983 0.0225355 0.0244372 0.026478 0.025551 0.0277586 0.0199752 0.0234576 0.0220428 0.0187015 0.0181521 0.0363471 0.0488222 0.0391986 0.0181649 0.0166877 0.0203832 0.0210394 0.0147387 0.0161432 0.0182601 0.0144746 0.0183817 0.0188751 0.0185409 0.0146488 0.0126636 0.0109814 0.010949 0.00703053 0.00154039 0.000363103 
0.000337468 0.0094404 0.0301803 0.0201126 0.0183527 0.0221251 0.0336428 0.0340969 0.0272647 0.0192969 0.0172564 0.0210103 0.0210242 0.0227255 0.0272396 0.0297367 0.0396217 0.0353662 0.0270801 0.0314852 0.0241579 0.021846 0.0358108 0.0422558 0.0416594 0.0426618 0.0351068 0.0288193 0.0269815 0.0273565 0.0381304 0.0277015 0.0223082 0.0226521 0.0257349 0.060774 0.0385021 0.0167976 0.0181317 0.0181793 0.0230385 0.0242789 0.0253758 0.0206521 0.0188111 0.0211588 0.0167907 0.0224977 0.0220488 0.0342539 0.0277974 0.0226942 0.0360155 0.0353781 0.0202101 0.0195018 0.0209359 0.0211852 0.0186439 0.0278165 0.0209744 0.0186016 0.0117772 0.00730694 0.00557694 0.00568754 0.00225652 0.000601101 0.000139426 
0 0.00429873 0.0192629 0.0190438 0.0160659 0.00997267 0.00729541 0.0212801 0.0214153 0.0200553 0.0183142 0.0177354 0.0240119 0.0286443 0.0324553 0.0296693 0.0355479 0.0323391 0.0306785 0.031012 0.0386384 0.0290292 0.0304651 0.0388942 0.0402848 0.0322244 0.0359442 0.0346016 0.0251135 0.0243451 0.0376809 0.0364582 0.0244822 0.0196008 0.0320919 0.0807044 0.0317405 0.0296131 0.0268271 0.0203903 0.0264079 0.0274724 0.0240832 0.0255066 0.0206014 0.0189244 0.0212532 0.0269512 0.0210195 0.0207815 0.020126 0.0258996 0.0325609 0.0272498 0.022959 0.0248673 0.0198095 0.0207279 0.0177927 0.0300534 0.0296475 0.0243761 0.0166952 0.0130173 0.00726519 0.00905454 0.00908845 0.00152368 4.97014e-05 
0 8.75166e-05 0.00175121 0.00474116 0.0102704 0.0122931 0.00793306 0.0149936 0.0209047 0.0225495 0.0265173 0.0241018 0.0218359 0.0297676 0.0325091 0.0274003 0.0358196 0.0494888 0.0382041 0.0370132 0.0319594 0.0302152 0.0327353 0.042527 0.0388146 0.0401514 0.0354809 0.0295417 0.0220033 0.0182747 0.03048 0.0717323 0.0590004 0.0367095 0.0774143 0.0954991 0.0256186 0.029371 0.0368006 0.0257142 0.0222466 0.0248608 0.0288041 0.0227372 0.0207508 0.0188403 0.02728 0.0267095 0.0218218 0.0238883 0.0188715 0.0285827 0.0314806 0.0311372 0.0286899 0.0270704 0.0209696 0.0177287 0.0150279 0.0187542 0.0280932 0.0241871 0.0223738 0.0108887 0.00696406 0.0106028 0.0125229 0.00183877 0 
0 0.000501106 0.0064662 0.00696124 0.00924159 0.0117398 0.0190024 0.0178646 0.0155587 0.0251125 0.0272729 0.0208885 0.0323855 0.0296628 0.0349796 0.0444757 0.0457427 0.0490326 0.0426273 0.044052 0.0431272 0.0355641 0.0410143 0.0388583 0.0314806 0.0336021 0.0235918 0.0225343 0.0220083 0.0240291 0.0257871 0.0411506 0.0663291 0.0780336 0.093764 0.0528344 0.0317966 0.0341392 0.0329752 0.0289258 0.0238018 0.0227275 0.0251161 0.0188174 0.011264 0.0205536 0.0206153 0.0186798 0.0201121 0.0221238 0.0226127 0.0261002 0.0298597 0.0250764 0.0204688 0.0210085 0.0193342 0.0188971 0.0172246 0.0208831 0.0307257 0.0293437 0.0175874 0.006796 0.00675623 0.0112819 0.00960398 0.00382695 0.000144695 
0 0.004603 0.0103339 0.010911 0.00675742 0.00743084 0.0181653 0.019194 0.0150668 0.0160865 0.026771 0.0287326 0.0353145 0.032514 0.0315764 0.0299058 0.0348742 0.0286394 0.0242068 0.0253114 0.0423187 0.0448567 0.040122 0.0392893 0.029746 0.029513 0.0242993 0.0236181 0.0229976 0.0288221 0.0220015 0.0261982 0.0346192 0.0327036 0.0383945 0.0313525 0.0306747 0.0292057 0.0229446 0.020093 0.0219395 0.0178182 0.0202451 0.0181348 0.0105377 0.0112008 0.0134128 0.0194433 0.04021 0.0499801 0.0273705 0.0247496 0.0231232 0.0177546 0.0189155 0.0213547 0.0184702 0.0161021 0.0192776 0.020399 0.0216482 0.022199 0.0120374 0.0103284 0.00714329 0.00578342 0.00862309 0.00632935 0.000295592 
0 0.008104 0.0122856 0.00950729 0.00623249 0.00197605 0.00927145 0.0156259 0.0130136 0.0153863 0.0229118 0.0256279 0.0315875 0.0365569 0.032796 0.0302536 0.0278764 0.0215265 0.0250676 0.0238449 0.0276583 0.037405 0.0354433 0.0306038 0.0244851 0.0254313 0.0243522 0.0225445 0.0220599 0.0216889 0.0208882 0.0235179 0.0293134 0.0308645 0.0389003 0.0344571 0.0318015 0.0247686 0.0185329 0.0205614 0.020766 0.0166286 0.0212855 0.0204511 0.0186795 0.0180327 0.0130404 0.0172794 0.0288311 0.0473422 0.0226464 0.0198064 0.0169896 0.0152224 0.0218857 0.0182942 0.0206815 0.0201535 0.0182068 0.0197457 0.0172393 0.0195401 0.0158409 0.0169014 0.0161624 0.0166392 0.00788857 0.00993771 0.000995604 
0 0.00668658 0.0127401 0.0108728 0.00732195 0.00218353 0.00611292 0.00768125 0.0135082 0.0183961 0.014701 0.0145386 0.0229311 0.0320031 0.0264093 0.0242694 0.0256078 0.0295107 0.0260076 0.0211538 0.020518 0.0337589 0.0292737 0.0231003 0.0267947 0.0261958 0.0204062 0.0239177 0.0281191 0.0244761 0.0258549 0.03154 0.0287867 0.03398 0.0360984 0.0367853 0.0299292 0.0221119 0.0210403 0.0207125 0.0211713 0.0166438 0.0257235 0.028956 0.0261975 0.0207881 0.0210936 0.0214155 0.0157907 0.0229163 0.0220644 0.018882 0.0175478 0.0164614 0.0211724 0.0229652 0.0152703 0.0128686 0.018441 0.0214932 0.0210014 0.0234548 0.0247683 0.0194537 0.0204858 0.0190791 0.0132109 0.0146301 0.00478444 
0 0.00127892 0.00542974 0.00657205 0.00223902 0.00175492 0.0094415 0.0240355 0.0279221 0.0257085 0.0164753 0.014414 0.0209759 0.0269559 0.0282561 0.0247438 0.0284461 0.0344369 0.034457 0.0286205 0.0272154 0.0380307 0.0318624 0.0218361 0.0201098 0.0200115 0.0163357 0.0243286 0.0292069 0.0182054 0.0214665 0.0289162 0.0309329 0.0284885 0.0302562 0.0240793 0.0207466 0.0237273 0.0228376 0.0189464 0.0173822 0.0194076 0.0257477 0.033848 0.0371681 0.0503683 0.0291261 0.0266653 0.0184862 0.0189033 0.0198959 0.0160806 0.0209742 0.0161213 0.0143271 0.0268325 0.0167364 0.0178823 0.0206741 0.0293754 0.0213071 0.029103 0.0243327 0.0218812 0.0234182 0.0211095 0.0139664 0.0153013 0.00565166 
0 0 6.36485e-05 1.00869e-05 9.16328e-05 0.00314587 0.0179402 0.0260668 0.0309104 0.0330694 0.0297456 0.0210747 0.0197822 0.0267177 0.0275922 0.0265522 0.0264191 0.0371246 0.0308977 0.0320261 0.0366381 0.0340402 0.0227776 0.0201215 0.0167964 0.0190456 0.0203637 0.021959 0.0207061 0.0195162 0.0242197 0.027258 0.0255938 0.0267005 0.0209596 0.0183325 0.022415 0.0242557 0.0219195 0.0212444 0.020089 0.0221852 0.0269306 0.0329651 0.0707439 0.0938533 0.0311668 0.0252664 0.016631 0.0187295 0.0164202 0.0200461 0.028071 0.0227181 0.0197536 0.020382 0.0321701 0.0426911 0.0323411 0.030366 0.0218957 0.0317857 0.0231956 0.0148314 0.0173482 0.0158493 0.0154793 0.0126935 0.00370157 
0 0 0 0 0.000709978 0.00541141 0.0187014 0.0304778 0.0258277 0.0292315 0.0295825 0.02592 0.0201185 0.0226318 0.0246422 0.0354844 0.0255355 0.022482 0.022305 0.0246835 0.0309347 0.0362359 0.0300334 0.0232067 0.0201931 0.0229346 0.0233721 0.0208881 0.0284477 0.0215011 0.0199001 0.0216092 0.0236598 0.0255292 0.0271652 0.0210732 0.0145662 0.0208087 0.0255807 0.0207674 0.0224735 0.022967 0.0267648 0.0290679 0.0463768 0.044168 0.0269287 0.0289752 0.0317035 0.0265456 0.0256914 0.0182481 0.0205155 0.024068 0.0192436 0.0163247 0.0439803 0.0594826 0.0448129 0.0347992 0.0241813 0.0224679 0.0209413 0.0196149 0.0177404 0.0191168 0.0116685 0.0068577 0.0012657 
0 0 0 0.000245701 0.0022376 0.00656981 0.0204618 0.0279983 0.0208828 0.0247913 0.0302282 0.0228314 0.0241502 0.0225252 0.0237463 0.0292321 0.0185315 0.0148205 0.0161332 0.0221511 0.0258293 0.0335998 0.0333725 0.0245019 0.017894 0.0262152 0.021104 0.0186076 0.0170734 0.0210582 0.0235907 0.0268238 0.0179886 0.0257723 0.0290252 0.0238888 0.0173797 0.0186085 0.0312987 0.0300795 0.026024 0.033946 0.0302877 0.0225523 0.0270074 0.0284256 0.0276447 0.0285681 0.0265063 0.039894 0.0319666 0.0193047 0.0154306 0.0190839 0.0220067 0.0183836 0.0326682 0.0553835 0.0462538 0.0270724 0.0175665 0.0188324 0.0223565 0.0267728 0.0194141 0.0173013 0.0108879 0.00551811 0.000262111 
0 0 0.000126176 0.00282092 0.0111308 0.0132982 0.0177504 0.0308911 0.0292947 0.0254056 0.0298724 0.0457613 0.040672 0.0258612 0.0184939 0.0183409 0.017976 0.0202597 0.025053 0.0274172 0.0199169 0.027643 0.0305257 0.0233764 0.0224736 0.0227471 0.0217103 0.0226285 0.0199488 0.021983 0.0240302 0.0268395 0.0289727 0.0286693 0.0295076 0.0227596 0.0230121 0.0292163 0.0364842 0.0320933 0.0428645 0.0333838 0.0237388 0.0231051 0.0257331 0.0211497 0.0237455 0.0261405 0.0261503 0.0298165 0.0302015 0.0180183 0.0178011 0.0150479 0.0144011 0.0140269 0.0245368 0.0351172 0.0342678 0.027967 0.0150295 0.0208954 0.020082 0.0227868 0.0227694 0.0254713 0.0155755 0.00593413 7.33629e-05 
0 0 0.000702854 0.0084609 0.0159503 0.0258841 0.0225818 0.0263189 0.0312966 0.0229295 0.0325063 0.0473245 0.0382404 0.0178285 0.0206423 0.0241506 0.0251992 0.0308385 0.0267305 0.0238594 0.0161749 0.0208015 0.026173 0.0191607 0.0228132 0.0240338 0.0220734 0.0217297 0.0244783 0.0258439 0.023622 0.0315949 0.0340413 0.0304975 0.024862 0.0330341 0.0316926 0.0335616 0.0256886 0.0259486 0.031105 0.0269095 0.0250109 0.0228022 0.0208291 0.0150871 0.018474 0.0208407 0.019749 0.0184411 0.0195192 0.0226731 0.0204531 0.0170102 0.015874 0.0150254 0.0225618 0.0255787 0.0273046 0.0267253 0.0201496 0.0218051 0.0180283 0.0235502 0.0321278 0.0204496 0.00861789 0.0016372 0 
0 0 0.000129667 0.00607498 0.0167703 0.0214351 0.0227259 0.0327557 0.0435059 0.0318895 0.0275888 0.0294424 0.0171852 0.0172626 0.019342 0.0291478 0.0277291 0.026269 0.0220267 0.0160875 0.0139086 0.0129624 0.0165574 0.0152653 0.0209754 0.0178838 0.0208133 0.0231024 0.0269878 0.0286615 0.0367932 0.0269523 0.0320187 0.0317351 0.0284903 0.0367394 0.0382627 0.041269 0.0224702 0.0236537 0.031369 0.0335693 0.029432 0.0216447 0.0189055 0.0198146 0.0206788 0.0248238 0.0285661 0.0268121 0.0182342 0.0274308 0.0352083 0.0286496 0.0228436 0.0196876 0.0226277 0.0328545 0.030889 0.0217392 0.0209138 0.0167842 0.0244781 0.0296514 0.0207388 0.0103625 0.00506306 0.000803739 0 
0 0 5.07538e-05 0.00594789 0.0243835 0.0259152 0.0229916 0.0390325 0.0426594 0.0362278 0.0235167 0.032254 0.0263645 0.0183068 0.0201352 0.0210458 0.0231026 0.0166026 0.0181928 0.0204857 0.0151677 0.0120849 0.012838 0.0169621 0.0216044 0.0179266 0.022439 0.0222261 0.030926 0.0355346 0.0363588 0.0233093 0.0247405 0.0184267 0.0291177 0.0294337 0.0291939 0.0440856 0.0356751 0.0316485 0.0292138 0.0317382 0.0294347 0.0235753 0.0196357 0.0212973 0.0226966 0.0241763 0.0260549 0.0266555 0.030478 0.0277571 0.0244302 0.023381 0.0280506 0.0200453 0.0229889 0.0269399 0.0333912 0.0303797 0.026024 0.0267676 0.0269981 0.0284426 0.0172975 0.00783991 0.00601108 0.000255061 0 
0 0 0 0.00242599 0.0150482 0.0230738 0.0255748 0.0362558 0.0407827 0.0334631 0.0301771 0.027149 0.0196713 0.0195954 0.0245706 0.0224763 0.0184752 0.0136123 0.0151196 0.0199656 0.0159649 0.00989243 0.0101272 0.0200918 0.0326355 0.0287811 0.0269968 0.0241364 0.0240296 0.0303663 0.024834 0.0214721 0.0184003 0.0211176 0.0203671 0.0224663 0.0210208 0.035363 0.036368 0.0292816 0.0322861 0.0305896 0.0303926 0.0330429 0.0203527 0.0185291 0.0198793 0.0257061 0.0245318 0.0261827 0.0190497 0.0223765 0.0226248 0.0239455 0.0282062 0.0361333 0.0267573 0.0258173 0.0284471 0.0312492 0.0366957 0.0334003 0.028824 0.0224209 0.0180112 0.00475623 0.000331796 0 0 
0 0 0 9.02255e-05 0.00438917 0.0154851 0.0183069 0.0252166 0.0306101 0.0314848 0.0371858 0.0187067 0.013331 0.0187722 0.0190306 0.0197331 0.0135844 0.0121931 0.0172704 0.0278637 0.0193703 0.00989274 0.0107038 0.023358 0.0427925 0.0294418 0.0248559 0.0270834 0.0217512 0.0251006 0.0244306 0.0218901 0.0176684 0.0201356 0.0152604 0.0172946 0.0289014 0.0319337 0.0323001 0.031912 0.0307892 0.0285568 0.0341861 0.0309094 0.026045 0.0200724 0.0199619 0.0214274 0.0219702 0.0315784 0.0347612 0.0364419 0.030812 0.0256696 0.0280766 0.0435218 0.0290891 0.0332034 0.0373433 0.0262138 0.0366273 0.0307574 0.0201051 0.0184049 0.0146841 0.00165484 4.98903e-06 0 0 
0 0 0 0 6.33714e-05 0.00112968 0.00963398 0.020052 0.0256084 0.0297577 0.0377177 0.0230226 0.0166866 0.0153715 0.00767494 0.0122712 0.00961632 0.00940415 0.00654425 0.00783573 0.00937825 0.0106056 0.0137155 0.0236748 0.0304228 0.027865 0.023334 0.0139355 0.0160215 0.0240013 0.0261779 0.021918 0.0227598 0.0184903 0.0137232 0.017415 0.0241984 0.0340604 0.033009 0.0331896 0.0280012 0.0241543 0.0295011 0.0281287 0.0439478 0.0296536 0.0211597 0.0195197 0.0240786 0.0322291 0.0434011 0.0469895 0.0384967 0.0335791 0.024018 0.0259037 0.0317816 0.0367039 0.0423904 0.0396933 0.0364957 0.0338775 0.0182006 0.0183878 0.0112084 0.00106105 0 0 0 
0 0 0 0 0 0.000140677 0.00585908 0.0180612 0.0262127 0.0305061 0.0251519 0.0173172 0.0147217 0.0145851 0.0129179 0.0136279 0.0106057 0.00803603 0.00433354 0.0031909 0.00482539 0.0163116 0.0265099 0.0221634 0.0200825 0.0233157 0.0234103 0.0198853 0.0199276 0.018326 0.0170659 0.0230057 0.0254738 0.0267768 0.0163377 0.0192814 0.0272281 0.0355334 0.0388126 0.0396036 0.035242 0.0305946 0.028126 0.0303619 0.0347644 0.0301655 0.0190379 0.0196587 0.0239247 0.0271336 0.0340533 0.0363229 0.0274134 0.0279743 0.0212765 0.0247642 0.0416322 0.0358262 0.0335053 0.0324222 0.0382332 0.0396636 0.020471 0.0121826 0.00412455 0.00030165 0 0 0 
0 0 0 0 0 5.36725e-05 0.00327411 0.0145618 0.0216187 0.0287488 0.0209689 0.0147461 0.0141358 0.0135474 0.0181668 0.0163605 0.00593754 0.00899271 0.00963318 0.0092765 0.00725874 0.0141473 0.0288371 0.0224112 0.0125471 0.0166131 0.0251851 0.0302831 0.029478 0.0189915 0.0110913 0.0212486 0.0242614 0.0297332 0.0201805 0.0171112 0.0265361 0.0374917 0.0401128 0.037494 0.0337485 0.0279726 0.0168203 0.0252314 0.0276108 0.0290242 0.0270733 0.0235824 0.0200278 0.0254139 0.0292283 0.0346789 0.0316772 0.0328608 0.0329951 0.0315796 0.0242225 0.0148735 0.012124 0.0234015 0.0364434 0.0312144 0.013038 0.00701937 0.00146233 7.5269e-06 0 0 0 
0 0 0 0 0 0 0.00125455 0.013443 0.0216809 0.0271587 0.0222865 0.0109492 0.0113777 0.0121741 0.020291 0.0215709 0.0145177 0.012034 0.0116474 0.0152205 0.0124841 0.01284 0.0154973 0.00926988 0.00658937 0.0083844 0.0152869 0.017851 0.0222268 0.0180559 0.00722074 0.0167043 0.034724 0.0321126 0.0336447 0.0343961 0.0232182 0.0388921 0.0385627 0.0329431 0.0237886 0.0297469 0.0209788 0.0219016 0.0336369 0.0277614 0.0244336 0.0184942 0.0176328 0.0245093 0.0318569 0.0276609 0.0306592 0.034917 0.0459862 0.0446765 0.0243135 0.00874913 0.0112928 0.0252722 0.0331905 0.023844 0.00542305 0.00068681 4.1286e-05 0 0 0 0 
0 0 0 0 0 0 0.000340045 0.00976996 0.0191256 0.0243511 0.0189356 0.0132481 0.0134002 0.0160794 0.0111394 0.0147533 0.0142124 0.0168187 0.0137277 0.0150153 0.0110889 0.00613269 0.00551997 0.00150432 0.000666629 0.00338179 0.0108708 0.013008 0.0138312 0.0111533 0.0102297 0.0215679 0.0335458 0.0407697 0.0349771 0.0344551 0.0247162 0.0320413 0.0420427 0.0318159 0.0338207 0.0296387 0.0249623 0.0255766 0.0309719 0.031282 0.0285681 0.0192717 0.0247788 0.0335392 0.0350271 0.032771 0.0372165 0.0394784 0.0471255 0.0413619 0.0269751 0.014158 0.0108242 0.0100592 0.00801548 0.00356496 0.000275713 0 0 0 0 0 0 
0 0 0 0 0 0 0 0.00245786 0.0135055 0.0191027 0.0179815 0.0268691 0.0208766 0.0164286 0.0122523 0.0110459 0.00801003 0.00964168 0.0117218 0.00478691 0.00510017 0.00417456 0.00222809 0.000148245 7.16507e-05 3.49639e-05 0.00138445 0.00306136 0.00363488 0.00293704 0.00850231 0.0180446 0.025208 0.0319625 0.0251831 0.0240505 0.0251933 0.0282173 0.0315809 0.0271684 0.0284095 0.0282501 0.0250075 0.035688 0.0375481 0.032032 0.0318258 0.0353721 0.0423425 0.0369523 0.0331632 0.0257559 0.034039 0.0381297 0.0386837 0.0325949 0.0272762 0.014185 0.00467092 0.0035131 0.000451569 0 0 0 0 0 0 0 0 
0 0 0 0 0 0 0 2.25159e-05 0.00295043 0.0125094 0.0170487 0.0281172 0.0251889 0.0162731 0.015023 0.0126936 0.00528017 0.00531117 0.00707155 0.0116936 0.0189296 0.0203164 0.0122062 0.000441014 0.00156035 0.00418463 0.00425404 0.00352191 0.00533826 0.0010062 0.00807404 0.0222026 0.0231597 0.0210061 0.0182011 0.0220708 0.0280253 0.0288514 0.0347822 0.029487 0.0234962 0.0297978 0.0252472 0.0392443 0.0441062 0.0332791 0.0306524 0.043896 0.0499142 0.0473464 0.0250619 0.0215092 0.0269961 0.0252656 0.0337817 0.0304322 0.0322293 0.0172689 0.00754292 0.00490036 0.000733238 0 0 0 0 0 0 0 0 
0 0 0 0 0 0 0 0 5.89167e-05 0.0044505 0.0158287 0.0254131 0.0169964 0.0122421 0.0103952 0.0108484 0.00878146 0.00830909 0.0111869 0.0160364 0.0271617 0.0203724 0.00537697 0.000103913 0.00567607 0.015009 0.0201612 0.0158284 0.0256991 0.0134574 0.0108023 0.026096 0.0222747 0.0269666 0.0320076 0.0322915 0.0272438 0.02617 0.0262745 0.02702 0.0251736 0.0268845 0.0315575 0.0407171 0.0386185 0.0317652 0.0285547 0.035315 0.0431719 0.0393231 0.0188853 0.0111372 0.020742 0.016081 0.0270818 0.0290546 0.0262681 0.0182315 0.0197568 0.0145313 0.0019888 0 0 0 0 0 0 0 0 
0 0 0 0 0 0 0 0 0 0.00068165 0.0114056 0.0135073 0.0133027 0.0168058 0.0159509 0.0150272 0.017074 0.0181455 0.0111099 0.0145846 0.0208017 0.0147308 0.00433284 5.73972e-06 0.0045928 0.0154419 0.0238909 0.0213539 0.0288674 0.0218609 0.0135108 0.027646 0.0274002 0.036491 0.0308361 0.0295458 0.0243265 0.026693 0.0307791 0.0302961 0.0366495 0.0249359 0.0292545 0.0270985 0.0293415 0.0373571 0.0399362 0.0304686 0.0363764 0.0282566 0.015738 0.0120174 0.0160769 0.0214182 0.0231268 0.015693 0.00955781 0.0166386 0.0145197 0.00562839 0.000227771 0 0 0 0 0 0 0 0 
0 0 0 0 0 0 0 0 0 0 0.000428767 0.00388901 0.00930428 0.0183963 0.0216599 0.0188933 0.0174042 0.0291019 0.0167392 0.0141045 0.0125295 0.037941 0.0175765 0.00334179 0.000330792 0.00773491 0.0220556 0.0291026 0.0195833 0.0139734 0.01293 0.0210337 0.0241936 0.0224069 0.0257612 0.0260572 0.0371301 0.0330702 0.0373024 0.0345433 0.0362429 0.0300313 0.0274967 0.0213393 0.0195969 0.0362844 0.0530902 0.0433695 0.0331051 0.0273581 0.0247293 0.0240476 0.0168401 0.0243616 0.0270125 0.0206146 0.00971379 0.00512385 0.000924081 0.000117716 0 0 0 0 0 0 0 0 0 
0 0 0 0 0 0 0 0 0 0 0 0 0.00134601 0.00805397 0.0177262 0.0213418 0.0200945 0.0316917 0.034737 0.0230038 0.0260655 0.0460654 0.0251081 0.00575537 0.000863811 0.00740309 0.0266687 0.0316134 0.0226819 0.0174592 0.0180715 0.0238674 0.0196317 0.0214975 0.0313149 0.0304983 0.0412832 0.0408557 0.0335132 0.0288087 0.0348985 0.0296916 0.0226784 0.0205701 0.0192623 0.0361369 0.0529757 0.0417904 0.0376594 0.0356297 0.0365749 0.0329977 0.0292442 0.0380103 0.0324396 0.0178463 0.00427427 0.000838058 0 0 0 0 0 0 0 0 0 0 0 
0 0 0 0 0 0 0 0 0 0 0 0 3.05751e-05 0.000689362 0.00749753 0.0166335 0.0187554 0.0344509 0.0751386 0.0623539 0.0270182 0.0294411 0.0174009 0.0090782 0.00274034 0.0042152 0.0250114 0.023472 0.0205363 0.0253787 0.0245378 0.0200645 0.0150409 0.0184707 0.0230344 0.0370505 0.132459 0.111 0.0337449 0.0238359 0.0284713 0.0296347 0.0270579 0.0210692 0.0237996 0.0353552 0.0365728 0.0433741 0.0372442 0.0326215 0.0260991 0.0251663 0.0288731 0.0242373 0.0178468 0.00981822 0.000731346 0 0 0 0 0 0 0 0 0 0 0 0 
0 0 0 0 0 0 0 0 0 0 0 0 0 0 0.000515159 0.00969092 0.0183521 0.0316222 0.039771 0.0251765 0.00502292 0.00638734 0.00778705 0.0108181 0.00273686 0.00183857 0.016898 0.0240358 0.0255596 0.0228638 0.0308924 0.0221982 0.022167 0.0209823 0.024679 0.0363599 0.121195 0.136238 0.043111 0.0236669 0.0247572 0.0286924 0.0344656 0.0273819 0.031969 0.045768 0.031927 0.0320131 0.039877 0.0365934 0.0303701 0.0226949 0.0153454 0.0141928 0.00426579 0.000695803 1.02791e-06 0 0 0 0 0 0 0 0 0 0 0 0 
0 0 0 0 0 0 0 0 0 0 0 0 0 0 0 0.00114289 0.00532797 0.0184195 0.00732231 0.00222286 0.00104902 0.00447108 0.00306967 0.00758522 0.000989751 0.00175363 0.0131469 0.0237663 0.0316361 0.0288344 0.0336943 0.0299117 0.0307523 0.0337767 0.0388852 0.0452288 0.03909 0.0491207 0.0399837 0.0247765 0.035001 0.0407058 0.035737 0.0254509 0.0319621 0.0316027 0.0265043 0.0247622 0.0360311 0.0484237 0.0332907 0.0159183 0.00345229 0.00158949 0.000300996 0 0 0 0 0 0 0 0 0 0 0 0 0 0 
0 0 0 0 0 0 0 0 0 0 0 0 0 0 0 0 0.000199656 0.00153203 0.000382108 0 0.00199546 0.00463589 0.00121293 0.000141428 0.000346032 0.0072613 0.0179139 0.0254575 0.0328791 0.0260374 0.0290062 0.0329051 0.0376818 0.063679 0.0572977 0.0409519 0.0310412 0.035073 0.0320789 0.0251709 0.0351855 0.039723 0.032124 0.0306278 0.0281347 0.0263839 0.024496 0.0283697 0.029688 0.0367057 0.0216581 0.0020729 2.89092e-05 0 0 0 0 0 0 0 0 0 0 0 0 0 0 0 0 
0 0 0 0 0 0 0 0 0 0 0 0 0 0 0 0 0 0 0 0 6.91226e-05 0.000316535 0.000142095 0.000228929 0.00221808 0.0149994 0.0228602 0.0272132 0.0282794 0.0279995 0.0306953 0.0286773 0.0395439 0.0554679 0.0474589 0.023884 0.0173655 0.0231915 0.0225701 0.0125542 0.0197887 0.0220342 0.0370553 0.0399501 0.0354367 0.0232412 0.018855 0.0203954 0.01251 0.00766069 0.00363879 0.000130349 0 0 0 0 0 0 0 0 0 0 0 0 0 0 0 0 0 
0 0 0 0 0 0 0 0 0 0 0 0 0 0 0 0 0 0 0 0 0 0 1.50918e-05 0.000802641 0.00465601 0.0135393 0.0139382 0.0177058 0.0186575 0.028736 0.0296021 0.0275557 0.035914 0.036679 0.0293788 0.0177939 0.0167928 0.012201 0.00846118 0.0117731 0.0176886 0.0197392 0.0262314 0.0242647 0.0208629 0.0159057 0.0107995 0.0059756 0.00153386 0.00030462 1.07135e-05 0 0 0 0 0 0 0 0 0 0 0 0 0 0 0 0 0 0 
0 0 0 0 0 0 0 0 0 0 0 0 0 0 0 0 0 0 0 0 0 0 0 0.000138302 0.00186552 0.00314626 0.00571776 0.00934437 0.0143753 0.0235619 0.0277837 0.0248271 0.0276322 0.0278657 0.014086 0.00941885 0.00783823 0.00690857 0.00187547 0.00525433 0.00947615 0.0127502 0.0154967 0.00861997 0.00421302 0.00291657 0.00074938 0.000231169 0 0 0 0 0 0 0 0 0 0 0 0 0 0 0 0 0 0 0 0 0 
0 0 0 0 0 0 0 0 0 0 0 0 0 0 0 0 0 0 0 0 0 0 0 0 0 0 0.00038335 0.00128421 0.00363531 0.00479345 0.00841436 0.00919991 0.00727552 0.00669061 0.00166121 0.000669318 0.00108972 0.000821426 3.65281e-05 0.000595554 0.00326289 0.00395295 0.00179243 0.000643352 0 0 0 0 0 0 0 0 0 0 0 0 0 0 0 0 0 0 0 0 0 0 0 0 0 

