0 0 0 0 0 0 0 0 0 0 0 0 0 0 0 0 0 0 0 0 0 0 0 0 0 0 0 0 0 0.000109725 0.000283433 0.000282094 9.07196e-05 0 0 0 0 0 0 0 0 0 0 0 0 0 0 0 0 0 0 0 0 0 0 0 0 0 0 0 0 0 0 0 0 0 0 0 0 
0 0 0 0 0 0 0 0 0 0 0 0 0 0 0 0 0 0 0 0 0 0 0 0 0 1.29924e-05 0.000332806 0.00163907 0.00437625 0.0100777 0.00763145 0.0105774 0.00679739 0.00268949 0 0 0 0.00113736 0.00250377 0.00246778 0.000709509 0.000374271 0.000275632 0 0 0 0 0 0 0 0 0 0 0 0 0 0 0 0 0 0 0 0 0 0 0 0 0 0 
0 0 0 0 0 0 0 0 0 0 0 0 0 0 0 0 0 0 0 0 0 0 0 6.82681e-05 0.00221992 0.00259847 0.00451573 0.0106411 0.018676 0.0275638 0.0192171 0.0208733 0.0196143 0.00926327 0.0025141 0.000365855 0.000459041 0.00194359 0.0029791 0.00459608 0.00558098 0.00471305 0.00108688 0.000966112 0.000431671 0.000111208 0.000338397 0 0 0 0 0 0 0 0 0 0 0 0 0 0 0 0 0 0 0 0 0 0 
0 0 0 0 0 0 0 0 0 0 0 0 0 0 0 0 0 0 0 0 0 0 0.00027338 0.00242733 0.0125777 0.0174877 0.0100827 0.0137756 0.0185087 0.0281605 0.0251425 0.0192841 0.0154625 0.00890673 0.00544055 0.00108399 0.00101935 0.00152748 0.00119962 0.00172849 0.00857292 0.0096347 0.00931316 0.0100565 0.00538716 0.000900829 0.00223379 0.0022612 0.000672025 3.98118e-05 0 0 0 0 0 0 0 0 0 0 0 0 0 0 0 0 0 0 0 
0 0 0 0 0 0 0 0 0 0 0 0 0 0 0 0 0 0 0 0 0.0026162 0.00380122 0.004807 0.00923229 0.0122485 0.0139671 0.0157068 0.0183535 0.0180204 0.0256335 0.0214711 0.0178576 0.0114611 0.012331 0.00980254 0.0020582 0.000826876 0.0026353 0.00237658 0.00246201 0.0106017 0.0160863 0.0175833 0.013699 0.0134696 0.0077368 0.00529046 0.0110028 0.00918053 0.00231326 4.55726e-05 0 0 0 0 0 0 0 0 0 0 0 0 0 0 0 0 0 0 
0 0 0 0 0 0 0 0 0 0 0 0 0 0 0 0 0 1.17753e-06 0.000170382 0.000764349 0.00607925 0.0219927 0.0206571 0.0207555 0.0241417 0.0200357 0.0211491 0.0146858 0.0166062 0.0205663 0.0223451 0.0148648 0.0144386 0.0216449 0.0159658 0.00727794 0.00916107 0.00818157 0.0068414 0.0131184 0.0198989 0.0187224 0.0164861 0.0128845 0.0147777 0.00957322 0.00553779 0.0167079 0.0156728 0.00729999 0.00229271 0.000762228 5.33332e-05 0 0 0 0 0 0 0 0 0 0 0 0 0 0 0 0 
0 0 0 0 0 0 0 0 0 0 0 0 0 0 0 0 0.00154316 0.00280864 0.0040415 0.00457506 0.0107295 0.0290284 0.0275609 0.0261435 0.0226483 0.0235831 0.0245991 0.0188623 0.0217259 0.020182 0.0209823 0.0240369 0.0248361 0.0199322 0.0152703 0.0135923 0.0157228 0.0186682 0.0187404 0.0186289 0.016246 0.0167715 0.0171929 0.0129856 0.0135263 0.00952066 0.0105294 0.0248286 0.0206407 0.0152389 0.0116036 0.00634222 0.00133795 0.000170299 0 0 0 0 0 0 0 0 0 0 0 0 0 0 0 
0 0 0 0 0 0 0 0 0 0 0 0 0 0 0 0 0.00146625 0.00599594 0.011722 0.0161943 0.0196152 0.018404 0.0278155 0.02384 0.0207559 0.0220213 0.0220107 0.0210227 0.0201563 0.016215 0.0211637 0.0247057 0.0208867 0.0181672 0.0175974 0.0160804 0.0175076 0.0204358 0.0216724 0.0178033 0.0166295 0.0166575 0.0147856 0.0162722 0.0127797 0.012048 0.0116738 0.013411 0.0152241 0.0177484 0.0143105 0.0119183 0.0103274 0.00622195 0.000292235 6.94472e-06 0 0 0 0 0 0 0 0 0 0 0 0 0 
0 0 0 0 0 0 0 0 0 0 0 0 0 0 0 0 0.000124902 0.00247695 0.0111439 0.0227282 0.0165897 0.0199435 0.0179637 0.0143512 0.0196673 0.0271293 0.0280311 0.0256079 0.0253065 0.017705 0.019346 0.0231992 0.017095 0.018883 0.0174694 0.0172148 0.020198 0.0228086 0.0350884 0.0320426 0.0168091 0.0172882 0.0170365 0.0150889 0.0158142 0.0162252 0.0124044 0.0186772 0.017133 0.012488 0.0116198 0.0158744 0.02507 0.0165335 0.00326865 0.000805533 0.000337216 0 0 0 0 0 0 0 0 0 0 0 0 
0 0 0 0 0 0 0 0 0 0 0 0 0.00180973 0.0016697 1.41604e-05 3.64282e-05 0.00115421 0.00529389 0.00666768 0.0157656 0.0128482 0.014649 0.00978536 0.0154352 0.0229012 0.0347295 0.0369476 0.025348 0.0278656 0.0191616 0.016082 0.0224955 0.0206726 0.0184543 0.0167917 0.0161201 0.0199226 0.0255936 0.0316534 0.026005 0.0138798 0.016994 0.0195169 0.0141956 0.0183049 0.022352 0.0281253 0.0243133 0.0165581 0.0130617 0.0117655 0.0169946 0.0309045 0.0236004 0.0108581 0.0132269 0.0150804 0.00762013 0.00114334 0 0 0 0 0 0 0 0 0 0 
0 0 0 0 0 0 0 0 0 0 0.000943843 0.00434239 0.00574126 0.00641278 0.000745714 0.000147883 0.00545416 0.0141194 0.00990457 0.0128548 0.0240358 0.0264614 0.0181514 0.0188432 0.0149765 0.0252063 0.03169 0.027147 0.0287958 0.0273491 0.0204539 0.0160986 0.02503 0.0243121 0.0181581 0.0196737 0.0201813 0.0273601 0.0142809 0.0111703 0.0200028 0.0161726 0.01674 0.0144635 0.017372 0.0273347 0.0397303 0.025846 0.0199851 0.0205308 0.0182067 0.0200143 0.0289138 0.02528 0.0237885 0.0307352 0.0314781 0.0236792 0.0108079 0.00108843 0 0 0 0 0 0 0 0 0 
0 0 0 0 0 0 0 0 0 1.84536e-05 0.00587633 0.0110866 0.014033 0.0160129 0.00723195 0.00116628 0.00927805 0.0208096 0.0145916 0.0107576 0.0172788 0.0194836 0.0148707 0.0225196 0.0207356 0.0164291 0.0180944 0.027523 0.0304277 0.0243726 0.0182687 0.0164604 0.0149441 0.0118939 0.0202377 0.0189 0.0175136 0.0190513 0.0198985 0.0165176 0.0233216 0.0180919 0.0178036 0.0168685 0.0159491 0.0192828 0.0175346 0.0167336 0.0130877 0.0165679 0.0146934 0.0148994 0.023391 0.0248984 0.0194137 0.0205698 0.0199346 0.0244357 0.0258338 0.00783359 0.000286299 0 0 0 0 0 0 0 0 
0 0 0 0 0 0 0 0 0.000186437 0.00437949 0.0086501 0.0106123 0.0137215 0.0134862 0.0127464 0.00598053 0.00885978 0.0160284 0.0120321 0.0122338 0.0121632 0.0171814 0.0169192 0.0231811 0.0324412 0.0212996 0.0112655 0.011116 0.0247352 0.0254877 0.014608 0.0128769 0.0128631 0.0147157 0.0172265 0.0211207 0.0207325 0.017351 0.0207038 0.0193109 0.0243124 0.0286828 0.0190443 0.0192078 0.0157174 0.0133404 0.0157153 0.0202694 0.0163938 0.0181843 0.01588 0.0199725 0.0259643 0.0225751 0.0157724 0.0144961 0.0163879 0.0161957 0.0183632 0.0100601 0.00314623 4.64527e-05 0 0 0 0 0 0 0 
0 0 0 0 0 0 0 3.07779e-05 0.00256088 0.010959 0.0169044 0.0107167 0.0146765 0.0206293 0.0168263 0.0149431 0.0188164 0.011751 0.0108812 0.0207245 0.0114659 0.0192773 0.0214733 0.0204889 0.0250392 0.0152471 0.0129522 0.00821867 0.0178009 0.0248517 0.0147043 0.0148537 0.0187505 0.0147559 0.0232664 0.0172376 0.0118652 0.0131624 0.0175713 0.017961 0.0304292 0.0319563 0.0190508 0.0200207 0.0144918 0.0136729 0.0226703 0.0224065 0.0171724 0.0201446 0.0152085 0.0176702 0.025107 0.0197316 0.0143257 0.0103237 0.0142192 0.0166311 0.0163078 0.0160578 0.0125271 0.00268435 0.000167447 0 0 0 0 0 0 
0 0 0 0 0 0 0 0.000482897 0.0066717 0.015723 0.0177523 0.0091671 0.012824 0.0219272 0.0205969 0.0191613 0.0171979 0.00916194 0.0119028 0.0195257 0.015226 0.0196803 0.0158245 0.0156038 0.0188778 0.0156936 0.0164225 0.0136387 0.0154395 0.0227601 0.0240832 0.024799 0.0235409 0.0162887 0.0244155 0.0205058 0.00725234 0.00896808 0.0243528 0.0259395 0.0270623 0.024741 0.0225506 0.0163997 0.0158959 0.0200868 0.0170906 0.0235737 0.0178412 0.0151018 0.0229447 0.0180495 0.0196912 0.0171155 0.0144766 0.0135792 0.00996982 0.0152322 0.0130059 0.023858 0.0262478 0.0123466 0.00243385 2.9101e-05 0 0 0 0 0 
0 0 0 0 0 0 5.48872e-05 0.00339884 0.0121069 0.0176964 0.013188 0.00877687 0.00951377 0.0194079 0.0201859 0.0139538 0.0120474 0.0122695 0.0151045 0.0140795 0.014631 0.0240566 0.0183107 0.0175298 0.0175863 0.0114219 0.0134672 0.0192943 0.0234992 0.031789 0.0270088 0.028337 0.0316844 0.0316814 0.023323 0.0209862 0.0154225 0.0171972 0.0328811 0.0285625 0.0448779 0.0275424 0.0232066 0.0252735 0.0322237 0.0197065 0.015012 0.0195175 0.0220854 0.0275515 0.0220289 0.0218958 0.0161415 0.0106892 0.0107849 0.0171421 0.0157416 0.0153069 0.0167156 0.0236003 0.0226363 0.0158286 0.00587146 0.000740702 0 0 0 0 0 
0 0 0 0 0 0 2.29499e-05 0.00259775 0.0102672 0.0108496 0.00893571 0.00827316 0.0102423 0.0158308 0.0153442 0.0110239 0.0152944 0.015696 0.0134031 0.0116404 0.012511 0.0209871 0.0297873 0.033236 0.0234127 0.0203813 0.0228205 0.0233124 0.0210476 0.0291357 0.0292801 0.0238961 0.0263138 0.0311843 0.0229133 0.0148632 0.0147935 0.0252838 0.0346965 0.0213547 0.0285204 0.0268327 0.0245605 0.0217635 0.02143 0.0121968 0.00937959 0.0173504 0.0265736 0.0226286 0.0170106 0.022734 0.0180596 0.016327 0.0154019 0.0140128 0.0137627 0.0148669 0.0142619 0.0187395 0.0177714 0.0147662 0.00931016 0.00177101 0 0 0 0 0 
0 0 0 0 0 0 0.000647063 0.00163474 0.0042733 0.0054697 0.00507447 0.0063521 0.0165999 0.02022 0.0155917 0.0156059 0.0217442 0.0206633 0.0230683 0.0243818 0.0241488 0.0275431 0.0307943 0.0351752 0.0260019 0.0249855 0.0259952 0.0366851 0.0332506 0.0241676 0.0205761 0.0195666 0.0205812 0.0255324 0.028889 0.0138781 0.0143211 0.0287398 0.0248232 0.0220257 0.0214323 0.0241288 0.0228589 0.0228659 0.0220667 0.0178516 0.0155797 0.016241 0.0239513 0.0188509 0.0178696 0.0159684 0.0152454 0.0156654 0.0121968 0.0141387 0.015768 0.0204975 0.0169614 0.0201349 0.0183537 0.0203889 0.0248419 0.00189178 0.000140235 0 0 0 0 
0 0 0 0 0 0.00073253 0.00274788 0.00335959 0.00601642 0.00594003 0.00693494 0.00827277 0.0196365 0.0225325 0.0144388 0.0127274 0.0174914 0.0256753 0.0326478 0.0256557 0.0225559 0.0274822 0.0321914 0.036033 0.029503 0.0331937 0.0281754 0.0324918 0.022418 0.0204 0.0176675 0.0198479 0.0219449 0.024474 0.0278244 0.0164305 0.0208247 0.0286857 0.0399024 0.0382423 0.0434884 0.0459413 0.0367697 0.0300877 0.0314413 0.0285679 0.023543 0.0172952 0.0232076 0.0284438 0.0221487 0.00963583 0.0133208 0.0144079 0.0154368 0.0203168 0.0190196 0.0187744 0.0207054 0.0186073 0.0174498 0.0280551 0.0438141 0.0157576 0.00272413 0.000172211 0 0 0 
0 0 0 1.22523e-05 0.000372008 0.00279105 0.00547331 0.00506033 0.00624334 0.0111632 0.0136994 0.0173644 0.020756 0.0195076 0.0198539 0.0191058 0.0246981 0.0330206 0.0292481 0.0254403 0.0225066 0.0276635 0.0330163 0.0317753 0.030323 0.0273955 0.0228842 0.0298571 0.0256744 0.0243931 0.021443 0.0263611 0.0267678 0.023738 0.0193519 0.0157231 0.0216355 0.0229882 0.038483 0.0503867 0.0734258 0.0460053 0.0429947 0.0558702 0.0589349 0.0296984 0.015989 0.0133683 0.0220131 0.0339111 0.0342299 0.0165131 0.012437 0.015015 0.0189239 0.0213424 0.0161448 0.0161587 0.0197848 0.0266606 0.0215394 0.0320485 0.0391486 0.021764 0.00608711 0.000734647 0 0 0 
0 0 0 0.000193316 0.00297535 0.00341205 0.00530689 0.0073519 0.0138415 0.0150421 0.0136135 0.0175359 0.0209835 0.0207103 0.0206592 0.0235508 0.0286912 0.0294294 0.0260439 0.026373 0.026086 0.0267438 0.027219 0.0286289 0.0305925 0.0244575 0.0285985 0.0325733 0.0248795 0.0234589 0.0232443 0.0196114 0.0237493 0.0188972 0.0114544 0.018048 0.0167318 0.0160107 0.0341586 0.042569 0.0432924 0.0330084 0.0440452 0.0571095 0.0519755 0.0337902 0.0176712 0.0176042 0.0180197 0.0289714 0.0311067 0.0252712 0.0141553 0.0107643 0.0139178 0.0166545 0.0156661 0.0154739 0.0183345 0.0200779 0.0208663 0.0265336 0.0272434 0.0207225 0.0119896 0.00496789 0.000152454 0 0 
0 0 0 0.00017128 0.00340726 0.00499498 0.00489844 0.00853424 0.0115227 0.0189868 0.017849 0.0107924 0.0174559 0.0161836 0.0182531 0.0183883 0.0202539 0.0242836 0.0215992 0.0224395 0.0213681 0.0213768 0.0271471 0.0224944 0.0233763 0.0221247 0.0154677 0.0229016 0.0248866 0.0250635 0.0200818 0.01852 0.0193715 0.0162193 0.0177061 0.0205776 0.0152289 0.0169596 0.0179844 0.0232416 0.0265631 0.0351057 0.039054 0.0410701 0.045688 0.0280266 0.0243914 0.0191138 0.0232696 0.0249607 0.0321423 0.0388633 0.0282763 0.0135864 0.0140991 0.0228095 0.0210329 0.0224808 0.0213591 0.0191576 0.0234638 0.0262259 0.0289453 0.0233093 0.0172214 0.0129199 0.000534031 0 0 
0 0 0 0 0.00179556 0.00921694 0.00594874 0.00967261 0.0116585 0.016894 0.0164946 0.0154094 0.0153682 0.011235 0.0139706 0.0307737 0.0271073 0.0176549 0.0186156 0.0157642 0.0155618 0.0147648 0.0167568 0.0207659 0.0220422 0.0254486 0.0189474 0.0193174 0.0186531 0.0212265 0.0184141 0.0212949 0.0200302 0.0155222 0.0163846 0.0270027 0.0175177 0.0217868 0.0205338 0.0169084 0.0219449 0.0285998 0.030333 0.0420339 0.0380723 0.0311282 0.0320454 0.0222467 0.0192654 0.0156123 0.0216837 0.0427409 0.0438463 0.0229462 0.015129 0.019129 0.0251576 0.0254435 0.0254339 0.0216299 0.0202891 0.0195171 0.0230129 0.0202871 0.0145999 0.0193001 0.00476108 0 0 
0 0 0 0.00019199 0.00188523 0.00724207 0.00526006 0.0115962 0.0165297 0.0188817 0.018577 0.016239 0.0133685 0.00649468 0.0112705 0.0234139 0.0211338 0.0208735 0.0176127 0.0179367 0.0150986 0.0131262 0.0147246 0.0178057 0.0177091 0.0176385 0.0207486 0.0187168 0.0215957 0.0221506 0.017831 0.0176364 0.0192914 0.0115941 0.0155636 0.0246626 0.0248637 0.0210525 0.0233632 0.0163358 0.0149187 0.0245695 0.0241615 0.04372 0.0385938 0.0382482 0.0276456 0.0236149 0.0223863 0.0182772 0.0315081 0.0308215 0.02051 0.0128554 0.0163841 0.0150123 0.019466 0.0308905 0.022509 0.00971694 0.0109467 0.0192804 0.0197902 0.0196532 0.0190713 0.0204999 0.00715371 0.000386458 0 
0 0 0 1.98483e-05 0.00219802 0.00379751 0.00386008 0.014516 0.0221469 0.0232893 0.0228051 0.0160697 0.017512 0.0116448 0.0169897 0.0234437 0.0194365 0.0225643 0.0234537 0.0232825 0.0209464 0.0149093 0.0169852 0.0185161 0.0257731 0.0192276 0.0203926 0.0198529 0.018171 0.0205522 0.0153063 0.0211826 0.0196324 0.0128076 0.0211514 0.0215887 0.0221825 0.0232139 0.0224477 0.0144062 0.0164036 0.0178955 0.0238364 0.0356495 0.0380494 0.045431 0.0332575 0.0334474 0.0343654 0.020416 0.0313888 0.0251934 0.0210232 0.0143448 0.0147477 0.0151848 0.0177938 0.025571 0.0115341 0.00303447 0.00566757 0.0165609 0.0207772 0.0218065 0.0258389 0.0472381 0.0191296 0.00162987 0 
0 0 4.60291e-06 0.000995086 0.00200787 0.00609613 0.010536 0.0174433 0.0167483 0.0156999 0.0212124 0.0239993 0.0244015 0.0269503 0.0292208 0.0244105 0.0183616 0.0251885 0.0276854 0.0238533 0.0143988 0.0122895 0.0195008 0.0216693 0.0245676 0.0243074 0.0224599 0.0172623 0.0172989 0.0227467 0.0217285 0.018808 0.0220143 0.0171068 0.0157844 0.0214605 0.0202809 0.024579 0.0295363 0.0287132 0.0218479 0.0296396 0.0336525 0.0384231 0.0294819 0.0295428 0.0383742 0.0365684 0.039701 0.0239862 0.0220303 0.0216227 0.0194069 0.0112437 0.0169022 0.0253571 0.0302661 0.0244091 0.0153036 0.00469402 0.00819387 0.0220627 0.02629 0.0202351 0.0262673 0.0480666 0.0263301 0.00539297 0.00015859 
0 0.000113165 0.00111763 0.00509502 0.00551369 0.0111277 0.0149178 0.0200752 0.0210363 0.0195797 0.0202217 0.0245045 0.0220326 0.0291481 0.0243593 0.0191467 0.0162997 0.024008 0.0306313 0.0263474 0.0154393 0.0147138 0.0162014 0.0273335 0.0208923 0.0212921 0.0218634 0.0216263 0.0189127 0.0187047 0.0182981 0.0216304 0.0323086 0.0275398 0.0198417 0.0268777 0.0266468 0.0352675 0.0321069 0.0261857 0.0230076 0.0429373 0.0469677 0.0501327 0.0329335 0.0263559 0.0323547 0.0362565 0.0476373 0.0294503 0.0195487 0.022109 0.017365 0.010161 0.0148095 0.0194064 0.0262886 0.0173532 0.0185919 0.0143773 0.0133907 0.0194439 0.0207658 0.025386 0.023013 0.028202 0.0180777 0.0121093 0.000652968 
0 0.00190205 0.00436716 0.00780285 0.0128157 0.0140465 0.0124452 0.0257997 0.0222837 0.0225819 0.017422 0.0239115 0.0219529 0.0226504 0.0171775 0.021193 0.0198771 0.0234738 0.0292091 0.02164 0.0175536 0.0120602 0.00958082 0.021556 0.0228152 0.024014 0.018777 0.0156836 0.0165274 0.0197662 0.0245288 0.022509 0.0249633 0.0232432 0.0178336 0.0249802 0.0296364 0.041668 0.035665 0.0453637 0.0474789 0.0452178 0.0417172 0.0376677 0.0311167 0.0350508 0.0345487 0.0323247 0.0284243 0.0242687 0.0237363 0.0191079 0.0155028 0.0156712 0.015683 0.0159594 0.0172118 0.0156198 0.0181951 0.0193192 0.01578 0.022537 0.0182187 0.0169304 0.0231804 0.0273908 0.0214174 0.015973 0.00109535 
0 0.00107494 0.0062869 0.00940445 0.0134459 0.0145588 0.0168968 0.0240343 0.0186159 0.0189186 0.0179516 0.0244088 0.0217823 0.0213691 0.0199333 0.0204197 0.0171479 0.0208988 0.0267848 0.0225125 0.0217806 0.0197416 0.0163339 0.0254846 0.0297347 0.0196655 0.0198984 0.0218222 0.0221305 0.0226964 0.0293739 0.0368721 0.0285441 0.0216368 0.0191354 0.0210369 0.0241819 0.0373722 0.0347332 0.0307789 0.0303186 0.0304404 0.0261371 0.0297184 0.030216 0.0254359 0.0218556 0.0272998 0.0254673 0.0308648 0.0281603 0.0204405 0.0199218 0.0194472 0.0160277 0.0214946 0.0173812 0.0154033 0.0256285 0.0283074 0.0159147 0.0204283 0.0217201 0.0196693 0.0188459 0.024998 0.0217322 0.0116843 0.000963702 
0 0.00287533 0.00925084 0.0146824 0.0122253 0.0152304 0.0180009 0.0247635 0.0208516 0.0160679 0.0187914 0.0219686 0.0218047 0.0284229 0.0203703 0.0181187 0.0190047 0.0241135 0.0261786 0.020479 0.018373 0.017673 0.0166439 0.0264603 0.0229575 0.0193408 0.0174023 0.019803 0.032579 0.046489 0.0457022 0.0271088 0.0246629 0.0237812 0.0305996 0.0388075 0.0235469 0.0189392 0.0166823 0.0210452 0.0356965 0.028813 0.0264886 0.0467749 0.0360845 0.0259658 0.0206672 0.0226152 0.0239638 0.0320125 0.0297931 0.028788 0.0239379 0.0190831 0.0171443 0.0212779 0.0161277 0.013573 0.0187174 0.0188651 0.0120535 0.0139429 0.0134058 0.0184046 0.017105 0.0235694 0.0173483 0.00581125 0.000452958 
0 0.00143812 0.00730997 0.0141554 0.0170697 0.0196992 0.0252103 0.0274735 0.0281884 0.016669 0.0172277 0.018527 0.0248371 0.0269778 0.0264144 0.0182194 0.0156419 0.0214665 0.0323584 0.0273226 0.0256682 0.0239177 0.0223985 0.0230434 0.0150449 0.0145147 0.0156925 0.018437 0.0285174 0.0601862 0.0532874 0.0239808 0.027975 0.0230419 0.0196968 0.0243568 0.0287292 0.0187985 0.0129279 0.0282712 0.0414477 0.0353653 0.021461 0.0299483 0.0322467 0.0266334 0.0243529 0.0213811 0.0265657 0.0232929 0.0271705 0.0258964 0.0277079 0.0251559 0.0231035 0.0160286 0.0201166 0.0222218 0.0210877 0.014506 0.012132 0.0153544 0.0161628 0.0245831 0.0160334 0.0223703 0.0233591 0.00392258 1.00879e-05 
0 0.00106844 0.00573918 0.0171831 0.016455 0.020698 0.0243427 0.03124 0.0267557 0.0168781 0.0201484 0.0224771 0.019242 0.0166031 0.0212536 0.0186298 0.0164549 0.0220381 0.0263525 0.0282584 0.0312303 0.0272586 0.0302986 0.0206841 0.0178214 0.0135705 0.0177474 0.0220248 0.0238591 0.0367893 0.0316106 0.0241954 0.0220547 0.0240575 0.0193667 0.0209288 0.0272981 0.0210915 0.0166072 0.0337007 0.0497886 0.0335346 0.0272328 0.0293016 0.0292008 0.0270719 0.0339294 0.0304761 0.0345994 0.046286 0.0281579 0.0361771 0.0293872 0.0198636 0.0219409 0.0220676 0.0189003 0.0176869 0.0154332 0.0128001 0.0138914 0.0162924 0.013816 0.0215949 0.0211675 0.0180723 0.0134125 0.00350396 0.000207847 
0 0.000529965 0.0085073 0.0205367 0.0220806 0.0217851 0.0246715 0.0274411 0.025663 0.0244528 0.0294064 0.0216483 0.0149305 0.0129745 0.0215199 0.0205089 0.0147472 0.0209549 0.0236483 0.0230765 0.0279956 0.0310181 0.0282358 0.021218 0.0194669 0.0207757 0.0205671 0.025322 0.0200385 0.0234016 0.0230299 0.0173248 0.0156401 0.0186703 0.0193013 0.022432 0.0338316 0.026055 0.0198752 0.0298296 0.0391808 0.0307577 0.0307932 0.037039 0.0331966 0.0362079 0.0497874 0.0302409 0.0380744 0.0437778 0.0331244 0.0443356 0.0298369 0.0229521 0.0206831 0.0182582 0.0175013 0.0125169 0.0160668 0.0111546 0.0163258 0.0175004 0.0122754 0.0179158 0.0185016 0.0175117 0.00912849 0.00565733 0.000239026 
0 0.000105655 0.00563665 0.0186368 0.0243056 0.0252635 0.0294702 0.0277331 0.028414 0.0243647 0.031092 0.0281807 0.0243262 0.0142715 0.020262 0.0207299 0.0247216 0.0235297 0.0229964 0.0225214 0.0202389 0.0224928 0.0231376 0.0203591 0.0232654 0.0270081 0.0266161 0.0222367 0.0170138 0.0182544 0.0182434 0.0173384 0.0211587 0.0195558 0.0218201 0.0242835 0.0358118 0.0394999 0.0302975 0.0325091 0.038679 0.0416727 0.0446579 0.0391423 0.0424831 0.0500981 0.0568664 0.0313711 0.0359251 0.0347981 0.0230104 0.0288164 0.0233383 0.0177964 0.0232057 0.0229409 0.0194731 0.0155341 0.0196714 0.0153041 0.014142 0.0142977 0.0144292 0.0177838 0.0180684 0.0212008 0.0135943 0.00580669 6.08128e-06 
0 0.000873596 0.00799683 0.0200637 0.0275689 0.0357866 0.0384032 0.0241429 0.0190421 0.0116963 0.0261016 0.0223233 0.0187459 0.0181287 0.0220834 0.0202876 0.0308637 0.0243367 0.0235418 0.0234569 0.0229066 0.0177702 0.0176725 0.0212503 0.0242777 0.0235495 0.02692 0.0260888 0.0248179 0.0179011 0.0202981 0.0225065 0.0210094 0.0225094 0.0232089 0.0250863 0.0374056 0.0531578 0.0428849 0.0364009 0.0293074 0.0203118 0.0224957 0.0339115 0.039064 0.0460998 0.0419359 0.0257783 0.0351276 0.0288778 0.0168673 0.0228397 0.0201652 0.0233436 0.0275678 0.0263344 0.0209202 0.0165938 0.023079 0.0204871 0.0120941 0.0114471 0.0181704 0.0125439 0.0240953 0.0184339 0.00998634 0.00322831 0.00217916 
0 0.000358576 0.00570478 0.0177908 0.0314484 0.0590038 0.0747744 0.0265272 0.0134878 0.0104142 0.0177703 0.0195848 0.0201854 0.0173359 0.0127412 0.018055 0.0236367 0.0269943 0.020105 0.0224644 0.0268066 0.021619 0.0205362 0.0246212 0.0329741 0.0269405 0.0279042 0.0236001 0.0290354 0.0249058 0.0243254 0.0221149 0.0176287 0.0264694 0.0303483 0.0487996 0.0620521 0.0860244 0.0649093 0.0711379 0.0338935 0.0207288 0.0170931 0.018339 0.0211038 0.0503816 0.0346235 0.033588 0.0383092 0.0363308 0.0233564 0.0233632 0.020048 0.0222714 0.0282842 0.0226469 0.0152628 0.0187774 0.0187161 0.0243387 0.0172856 0.00847348 0.0123875 0.016657 0.0127456 0.00759339 0.00613029 0.00875871 0.00641992 
0.000242989 7.9147e-05 0.00222261 0.00538085 0.0146064 0.0453766 0.0691957 0.0259961 0.0159908 0.0101687 0.012728 0.0202188 0.0242291 0.0170691 0.0124591 0.012814 0.0200118 0.0222873 0.0221351 0.0193332 0.0231788 0.0255413 0.0311905 0.0256128 0.0336398 0.0272341 0.0294194 0.0285413 0.0260921 0.0190457 0.0217236 0.0266697 0.0293874 0.0217504 0.0260091 0.0457582 0.0637352 0.0496777 0.053558 0.0507567 0.0309478 0.0290266 0.0224203 0.0271576 0.0469337 0.0591836 0.0392136 0.0477283 0.0410657 0.0323588 0.0260755 0.0313285 0.021224 0.0191867 0.0239107 0.0222919 0.0210057 0.0203328 0.0220451 0.0224676 0.0231897 0.0131559 0.0161179 0.0234711 0.0179044 0.0126096 0.0112719 0.0115431 0.00358295 
3.66429e-05 0 0 0.000127767 0.00265408 0.0178405 0.0365954 0.0188461 0.0147109 0.0132983 0.0193687 0.0242847 0.0267403 0.0249631 0.0214031 0.0222291 0.0230173 0.03829 0.0283749 0.0257451 0.0267904 0.033451 0.0346044 0.0326172 0.030163 0.0349849 0.032763 0.0279683 0.0248851 0.0167611 0.0149498 0.0173112 0.0332244 0.0228831 0.0208497 0.0280744 0.0238016 0.0251135 0.0230093 0.0277043 0.0256291 0.0306131 0.0248074 0.0255415 0.0498768 0.0497027 0.0409373 0.0374837 0.0357925 0.0309603 0.0229996 0.0237028 0.0186872 0.0173996 0.0196136 0.01724 0.0238108 0.0262043 0.0230685 0.0193458 0.0161137 0.0134431 0.012063 0.0138845 0.0180769 0.0205237 0.0128977 0.0051607 0.000770927 
0 0 0 0 7.60193e-05 0.00491834 0.0132463 0.01593 0.0116961 0.0162789 0.020557 0.0283952 0.0316331 0.0284886 0.0243321 0.0323841 0.0487403 0.0755341 0.0434561 0.0312204 0.0270133 0.0292164 0.0304212 0.0266283 0.0222621 0.0311565 0.0275514 0.0380913 0.0241396 0.0246795 0.0215526 0.0219173 0.0331944 0.0307325 0.0324065 0.0319653 0.0228995 0.0230259 0.025256 0.0310211 0.0274549 0.0242345 0.018472 0.0173677 0.0206107 0.0388855 0.0463513 0.0333455 0.0203714 0.0259797 0.0261485 0.0211095 0.0142614 0.0119394 0.0165001 0.0214641 0.0276615 0.0293871 0.0222287 0.0229457 0.0161775 0.011792 0.013263 0.00895847 0.00921502 0.0132125 0.0093181 0.00787973 0.00112733 
0 0 0 0.000169445 0.00196057 0.00583571 0.00581276 0.00772731 0.0107814 0.0165273 0.0219785 0.0250534 0.0278545 0.0247674 0.0258287 0.0283926 0.0411419 0.0465335 0.0327455 0.0228295 0.0201208 0.0167423 0.0250419 0.0279231 0.0247943 0.0214515 0.0250291 0.0288313 0.0198841 0.0183727 0.0210295 0.0260655 0.0277201 0.0287798 0.0299927 0.0263715 0.0223169 0.0292106 0.0261061 0.0313898 0.0204932 0.0193255 0.0198769 0.0226096 0.0529986 0.0570549 0.0326537 0.0209513 0.0210819 0.0207801 0.0202721 0.0275772 0.0178849 0.017225 0.0190182 0.0241811 0.0202922 0.0184185 0.0154558 0.0173274 0.0169132 0.0133384 0.0178264 0.00742513 0.00402604 0.00341452 0.00710661 0.00885467 0.000863135 
0 0 0 6.99672e-05 0.00125759 0.00146699 0.00390978 0.00863713 0.00993301 0.0165201 0.0189028 0.0218947 0.0272879 0.0262644 0.0243317 0.0263139 0.0252206 0.0331944 0.0327093 0.0259956 0.0193449 0.0188163 0.0308367 0.031745 0.0276702 0.0203125 0.0145595 0.0152889 0.0186175 0.0178591 0.0253228 0.0410005 0.0314848 0.0235368 0.0263172 0.0288675 0.0234617 0.0237375 0.0208436 0.0250241 0.0164 0.0249268 0.0260032 0.0376214 0.0511257 0.0287452 0.0230323 0.0181151 0.018913 0.0199415 0.0225644 0.0278056 0.0220991 0.0190726 0.0213214 0.0202553 0.0163951 0.0203719 0.0215457 0.0168335 0.0219363 0.0156662 0.0124521 0.0107645 0.0045312 0.00178307 0.00447708 0.00446831 0.00135396 
0 0 0 0 0 0.00149491 0.00496106 0.00986122 0.00956802 0.0126572 0.0173736 0.0195891 0.0233712 0.0235847 0.0227534 0.0267405 0.0245509 0.0271196 0.0264233 0.0183513 0.0207795 0.0313252 0.0296976 0.0328094 0.0291966 0.0185406 0.0135666 0.0220013 0.015437 0.0186641 0.0264629 0.0310795 0.035069 0.0240247 0.0256019 0.0304457 0.0271161 0.0265684 0.0194157 0.0163257 0.0175439 0.0284172 0.0221488 0.0238908 0.0236062 0.0231625 0.0253398 0.0191855 0.0134693 0.0214851 0.02489 0.0171744 0.0158974 0.0173157 0.0148748 0.0216894 0.0131068 0.0159712 0.0195988 0.0165733 0.0216336 0.0204311 0.0101202 0.0113696 0.00524368 0.000248437 0.00335624 0.00353079 0.00218521 
0 0 0 0.000198102 0.00143431 0.00694077 0.00915038 0.0107075 0.0125658 0.0123431 0.0152135 0.0212239 0.0263874 0.0256397 0.0186343 0.0226624 0.020566 0.0219395 0.0214129 0.0175491 0.0263907 0.033197 0.0254549 0.0242506 0.0191224 0.018298 0.0187587 0.0104576 0.0159114 0.018195 0.02335 0.0223256 0.0159728 0.026663 0.0253879 0.0247001 0.0195954 0.0222475 0.0253526 0.0226694 0.0254114 0.0326098 0.0230617 0.0208391 0.0334724 0.0243919 0.0197937 0.0175633 0.0135144 0.0195197 0.0143686 0.0149923 0.0122297 0.00654124 0.0131203 0.0209915 0.0189956 0.0161158 0.0170644 0.0262156 0.0249893 0.0183729 0.0137455 0.0178003 0.0137539 0.00225757 0.00390043 0.00194472 0.000220765 
0 0 0 0.00237659 0.00823453 0.011301 0.0102393 0.00761109 0.0120689 0.0188316 0.0145216 0.0179512 0.0283977 0.0247209 0.023414 0.0207389 0.0167341 0.0229746 0.0221083 0.0266799 0.0237859 0.0268684 0.0240719 0.020393 0.0226449 0.0110734 0.0133284 0.0123949 0.0163471 0.0197692 0.0214847 0.0201871 0.0184472 0.0190372 0.0215763 0.0269675 0.0288703 0.0260415 0.0267262 0.0241794 0.020353 0.0378138 0.030656 0.0320682 0.0387796 0.0291496 0.0218363 0.0223999 0.0233716 0.0169412 0.0172465 0.0346074 0.0233065 0.00868047 0.0130233 0.0218052 0.0279332 0.021623 0.0189546 0.0213957 0.0259457 0.0215165 0.0185333 0.015998 0.0126533 0.0083987 0.0139443 0.00680069 0.000672728 
0 0 0 0.00169037 0.0131634 0.0164534 0.012896 0.0170518 0.0181818 0.0165076 0.0154921 0.0154099 0.0182989 0.0195285 0.0185906 0.0215561 0.0195026 0.0235476 0.0309112 0.0203253 0.0167765 0.017571 0.0163229 0.0112829 0.0139301 0.0132724 0.0131879 0.0199138 0.016107 0.0160843 0.0160895 0.0148255 0.0190343 0.0227854 0.0236389 0.0273612 0.0322187 0.0232225 0.0253982 0.0203853 0.0205145 0.0274092 0.0290979 0.0295888 0.0371201 0.0254304 0.0217853 0.0230664 0.0277845 0.0172587 0.0195366 0.0348484 0.0263266 0.0136325 0.0136588 0.0236778 0.0263838 0.0132845 0.0101523 0.0165323 0.0225401 0.0199054 0.0132259 0.0123592 0.0163109 0.0194584 0.0129771 0.00883693 0.0002544 
0 0 6.92114e-05 0.00103523 0.00996277 0.00882046 0.0141579 0.0192216 0.0163099 0.0137626 0.0167628 0.0154258 0.0191172 0.0186697 0.0184156 0.0226787 0.0229065 0.0264188 0.0282056 0.0219053 0.0170426 0.0143845 0.0144749 0.0133082 0.0146755 0.0133672 0.0157485 0.0187355 0.0154666 0.0113289 0.0174025 0.0205548 0.0187782 0.022232 0.0259985 0.0326294 0.0283591 0.0225952 0.0186096 0.0190977 0.0228765 0.0223824 0.0279588 0.0227094 0.0312668 0.0237802 0.0193625 0.0268136 0.0295473 0.0242987 0.0198697 0.0195496 0.0222412 0.0196153 0.0129727 0.0159324 0.0216796 0.0156945 0.0170642 0.0103721 0.0120461 0.0109849 0.0120911 0.0125089 0.0208647 0.0203687 0.0085566 0.00265666 6.32795e-06 
0 0 0.000327826 0.00357519 0.00717289 0.0107117 0.0212813 0.0179663 0.0105311 0.0147241 0.0220607 0.0141108 0.016622 0.0184104 0.0185253 0.0214129 0.0249579 0.0199538 0.024968 0.0241539 0.0218105 0.0171479 0.0177465 0.0149661 0.0175242 0.0193915 0.0177516 0.019619 0.0154354 0.0136773 0.0197987 0.0222799 0.024548 0.021601 0.0249527 0.0338781 0.0284508 0.0218764 0.0184138 0.0192326 0.0248918 0.0263178 0.0277759 0.0249731 0.0226242 0.0234462 0.0224299 0.0283933 0.0264528 0.0218285 0.0180035 0.0202168 0.0288082 0.0257414 0.0172526 0.0110495 0.0169723 0.0221453 0.0157699 0.0120923 0.00609137 0.00964846 0.00730712 0.00351697 0.0106158 0.0124918 0.0063399 0.000690184 0 
0 0 8.82124e-07 0.00508494 0.0161667 0.0185185 0.0212222 0.0166308 0.0100298 0.0168714 0.0210823 0.014873 0.01896 0.0186431 0.0189039 0.0206719 0.0214781 0.0160234 0.0189291 0.017054 0.0231055 0.0187113 0.0147688 0.0167494 0.0252829 0.0181953 0.0126868 0.0202527 0.0170995 0.0233752 0.0236543 0.0216453 0.0186267 0.0144473 0.0181275 0.0282637 0.0278222 0.0250286 0.0220264 0.0219351 0.0259232 0.0199332 0.021629 0.0228699 0.0231414 0.0198261 0.0227416 0.0235109 0.0212432 0.0210495 0.0264245 0.0402252 0.0382898 0.0346849 0.0167824 0.0132472 0.0148663 0.0170422 0.011037 0.0117491 0.0104403 0.00790067 0.00540471 0.00587485 0.0133437 0.01232 0.00365636 0 0 
0 0 0 0.00220468 0.00977227 0.0154388 0.0213597 0.0165003 0.00851945 0.0108682 0.0197797 0.0155914 0.0188515 0.0172491 0.0140814 0.010979 0.0150362 0.0154515 0.01762 0.0173248 0.0217725 0.018408 0.0184319 0.0140969 0.0167994 0.0119793 0.00775388 0.0115874 0.0165855 0.0317099 0.0239772 0.0184697 0.0193804 0.0234294 0.0213627 0.0268362 0.0222024 0.0244588 0.0269834 0.0211574 0.0253479 0.017143 0.0148084 0.0208899 0.0211451 0.0172281 0.0196865 0.0259118 0.0216017 0.0169689 0.0316334 0.0582447 0.0598027 0.0309176 0.0201491 0.0225207 0.0150821 0.0126826 0.0213624 0.014026 0.013525 0.00793909 0.00880952 0.0127489 0.0118495 0.0107142 0.00203795 0 0 
0 0 0 0.000236095 0.00307557 0.0108447 0.0240499 0.0167919 0.0134818 0.018512 0.0162758 0.0120769 0.0169068 0.0181602 0.0157102 0.00948057 0.00892147 0.0145257 0.0175745 0.0196771 0.0218769 0.0200706 0.0125508 0.0115686 0.0157317 0.00977558 0.0125885 0.0152438 0.024807 0.0284727 0.0214581 0.0189188 0.021938 0.0238779 0.0219985 0.0270973 0.0210616 0.0183727 0.0260578 0.0269129 0.0249338 0.022662 0.0169112 0.0135631 0.0107107 0.0138106 0.0180222 0.0156086 0.0219344 0.0222644 0.026736 0.0316555 0.0283212 0.0265763 0.0228593 0.0230031 0.0215967 0.0116211 0.0164031 0.0108146 0.0116998 0.012198 0.0150739 0.0126023 0.00517887 0.00308733 0.000409972 0 0 
0 0 0 0 0.000988132 0.00763307 0.0220897 0.0189042 0.0221233 0.0242403 0.0153155 0.0170845 0.0192209 0.0196296 0.0175468 0.0120911 0.0100071 0.0210524 0.0177264 0.0145584 0.0137306 0.0143557 0.0176152 0.0193652 0.0233876 0.0187429 0.0184537 0.022904 0.0209145 0.0235147 0.0174296 0.0183232 0.0190045 0.0220717 0.0239455 0.0268891 0.0233248 0.028131 0.0240907 0.0220936 0.0228806 0.0198215 0.0171582 0.0122058 0.0137775 0.0145743 0.0166344 0.0157694 0.0179129 0.0188257 0.0183824 0.0213797 0.0206549 0.0247704 0.0229921 0.0283438 0.0169429 0.0154868 0.0134989 0.017109 0.0144232 0.0299637 0.0402016 0.0146089 0.00297731 0.00144691 0 0 0 
0 0 0 0 1.17583e-05 0.00415133 0.0198839 0.0205765 0.0221973 0.0233805 0.0177063 0.0140985 0.013843 0.017124 0.0159595 0.0140901 0.00960443 0.016268 0.0213893 0.0207569 0.0211865 0.0214588 0.0247362 0.0277118 0.0307429 0.0279586 0.0249134 0.0207055 0.0219976 0.0251232 0.0193267 0.0159508 0.0204466 0.0201242 0.0246788 0.0310288 0.0343327 0.0292099 0.017183 0.0123296 0.0154663 0.0149286 0.0132143 0.0197779 0.0195594 0.0174915 0.0170708 0.01831 0.0214749 0.0198523 0.0136497 0.00999217 0.0134058 0.0271266 0.0277693 0.0251718 0.0203692 0.0215826 0.0185994 0.0163206 0.0203232 0.0531936 0.0862677 0.0172108 0.00196147 0.000111998 0 0 0 
0 0 0 0 0 0.00188664 0.0134671 0.0192694 0.020832 0.0186834 0.0148073 0.00977692 0.0097438 0.0154064 0.023796 0.0200489 0.0119702 0.0172665 0.0228675 0.0335915 0.0262895 0.0251317 0.0240494 0.0280471 0.0249361 0.0258724 0.0183272 0.0229222 0.0307473 0.0265889 0.025118 0.0142923 0.0141499 0.0217779 0.0260501 0.0275048 0.0332998 0.0216002 0.0135952 0.014943 0.017984 0.0187235 0.0168785 0.0277182 0.0232462 0.0180422 0.0191296 0.0246696 0.0239159 0.0181704 0.0109568 0.00859903 0.0174154 0.0240502 0.0305686 0.0249981 0.0207969 0.0188558 0.0148483 0.0178002 0.0205766 0.0309199 0.0462263 0.0103609 0.000335308 0 0 0 0 
0 0 0 0 0 6.51322e-06 0.0056423 0.0198833 0.0166414 0.0127114 0.00711748 0.0113592 0.0171587 0.0183077 0.0190425 0.0210393 0.0164614 0.0174636 0.0151588 0.0201751 0.0234732 0.0239264 0.0262312 0.0287574 0.0273568 0.0189641 0.0218853 0.0291004 0.0285669 0.0236657 0.0275484 0.0170616 0.020173 0.0261297 0.0319409 0.0299389 0.0262984 0.0177569 0.0143145 0.013339 0.0203215 0.0210018 0.0173757 0.0169834 0.0186544 0.019808 0.0248426 0.0228035 0.0152683 0.0126567 0.0121455 0.0119625 0.0164232 0.02091 0.0252171 0.0171139 0.0105233 0.00745384 0.0156629 0.0163189 0.0134303 0.0132645 0.0133805 0.00514882 2.94166e-05 0 0 0 0 
0 0 0 0 0 0 0.00103281 0.00930362 0.0174081 0.00927116 0.0132164 0.0280843 0.0236673 0.0137947 0.0197344 0.0321969 0.0399091 0.032139 0.0171451 0.0243516 0.0224675 0.0236583 0.0217198 0.0256096 0.0213608 0.0197743 0.0241374 0.0321349 0.0206495 0.0182294 0.0265178 0.0241279 0.0288302 0.0259187 0.0395734 0.0325454 0.0245263 0.0129367 0.00996497 0.0126419 0.0178941 0.0164197 0.0132641 0.0149753 0.0188635 0.018663 0.0260425 0.0348987 0.016996 0.0194143 0.0197954 0.0173462 0.0207748 0.024102 0.0263091 0.0185028 0.0129371 0.00477845 0.0136881 0.0160946 0.0101173 0.00890237 0.00419926 0.00031458 0 0 0 0 0 
0 0 0 0 0 0 0 0.00149223 0.0078603 0.0063262 0.0190636 0.0339909 0.0271295 0.0140986 0.0156064 0.0248978 0.0357167 0.0315084 0.0207865 0.0360163 0.0308799 0.0252781 0.0246266 0.0270925 0.0255562 0.0239298 0.0182227 0.0278133 0.0307854 0.0197486 0.0279286 0.032293 0.0254306 0.0188458 0.026785 0.030177 0.0250959 0.0118983 0.0125421 0.00974879 0.0056654 0.00798893 0.0181487 0.0209597 0.0219371 0.0129709 0.0126034 0.0198234 0.0230417 0.0191779 0.0273759 0.0280725 0.023439 0.0200577 0.0246552 0.0254003 0.0173057 0.00953976 0.00799717 0.0123465 0.0103025 0.0019467 0.00048193 0 0 0 0 0 0 
0 0 0 0 0 0 0 0 0.000999099 0.00686556 0.0208053 0.0430889 0.0280795 0.0179682 0.0154701 0.0199249 0.0275044 0.0326952 0.020436 0.0323985 0.0339002 0.0246358 0.0189382 0.0200305 0.0235498 0.0239223 0.0193433 0.026015 0.034078 0.028853 0.0279135 0.0298011 0.0189306 0.0182389 0.0203164 0.0245836 0.0168081 0.0121857 0.00962913 0.00855113 0.00434758 0.00367012 0.0206669 0.0217232 0.0167022 0.0134568 0.0115985 0.0187615 0.0222894 0.022703 0.0284772 0.027569 0.0240779 0.0209512 0.0227974 0.0193872 0.0197836 0.0199813 0.0137705 0.0103902 0.00620454 0.000748626 0 0 0 0 0 0 0 
0 0 0 0 0 0 0 0 0.00025017 0.00415233 0.031927 0.0431627 0.0256368 0.0128486 0.00968382 0.00626535 0.0198332 0.0300961 0.0190181 0.0251305 0.0311 0.0240535 0.0273064 0.0247181 0.0329685 0.0235791 0.017091 0.0182695 0.0240739 0.0305785 0.0318712 0.0256074 0.0101088 0.0141343 0.0151421 0.0183893 0.0142823 0.0117316 0.0131955 0.00903557 0.006251 0.00234854 0.0179747 0.0262243 0.0195585 0.0201348 0.0136697 0.0122348 0.0146203 0.0185538 0.0185134 0.020516 0.0225157 0.0227735 0.0207733 0.0215485 0.0214594 0.0164241 0.0129381 0.00812843 0.00124741 0 0 0 0 0 0 0 0 
0 0 0 0 0 0 0 0 0 0.000557345 0.0157441 0.0240408 0.0101528 0.00490392 0.00221547 0.0015751 0.00977962 0.020215 0.0180769 0.016862 0.02872 0.0309293 0.0365284 0.0246601 0.0253741 0.0290502 0.0151286 0.0141736 0.0161716 0.0237931 0.0463048 0.0284843 0.00617787 0.0136149 0.0226949 0.0202149 0.0162897 0.0183934 0.0221565 0.0179811 0.00775795 0.00593532 0.0191723 0.0205503 0.0181681 0.0150034 0.0163712 0.0150924 0.00953434 0.0123102 0.0107385 0.0127206 0.0226822 0.0267351 0.03007 0.0215942 0.017254 0.0184026 0.0120563 0.00235964 0.000393966 0 0 0 0 0 0 0 0 
0 0 0 0 0 0 0 0 0 0 0.00022867 0.00212562 0.000654848 2.90367e-05 2.8488e-05 0.000181578 0.00319203 0.0110225 0.0132676 0.0146879 0.0285883 0.0497774 0.0461044 0.0366097 0.0226397 0.0215042 0.0203932 0.0136413 0.0120507 0.0179764 0.0296505 0.0209905 0.0072947 0.00537324 0.0139368 0.0196604 0.0208582 0.0269386 0.0306885 0.0180907 0.0114414 0.00770215 0.0137219 0.0188171 0.0187986 0.017799 0.0181547 0.00941759 0.00930762 0.0125925 0.0127943 0.0153791 0.021618 0.0306403 0.0339166 0.0320468 0.0219838 0.00959673 0.00199071 3.60585e-05 0 0 0 0 0 0 0 0 0 
0 0 0 0 0 0 0 0 0 0 0 0 0 0 0 0.000326381 0.00398171 0.0117452 0.0191951 0.0203472 0.0249075 0.0717001 0.0463947 0.0348988 0.0222831 0.0130254 0.0259897 0.0156104 0.0103448 0.015088 0.0137227 0.0129147 0.0147014 0.011599 0.0108551 0.0157104 0.0335993 0.041614 0.0299342 0.0260335 0.0176313 0.0169964 0.0155273 0.019874 0.0214811 0.0276024 0.0164186 0.00738507 0.0100265 0.0107591 0.0115627 0.010319 0.0241049 0.0265704 0.0326027 0.0275584 0.0134282 0.00276044 1.05511e-05 0 0 0 0 0 0 0 0 0 0 
0 0 0 0 0 0 0 0 0 0 0 0 0 0 0 0.000913879 0.00423097 0.00960359 0.0196156 0.0189847 0.0256499 0.0300624 0.020508 0.0128039 0.0188386 0.0196163 0.0291016 0.0211813 0.0118913 0.0042188 0.00182633 0.00540184 0.0119048 0.017969 0.0132247 0.0124316 0.0246026 0.0286617 0.0276122 0.0423631 0.0296833 0.0209368 0.0267553 0.0293905 0.030302 0.0208177 0.0194774 0.00929738 0.00879583 0.00930137 0.0152864 0.0130552 0.0186379 0.027759 0.0162917 0.0107579 0.00210477 0.000101826 0 0 0 0 0 0 0 0 0 0 0 
0 0 0 0 0 0 0 0 0 0 0 0 0 0 0 0.00140127 0.00461458 0.0083458 0.0102595 0.0165064 0.0274851 0.0250795 0.0197002 0.0110637 0.01537 0.0148465 0.0198355 0.0174066 0.00796456 0.00225082 0.00164 0.00829522 0.0166157 0.0180002 0.0184459 0.00643095 0.00653686 0.011281 0.0369913 0.057159 0.0374532 0.0274796 0.0365304 0.0341122 0.0294597 0.0192299 0.012579 0.00675015 0.0109497 0.0105192 0.0104838 0.0112096 0.00626892 0.00808995 0.00413403 0.00129869 7.34708e-05 0 0 0 0 0 0 0 0 0 0 0 0 
0 0 0 0 0 0 0 0 0 0 0 0 0 0 0 0.000151455 0.000713148 0.00170226 0.0056535 0.0184723 0.0269713 0.0275254 0.0266642 0.0192445 0.0134482 0.0155044 0.0195198 0.0113887 0.00551935 0.00690552 0.00245413 0.010533 0.0186075 0.0198577 0.0200777 0.00844008 0.00511287 0.0124947 0.0276703 0.0274626 0.0130389 0.0169299 0.0233949 0.0200995 0.0132257 0.0125205 0.0093043 0.00436663 0.00736214 0.00390188 0.00213773 0.00199227 0.00136013 0.000887851 0.000180543 0 0 0 0 0 0 0 0 0 0 0 0 0 0 
0 0 0 0 0 0 0 0 0 0 0 0 0 0 0 0 0 0 0.000437793 0.0082682 0.0143352 0.0175874 0.0192256 0.0146744 0.0126353 0.017106 0.0328221 0.0243811 0.00897496 0.00814434 0.0107766 0.0128828 0.0121217 0.00788275 0.0145338 0.0156912 0.0203081 0.0240136 0.0144459 0.00663503 0.00255116 0.00377524 0.00627144 0.00294731 0.00578251 0.00643864 0.00183189 0.00153996 0.00152445 6.8307e-05 0 0 0 0 0 0 0 0 0 0 0 0 0 0 0 0 0 0 0 
0 0 0 0 0 0 0 0 0 0 0 0 0 0 0 0 0 0 3.64277e-05 0.00224173 0.00552203 0.00950579 0.00547061 0.00365746 0.00237591 0.00785059 0.0307696 0.035421 0.0172521 0.0162786 0.0234434 0.0108909 0.00865183 0.00740055 0.0110243 0.0141442 0.0192718 0.0119593 0.00473368 0.00314663 0.00573054 0.00363483 0.00271705 0.00201237 0.00319742 0.0038166 0.000255822 0 0 0 0 0 0 0 0 0 0 0 0 0 0 0 0 0 0 0 0 0 0 
0 0 0 0 0 0 0 0 0 0 0 0 0 0 0 0 0 0 0 1.82899e-05 0.000263739 0.000189712 4.37969e-05 3.81101e-05 8.60672e-05 0.000679704 0.0110153 0.0214686 0.0169253 0.0184762 0.0236794 0.00925844 0.00437566 0.00931379 0.00841535 0.00774775 0.00770438 0.0030515 0.00721329 0.00857038 0.0113593 0.0108212 0.00659211 0.00115571 0 0 0 0 0 0 0 0 0 0 0 0 0 0 0 0 0 0 0 0 0 0 0 0 0 
0 0 0 0 0 0 0 0 0 0 0 0 0 0 0 0 0 0 0 0 0 0 0 0 0 6.35428e-05 0.0017224 0.00527831 0.00771822 0.0150881 0.012564 0.00341942 0.00114224 0.00571585 0.00604196 0.0103619 0.00465886 0.00302905 0.0117099 0.0178998 0.0188012 0.0166388 0.0075392 0.000190302 0 0 0 0 0 0 0 0 0 0 0 0 0 0 0 0 0 0 0 0 0 0 0 0 0 
0 0 0 0 0 0 0 0 0 0 0 0 0 0 0 0 0 0 0 0 0 0 0 0 0 0 0.000447563 0.000849937 0.00172767 0.00479187 0.00259516 0.000222144 7.51373e-06 0.00149197 0.00237025 0.00442294 0.00185009 0.00180243 0.00329999 0.00786727 0.00845887 0.00583867 0.00229672 7.61993e-05 0 0 0 0 0 0 0 0 0 0 0 0 0 0 0 0 0 0 0 0 0 0 0 0 0 

