0 0 0 0 0 0 0 0 0 0 0 0 0 0 0 0 0 0 0 0 0 0 0 0 0 0 0 0 0 2.82061e-05 9.53126e-05 0.000757817 0.00058357 0.000693465 0.000969167 0.000802311 0.000453338 0.000386811 5.68744e-05 0 0 0 0 0 0 0 0 0 0 0 0 0 0 0 0 0 0 0 0 0 0 0 0 0 0 0 0 0 0 
0 0 0 0 0 0 0 0 0 0 0 0 0 0 0 0 0 0 0 0 0 0 0 0 0 0 9.2496e-05 0.0002799 0.00396489 0.00979836 0.00710585 0.0103679 0.0107653 0.00924905 0.0113795 0.0111383 0.0112294 0.0135156 0.00844083 0.00474973 0.00445546 0.00147825 0.000822884 0.000374394 7.66654e-06 0 0 0 0 0 0 0 0 0 0 0 0 0 0 0 0 0 0 0 0 0 0 0 0 
0 0 0 0 0 0 0 0 0 0 0 0 0 0 0 0 0 0 0 0 0 0 0 0 0.000110116 0.00121812 0.00210875 0.0106704 0.0195385 0.0199543 0.0238354 0.0214165 0.0158907 0.0224742 0.0228413 0.025614 0.0217754 0.0225944 0.0274371 0.0241588 0.0162369 0.00922716 0.00801661 0.00511483 0.00137575 0.000193258 0.000171082 0 0 0 0 0 0 0 0 0 0 0 0 0 0 0 0 0 0 0 0 0 0 
0 0 0 0 0 0 0 0 0 0 0 0 0 0 0 0 0 0 0 0 0 0.000398562 0.0013053 0.000398358 0.00127959 0.00969467 0.00696842 0.0111424 0.01057 0.017726 0.0253395 0.0237438 0.0187582 0.0222515 0.0239753 0.0270908 0.0233854 0.0219952 0.0302737 0.0316802 0.0239892 0.014402 0.0121368 0.00755834 0.00615548 0.00403682 0.00228741 0.00258626 0.000114002 0 0 0 0 0 0 0 0 0 0 0 0 0 0 0 0 0 0 0 0 
0 0 0 0 0 0 0 0 0 0 0 0 0 0 0 0 0 0 0 2.24889e-05 0.000308348 0.00393334 0.0102243 0.00500816 0.00192265 0.00717103 0.0070356 0.00816076 0.00957457 0.0154693 0.022392 0.0177586 0.0166339 0.0174117 0.0257036 0.0246212 0.0269788 0.0231065 0.0194667 0.0205947 0.0204443 0.0155625 0.0105621 0.0107751 0.0140393 0.0137134 0.00916016 0.00752903 0.00380985 8.69723e-05 0 0 0 0 0 0 0 0 0 0 0 0 0 0 0 0 0 0 0 
0 0 0 0 0 0 0 0 0 0 0 0 0 0 0 0 0 0 0 0.000409425 0.00303666 0.00913933 0.0175035 0.0122115 0.0018873 0.00657132 0.012035 0.0117535 0.0106194 0.010719 0.0136397 0.0167424 0.0150552 0.0153829 0.0192297 0.0168116 0.0180423 0.0173101 0.0164307 0.020046 0.0233035 0.0195244 0.0178719 0.0132764 0.0130384 0.0175608 0.019333 0.0131446 0.00489225 0.000130344 0 0 0 0 0 0 0 0 0 0 0 0 0 0 0 0 0 0 0 
0 0 0 0 0 0 0 0 0 0 0 0 0 0 1.54595e-05 0.000389351 0.00104096 0.00104151 3.54567e-05 0.000833588 0.00547559 0.00870235 0.0128038 0.00925015 0.00733967 0.00796964 0.0154826 0.0138391 0.0154824 0.0141775 0.0120399 0.0154086 0.0142683 0.0171344 0.0193436 0.0202817 0.0210879 0.0215727 0.0269231 0.0224474 0.0236307 0.021108 0.0224067 0.0183472 0.0134311 0.0116352 0.00982879 0.00644371 0.00193567 0.000731111 7.65867e-05 0 0 8.50054e-05 9.68623e-05 5.82452e-07 0 0 0 0 0 0 0 0 0 0 0 0 0 
0 0 0 0 0 0 0 0 0 0 0 0 0 7.65429e-05 0.00157141 0.00630354 0.00885393 0.00896111 0.00196817 0.000812341 0.00709269 0.0114134 0.00959028 0.0153127 0.0143957 0.00953404 0.00983551 0.0106769 0.0119256 0.0179523 0.0219453 0.0271416 0.0232691 0.0161103 0.0193765 0.0200316 0.0204392 0.0186426 0.0230936 0.0281788 0.0251809 0.0182754 0.0183908 0.0109046 0.00686054 0.00523915 0.00412417 0.00719987 0.00503854 0.00308681 0.0011473 0 0.000313484 0.00747713 0.0154989 0.00224988 0 0 0 0 0 0 0 0 0 0 0 0 0 
0 0 0 0 0 0 0 0 0 0 0 0 0.00015863 0.0062947 0.0103684 0.0112393 0.0135327 0.0106347 0.00844314 0.00697779 0.00675918 0.0102154 0.0104944 0.016314 0.0212482 0.0108042 0.00528564 0.0101769 0.012746 0.0188939 0.0219909 0.0263236 0.0231664 0.0184481 0.0133457 0.0139466 0.0214533 0.0214407 0.0195406 0.024113 0.0274102 0.0170475 0.0189178 0.0149701 0.00505107 0.00472257 0.00470238 0.00638639 0.0078014 0.00377078 0.00272507 0.000673128 0.00267918 0.0173319 0.0273973 0.00655288 0.00176045 0.000225008 0 0 0 0 0 0 0 0 0 0 0 
0 0 0 0 0 0 0 0 0 0 0 0.000109046 0.00189039 0.0170608 0.0186916 0.0155442 0.0228762 0.0154733 0.0120116 0.0159178 0.0109312 0.0120373 0.0107272 0.0128689 0.0211502 0.0104074 0.0112629 0.0103978 0.0104473 0.0142805 0.0186116 0.0241308 0.0205781 0.0179829 0.0138434 0.0163277 0.015971 0.0131022 0.014329 0.0237238 0.0306459 0.0225339 0.0203098 0.0222696 0.01409 0.0124412 0.0101705 0.00967136 0.0136597 0.00416612 0.00356007 0.00313699 0.00642606 0.0061624 0.0102145 0.00882256 0.00805478 0.00407944 0.000409922 0 0 0 0 0 0 0 0 0 0 
0 0 0 0 0 0 0 0 0 0 0.000405981 0.0043815 0.0105245 0.0173557 0.0128365 0.0116951 0.0159005 0.0198935 0.0136275 0.0086923 0.00974734 0.00832973 0.00950182 0.0121254 0.0129006 0.0119101 0.0171715 0.0198868 0.0107148 0.0133666 0.0276266 0.0289507 0.0224423 0.0174752 0.0210195 0.0203081 0.0196821 0.0199994 0.0279396 0.0354901 0.034628 0.0278438 0.0241833 0.033018 0.0356501 0.0165797 0.0116674 0.0181257 0.0177824 0.00528205 0.00200669 0.00759588 0.00967459 0.0119911 0.0148748 0.0137395 0.0106673 0.0106724 0.00335493 0.000105173 0 0 0 0 0 0 0 0 0 
0 0 0 0 0 0 0 0 0 0.000241019 0.00318864 0.0125629 0.0187796 0.0188588 0.0131439 0.0106082 0.00985389 0.0131762 0.0177951 0.0135663 0.0166203 0.026528 0.0233627 0.0168358 0.0116371 0.0124193 0.0154476 0.0146469 0.0135013 0.014412 0.0277782 0.0289784 0.0304761 0.0244118 0.0263904 0.0283052 0.0256673 0.0268049 0.0313772 0.0341374 0.031004 0.0247771 0.0328754 0.0351042 0.0496508 0.0289411 0.0113216 0.018579 0.0119908 0.0045999 0.00701913 0.00839963 0.0096968 0.0141261 0.0266077 0.0161469 0.0100392 0.0113797 0.00564446 0.00158328 0.000122337 0 0 0 0 0 0 0 0 
0 0 0 0 0 0 0 0 0.000287351 0.00498752 0.0187976 0.0205849 0.0234513 0.0213224 0.00820059 0.00554499 0.00774855 0.0107653 0.0116125 0.0143471 0.0151829 0.025434 0.0214182 0.0195384 0.00699691 0.00901545 0.0114308 0.00833782 0.0103269 0.0153026 0.0312867 0.0316752 0.0297926 0.0270962 0.032902 0.0292883 0.0371476 0.0311203 0.0279056 0.0174436 0.0203653 0.0241131 0.0174756 0.0260489 0.0315717 0.023434 0.0102875 0.013853 0.0101212 0.00491431 0.00909307 0.0108841 0.0113722 0.0115803 0.0219094 0.0222627 0.0155838 0.00677979 0.00222571 0.00240397 0.000807339 0 0 0 0 0 0 0 0 
0 0 0 0 0 0 0 7.94005e-05 0.00296422 0.0141405 0.0322348 0.0373056 0.039891 0.0235231 0.00992662 0.00753809 0.00516367 0.0103637 0.0122252 0.00807821 0.00996233 0.0133463 0.0214059 0.0225949 0.00821977 0.00520997 0.00931367 0.008666 0.0116386 0.0256422 0.0350963 0.0391203 0.0236316 0.0184596 0.0220754 0.0261334 0.023614 0.0196499 0.0215145 0.0146862 0.0182416 0.0229022 0.016868 0.0219846 0.0204908 0.00952354 0.0100314 0.0127081 0.00630601 0.00549057 0.00758132 0.0108084 0.0110241 0.011144 0.0234485 0.0267227 0.0160632 0.00536894 0.00208739 0.0100116 0.0070867 0.00160301 1.17435e-05 0 0 0 0 0 0 
0 0 0 0 0 0 5.06775e-06 0.00096587 0.00483372 0.0147844 0.0220577 0.0171758 0.0305376 0.0175215 0.00792965 0.0101597 0.0107128 0.010868 0.00671154 0.00592036 0.00488541 0.00952611 0.0108192 0.0157457 0.0100368 0.00599354 0.00891102 0.00956383 0.013579 0.0219693 0.0277383 0.0363318 0.0200527 0.0193172 0.0261906 0.0257598 0.0150675 0.0130821 0.0211128 0.0120074 0.01536 0.0183261 0.0135042 0.0148219 0.0104074 0.00766402 0.00997981 0.00932612 0.0107299 0.0121596 0.00983085 0.00926493 0.0119185 0.018457 0.022684 0.0168225 0.0115072 0.0104364 0.0101053 0.0136073 0.010175 0.00263569 2.82504e-05 0 0 0 0 0 0 
0 0 0 0 0 0 0.00054194 0.00315116 0.0057608 0.0066012 0.0187261 0.0139419 0.0137733 0.0131842 0.0124364 0.00988556 0.0138439 0.00989103 0.00424505 0.00588605 0.00868978 0.0142644 0.0118779 0.0115754 0.00838504 0.00914758 0.0130583 0.023655 0.0275965 0.0327791 0.0268195 0.0166469 0.0124729 0.020527 0.0199565 0.0164679 0.0118251 0.0144201 0.0165095 0.0158377 0.0147922 0.0160691 0.00951954 0.0106767 0.01056 0.0117131 0.0115411 0.00895525 0.0118612 0.0117884 0.0115013 0.0146099 0.0157203 0.0198036 0.017662 0.0281396 0.02772 0.0136472 0.00678407 0.00357108 0.00313925 0.00227125 0.000574929 0.000144945 0 0 0 0 0 
0 0 0 0 0 0 0.000812023 0.00547332 0.0103534 0.00765297 0.0119079 0.0136412 0.013032 0.0133847 0.0172233 0.0155506 0.00930165 0.00813955 0.00518957 0.00533284 0.00991796 0.0112338 0.0177925 0.0102776 0.00932966 0.0161423 0.0289126 0.032351 0.0326357 0.0238647 0.0162123 0.00792181 0.0106761 0.0167724 0.00980716 0.00654492 0.00798959 0.0124294 0.0149964 0.0140766 0.0128326 0.0126132 0.00937698 0.00887523 0.0120922 0.0112275 0.0100822 0.00995328 0.00818099 0.00985432 0.0111815 0.0127055 0.0157892 0.0218723 0.0177653 0.0171406 0.0106208 0.00611438 0.00799565 0.00866593 0.00305011 0.00249521 0.00127389 0.000470854 0 0 0 0 0 
0 0 0 0 0 0 0.00107011 0.00588928 0.0090787 0.00640537 0.0069376 0.0132039 0.0127197 0.0167951 0.0197015 0.014261 0.00593737 0.00735328 0.0058641 0.00823021 0.0125281 0.0166506 0.0196593 0.0171196 0.0219035 0.0310476 0.0428922 0.0233294 0.0201089 0.0100902 0.00728109 0.00913656 0.0126526 0.0115571 0.00870489 0.00835244 0.00704661 0.00828945 0.00646452 0.00352373 0.00579256 0.0104772 0.0121304 0.00688908 0.00594398 0.0044797 0.00399729 0.00556211 0.00750431 0.0100604 0.0129466 0.0159478 0.0137757 0.014935 0.0132089 0.00381272 0.00278074 0.00925155 0.0125125 0.0160145 0.01579 0.0117189 0.00552736 0.000929702 0.000278902 0 0 0 0 
0 0 0 0 0 0 0.00104324 0.00660711 0.00520281 0.0038957 0.0104512 0.0159538 0.0131168 0.0138537 0.013926 0.0124256 0.00735793 0.0055686 0.0109093 0.0132118 0.0149493 0.018848 0.0231601 0.0226689 0.0265708 0.0323479 0.0208574 0.0142281 0.0105441 0.0137571 0.0153817 0.0141268 0.0199663 0.0179634 0.0114035 0.0112001 0.014347 0.0182335 0.00762476 0.00317773 0.00492619 0.00639002 0.00763001 0.00468157 0.00488201 0.00985428 0.0143035 0.012846 0.0148503 0.0127503 0.00470902 0.00815535 0.0141154 0.019594 0.0165738 0.0088715 0.0101771 0.0158824 0.0172522 0.0182634 0.0152025 0.0155582 0.0134718 0.00472192 0.00146328 1.30324e-05 0 0 0 
0 0 0 0 0 0 0.00176051 0.0033017 0.00297491 0.00644169 0.0173011 0.0232699 0.0317341 0.0168607 0.0093197 0.0150923 0.00987509 0.00620576 0.0204904 0.0176205 0.0217218 0.0282834 0.0305453 0.0323145 0.0359781 0.0288334 0.0117038 0.0126021 0.0162736 0.0275003 0.0263164 0.0239958 0.02068 0.0139559 0.017819 0.0254616 0.0282256 0.0255125 0.0174909 0.00962245 0.0055351 0.00232049 0.00360057 0.00833899 0.0132018 0.0166418 0.0170308 0.0133367 0.0195108 0.0234482 0.0077716 0.00517016 0.0100436 0.0163168 0.0222367 0.0206932 0.0173174 0.01953 0.0172663 0.019754 0.0186216 0.0142956 0.0125342 0.00674626 0.00280735 0.000240365 0 0 0 
0 0 0 0 0.000124433 0.000489338 0.00075175 0.00141663 0.00564741 0.0168767 0.0301652 0.0335793 0.0442946 0.0369946 0.0183468 0.0162892 0.0126807 0.0129979 0.0241502 0.0271495 0.0309605 0.0257414 0.0302039 0.0408398 0.0346051 0.0245404 0.020192 0.0215104 0.0360177 0.0474224 0.0431443 0.0282664 0.0125547 0.0141644 0.0136938 0.0188685 0.0274399 0.0230276 0.0202066 0.0115022 0.0116013 0.0102703 0.0056587 0.0126367 0.0155489 0.0154248 0.0206873 0.020402 0.0193235 0.0286047 0.0172214 0.00952968 0.0080961 0.0098508 0.0140096 0.0119212 0.0173259 0.0182934 0.0192965 0.0194496 0.0179478 0.0173273 0.0140444 0.00757778 0.0051013 0.00133225 2.56602e-05 0 0 
0 0 0 0.0003312 0.00430938 0.00419743 0.00508611 0.00833094 0.0128205 0.0294587 0.043696 0.0370563 0.0254767 0.0277802 0.0171751 0.0193069 0.0109916 0.0118426 0.0192974 0.0288401 0.0426306 0.0296996 0.0191895 0.0273565 0.0237934 0.0204155 0.0270215 0.0236362 0.0395098 0.0452805 0.0312019 0.0146602 0.00996032 0.0182329 0.0121095 0.0132675 0.023129 0.0247028 0.0197303 0.0118204 0.0102916 0.0125723 0.0127092 0.0165295 0.0165698 0.0178481 0.0222428 0.0169062 0.0227289 0.0228398 0.0193312 0.0130194 0.0100715 0.00848406 0.0071352 0.00444518 0.00737385 0.0160274 0.0180509 0.0194597 0.0191251 0.0127455 0.00871529 0.00576074 0.00673111 0.00367199 0.000426833 0 0 
0 0 0 0.00304241 0.0133252 0.0114243 0.011423 0.0117923 0.0178284 0.0217298 0.0245735 0.0188313 0.0120818 0.0155539 0.0157576 0.019202 0.0106577 0.0102416 0.0233108 0.0275878 0.044193 0.0367718 0.0179228 0.0223112 0.0204853 0.0179481 0.0299461 0.0316426 0.0471246 0.0471751 0.0344225 0.0221746 0.0128927 0.0199603 0.0152807 0.0156471 0.0146781 0.0224715 0.0176052 0.0166693 0.0205261 0.017374 0.0253748 0.0277676 0.0196186 0.016532 0.0151169 0.0177859 0.0210186 0.0238926 0.020188 0.021439 0.0133151 0.00686536 0.0055563 0.00465287 0.00521485 0.00884381 0.0149133 0.0187492 0.0166924 0.0160111 0.0132706 0.00795346 0.00770197 0.00557304 0.00106854 4.33737e-06 0 
0 0 0.00049853 0.0058641 0.0134389 0.0100509 0.0155151 0.0133791 0.0195651 0.0232109 0.0208264 0.0174373 0.0114983 0.0119163 0.0139432 0.0101097 0.0130693 0.0142732 0.0202664 0.0264462 0.0352382 0.0293585 0.0143183 0.0226455 0.0201717 0.0146139 0.0230847 0.0286552 0.0316443 0.0447408 0.0354349 0.038505 0.0272713 0.0254058 0.0239898 0.0233017 0.0215906 0.0192895 0.0234607 0.0274209 0.0261727 0.0238318 0.0257106 0.0241244 0.0240498 0.0260542 0.0190057 0.00990192 0.0165334 0.0185522 0.0169753 0.0240462 0.016985 0.00829501 0.00629504 0.00818542 0.00858826 0.00888303 0.0182983 0.0164997 0.0192506 0.0236118 0.0219596 0.0114235 0.011128 0.0101836 0.0047984 0.000365686 0 
0 0 0.00203521 0.00931696 0.0120039 0.00872897 0.0122343 0.0166973 0.02108 0.0188764 0.0132524 0.0111051 0.0129346 0.0118203 0.0129763 0.0113123 0.0179379 0.0184657 0.0178372 0.0231699 0.0328024 0.0323579 0.0216107 0.0170569 0.0235207 0.0198904 0.0282719 0.0345543 0.0347852 0.0400413 0.0402857 0.0353961 0.0350375 0.0329375 0.0372231 0.0383451 0.0242527 0.0211154 0.0230325 0.0261473 0.025909 0.0192936 0.01731 0.0205369 0.0166954 0.0199634 0.0215654 0.0133988 0.0175787 0.0117435 0.0127469 0.0156365 0.0133237 0.0125729 0.00839515 0.00785326 0.0098988 0.00895792 0.0107068 0.0205056 0.0240056 0.0233567 0.0275371 0.0219107 0.0119492 0.0106942 0.00734001 0.00149541 0 
0 0.000208251 0.00262095 0.00563904 0.00887773 0.00881889 0.00745771 0.0115754 0.018961 0.0123052 0.00642653 0.00497313 0.00924343 0.0138192 0.0133844 0.0179113 0.0214255 0.0222901 0.0226369 0.0220192 0.0287668 0.0385627 0.0305525 0.0189067 0.0193402 0.014031 0.0239094 0.0277301 0.0353586 0.0337315 0.0284202 0.0258153 0.0285137 0.0267959 0.0288659 0.0409847 0.0309545 0.0320465 0.0232494 0.0210841 0.0207643 0.0175257 0.0181455 0.0254763 0.0258192 0.0302613 0.0184062 0.0171831 0.0126835 0.00649832 0.00721445 0.0109227 0.0146458 0.0130263 0.011128 0.00766283 0.00795475 0.00979742 0.011541 0.0161068 0.0265223 0.0237671 0.0217205 0.0206051 0.0165746 0.0115584 0.00815455 0.00251935 4.88371e-05 
0 0.000493605 0.00262348 0.00128663 0.00777972 0.00781461 0.00683903 0.00828107 0.0106182 0.00652385 0.00896686 0.0118913 0.0094382 0.0110789 0.0121169 0.0212013 0.0216809 0.0222572 0.021874 0.0228959 0.0321533 0.0369417 0.0350721 0.0304245 0.0216413 0.0153739 0.0309148 0.0321317 0.0390423 0.0335321 0.0257347 0.0275969 0.0266847 0.0270043 0.0251051 0.0257773 0.0333177 0.0337986 0.026049 0.0189286 0.0237427 0.0159453 0.0308776 0.0344594 0.0305227 0.0306417 0.025411 0.0147944 0.0105626 0.0112732 0.0108187 0.01207 0.0113222 0.0115493 0.0103649 0.00885799 0.00788184 0.00924762 0.010186 0.0120733 0.0181552 0.0129771 0.0120103 0.0151276 0.0157269 0.0164544 0.0111508 0.00723889 0.000412031 
0 0.00106452 0.00849741 0.0033675 0.00376369 0.00839623 0.010267 0.00462274 0.00567864 0.00530088 0.0026158 0.00586043 0.00964315 0.0125405 0.0108183 0.01549 0.0191443 0.0227879 0.0193748 0.0236563 0.0327581 0.0355134 0.0311312 0.0361308 0.0433909 0.0212256 0.0297225 0.0333492 0.0321981 0.0352237 0.0345566 0.0373368 0.032407 0.025712 0.021782 0.0180296 0.0185922 0.0247134 0.0293121 0.0278899 0.0261466 0.0211268 0.0250819 0.0270734 0.02828 0.0321707 0.0253453 0.0218386 0.0141718 0.00943903 0.00437474 0.00960381 0.00642628 0.00445626 0.00648321 0.00883418 0.00800358 0.00756781 0.0111159 0.00636952 0.0109008 0.0097369 0.00833116 0.00910679 0.0157835 0.0194834 0.0136148 0.00761145 0.000733717 
0 0.00348367 0.011998 0.011619 0.00528825 0.00393435 0.0034578 0.00286832 0.00374667 0.00987478 0.00410904 0.00443715 0.00963787 0.0159515 0.0110732 0.0133113 0.0195632 0.0157971 0.0183813 0.0197483 0.0274509 0.0376868 0.0342842 0.0394768 0.0415711 0.030602 0.0323446 0.0256085 0.0314094 0.0336873 0.0455616 0.0510261 0.0534404 0.0334793 0.0197206 0.01826 0.0195914 0.0155139 0.0204522 0.0244156 0.0327608 0.0452762 0.0320772 0.0294056 0.0333822 0.0355662 0.0265723 0.0234076 0.0273189 0.0182612 0.00544851 0.00725746 0.00677592 0.00472136 0.00739128 0.0103851 0.00781388 0.00376418 0.0104459 0.00785388 0.00639467 0.0053754 0.00746761 0.00994614 0.0171767 0.0188536 0.017676 0.0122075 0.00229136 
0 0.00346354 0.00831641 0.0130245 0.0120542 0.00620556 0.00319728 0.00895459 0.00892448 0.0109639 0.00528889 0.0113879 0.0128115 0.01461 0.0105729 0.00943746 0.0156874 0.0121435 0.0155959 0.025116 0.0239258 0.0318704 0.0309077 0.0351932 0.0430592 0.0344033 0.0288129 0.0223247 0.0309478 0.0415082 0.0467349 0.0466918 0.0457567 0.0353676 0.0185432 0.0170546 0.0175225 0.0207977 0.0209863 0.0126444 0.0213108 0.0320246 0.0372952 0.0298432 0.0381748 0.0376551 0.0276407 0.0256929 0.0287519 0.023495 0.013125 0.00600797 0.00448327 0.00376059 0.007247 0.00889126 0.0075439 0.0044769 0.0123446 0.0134076 0.0102408 0.00555632 0.00883076 0.0105463 0.0167387 0.0175914 0.0180142 0.0143984 0.00321579 
0 0.00035467 0.00284379 0.00894428 0.00862658 0.00746771 0.00429705 0.00922203 0.0131718 0.014069 0.0131936 0.013404 0.0115861 0.0138816 0.0148044 0.0106965 0.010636 0.0160722 0.0173094 0.0248758 0.0265893 0.0322939 0.032882 0.0290017 0.0355623 0.0295431 0.0204325 0.0278698 0.0424031 0.0586731 0.0520011 0.0512335 0.0445249 0.0307492 0.0156596 0.0134455 0.0149172 0.016813 0.023074 0.0230182 0.0129644 0.0121604 0.0179242 0.0311666 0.040075 0.0533168 0.0467845 0.0233609 0.0218276 0.0233269 0.0174707 0.0042104 0.00379023 0.00425483 0.00419803 0.00384819 0.00453273 0.00548387 0.00878855 0.00795754 0.00326426 0.0084499 0.0127116 0.015551 0.0158683 0.0194014 0.0225755 0.00731777 8.28424e-05 
0 0 0.000222801 0.00382093 0.00685272 0.00568253 0.0068551 0.0107619 0.0126443 0.00950603 0.0134145 0.00910735 0.00708191 0.00975989 0.0166388 0.0129077 0.00717447 0.0161139 0.020844 0.0189831 0.0250357 0.0327794 0.0319905 0.0273594 0.0306944 0.0321673 0.0305622 0.0405315 0.0492655 0.0645198 0.063179 0.0480102 0.0447601 0.0256725 0.0191367 0.0142133 0.0139004 0.00838305 0.0157172 0.0209302 0.0185646 0.0183824 0.0103861 0.0165625 0.0304511 0.0529258 0.0661422 0.0357494 0.0215097 0.0167075 0.0224543 0.00753571 0.00370042 0.00434612 0.00491947 0.00701057 0.00836746 0.00848201 0.00647984 0.00336947 0.00414238 0.00697138 0.0131272 0.0191402 0.0199594 0.0154572 0.0209362 0.00913614 0.00096864 
0 0 0 0.000135024 0.00146116 0.00268282 0.00698435 0.00601294 0.00835813 0.00812067 0.0101027 0.0090175 0.00621596 0.00919767 0.0134408 0.0166864 0.0136588 0.00879246 0.0129304 0.0163448 0.0174407 0.0366388 0.03189 0.0316419 0.0447084 0.0396044 0.0366352 0.0458694 0.0521552 0.0421849 0.0440058 0.0603501 0.041711 0.0153372 0.016187 0.0157829 0.0172686 0.0169031 0.0221474 0.0324969 0.0334752 0.0198148 0.0147384 0.0192994 0.0315844 0.0455037 0.0708001 0.0487777 0.0245286 0.0192747 0.0224884 0.0100517 0.00255759 0.00519658 0.00736363 0.00710727 0.011501 0.00820914 0.00878255 0.00541643 0.00169091 0.00564427 0.0137732 0.0187069 0.0149776 0.0163951 0.0184829 0.00686597 0.00141283 
0 0 2.47606e-05 0.000363212 0.00222564 0.00385284 0.00748614 0.00990716 0.014172 0.00614578 0.00451088 0.00925007 0.00919966 0.0109114 0.0137622 0.0145596 0.0188825 0.0146059 0.0103461 0.0107409 0.0107954 0.0216679 0.0287443 0.0309584 0.0406683 0.0491284 0.0489848 0.0520767 0.0471207 0.0494451 0.0411678 0.0374243 0.0264191 0.0182655 0.018065 0.0132131 0.0147525 0.0128988 0.018792 0.0235951 0.0330209 0.0178749 0.0173916 0.0285158 0.0358031 0.0396304 0.0672061 0.0796271 0.0286381 0.0296307 0.0270405 0.0180998 0.00662156 0.00779662 0.00446696 0.00463959 0.00500197 0.00316276 0.00463945 0.00508786 0.00848898 0.0127082 0.0172935 0.0188072 0.0132978 0.0158482 0.0173702 0.0071929 0.00164351 
0 5.91888e-06 0.000413337 0.00336883 0.00406389 0.00606179 0.00964046 0.0101613 0.00735916 0.00246829 0.0048242 0.0133021 0.0134491 0.0154205 0.0159344 0.0127989 0.0128883 0.0156059 0.0140825 0.010973 0.0135958 0.0151745 0.0193858 0.0234489 0.0309172 0.0365592 0.0444753 0.0496826 0.0310608 0.0401556 0.0391301 0.0323894 0.0245288 0.0190085 0.0158455 0.0149345 0.024009 0.0243014 0.0228071 0.015727 0.0183904 0.0136317 0.0159553 0.0229822 0.0358879 0.0450733 0.0631134 0.079705 0.0356105 0.029306 0.0277667 0.024014 0.00897804 0.00757384 0.00356432 0.0027203 0.002451 0.00495777 0.00335361 0.00464308 0.00408844 0.00832601 0.0165665 0.0211988 0.0139722 0.0149296 0.0107382 0.00425148 0.00078319 
0 0.00019991 0.00369485 0.00901774 0.00321281 0.00752747 0.00704035 0.00685794 0.0066666 0.00592552 0.00727193 0.0193766 0.0176222 0.014716 0.021162 0.0150637 0.0119671 0.0139023 0.0163696 0.0168813 0.0189181 0.0165771 0.014461 0.0194645 0.0236163 0.0205136 0.0313897 0.046553 0.0386169 0.0348925 0.0249082 0.0205077 0.0209519 0.0148642 0.0150097 0.0189968 0.0257763 0.0226328 0.0213416 0.0169388 0.0151608 0.0160579 0.0180952 0.0165396 0.0311931 0.050165 0.0491728 0.056145 0.0357325 0.0277417 0.0245933 0.0205179 0.0148925 0.00519844 0.00291752 0.0020542 0.00486393 0.00665548 0.00533923 0.00316774 0.000706731 0.00636297 0.0135735 0.0171571 0.0208532 0.023731 0.0141429 0.00842378 0.000588837 
0 0.000639066 0.00673934 0.0108419 0.00285559 0.0100942 0.00782718 0.0107525 0.0130572 0.0117851 0.0181526 0.0190105 0.0157527 0.00916011 0.0145853 0.0144426 0.0137981 0.0121295 0.0133756 0.017067 0.016587 0.0133247 0.0143868 0.0184859 0.0198247 0.0158839 0.0198517 0.035895 0.0376837 0.0303169 0.0257372 0.0164063 0.0122808 0.00745769 0.0128837 0.0143073 0.013283 0.0130439 0.0173426 0.019361 0.0206227 0.0248105 0.0238348 0.018011 0.0303227 0.0464987 0.033866 0.0318221 0.0269648 0.0210356 0.0206488 0.0239166 0.0154011 0.00661907 0.00501395 0.00246847 0.00195652 0.0025209 0.00298407 0.00380221 0.00309832 0.00175742 0.00913328 0.0164641 0.0227511 0.0180198 0.0177614 0.0110474 0.00216943 
0 7.80217e-05 0.00194395 0.00314456 0.00654889 0.0100235 0.0106779 0.0128559 0.0189649 0.0166622 0.0155894 0.01451 0.00998854 0.0110286 0.0153952 0.0117408 0.00921332 0.0129215 0.0135988 0.014917 0.0189548 0.0196102 0.0169778 0.0172893 0.0165294 0.0178481 0.0148609 0.0208778 0.0258898 0.0200928 0.0181559 0.015694 0.0121725 0.0109471 0.00963273 0.00694244 0.00556144 0.013325 0.0231181 0.0163029 0.0172991 0.0164668 0.0193921 0.0164284 0.0286006 0.0514621 0.0275573 0.0200545 0.024005 0.0189989 0.015465 0.0097186 0.00819868 0.0069077 0.00542651 0.00384645 0.003299 0.00139605 0.00280896 0.0073173 0.00694667 0.00334546 0.00807364 0.0126109 0.0175671 0.0152908 0.0173435 0.0118908 0.00257832 
0 0.00194799 0.0104675 0.00878415 0.0100256 0.0112783 0.0100737 0.0116927 0.0159412 0.0173966 0.00907179 0.011961 0.0128133 0.0122491 0.0115967 0.00817235 0.0134098 0.00955975 0.00909379 0.00887504 0.0100622 0.0139425 0.0170086 0.0136255 0.00892958 0.0132514 0.017366 0.0189105 0.0157967 0.0142842 0.0123436 0.0204009 0.0180895 0.0126759 0.0102197 0.0106813 0.0150982 0.0212887 0.0236963 0.0205223 0.0148738 0.0163461 0.0201294 0.0235826 0.0350006 0.0325432 0.0194232 0.018956 0.0254019 0.021232 0.00662672 0.00499863 0.00428119 0.00634532 0.00685253 0.0049633 0.00256574 0.000823454 0.00324348 0.00733663 0.00692258 0.0078977 0.00815131 0.0130429 0.0157708 0.0134027 0.0159095 0.00940544 0.000901772 
0 0.00321154 0.0110755 0.011561 0.010686 0.0110786 0.0085417 0.0111957 0.0107628 0.00942928 0.0108223 0.00931057 0.0100712 0.0125697 0.0122506 0.00927162 0.0152743 0.012342 0.0118933 0.00830835 0.00746051 0.00939547 0.0182884 0.0128076 0.00940254 0.0109844 0.0142806 0.0144367 0.0107966 0.0120586 0.0140239 0.0172468 0.0159198 0.0158051 0.01598 0.0131631 0.0191099 0.0270261 0.0291382 0.0319661 0.019873 0.0192271 0.0195137 0.027438 0.0339472 0.0257708 0.0283 0.0283172 0.0168292 0.0130037 0.00576389 0.0034523 0.00587973 0.00495767 0.00285482 0.00591245 0.00276887 0.0018571 0.00355963 0.00756934 0.00901401 0.00628421 0.00649138 0.0111505 0.0126708 0.011904 0.0131516 0.0135021 0.00170228 
0 0.00203529 0.0101333 0.0160182 0.0126901 0.0106913 0.01085 0.0104331 0.00964709 0.00830363 0.00937993 0.009663 0.010741 0.010551 0.00890725 0.010867 0.01377 0.0115753 0.0133892 0.00880859 0.00794998 0.00795146 0.0117621 0.0125683 0.0102454 0.00767103 0.0110451 0.0143202 0.0121513 0.011449 0.00904506 0.0101553 0.0236524 0.0250829 0.0144826 0.0167166 0.0235689 0.0244289 0.0283458 0.0277308 0.0183657 0.0267698 0.035757 0.0331784 0.0259871 0.01922 0.0273051 0.0210777 0.00990973 0.00362476 0.00521502 0.00378775 0.00527794 0.00517092 0.00207197 0.00411553 0.00190967 0.00323605 0.00695817 0.00904859 0.00719702 0.00860292 0.0112298 0.0183428 0.0235962 0.0224064 0.0165226 0.0110498 0.00197893 
0 0.000970764 0.00937218 0.00828186 0.00928354 0.00801955 0.0107293 0.00952647 0.00883234 0.0106357 0.00728592 0.0123534 0.0163299 0.0132214 0.00799901 0.00760265 0.0107894 0.0122054 0.0196139 0.0190624 0.00964887 0.00724552 0.0126794 0.019742 0.024231 0.0143257 0.0126161 0.0123537 0.00818786 0.00727172 0.00830897 0.0086399 0.0262782 0.0203436 0.0149715 0.0192542 0.0264186 0.028303 0.0306248 0.0376315 0.031911 0.0311559 0.0271348 0.0293807 0.0301472 0.0255568 0.0210886 0.0164438 0.00879823 0.00678398 0.00557117 0.00590458 0.00873684 0.00885213 0.00358845 0.0032734 0.00117411 0.0014996 0.00810593 0.0133423 0.00844642 0.00831715 0.0185777 0.0228516 0.0218072 0.020332 0.0155613 0.0136119 0.00261006 
0 0.0004177 0.00643791 0.00744543 0.00984547 0.010087 0.00904983 0.0107204 0.0113519 0.0112851 0.0135807 0.0139779 0.0158463 0.0109653 0.0111223 0.0133435 0.00705405 0.0111875 0.013128 0.0158851 0.00951291 0.0070114 0.00967951 0.0158186 0.0204681 0.0155191 0.0124226 0.00949289 0.00787607 0.0112991 0.0122787 0.0206422 0.0306994 0.0154245 0.0150503 0.0208289 0.0261407 0.0270323 0.0315467 0.0312869 0.0288018 0.0255063 0.0248606 0.0254639 0.0287208 0.034504 0.0199305 0.0100155 0.0080239 0.00808621 0.00406092 0.00566156 0.0157947 0.013891 0.00342941 0.00247522 0.00314427 0.00313058 0.0051129 0.00933449 0.0131436 0.00942408 0.0137683 0.0224721 0.0288658 0.0165441 0.0107768 0.00978899 0.00160504 
0 8.0305e-06 0.0024639 0.00644866 0.00784359 0.00963236 0.0125979 0.0123051 0.0138611 0.0111471 0.0130276 0.0135759 0.0129172 0.00988121 0.0111027 0.00967215 0.0104398 0.0148986 0.0121218 0.0134281 0.0102379 0.0101996 0.00881997 0.0102293 0.0175301 0.0292641 0.0253245 0.0193009 0.0125058 0.0112375 0.0132939 0.0209354 0.0215485 0.0152545 0.0123476 0.0237296 0.0337869 0.0335146 0.0304311 0.0303332 0.0307638 0.0271266 0.0209262 0.0193973 0.0225639 0.0302997 0.0141292 0.00852642 0.00503612 0.00610265 0.00618216 0.00760947 0.0145106 0.0150138 0.0054026 0.00331284 0.00436196 0.00396711 0.0050148 0.0053248 0.0084139 0.011976 0.0115506 0.0119723 0.0139875 0.0111154 0.0127429 0.00534296 4.20385e-05 
0 0 0.00178341 0.00814421 0.0076976 0.012907 0.0123048 0.0117111 0.0114472 0.0109482 0.0116305 0.0135145 0.0156175 0.0115374 0.0106561 0.00809259 0.0172529 0.0160116 0.0139143 0.0132395 0.0130926 0.0139966 0.013392 0.00811681 0.0100885 0.0240014 0.0284208 0.0234837 0.0132961 0.0116204 0.0147746 0.0191402 0.0174394 0.0117971 0.0119239 0.0182035 0.0296414 0.036055 0.0253264 0.0266627 0.0273206 0.0173257 0.0123741 0.0186439 0.0305191 0.0167012 0.0100942 0.0071141 0.00600358 0.00634377 0.00671996 0.011361 0.0134657 0.00903631 0.00643266 0.00740101 0.00974647 0.00434472 0.0038883 0.00998379 0.00715523 0.0116498 0.0113587 0.00871363 0.00743979 0.00723573 0.00693161 0.00316371 2.2744e-05 
0 0 0.00110371 0.0086972 0.00958099 0.0141309 0.0137742 0.0103414 0.0111744 0.00417062 0.00706745 0.00892517 0.0143388 0.0104117 0.00892437 0.00911331 0.0120223 0.0095439 0.0132908 0.0124619 0.0117159 0.0117983 0.0131473 0.00978839 0.0108281 0.0140617 0.0218664 0.0208406 0.0113228 0.0108332 0.0180844 0.025503 0.0229096 0.0145506 0.0146056 0.0176634 0.0265614 0.0356215 0.0283405 0.0377381 0.024456 0.0163302 0.017368 0.0209677 0.0173435 0.018686 0.0137405 0.00517569 0.00853189 0.0064849 0.00511488 0.0103086 0.0126931 0.0132819 0.00750893 0.0126741 0.0157489 0.00553022 0.0015716 0.00714368 0.00736476 0.00837035 0.00971793 0.00663304 0.00728478 0.0124739 0.00496256 0.0014134 1.07145e-05 
0 0 0.000346907 0.00712495 0.00917857 0.013623 0.00820346 0.00780094 0.00463709 0.00279307 0.00531205 0.0106952 0.00982045 0.00463686 0.00900454 0.0071409 0.0095995 0.00911122 0.00939528 0.013641 0.0146691 0.0107762 0.0145906 0.014238 0.0109507 0.013763 0.0152443 0.0134384 0.00989242 0.0105678 0.0150234 0.017098 0.0180154 0.0144126 0.0118456 0.0140058 0.021825 0.0242997 0.0269993 0.0331132 0.0232718 0.0117716 0.01933 0.0189291 0.0166305 0.018757 0.0125335 0.00640758 0.00936714 0.00650905 0.00370527 0.0055162 0.00725781 0.00950051 0.00961198 0.0118521 0.00974113 0.00608161 0.00332045 0.00522531 0.00577375 0.00671851 0.00932819 0.00718902 0.0117911 0.0114069 0.00454222 0.000136332 0 
0 0 9.31244e-06 0.000508406 0.00755399 0.011729 0.00666616 0.00842868 0.00305133 0.00597791 0.00573476 0.0137219 0.0116301 0.00403484 0.00292517 0.0088926 0.0128651 0.0105073 0.00696723 0.0114192 0.0116511 0.012643 0.0145189 0.0140883 0.0116552 0.0119904 0.0172748 0.0177938 0.0151316 0.0195284 0.0145892 0.0138471 0.018406 0.019628 0.00930838 0.00731506 0.00962922 0.0135526 0.0182044 0.0223135 0.0259595 0.0188799 0.0158446 0.018755 0.0212309 0.0162368 0.0104961 0.00679956 0.00920263 0.010487 0.00473003 0.00542586 0.00282712 0.00864596 0.0123815 0.00894389 0.0106419 0.00472449 0.00429517 0.00492706 0.00685815 0.0100358 0.00979538 0.010139 0.00961166 0.0102193 0.00358468 3.00699e-05 0 
0 0 0 0 0.00122606 0.00200642 0.00398176 0.00259653 0.000927446 0.00454415 0.00683197 0.00825912 0.00754019 0.00367633 0.00507565 0.0125251 0.00992728 0.0124505 0.00646367 0.00971585 0.013014 0.0179719 0.0142124 0.0148883 0.0151978 0.0128597 0.0200435 0.0176433 0.0190447 0.0206239 0.015395 0.0129436 0.0107932 0.0178734 0.0130172 0.00993352 0.0151265 0.0175977 0.02118 0.0206516 0.0199022 0.0203899 0.0170314 0.0180966 0.0191942 0.0129448 0.00985874 0.00946679 0.00790858 0.00768795 0.00569556 0.00328339 0.00246861 0.00472778 0.00672801 0.00686739 0.00707241 0.00880671 0.00334564 0.00442907 0.00604127 0.0117074 0.0135221 0.00818941 0.00502017 0.00258203 0.000793541 0 0 
0 0 0 0 0 0 0 0 0.00266101 0.00812558 0.00999619 0.00959471 0.0058347 0.00341169 0.0098769 0.0183592 0.019012 0.01122 0.0167397 0.0137299 0.0134565 0.0173495 0.0171569 0.0165636 0.013741 0.014173 0.0190485 0.0193563 0.0152001 0.0271789 0.0233461 0.0131861 0.00831709 0.0160366 0.0199264 0.0138139 0.0202843 0.0219364 0.017352 0.0141851 0.0271658 0.0282291 0.0266749 0.0213482 0.0175189 0.0122657 0.00981412 0.00889237 0.0100219 0.00713935 0.00323605 0.00231811 0.0053459 0.00900507 0.00570658 0.0061793 0.00576292 0.00516698 0.00192901 0.00494315 0.00396001 0.0117687 0.0161612 0.0140409 0.00407876 0.00145812 4.40669e-06 0 0 
0 0 0 0 0 0 0 0 0.00299609 0.00756062 0.00828289 0.010398 0.00765148 0.00491045 0.0143205 0.0183105 0.0116283 0.0108101 0.0163638 0.0218179 0.0203627 0.0170649 0.0147061 0.0165686 0.0170405 0.0125158 0.0184728 0.0222178 0.020149 0.0197808 0.0140627 0.0112799 0.0114959 0.0156637 0.0152799 0.0125155 0.0198935 0.0165523 0.0197752 0.0235145 0.0258695 0.0232812 0.0258888 0.0243375 0.0188565 0.0123388 0.00876255 0.00512266 0.00568269 0.00472934 0.00309217 0.00186338 0.00494384 0.0115955 0.0128736 0.00927037 0.00686974 0.00495246 0.00706141 0.00807582 0.00340277 0.0109042 0.0176459 0.0147994 0.00553104 0.000540784 0 0 0 
0 0 0 0 0 0 0 0 0.00231032 0.00568114 0.00183438 0.00293026 0.00330352 0.00845007 0.0178228 0.0215373 0.0162548 0.0153955 0.0122206 0.0120056 0.018045 0.0172836 0.0171538 0.0158804 0.0130641 0.00780833 0.0120707 0.0132944 0.0141159 0.0108837 0.0115367 0.0120946 0.00861779 0.0156068 0.0199067 0.0151914 0.020431 0.0176471 0.0188202 0.0249052 0.0237548 0.0230415 0.0177571 0.0189701 0.0157762 0.0109308 0.00633913 0.00403055 0.00510584 0.00518009 0.00192984 0.000805162 0.00626246 0.0132913 0.00771731 0.00554004 0.00345232 0.00493127 0.00753968 0.00888497 0.00737258 0.019056 0.0180479 0.0102778 0.00504726 1.4685e-05 0 0 0 
0 0 0 0 0 0 0 0 0.000730189 0.00156953 0.0011852 0.00389525 0.00827405 0.0112786 0.0146094 0.0160931 0.0130411 0.0109704 0.00764592 0.00962467 0.0121158 0.0148969 0.0233653 0.0211131 0.0154901 0.0093643 0.00909323 0.0091371 0.0127755 0.0155218 0.0150105 0.0135388 0.0157215 0.0205553 0.0187355 0.0161668 0.0220732 0.0150532 0.0195205 0.0250076 0.0204142 0.0177597 0.0135949 0.0173962 0.0153364 0.00774818 0.00420518 0.00793428 0.00691495 0.00235959 7.61093e-05 0.000189949 0.00411376 0.0119137 0.0115507 0.00841647 0.00566865 0.00532723 0.0133499 0.0156306 0.0245137 0.0213626 0.0111748 0.00654416 0.000667163 0 0 0 0 
0 0 0 0 0 0 0 0 0 0.000123185 0.00319484 0.0102525 0.013803 0.0152699 0.0136814 0.0132118 0.00789747 0.00638738 0.00877959 0.00690132 0.0126467 0.0177019 0.0197189 0.0203388 0.0189362 0.014306 0.00961973 0.0103755 0.0115293 0.0130571 0.00945976 0.00798611 0.0172923 0.0194479 0.0206725 0.0244891 0.0252958 0.0170696 0.0149444 0.0176534 0.0182815 0.0134292 0.0142358 0.00922152 0.00763001 0.00583485 0.00439885 0.00415331 0.00465156 0.0011348 6.31102e-06 0.00109227 0.00870549 0.0115099 0.0135397 0.0103529 0.010006 0.00647045 0.00955669 0.0142392 0.0154098 0.0115957 0.00659881 0.00152315 1.33458e-05 0 0 0 0 
0 0 0 0 0 0 0 0 0 0.000220571 0.00492295 0.010563 0.0116517 0.0155339 0.0140359 0.0151131 0.0127212 0.0102629 0.0158015 0.0126275 0.0150727 0.0149075 0.0100526 0.0101599 0.0119801 0.0154078 0.0141557 0.0147262 0.0175738 0.0117361 0.00956123 0.0101421 0.0125727 0.0132773 0.0217887 0.0235031 0.0221468 0.0173808 0.017886 0.0251302 0.0181115 0.010395 0.0118637 0.0105912 0.00749524 0.0041689 0.00744383 0.00411013 0.00124202 0.000129337 7.44154e-05 0.00364111 0.0123833 0.0103177 0.00682631 0.00655166 0.0152036 0.00545125 0.00409202 0.00731276 0.00774451 0.00299393 0.000666394 0.000166394 0 0 0 0 0 
0 0 0 0 0 0 0 0 0 0.00104604 0.00899533 0.0110114 0.00832981 0.0100842 0.017555 0.0161415 0.0173635 0.0193173 0.0159308 0.0173758 0.0138143 0.0155905 0.0137165 0.0133901 0.0165736 0.0115711 0.0134561 0.0207267 0.0180007 0.0121971 0.0109751 0.0108541 0.00989491 0.0156253 0.0232122 0.0185758 0.0138157 0.0174001 0.0223782 0.0248086 0.0138178 0.00893942 0.00917328 0.0101743 0.00811484 0.00265516 0.0066729 0.00319587 0.000485156 0 0.000953513 0.00536301 0.0124027 0.0100864 0.00669716 0.00555644 0.00939625 0.0040178 0.00210149 0.00145584 0.000974432 0 0 0 0 0 0 0 0 
0 0 0 0 0 0 0 0 9.63548e-06 0.00241363 0.0143821 0.0150347 0.013046 0.017151 0.0210623 0.0155972 0.0144673 0.0150975 0.0123445 0.0167092 0.0197931 0.0153507 0.017106 0.015561 0.0147307 0.0134732 0.0190887 0.0214245 0.016967 0.0140256 0.0134297 0.0160631 0.0151285 0.0157727 0.0146136 0.0200832 0.0183422 0.0156036 0.0204671 0.0156834 0.00883394 0.0117212 0.0110822 0.0134501 0.00808351 0.00465288 0.00303455 0.00241764 0.000536021 0.00134688 0.00411397 0.00529742 0.00664588 0.00861566 0.00660216 0.00922225 0.0102959 0.00505093 0.00120176 0.00049655 5.01485e-06 0 0 0 0 0 0 0 0 
0 0 0 0 0 0 0 0 1.39286e-05 0.00245997 0.0118938 0.0118833 0.013686 0.0134915 0.0188671 0.0190528 0.0125708 0.0118066 0.0114328 0.0112972 0.0191741 0.0190055 0.0118667 0.0108333 0.0169997 0.0164927 0.0139071 0.0137106 0.0118557 0.0100864 0.0130649 0.017584 0.015853 0.0179643 0.0144165 0.0148705 0.0122501 0.00876539 0.00853187 0.0133845 0.0140491 0.0123442 0.0104554 0.00673295 0.00783893 0.00446568 0.00363149 0.00160731 0.00136618 0.00459664 0.00715481 0.00694672 0.00578156 0.0108501 0.00762658 0.0108019 0.014044 0.00733654 0.00109322 0 0 0 0 0 0 0 0 0 0 
0 0 0 0 0 0 0 0 0 0.000221217 0.0027572 0.00574069 0.0114148 0.0135299 0.0118608 0.0147213 0.0141974 0.0163374 0.0120925 0.00681428 0.00985157 0.008452 0.00364897 0.00481026 0.0177047 0.0191955 0.0179613 0.0108489 0.0128647 0.0157385 0.0190972 0.0161097 0.0171552 0.0165158 0.0103781 0.00799208 0.00827622 0.00879803 0.00671942 0.0140831 0.0276115 0.0193552 0.0110956 0.00789527 0.00903062 0.00285264 0.00219755 0.00186223 0.00598922 0.00817305 0.00588896 0.0097409 0.0126637 0.0117158 0.00783784 0.00939211 0.00855959 0.00802785 0.00255849 0 0 0 0 0 0 0 0 0 0 
0 0 0 0 0 0 0 0 0 0 2.76454e-05 0.000640836 0.00409346 0.00726913 0.0116395 0.0162143 0.0136106 0.0138457 0.00961294 0.0108721 0.0133427 0.00219049 0.00227449 0.00421292 0.00979616 0.0207399 0.0262094 0.0113831 0.0109902 0.015857 0.0164846 0.0140992 0.0135242 0.00894297 0.00759259 0.0103679 0.0112424 0.0114676 0.0135354 0.0105424 0.0164924 0.0151105 0.0098154 0.00883237 0.00923698 0.00397921 0.00194988 0.00498537 0.0150381 0.0133147 0.00491757 0.00501575 0.0105071 0.0147718 0.00778463 0.0137513 0.0054994 0.00208269 0.000301729 0 0 0 0 0 0 0 0 0 0 
0 0 0 0 0 0 0 0 0 0 0 0 0.000865322 0.00352436 0.0184864 0.0175729 0.010826 0.00842069 0.0112642 0.0147531 0.0131184 0.00188895 0.0017814 0.00449008 0.0102158 0.0188429 0.0295202 0.0134066 0.0104635 0.0171184 0.0146521 0.00987263 0.0142083 0.0117049 0.00856875 0.00871519 0.0115551 0.0106872 0.0147655 0.0117128 0.00714257 0.00826723 0.0064563 0.0056395 0.00233021 0.00472716 0.00628079 0.00797741 0.014638 0.010102 0.00569812 0.00277976 0.0075248 0.0140606 0.0058196 0.00807837 0.00253407 4.38057e-06 0 0 0 0 0 0 0 0 0 0 0 
0 0 0 0 0 0 0 0 0 0 0 0 0 0.0011177 0.0127531 0.00913942 0.00351409 0.00448725 0.00720053 0.00907147 0.00683731 0.00464147 0.00670812 0.0115541 0.0126294 0.0184144 0.0157562 0.0181939 0.0135753 0.0127923 0.0133565 0.00959722 0.0113039 0.00950553 0.0129168 0.00916936 0.013809 0.0108067 0.0103984 0.00893732 0.00496106 0.00977379 0.00947509 0.00551037 0.00356523 0.00410117 0.00423445 0.00502399 0.0124179 0.00964501 0.0049718 0.00149875 0.00509194 0.0107249 0.00520889 0.00307797 0.000380426 0 0 0 0 0 0 0 0 0 0 0 0 
0 0 0 0 0 0 0 0 0 0 0 0 0 4.57424e-06 0.000404968 0.000155606 0.000533419 0.00358963 0.00615266 0.00722589 0.00587327 0.00549221 0.0108224 0.0159211 0.0139435 0.0168532 0.0109739 0.016936 0.0197941 0.0126924 0.0123947 0.0169737 0.0118099 0.0102036 0.0131792 0.0108927 0.00959736 0.0119161 0.0067538 0.00550373 0.00716652 0.0128196 0.00631562 0.0062419 0.00336101 0.00484512 0.0056853 0.00521321 0.00801271 0.0120997 0.0040839 0.000227821 0.00257176 0.00414422 0.000928685 0.000282244 0 0 0 0 0 0 0 0 0 0 0 0 0 
0 0 0 0 0 0 0 0 0 0 0 0 0 0 0 0 0.000218326 0.00322992 0.00604335 0.00441465 0.00423845 0.00653485 0.0146081 0.0201586 0.0136577 0.0192138 0.018322 0.0200829 0.0172473 0.0125496 0.0129323 0.0187521 0.00616036 0.0032742 0.00931425 0.0143329 0.0108728 0.0133578 0.0133369 0.0120092 0.0151687 0.0143517 0.00706113 0.00290516 0.006567 0.00878812 0.00517299 0.00238256 0.00520913 0.004772 0.00029318 0 8.27637e-05 3.1911e-05 0 0 0 0 0 0 0 0 0 0 0 0 0 0 0 
0 0 0 0 0 0 0 0 0 0 0 0 0 0 0 0 0 0.00030163 0.0006514 0.000849157 0.00686946 0.00817628 0.0107144 0.0230372 0.0205438 0.0199178 0.0207397 0.0177411 0.0134756 0.0131785 0.0125201 0.0152121 0.00346136 0.000293598 0.00123925 0.00349645 0.0042796 0.0107639 0.0124323 0.0114439 0.01277 0.0119287 0.00369029 0.00158459 0.00417163 0.00285125 0.00395586 0.00204238 0.00190814 0.00049791 2.93544e-05 0 0 0 0 0 0 0 0 0 0 0 0 0 0 0 0 0 0 
0 0 0 0 0 0 0 0 0 0 0 0 0 0 0 0 0 0 0 2.55164e-05 0.00119853 0.002461 0.00630837 0.0184169 0.0209207 0.0195285 0.0118734 0.0131737 0.0145452 0.0150902 0.01265 0.00925375 0.00515639 0.00291884 0.00529638 0.00615186 0.000933146 0.00324964 0.00587712 0.00724779 0.00669486 0.00645891 0.00492076 0.000311781 0.00107289 0.00188929 0.00365603 0.000126112 0 0 0 0 0 0 0 0 0 0 0 0 0 0 0 0 0 0 0 0 0 
0 0 0 0 0 0 0 0 0 0 0 0 0 0 0 0 0 0 0 0 2.49802e-05 0.000253111 0.00199208 0.00840948 0.0110986 0.0160134 0.00978882 0.0113378 0.0104363 0.0100344 0.00719744 0.00808837 0.00779582 0.0043646 0.0161486 0.0175189 0.00378376 0.000182454 0.00193851 0.00249198 0.00409567 0.00255809 0.00336761 0.00235895 0.00240419 0.000614165 0.000462843 0 0 0 0 0 0 0 0 0 0 0 0 0 0 0 0 0 0 0 0 0 0 
0 0 0 0 0 0 0 0 0 0 0 0 0 0 0 0 0 0 0 0 0 0 6.11909e-05 0.00050391 0.00105813 0.00364145 0.00550513 0.0118456 0.00758695 0.00572782 0.00313785 0.00472797 0.00429638 0.00435783 0.00827118 0.00955065 0.00397281 9.83802e-05 0.00040871 0.00111378 0.00434251 0.000801142 0.000178716 0.000388156 0.000246479 0 0 0 0 0 0 0 0 0 0 0 0 0 0 0 0 0 0 0 0 0 0 0 0 
0 0 0 0 0 0 0 0 0 0 0 0 0 0 0 0 0 0 0 0 0 0 0 0 0 7.47772e-06 0.000377007 0.00138305 0.00184497 0.000609196 0.000738077 0.000841564 0.00147031 0.00198277 0.000553616 0.000589425 0.00023616 8.01394e-07 0 3.37221e-05 0.000316765 2.32492e-05 0 0 0 0 0 0 0 0 0 0 0 0 0 0 0 0 0 0 0 0 0 0 0 0 0 0 0 

