0 0 0 0 0 0 0 0 0 0 0 0 0 0 0 0 0 0 0 0 0 0 0 0 0 0 0 0 0 0 0 0 0 0 0 0 0 3.84556e-06 0.00090863 0.000409558 4.36954e-05 0 0 0 0 0 0 0 0 0 0 0 0 0 0 0 0 0 0 0 0 0 0 0 0 0 0 0 0 
0 0 0 0 0 0 0 0 0 0 0 0 0 0 0 0 0 0 0 0 0 0 0 0 0 2.40868e-06 0.000287574 0.0018059 0.00187748 0.00158544 0.00403085 0.00454528 0.00393401 0.00124421 0 0 0.00020762 0.0040604 0.0214245 0.0181023 0.0111176 0.00626469 0.00167235 0.000873638 7.06109e-05 0 0 0 0 0 0 0 0 0 0 0 0 0 0 0 0 0 0 0 0 0 0 0 0 
0 0 0 0 0 0 0 0 0 0 0 0 0 0 0 0 0 0 0 0 0 0 0.00013748 0.00103313 0.00242726 0.00287251 0.00961873 0.0151978 0.0109135 0.0094418 0.0155638 0.0134133 0.0121822 0.0056888 0.00071156 0.00199329 0.00405747 0.0176367 0.0322839 0.0278493 0.02195 0.0117497 0.00912444 0.0103145 0.00528114 0.00179693 0.000523359 0.000129066 2.84479e-06 0 0 0 0 0 0 0 0 0 0 0 0 0 0 0 0 0 0 0 0 
0 0 0 0 0 0 0 0 0 0 0 0 0 0 0 0 0 0 0 0 0 0.000254328 0.00302389 0.00555707 0.0050699 0.00763534 0.0166918 0.0176003 0.0204158 0.0136402 0.0138361 0.0142595 0.0158264 0.0126772 0.00317107 0.00569749 0.00892646 0.0122483 0.0161525 0.015947 0.0198148 0.0144741 0.0151317 0.0160894 0.0180137 0.0164271 0.0046161 0.00199477 0.000115894 0 0 0 0 0 0 0 0 0 0 0 0 0 0 0 0 0 0 0 0 
0 0 0 0 0 0 0 0 0 0 0 0 0 0 0 0 0 0 0 0 0 0.000857011 0.00459796 0.00664402 0.00783916 0.00710353 0.0117083 0.0154908 0.016487 0.0150351 0.0185014 0.0142475 0.0178856 0.0172896 0.0101055 0.00411349 0.00181671 0.00923315 0.0120524 0.0174017 0.0214709 0.0164057 0.0153839 0.0165722 0.0228256 0.0249423 0.00944637 0.00286388 2.57375e-05 0 0 0 0 0 0 0 0 0 0 0 0 0 0 0 0 0 0 0 0 
0 0 0 0 0 0 0 0 0 0 0 0 0 0 0 0 0 0.000183942 5.11307e-05 0 0 6.53378e-05 0.00151701 0.00471902 0.00489966 0.00544833 0.00968137 0.0156762 0.013999 0.0139816 0.0146533 0.0167111 0.022678 0.0190035 0.0180116 0.0128642 0.00864061 0.0176467 0.0145679 0.0139481 0.0169335 0.0122015 0.0135355 0.0162654 0.0142534 0.0119566 0.00744136 0.00317607 0.00133442 0 0 0 0.000474965 3.86937e-08 0 0 0 0 0 0 0 0 0 0 0 0 0 0 0 
0 0 0 0 0 0 0 0 0 0 0 0 0 0 3.32361e-06 0.000846309 0.00402349 0.00306369 0.00262128 0.000684551 0.000967481 0.00217557 0.00758113 0.00520525 0.00238324 0.00444532 0.0115827 0.014005 0.0162809 0.0165771 0.0115477 0.0150653 0.0217862 0.0246354 0.017271 0.0143265 0.0183595 0.016942 0.0195191 0.0172505 0.0208315 0.0170304 0.0167919 0.0141672 0.0137371 0.0149757 0.00902291 0.00529642 0.0013117 0 0.00015394 0.00165713 0.0018483 3.81571e-05 0 0 0 0 0 0 0 0 0 0 0 0 0 0 0 
0 0 0 0 0 0 0 0 0 0 0 0 0 7.12589e-06 0.00212767 0.00857741 0.0100885 0.0102042 0.00789275 0.00520226 0.00723084 0.0080989 0.0142004 0.0129692 0.0112999 0.0123598 0.013902 0.0160129 0.0219563 0.0225379 0.0157653 0.0104732 0.0120159 0.0188216 0.0149028 0.0160212 0.0171098 0.0139281 0.0176311 0.0174203 0.0253617 0.025297 0.0167152 0.0151712 0.0178687 0.014058 0.0157672 0.00837884 0.000748547 0.000277057 0.00227183 0.0101268 0.00923919 0.00123906 0.000192174 0.000100067 3.25723e-05 0 0 0 0 0 0 0 0 0 0 0 0 
0 0 0 0 0 0 0 0 0 0 0 0 0.000213047 0.000561023 0.00587472 0.0107678 0.0083342 0.0186248 0.0190805 0.0139341 0.012916 0.00994298 0.00859449 0.00806671 0.0125765 0.0106404 0.0113138 0.00841267 0.0111265 0.0187543 0.0180963 0.011428 0.0124691 0.0195381 0.0139295 0.0127651 0.0173965 0.0169109 0.0174717 0.0207721 0.0244344 0.0236328 0.0172598 0.0199743 0.0211161 0.0160396 0.0106601 0.00989718 0.00237091 0.000656422 0.00217794 0.00651876 0.0133158 0.0111681 0.00255893 0.00417842 0.0023828 0.000401461 0 0 0 0 0 0 0 0 0 0 0 
0 0 0 0 0 0 0 0 0 0 0 9.07225e-06 0.00197723 0.00792836 0.0192368 0.0140933 0.00797263 0.00768331 0.00955338 0.0114914 0.00657641 0.00687413 0.00393348 0.00503835 0.00688983 0.00546853 0.00878316 0.00936896 0.00991241 0.0124687 0.0165359 0.0108613 0.010065 0.0124211 0.0148294 0.0139393 0.018109 0.0125975 0.0113063 0.0129925 0.0156657 0.0164805 0.0196558 0.0168382 0.0162227 0.0132639 0.0132829 0.00972392 0.00686614 0.00681927 0.00509927 0.00623731 0.0121453 0.0224836 0.0134206 0.013026 0.0147752 0.00469951 0 0 0 0 0 0 0 0 0 0 0 
0 0 0 0 0 0 0 0 0 0 0 0.00198567 0.00959554 0.0189149 0.0230545 0.0126403 0.00633786 0.00573733 0.00655789 0.00752766 0.00461465 0.00619976 0.00283686 0.00766985 0.0102802 0.00643225 0.00436953 0.00817837 0.0130999 0.0161429 0.0171406 0.0138864 0.0147185 0.0135737 0.0132613 0.0187052 0.0245066 0.0126113 0.0109978 0.0117598 0.0139808 0.0141336 0.0158484 0.0158932 0.0105656 0.00810908 0.0103326 0.0141292 0.014736 0.0128388 0.00759149 0.00475942 0.0078991 0.0186227 0.0156094 0.0143909 0.0166843 0.0075231 0.000635411 2.31422e-05 0 0 0 0 0 0 0 0 0 
0 0 0 0 0 0 0 0 0 0 0.000133359 0.00323492 0.0153722 0.0204623 0.0157675 0.0113561 0.0104832 0.00815657 0.0099401 0.00644406 0.00877816 0.00815956 0.00433587 0.00836614 0.00828978 0.00640262 0.00412767 0.0100956 0.0127561 0.0157795 0.0159511 0.0136414 0.0170814 0.0136247 0.0223706 0.0245601 0.0263246 0.0238795 0.0196911 0.0121368 0.0150852 0.0180347 0.018007 0.0139849 0.0110185 0.0155896 0.0140927 0.0141293 0.017161 0.0137566 0.0105616 0.00553684 0.00824133 0.0167419 0.0184659 0.0219336 0.0146005 0.00890563 0.00206415 0.000382601 6.2726e-05 0 0 0 0 0 0 0 0 
0 0 0 0 0 0 0 0 0 0 0.000552899 0.00471716 0.00903124 0.0134684 0.00636203 0.0088507 0.0127176 0.0103945 0.00820274 0.0109066 0.013691 0.00804057 0.00512016 0.00829749 0.00732459 0.00412218 0.00484756 0.010643 0.0129417 0.0148434 0.0150226 0.0149204 0.0163946 0.0122584 0.0178955 0.0205621 0.0187627 0.0249318 0.0219879 0.0133834 0.0110923 0.01667 0.0198886 0.0174674 0.0149603 0.0230139 0.0143425 0.0143411 0.0174139 0.0173049 0.0149574 0.00866784 0.007313 0.0139386 0.0171034 0.0205461 0.014925 0.00686294 0.00488069 0.0036666 0.00310521 0.000279609 0 0 0 0 0 0 0 
0 0 0 0 0 0 0 0 0 5.00708e-05 9.36253e-05 0.00129403 0.00602262 0.00627895 0.00335746 0.00438963 0.00757179 0.00873403 0.00622103 0.0104242 0.0138091 0.0102809 0.00740695 0.00791698 0.00710417 0.0118571 0.00944126 0.0108298 0.0100588 0.00808086 0.00695516 0.0130953 0.0189973 0.0137997 0.0132341 0.0186465 0.0268403 0.0326313 0.024542 0.0174856 0.0132712 0.0147467 0.0191303 0.0143135 0.0302191 0.0248614 0.0220395 0.0229621 0.0256003 0.0239154 0.0149036 0.00971099 0.0115559 0.0187986 0.0214142 0.0264724 0.0217208 0.00893059 0.00471805 0.00898315 0.0109129 0.0035425 4.79084e-05 0 0 0 0 0 0 
0 0 0 0 0 0 0 0.000765803 0.00298127 0.00356245 0.0040636 0.000479949 0.00135155 0.00411901 0.00897181 0.00856971 0.0111425 0.00941808 0.00554709 0.0117176 0.0111364 0.0102909 0.0089063 0.0147482 0.0175715 0.0183703 0.0155545 0.0138992 0.0104729 0.013157 0.0132389 0.0171201 0.0177987 0.0132784 0.0123679 0.019408 0.0181246 0.0187277 0.0185268 0.0158555 0.013689 0.0124651 0.0136726 0.0121449 0.0168425 0.0246108 0.0184834 0.0185113 0.0221218 0.025358 0.0195587 0.0236506 0.0211487 0.022982 0.0195702 0.023113 0.0206703 0.0077714 0.00922713 0.0128951 0.0161195 0.00797058 0.00125642 0 0 0 0 0 0 
0 0 0 0 0 0 6.05765e-05 0.00107815 0.00459552 0.00660114 0.0101271 0.00517711 0.00315911 0.00693559 0.00337593 0.00431359 0.0151512 0.0106354 0.00975889 0.0106893 0.00879859 0.005075 0.00791207 0.0125606 0.0168569 0.0203337 0.0177421 0.0180467 0.0158355 0.0171679 0.01553 0.017847 0.0118481 0.0129172 0.0101797 0.0128922 0.0116624 0.0151427 0.0158291 0.016066 0.0122203 0.0108771 0.0182856 0.0188431 0.0221477 0.0225783 0.0167781 0.0228767 0.0243795 0.020005 0.0248462 0.0263743 0.0188728 0.0178293 0.0161442 0.0177261 0.015911 0.0107032 0.0148074 0.0196758 0.0170562 0.00563038 0.0029414 0.000157184 0 0 0 0 0 
0 0 0 0 0 0 0.00188687 0.00312451 0.00618727 0.00779515 0.0105885 0.00840926 0.00915288 0.0106686 0.00675852 0.00792939 0.0240389 0.0188875 0.0145084 0.0207396 0.0169324 0.0127737 0.00971094 0.0086863 0.0120195 0.0189105 0.0194823 0.0172005 0.0158347 0.0156171 0.0116364 0.0188135 0.0191738 0.0185356 0.0146243 0.0116095 0.0119777 0.0181861 0.0131659 0.0150808 0.0125484 0.0166355 0.0221933 0.0205088 0.0279768 0.0198658 0.0160082 0.0185112 0.0236656 0.0270964 0.0192426 0.0200889 0.0173013 0.0156022 0.0131537 0.0127995 0.00821446 0.0118758 0.0136596 0.01599 0.0152943 0.00661771 0.00355178 0.001316 9.20586e-05 0 0 0 0 
0 0 0 0 0 0 0.000751642 0.00320173 0.00366737 0.00279704 0.00556247 0.00902888 0.00902664 0.0102741 0.00711856 0.00923522 0.0277223 0.0259394 0.016952 0.0167245 0.0202956 0.0173386 0.0137758 0.012971 0.0175195 0.021165 0.0132477 0.0167328 0.0182397 0.0156613 0.0175776 0.0153722 0.0166243 0.015373 0.0125027 0.0160791 0.0149421 0.018748 0.0254302 0.0247577 0.0232067 0.0244605 0.0178097 0.016768 0.0208677 0.0177323 0.016498 0.0164615 0.0215265 0.0216485 0.019916 0.0195032 0.0244907 0.0148494 0.014303 0.00923333 0.0140011 0.0175214 0.00844967 0.012631 0.0113593 0.00979312 0.00977821 0.00296281 0.000227797 0 0 0 0 
0 0 0 0 0 0 2.03106e-05 0.00170287 0.0010606 0.000160299 0.000672995 0.00137006 0.00230147 0.00282025 0.00302558 0.00867906 0.0229126 0.023203 0.0168141 0.0185016 0.025078 0.0233409 0.0228072 0.0204757 0.0253576 0.0233051 0.0163594 0.0122007 0.0173043 0.0178649 0.0195082 0.0114482 0.0176016 0.0179117 0.0132913 0.0150329 0.0154739 0.0228041 0.0257001 0.0182042 0.0190054 0.0235177 0.0227525 0.0142322 0.0163419 0.0182478 0.021676 0.022631 0.0299092 0.022075 0.0193713 0.0299953 0.0233968 0.00948447 0.0119545 0.0117364 0.0136536 0.0188263 0.0120342 0.0134663 0.0129455 0.0145445 0.0130122 0.00281149 0.000114997 0 0 0 0 
0 0 0 0 3.78345e-06 6.53901e-05 1.12727e-05 0.000603097 0.00100915 0.00292722 0.00330026 0.00211427 0.00432606 0.00228058 0.0044408 0.0116735 0.0260161 0.0193666 0.0173851 0.0142023 0.0231572 0.0254892 0.0263915 0.0249457 0.0201818 0.0210776 0.0162204 0.013027 0.00761528 0.0184774 0.0179626 0.0197367 0.0209489 0.0205984 0.0152442 0.0166422 0.0199806 0.0330831 0.0246033 0.0184866 0.0215946 0.0197196 0.0204455 0.018047 0.0164907 0.0143307 0.0221698 0.0236043 0.0257026 0.0195517 0.0227653 0.0307856 0.0236979 0.00767565 0.00649372 0.0119003 0.0127916 0.0127838 0.00965349 0.0135516 0.0124724 0.0159038 0.00931728 0.00129139 0.000141469 1.36397e-05 0 0 0 
0 0 0 0 0.000594442 0.00342792 0.0032585 0.00322032 0.00461899 0.00896318 0.0114153 0.0121589 0.00983908 0.0106789 0.0114334 0.0143583 0.0205041 0.018311 0.0245461 0.020312 0.027216 0.0209898 0.018193 0.0146873 0.0164037 0.0211187 0.0192746 0.0127417 0.00903249 0.0145779 0.0160744 0.0129167 0.0159953 0.0163252 0.0145319 0.0193717 0.021975 0.0349705 0.0237578 0.0300523 0.0251179 0.0192714 0.0163859 0.0175372 0.0193583 0.0172449 0.0213778 0.0247622 0.0204886 0.0190627 0.0223082 0.0306973 0.0200827 0.0133546 0.00736358 0.0104443 0.00866168 0.0106996 0.0158323 0.0131447 0.0201805 0.0206631 0.00909328 0.00285572 0.0044082 0.00170234 0 0 0 
0 0 0 0 0.00236411 0.0101749 0.0192521 0.0194837 0.0103229 0.0138458 0.0219135 0.0199746 0.0219911 0.0136455 0.012593 0.0155536 0.0185181 0.0144994 0.0214306 0.0218088 0.0229213 0.013217 0.0139673 0.0151117 0.0138069 0.0190481 0.0181393 0.0183519 0.016473 0.0137729 0.0132677 0.0140487 0.0153153 0.013569 0.012184 0.014964 0.027049 0.0258926 0.0190401 0.0219416 0.021142 0.0150956 0.0137172 0.0187578 0.0251908 0.0205255 0.0220453 0.0177418 0.0190584 0.0178392 0.0160473 0.0222935 0.0238534 0.0191283 0.0137191 0.0125011 0.00918075 0.0111776 0.0158576 0.014869 0.0380706 0.205201 0.0579409 0.00675443 0.0085276 0.00514177 0.000265129 0 0 
0 0 0 7.48643e-05 0.00569351 0.0174276 0.0258087 0.0286726 0.0237463 0.0184378 0.0242635 0.0234767 0.0220496 0.0135718 0.015427 0.0238219 0.0211851 0.018151 0.0280922 0.0282362 0.0184037 0.0139139 0.0162607 0.0147891 0.0152003 0.0144669 0.012342 0.0190326 0.0211851 0.0251176 0.0302418 0.0284403 0.0176782 0.0166844 0.0115121 0.0138202 0.0210226 0.0225384 0.0136049 0.0217482 0.0238269 0.0161339 0.0167522 0.0178725 0.0242021 0.0181871 0.0166984 0.0167864 0.0205632 0.0209947 0.029765 0.0260684 0.0234664 0.0301253 0.0244119 0.0165956 0.0231305 0.0177404 0.020273 0.0203506 0.0274603 0.0802615 0.0357597 0.0111853 0.00653468 0.0100794 0.00421426 4.0032e-05 0 
0 0 0.000851276 0.00552484 0.0119755 0.0167118 0.0191145 0.0194361 0.0176035 0.0201477 0.0220035 0.0170277 0.0165358 0.013667 0.0150369 0.0249155 0.0207241 0.0205164 0.0194686 0.0205687 0.0199395 0.0143198 0.0150118 0.0175112 0.0207562 0.0131946 0.014821 0.0169545 0.0149509 0.0177248 0.022127 0.019518 0.0177587 0.0197361 0.0194277 0.0256368 0.0189266 0.0171359 0.0158872 0.0239348 0.0251878 0.0258945 0.0181044 0.0202813 0.0192457 0.0182714 0.0174209 0.0179753 0.0267131 0.0255163 0.0265516 0.0167287 0.0105496 0.0153814 0.0259605 0.0200442 0.0174648 0.0150519 0.0176741 0.0145025 0.0189648 0.0138685 0.0156626 0.0158027 0.0127963 0.00778263 0.00517685 0.000622603 0 
0 1.76943e-06 0.00439951 0.0149607 0.0158878 0.0196072 0.0182511 0.0204117 0.0205154 0.0211417 0.0198048 0.0214721 0.0176781 0.0227381 0.0141756 0.0207351 0.0214472 0.0189783 0.020832 0.0164187 0.0161362 0.0144586 0.0156329 0.0181695 0.0160152 0.0178827 0.0189927 0.0214249 0.0232321 0.0161397 0.0181588 0.0144939 0.0153319 0.0226974 0.0221253 0.0261034 0.0181398 0.0201508 0.0194491 0.0192912 0.0256718 0.0248444 0.0130818 0.0158514 0.0195396 0.0153492 0.0130713 0.0186343 0.0242005 0.0284304 0.0246579 0.017245 0.0126671 0.0118149 0.0181473 0.0130949 0.0108931 0.0120009 0.0131975 0.0128476 0.0170104 0.0105853 0.0139107 0.0149453 0.0105735 0.0118737 0.00800908 0.00196561 0 
0 4.71909e-05 0.00552084 0.0141483 0.0171467 0.0172735 0.0205522 0.0219844 0.027309 0.0259052 0.0249283 0.0250732 0.024967 0.0338415 0.0247428 0.0141994 0.0200135 0.0254665 0.0312392 0.0243159 0.0172389 0.0145827 0.0236556 0.0253602 0.014526 0.0150099 0.0154312 0.0174038 0.0131481 0.0138939 0.0142004 0.0128113 0.0144091 0.0250549 0.0182818 0.0265954 0.0208922 0.0140525 0.0147721 0.0175846 0.0213193 0.0192236 0.017948 0.0170599 0.0190716 0.0153825 0.0154615 0.0195971 0.0205939 0.0230317 0.0223837 0.012652 0.0129822 0.0137592 0.0128205 0.0178968 0.0163232 0.0180364 0.022552 0.018317 0.0139363 0.00997277 0.0151362 0.0164003 0.0145092 0.0113429 0.0120865 0.00216983 0 
0 5.6872e-05 0.00391025 0.0207958 0.0258148 0.0264777 0.0164591 0.0149807 0.0162704 0.0238253 0.0220245 0.0282611 0.0319086 0.0317832 0.0276317 0.0167347 0.015835 0.0159046 0.02481 0.0238012 0.0223062 0.0227768 0.032573 0.0223142 0.0196062 0.0117225 0.0110063 0.0112167 0.0127582 0.0160581 0.0178311 0.0146268 0.0130432 0.0208165 0.0143394 0.0160756 0.0156062 0.011122 0.0125239 0.0172489 0.0269022 0.0167809 0.0192223 0.0198597 0.017688 0.0170148 0.0201104 0.0203234 0.0181024 0.0239801 0.0238644 0.0172838 0.0140726 0.0211465 0.0241839 0.0216529 0.020826 0.0197657 0.0210929 0.0162025 0.00880624 0.0099104 0.0123871 0.0161098 0.0151206 0.0117439 0.00806323 0.00146556 0 
0 0.000204253 0.00853142 0.0213866 0.0203755 0.0224966 0.0212073 0.026599 0.0222995 0.0206827 0.0273516 0.030486 0.02574 0.0254858 0.0203555 0.0173903 0.0126932 0.0133074 0.0123885 0.0190443 0.0222339 0.0206877 0.0247977 0.0216192 0.0168877 0.0149432 0.0156133 0.0197189 0.015225 0.0127317 0.0145565 0.012916 0.0154816 0.0155637 0.0145633 0.0163525 0.0205434 0.0167063 0.0139937 0.0214039 0.0236217 0.0203326 0.0250763 0.0168853 0.0157704 0.0175954 0.0201275 0.016038 0.0143274 0.0198999 0.0227589 0.0250785 0.0200526 0.015599 0.0168475 0.0153656 0.0168464 0.0179383 0.0217736 0.0157098 0.0144846 0.0186195 0.0159704 0.0169636 0.0159422 0.0123935 0.00794399 0.00582249 0.000751237 
0 0.000749867 0.00464137 0.0135461 0.0265925 0.0275759 0.0251702 0.0210207 0.0234549 0.020111 0.0217153 0.0246209 0.0268979 0.0255121 0.0194558 0.0176218 0.0187931 0.0246668 0.0157559 0.0137883 0.0126931 0.01543 0.0158464 0.0164083 0.0104548 0.012384 0.0160982 0.0171134 0.0189239 0.0141662 0.0121446 0.0180125 0.0214841 0.0195436 0.0177705 0.0156186 0.0209548 0.0216796 0.0167359 0.0203508 0.0227312 0.0228445 0.0234019 0.0229909 0.0182483 0.0161089 0.0167101 0.0147923 0.0156088 0.0137542 0.0188687 0.023254 0.0183044 0.0201569 0.0170167 0.0121097 0.0139443 0.0129094 0.0211164 0.0168522 0.0173881 0.0185128 0.0210822 0.0209486 0.0163227 0.0148865 0.0145795 0.0123558 0.0018784 
0 0.000760553 0.00409933 0.00935454 0.024975 0.028846 0.0233997 0.0178895 0.0234878 0.0243687 0.0240187 0.0218157 0.0228854 0.0229193 0.0199264 0.0291357 0.0373846 0.0251976 0.0254451 0.0175429 0.0139484 0.0152352 0.0144793 0.0175913 0.0111565 0.014239 0.0119605 0.014474 0.0189837 0.0193038 0.0167015 0.02132 0.0218015 0.0230792 0.0209848 0.0191646 0.0236158 0.0229444 0.0206751 0.0301611 0.0223694 0.0259878 0.0264682 0.0211438 0.0174481 0.0173554 0.0133537 0.0131251 0.0169989 0.0177892 0.0177662 0.016901 0.0194736 0.0204253 0.0160573 0.0160602 0.0198589 0.0160053 0.0203174 0.0184011 0.0193322 0.026693 0.021765 0.0157083 0.0100776 0.0082468 0.00868887 0.00934633 0.00198941 
0 1.16839e-06 0.000630503 0.00954876 0.0224281 0.0209692 0.018092 0.0204685 0.0211707 0.0202703 0.0198093 0.021108 0.0265105 0.0187457 0.01442 0.0169696 0.0229268 0.0247105 0.0301344 0.0241304 0.0202446 0.0151355 0.014443 0.0191046 0.0130727 0.0160363 0.0180649 0.015883 0.0184551 0.013543 0.015448 0.0184892 0.0148826 0.0193793 0.0187897 0.0257622 0.0200396 0.0192804 0.0249726 0.0300564 0.0237841 0.0206343 0.0280599 0.021925 0.0233566 0.0157752 0.0142354 0.0185682 0.0175204 0.0198959 0.0228556 0.019272 0.0205565 0.0202123 0.0444282 0.0292589 0.0174169 0.0187889 0.0241792 0.0208502 0.022574 0.0199171 0.0188839 0.0187493 0.0161976 0.0102951 0.0118542 0.0129695 0.00248424 
0 2.67879e-05 0.00203685 0.0148708 0.0245913 0.0268559 0.0263187 0.0225461 0.0214997 0.0195226 0.0237789 0.0247389 0.0217546 0.0214169 0.020296 0.0180371 0.0178653 0.023188 0.0244483 0.0267026 0.0226999 0.0166325 0.011137 0.0164445 0.0249247 0.0288488 0.0195702 0.0212912 0.014708 0.0176361 0.0234656 0.0294654 0.0186272 0.0170155 0.017405 0.0268091 0.0218975 0.0218977 0.0262756 0.0316806 0.0296543 0.0218958 0.0189776 0.0246689 0.0303721 0.0201505 0.0138035 0.0198264 0.0167981 0.0208219 0.0178645 0.0207737 0.0188448 0.0195672 0.0398245 0.0269958 0.0201669 0.0172532 0.0196913 0.0203481 0.0195773 0.016048 0.0159932 0.0166214 0.0184744 0.00642815 0.0118376 0.0133611 0.000785722 
0 0.000727626 0.00532012 0.0208084 0.0261444 0.0353713 0.0282623 0.033722 0.0287854 0.0238221 0.0312825 0.0274292 0.0195718 0.0235912 0.0241296 0.0251907 0.0255769 0.0193369 0.0227434 0.0333773 0.0329148 0.0210498 0.0114586 0.0164311 0.0290428 0.0273623 0.0188677 0.0155446 0.0174929 0.0198843 0.0437885 0.054128 0.0285623 0.0203806 0.0193559 0.0265466 0.0284969 0.0253067 0.0241439 0.0339624 0.0363976 0.0217601 0.0166876 0.0176813 0.030202 0.0311302 0.025214 0.0212215 0.0224878 0.0253462 0.0184112 0.0190528 0.0169032 0.0177254 0.0287565 0.0264804 0.0225358 0.0211238 0.0155737 0.0165717 0.0209526 0.0193757 0.0163928 0.0161949 0.0142881 0.0111352 0.0131922 0.00914286 0.000387448 
0 0.0021768 0.0121362 0.0210861 0.0290016 0.0377095 0.0295942 0.0259972 0.0298706 0.0355744 0.0261076 0.0229821 0.0287368 0.0292601 0.0205388 0.0244361 0.0209203 0.0181477 0.015905 0.0239702 0.0300837 0.020553 0.0191253 0.022318 0.0213318 0.0202308 0.0186597 0.0174453 0.0176901 0.024218 0.0705972 0.0668707 0.0314905 0.0205405 0.0179679 0.014699 0.0231416 0.0343556 0.0465469 0.0310978 0.0281724 0.022576 0.0217781 0.023036 0.0257327 0.0351067 0.0419806 0.0600954 0.0385377 0.0204632 0.0189895 0.0216506 0.0205939 0.0198069 0.0141189 0.0149726 0.0195691 0.0238495 0.019285 0.0171965 0.0197361 0.0191669 0.0156397 0.0176076 0.0169405 0.0145775 0.0127539 0.00778491 0.000467105 
0 0.00340968 0.0180498 0.0244893 0.0244383 0.0287212 0.0255728 0.0225492 0.0213183 0.0231115 0.0192366 0.0264062 0.0385404 0.0340768 0.0215412 0.0227381 0.0246038 0.0208095 0.0188439 0.0220186 0.0262893 0.0306108 0.0279807 0.0250862 0.0269945 0.021692 0.0235394 0.0213147 0.0166214 0.0230706 0.0431749 0.0400711 0.0303299 0.0207216 0.0163197 0.0143438 0.0242179 0.0329864 0.0447041 0.0592037 0.0364713 0.0220461 0.0220741 0.0256064 0.0291819 0.0302966 0.0287238 0.0386155 0.0355027 0.0146434 0.0136603 0.0173572 0.0198386 0.0188643 0.0132901 0.0145934 0.0183761 0.0235794 0.0163338 0.0221288 0.0245179 0.0284184 0.0208901 0.0154192 0.01525 0.0242841 0.0199019 0.011638 0.00190493 
0 0.0040593 0.0205134 0.0248555 0.0223182 0.0237286 0.0323758 0.0219999 0.0152752 0.0119792 0.0151268 0.0248374 0.0267353 0.024373 0.0210065 0.0255006 0.0293212 0.0269186 0.0243807 0.0203433 0.0329599 0.0319658 0.0261293 0.0229469 0.0217363 0.0181535 0.0207825 0.020099 0.0152134 0.0147305 0.0194623 0.0230971 0.019538 0.0207748 0.016278 0.0186134 0.0285395 0.0446603 0.0467207 0.0624644 0.0532099 0.0296887 0.0266139 0.0302474 0.0324623 0.0231149 0.0257263 0.0136731 0.0130713 0.0150773 0.0107903 0.0170212 0.0223801 0.022574 0.0169264 0.0139624 0.0209701 0.0195267 0.019886 0.0279149 0.0293353 0.0248578 0.0186314 0.0225115 0.0203862 0.0283743 0.0296364 0.0204315 0.00392565 
0.000138666 0.00552579 0.0199536 0.0230216 0.0172171 0.0188174 0.0273704 0.0244536 0.0224152 0.0190032 0.0243929 0.0261551 0.0229796 0.0169793 0.0148401 0.0235035 0.0257258 0.0317388 0.0238158 0.01907 0.0290551 0.0247959 0.0256383 0.0156193 0.0183165 0.0223346 0.0188687 0.0198011 0.0160327 0.019318 0.0186475 0.0136615 0.0233983 0.0215939 0.0206573 0.02793 0.0389271 0.0369164 0.0369815 0.0510523 0.0359668 0.0251762 0.0337271 0.0424584 0.0332384 0.0234048 0.0223737 0.0168482 0.0152732 0.0141626 0.0175823 0.0209409 0.0197219 0.0158579 0.0184349 0.0191735 0.0212667 0.020336 0.0205026 0.0267854 0.0251713 0.0215572 0.0220188 0.0279429 0.0321423 0.0278829 0.0320359 0.020142 0.00538057 
0.000336065 0.0124521 0.0195328 0.0190444 0.00805829 0.0113248 0.0202825 0.0267793 0.0293579 0.0272134 0.0252211 0.0256778 0.0253064 0.0209753 0.0190655 0.0190375 0.021147 0.0245682 0.0232326 0.0204192 0.0197201 0.0191865 0.0244558 0.0137346 0.0155303 0.0180298 0.0207046 0.0199047 0.0179638 0.02336 0.0244769 0.0183349 0.0252918 0.0236593 0.0186659 0.0219789 0.0211006 0.0223388 0.0394458 0.0640356 0.0430699 0.0265642 0.044638 0.0551396 0.0380409 0.0184495 0.0224714 0.0238883 0.0222345 0.020284 0.0197081 0.0256886 0.0150716 0.0132008 0.0137993 0.0204732 0.0286363 0.018501 0.0173667 0.0218266 0.0225187 0.0258426 0.0257954 0.0245397 0.0299504 0.0292125 0.0228831 0.0138657 0.00246834 
0.000168137 0.0079211 0.0118934 0.00596233 0.00197221 0.00900943 0.0233769 0.0258042 0.0201927 0.0269876 0.0334911 0.0293066 0.0308877 0.0292687 0.0197835 0.0166796 0.015004 0.0148942 0.0211173 0.0191193 0.0158338 0.0161968 0.0196589 0.0144697 0.0171895 0.021073 0.0195549 0.0135549 0.0161063 0.0219593 0.0264315 0.0230756 0.0240526 0.0212423 0.0151421 0.0142905 0.0185983 0.0228295 0.0560498 0.0711263 0.0318734 0.033574 0.0602472 0.0442312 0.0304169 0.0236269 0.0277205 0.0286887 0.0299792 0.0245175 0.0190792 0.0219201 0.019624 0.0151019 0.0193352 0.0220972 0.0215424 0.0190724 0.0201473 0.0210623 0.0246962 0.0233156 0.0274273 0.0216518 0.0251757 0.0214915 0.0210946 0.0143329 0.00195975 
3.38791e-05 0.00469125 0.00679143 0.00315223 0.00114369 0.00956046 0.0194545 0.0226316 0.0249435 0.0386191 0.0343628 0.023492 0.0268179 0.0382578 0.0235906 0.013831 0.0154555 0.0175448 0.0212431 0.0198993 0.0173092 0.0224589 0.0221421 0.0182734 0.0172765 0.0200447 0.0195781 0.0190597 0.0144636 0.0159676 0.0234054 0.024532 0.022143 0.0207816 0.0167271 0.0184791 0.0189332 0.0251615 0.032589 0.0580469 0.0423474 0.0701041 0.0654257 0.0644057 0.0265114 0.0193973 0.0249892 0.0280495 0.0269052 0.0207445 0.0171347 0.0191406 0.0200571 0.0146256 0.0169711 0.0188426 0.0199359 0.0200719 0.0207193 0.0265181 0.0241463 0.0173083 0.0206733 0.0232689 0.0303338 0.021624 0.0155992 0.0133976 0.00250592 
8.18625e-06 0.00293322 0.00439754 0.000804764 0.00143218 0.0134921 0.0187576 0.0255301 0.0282578 0.0329156 0.0229156 0.019923 0.0230708 0.0347624 0.0283084 0.0323839 0.0273167 0.0221615 0.0277819 0.0288021 0.0273969 0.0218655 0.0209576 0.0192149 0.0169173 0.0177002 0.0170682 0.0153209 0.0148077 0.0162984 0.0189609 0.0262565 0.0215832 0.0191847 0.0133146 0.0185055 0.0217237 0.0445891 0.0549835 0.0759131 0.0552704 0.0505578 0.0516697 0.0509527 0.0220898 0.023326 0.0192216 0.0221641 0.0201652 0.0183341 0.0175911 0.0191462 0.0201677 0.0156154 0.0167814 0.0143356 0.0224144 0.0250274 0.0211442 0.023111 0.0211512 0.0210109 0.0211983 0.0283912 0.0230086 0.0188551 0.0163338 0.00828025 0.00306802 
0 0.000371283 0.00014673 1.65386e-05 0.00139687 0.0112196 0.0202588 0.0342648 0.0325592 0.0226688 0.0186244 0.0175662 0.0263158 0.0293946 0.0311046 0.03483 0.0275802 0.0239341 0.0261791 0.0268498 0.0314195 0.0231255 0.0192579 0.019178 0.0220925 0.0238666 0.0187033 0.0211355 0.0304902 0.025201 0.0228645 0.0251174 0.0249153 0.0235628 0.0215609 0.0241856 0.024594 0.0251775 0.0662841 0.0694394 0.0815162 0.0581247 0.0516016 0.0316519 0.0226855 0.0285191 0.0229818 0.0200479 0.0195969 0.0230004 0.0251869 0.0249351 0.0274152 0.0361457 0.0220411 0.0150002 0.0209583 0.0222971 0.0207117 0.020965 0.0195466 0.022916 0.0215792 0.0193433 0.0173777 0.0203446 0.01439 0.00612096 0.000703418 
0 0 2.26692e-05 0.000734621 0.00238683 0.0178919 0.0212403 0.0274637 0.0269149 0.0242417 0.0215559 0.0182692 0.019311 0.0273272 0.037696 0.0399423 0.0390487 0.0316781 0.0273816 0.0243789 0.0237867 0.0207374 0.0182669 0.0160109 0.0252825 0.0323376 0.0226888 0.0222845 0.0315937 0.0290364 0.0209881 0.0213358 0.0233464 0.0187103 0.0202859 0.0306637 0.0332873 0.0216854 0.0350962 0.0374242 0.0574274 0.042827 0.0306057 0.0198547 0.0227996 0.027599 0.0279066 0.0254694 0.0232492 0.0284977 0.0227056 0.0304484 0.0374738 0.0360234 0.0150941 0.0158773 0.0166955 0.0202561 0.0271975 0.0293386 0.027034 0.0229686 0.0185612 0.016069 0.0146846 0.0169479 0.00864988 0.00433981 0.000427835 
0 0 0.0008338 0.00617084 0.0106825 0.0160723 0.0202446 0.0255202 0.0268877 0.0276013 0.0264219 0.0258946 0.0189809 0.0265043 0.0295147 0.0341958 0.0384604 0.0282354 0.0335049 0.0306103 0.0236881 0.023487 0.0199487 0.0154033 0.0263689 0.0339465 0.0318255 0.0230567 0.0212187 0.0190855 0.0220355 0.0203831 0.0197951 0.0227587 0.0283835 0.0265136 0.0220423 0.0182303 0.0205368 0.0252562 0.0248928 0.0201694 0.0219446 0.019688 0.0229945 0.0269638 0.0226283 0.0215055 0.0266056 0.0290844 0.0228036 0.02451 0.0348908 0.0260826 0.0198662 0.0167426 0.013614 0.0176637 0.027883 0.0517521 0.0238206 0.0171894 0.0189542 0.0157133 0.0123262 0.0105651 0.00445468 0.00314462 0 
0 0 0.00590588 0.0210671 0.0217356 0.0216381 0.0226878 0.0260191 0.0352182 0.029092 0.0231389 0.0248801 0.0286215 0.0228764 0.0286107 0.0276366 0.0272 0.02324 0.0303678 0.0333153 0.0218887 0.0262335 0.0296149 0.0226947 0.0330899 0.0331346 0.0328087 0.0329078 0.0361958 0.0242975 0.0218026 0.0267785 0.0295819 0.0284517 0.0255128 0.0238853 0.0225241 0.0203686 0.018485 0.0156857 0.0244286 0.0222694 0.0229757 0.0177486 0.0228404 0.021066 0.0198468 0.022524 0.039618 0.0372877 0.0233711 0.0205936 0.019087 0.0189408 0.0303023 0.0190134 0.0150857 0.018199 0.025829 0.0401586 0.0265364 0.020427 0.0198693 0.0161373 0.0119343 0.0118816 0.004093 0.000442808 0 
0 0 0.00637053 0.0191844 0.0190457 0.0237683 0.0203157 0.0266124 0.0231177 0.027103 0.0246843 0.0191388 0.0178891 0.0160584 0.0225257 0.0224017 0.0177188 0.0165933 0.0131953 0.0219845 0.0267371 0.0295228 0.0266551 0.0285912 0.0300054 0.0234718 0.0269042 0.0297028 0.0334649 0.0305628 0.0191448 0.0250074 0.0186955 0.0277394 0.0233722 0.0280754 0.0312668 0.0246558 0.0155175 0.0144868 0.0188055 0.0161369 0.0171256 0.0132685 0.020436 0.0260427 0.0243319 0.023913 0.030024 0.0329349 0.02462 0.023543 0.0181783 0.0253383 0.0252731 0.0240462 0.0192894 0.0175936 0.020185 0.0210255 0.0213528 0.0256912 0.0152133 0.0213302 0.0201661 0.0125711 0.00409995 3.43603e-05 0 
0 0 0.00154937 0.00915673 0.0246646 0.0329151 0.022492 0.0247433 0.0248569 0.0300194 0.0178638 0.015903 0.0275785 0.0272517 0.0199855 0.019268 0.019167 0.0152458 0.0147134 0.0139402 0.0157302 0.0227639 0.0316641 0.0266044 0.0253171 0.0211206 0.0239924 0.0325224 0.0354894 0.02497 0.0190741 0.0284712 0.0249502 0.0270032 0.020907 0.0193624 0.0325044 0.0266936 0.0163218 0.017173 0.0160671 0.0235374 0.0231345 0.013197 0.0170827 0.0271936 0.0266585 0.0184523 0.0207669 0.0202513 0.0258703 0.020869 0.0231232 0.0233789 0.0178072 0.0224084 0.0306653 0.0238907 0.0221557 0.0199273 0.0160847 0.0252595 0.0244855 0.0272999 0.0263817 0.00845577 0.00283214 0.000234919 0 
0 0 4.30763e-06 0.00367811 0.0112796 0.0231249 0.0267688 0.0286296 0.0271004 0.0264255 0.0237568 0.0190895 0.037679 0.0408127 0.0260084 0.0183025 0.0177025 0.022461 0.0262392 0.0203683 0.0204034 0.0192009 0.023088 0.024395 0.0237018 0.0182191 0.0275067 0.0413523 0.0449889 0.0275142 0.0233657 0.0305382 0.0494809 0.0262546 0.0184779 0.013343 0.0226522 0.0305272 0.0175886 0.0176336 0.0236807 0.0304968 0.0257377 0.0228265 0.0216023 0.0259976 0.02821 0.0223737 0.0171779 0.0236193 0.0245305 0.017932 0.0242972 0.0204372 0.0247144 0.0204338 0.0311858 0.0272679 0.0295118 0.0211557 0.0169408 0.0243677 0.0229854 0.0298711 0.0225633 0.00796122 0.000569858 5.0556e-06 0 
0 0 0 0.000361778 0.00348045 0.0132885 0.0218162 0.0271017 0.0286652 0.0286687 0.0305162 0.0262756 0.0310157 0.0303552 0.0208471 0.0209666 0.0202639 0.020106 0.0228363 0.0213879 0.0240225 0.0233584 0.0212929 0.0194375 0.022008 0.026672 0.0224765 0.0281466 0.0404193 0.0337273 0.0206714 0.0252671 0.0248312 0.0304433 0.0422532 0.0177141 0.0266159 0.028527 0.0270309 0.0262874 0.0248069 0.0284644 0.0246987 0.027136 0.0239375 0.0259494 0.0243655 0.0222633 0.0273962 0.0200827 0.024654 0.0261858 0.0239969 0.0216806 0.0302779 0.0217218 0.0235266 0.0267154 0.030222 0.0258076 0.0258454 0.0275912 0.0233384 0.0328431 0.0248685 0.00926943 0.00037151 0 0 
0 0 0 0 0.00101116 0.0038948 0.0112953 0.0161747 0.0174738 0.0162865 0.0234243 0.0257121 0.0282263 0.0221625 0.023714 0.0196249 0.0229007 0.0249694 0.0189634 0.0268496 0.0276366 0.0248571 0.0231159 0.02765 0.0177779 0.0240439 0.0247396 0.0268501 0.0518858 0.0450502 0.0273848 0.0229367 0.0239335 0.0320276 0.0451042 0.0414568 0.0407617 0.0431187 0.0355829 0.0240494 0.0188367 0.0222598 0.0219316 0.0210891 0.0218438 0.0249626 0.0297209 0.0237952 0.025388 0.0203755 0.0251335 0.0292547 0.0284383 0.0279099 0.0257254 0.0232493 0.0195145 0.0181965 0.0217537 0.0241761 0.0178741 0.0236541 0.0231909 0.0257053 0.0158121 0.00544364 0.000290628 0 0 
0 0 0 0 0 0.00209816 0.00729404 0.00859574 0.00959069 0.00635067 0.00868883 0.00836643 0.0127527 0.0164706 0.0162797 0.0201458 0.029438 0.0367164 0.0232775 0.0188432 0.0263877 0.0311644 0.0289707 0.023973 0.0257059 0.0206988 0.0246982 0.0256795 0.0402262 0.0548369 0.0371386 0.0317597 0.0259264 0.0239967 0.03888 0.050784 0.0536592 0.0408749 0.0390539 0.0255054 0.0224536 0.0186114 0.0182297 0.0191882 0.0259065 0.019407 0.0192577 0.0279499 0.0270177 0.0249117 0.0312166 0.029769 0.0291669 0.0265709 0.0217486 0.0176703 0.0188019 0.0206553 0.0185779 0.0268866 0.0213401 0.0212585 0.0228973 0.0149629 0.00829959 0.00187601 0 0 0 
0 0 0 0 0 0.00250252 0.0106787 0.015381 0.0145094 0.0112181 0.00449879 0.00650731 0.00426195 0.00774754 0.00916502 0.0218728 0.0330219 0.0314504 0.0298595 0.0201747 0.0233223 0.0317229 0.0292832 0.0261038 0.0240604 0.0301849 0.0294885 0.0290669 0.0395099 0.0503951 0.0491896 0.0434778 0.0296663 0.0253583 0.0240119 0.0466916 0.0377626 0.0241118 0.025224 0.021155 0.0295808 0.0222545 0.0263068 0.0277618 0.0290221 0.0268018 0.0249532 0.0241434 0.0265009 0.0280649 0.0244277 0.0222321 0.0240927 0.0282582 0.0284458 0.0242676 0.0220703 0.0230617 0.0276445 0.0290099 0.0308569 0.0250696 0.0226692 0.0114538 0.00334787 0.000293959 0 0 0 
0 0 0 0 0 0.00292456 0.00957574 0.0111302 0.0103561 0.0114108 0.00953544 0.0117328 0.00866781 0.012186 0.0138363 0.0234641 0.0292295 0.0304433 0.026436 0.029896 0.025641 0.0324653 0.0275847 0.0179519 0.017272 0.0228524 0.0228103 0.0276608 0.0322318 0.051766 0.0459122 0.0425492 0.0251818 0.0268918 0.0261111 0.0316233 0.0288184 0.0176518 0.018433 0.021724 0.0268017 0.0298687 0.0346729 0.0274137 0.0192293 0.023851 0.0244085 0.030884 0.0275417 0.0233697 0.0247724 0.0304441 0.0305629 0.030842 0.0231501 0.0154538 0.0224481 0.0224202 0.0240939 0.0266796 0.0303999 0.0274485 0.015991 0.0072942 0.000375508 0 0 0 0 
0 0 0 0 0 1.90469e-06 0.000731963 0.000540278 0.00216019 0.0091418 0.0120305 0.0133309 0.0106919 0.0110933 0.0151566 0.026003 0.0280259 0.0286224 0.0298467 0.0303188 0.0316044 0.0361203 0.0258225 0.0202638 0.0116188 0.0211072 0.0254229 0.029733 0.0286916 0.0419643 0.0465153 0.0360215 0.0264908 0.0230594 0.0332408 0.0358242 0.0207948 0.0209854 0.0185594 0.0178602 0.0246903 0.0285266 0.0261525 0.0234252 0.0163414 0.0246526 0.0198848 0.0220241 0.0242394 0.0203679 0.0223602 0.0288107 0.0294346 0.0321843 0.0296351 0.0232213 0.0294705 0.0158121 0.0195235 0.0249789 0.0260715 0.0274491 0.0140317 0.00285272 1.41368e-05 0 0 0 0 
0 0 0 0 0 0 0 0 6.03157e-05 0.00208735 0.0144538 0.0265033 0.0224366 0.012313 0.0123289 0.0156038 0.0234022 0.0239582 0.027564 0.0601987 0.0412641 0.026905 0.0170436 0.0134634 0.00716476 0.0190554 0.0287373 0.0266825 0.0246537 0.0304028 0.03924 0.0370166 0.0276757 0.0329261 0.037985 0.0277374 0.0223793 0.0201944 0.0195631 0.0161524 0.0206809 0.0269054 0.0206626 0.022536 0.0201574 0.0271679 0.0261999 0.0226495 0.0285428 0.0315072 0.0215486 0.0135785 0.0174566 0.0211233 0.0209992 0.0183434 0.0211826 0.0115078 0.00909227 0.0165895 0.0164444 0.017606 0.00628845 0.000287163 0 0 0 0 0 
0 0 0 0 0 0 0 0 0 0.00191811 0.0186353 0.0307732 0.0225142 0.0105051 0.013139 0.0114193 0.0171725 0.0243368 0.0306103 0.0465071 0.0336758 0.0238024 0.019559 0.0270566 0.0146395 0.019644 0.0261611 0.0229128 0.026318 0.0304805 0.0288455 0.0246311 0.0344719 0.0554582 0.0468632 0.0270762 0.0179707 0.0137687 0.0125702 0.0116376 0.0149915 0.0204324 0.0164117 0.023601 0.025449 0.0257361 0.0163667 0.0153091 0.0198086 0.018879 0.0247527 0.0137956 0.00657651 0.00566995 0.0100751 0.00782061 0.006574 0.0033536 0.00197114 0.00650023 0.00479564 0.0114231 0.00207692 0 0 0 0 0 0 
0 0 0 0 0 0 0 0 0 0.00172642 0.0157797 0.0218276 0.0164186 0.0131527 0.0136399 0.0137121 0.0222675 0.0223892 0.0304147 0.0320087 0.0252255 0.0256667 0.0276711 0.0283626 0.0179264 0.0218058 0.0208598 0.0216767 0.0216319 0.0251516 0.0285394 0.0349516 0.0622764 0.0721592 0.0511982 0.0210573 0.0149712 0.00712436 0.00692332 0.00818489 0.0184709 0.0176231 0.0137626 0.0236074 0.0214434 0.0186993 0.0119053 0.0164584 0.0126788 0.0164117 0.0217098 0.0200394 0.0162743 0.00726699 0.00545682 0.00580596 0.00509567 0.00633164 0.00208888 0.00401292 0.00233829 0.00142601 9.28267e-05 0 0 0 0 0 0 
0 0 0 0 0 0 0 0 0 0.000356138 0.0078054 0.0114939 0.00921927 0.0136551 0.020505 0.019702 0.0338649 0.0256248 0.0280473 0.0233114 0.022181 0.0307934 0.031908 0.0238473 0.0197537 0.0139788 0.0125262 0.0211037 0.0183955 0.0231788 0.0514552 0.0669157 0.0657256 0.0577483 0.0373197 0.0255877 0.0130468 0.00545495 0.00736581 0.00894447 0.012507 0.0173521 0.0166473 0.0220013 0.0251163 0.0224449 0.0230891 0.0237309 0.0206822 0.0231397 0.0270649 0.0214234 0.0157073 0.013738 0.0115085 0.0107307 0.0138849 0.0176189 0.00573958 3.64343e-05 2.7919e-06 0 0 0 0 0 0 0 0 
0 0 0 0 0 0 0 0 0 0 0.000194431 0.000879423 0.000140384 0.00676503 0.0222107 0.0217218 0.0251209 0.0219272 0.0169153 0.0118749 0.0245905 0.0291328 0.0323451 0.020165 0.0194688 0.0215777 0.0153383 0.0201017 0.0267708 0.0367973 0.0422819 0.0309412 0.0244124 0.0274318 0.0286371 0.0212488 0.0141857 0.0112865 0.005837 0.00722597 0.00693086 0.012991 0.0172319 0.0171465 0.0164815 0.0131402 0.0208469 0.0233946 0.0178742 0.0240116 0.0299397 0.0187671 0.0170455 0.0226625 0.0173685 0.015845 0.0195847 0.0164063 0.00452528 0 0 0 0 0 0 0 0 0 0 
0 0 0 0 0 0 0 0 0 0 0 0 0 0.0016805 0.0145995 0.0245791 0.0271614 0.0179897 0.0161219 0.0165889 0.0234494 0.0291013 0.0370915 0.0247827 0.0204223 0.0393247 0.0213238 0.0135026 0.0346554 0.0511924 0.025266 0.016618 0.016612 0.0194007 0.0177086 0.0184161 0.0256072 0.0125572 0.00465693 0.00667913 0.00468052 0.00841323 0.0162011 0.0182518 0.0163276 0.0165101 0.0205052 0.02147 0.0242289 0.0470634 0.0401313 0.0163379 0.00678126 0.00597805 0.0102777 0.012143 0.0149221 0.00778536 0.000911533 0 0 0 0 0 0 0 0 0 0 
0 0 0 0 0 0 0 0 0 0 0 0 0 0.00413557 0.0171554 0.0246906 0.0331656 0.0252554 0.0353812 0.0284053 0.0189131 0.0219118 0.0288235 0.0238716 0.0189459 0.0334357 0.0313365 0.0213205 0.0436145 0.0535151 0.0335554 0.0137647 0.0124061 0.019172 0.0240814 0.0191668 0.018073 0.011515 0.0101878 0.0148648 0.0151232 0.00905868 0.0163419 0.0182096 0.0154388 0.017707 0.0174545 0.0192345 0.0309908 0.0636821 0.0619737 0.0417653 0.00580171 0.000818435 0.00293751 0.00653832 0.00808964 0.00274143 9.9512e-06 0 0 0 0 0 0 0 0 0 0 
0 0 0 0 0 0 0 0 0 0 0 0 0 0.00334395 0.0135708 0.0204056 0.0149433 0.0174942 0.0344084 0.0314144 0.0218873 0.0258604 0.0285029 0.0241614 0.0251593 0.0268034 0.0401217 0.0545218 0.0710149 0.0578113 0.0318679 0.0212515 0.0138289 0.0115254 0.0194704 0.0191559 0.0176573 0.0100694 0.00900266 0.016288 0.0150906 0.00965789 0.0205529 0.0231616 0.0211313 0.0215668 0.0186284 0.0183399 0.025725 0.03475 0.0393746 0.0353138 0.0130675 0.00166944 7.39311e-05 0.00193814 0.00108573 0.000128031 0 0 0 0 0 0 0 0 0 0 0 
0 0 0 0 0 0 0 0 0 0 0 0 0 3.55419e-05 0.00186299 0.00337698 0.00301654 0.0107837 0.0257151 0.0288973 0.0191317 0.030879 0.0351036 0.0375875 0.0297513 0.0329081 0.0558117 0.0546121 0.0524587 0.0352152 0.0271278 0.0310675 0.0184506 0.00736811 0.0104111 0.0153597 0.0150812 0.00466172 0.0100751 0.0227303 0.0140758 0.0122863 0.0173886 0.0194161 0.0194626 0.0189906 0.0331246 0.0315502 0.0293138 0.0230932 0.0234174 0.0185642 0.00576165 0.000503739 0 0 0 0 0 0 0 0 0 0 0 0 0 0 0 
0 0 0 0 0 0 0 0 0 0 0 0 0 0 0 7.01925e-06 0.000542604 0.00496801 0.0155257 0.00937937 0.014163 0.0313281 0.0382192 0.0293614 0.02378 0.0285232 0.0351405 0.0299137 0.0315711 0.0314019 0.0273796 0.0264284 0.0268287 0.0290783 0.0225336 0.0181212 0.00874575 0.00352322 0.0110648 0.0187917 0.0192175 0.02029 0.0193486 0.0216852 0.0172196 0.0206621 0.0285215 0.0256427 0.0137882 0.010408 0.0120659 0.00759778 0.00121325 0.000112371 0 0 0 0 0 0 0 0 0 0 0 0 0 0 0 
0 0 0 0 0 0 0 0 0 0 0 0 0 0 0 0 0 0 0.000616151 0.000617744 0.00638652 0.020029 0.0278026 0.0299083 0.0240634 0.0145892 0.0118068 0.0131803 0.0225913 0.0262593 0.0218834 0.0144725 0.0214637 0.0368232 0.0279941 0.0205598 0.0117663 0.0114362 0.0159161 0.0134288 0.0111891 0.0292548 0.0371172 0.0378631 0.0190718 0.0183224 0.0187729 0.00985542 0.00228147 0.000250628 0.00122361 0.00323334 0.000166633 0 0 0 0 0 0 0 0 0 0 0 0 0 0 0 0 
0 0 0 0 0 0 0 0 0 0 0 0 0 0 0 0 0 0 0 0.000281025 0.00271867 0.0119048 0.0266262 0.0258219 0.0245138 0.0191953 0.0149607 0.0165621 0.014407 0.0201172 0.0182897 0.0205066 0.0152565 0.0123542 0.0131676 0.0161011 0.0149721 0.0186639 0.0213531 0.0147478 0.00651006 0.0313833 0.0482444 0.0361466 0.0118104 0.00896864 0.00325849 0.00111334 0.000156231 0.000157316 0.000578083 9.00678e-05 0 0 0 0 0 0 0 0 0 0 0 0 0 0 0 0 0 
0 0 0 0 0 0 0 0 0 0 0 0 0 0 0 0 0 0 0 0 0.000205212 0.00462906 0.00488738 0.0163659 0.0262972 0.0169236 0.0141699 0.0176102 0.0206225 0.0289962 0.0247093 0.0275754 0.0156933 0.0113869 0.00730421 0.00855072 0.0138027 0.0194268 0.0235377 0.0161125 0.00454959 0.014648 0.0346603 0.0235015 0.00921025 0.00437279 7.94727e-05 0 0 0 0 0 0 0 0 0 0 0 0 0 0 0 0 0 0 0 0 0 0 
0 0 0 0 0 0 0 0 0 0 0 0 0 0 0 0 0 0 0 0 0 0 7.10424e-05 0.00252787 0.00507117 0.0038423 0.00443731 0.01189 0.0197652 0.0189627 0.013056 0.0103931 0.00804688 0.00717983 0.00796166 0.00421702 0.00298727 0.00502763 0.00326414 0.00254942 0.00149843 0.00556819 0.0113314 0.00698671 0.00438207 0.00173151 0 0 0 0 0 0 0 0 0 0 0 0 0 0 0 0 0 0 0 0 0 0 0 
0 0 0 0 0 0 0 0 0 0 0 0 0 0 0 0 0 0 0 0 0 0 0 0 0 6.41319e-05 0.000203183 0.00271715 0.00396189 0.00200763 0.000966548 0.000323609 0.000113119 0.000300636 0.000920319 0.000174095 1.15994e-07 0.00029153 0.000390167 1.26451e-05 2.55372e-05 7.38831e-05 0.000509573 0.000336366 3.15979e-05 0 0 0 0 0 0 0 0 0 0 0 0 0 0 0 0 0 0 0 0 0 0 0 0 

