0 0 0 0 0 0 0 0 0 0 0 0 0 0 0 0 0 0 0 0 0 0 0 0 0 0 0 0 0 0 1.16887e-05 8.95629e-07 0 0 3.56949e-06 0.000284583 0.000249834 8.36991e-05 4.78414e-05 3.9517e-06 0 0 0 0 0 0 0 0 0 0 0 0 0 0 0 0 0 0 0 0 0 0 0 0 0 0 0 0 0 
0 0 0 0 0 0 0 0 0 0 0 0 0 0 0 0 0 0 0 0 0 0 0 0 0 9.80717e-05 0.000950204 0.002429 0.00261592 0.00530663 0.00603517 0.00328803 0.000423468 6.82073e-06 0.00325308 0.00925311 0.0106371 0.00748274 0.00459033 0.00281729 0.000291767 4.65766e-05 0 0 0 0 0 0 0 0 0 0 0 0 0 0 0 0 0 0 0 0 0 0 0 0 0 0 0 
0 0 0 0 0 0 0 0 0 0 0 0 0 0 0 0 0 0 0 0 0 0 0.000192786 0.0012945 0.0024078 0.00526299 0.00995132 0.0149368 0.014507 0.0176101 0.0206145 0.0255481 0.00485771 0.0022796 0.0119325 0.0216273 0.02294 0.018828 0.0162236 0.0127983 0.00243092 0.00233032 0.000606892 0.00246852 0.00382151 0.00238232 0.000408697 7.23041e-06 0 0 0 0 0 0 0 0 0 0 0 0 0 0 0 0 0 0 0 0 0 
0 0 0 0 0 0 0 0 0 0 0 0 0 0 0 0 0 0 0 7.87563e-05 0.00081529 0.00275483 0.00589597 0.0085336 0.0119481 0.0153464 0.0168581 0.0242039 0.0162832 0.0230587 0.0263926 0.0262512 0.0136889 0.0079112 0.0135933 0.0245971 0.0267926 0.0279488 0.0178123 0.0184479 0.00870149 0.010618 0.00775717 0.0127808 0.0128939 0.0110977 0.00538152 0.00369542 0.000636999 0 0 0 0 0 0 0 0 0 0 0 0 0 0 0 0 0 0 0 0 
0 0 0 0 0 0 0 0 0 0 0 0 0 0 0 0 0 0 0 0.00590923 0.0157761 0.00964406 0.0159586 0.0185331 0.021504 0.0185792 0.0216237 0.0247932 0.0139959 0.0361259 0.031018 0.0178897 0.0200584 0.02452 0.0177587 0.0182891 0.0219765 0.0275404 0.0226206 0.0194643 0.00922475 0.0116112 0.0156543 0.0236859 0.0225647 0.0184724 0.0151952 0.0123303 0.00173981 0.000600617 0.000855144 1.32914e-05 0 0 0 0 0 0 0 0 0 0 0 0 0 0 0 0 0 
0 0 0 0 0 0 0 0 0 0 0 0 0 0 0 0 3.04989e-06 3.9473e-06 2.39973e-05 0.0046781 0.00923898 0.00869124 0.0134733 0.0192145 0.0264853 0.0194069 0.0125083 0.0190424 0.0185174 0.035429 0.0215379 0.0202015 0.0185656 0.019787 0.0184047 0.0187758 0.0166435 0.0208065 0.0194694 0.0159534 0.00908734 0.0141715 0.0210282 0.0389916 0.0456939 0.0236038 0.0165316 0.015336 0.0105354 0.0131503 0.00784599 0.00157654 0.000351799 3.36871e-05 0 0 0 0 0 0 0 0 0 0 0 0 0 0 0 
0 0 0 0 0 0 0 0 0 0 0 0 0 0 0 0.000280221 0.00361214 0.00348611 0.00201486 0.00298374 0.00915112 0.0149892 0.0199131 0.0170103 0.0250904 0.0219652 0.0172753 0.0219754 0.023109 0.0266827 0.0215165 0.0164838 0.0161163 0.0128267 0.0151903 0.0183413 0.0204758 0.0206729 0.0175386 0.0253373 0.012049 0.013349 0.0173267 0.0323658 0.0411566 0.0221539 0.0195114 0.0166622 0.0162545 0.0178457 0.0204701 0.0126224 0.00701088 0.00288256 0 0 0 0 0 0 0 0 0 0 0 0 0 0 0 
0 0 0 0 0 0 0 0 0 0 0 0 0 2.00764e-05 0.00298257 0.00743341 0.01277 0.0163725 0.0121049 0.0111924 0.0184282 0.0310613 0.0381997 0.0330574 0.0201622 0.0205624 0.0260648 0.0245867 0.0243523 0.0236636 0.0194353 0.0210697 0.025696 0.0194913 0.0204467 0.0216873 0.0251389 0.0308063 0.0193865 0.0149948 0.0171298 0.015686 0.0182642 0.0223046 0.0301933 0.0185993 0.0157399 0.0202212 0.0181273 0.0188312 0.0159631 0.0156122 0.0117181 0.00390021 0.000418526 0 0 0 0 0 0 0 0 0 0 0 0 0 0 
0 0 0 0 0 0 0 0 0 0 0 0 6.87352e-05 0.00314023 0.0162247 0.0295288 0.0315511 0.0269465 0.0213368 0.0239765 0.0270241 0.0222968 0.0193842 0.0197219 0.0174967 0.0213919 0.024903 0.0271583 0.0229807 0.0183589 0.0159806 0.0181157 0.0224648 0.0246262 0.0278848 0.0331149 0.0294844 0.0262593 0.0228156 0.0199306 0.0128665 0.0125267 0.018419 0.0230121 0.018859 0.019007 0.0173773 0.0161282 0.0169448 0.0235503 0.0237189 0.0238538 0.0127066 0.00531893 0.00188604 0.000111426 0.000200444 5.67905e-05 0 0 0 0 0 0 0 0 0 0 0 
0 0 0 0 0 0 0 0 0 0 0 0 0.00196434 0.0127439 0.0227013 0.0301622 0.0314785 0.0265388 0.0240852 0.0302323 0.0256132 0.0344313 0.0232366 0.0232048 0.0258594 0.0257428 0.0286583 0.0238282 0.0174008 0.0104487 0.0103891 0.0146008 0.0199536 0.0453532 0.0313684 0.0271534 0.0299404 0.0284486 0.0239296 0.0159629 0.0107842 0.0106721 0.0205325 0.0254405 0.0207437 0.0201525 0.0209908 0.0149252 0.0176086 0.0238274 0.0391205 0.0369221 0.0206021 0.0123341 0.00456216 0.00506773 0.00495201 0.00371939 0.00112478 0 0 0 0 0 0 0 0 0 0 
0 0 0 0 0 0 0 0 0 0 4.7497e-05 0.00111221 0.00745295 0.0135435 0.0159315 0.0245819 0.0301083 0.0279556 0.0318159 0.0369506 0.0309929 0.0336263 0.0249096 0.0188407 0.0260296 0.0307225 0.0382209 0.0238231 0.0189445 0.0128543 0.014461 0.0163167 0.0200832 0.0396937 0.0274888 0.0245949 0.029924 0.0318185 0.0476945 0.0136024 0.00518483 0.00727131 0.0138818 0.0177323 0.0159438 0.0144613 0.0161706 0.0171137 0.0230697 0.0246342 0.0382947 0.0312322 0.0217006 0.0182695 0.0112066 0.0117651 0.0156893 0.0159876 0.00716919 0.000308572 0 0 0 0 0 0 0 0 0 
0 0 0 0 0 0 0 0 0 9.73577e-05 0.000544075 0.00553536 0.0125157 0.0186213 0.0219641 0.0225133 0.0252048 0.0270446 0.0375224 0.045757 0.0271703 0.0256396 0.0243486 0.0180077 0.0238826 0.028245 0.0306393 0.0266329 0.0262756 0.0263468 0.0230099 0.0255745 0.025691 0.0309594 0.0309416 0.023368 0.0218805 0.0178735 0.0312833 0.0254769 0.00625305 0.00560043 0.0116206 0.0161204 0.0104825 0.0108976 0.0194075 0.0193914 0.0181468 0.0223633 0.025344 0.0231662 0.018443 0.015502 0.0142944 0.0171897 0.019087 0.0231372 0.0156593 0.0037231 0.000217039 0 0 0 0 0 0 0 0 
0 0 0 0 0 0 0 0 0 0.00251906 0.0066434 0.0103982 0.0122611 0.0170718 0.0273934 0.0288633 0.0297752 0.0221756 0.0280534 0.0266019 0.0238872 0.0217472 0.0171217 0.0239993 0.0260009 0.0369785 0.0361076 0.0236044 0.0278709 0.0319407 0.0288046 0.0244654 0.0258776 0.0358879 0.0294248 0.022547 0.0185745 0.0257362 0.0421818 0.0480535 0.0168755 0.0100193 0.0115148 0.0161065 0.0122933 0.0214711 0.0313224 0.0231607 0.0185921 0.023703 0.0242027 0.0232333 0.0192087 0.0211269 0.0176482 0.0225009 0.0240128 0.0183246 0.0150133 0.00458349 0.000568515 0 0 0 0 0 0 0 0 
0 0 0 0 0 0 0 4.20333e-05 0.00182073 0.0181121 0.0182023 0.015971 0.0109674 0.016525 0.021507 0.026567 0.0225725 0.0165981 0.0162384 0.0153113 0.0178783 0.0174795 0.0154126 0.0245784 0.0246725 0.0254894 0.0227429 0.0211042 0.0279584 0.0341983 0.0266995 0.0281645 0.0267857 0.0290628 0.0259097 0.0221282 0.0178459 0.0196118 0.0234815 0.0451768 0.0242402 0.0148134 0.0149939 0.0188336 0.0177166 0.02553 0.0248899 0.0193388 0.0167455 0.015631 0.0209424 0.0200496 0.0183037 0.0217774 0.0187419 0.0200238 0.0156164 0.018559 0.0160755 0.00695339 0.00028478 0 0 0 0 0 0 0 0 
0 0 0 0 0 0 0 0.000558965 0.00721779 0.0242125 0.0160025 0.0185795 0.0108935 0.010271 0.0159795 0.0197416 0.0197574 0.0160405 0.0184257 0.0204957 0.0188842 0.0129577 0.0157851 0.0209654 0.0227074 0.0240982 0.0190274 0.0169287 0.0237193 0.0304544 0.0266867 0.03027 0.0272504 0.0226442 0.0247233 0.0225557 0.0196952 0.0253313 0.0184574 0.0214395 0.0172761 0.0131392 0.0167013 0.0174209 0.0207754 0.0222847 0.0299099 0.0205159 0.0185026 0.0163425 0.0176984 0.0205707 0.0223914 0.0178337 0.0166515 0.0192496 0.0133188 0.0152062 0.0183381 0.00760751 0.0011975 0.00147861 0.00108412 0 0 0 0 0 0 
0 0 0 0 0 0 0.0010334 0.00223075 0.00306275 0.0131193 0.0202317 0.0147323 0.0127332 0.0109261 0.0113478 0.0114949 0.0129451 0.0175062 0.0196349 0.0247419 0.0174988 0.0151131 0.0189076 0.017276 0.0175634 0.0186606 0.016105 0.018769 0.0207918 0.0224426 0.0250367 0.0217491 0.0236201 0.0259096 0.0249472 0.0262187 0.0220353 0.0270124 0.0258626 0.0172537 0.0217465 0.0211326 0.0229767 0.0214016 0.0177505 0.0227826 0.0286322 0.0208696 0.0164679 0.0228092 0.0199486 0.0124381 0.0183822 0.0120736 0.0143718 0.0147723 0.016712 0.0145928 0.0183981 0.0131318 0.0116348 0.0104803 0.00729986 0.000253546 0 0 0 0 0 
0 0 0 0 0 0 0.00266532 0.00395552 0.00317864 0.0122509 0.0246343 0.0188867 0.0126756 0.00969413 0.00812438 0.0151198 0.0190477 0.01677 0.0298023 0.029248 0.0186748 0.0129081 0.0166122 0.0166939 0.0181909 0.0123718 0.00976394 0.0177306 0.0189599 0.0178426 0.024656 0.0183503 0.0233122 0.0289151 0.0213873 0.027753 0.018351 0.021708 0.0272833 0.0179792 0.0214185 0.0255046 0.0283651 0.0244883 0.0210787 0.0159925 0.0176799 0.0208932 0.019551 0.0218565 0.0158064 0.0122494 0.0145713 0.0189941 0.0139345 0.0116778 0.0143794 0.0177761 0.0211817 0.0131464 0.0135585 0.010795 0.00633236 0.00112058 0 0 0 0 0 
0 0 0 0 0 0 0.000152126 0.00152637 0.0079652 0.017174 0.0223532 0.014618 0.0203008 0.0148393 0.0121956 0.0142086 0.0157216 0.0167035 0.0224265 0.0238066 0.0172807 0.0110027 0.00998117 0.0137167 0.01999 0.0140516 0.0117949 0.0185649 0.0214696 0.021438 0.0226475 0.0167012 0.0176948 0.0249624 0.0240063 0.0228188 0.0219108 0.0236218 0.0307974 0.0292827 0.0198782 0.0212617 0.0228622 0.017991 0.0148108 0.0152256 0.0131678 0.0173455 0.0170731 0.0172088 0.0139963 0.0153396 0.0149313 0.0193172 0.022762 0.0199372 0.0106581 0.0143803 0.0117114 0.0104606 0.0109597 0.0101425 0.00997334 0.002717 0 0 0 0 0 
0 0 0 0 0 0 0.00113253 0.00399361 0.0119969 0.0164465 0.0158447 0.0131858 0.0142264 0.0118827 0.0125817 0.0177732 0.0173983 0.0123857 0.0165816 0.0173379 0.0144386 0.0113693 0.0099721 0.0107073 0.0154251 0.0157262 0.0192053 0.0281437 0.0275202 0.0250141 0.0240722 0.018451 0.0240578 0.0276143 0.027035 0.0136083 0.0155059 0.0201112 0.0223337 0.0234963 0.0222798 0.0190004 0.026217 0.0200209 0.0135626 0.0199363 0.0156618 0.0190367 0.0236166 0.0212048 0.0133347 0.0182755 0.0175968 0.0181299 0.0266764 0.0281234 0.0190932 0.016738 0.0217067 0.015886 0.0127498 0.0102076 0.0112234 0.00396578 0 0 0 0 0 
0 0 0 0 0 0.000704812 0.00256664 0.00924618 0.0102719 0.00948502 0.010876 0.0100613 0.0117819 0.0094741 0.0204182 0.0294673 0.0244301 0.017198 0.0161487 0.0150807 0.0117637 0.0143459 0.018696 0.0171809 0.0152472 0.0123806 0.0209519 0.0233914 0.0273705 0.0253947 0.0230038 0.0240851 0.0262983 0.0249172 0.0200364 0.0145068 0.0168097 0.0162697 0.0151119 0.0188682 0.0213757 0.0236432 0.0188999 0.0160094 0.0140042 0.0177177 0.0155572 0.0186473 0.0206438 0.0157231 0.0165402 0.020447 0.0153674 0.0133314 0.0233958 0.0237407 0.0208702 0.0222606 0.0212437 0.0194983 0.0145111 0.00796793 0.00800451 0.000948022 0 0 0 0 0 
0 0 0 0 0.00015164 0.0067989 0.0208864 0.0151657 0.0150361 0.00953244 0.00460769 0.00763002 0.00738485 0.00620317 0.0111024 0.0232104 0.0175873 0.0136285 0.0157489 0.0231862 0.0191286 0.017255 0.021291 0.0209168 0.0151583 0.0123513 0.0165186 0.0191639 0.0222951 0.0183575 0.0134086 0.0217444 0.032286 0.0236524 0.0164495 0.0203158 0.0169517 0.0224696 0.0248766 0.0173554 0.0218232 0.0246984 0.0185231 0.0168564 0.0153398 0.0183049 0.0158999 0.0171315 0.0150344 0.0137277 0.0162636 0.0174478 0.0126274 0.0120168 0.0189391 0.0198965 0.0213443 0.0304149 0.0308722 0.017245 0.0133819 0.0111319 0.0145398 0.0043703 0.002891 0.00271048 0.000543278 0 0 
0 0 0 0 0.000567397 0.0110252 0.0213556 0.0198352 0.0140102 0.00887928 0.00679167 0.00899273 0.0077678 0.0102623 0.0122119 0.0174206 0.0158684 0.0174018 0.0167051 0.0179797 0.0273037 0.02062 0.0161437 0.0153996 0.0145074 0.0133966 0.0150847 0.0188719 0.0244122 0.0269951 0.0253447 0.0277102 0.0337958 0.024413 0.0183476 0.0209482 0.0202948 0.02075 0.0171738 0.0190101 0.0260371 0.0243285 0.0213679 0.0224485 0.0163521 0.0168528 0.0173827 0.0167096 0.0165881 0.0202013 0.019793 0.020052 0.0137315 0.0194268 0.0183418 0.0217832 0.0211241 0.0246635 0.0234756 0.0189597 0.0134994 0.00977152 0.013423 0.0106142 0.0100846 0.0102192 0.00296054 0 0 
0 0 0 0 0.000561565 0.00877887 0.013409 0.0138663 0.0102249 0.0131446 0.00890569 0.00482692 0.0036154 0.00733782 0.00995462 0.0193184 0.018093 0.0194042 0.0181702 0.0199493 0.0290561 0.0197272 0.00973605 0.0170402 0.0123204 0.0144471 0.017817 0.0250375 0.0253075 0.0255661 0.0296377 0.0279419 0.0215468 0.0197493 0.0235804 0.0212993 0.0192315 0.0217448 0.0241159 0.0284118 0.0191547 0.0175594 0.0187574 0.0162216 0.0206549 0.0193839 0.0271322 0.0229058 0.0197949 0.0203216 0.0181878 0.0214661 0.0165212 0.0136798 0.0182775 0.0227902 0.0202886 0.0249816 0.0282597 0.015755 0.0102111 0.0101862 0.0106395 0.00834051 0.009523 0.00955757 0.00219529 7.08837e-05 0 
0 0 6.7085e-05 0.000529076 0.00190942 0.00384123 0.00649617 0.00584943 0.0118979 0.0137331 0.0124009 0.0108266 0.00409138 0.00897414 0.015169 0.0246389 0.0222732 0.0294857 0.024558 0.0223282 0.0283294 0.0148953 0.0109783 0.0117126 0.00959489 0.0176513 0.0286461 0.0270984 0.0258432 0.0246131 0.0195653 0.0191275 0.019336 0.0230945 0.0207978 0.0147197 0.0151612 0.0248289 0.023586 0.0273298 0.0242255 0.0212456 0.0209832 0.0227561 0.0234259 0.0205437 0.0278074 0.0236231 0.0168271 0.0165327 0.0217276 0.0267399 0.0207141 0.0158063 0.0131047 0.0226972 0.022692 0.026126 0.0223158 0.0154181 0.00868101 0.0181371 0.0106715 0.00583336 0.0074336 0.00583611 0.00107028 0.000344849 0 
0 2.68706e-06 0.00400313 0.008126 0.00927876 0.00706957 0.0059959 0.00302688 0.00682739 0.0150343 0.0169676 0.0183643 0.00635546 0.00985664 0.0192958 0.0218309 0.0245076 0.0297862 0.0241891 0.0293432 0.0245447 0.0227095 0.0200026 0.014774 0.0132817 0.0219563 0.0242102 0.032881 0.0265177 0.0207006 0.0175748 0.0183644 0.0202983 0.0220022 0.0224427 0.021299 0.0184208 0.0234875 0.0209205 0.0203644 0.0238361 0.0175122 0.0181284 0.0193022 0.0228015 0.0242267 0.0247889 0.0249708 0.0202925 0.0177471 0.0183757 0.0253796 0.0225579 0.0223021 0.0215573 0.0200346 0.0204528 0.0233805 0.0228375 0.0151669 0.00972908 0.0107813 0.00602342 0.00567616 0.0062955 0.00473147 0.00138027 6.92225e-05 0 
0 3.3577e-06 0.00636802 0.0135928 0.0121861 0.00714925 0.00662266 0.00796421 0.0129794 0.0140723 0.0158155 0.0154476 0.0108139 0.0149088 0.0165695 0.0214155 0.0195961 0.0268425 0.0309042 0.0282016 0.0207604 0.0190173 0.0189338 0.021079 0.0242553 0.0312551 0.0230691 0.0207306 0.0203548 0.0164859 0.0208469 0.0205372 0.0274792 0.0266196 0.0242124 0.0180606 0.0208827 0.0214191 0.0180844 0.0218188 0.0222659 0.0150838 0.0170062 0.016827 0.0187829 0.022241 0.025069 0.0259087 0.023522 0.0216454 0.0154811 0.0146797 0.0260752 0.0296027 0.0264598 0.0215926 0.0235913 0.0215672 0.0200663 0.0126091 0.00746725 0.00667393 0.00555193 0.00337552 0.0047904 0.00849469 0.00320351 0.000454942 0 
0 0.00019281 0.00521669 0.00908642 0.0125998 0.00848636 0.0105343 0.0139717 0.0158271 0.0110963 0.0136209 0.0129867 0.0191664 0.0281259 0.024741 0.0219182 0.0177489 0.0233082 0.0245367 0.0356282 0.0335043 0.0205235 0.018732 0.0244011 0.0194546 0.0304561 0.0274125 0.0190407 0.01963 0.0158831 0.0168661 0.0228679 0.0234557 0.0187669 0.026283 0.0274674 0.0209826 0.0222043 0.0201382 0.0233586 0.0181615 0.0192232 0.0216812 0.0161361 0.0150869 0.0204045 0.019236 0.0240784 0.0239768 0.0202506 0.0202169 0.0181578 0.0224659 0.0189012 0.0243733 0.0194063 0.0230052 0.0263691 0.023148 0.0131767 0.0119457 0.0107901 0.00699994 0.0047718 0.0103525 0.0131418 0.00612614 0.000347844 0 
0 0.000957274 0.00386345 0.00308872 0.00981221 0.0115424 0.00915075 0.0146721 0.0184043 0.013649 0.0129568 0.00922005 0.0204344 0.0213776 0.0247053 0.0174576 0.0190802 0.0217682 0.0195964 0.018612 0.0218253 0.0226289 0.0267042 0.0349657 0.0300754 0.0289504 0.0271535 0.0220748 0.0188551 0.0156247 0.0190111 0.0184584 0.0184778 0.0131083 0.0332424 0.0342348 0.0223823 0.0199799 0.0226065 0.0216422 0.0155296 0.020102 0.0220766 0.0166802 0.0238075 0.0257354 0.0214564 0.0217312 0.023519 0.0212028 0.0199209 0.0184785 0.0179538 0.0162219 0.0190145 0.0192611 0.019035 0.0234583 0.0206819 0.0166715 0.0119402 0.0107466 0.0111945 0.00475424 0.0130387 0.0129422 0.0104801 0.00250896 0.000169238 
0 8.54522e-05 0.00263718 0.00472377 0.00470119 0.00618491 0.00924905 0.010668 0.0185693 0.013979 0.00908494 0.00983398 0.0162503 0.0176466 0.0218062 0.0144874 0.0181533 0.0270663 0.02509 0.0219651 0.0143254 0.0173579 0.0247305 0.0299516 0.0287084 0.0282291 0.0301747 0.0258285 0.0242067 0.0124838 0.0143166 0.0210588 0.019434 0.0182224 0.0193936 0.0323168 0.0253315 0.0250002 0.0218718 0.0219311 0.0198176 0.0219615 0.0265173 0.0206351 0.0280268 0.0227568 0.0204832 0.0259388 0.027728 0.0244557 0.0177322 0.0146711 0.0220718 0.0236629 0.0229737 0.0192181 0.0177249 0.0136807 0.0198075 0.0190132 0.0168161 0.00953377 0.0095594 0.00624377 0.0138559 0.015518 0.0140376 0.00885449 0.00136263 
0 0 0.000268967 0.00144271 0.000421461 0.000590348 0.00543158 0.0129385 0.0164283 0.0106641 0.00933099 0.00923172 0.0188518 0.0223501 0.0245267 0.0210557 0.0210418 0.0220161 0.0172134 0.018857 0.0128748 0.012877 0.0200213 0.0225961 0.0309173 0.0295377 0.0315659 0.0315665 0.026021 0.013045 0.0138753 0.019261 0.0219041 0.0304911 0.0170503 0.0205357 0.0258635 0.0236499 0.0199487 0.0181353 0.018167 0.0204391 0.0214979 0.0181332 0.024944 0.0210351 0.0184365 0.0240255 0.0241076 0.0183056 0.0148843 0.0171646 0.0234191 0.026828 0.0269982 0.0182261 0.015247 0.0176746 0.0205253 0.0191615 0.0191813 0.00855852 0.00589772 0.00344303 0.00695792 0.0175267 0.0159597 0.00854289 0.00155206 
0 0 0 0 0 0 0.00420601 0.0110269 0.0194983 0.0105292 0.00780759 0.00990298 0.0175624 0.0264524 0.0345225 0.0303037 0.0194021 0.0152795 0.0177949 0.0187662 0.016213 0.0153291 0.0219974 0.0184458 0.0294952 0.0265127 0.0241468 0.0376249 0.0291713 0.0118651 0.0176007 0.019358 0.0155923 0.0206619 0.0149606 0.0214467 0.0239341 0.0195589 0.0162481 0.0174269 0.0136091 0.0207027 0.0266987 0.0181289 0.0158382 0.0234622 0.0237663 0.0219619 0.0190742 0.0172919 0.0156293 0.0154538 0.0172807 0.0243403 0.0228604 0.0209842 0.0171947 0.0243661 0.0211023 0.0129528 0.00977725 0.00624452 0.00267122 0.0030995 0.00884801 0.0103261 0.00884151 0.00386711 0.000371518 
0 0 9.01141e-05 0.000404705 0.000823762 0.00266275 0.00525278 0.0107024 0.0125093 0.00754713 0.0073483 0.00841174 0.0130155 0.0281586 0.0354449 0.0210504 0.0183081 0.0111747 0.01265 0.0148885 0.0146972 0.0147289 0.0207776 0.0186512 0.0259254 0.0226175 0.0299939 0.0321191 0.0163149 0.0121747 0.0171483 0.0225673 0.0248061 0.0233557 0.0174997 0.0166716 0.0220856 0.0232598 0.0164795 0.0207024 0.0138213 0.0160293 0.0227216 0.0168523 0.0157091 0.0198349 0.0279293 0.026511 0.0194857 0.0203535 0.0198558 0.0175354 0.0169192 0.0153917 0.014115 0.0154251 0.0180897 0.0219804 0.014258 0.0111982 0.00751848 0.00533364 0.00387059 0.00917961 0.00949862 0.00782835 0.00843393 0.00200053 0 
0 0 0.000262407 0.00453466 0.00812894 0.00897106 0.0113932 0.0109489 0.00862743 0.00594809 0.0121775 0.0159193 0.0231044 0.02457 0.0251249 0.0257998 0.0196603 0.0162971 0.014598 0.0135923 0.0162726 0.017553 0.0229733 0.0353469 0.0269035 0.0389889 0.0371685 0.0249977 0.0199004 0.0149711 0.0174916 0.0328439 0.043499 0.043079 0.0206337 0.0193247 0.0217897 0.0156575 0.0166512 0.0194646 0.0278489 0.0228686 0.0199672 0.0224321 0.0196973 0.0204377 0.0317515 0.0250704 0.0188276 0.0261857 0.0241003 0.0176368 0.0162815 0.0208869 0.0182087 0.0193879 0.0198808 0.020896 0.014343 0.0088365 0.00681646 0.00564626 0.00920402 0.0126218 0.0125236 0.0155043 0.0096647 0.00234988 3.10223e-05 
0 0 0 0.004034 0.0158932 0.0136894 0.0140846 0.0121387 0.0108069 0.0146659 0.0187186 0.0190372 0.0227086 0.0221748 0.0190454 0.0144436 0.017699 0.0132265 0.0188204 0.0181169 0.0218763 0.0303894 0.0295765 0.0343429 0.031529 0.0321329 0.0359682 0.0241912 0.0172921 0.0198894 0.0465005 0.082679 0.11512 0.0991532 0.0442356 0.0215346 0.0155044 0.0125077 0.0174509 0.0194136 0.0246253 0.0636533 0.041599 0.0245099 0.0185108 0.0212467 0.0206628 0.0189285 0.0247499 0.0214778 0.0200859 0.0207544 0.017256 0.0229246 0.0234793 0.0287727 0.0287563 0.0225556 0.0200462 0.0149984 0.0115672 0.00856151 0.0153462 0.0131982 0.0101472 0.00820616 0.00611478 0.00146448 0.000689646 
0 0 0 0.000372062 0.00615302 0.0127508 0.0102392 0.0102549 0.0115006 0.0189813 0.025697 0.0229142 0.0159675 0.0192526 0.0184069 0.0202246 0.0194879 0.0192327 0.0210889 0.0180418 0.0290936 0.0306477 0.0284473 0.0387165 0.0269963 0.0245418 0.0282089 0.023781 0.020609 0.0293634 0.0892102 0.178472 0.160419 0.160911 0.0458352 0.0286398 0.0194043 0.0172482 0.0189433 0.0223754 0.0364963 0.100208 0.0577631 0.0259655 0.0207492 0.0289013 0.0228678 0.0251251 0.0233851 0.0192054 0.0253148 0.0262779 0.0214834 0.0232826 0.0245892 0.0258605 0.0311757 0.0268372 0.019955 0.0214152 0.0161037 0.0114067 0.0121745 0.014767 0.0121666 0.0105174 0.00389797 0.00386012 0.00313149 
1.08205e-06 0.000487986 0.000658329 8.88993e-05 0.00217059 0.00861058 0.00845378 0.00804824 0.0143685 0.0304245 0.0364459 0.0354756 0.0250728 0.0177576 0.015503 0.0212835 0.0195718 0.0210394 0.019839 0.0175131 0.0268095 0.0294484 0.029691 0.0375869 0.022783 0.0210398 0.0193158 0.0208524 0.0153472 0.0195688 0.0575277 0.136062 0.0614708 0.111569 0.0829408 0.0305929 0.0248314 0.0259254 0.0269224 0.028392 0.0342264 0.0311955 0.0235485 0.0193014 0.015084 0.0261335 0.0266468 0.0234223 0.0206595 0.0233089 0.0320294 0.027675 0.0160903 0.0240077 0.0227914 0.019592 0.0289917 0.0285684 0.022152 0.0261858 0.0191493 0.0149846 0.0223044 0.023629 0.021658 0.0160131 0.0109138 0.00564559 0.00262403 
0.000130684 0.00565201 0.0105048 0.00769398 0.00308061 0.00509892 0.0102699 0.00536344 0.0126821 0.0378704 0.0601255 0.0614035 0.0351127 0.0243416 0.0202605 0.017222 0.0182927 0.0183309 0.0140365 0.0162092 0.0244726 0.0275584 0.0247233 0.0272637 0.0322417 0.0310465 0.0273888 0.0230774 0.021702 0.0171735 0.0174971 0.0204634 0.0221123 0.0243568 0.0747864 0.0472501 0.0263318 0.0226202 0.0220552 0.034797 0.029059 0.022708 0.0185457 0.0144453 0.00955799 0.0195288 0.0215342 0.0185393 0.0317124 0.032401 0.0279443 0.0197701 0.0188431 0.0251886 0.0303944 0.0250293 0.0233171 0.0292417 0.0317289 0.0293857 0.0235189 0.0186863 0.0282598 0.0314309 0.0288578 0.0142348 0.0103209 0.00696487 0.00234147 
0.000310156 0.00517944 0.00969537 0.0158524 0.0173795 0.00646639 0.00886083 0.00728677 0.0114677 0.0338502 0.0487978 0.0584487 0.0369041 0.0259544 0.0231866 0.0161767 0.015618 0.0183716 0.0186046 0.018022 0.0152892 0.0151413 0.0208439 0.0241204 0.0291465 0.0333385 0.0344426 0.0257943 0.0172292 0.0167946 0.0210012 0.0200755 0.0198018 0.0155956 0.0305945 0.0498194 0.0238025 0.0193735 0.016928 0.0275647 0.021719 0.016022 0.0158261 0.0138606 0.00839519 0.015243 0.0146886 0.01599 0.0220775 0.0241375 0.0207435 0.0219705 0.0245102 0.0235125 0.0280163 0.0293232 0.0292254 0.031292 0.0259204 0.0269145 0.0245636 0.0199203 0.0183437 0.0254424 0.0249949 0.0175939 0.0121488 0.00375017 0.000427325 
0.000198841 0.00192201 0.00459088 0.0159391 0.0210364 0.0119143 0.00283589 0.00151863 0.00287611 0.0179691 0.0416573 0.0368153 0.0299295 0.0247051 0.0217741 0.0239834 0.0178698 0.0135849 0.0109935 0.012111 0.0124085 0.0192071 0.0183689 0.0167611 0.0242138 0.0237623 0.0219107 0.0276523 0.0187739 0.0200818 0.0207295 0.020447 0.0209975 0.0216244 0.0275125 0.0197715 0.0218579 0.0173604 0.0168764 0.0229367 0.0240231 0.0151899 0.0273136 0.0300787 0.0143253 0.00889074 0.0116292 0.0120689 0.0133739 0.015475 0.0183073 0.0174167 0.0194101 0.0234369 0.0323781 0.0250456 0.0204472 0.0215794 0.0185462 0.0222282 0.0227322 0.018316 0.0168685 0.0217589 0.0215877 0.0159724 0.0165031 0.00697932 0.0004047 
1.96947e-05 0.000692024 0.0027853 0.01488 0.013487 0.0122307 0.00369452 0.00145386 0.00198573 0.00667433 0.0178069 0.017756 0.023665 0.0229135 0.0189722 0.0216197 0.0210885 0.0167738 0.0119786 0.0102967 0.0158519 0.0194817 0.0188859 0.0131915 0.014497 0.0215204 0.0171403 0.0191013 0.0213866 0.0198353 0.0223889 0.0267305 0.0203168 0.0238215 0.0239252 0.0194693 0.0185662 0.0198039 0.0192683 0.020819 0.0228302 0.0285289 0.040691 0.0329472 0.0220401 0.0124769 0.0163278 0.0158425 0.0175092 0.0173088 0.0179531 0.016003 0.0268097 0.0405121 0.0359128 0.0326603 0.023007 0.0182166 0.0180484 0.0250856 0.0302975 0.021103 0.0163311 0.0238135 0.0253179 0.0206695 0.0229824 0.013469 0.00157486 
0 0.000395869 0.00506052 0.0138739 0.0135956 0.0164268 0.0119507 0.0110087 0.00858827 0.00519476 0.0058065 0.0138385 0.0162366 0.0161964 0.0169173 0.0181699 0.0216392 0.0121019 0.016852 0.0205917 0.0204267 0.0182509 0.0251163 0.0200581 0.0160817 0.0191213 0.0194631 0.0202782 0.0274521 0.0255949 0.0198048 0.0196029 0.0213918 0.0259099 0.0205969 0.0173383 0.023583 0.0272395 0.0234045 0.0202953 0.024206 0.0327707 0.0337424 0.0312197 0.0234975 0.0182931 0.0242116 0.0233475 0.02239 0.0175999 0.0190085 0.0151107 0.0251568 0.037927 0.0320103 0.0379437 0.0246782 0.0155321 0.0151776 0.0175989 0.0168432 0.0135083 0.0135811 0.0180238 0.0187808 0.0192223 0.0171411 0.00979409 0.000818751 
0 0.000113104 0.00816161 0.0154069 0.0164012 0.0402163 0.0270345 0.0160942 0.0159288 0.016637 0.0115956 0.0152485 0.0205431 0.0192462 0.015955 0.0153631 0.0173658 0.0140368 0.0201607 0.0233102 0.0193541 0.0191652 0.0187931 0.0193579 0.0190841 0.0174092 0.0208203 0.0248698 0.0259662 0.0292333 0.0293676 0.0183735 0.0211833 0.0232701 0.0225641 0.0192472 0.0190887 0.0318332 0.0264817 0.0293674 0.0438578 0.0515361 0.035257 0.0448406 0.0301455 0.0274699 0.0274831 0.0182185 0.0209946 0.0200738 0.0201644 0.0213682 0.0260496 0.0359002 0.0362441 0.0275458 0.0248753 0.0162063 0.015081 0.0149855 0.0132708 0.0146869 0.0199648 0.0192001 0.0138402 0.00955452 0.00247568 0.00147267 0.000203942 
0 0.000252942 0.00836289 0.0174663 0.0216661 0.0343118 0.0308502 0.0210501 0.0323308 0.0259245 0.0154167 0.0139022 0.0157783 0.0222197 0.0162456 0.0131019 0.015515 0.0171997 0.0179563 0.0202527 0.0195873 0.0195078 0.0156926 0.0176792 0.0160012 0.0176087 0.0183887 0.0212594 0.0220754 0.0364243 0.024013 0.0189084 0.021226 0.0188489 0.0228093 0.0213052 0.0201615 0.0211508 0.0191626 0.0153877 0.0282351 0.0739989 0.0766175 0.0655273 0.0480271 0.0279679 0.02405 0.0255977 0.0246351 0.0232485 0.0196189 0.0216223 0.0200105 0.0255486 0.0287699 0.0294877 0.0203217 0.0159486 0.0111284 0.0111943 0.0168137 0.0121301 0.0179135 0.0140235 0.00540124 0.00440562 0.00171983 0.000655944 0.000389008 
0 0.000123375 0.00464734 0.0163582 0.0194143 0.0228271 0.0230382 0.0192674 0.0317561 0.0243205 0.0177401 0.0182397 0.0186916 0.0196511 0.0171228 0.0168859 0.0179441 0.0179696 0.0200318 0.0192282 0.0136468 0.0145114 0.01446 0.0179438 0.0182593 0.0193591 0.0215509 0.02529 0.0206939 0.0217635 0.0206619 0.023297 0.0242917 0.0284683 0.0222721 0.0272802 0.0230021 0.0227036 0.0240363 0.0197345 0.0207592 0.0285997 0.0310988 0.037684 0.0457504 0.0312684 0.0285299 0.02206 0.0261393 0.0290248 0.0212943 0.0215786 0.0239404 0.0208494 0.0235498 0.0275237 0.0178998 0.00711139 0.00605986 0.00828878 0.0132569 0.0185097 0.0198661 0.0176683 0.00856224 0.00897799 0.00385908 0.00118325 0.000113574 
0 3.00232e-05 0.0056704 0.0230885 0.02407 0.0218308 0.0171861 0.0120108 0.0183167 0.0220891 0.0175239 0.013494 0.014246 0.0201476 0.0170326 0.0175579 0.0117806 0.014943 0.0116234 0.00951123 0.0114297 0.00954818 0.0139361 0.0125051 0.0180615 0.0203404 0.0209706 0.0152988 0.0221029 0.0167093 0.018778 0.0212293 0.0228934 0.0312575 0.0286766 0.0269287 0.0256467 0.0249139 0.0243084 0.0283051 0.0203279 0.0210995 0.0219511 0.0188163 0.0178959 0.0199303 0.0225692 0.0196799 0.0232179 0.0331119 0.0266363 0.0259894 0.0280432 0.0232428 0.0237304 0.0191795 0.0140761 0.00862977 0.00754149 0.0115019 0.0187235 0.0204602 0.0216104 0.0204754 0.0164311 0.0135175 0.00570069 0.000986432 0 
0 0 0.00288072 0.0200485 0.0205778 0.0191831 0.0192124 0.0182377 0.0160396 0.0132168 0.012189 0.0133617 0.0194477 0.0221331 0.0200184 0.017755 0.00973861 0.0140537 0.0108981 0.0129516 0.0142456 0.00854961 0.0102106 0.0108005 0.0152717 0.0197216 0.0191327 0.0187035 0.0204499 0.017085 0.0153795 0.0218791 0.0227536 0.0257487 0.0206398 0.0226628 0.0204978 0.0291745 0.0313454 0.0346113 0.0284741 0.0224905 0.0229355 0.0195006 0.0126675 0.0176024 0.0245824 0.0174282 0.0193278 0.0272308 0.0222616 0.0248662 0.0259981 0.0260982 0.02428 0.0228388 0.0135752 0.00775814 0.0107322 0.0172313 0.0167929 0.0217905 0.0234532 0.0141214 0.0173556 0.0170887 0.00305183 0.00017823 0 
0 0 0.000464553 0.009758 0.022693 0.0217898 0.0225761 0.0195001 0.0143429 0.0112 0.0169711 0.0194665 0.0265599 0.0316591 0.0265612 0.0252005 0.0138962 0.00984901 0.016217 0.0235273 0.0175558 0.0119646 0.00788102 0.00966656 0.0129443 0.0176802 0.0230494 0.0228076 0.00892599 0.00912312 0.0108278 0.0187728 0.0206494 0.0277017 0.0267228 0.0266439 0.0242747 0.0270988 0.0303564 0.0259084 0.0241756 0.0174947 0.021147 0.0147101 0.0144316 0.0153844 0.0126703 0.0139934 0.0168549 0.0258574 0.029496 0.0315461 0.0261348 0.0274005 0.0199049 0.0174288 0.0112427 0.0149364 0.034122 0.0291271 0.021793 0.0200067 0.0170826 0.013817 0.0108914 0.00904517 0.00431757 0.000127651 0 
0 0 4.96293e-06 0.00633754 0.0260014 0.0222349 0.0332439 0.0290322 0.017362 0.0175128 0.0242684 0.027448 0.0354805 0.0470244 0.0354776 0.0235441 0.0215877 0.012192 0.020247 0.03229 0.0225368 0.0130857 0.0102234 0.00852888 0.0146852 0.0154536 0.0206377 0.0160986 0.0120584 0.0117279 0.0190125 0.0171525 0.0145134 0.0184213 0.0220757 0.0245628 0.0266883 0.02776 0.0216001 0.0219655 0.0225391 0.0205077 0.0259226 0.0212355 0.0207566 0.0211171 0.0112117 0.0130408 0.0149056 0.0200206 0.0242422 0.0242358 0.0285121 0.0280045 0.0212102 0.0148224 0.010701 0.0173463 0.0483143 0.0364365 0.020944 0.0186205 0.0144724 0.0112495 0.00646372 0.00507384 0.00259667 2.47666e-06 0 
0 0 0 0.00165179 0.0156155 0.0301732 0.0323931 0.0306829 0.0188733 0.0225204 0.0324085 0.0312984 0.0376403 0.0281845 0.0365017 0.0274049 0.0204714 0.0206663 0.0192111 0.035546 0.0237674 0.0180866 0.0122726 0.00809359 0.0123841 0.0149907 0.0184121 0.0187985 0.01168 0.0101405 0.01434 0.0160023 0.0155379 0.0161631 0.0204003 0.0191012 0.0267125 0.0246399 0.0212643 0.0198734 0.0162056 0.0190776 0.027928 0.029546 0.0217193 0.0241084 0.0233564 0.0202209 0.0241523 0.0197726 0.0182101 0.0176234 0.0197584 0.0199474 0.0201055 0.0192654 0.0154839 0.0104676 0.0147493 0.0209331 0.0223972 0.0181935 0.0110322 0.00686964 0.00480562 0.00416945 0.0014224 0 0 
0 0 0 0.000224956 0.00738905 0.0255003 0.0260659 0.0346957 0.0245002 0.0228272 0.0388817 0.0369869 0.0355987 0.0336654 0.0257777 0.0171989 0.0207613 0.0173919 0.0244555 0.0195894 0.0200154 0.0243594 0.0170575 0.0126434 0.0170613 0.0168725 0.0147038 0.0118294 0.00982637 0.00923697 0.0141317 0.0175755 0.0173075 0.0228384 0.0191936 0.0242389 0.0251668 0.0196554 0.0196804 0.0165074 0.0160173 0.0168114 0.0199632 0.0262795 0.0220876 0.0206458 0.0242249 0.0268328 0.0206399 0.0177966 0.0165338 0.0132453 0.0177714 0.0197064 0.0216676 0.0161373 0.0185352 0.0191226 0.0160329 0.0130373 0.0169271 0.0129976 0.0118708 0.00606525 0.00129727 0.000716993 0.000256936 0 0 
0 0 0 0 0.00125158 0.0166594 0.0194897 0.0248144 0.0293162 0.0186048 0.0266014 0.0309301 0.03699 0.0361705 0.0240921 0.0175114 0.0217354 0.0193292 0.0235398 0.0253169 0.0251671 0.024593 0.0159524 0.0149288 0.0145414 0.0176549 0.0166554 0.0128315 0.0133131 0.00693126 0.0124047 0.0175311 0.017275 0.0222296 0.0206683 0.0200721 0.0185246 0.0153777 0.0189871 0.0186382 0.0221025 0.0184227 0.0238007 0.0229509 0.0264925 0.0269298 0.0239515 0.0239609 0.0161916 0.0193395 0.0206607 0.02286 0.0255334 0.0262159 0.0207257 0.0148245 0.0159373 0.0291635 0.0394656 0.0167883 0.0107374 0.00944387 0.00974587 0.0032338 0.000460187 0.000252955 0 0 0 
0 0 0 0 0.000141625 0.0081074 0.0183452 0.0214611 0.0274517 0.0176077 0.0152265 0.0225773 0.0337894 0.0365407 0.020754 0.014141 0.018799 0.0257006 0.0286506 0.0353001 0.032411 0.0175413 0.015604 0.0162954 0.0170931 0.0146538 0.0184096 0.0243716 0.0251903 0.00806521 0.0113081 0.0146026 0.0212157 0.0194308 0.0177497 0.00984737 0.0124715 0.0120602 0.0170919 0.0195062 0.0243244 0.0150522 0.0209987 0.0279048 0.0239433 0.0225808 0.0221029 0.0219433 0.0186737 0.0208943 0.0206583 0.0196518 0.0259889 0.0279899 0.0243503 0.0121455 0.0190835 0.0498556 0.0698737 0.0257359 0.0125051 0.00985093 0.00559946 0.00177604 0.000164116 0 0 0 0 
0 0 0 0 6.56362e-06 0.0022833 0.0118097 0.015219 0.0185908 0.0248057 0.0216308 0.0233833 0.0315435 0.0380611 0.0306376 0.0220324 0.0305389 0.0277663 0.0353838 0.0240582 0.0177259 0.0180134 0.0111948 0.0174331 0.0160043 0.0132978 0.0136874 0.0145011 0.0125894 0.0108162 0.0114864 0.0130189 0.0172962 0.0163952 0.0147785 0.0108341 0.0104888 0.0164245 0.017391 0.0164683 0.0210517 0.0136205 0.0151254 0.0233776 0.0250868 0.0191239 0.0214036 0.0134164 0.0081437 0.0176174 0.0187055 0.0121461 0.0254858 0.0340382 0.0259048 0.0122158 0.0131357 0.0223419 0.0297736 0.0216393 0.0122289 0.0125609 0.00276111 0.000886414 0.000117363 0 0 0 0 
0 0 0 0 0 0.0001512 0.00633181 0.0208484 0.0298116 0.0326533 0.0341564 0.0232962 0.0235104 0.0278193 0.0397496 0.048429 0.037474 0.0309024 0.0289486 0.0247381 0.0173243 0.0160444 0.0145274 0.025886 0.026121 0.0110723 0.00533387 0.00717368 0.011701 0.0161574 0.0179733 0.0154805 0.0170218 0.0133106 0.0164249 0.0131418 0.0170604 0.0273448 0.0219612 0.018181 0.0213465 0.0207664 0.0174189 0.0294817 0.0295885 0.0260522 0.0193129 0.0193833 0.00907752 0.0136125 0.0213442 0.0199088 0.0294657 0.0280567 0.0264443 0.017183 0.00974516 0.0139802 0.0157112 0.0152304 0.0169204 0.0121448 0.00205301 0 0 0 0 0 0 
0 0 0 0 0 0 0.000775938 0.00925055 0.0224144 0.0270634 0.0213294 0.0240277 0.0226242 0.021722 0.0354267 0.0524882 0.040451 0.0249993 0.0219315 0.0213249 0.0215549 0.0186363 0.0231865 0.0330226 0.0290372 0.0106888 0.00593887 0.0179097 0.016655 0.0167446 0.0204718 0.018718 0.0139592 0.00985699 0.0126725 0.0119982 0.0212003 0.0305323 0.0191038 0.0190713 0.0205181 0.0218093 0.0181014 0.0216502 0.023906 0.0225689 0.0218261 0.0217748 0.0127164 0.0183911 0.0215314 0.0222776 0.018818 0.0282827 0.0242857 0.0132114 0.00581975 0.00552309 0.0124525 0.0152045 0.0161694 0.0065288 0.00109606 0 0 0 0 0 0 
0 0 0 0 0 0 7.21061e-06 0.000242765 0.00414863 0.0188454 0.0263624 0.020452 0.0200518 0.0268108 0.0361177 0.0440804 0.0356306 0.0235845 0.0132339 0.0156432 0.0194634 0.0235226 0.0254948 0.0290973 0.0213446 0.0140558 0.00873443 0.0242651 0.023106 0.0214974 0.0206825 0.0191311 0.0125308 0.00548091 0.00808993 0.0101154 0.0114844 0.0210933 0.0191522 0.0163795 0.0133933 0.0123934 0.0145234 0.0159783 0.0219974 0.0325625 0.0236892 0.0254592 0.0265091 0.0241979 0.0192725 0.0207836 0.0244842 0.030993 0.0168103 0.00783207 0.00419771 0.00492388 0.00963393 0.0109521 0.00485282 0.00170552 0.000262999 0 0 0 0 0 0 
0 0 0 0 0 0 0 0 0.000781194 0.0134437 0.0298147 0.0280775 0.0247667 0.0288293 0.0254541 0.0331498 0.0285517 0.0176885 0.00591323 0.00998982 0.0197827 0.0267976 0.0256718 0.028628 0.0241069 0.0145998 0.011037 0.0193488 0.0150717 0.0144375 0.0221166 0.0462634 0.0365819 0.0071407 0.00885132 0.00351631 0.00495057 0.0131876 0.0181996 0.0181687 0.0148821 0.0119792 0.0124675 0.0193953 0.028374 0.0270341 0.0202004 0.019373 0.017275 0.0200311 0.0194814 0.0189303 0.021848 0.0205076 0.018481 0.00752176 0.00936689 0.00689851 0.00502184 0.00746355 0.00499525 0.000639112 0 0 0 0 0 0 0 
0 0 0 0 0 0 0 0 0.000147215 0.00528293 0.0167774 0.0200224 0.0233632 0.0258708 0.0245278 0.0278254 0.0297572 0.010778 0.00397173 0.00657444 0.0174163 0.0205065 0.0163476 0.0211822 0.0244184 0.024483 0.0162117 0.0124253 0.00653707 0.0109223 0.0235371 0.0341985 0.0200235 0.0109827 0.0103411 0.00502359 0.0105877 0.0163796 0.0201104 0.0225387 0.020975 0.0162482 0.0108798 0.0167273 0.0252458 0.0278972 0.0231305 0.0154756 0.0184959 0.0200553 0.0253653 0.0201778 0.0131541 0.0147622 0.0166494 0.0104713 0.0134273 0.00391627 0.00427417 0.00536235 0.00235461 6.87551e-06 0 0 0 0 0 0 0 
0 0 0 0 0 0 0 0 0 0.000106677 0.00325592 0.0094851 0.0201239 0.0179687 0.021471 0.0250994 0.0300351 0.0109873 0.00758848 0.00530589 0.0117539 0.0190977 0.0139763 0.0203058 0.0428198 0.0526121 0.0359872 0.0177796 0.00959085 0.010878 0.00860508 0.0131986 0.0151478 0.0115325 0.0128004 0.00676672 0.0102247 0.0164966 0.0219404 0.021327 0.0203628 0.0213739 0.0124525 0.0170941 0.0251586 0.0217229 0.0159193 0.0176561 0.0168573 0.0230984 0.0203367 0.0273857 0.0248616 0.0251467 0.0175078 0.0131703 0.015514 0.00750455 0.00320673 0.00144753 9.67018e-05 0 0 0 0 0 0 0 0 
0 0 0 0 0 0 0 0 0 0 3.29633e-05 0.00310639 0.00804468 0.0103499 0.0162721 0.0322478 0.0270849 0.0105843 0.0145005 0.0156093 0.0138362 0.0161683 0.0162656 0.0267509 0.0402448 0.0459495 0.0335121 0.0221771 0.0190002 0.0128504 0.00610831 0.0104674 0.0115993 0.00980435 0.0150191 0.0159987 0.00935905 0.0120723 0.0154993 0.0222579 0.0163718 0.0179146 0.0194198 0.0181554 0.0144802 0.0144242 0.020894 0.0183002 0.0164246 0.018528 0.019284 0.036667 0.051706 0.0209739 0.0154677 0.017437 0.0109871 0.00242981 0.000102907 0 0 0 0 0 0 0 0 0 0 
0 0 0 0 0 0 0 0 0 0 0 0.000116545 0.000624589 0.00296287 0.0111943 0.0272297 0.025761 0.0100012 0.0145618 0.0189907 0.0189929 0.00930317 0.0103052 0.0256358 0.027978 0.0234998 0.0188654 0.015548 0.0164973 0.0149397 0.0148744 0.00894057 0.00578396 0.021714 0.0726199 0.0909292 0.0228447 0.00642507 0.0130585 0.0261083 0.028185 0.0253559 0.0139651 0.00870101 0.00699069 0.0109359 0.0180331 0.0222793 0.0175711 0.0180715 0.0170888 0.0129619 0.0147652 0.0183991 0.0116599 0.00565543 0.00156958 1.18668e-05 0 0 0 0 0 0 0 0 0 0 0 
0 0 0 0 0 0 0 0 0 0 0 0 0 0.00081741 0.00757918 0.0227453 0.0193533 0.0106431 0.0119186 0.0363032 0.036802 0.019088 0.00843279 0.0172018 0.0229907 0.0151083 0.0118168 0.0109447 0.0126064 0.0154166 0.0206337 0.0198767 0.00984389 0.0327081 0.128779 0.140882 0.0276613 0.0082037 0.00790575 0.0167994 0.0255295 0.0162882 0.0147112 0.0151065 0.0142385 0.00788946 0.0120723 0.0216348 0.0214111 0.0194913 0.0156647 0.0144716 0.01232 0.0190005 0.00983312 0.000332919 1.44582e-06 0 0 0 0 0 0 0 0 0 0 0 0 
0 0 0 0 0 0 0 0 0 0 0 0 0 7.74456e-05 0.00144559 0.00943183 0.00626381 0.00373839 0.00709581 0.0200908 0.0210194 0.0137179 0.0079432 0.0133508 0.0178079 0.0084211 0.00526437 0.00449383 0.00748089 0.0104873 0.0146693 0.0232279 0.0253987 0.0177936 0.0339253 0.0455151 0.0182325 0.00347332 0.00545728 0.0136666 0.0175845 0.0139108 0.0177905 0.0297876 0.0281865 0.017787 0.0118796 0.0243717 0.0160952 0.022946 0.0211585 0.0175578 0.0162034 0.0162268 0.00724234 0 0 0 0 0 0 0 0 0 0 0 0 0 0 
0 0 0 0 0 0 0 0 0 0 0 0 0 0 1.41902e-05 0.000455347 0.000721928 0.000149187 0.00142016 0.00325389 0.00518145 0.00916878 0.00529471 0.0132665 0.0135855 0.00390539 0.00217348 0.00675105 0.00695001 0.00968386 0.0109902 0.015058 0.0205081 0.0125396 0.0143604 0.011041 0.00637705 0.00214859 0.00188779 0.00774503 0.0100755 0.0150563 0.0217037 0.0189531 0.0209792 0.0333519 0.0153303 0.0164596 0.0173931 0.0187622 0.0209764 0.0106199 0.00640527 0.00367912 0.000913391 0 0 0 0 0 0 0 0 0 0 0 0 0 0 
0 0 0 0 0 0 0 0 0 0 0 0 0 0 0 0 0 0 9.50603e-05 2.5941e-05 0 0.000638892 0.00265648 0.0175809 0.0174741 0.00467654 0.00485713 0.0106049 0.0148183 0.0141083 0.00843728 0.00681531 0.00949195 0.0139797 0.0171369 0.0135491 0.00558784 0.00133053 0.00116201 0.00248744 0.00319767 0.00697443 0.0134871 0.0232852 0.0196835 0.0333046 0.0205998 0.00847928 0.011665 0.0129287 0.0120872 0.00429906 0.001541 6.22158e-05 0 0 0 0 0 0 0 0 0 0 0 0 0 0 0 
0 0 0 0 0 0 0 0 0 0 0 0 0 0 0 0 0 0 0 0 0 0 0.000409151 0.00994229 0.0125466 0.00330286 0.00812531 0.0176306 0.0244784 0.0235187 0.0151755 0.0116302 0.0141391 0.0129124 0.0139366 0.00771927 0.00642803 0.00348083 0.00310408 0.00144735 0.00687782 0.0140606 0.0164309 0.0213065 0.0169988 0.0382054 0.0269672 0.00499209 0.00569134 0.00321213 0.00243479 0.000297576 0 0 0 0 0 0 0 0 0 0 0 0 0 0 0 0 0 
0 0 0 0 0 0 0 0 0 0 0 0 0 0 0 0 0 0 0 0 0 0 9.46485e-05 0.0033682 0.00347185 0.0029932 0.00947042 0.0165208 0.0232513 0.0227942 0.0211416 0.0211794 0.014819 0.00977703 0.00738066 0.00566911 0.00666512 0.00799481 0.00997714 0.010053 0.00253242 0.0118499 0.0177184 0.0138499 0.0114575 0.0181968 0.0072257 0.00062589 6.99824e-05 5.93191e-05 0 0 0 0 0 0 0 0 0 0 0 0 0 0 0 0 0 0 0 
0 0 0 0 0 0 0 0 0 0 0 0 0 0 0 0 0 0 0 0 0 0 5.34949e-06 3.83778e-05 0.000261148 0.000888612 0.00379697 0.00639487 0.00953803 0.0140044 0.00969732 0.0101839 0.00846284 0.00912069 0.00415555 0.00425541 0.00808438 0.0178843 0.0163516 0.0120161 0.00272156 0.00184356 0.0106617 0.00632197 0.0032243 0.0033327 0.000348483 0 0 0 0 0 0 0 0 0 0 0 0 0 0 0 0 0 0 0 0 0 0 
0 0 0 0 0 0 0 0 0 0 0 0 0 0 0 0 0 0 0 0 0 0 0 0 0 0 0 6.46209e-05 0.000560058 0.00050887 0.000754848 0.000504783 0.000438818 0.000411878 0.000281885 0.0013895 0.00305333 0.010598 0.00990316 0.00545138 0.000776109 5.68034e-05 0.00134243 0.000211155 6.95372e-05 0 0 0 0 0 0 0 0 0 0 0 0 0 0 0 0 0 0 0 0 0 0 0 0 

