0 0 0 0 0 0 0 0 0 0 0 0 0 0 0 0 0 0 0 0 0 0 0 0 0 0 0 0 0 0 0 3.95224e-05 8.9308e-05 0.000110927 0.000381628 0.00030068 7.57592e-05 0 0 0 0 0 0 0 0 0 0 0 0 0 0 0 0 0 0 0 0 0 0 0 0 0 0 0 0 0 0 0 0 
0 0 0 0 0 0 0 0 0 0 0 0 0 0 0 0 0 0 0 0 0 0 0 0 0 0 4.57678e-05 0.000403883 0.000820415 0.000111512 0.000281813 0.00125449 0.00216382 0.00227203 0.0043796 0.00929702 0.00480316 0.00148736 0.00387356 0.00185448 0.00226513 0.00186757 0.0016275 0.000322761 0 0 0 0 0 0 0 0 0 0 0 0 0 0 0 0 0 0 0 0 0 0 0 0 0 
0 0 0 0 0 0 0 0 0 0 0 0 0 0 0 0 0 0 0 0 0 0 0 0 0 0 0.000859326 0.00640819 0.00484385 0.00105081 0.000881233 0.00359519 0.0054755 0.00189053 0.00546208 0.0117202 0.0100801 0.00491377 0.0090079 0.01245 0.0114007 0.0102971 0.00917117 0.00193048 0.000384229 1.06112e-05 0 0 0 0 0 0 0 0 0 0 0 0 0 0 0 0 0 0 0 0 0 0 0 
0 0 0 0 0 0 0 0 0 0 0 0 0 0 0 0 0 0 0 0 0 0 0 0 0 9.15644e-06 0.000889254 0.00414669 0.00636237 0.0029338 0.00181792 0.00463888 0.00563324 0.00261049 0.00418967 0.00705517 0.00885564 0.00653533 0.00688034 0.0095166 0.0132879 0.0107211 0.00812458 0.00257691 0.00100217 1.48524e-05 0.000581679 0.0014776 0.000612417 0.000329521 3.49601e-06 0 0 0 0 0 0 0 0 0 0 0 0 0 0 0 0 0 0 
0 0 0 0 0 0 0 0 0 0 0 0 0 0 0 0 0 0 0 0 0 0 0 0 0 7.23434e-06 0.000346376 0.000319137 0.00555875 0.00404723 0.00325435 0.00267583 0.00222883 0.000838267 0.000836913 0.00116084 0.00277213 0.00522733 0.00313552 0.00314501 0.00879621 0.0111475 0.00654588 0.00290743 0.00203582 0.00200358 0.00418921 0.0145121 0.00685935 0.00422273 0.0012498 0 0 0 0 0 0 0 0 0 0 0 0 0 0 0 0 0 0 
0 0 0 0 0 0 0 0 0 0 0 0 0 0 0 0 0 0.000193165 0.00047864 0.000221861 0 0 0 0 0 0 3.10415e-05 0.000694879 0.00483869 0.00401549 0.0016039 0.000730605 0.00133925 0.000366046 0 0.000958317 0.00619091 0.0099874 0.00676178 0.00215076 0.00365343 0.00992821 0.00477483 0.00301587 0.00650166 0.00712105 0.00223632 0.00932589 0.00512184 0.00227149 0.00114075 0.000152078 0 0 0 0 0 0 0 0 0 0 0 0 0 0 0 0 0 
0 0 0 0 0 0 0 0 0 0 0 0 0 0 0 0.000538516 0.00161709 0.00425781 0.00466579 0.00225578 0.000228331 0.00037139 0.00103235 0.00125515 2.40606e-05 0 0.000106652 0.0022946 0.00588472 0.00369015 0.00135123 0.00391154 0.00227592 0.000987833 0.0010066 0.00241073 0.00740598 0.00756578 0.00670063 0.00570589 0.00119851 0.00276099 0.00337872 0.0033678 0.00450769 0.004329 0.00131829 0.000315258 7.43626e-05 0.000474939 0.000945097 0.00194798 0.00500214 0.00125883 0.000355223 0 0 0 0 0 0 0 0 0 0 0 0 0 0 
0 0 0 0 0 0 0 0 0 0 0 0 0 0 0.000501587 0.00465404 0.00683548 0.00614038 0.00419718 0.00376652 0.000502685 0.000701184 0.00466314 0.00804157 0.000624279 1.26102e-05 0.000225427 0.00335934 0.00676169 0.00353662 0.00446206 0.00596531 0.00346095 0.00421311 0.00600591 0.0100473 0.0128168 0.0116388 0.0122601 0.0083222 0.000429377 4.04251e-05 0.000111587 0.000910915 0.00143849 0.00501414 0.00146336 0 0.000974288 0.00248206 0.00349661 0.00898486 0.0140146 0.00813089 0.00488353 0.000720037 0 0 0 0 0 0 0 0 0 0 0 0 0 
0 0 0 0 0 0 0 0 0 0 0 0 2.91566e-05 0.00122189 0.00436855 0.00605233 0.010658 0.0129782 0.00847764 0.00720804 0.00384574 0.00413893 0.00628668 0.00759702 0.00203837 0.000228853 0.00119896 0.00540082 0.00672679 0.00298673 0.00482381 0.00850195 0.00555707 0.00480067 0.00294426 0.011602 0.0120681 0.00754741 0.00788081 0.00631664 0.000459978 0 0 0.00127271 0.000948241 0.00305846 0.00181456 0.00217299 0.00104365 0.000908092 0.00977074 0.0203923 0.00909003 0.00528161 0.0073116 0.00384666 0.0015599 0.000103457 0 0 0 0 0 0 0 0 0 0 0 
0 0 0 0 0 0 0 0 0 0 0 3.73759e-05 0.00235366 0.00889263 0.0113735 0.0106654 0.00743902 0.00915647 0.010119 0.0109909 0.00970403 0.00483522 0.00415891 0.00505322 0.00195631 0.00208571 0.00561808 0.00394473 0.00329806 0.00249001 0.00328808 0.00639958 0.00545904 0.00633203 0.00305528 0.00301092 0.00484897 0.00392096 0.00796077 0.00936726 0.000987251 6.48287e-05 2.66648e-05 0 0.000861546 0.00285028 0.00166889 0.00195952 0.0027649 0.0092455 0.0117457 0.0127561 0.00419151 0.001959 0.0042921 0.00862877 0.00746669 0.00187693 0 0 0 0 0 0 0 0 0 0 0 
0 0 0 0 0 0 0 0 0 0 0.000120681 0.00335807 0.0120718 0.016148 0.0167174 0.0102986 0.0092478 0.00775353 0.0144472 0.0143756 0.0172758 0.00553953 0.00499478 0.00658395 0.00304612 0.00316671 0.00551892 0.00302024 0.00227149 0.00456242 0.00394726 0.00549323 0.00490292 0.00555582 0.00430674 0.00479237 0.00800674 0.00868366 0.00648329 0.00948507 0.00165038 0.00285809 0.00462389 0.00051459 0.000399676 0.00134242 0.00490723 0.00696393 0.0114471 0.0103355 0.0045234 0.0036741 0.00611084 0.0028841 0.00215946 0.00396323 0.00927741 0.00566043 0.000148648 0 0 0 0 0 0 0 0 0 0 
0 0 0 0 0 0 0 0 0 0 0.00325728 0.00903555 0.0109516 0.0107565 0.0104509 0.0145627 0.0107328 0.0064785 0.00954398 0.0164476 0.0173028 0.00935153 0.00478427 0.0041765 0.00389951 0.0022224 0.0037265 0.00507546 0.00500845 0.0101624 0.00979666 0.00855119 0.00373879 0.00320528 0.00648388 0.00615512 0.00780057 0.0105208 0.0157654 0.0158744 0.00412609 0.00256346 0.00359336 0.00352449 0.00378474 0.0076401 0.0106597 0.010539 0.00912174 0.0028023 0.000316693 0.000729315 0.00256415 0.00327824 0.00290957 0.00541003 0.00294592 0.0045223 0.00234851 1.82892e-05 0 0 0 0 0 0 0 0 0 
0 0 0 0 0 0 0 0 0 1.65042e-05 0.00416914 0.0116312 0.00972993 0.00648819 0.00693453 0.0138515 0.0123518 0.00554922 0.00372584 0.00858191 0.0114113 0.0107304 0.00783547 0.0068455 0.00551435 0.00283073 0.0047902 0.00852225 0.00678655 0.00765103 0.00597251 0.00537758 0.00617233 0.00628815 0.00662101 0.00793596 0.0124454 0.0117144 0.0120201 0.0155113 0.00854915 0.00484257 0.00458997 0.00583109 0.0110564 0.00938289 0.00586368 0.00442737 0.000950242 9.02586e-05 3.08239e-05 0.000660154 0.00148547 0.00203784 0.00136835 0.00395632 0.00202845 0.00457004 0.00371493 3.16076e-05 0 0 0 0 0 0 0 0 0 
0 0 0 0 0 0 0 0 0 6.74325e-05 0.00386671 0.00871995 0.00907175 0.007312 0.00818 0.0126169 0.0107505 0.00621392 0.00768636 0.0074989 0.0048372 0.00566377 0.00525879 0.00764639 0.00313337 0.00210455 0.00552442 0.00592318 0.00655002 0.00709986 0.00384794 0.00264173 0.0056647 0.00750197 0.00614254 0.0049486 0.00665037 0.00645193 0.00838361 0.00991351 0.00774111 0.00460242 0.00449476 0.00727099 0.00858195 0.00548883 0.00359812 0.00142806 3.62882e-05 0 0.000148964 0.000921872 0.00114247 0.000369151 0.000348883 0.00126474 0.00135355 0.000925819 0.000119013 0 0 0 0 0 0 0 0 0 0 
0 0 0 0 0 0 0 0.000231108 0.00188124 0.00410287 0.00687581 0.0110673 0.00874406 0.00369766 0.00737136 0.010113 0.00948571 0.00594303 0.00738143 0.0117424 0.007825 0.00417329 0.00312423 0.00271212 0.0031748 0.00340778 0.00283933 0.00349962 0.00627681 0.0101798 0.00673058 0.00499745 0.00809194 0.00691814 0.00306135 0.00215125 0.00377562 0.00770056 0.00520679 0.00647487 0.00555465 0.0054975 0.00543191 0.00837292 0.0057977 0.0026836 0.00141665 0.0013802 0.000372155 0 0 5.82525e-05 7.09921e-05 0 6.54053e-06 0.000218162 0.000317934 0.000104868 3.19887e-05 0 0 0 0 0 0 0 0 0 0 
0 0 0 0 0 0 0.000523426 0.00630326 0.0132885 0.0123549 0.0126859 0.0160013 0.00655952 0.0060478 0.00682252 0.0127569 0.0111642 0.0101749 0.00731923 0.00542976 0.00524719 0.00129937 0.00338268 0.00396936 0.00396835 0.00273985 0.0018832 0.00425543 0.00580224 0.0113754 0.00712046 0.00560118 0.0065132 0.00924652 0.00304382 0.00487447 0.00636729 0.00505618 0.00401633 0.00512123 0.00550507 0.0035455 0.0041044 0.00983763 0.0104353 0.00648984 0.00489368 0.00210784 0.000320845 0.000675748 1.83903e-05 0 0 0.000889366 0.00171995 0.00488225 0.00559664 0.00138337 0.000572085 0.000547153 0.00132578 9.65744e-05 0 0 0 0 0 0 0 
0 0 0 0 0 0 0.00108414 0.00942832 0.0115026 0.00974859 0.0117362 0.00842976 0.00562995 0.00832562 0.0129605 0.00841935 0.00993744 0.00906438 0.00808531 0.0069407 0.00316761 0.00390676 0.00487175 0.00352113 0.00210948 0.00165658 0.00468563 0.00820388 0.00731049 0.00972262 0.00615513 0.00620317 0.00709545 0.0059657 0.00479788 0.00421701 0.00885329 0.00810066 0.0173756 0.0149769 0.0056773 0.00440279 0.00379684 0.00560104 0.00451364 0.00489602 0.00810521 0.00451214 0.00630786 0.00635391 0.00135022 0.00287287 0.00717541 0.00668074 0.0123759 0.0145969 0.0141234 0.00516976 0.00297052 0.00438105 0.00754247 0.000393517 0 0 0 0 0 0 0 
0 0 0 0 0 0 0.000344713 0.00816612 0.0101941 0.00786448 0.0105992 0.00919631 0.00815197 0.0074535 0.00628576 0.00623481 0.0059075 0.00663198 0.0124846 0.00649853 0.00503923 0.00791606 0.00860612 0.00686831 0.00864961 0.00923176 0.0106311 0.0106698 0.0105827 0.00563621 0.00658777 0.00707276 0.00517631 0.00585897 0.00559646 0.00234737 0.00831591 0.00997842 0.0182779 0.0143574 0.0107556 0.0068037 0.00639116 0.00462673 0.00256821 0.00468782 0.00593521 0.00825034 0.0199392 0.0172568 0.0068883 0.012948 0.0160365 0.0161326 0.0200944 0.021818 0.0185305 0.00888459 0.0107629 0.00761066 0.00282253 0.000268804 2.14919e-05 8.71709e-06 0 0 0 0 0 
0 0 0 0 0 0 0.000494257 0.00692045 0.0107581 0.00766998 0.0122555 0.011109 0.00890537 0.00624119 0.00606397 0.00528669 0.00686147 0.00873781 0.0108911 0.00920703 0.00671159 0.00657552 0.00452027 0.00463015 0.00865312 0.00894755 0.00782251 0.00827072 0.00584914 0.00389757 0.0157185 0.0134203 0.00378331 0.00462215 0.00275984 0.00301128 0.00925289 0.0134544 0.00897133 0.00892345 0.00716913 0.00975788 0.00659363 0.00497551 0.00670524 0.00511325 0.00487442 0.0108116 0.0254344 0.018215 0.0112507 0.0141702 0.0179852 0.020177 0.0167285 0.0211361 0.0193352 0.0127942 0.0126226 0.0147535 0.00797213 0.00290412 0.00144931 0.00214861 0.000255093 0 0 0 0 
0 0 0 0 0 0 3.80376e-06 0.00315009 0.00912509 0.0089676 0.00745674 0.00908664 0.00593726 0.00577353 0.00265662 0.0064124 0.00974684 0.0174067 0.012569 0.0119351 0.00613549 0.00475177 0.00449859 0.00439172 0.00694331 0.00598824 0.00466258 0.00162453 0.00107331 0.00575167 0.0109074 0.0102175 0.00420026 0.00254891 0.00327705 0.00788539 0.0108402 0.0193333 0.0132567 0.0111541 0.00481814 0.0104282 0.00916782 0.00659646 0.00627125 0.00620993 0.00503174 0.0113254 0.0184126 0.0154436 0.0122548 0.0089174 0.0106224 0.011598 0.0136848 0.014219 0.0131024 0.00949841 0.0142912 0.0105707 0.012192 0.01292 0.00774214 0.0110277 0.00540738 1.969e-05 0 0 0 
0 0 0 0 0 0 1.84352e-05 0.00151328 0.00633199 0.00896569 0.00991094 0.00951491 0.00741831 0.00772185 0.0087869 0.0100723 0.0163409 0.0169871 0.0102964 0.0123402 0.00942419 0.0110205 0.011154 0.00605664 0.0083506 0.00684583 0.00194814 0.00300548 0.00683118 0.00905841 0.00626745 0.00228878 0.000765133 0.000814025 0.0044474 0.0111805 0.0144613 0.0199363 0.0164735 0.0120314 0.0108535 0.0123026 0.00835679 0.00932002 0.00858923 0.0094172 0.00716616 0.0059397 0.0086533 0.0126407 0.0109583 0.0110308 0.0109978 0.00983295 0.0191921 0.0175101 0.00819645 0.00656237 0.0075188 0.00853905 0.00905225 0.0160492 0.0140299 0.0119165 0.00817471 0.000114979 6.72657e-06 0 0 
0 0 0 0 0 0 0.000334968 0.00417322 0.0078852 0.00721385 0.00787761 0.00714541 0.00790002 0.00512096 0.0113012 0.0154773 0.0175982 0.0142517 0.0122243 0.0124161 0.00744096 0.00910399 0.00704454 0.00625008 0.00512983 0.004164 0.001673 0.00268095 0.00638674 0.00974435 0.00681348 0.00219938 0.00529603 0.00612931 0.00411332 0.0103782 0.0118008 0.0127414 0.0144203 0.0100695 0.0111348 0.0152628 0.010881 0.00963581 0.0177024 0.0186186 0.0186986 0.0167661 0.0102336 0.0121515 0.0111283 0.00850113 0.00943326 0.0114365 0.015192 0.0108994 0.0041168 0.00833666 0.00834277 0.00667579 0.00965507 0.0105886 0.00983835 0.0114501 0.00690776 0.00346364 0.000130204 0 0 
0 0 0 0 0 0.00197925 0.00429064 0.00756985 0.0110156 0.0125683 0.00985338 0.00809838 0.00672153 0.00892563 0.00862107 0.0157591 0.0110977 0.0110232 0.0121819 0.00679059 0.0044363 0.00881097 0.00805647 0.00955237 0.00775168 0.00845832 0.00681962 0.00418274 0.00629851 0.00898099 0.0070593 0.00778882 0.0105529 0.00820664 0.0075445 0.0103592 0.0102561 0.00669255 0.00706756 0.00505963 0.0113862 0.0160074 0.0132873 0.0158449 0.017659 0.0234355 0.0187643 0.0186829 0.0138979 0.00670764 0.00508247 0.00694395 0.0108753 0.0149082 0.012233 0.00823846 0.00485359 0.00773322 0.00904736 0.00718731 0.00831375 0.0146094 0.00523095 0.00935486 0.0077703 0.00678316 0.00138244 0 0 
0 0 0 0.000254857 0.00126246 0.0066177 0.00612197 0.00559358 0.00983345 0.0120672 0.0074571 0.00809971 0.00818355 0.0131641 0.0145373 0.0155992 0.0140642 0.0176752 0.012609 0.0100919 0.00935724 0.0123926 0.00966009 0.011044 0.0128376 0.0130598 0.0181152 0.0126308 0.0142134 0.0168687 0.0156055 0.0188295 0.0159532 0.0121301 0.0110448 0.0151387 0.0128677 0.0100353 0.0100517 0.0107379 0.0143296 0.0153114 0.0150773 0.0207949 0.0216569 0.0234345 0.0243792 0.0131581 0.0111287 0.00517919 0.00418698 0.005779 0.0102979 0.00770531 0.00599695 0.00586078 0.00793335 0.0066944 0.00588735 0.00321658 0.0102892 0.0161681 0.0132397 0.00929106 0.0107517 0.0120084 0.00643649 0.000290161 0 
0 0 6.57364e-05 0.00145777 0.00397694 0.00858715 0.0073656 0.00847871 0.00954699 0.00724415 0.00900164 0.0100407 0.00875067 0.014289 0.0129706 0.0129673 0.00935508 0.00670023 0.00979095 0.0106867 0.00969513 0.00945451 0.0125195 0.0108522 0.0122565 0.018097 0.0189577 0.0175425 0.0237091 0.0201529 0.0154549 0.0127631 0.0189617 0.0176794 0.0166191 0.0154193 0.0124727 0.0142242 0.013698 0.0141553 0.0137191 0.015168 0.0136297 0.018157 0.0256846 0.0382642 0.0398908 0.0315333 0.016662 0.0078383 0.00573607 0.00974549 0.0104225 0.00845841 0.00539039 0.00669893 0.0108718 0.009079 0.0123082 0.00846232 0.0116705 0.0132143 0.0155777 0.0169496 0.0194592 0.0153818 0.00492158 0.000658317 0 
0 0 0.000398079 0.00198793 0.00315648 0.0116851 0.0142303 0.0113001 0.00844042 0.00780919 0.0102577 0.0101045 0.00979173 0.0144315 0.0132998 0.00935767 0.00530729 0.00867476 0.0112383 0.0111429 0.0146831 0.0116296 0.0153318 0.015583 0.0131737 0.0155806 0.0228893 0.0233865 0.0279835 0.0231345 0.0128043 0.0176561 0.0242179 0.0215763 0.0172261 0.0145571 0.0136934 0.0201315 0.0283924 0.0199652 0.0199186 0.0265464 0.0215543 0.0153513 0.0219436 0.0343815 0.039717 0.0377055 0.026412 0.0114819 0.00738074 0.00916041 0.00877234 0.00901054 0.00824842 0.0094602 0.0138866 0.0143407 0.0153089 0.0116579 0.0117246 0.0131148 0.017686 0.0189643 0.0185315 0.0120613 0.00621154 0.00217137 6.70067e-07 
0 0 0.000649326 0.00246987 0.00815627 0.0134592 0.0181693 0.0118551 0.0093578 0.0129531 0.0115987 0.0155637 0.0128926 0.0128224 0.0130489 0.0140528 0.00967947 0.0113598 0.0146093 0.0178291 0.0177119 0.0149692 0.0128194 0.0153929 0.00848642 0.0126348 0.0277097 0.0422226 0.037986 0.0327728 0.0331495 0.0236652 0.0265846 0.0225613 0.0156701 0.0196144 0.0149833 0.0205239 0.0196355 0.0174567 0.018771 0.0262332 0.0297133 0.0259862 0.0241471 0.0271815 0.0256716 0.0293056 0.0196722 0.0148682 0.0113941 0.00593391 0.00883371 0.00770353 0.0131484 0.0106855 0.0117504 0.0170845 0.0133163 0.0137419 0.0118327 0.0108802 0.0151018 0.012366 0.00943248 0.0136541 0.0102073 0.00657509 0.000374295 
0 0.000471692 0.00438418 0.00897526 0.0123236 0.0135607 0.00940011 0.00753167 0.00892598 0.0113155 0.00830936 0.0172199 0.0162267 0.00980331 0.0166993 0.0148498 0.0126614 0.0116364 0.0154261 0.0159814 0.0156251 0.0135178 0.0104714 0.0153332 0.0108857 0.0280637 0.035796 0.0224438 0.0255956 0.0282598 0.0312371 0.0267033 0.0229283 0.0216455 0.0146777 0.0211851 0.0215252 0.0180334 0.0157431 0.0122204 0.0104089 0.0119636 0.0131016 0.012283 0.0142185 0.0174961 0.0223582 0.0220352 0.0227102 0.0184277 0.010103 0.00716645 0.00910959 0.00738412 0.00785912 0.00799878 0.0126737 0.0184651 0.011533 0.0171928 0.0130342 0.0131656 0.0116892 0.0104608 0.010445 0.0130816 0.0102767 0.00731561 0.00117704 
0 0.00182939 0.00874398 0.010769 0.0117075 0.0135514 0.00866644 0.0123054 0.014671 0.0107288 0.0134743 0.0237222 0.0188703 0.0114359 0.0149843 0.0161919 0.0157222 0.0124198 0.0123385 0.00962192 0.0122295 0.0179821 0.0181979 0.0206222 0.0160392 0.0290468 0.0284691 0.0221828 0.0227131 0.0219733 0.0265272 0.0229496 0.0180366 0.021099 0.0181827 0.0135315 0.0137686 0.0114926 0.0061219 0.00432874 0.00813898 0.0137521 0.0135197 0.0128305 0.00885841 0.0126187 0.0170135 0.0153194 0.0221533 0.0169669 0.0110381 0.00595706 0.00857217 0.0115697 0.012521 0.0137161 0.00771006 0.0129887 0.0150467 0.0126129 0.00759101 0.00662306 0.0112975 0.0121218 0.0125329 0.0123795 0.00988781 0.00428116 0.000757404 
2.50711e-05 0.00410256 0.0112766 0.0115868 0.00803577 0.0113778 0.00955891 0.0106738 0.0142516 0.0074168 0.0142171 0.0139538 0.0103828 0.00947864 0.0158656 0.0134397 0.00940085 0.0136436 0.0186244 0.0134668 0.0142667 0.0208948 0.0220271 0.0226522 0.0247259 0.0273134 0.0215377 0.0291802 0.0360922 0.042742 0.0319317 0.0229056 0.0201848 0.0203767 0.0234194 0.0181847 0.0116391 0.00720914 0.00301286 0.00895564 0.0191323 0.0202365 0.0185014 0.0189659 0.0143712 0.0118822 0.0138827 0.00875962 0.012822 0.00995715 0.00722833 0.00994116 0.0166733 0.012902 0.012832 0.0171898 0.00949419 0.0152049 0.0152773 0.0135684 0.00785005 0.00302289 0.014666 0.0141946 0.00875773 0.0154209 0.0133075 0.00520975 0.00149085 
1.21087e-05 0.00524057 0.0105038 0.0103349 0.0124622 0.0130997 0.0146117 0.0105186 0.0136322 0.00638329 0.00958054 0.0116471 0.00950953 0.0145424 0.0149627 0.0161279 0.0126105 0.0114307 0.0210642 0.0256124 0.0158595 0.016351 0.0213295 0.0226905 0.0245644 0.0247747 0.0296094 0.0319395 0.0424896 0.0478841 0.0544501 0.0425561 0.0337174 0.0190228 0.0268709 0.0311028 0.0249325 0.022971 0.0175524 0.0235151 0.026319 0.02024 0.018205 0.0164156 0.0142612 0.0152338 0.0131383 0.00757168 0.00299467 0.00671746 0.010367 0.0109237 0.0151648 0.00851451 0.00656755 0.00897257 0.00555111 0.00946825 0.00783297 0.00671602 0.0080853 0.0111039 0.0168632 0.0123069 0.0101995 0.0132905 0.0153895 0.00602902 0.000555608 
0.000144527 0.00378517 0.0105373 0.0117875 0.0154508 0.0155021 0.0132825 0.00639603 0.00980433 0.00835607 0.0067421 0.0140726 0.011887 0.0167642 0.0152468 0.0159226 0.0150008 0.0143655 0.0234355 0.019469 0.0161804 0.0109437 0.0152355 0.0227592 0.0340547 0.036586 0.0406157 0.037043 0.0432374 0.0433004 0.0509864 0.051152 0.0521099 0.0280875 0.0243222 0.0274862 0.0282244 0.0297031 0.0243415 0.0341173 0.0349194 0.0335222 0.0216 0.0156004 0.0239637 0.0199496 0.0124124 0.00907474 0.00568003 0.00707418 0.00826538 0.00807492 0.0117149 0.00681354 0.0077664 0.0105232 0.00652796 0.00780969 0.00864565 0.0122235 0.0284643 0.0243775 0.0151095 0.0144893 0.0148038 0.0132182 0.0191671 0.00596361 0.000160558 
0.000133223 0.00356496 0.0119732 0.0131821 0.0128616 0.0132787 0.0157993 0.011056 0.0036492 0.00441422 0.00721323 0.0129672 0.0114404 0.013123 0.0113253 0.016486 0.0156115 0.0172157 0.0221102 0.0151985 0.0137369 0.0113775 0.0137224 0.0250482 0.0361976 0.0388415 0.050122 0.0360649 0.0404273 0.0458313 0.0461007 0.0418697 0.0635596 0.0357192 0.0291347 0.0251679 0.0216547 0.0221878 0.0189421 0.0317157 0.0285282 0.0294067 0.0291879 0.0154986 0.0206561 0.0187632 0.0187732 0.0124648 0.00735127 0.00590187 0.00729513 0.00620459 0.00830397 0.00705363 0.00962609 0.0126898 0.0121671 0.0122343 0.0108044 0.0164077 0.0365547 0.0309905 0.0168649 0.00812062 0.0105886 0.0087247 0.0134309 0.0071204 0.000667806 
8.391e-06 0.00552608 0.0133252 0.0128229 0.0120951 0.0147905 0.0137176 0.0123278 0.0112315 0.0063635 0.00960636 0.0145071 0.0143245 0.0106421 0.0142145 0.0178692 0.0165102 0.0187633 0.0292145 0.0267607 0.0155753 0.0210161 0.0300301 0.0352259 0.0340821 0.04092 0.0446034 0.0312454 0.0341481 0.0421762 0.0530206 0.0321312 0.0447367 0.0440469 0.0420175 0.0330634 0.0236571 0.014227 0.0128171 0.0295206 0.0285106 0.0328271 0.0247974 0.016096 0.0185088 0.0230172 0.0305162 0.0222829 0.0158881 0.00756823 0.00636547 0.00804603 0.0117848 0.00908451 0.011112 0.0108502 0.017945 0.016151 0.0165793 0.0130997 0.0212557 0.0147 0.011547 0.00921633 0.012962 0.0130734 0.0161785 0.00417926 0.000319963 
0 0.00345709 0.0107878 0.0117962 0.0121765 0.0101817 0.00978129 0.00924269 0.0165499 0.0114188 0.00741172 0.0146569 0.0181547 0.0123166 0.0143569 0.0166511 0.0195794 0.0203254 0.027079 0.0210831 0.0233818 0.025856 0.0301642 0.035996 0.0362812 0.0504047 0.0418951 0.0305837 0.0337089 0.037906 0.0404596 0.0287302 0.0429449 0.0418788 0.0325217 0.0240447 0.0238761 0.013114 0.0115973 0.0238148 0.0294493 0.0297882 0.0226796 0.0163858 0.0217752 0.0189001 0.0234049 0.0189407 0.0152199 0.00857345 0.00751185 0.0061995 0.0146357 0.0174468 0.0261408 0.0176945 0.0153943 0.0166482 0.0130327 0.0115221 0.0118242 0.0108938 0.0114029 0.0163791 0.0105896 0.0118745 0.0138639 0.00880264 0.000914229 
0 0.00315693 0.0158239 0.0124926 0.0114924 0.00612112 0.00938472 0.00811494 0.00868714 0.0156653 0.0130124 0.0123092 0.013552 0.0178824 0.0194334 0.0219982 0.0231988 0.0209641 0.0239262 0.0265317 0.024597 0.026415 0.0397515 0.0402597 0.0369579 0.0380869 0.0374351 0.0302622 0.0337852 0.0361017 0.0385897 0.0295907 0.0368074 0.0407741 0.0204236 0.0186187 0.0305882 0.0152804 0.0105892 0.0302102 0.0306185 0.0271427 0.0218736 0.0149578 0.0154683 0.0142129 0.0182642 0.0139326 0.00701485 0.00336229 0.00774742 0.00977715 0.0176946 0.0204747 0.0283963 0.023565 0.0148071 0.0144292 0.0115313 0.0100381 0.00955628 0.00928409 0.0152015 0.0132232 0.0050194 0.00623957 0.0074745 0.00629271 0.00126408 
0 0.0013943 0.0111013 0.0117941 0.00657689 0.00232211 0.0032988 0.00660068 0.0103365 0.0115357 0.013468 0.00931377 0.0143691 0.0218518 0.0213282 0.0183386 0.0201186 0.0260232 0.0210439 0.0263541 0.0292097 0.0303069 0.0430658 0.0581888 0.042586 0.0287993 0.028279 0.0213906 0.0260834 0.0251502 0.0345639 0.0315422 0.0281448 0.0337987 0.0222814 0.0306253 0.031558 0.0119706 0.0104402 0.0188545 0.0302056 0.0239749 0.0208734 0.0126998 0.0122998 0.0135864 0.0116426 0.00387999 0.00318044 0.00594452 0.00889472 0.0116358 0.0221033 0.0174521 0.0166321 0.0197851 0.0224345 0.0160483 0.010916 0.0181768 0.0160112 0.00809039 0.0105283 0.00828881 0.00895315 0.019608 0.0134532 0.00634583 0.00145476 
0 1.33262e-05 0.00163951 0.00170585 0.0012182 7.45724e-05 0.00074865 0.00318042 0.0073969 0.0146781 0.0161031 0.0113624 0.0118109 0.0170215 0.022222 0.017539 0.0126523 0.0184457 0.0138226 0.025326 0.0410232 0.0385999 0.0391352 0.0538213 0.0380272 0.0377467 0.0418248 0.0352684 0.0304712 0.0316272 0.0314369 0.0342362 0.0349615 0.0415713 0.0244525 0.0288223 0.0304515 0.0184096 0.0119344 0.0141976 0.0249772 0.0200588 0.013673 0.0128612 0.0111469 0.0160213 0.0112331 0.00246892 0.00400519 0.00876248 0.0076988 0.0125966 0.016782 0.017711 0.0180112 0.0201777 0.0266439 0.0174309 0.00711787 0.0167882 0.0179458 0.00800376 0.00153307 0.0043973 0.0124402 0.0163244 0.0130771 0.00533563 0.00128411 
0 0 0 0 0 0 0.000297549 0.00439838 0.00873256 0.0117159 0.0181904 0.0134511 0.00849718 0.0108789 0.0181042 0.017767 0.0185042 0.0135662 0.0110131 0.0177822 0.02674 0.0332647 0.0208566 0.037971 0.0394665 0.0364208 0.0454712 0.0366147 0.0309201 0.0254959 0.0342763 0.0337853 0.0241227 0.0432758 0.0304178 0.0216574 0.023593 0.0222367 0.0197238 0.0133989 0.0209 0.0236122 0.0100531 0.00260317 0.00680724 0.0168179 0.0166022 0.00495564 0.00732369 0.00736684 0.0083269 0.00663118 0.00986874 0.0219437 0.019627 0.012957 0.0154426 0.0115254 0.00649435 0.0140177 0.0179892 0.0168386 0.00513484 0.008869 0.0135616 0.0118718 0.0110905 0.00510494 0.000840902 
0 0 0 0 0 5.41752e-05 0.00337968 0.0104531 0.0118386 0.00915124 0.0120257 0.0129854 0.013206 0.0111039 0.0101181 0.0198833 0.0215075 0.0149161 0.0124745 0.0199831 0.0238564 0.02911 0.0263098 0.0452233 0.0354337 0.0276285 0.0406397 0.0413105 0.0253245 0.0294147 0.0349539 0.0346914 0.0202694 0.0448797 0.0525454 0.0282276 0.0184079 0.0179545 0.0243103 0.0222025 0.0188599 0.0227853 0.0137959 0.00232337 0.00171135 0.0120944 0.0155373 0.0140782 0.0162838 0.00688395 0.00606892 0.00407371 0.00707056 0.0200319 0.0179442 0.0122794 0.0124389 0.01271 0.0118156 0.0150219 0.020668 0.0219326 0.0208632 0.014315 0.0167416 0.0188777 0.013402 0.00576424 0.00118306 
0 0 0 0 0 0.000223552 0.00505172 0.0142724 0.0140977 0.0138222 0.0108285 0.0132307 0.0124585 0.0117618 0.011956 0.0162699 0.0217653 0.0149803 0.0157051 0.0188361 0.0184581 0.0240797 0.0338666 0.038301 0.0393151 0.0264251 0.0241362 0.0224624 0.0244451 0.0277179 0.0291301 0.0353307 0.0273004 0.0374942 0.0547382 0.0374201 0.0185965 0.016102 0.0194324 0.0246207 0.0160949 0.018467 0.0220944 0.0100689 0.00679684 0.00480124 0.0118463 0.0116839 0.0151029 0.0120964 0.0121903 0.00735426 0.00730618 0.0145366 0.018779 0.0168539 0.0188222 0.0170377 0.0155881 0.0207302 0.0235537 0.0198774 0.0208811 0.0141545 0.0122998 0.016952 0.0168822 0.00862127 0.00142377 
0 0 7.45687e-05 0.000566794 2.24421e-05 0.000559644 0.00757667 0.0129781 0.0102981 0.0108116 0.00986034 0.0116145 0.00999102 0.0125653 0.00769446 0.0131455 0.0174417 0.0149323 0.0149713 0.0145674 0.0141631 0.0197413 0.0243184 0.0259672 0.0300566 0.028645 0.0226 0.0218453 0.0198836 0.0202146 0.0300626 0.0361244 0.025993 0.0295076 0.0371009 0.0341498 0.019156 0.0241328 0.0203699 0.0282311 0.0222904 0.01932 0.021176 0.0142967 0.0128497 0.00448833 0.00696925 0.0115425 0.0116262 0.0102565 0.0112967 0.00775379 0.00291652 0.00948617 0.0171769 0.0191868 0.0263824 0.0246356 0.0176049 0.0134262 0.0186663 0.0183651 0.0195168 0.0152699 0.0120211 0.0145718 0.0152677 0.00870843 0.00300662 
0 0 0.000488745 0.00464919 0.00121634 0.000158666 0.00242246 0.0097265 0.00851587 0.00853863 0.0152065 0.0158546 0.0105842 0.0103881 0.00923853 0.0122902 0.0123608 0.0105995 0.0165202 0.0154552 0.0157282 0.0144269 0.0135719 0.0141857 0.0262662 0.0303595 0.029041 0.0289788 0.021729 0.0289845 0.0354785 0.0374951 0.0272988 0.0245199 0.0201533 0.0174833 0.0262259 0.0307416 0.0336767 0.0280936 0.021796 0.0199684 0.016573 0.0148957 0.0150995 0.00569996 0.00389508 0.00626762 0.0120326 0.0135428 0.0130237 0.0048912 0.0019469 0.01003 0.0156085 0.0170308 0.0237278 0.0166755 0.0225408 0.0158241 0.0110289 0.0166862 0.0188951 0.0162619 0.013756 0.0155141 0.00778534 0.00504389 0.00166661 
0 0 0.000171934 0.00317974 0.000867962 0.00175667 0.0039276 0.00699182 0.009572 0.00571061 0.00877144 0.0155841 0.0085852 0.00942524 0.0208289 0.0219679 0.0181072 0.01648 0.0217276 0.0213 0.020399 0.0191942 0.0163311 0.0122907 0.0192286 0.0248034 0.0310231 0.0310475 0.0192524 0.0212319 0.0281504 0.0289759 0.0233889 0.0262948 0.0163999 0.0166323 0.0299158 0.0308937 0.0373574 0.0246144 0.0257137 0.020097 0.018337 0.0215517 0.0181167 0.00846521 0.00729897 0.00816254 0.0164481 0.0162623 0.0105979 0.00413309 0.00668316 0.0167921 0.0159588 0.0151536 0.0234442 0.0180849 0.0206672 0.024079 0.012189 0.016468 0.0177156 0.01903 0.0157629 0.0108933 0.00649091 0.00294062 0.000144396 
0 0 0 0.00145351 0.00320344 0.00256801 0.00375935 0.00400674 0.0108552 0.00864037 0.00337593 0.0054386 0.00566632 0.0103088 0.0124119 0.0155895 0.0169991 0.0192408 0.0165745 0.0216191 0.0222941 0.0188278 0.0157338 0.0201058 0.0165094 0.0175484 0.0220465 0.0170367 0.0233347 0.0271723 0.0294115 0.0252462 0.0334007 0.024202 0.0198739 0.0184463 0.0185761 0.0219991 0.0211144 0.0200041 0.0251443 0.0186598 0.0204838 0.0179593 0.0154414 0.016278 0.00983402 0.00825483 0.0130797 0.0133232 0.0130129 0.0022642 0.0083715 0.0151051 0.0158567 0.0165473 0.0161867 0.0103867 0.0112243 0.023476 0.0230009 0.0187223 0.0165641 0.0147619 0.0133447 0.00807343 0.00742289 0.00251508 0 
0 0 0 0.000120471 0.0014091 0.001941 0.00441412 0.00503349 0.00729207 0.00962135 0.00394233 0.00521187 0.00422518 0.00723451 0.00867804 0.0094467 0.0103547 0.00787652 0.00962297 0.0118392 0.0127387 0.0189278 0.0157097 0.017516 0.0176387 0.0205926 0.0148456 0.0116803 0.0158658 0.0235764 0.0230105 0.024685 0.0330909 0.0240579 0.0181689 0.0182652 0.0129632 0.010274 0.00997896 0.0171727 0.013598 0.00734652 0.00994669 0.00586753 0.00922153 0.0140198 0.0154779 0.017068 0.0138595 0.0143649 0.0174785 0.005846 0.00624851 0.0107389 0.0171984 0.0149963 0.0117028 0.00531116 0.0085147 0.0187964 0.0218997 0.0173566 0.0131239 0.0148322 0.0165327 0.0145889 0.00888568 0.00152975 0 
0 0 0 0 0.000809365 0.0011576 0.00386365 0.00592187 0.00940621 0.00654931 0.00357038 0.00581334 0.00553177 0.0063098 0.0060415 0.00567222 0.00363201 0.00615271 0.00654609 0.00646016 0.010247 0.01642 0.0139207 0.015532 0.0174422 0.0127964 0.00576225 0.00779721 0.0123266 0.0222006 0.025355 0.0282943 0.0217234 0.0152112 0.0189906 0.0183564 0.00913871 0.00847311 0.00487671 0.015499 0.00967468 0.000645888 0.00237695 0.00418849 0.0116279 0.0174074 0.0198569 0.0215215 0.0188895 0.0139194 0.0163461 0.0106973 0.00219003 0.00377125 0.0101231 0.0182268 0.0199773 0.0102983 0.0128509 0.0206352 0.0181653 0.0145124 0.0113816 0.0171229 0.0194821 0.012253 0.00643388 0.000596755 0 
0 0 0 0 0 0 0.000384134 0.000781157 0.00257948 0.00245244 0.00224317 0.00282766 0.00228263 0.00131221 0.00130207 0.00193943 0.00201032 0.00873759 0.0121329 0.00733822 0.00965152 0.0171501 0.0232979 0.0226212 0.018989 0.0112977 0.00885742 0.00539255 0.0132563 0.0155011 0.0253231 0.02368 0.0159845 0.0197317 0.0200003 0.014768 0.00976999 0.00577281 0.00500667 0.0172114 0.0160608 0.00133422 0.00601399 0.00445212 0.00863338 0.00943152 0.0129317 0.0148748 0.0133348 0.0106143 0.014317 0.00735749 0.00455012 0.00192559 0.00699508 0.0167483 0.0150795 0.0119105 0.0166499 0.0236306 0.0197609 0.0161228 0.0162101 0.0149008 0.0142703 0.0120841 0.00248542 0 0 
0 0 0 0 0 0 0.000761205 0.00268892 0.0016287 0.0027595 0.00161872 0.00152052 0.00327615 0.00672052 0.00881361 0.00535192 0.013875 0.0210992 0.0223803 0.0175055 0.0128185 0.0143966 0.0215695 0.031422 0.0284547 0.0152628 0.0112413 0.00684171 0.0097023 0.0129747 0.0215832 0.0191781 0.022025 0.0181778 0.0201282 0.0122487 0.00461655 0.00566313 0.0108586 0.0157866 0.0166932 0.00389593 0.00384692 0.00355976 0.00710352 0.00451933 0.00231735 0.00676341 0.0114833 0.0101602 0.0121521 0.00542204 0.00248699 0.00162608 0.00853786 0.0144325 0.014523 0.0192082 0.0161781 0.0115176 0.0137245 0.011845 0.0166183 0.0138611 0.0131791 0.00801295 0.000604002 0 0 
0 0 0 0 0 0 0.00126794 0.00320404 0.00214539 0.00555296 0.00544236 0.00867397 0.0132968 0.0128558 0.0161441 0.0109334 0.0139365 0.015435 0.0118669 0.0187916 0.0172931 0.00813117 0.0173373 0.0242548 0.0288197 0.0242701 0.0211938 0.0186811 0.0184689 0.0148617 0.0202593 0.0167199 0.0160205 0.0149382 0.0135194 0.00742031 0.00598816 0.0122275 0.0164936 0.0184081 0.0093162 0.00260161 0.00293808 0.00473605 0.00510409 0.00084186 0.000186107 0.00292061 0.0140475 0.0101543 0.00702299 0.0025916 0.000770809 0.0039755 0.0112949 0.0143055 0.0169672 0.0237248 0.0143865 0.011465 0.0135792 0.0160386 0.0139795 0.00859432 0.00743435 0.00308297 0 0 0 
0 0 0 0 0 0.00119856 0.00289781 0.00351703 0.000300908 0.00177247 0.00338435 0.00444116 0.00801208 0.00763461 0.0143129 0.0167653 0.0166853 0.0113046 0.0065013 0.00842518 0.0115298 0.00820543 0.0106469 0.0149766 0.0228018 0.0253723 0.0223131 0.0194989 0.0171209 0.0160487 0.0131394 0.00920509 0.00863081 0.00605685 0.00380754 0.00332013 0.00600229 0.0120493 0.0167259 0.0139391 0.00626943 0.000627459 0.00346986 0.00376004 0.00159395 0.000565197 0 0.000915511 0.00850415 0.0100273 0.00575261 0.00252176 0.00783452 0.0185659 0.0170573 0.0157622 0.0227321 0.0247458 0.0186304 0.0202452 0.0214892 0.0202472 0.0110221 0.00582451 0.00367198 0.000197445 0 0 0 
0 0 0 0 0 0.000537786 0.00117844 0.000595412 0.00039845 0.00126365 0.000349397 1.27976e-05 5.07967e-05 0.000970053 0.010129 0.0170589 0.0181693 0.0180689 0.0167397 0.013995 0.0106356 0.0121002 0.00538908 0.00571596 0.00956711 0.00725271 0.0115993 0.0112247 0.00800101 0.00608531 0.0044912 0.00445248 0.00567006 0.00380517 0.00237452 0.00362624 0.00811696 0.0145213 0.013686 0.0102544 0.00509395 0.000972578 0.00286457 0.00211917 0.0005878 0 0 4.01895e-05 0.000851559 0.00176755 0.00279391 0.00775062 0.0161117 0.0301058 0.0212255 0.0162721 0.0236543 0.0225261 0.0194987 0.0211876 0.0161455 0.0183604 0.0119651 0.00508189 0.0038714 2.03212e-05 0 0 0 
0 0 0 0 0 0 0 0.000452029 0.00715385 0.00846333 0.00234546 0 0 0.000311377 0.00693812 0.0132474 0.0182008 0.018561 0.0180183 0.0144049 0.0133231 0.0174815 0.00805956 0.00780976 0.00541454 0.00519341 0.0102911 0.0121514 0.0119857 0.00731454 0.00506195 0.00484779 0.00201093 0.00166129 0.00405683 0.00863306 0.00849502 0.0104896 0.0105381 0.004968 0.000629778 0.001191 0.00310785 0.0040874 0.0012953 0.00192806 0.00284742 0.00225218 0.000267896 0.0002837 0.0106463 0.0132437 0.00920863 0.0121512 0.0158496 0.0192933 0.0225198 0.0203115 0.0173614 0.0168967 0.0128482 0.0117033 0.00886436 0.00255336 0.000289732 0 0 0 0 
0 0 0 0 0 0 0 0.000518178 0.0039401 0.00541657 0.00120382 5.71712e-05 0.0015211 0.00601025 0.0119237 0.0117748 0.017421 0.0145697 0.0137251 0.016617 0.0124344 0.0117852 0.00798315 0.00786279 0.00442187 0.00832783 0.010553 0.00813644 0.010221 0.00474774 0.00559612 0.00649202 0.00531774 0.00445786 0.00590331 0.00832851 0.00724789 0.00844829 0.00613642 0.00370512 0.00294266 0.00631766 0.00552805 0.00669266 0.00365294 0.00647701 0.00786061 0.0111741 0.00319075 0.00260782 0.0119413 0.0140877 0.0123844 0.0108639 0.0167024 0.0221305 0.020879 0.00867238 0.010288 0.0116577 0.00742953 0.00526202 0.00346424 0.000252865 0 0 0 0 0 
0 0 0 0 0 0 0 0 0 0.000488988 0.00102266 0.00136019 0.00917861 0.0229874 0.0218347 0.0125652 0.0195456 0.0200903 0.0149178 0.0174701 0.0194783 0.0116109 0.00501856 0.0127404 0.0163131 0.0167347 0.0129703 0.0127535 0.010098 0.00269073 0.00189375 0.00411534 0.00787 0.00760587 0.00353563 0.00132696 0.00292973 0.00679503 0.00779194 0.00802011 0.00608233 0.0150521 0.0108557 0.00727548 0.00703817 0.00861012 0.00222629 0.00651286 0.00507074 0.00286307 0.0113154 0.0107305 0.0133734 0.0146144 0.0179802 0.0231398 0.0178137 0.00867239 0.0105329 0.0138009 0.00630883 0.00637187 0.00187646 0 0 0 0 0 0 
0 0 0 0 0 0 0 0 0 0 0.000816229 0.00418148 0.0221648 0.0278619 0.0271927 0.0239364 0.02338 0.0185923 0.0269174 0.0236303 0.0195879 0.0172846 0.013429 0.0207562 0.0209885 0.0168315 0.0140885 0.0121151 0.00948264 0.0108375 0.00514289 0.00779638 0.00962805 0.00581626 0.00302543 0.000621455 0.00488153 0.00729667 0.00701866 0.00549332 0.00390206 0.0136115 0.0105047 0.00701471 0.00967043 0.00668937 0.00112733 0.00162556 0.00357032 0.00118887 0.0143519 0.0186171 0.0164353 0.013545 0.0148521 0.0121648 0.0084969 0.00758654 0.0116088 0.0101132 0.00302037 0.00260473 0.00021702 0 0 0 0 0 0 
0 0 0 0 0 0 0 0 0 0 9.59255e-05 0.00635006 0.0259924 0.0313879 0.0318485 0.0204036 0.0110233 0.0078992 0.0162544 0.0188072 0.0182542 0.0244341 0.0235803 0.0201802 0.0244216 0.0207929 0.0136638 0.0045769 0.00673894 0.00580421 0.00781623 0.0139087 0.0177788 0.0141474 0.00581243 0.00424926 0.00625499 0.0042205 0.0050017 0.0045625 0.00482084 0.00761596 0.00568597 0.00912861 0.0116693 0.0107229 0.00773269 0.00219928 0.00338284 0.004497 0.0112391 0.0160993 0.00824661 0.0100102 0.0117771 0.00968016 0.00667167 0.00521259 0.00375017 0.00468561 0.00134203 0 0 0 0 0 0 0 0 
0 0 0 0 0 0 0 0 0 0 0 0.00320505 0.0147953 0.020557 0.0177673 0.00551977 0.00533887 0.00598447 0.00302594 0.0058916 0.00866796 0.0194444 0.0269244 0.0194106 0.0275512 0.0280689 0.0168646 0.0128641 0.00739199 0.0102893 0.0158388 0.0224065 0.0268338 0.0152054 0.00717986 0.00909782 0.0115477 0.00706656 0.0054652 0.00550296 0.00589917 0.00693729 0.0102304 0.00939865 0.0135811 0.0132326 0.00755018 0.00570697 0.0074629 0.0119577 0.014948 0.0114607 0.0152337 0.0178974 0.0096933 0.0103651 0.0135094 0.00391794 0.00270641 0.000796681 1.93652e-05 0 0 0 0 0 0 0 0 
0 0 0 0 0 0 0 0 0 0 0.000115928 0.0017969 0.00280989 0.006108 0.00798826 0.0124656 0.0143415 0.0129393 0.0112158 0.00722075 0.00565252 0.00504348 0.00972341 0.0151652 0.0267786 0.0311071 0.0239789 0.0174099 0.0173921 0.0211168 0.0251671 0.023773 0.0195468 0.0141717 0.0112866 0.0109997 0.00969319 0.00833089 0.00654945 0.00497735 0.0056642 0.00765639 0.00944136 0.0214692 0.0229841 0.00997495 0.00633432 0.0115105 0.0115659 0.0140764 0.0167635 0.0141075 0.013599 0.011497 0.005075 0.00979594 0.0191025 0.00672034 0.000594852 0.000112996 0 0 0 0 0 0 0 0 0 
0 0 0 0 0 0 0 0 0 0 6.16672e-05 0.00205997 0.00690865 0.0114245 0.00979378 0.012252 0.00656312 0.003 0.00424413 0.0052813 0.00903461 0.00689385 0.00975987 0.0104422 0.010567 0.0163304 0.019355 0.0175418 0.0199972 0.0250908 0.0240903 0.0183414 0.0123378 0.0107359 0.0129684 0.00919113 0.0108959 0.00968183 0.00593282 0.00177659 0.0110324 0.01052 0.0069598 0.0209565 0.0173156 0.00642473 0.0104569 0.0153952 0.0180382 0.0162274 0.0202604 0.0188924 0.0180427 0.0151024 0.0122385 0.0189045 0.0177703 0.00365373 2.25197e-06 0 0 0 0 0 0 0 0 0 0 
0 0 0 0 0 0 0 0 0 0 0 0.000105794 0.000865803 0.00337458 0.00632919 0.00862485 0.00492055 0.000741523 0.000531252 0.00642094 0.0100853 0.00744978 0.00900213 0.0136108 0.0134748 0.00911896 0.0136268 0.0214811 0.0226343 0.0277421 0.0158934 0.0118834 0.00713287 0.00236018 0.006113 0.00579943 0.00879316 0.0110953 0.00392286 0.00373567 0.00847361 0.00964191 0.00746706 0.0143104 0.0113243 0.00580898 0.00970436 0.0119626 0.0193498 0.0200603 0.0187191 0.0150986 0.025611 0.0279122 0.0197267 0.0148246 0.00780627 0.000695158 0 0 0 0 0 0 0 0 0 0 0 
0 0 0 0 0 0 0 0 0 0 0 0 0 5.62972e-05 0.000372615 0.00155485 0.000807473 0 0.00453738 0.0108297 0.0185945 0.0138649 0.00835323 0.0105024 0.0117708 0.00944573 0.0107626 0.0146729 0.0182281 0.01668 0.00902488 0.0127188 0.00616652 0.00636278 0.00700067 0.00958728 0.0116096 0.00989242 0.0101986 0.0127445 0.016525 0.00790821 0.00595772 0.0100085 0.0138514 0.00902758 0.00502612 0.00816563 0.0180358 0.0152928 0.00660189 0.00356154 0.00823205 0.0141037 0.0123474 0.00337191 0.000598783 0 0 0 0 0 0 0 0 0 0 0 0 
0 0 0 0 0 0 0 0 0 0 0 0 0 0 0 0 0 0.00076236 0.00810179 0.0198894 0.015776 0.0141664 0.0161974 0.0218463 0.00717256 0.010105 0.0100306 0.00846988 0.00831736 0.00771015 0.00728165 0.00644548 0.00392023 0.0110371 0.00943801 0.0115341 0.0138056 0.0123312 0.0150231 0.0226976 0.0301558 0.0207289 0.00293038 0.00403782 0.00953402 0.00806493 0.00422118 0.00732399 0.00731737 0.00720402 0.00537943 0.000753837 0.00104879 0.00258903 0.00163032 0.000209825 0 0 0 0 0 0 0 0 0 0 0 0 0 
0 0 0 0 0 0 0 0 0 0 0 0 0 0 0 0 0 0.00143283 0.00618458 0.00912135 0.0124758 0.0151789 0.0127979 0.0137461 0.0088087 0.0106456 0.0106354 0.0103655 0.0105437 0.0100854 0.00759631 0.00626544 0.00827274 0.0151211 0.0138006 0.00832963 0.0103639 0.0132441 0.0154857 0.0237449 0.0242226 0.0187298 0.00430582 0.00482277 0.0125004 0.00337458 0.00437997 0.0112811 0.0111567 0.0080527 0.0020387 0.000154726 0 0 0 0 0 0 0 0 0 0 0 0 0 0 0 0 0 
0 0 0 0 0 0 0 0 0 0 0 0 0 0 0 0 0 4.74666e-05 9.60354e-05 0.000403435 0.00655015 0.00931139 0.00854826 0.00954659 0.0114409 0.00895081 0.00692306 0.00610493 0.00514685 0.00482029 0.00397255 0.00489471 0.00656569 0.00466389 0.00780502 0.00931155 0.0089839 0.0104514 0.0112224 0.0162523 0.0167963 0.0144922 0.00645072 0.00281801 0.00573484 0.00134953 0.00625445 0.0140289 0.0125288 0.00445906 0.000246266 0 0 0 0 0 0 0 0 0 0 0 0 0 0 0 0 0 0 
0 0 0 0 0 0 0 0 0 0 0 0 0 0 0 0 0 0 0 0.000303283 0.00233272 0.00237601 0.00692924 0.00882054 0.00934144 0.00686694 0.00980149 0.00725021 0.00346427 0.0045427 0.005851 0.00557749 0.00358755 0.000447992 0.00231057 0.0082108 0.0108244 0.0148604 0.018407 0.0112613 0.0150928 0.0175709 0.0129084 0.00403088 0.000215928 0.000812734 0.00200633 0.00443803 0.00434425 0.00109177 0 0 0 0 0 0 0 0 0 0 0 0 0 0 0 0 0 0 0 
0 0 0 0 0 0 0 0 0 0 0 0 0 0 0 0 0 0 0 0 0 0.000546914 0.00163498 0.00484564 0.0120301 0.00755678 0.00685059 0.0129901 0.00863069 0.0102222 0.00554434 0.00162417 0.00171144 0.000743407 0.00359764 0.011767 0.0144748 0.0161533 0.0180092 0.0124039 0.0130625 0.0159725 0.0133898 0.00304864 4.14425e-05 2.86554e-05 0.000812519 0.00139839 0.000238438 0 0 0 0 0 0 0 0 0 0 0 0 0 0 0 0 0 0 0 0 
0 0 0 0 0 0 0 0 0 0 0 0 0 0 0 0 0 0 0 0 0 0 7.13405e-05 0.000721635 0.00282146 0.00255264 0.00288121 0.00856851 0.00657753 0.00340244 0.00166733 0.00170929 0.000540864 0.000595416 0.00346044 0.0110968 0.0166107 0.0147184 0.0119187 0.0105891 0.0196357 0.0136867 0.00534585 0.000647231 0 0 0 0 0 0 0 0 0 0 0 0 0 0 0 0 0 0 0 0 0 0 0 0 0 
0 0 0 0 0 0 0 0 0 0 0 0 0 0 0 0 0 0 0 0 0 0 0 0 0 1.12725e-07 0.000164449 0.0016642 0.000921589 0.000232585 0.000171951 0.000332674 2.67295e-05 0 0.000251894 0.00215752 0.00299309 0.00155193 0.00134538 0.00285851 0.00524503 0.00352425 0.00105273 2.0828e-05 0 0 0 0 0 0 0 0 0 0 0 0 0 0 0 0 0 0 0 0 0 0 0 0 0 

