0 0 0 0 0 0 0 0 0 0 0 0 0 0 0 0 0 0 0 0 0 0 0 0 0 0 0 0 6.78659e-07 5.56097e-05 0.000486124 0.000604906 0.000173213 0.000380452 1.78323e-05 0 0 0 3.34946e-05 0.000137101 0 0 0 0 0 0 0 0 0 0 0 0 0 0 0 0 0 0 0 0 0 0 0 0 0 0 0 0 0 
0 0 0 0 0 0 0 0 0 0 0 0 0 0 0 0 0 0 0 0 0 0 0 0 0 0 0 0.000172828 0.00441028 0.00842063 0.00829268 0.00995108 0.00324228 0.00455552 0.00244967 0.000205642 0.000266896 0 0.000507364 0.0033595 0.00114442 0.000412755 0.000214248 0.000168058 1.13804e-06 0 0 0 0 0 0 0 0 0 0 0 0 0 0 0 0 0 0 0 0 0 0 0 0 
0 0 0 0 0 0 0 0 0 0 0 0 0 0 0 0 0 0 0 0 0 0 3.72553e-05 0.000832679 0.000475804 1.23725e-05 7.27403e-06 0.00111668 0.0121096 0.0210007 0.0210588 0.0135604 0.00892202 0.00588244 0.00813331 0.00236772 0.0016458 0.0028578 0.00274658 0.00592918 0.00966124 0.00512842 0.00903941 0.00951504 0.0066083 0.000795089 0.000443474 7.19997e-05 0 0 0 0 0 0 0 0 0 0 0 0 0 0 0 0 0 0 0 0 0 
0 0 0 0 0 0 0 0 0 0 0 0 0 0 0 0 0 0 0 0 0.000720091 0.00340216 0.00760217 0.0145956 0.00969124 0.00338284 0.00150705 0.00103126 0.0038147 0.00856741 0.0178391 0.00884781 0.0115057 0.0130775 0.012034 0.00973583 0.00776348 0.00900042 0.0127234 0.00932635 0.016432 0.0152476 0.0185156 0.0219996 0.0216932 0.0104921 0.00343119 0.000672326 0.000157571 1.2557e-05 0 0 0 0 0 0 0 0 0 0 0 0 0 0 0 0 0 0 0 
0 0 0 0 0 0 0 0 0 0 0 0 0 0 0 0 0 0 0.000352769 0.00388134 0.0118474 0.0200699 0.0191802 0.0188173 0.0196609 0.0130052 0.01322 0.0142525 0.00873285 0.00863659 0.0142771 0.0130525 0.0139735 0.0127469 0.0125171 0.0126805 0.0132961 0.0123402 0.0143676 0.0135427 0.0157071 0.019343 0.022062 0.0250691 0.023679 0.0230658 0.0106191 0.00532713 0.00449202 0.00312041 0.0012493 0.00042259 0 0 0 0 0 0 0 0 0 0 0 0 0 0 0 0 0 
0 0 0 0 0 0 0 0 0 0 0 0 0 0 0 0 0 0.000543273 0.00395078 0.014282 0.0257403 0.03152 0.025219 0.0168448 0.0197149 0.0169582 0.0183622 0.0297841 0.0263393 0.0204562 0.0267487 0.020548 0.0117799 0.00962071 0.0118062 0.0166487 0.0118157 0.0125919 0.0122404 0.012208 0.0124271 0.0159218 0.0144672 0.0221236 0.029139 0.0255061 0.0150772 0.0141524 0.0206541 0.017081 0.0101698 0.00453104 0.000148103 0 0 0 0 0 0 0 0 0 0 0 0 0 0 0 0 
0 0 0 0 0 0 0 0 0 0 0 0 0 0 0 0.000861359 0.00258088 0.00611462 0.0139966 0.0212958 0.0248833 0.0303742 0.025573 0.015873 0.0170282 0.0188888 0.0205632 0.028526 0.0321201 0.0282043 0.0255118 0.0144601 0.00931728 0.00598053 0.0107695 0.0108231 0.0107383 0.0143857 0.0132756 0.0157167 0.0207626 0.014348 0.0150626 0.0216439 0.0257784 0.0255994 0.0212353 0.0225039 0.0247309 0.0169055 0.0169407 0.00987841 0.00125621 0 0 0 0 0 0 0 0 0 0 0 0 0 0 0 0 
0 0 0 0 0 0 0 0 0 0 0 0 0 0 0.00026249 0.00768299 0.0100782 0.00685376 0.0048356 0.00800972 0.00597973 0.0141517 0.028199 0.0219956 0.0169876 0.0268868 0.0211461 0.0240384 0.0341113 0.0271969 0.0223941 0.011432 0.00837445 0.010074 0.0143965 0.010681 0.012739 0.0165224 0.0201665 0.0299589 0.0313988 0.022623 0.0162288 0.019154 0.0244164 0.0257978 0.0283367 0.0358027 0.0276698 0.0144334 0.0158402 0.0115333 0.0014945 0 0 0 0 0 0 0 0 0 0 0 0 0 0 0 0 
0 0 0 0 0 0 0 0 0 0 0 0 0 0 0.000107437 0.00157876 0.00184294 0.000354633 0.000706157 0.000122452 0.00149223 0.0119277 0.0249157 0.0352113 0.0202436 0.022158 0.0198704 0.0205082 0.0257352 0.0266886 0.0268009 0.0245732 0.0167685 0.0213708 0.0191271 0.0188144 0.0221133 0.0279085 0.0364762 0.0406987 0.0337047 0.026212 0.0202677 0.0155023 0.0227953 0.0254207 0.036221 0.0303338 0.0313254 0.0188443 0.0143655 0.0141096 0.00298647 0.000756394 0.00165922 1.74581e-05 0 0 0 0 0 0 0 0 0 0 0 0 0 
0 0 0 0 0 0 0 0 0 0 0 8.42408e-05 0.00186215 0.0029901 0.0021928 0.000848892 4.93663e-05 0.000460654 0.00112791 0.00241953 0.00213229 0.0100511 0.0229752 0.0392997 0.0263673 0.0246569 0.0244021 0.0189111 0.0215728 0.034921 0.0236038 0.0266139 0.0197915 0.0173091 0.0232676 0.0265641 0.0219025 0.0244542 0.0335874 0.0297993 0.0303576 0.0293621 0.0212004 0.0213583 0.0211709 0.0253029 0.0322841 0.0275383 0.0255619 0.0219152 0.0189556 0.0131508 0.00546532 0.000493141 0.00190234 0.000435326 0.000917299 0.00088577 0 0 0 0 0 0 0 0 0 0 0 
0 0 0 0 0 0 0 0 0 0 0.000225416 0.00238166 0.00755734 0.0135155 0.0110255 0.00726748 0.00521922 0.00414291 0.00776438 0.0105928 0.00780041 0.0149129 0.0260118 0.0266361 0.0270741 0.017504 0.0208041 0.0279299 0.0293223 0.0288363 0.0269642 0.0294019 0.0220248 0.0116695 0.0225448 0.0278694 0.0175417 0.0137665 0.0250393 0.0252629 0.0256144 0.0256318 0.0258201 0.0269754 0.0209629 0.0259931 0.028696 0.026633 0.0261845 0.0186779 0.0166528 0.0150916 0.0145821 0.00499777 0.00391703 0.00406455 0.00253409 0.00389131 0.00181886 0 0 0 0 0 0 0 0 0 0 
0 0 0 0 0 0 0 0 0 0.000534954 0.00604521 0.00863069 0.0134292 0.0173407 0.0171652 0.0138531 0.0159794 0.0145702 0.0188192 0.0221698 0.0148127 0.0184138 0.024984 0.0245126 0.02649 0.0163097 0.0287056 0.0316291 0.0369794 0.0253029 0.0172261 0.0168379 0.0252024 0.0235877 0.0261495 0.0280772 0.0222001 0.0160868 0.0256725 0.0276155 0.0253191 0.0228585 0.0304264 0.0295258 0.0231957 0.0195172 0.0234252 0.0275854 0.0226982 0.026332 0.0180049 0.0172547 0.0187863 0.0174546 0.0152288 0.00719867 0.00533811 0.00772581 0.00344219 4.34062e-05 0 0 0 0 0 0 0 0 0 
0 0 0 0 0 0 0 0 0 0.00360677 0.0142536 0.0130798 0.0127408 0.0171182 0.0196266 0.0180493 0.0135335 0.0153755 0.017216 0.0187665 0.0161733 0.0219347 0.0311142 0.0252508 0.02565 0.0186121 0.0273321 0.0284857 0.0347564 0.021839 0.0162871 0.024207 0.0285086 0.0310011 0.0257208 0.0279855 0.0307327 0.0252658 0.0194327 0.0251533 0.0302742 0.0267431 0.0287017 0.0363798 0.0280202 0.0140102 0.0163884 0.0134827 0.0199233 0.0182564 0.0204926 0.0116238 0.0121432 0.0147957 0.0134261 0.00860397 0.013583 0.0198222 0.0102766 0.00144789 0.000208551 8.52773e-05 0 0 0 0 0 0 0 
0 0 0 0 0 0 0 0 0 0.0047488 0.0159313 0.0201169 0.0135049 0.0183761 0.0265456 0.0199612 0.0148661 0.0139178 0.0180873 0.0211135 0.0205107 0.0258098 0.0341428 0.0272209 0.0209558 0.0188308 0.0240906 0.0298099 0.0263367 0.0240764 0.0255097 0.0266488 0.0226053 0.0348854 0.0247379 0.0234526 0.0253147 0.0261505 0.0249079 0.0206916 0.0275236 0.0208223 0.0278256 0.0365483 0.0349062 0.0186857 0.0136884 0.0105834 0.0205199 0.019087 0.0195252 0.0230065 0.0116104 0.00736437 0.0126522 0.0129738 0.0160885 0.0204782 0.0147591 0.00782861 0.00677903 0.00320129 9.85514e-06 0 0 0 0 0 0 
0 0 0 0 0 0 0 0.000114627 0.000288808 0.00235217 0.0110444 0.0130607 0.0135898 0.0155898 0.0216975 0.0211252 0.0198186 0.0184706 0.021685 0.0254487 0.0193802 0.0240306 0.0261088 0.0236242 0.0157487 0.0220337 0.0256972 0.0247816 0.0244171 0.0280524 0.0221411 0.0227006 0.0299383 0.0351252 0.0321184 0.0302299 0.022908 0.0210945 0.0283404 0.0281544 0.0313851 0.0243851 0.0192291 0.0260997 0.0265376 0.0178115 0.0227899 0.0157143 0.0128887 0.0191581 0.0221854 0.0356786 0.0227791 0.0101923 0.0134472 0.0195125 0.0183689 0.0244434 0.0126371 0.00968827 0.0130225 0.00782738 0.00157627 0 0 0 0 0 0 
0 0 0 0 0 0 0.000902303 0.00586357 0.00477659 0.00596166 0.0120169 0.0102293 0.0183309 0.0254891 0.0245395 0.0180127 0.0158097 0.0227005 0.0250796 0.0238863 0.0182901 0.0242614 0.0204332 0.0205102 0.0167134 0.0218765 0.026491 0.0188595 0.0224346 0.0228517 0.028842 0.0253162 0.0256625 0.02715 0.0289167 0.0261246 0.0232757 0.0175782 0.0291187 0.0312313 0.0291133 0.017118 0.0183026 0.0194294 0.0225943 0.0295315 0.0522588 0.0272473 0.0121954 0.0136638 0.0196212 0.0378926 0.0242144 0.0124327 0.015285 0.0187237 0.0202876 0.023398 0.0144235 0.00933426 0.0123603 0.00975133 0.00665313 4.61636e-05 0 0 0 0 0 
0 0 0 0 0 3.75138e-05 0.00486171 0.0144277 0.0147138 0.0138521 0.0105604 0.0097596 0.012869 0.0228036 0.0182654 0.0177106 0.0181363 0.0205108 0.0234876 0.0186584 0.0237723 0.0247723 0.0179877 0.016462 0.0165235 0.0216342 0.0208265 0.0176647 0.0159917 0.0255493 0.0293149 0.0291038 0.0273943 0.0277077 0.0189812 0.0196343 0.0298006 0.0227405 0.0224782 0.0305024 0.0304887 0.0247685 0.0284116 0.0229712 0.0264468 0.0256435 0.0445505 0.037314 0.00908532 0.0107104 0.0127845 0.0281252 0.0178903 0.0164827 0.0141401 0.0173006 0.0162842 0.0151261 0.0174316 0.0195501 0.0174116 0.0149117 0.00708166 0.000582451 1.86619e-05 0 0 0 0 
0 0 0 0 0 0.000284522 0.00667455 0.0119426 0.0099026 0.0109117 0.0138465 0.0143829 0.0222424 0.0241835 0.0191945 0.0201952 0.0121157 0.0153933 0.0214462 0.0231125 0.0229915 0.0228141 0.0152515 0.0138942 0.0190203 0.0255148 0.0191611 0.0158376 0.0156249 0.0262098 0.0311631 0.0282279 0.0254954 0.0191292 0.016012 0.0212778 0.0331012 0.0234553 0.0292958 0.0326151 0.0368661 0.0408027 0.0349281 0.0394387 0.0346719 0.0331984 0.0320166 0.0361081 0.012223 0.00938108 0.0150423 0.0194676 0.01654 0.0194741 0.021977 0.0199474 0.0188471 0.0208101 0.015827 0.0164607 0.0181399 0.0223539 0.015375 0.00376418 0.000206839 0 0 0 0 
0 0 0 0 0.000246353 0.00127263 0.00848408 0.00957113 0.0103819 0.00967358 0.0117265 0.017377 0.0343751 0.034585 0.0272297 0.0284506 0.0226182 0.0221367 0.0229414 0.0269523 0.0218154 0.0180744 0.0141554 0.0142737 0.0222694 0.0234481 0.0223269 0.0266237 0.0204323 0.0258418 0.0397124 0.0341648 0.0412283 0.026135 0.0259135 0.0254745 0.0258798 0.0223914 0.0259135 0.0353983 0.0431192 0.0401981 0.0249704 0.0253303 0.0599164 0.0534982 0.0248551 0.0324695 0.0167257 0.012658 0.0177751 0.0256665 0.020653 0.0288864 0.0272128 0.018703 0.0125671 0.0154892 0.0136141 0.0179803 0.023766 0.0217492 0.02336 0.00731233 0.00274049 2.40624e-05 0 0 0 
0 0 0 0 0.000916345 0.00365442 0.0125156 0.0108868 0.0126657 0.0143924 0.0178363 0.0256691 0.0346663 0.0309292 0.0303277 0.0244864 0.0241413 0.0267736 0.0293731 0.0241198 0.0200759 0.024356 0.0240251 0.0248379 0.0224836 0.0205659 0.0240376 0.0293708 0.0215962 0.0265306 0.0445356 0.0370629 0.0378895 0.0371741 0.0249355 0.0316722 0.0283943 0.022063 0.0184614 0.0314731 0.0317805 0.0393849 0.0324642 0.0208859 0.0254343 0.0300438 0.023776 0.0190802 0.0180248 0.0199378 0.0239463 0.0264335 0.0261718 0.0249787 0.0253904 0.014339 0.0109689 0.0110442 0.0191038 0.0268372 0.0237351 0.0187707 0.0226292 0.00966651 0.00553334 0.00134663 0 0 0 
0 0 0 0.000213524 0.00391455 0.00602576 0.00936701 0.00773823 0.0136785 0.0198291 0.0249964 0.0226722 0.0291502 0.0347713 0.0261576 0.020439 0.0229287 0.0264037 0.0316654 0.0312037 0.0253961 0.0233557 0.0357921 0.0300068 0.0269829 0.0236297 0.029489 0.0252785 0.0236593 0.0255998 0.0351992 0.0251807 0.0302338 0.0269121 0.0234921 0.0309927 0.0198319 0.0217729 0.0241484 0.0306367 0.0294649 0.0351336 0.0277928 0.0223461 0.016793 0.0162257 0.0181203 0.0221162 0.0216769 0.0243897 0.0225367 0.0242494 0.0207989 0.0264469 0.0292447 0.0150352 0.0116634 0.0110392 0.02359 0.0362236 0.0275631 0.022029 0.0155742 0.0121583 0.00559017 0.00245235 8.78183e-06 0 0 
0 0 0 0.000839068 0.00364564 0.00841952 0.0126532 0.0098856 0.011306 0.0110157 0.0116706 0.0184505 0.0198372 0.0248029 0.0256354 0.0241015 0.0257807 0.022731 0.0243648 0.0252303 0.0206804 0.0214652 0.0386508 0.0373697 0.0334921 0.0304174 0.0306295 0.0227513 0.026295 0.0285268 0.0176476 0.0210341 0.0258327 0.0222055 0.0184849 0.0193068 0.0199544 0.0225701 0.0296701 0.0346555 0.0264942 0.0215381 0.025567 0.0211751 0.017849 0.0189161 0.018703 0.0263164 0.0199317 0.0214388 0.018098 0.0260678 0.0181308 0.025488 0.030817 0.0194266 0.0136374 0.0203166 0.0182879 0.0208945 0.0197668 0.0197094 0.0242079 0.0201388 0.00991298 0.00498838 0.000185453 0 0 
0 0 4.21642e-05 0.000638406 0.00138945 0.00882053 0.0177322 0.012797 0.012745 0.0159381 0.0128676 0.0147286 0.0188281 0.0274573 0.0247249 0.0291218 0.0207659 0.0199626 0.0181251 0.0216618 0.0202281 0.0175322 0.0227595 0.0224351 0.0253078 0.0253186 0.0194028 0.0179616 0.0181288 0.0258636 0.0260963 0.0211526 0.0212872 0.0170072 0.0162853 0.0145673 0.0215358 0.0222331 0.0244598 0.0265288 0.0329728 0.0234612 0.0187011 0.0191127 0.0205274 0.0163176 0.0281839 0.0252959 0.0174857 0.0224512 0.0201121 0.0146172 0.0140722 0.0257113 0.0196008 0.018252 0.0196957 0.0287887 0.0243065 0.0207257 0.0169817 0.0118941 0.0183226 0.0182903 0.0122564 0.00975364 0.0013506 0 0 
0 0 4.86447e-05 0.000380529 0.000366149 0.00249402 0.00572057 0.0122896 0.0144632 0.011148 0.0103612 0.0152357 0.0199654 0.0223434 0.0202299 0.0289018 0.0241789 0.0125371 0.0134659 0.0200226 0.0229041 0.0250173 0.0207599 0.0175305 0.0243129 0.0237459 0.0215247 0.0173493 0.0215501 0.0280557 0.032764 0.0214786 0.0195079 0.0262443 0.0244456 0.024626 0.0270631 0.023589 0.0263858 0.0253577 0.0213667 0.014888 0.0142847 0.0229842 0.0223435 0.0293727 0.0407093 0.0219555 0.0190054 0.0148394 0.0135818 0.00808476 0.016263 0.0183439 0.0109788 0.0149327 0.0246175 0.0279398 0.0699899 0.0510321 0.0203854 0.0183484 0.0175926 0.0188609 0.0142858 0.0102286 0.00373116 8.60763e-06 0 
0 0 1.93756e-06 0.000139218 0.000667875 0.00243579 0.00783481 0.0118727 0.0154335 0.0128297 0.0113294 0.0123961 0.0150359 0.0214522 0.0282134 0.0274157 0.0283329 0.0206435 0.0158449 0.0161108 0.0182509 0.0249637 0.0247463 0.0247464 0.0206567 0.0189314 0.0202454 0.0202404 0.0228304 0.0330161 0.0294319 0.0286234 0.0213947 0.0355187 0.0267739 0.0246355 0.0238858 0.0255694 0.0313966 0.0355384 0.0229269 0.0203672 0.0177113 0.0225102 0.0210668 0.0289129 0.032784 0.0231237 0.0175148 0.0159472 0.018996 0.0159868 0.0196904 0.0204179 0.0146416 0.0143126 0.016862 0.0256323 0.0557753 0.0704753 0.0287402 0.0241678 0.0239269 0.0136002 0.0172656 0.00979829 0.00499501 0.000169994 0 
0 0 0.000699451 0.001705 0.00224128 0.00574588 0.0147077 0.0149717 0.0120175 0.0128323 0.0167088 0.0198081 0.00982357 0.0163177 0.0238555 0.0242166 0.0310839 0.021553 0.0237835 0.0185572 0.0165512 0.0207944 0.0217905 0.0212866 0.0139986 0.0139678 0.0268559 0.0224985 0.0193919 0.0332859 0.0253995 0.0268934 0.0222514 0.0332831 0.048077 0.0369369 0.0316399 0.0286408 0.0443959 0.0365467 0.0236573 0.0247433 0.0190813 0.0264004 0.0270513 0.0290007 0.0274531 0.0279572 0.0228954 0.0165078 0.0178469 0.0198232 0.0201199 0.0216951 0.0160696 0.0137825 0.0202672 0.0264751 0.0384871 0.0296684 0.0227809 0.0183993 0.0218497 0.0195127 0.0255462 0.012785 0.00175742 0.000872998 3.80447e-05 
0 2.08196e-05 0.000932842 0.00181675 0.00220182 0.00482633 0.013693 0.015834 0.00720026 0.0167158 0.018716 0.0215843 0.0218195 0.0194759 0.0125181 0.016823 0.0158959 0.0185511 0.0305976 0.0272128 0.0184288 0.0193065 0.0194233 0.0199693 0.0143741 0.0167235 0.0204384 0.0251795 0.0219939 0.0372272 0.0408691 0.0321266 0.0273072 0.0358464 0.0591643 0.0709956 0.0523057 0.0421631 0.0325899 0.0378269 0.0318558 0.0299785 0.0269724 0.0236904 0.0279845 0.0219432 0.0227599 0.0295848 0.0257614 0.0254804 0.0216325 0.0163364 0.0228938 0.0188598 0.0189922 0.0172847 0.0204338 0.0206093 0.0147007 0.0167954 0.0194918 0.0206653 0.0214616 0.0217617 0.0249641 0.0102538 0.0197236 0.0177971 0.00119073 
0 0.000144782 0.00335053 0.0118865 0.0148116 0.00649213 0.0125227 0.0106522 0.0127494 0.0213957 0.0212538 0.0262475 0.0282752 0.0210516 0.0187567 0.0226513 0.0150222 0.0161945 0.0202578 0.018197 0.0169513 0.012876 0.0151421 0.0173974 0.016501 0.0140141 0.0199233 0.0227996 0.0184603 0.0379048 0.0555778 0.0434623 0.0270718 0.0305153 0.0500751 0.0624297 0.0381008 0.0380493 0.0272892 0.0282067 0.0348074 0.0295708 0.0236212 0.0184014 0.0231441 0.0195136 0.0229716 0.0302234 0.0290852 0.0296826 0.026125 0.0166837 0.0182804 0.0151864 0.0160997 0.0140103 0.0149162 0.0102415 0.014 0.0238896 0.0237274 0.0207711 0.0246275 0.0235673 0.0234053 0.0165328 0.0283992 0.0301426 0.00345005 
0 9.8403e-05 0.00373787 0.0117647 0.0229383 0.00902249 0.011539 0.0119942 0.0196875 0.029865 0.0320962 0.0227847 0.0205392 0.0100329 0.0191101 0.0230306 0.0202416 0.0171303 0.0136676 0.0189769 0.0190502 0.0145041 0.0171523 0.0220556 0.0164604 0.0145447 0.0278429 0.0257774 0.0226649 0.0298972 0.0416242 0.039789 0.0250186 0.0336709 0.0513492 0.0673437 0.031584 0.0371283 0.0302638 0.0273273 0.0367969 0.0413009 0.0307609 0.0232 0.0200737 0.0206321 0.0252294 0.0279725 0.0256597 0.0261971 0.0201691 0.0150718 0.015413 0.0179737 0.0201815 0.014872 0.0151236 0.0150276 0.0223051 0.0297312 0.0243767 0.0202 0.0221533 0.0162659 0.0185165 0.0232831 0.0130201 0.0161634 0.00472908 
0 1.86458e-05 0.000817626 0.00219115 0.00220732 0.00313238 0.0097388 0.0189388 0.0266258 0.0182149 0.0187229 0.0179016 0.0150783 0.00856106 0.0112715 0.0186125 0.0169443 0.0146881 0.0126308 0.0207565 0.0156326 0.0159386 0.0200053 0.0255832 0.0250657 0.0271768 0.0297826 0.0320768 0.0282308 0.035739 0.0325222 0.0289462 0.01977 0.0299702 0.046089 0.0503182 0.0419392 0.0364267 0.0234298 0.0192448 0.0245132 0.0314271 0.0228752 0.0203831 0.0207731 0.0179186 0.0249291 0.0256582 0.0219143 0.0206638 0.0268961 0.0201473 0.0200814 0.0216481 0.024585 0.0261163 0.0154254 0.0134749 0.0179641 0.0228862 0.0235952 0.0279891 0.0284311 0.0243134 0.0175169 0.018298 0.0151396 0.0122268 0.00528293 
0 0 4.21602e-05 0.000953514 0.000776764 0.00209201 0.0075054 0.0141995 0.0151379 0.0136983 0.0100023 0.0142088 0.0182626 0.0183626 0.0145911 0.0153244 0.0168832 0.0170833 0.0162484 0.0251912 0.0243801 0.0198938 0.026121 0.0284235 0.0280497 0.03183 0.0306694 0.0316272 0.026833 0.0231053 0.0265731 0.025747 0.0208319 0.0177309 0.033872 0.0321326 0.0344339 0.0375502 0.0301766 0.0208378 0.0181918 0.0215956 0.0134432 0.0159054 0.0216858 0.0211049 0.0183056 0.0135852 0.0127157 0.0254792 0.0321537 0.0207233 0.0251454 0.0212323 0.0232217 0.0260239 0.0236824 0.01664 0.0151893 0.0171833 0.0165368 0.033947 0.0288475 0.0213852 0.0226096 0.0288078 0.0232657 0.0137904 0.004719 
4.4258e-05 0 0 1.71534e-05 0.0025705 0.00966231 0.0124102 0.0177911 0.0144054 0.0106064 0.0164836 0.0189153 0.0256213 0.0259299 0.022587 0.0192551 0.0180356 0.0167997 0.0196131 0.0256058 0.0278071 0.0239049 0.0252209 0.026579 0.02975 0.0315747 0.0242968 0.0214073 0.0261186 0.0283586 0.0336902 0.0203916 0.0195629 0.0199934 0.0257599 0.0379644 0.0435813 0.0290534 0.0289358 0.0225653 0.0256469 0.0193717 0.0173195 0.0212337 0.0266534 0.0188317 0.0160268 0.0129141 0.0182774 0.0241022 0.0223023 0.0196229 0.0262778 0.0205807 0.0181261 0.0241004 0.0227177 0.0182641 0.017478 0.009303 0.00948671 0.027337 0.0318464 0.0215991 0.0277148 0.0275235 0.019951 0.0156964 0.00496989 
3.22604e-05 7.71808e-05 0.00105306 0.00307817 0.00815392 0.0184126 0.0169948 0.0215444 0.0175062 0.0104106 0.014796 0.0137166 0.020016 0.0333048 0.0241579 0.0253796 0.019757 0.0242731 0.0205949 0.0251397 0.0264948 0.0200012 0.0311823 0.0331228 0.0328252 0.0247943 0.0186703 0.0202122 0.0289811 0.0300159 0.0338037 0.0343665 0.026097 0.033733 0.0406492 0.0422427 0.0374028 0.0180334 0.0206277 0.020635 0.0241782 0.0225981 0.0299834 0.0263706 0.0197432 0.0190182 0.0120469 0.0166745 0.0186199 0.0223396 0.0200901 0.0215769 0.0259257 0.0186084 0.0143726 0.014592 0.017317 0.0170611 0.0131384 0.0130392 0.0218662 0.0299291 0.0246059 0.0216671 0.023251 0.0262798 0.0144577 0.00813812 0.0013558 
5.07782e-06 0.000484981 0.00336428 0.00720913 0.0168808 0.0191637 0.0169065 0.0112541 0.014596 0.0099649 0.0142257 0.0164805 0.0164034 0.0228235 0.0199394 0.0270894 0.0262719 0.0256023 0.0231837 0.0272465 0.0208622 0.0211885 0.0279175 0.0322314 0.0276558 0.0177356 0.0170468 0.0290279 0.0366126 0.0457648 0.0359246 0.0212874 0.0258187 0.0312366 0.0322028 0.0218532 0.0209188 0.0184823 0.020374 0.0195063 0.0172377 0.0289334 0.0333624 0.0268778 0.0196458 0.0222941 0.0199697 0.0228489 0.0176333 0.0229535 0.024417 0.0233686 0.0192462 0.0152981 0.0163481 0.0153987 0.0156188 0.0193382 0.0198075 0.0204449 0.0236985 0.0231738 0.0197861 0.0196013 0.014397 0.018564 0.016777 0.00801955 0.000148652 
5.8514e-05 0.00548639 0.00981755 0.0115746 0.0141071 0.0162279 0.0164342 0.00948169 0.0133264 0.011604 0.0125898 0.0166184 0.0195891 0.0197616 0.0225605 0.0312698 0.0279776 0.0254947 0.0281059 0.0239637 0.0209734 0.0177674 0.0281298 0.0272192 0.0217461 0.0188024 0.0188396 0.024344 0.0357139 0.0331925 0.0217574 0.0191015 0.0236506 0.0219117 0.0210572 0.0189632 0.0218678 0.0201302 0.0228436 0.0193424 0.018353 0.0271712 0.0294596 0.0240394 0.0185882 0.0226053 0.0268219 0.0208287 0.0211565 0.0279265 0.0234099 0.0212442 0.0155337 0.0174557 0.00992783 0.00775336 0.0108624 0.0174177 0.029278 0.0296084 0.0253949 0.0235693 0.0135205 0.0152032 0.0160769 0.0164876 0.0169301 0.0132075 0.00165443 
0.000138183 0.0144485 0.0211497 0.0215978 0.016758 0.00932216 0.00852549 0.00376187 0.00772082 0.00728354 0.0105529 0.0146294 0.0197013 0.0165687 0.0170889 0.0265074 0.0250128 0.0239969 0.0187156 0.018117 0.0274521 0.0235029 0.0214713 0.0248041 0.0258714 0.0263424 0.0289918 0.0315649 0.028315 0.0259731 0.0226637 0.0267265 0.0224638 0.022082 0.0195941 0.0213918 0.0224113 0.023062 0.0250643 0.0232808 0.0185711 0.0191418 0.0190861 0.0235635 0.0192466 0.0341226 0.0304308 0.0246301 0.0272385 0.0297741 0.0227012 0.02006 0.0163876 0.0166262 0.0147139 0.011658 0.0151031 0.021129 0.0329756 0.0271277 0.0244124 0.0256302 0.0212114 0.0166335 0.0220499 0.0247629 0.0278871 0.0213636 0.00181103 
0.00020071 0.00885786 0.0189709 0.0150128 0.0093489 0.00626229 0.00308959 0.00344613 0.00291363 0.00859097 0.0104742 0.0170223 0.0266793 0.0239693 0.0230241 0.0240274 0.0328427 0.0288971 0.0223313 0.0213224 0.0311219 0.0363922 0.0266306 0.0263122 0.0317995 0.0338249 0.0323232 0.0335599 0.0310351 0.0303503 0.0323394 0.0298401 0.0239248 0.0199255 0.0269923 0.0250666 0.0214808 0.0156055 0.0165294 0.0145414 0.0165519 0.0224851 0.0237407 0.0220117 0.021963 0.0336106 0.0299869 0.019087 0.0217276 0.02181 0.0194458 0.0226479 0.0180068 0.0196208 0.0235931 0.0237184 0.0211546 0.0201513 0.0212545 0.020919 0.0206842 0.0209186 0.0224917 0.0179921 0.0200741 0.0323323 0.0211575 0.0137209 0.00191669 
0.000144395 0.00220127 0.0120001 0.0150257 0.0122488 0.00754501 0.0037288 0.000864648 0.00255248 0.00748028 0.0113969 0.0161061 0.0280019 0.0235627 0.0281118 0.0255889 0.0318806 0.0374589 0.0226127 0.0318027 0.0404191 0.0254509 0.0222878 0.0233934 0.0304243 0.0368905 0.0240105 0.0273731 0.0285252 0.0353978 0.0330381 0.0300727 0.0227384 0.0240322 0.0219635 0.0209576 0.0205645 0.0217205 0.0176349 0.0115933 0.012997 0.0241503 0.0268904 0.028429 0.0312746 0.0261889 0.0218564 0.0161337 0.0154176 0.0240404 0.0262008 0.0245689 0.018736 0.0212589 0.0227127 0.0233955 0.0260611 0.0192707 0.0194191 0.0207369 0.0196939 0.0179203 0.0185686 0.0188452 0.02336 0.0289988 0.0237231 0.00897601 0.000844959 
0 0.00122989 0.00874738 0.010044 0.00758638 0.0064754 0.00370749 0.00224403 0.00414639 0.00630685 0.0118763 0.0155362 0.0260251 0.0278647 0.0345901 0.024487 0.0261675 0.0322415 0.0252717 0.0245629 0.0389719 0.0302052 0.0280085 0.0320486 0.0294354 0.035651 0.0228954 0.0251359 0.0299808 0.0317396 0.0320176 0.0311183 0.0259207 0.0236018 0.0239 0.0181099 0.0145031 0.0213029 0.0250025 0.0242659 0.0183636 0.0190549 0.0234208 0.0278397 0.0213793 0.0153434 0.0208723 0.0200955 0.0164701 0.0206593 0.0242035 0.0289609 0.0196131 0.0244172 0.0246111 0.0256896 0.0260641 0.0216417 0.0186767 0.0168385 0.0155571 0.0152413 0.0177964 0.0244693 0.0189566 0.0240373 0.0156842 0.00359645 7.98891e-05 
0 0.000155516 0.00253592 0.0036235 0.00347542 0.00205935 0.000468744 0.00202962 0.00546758 0.00474474 0.00577769 0.0148403 0.0294795 0.0244692 0.0296315 0.0302101 0.0223268 0.0237577 0.0245248 0.0181417 0.024831 0.028613 0.0325569 0.031946 0.0351065 0.0379154 0.0279431 0.0285531 0.0242339 0.0250197 0.0273146 0.028239 0.0250031 0.0274639 0.0264385 0.0257917 0.0158436 0.0189825 0.0251252 0.023135 0.0235483 0.0196636 0.0168938 0.0164183 0.0120849 0.0129596 0.0188004 0.0249661 0.026005 0.0274346 0.0345394 0.0329925 0.0269864 0.0236118 0.0421424 0.0274537 0.0239399 0.0235905 0.0201017 0.0140475 0.00750519 0.0137383 0.0173931 0.0160512 0.0206567 0.0201232 0.0119482 0.00192458 0.000205191 
0 1.56415e-05 0.000334116 3.6924e-05 0.000748262 0.000408274 6.30735e-07 0.00285831 0.00926586 0.00345353 0.0052292 0.010352 0.0246749 0.0266433 0.0275854 0.0324069 0.0231606 0.0206442 0.0213516 0.0230937 0.0254337 0.0287248 0.031777 0.0283689 0.0319206 0.0315203 0.028597 0.0278367 0.0299399 0.0355329 0.0272504 0.0205011 0.0258599 0.0327361 0.0434249 0.0369763 0.0218104 0.0149289 0.0212605 0.0252416 0.0190136 0.0214592 0.0180954 0.0166727 0.0166759 0.018829 0.0143786 0.0169357 0.0207813 0.0182445 0.0253081 0.0240228 0.0261358 0.0246063 0.027999 0.02667 0.0240149 0.0203821 0.0164186 0.0194122 0.0128002 0.0119596 0.0129618 0.017843 0.0203661 0.020238 0.00834082 0.00235299 4.50688e-05 
0 0 0 0 5.02349e-05 0.00166996 0.00324184 0.00436649 0.00421707 0.00627244 0.0102538 0.0114601 0.0220362 0.0290893 0.0297573 0.0334366 0.033448 0.0219884 0.0238956 0.0310654 0.0280319 0.0266981 0.0258626 0.0257063 0.0233276 0.03059 0.0305779 0.0263408 0.0314487 0.0307252 0.0260621 0.0205324 0.0204203 0.0274568 0.0413948 0.0287663 0.0203011 0.0178016 0.0203918 0.0197413 0.0193265 0.0215 0.0202159 0.0189679 0.0209928 0.0176644 0.0181146 0.018866 0.024182 0.0185511 0.0196332 0.0233784 0.0202813 0.0244623 0.0230079 0.0251888 0.0194041 0.0242895 0.0207907 0.0200249 0.0155701 0.00544105 0.010398 0.0172744 0.0157231 0.0125674 0.00567581 0.0009429 0.000394509 
0 0 0 0 0.000222385 0.00619506 0.0116317 0.0118809 0.0103154 0.0108228 0.0139117 0.0224791 0.0262925 0.0249016 0.0324524 0.0324282 0.0336731 0.0277427 0.0224334 0.0284945 0.0231676 0.026786 0.0266534 0.026377 0.0306482 0.0324255 0.0255137 0.0189971 0.0326762 0.0291988 0.0276787 0.0268756 0.0326481 0.0274899 0.0299034 0.0276122 0.0177556 0.0153524 0.0199429 0.0223548 0.0145092 0.0247626 0.0256884 0.019995 0.0185358 0.0198283 0.0196957 0.0205208 0.0235469 0.0217246 0.0244744 0.0198046 0.0186887 0.0168694 0.0169883 0.0215472 0.0231039 0.0258556 0.0254024 0.0271387 0.0194405 0.00909459 0.011408 0.0190344 0.0179477 0.0177772 0.0154403 0.00585099 0.000339534 
0 0 0 0 0.000133741 0.00115944 0.0044107 0.012046 0.0135816 0.0095204 0.0219625 0.0276725 0.0207927 0.0248694 0.0372933 0.0246904 0.0204199 0.0216893 0.0200994 0.0261721 0.0265895 0.0212828 0.0236717 0.0230713 0.0321475 0.0314095 0.0335184 0.0229296 0.0315325 0.028796 0.0334789 0.0471241 0.0402465 0.026286 0.0228017 0.0217337 0.0190046 0.0180324 0.0210586 0.0273649 0.0213709 0.0193185 0.0230589 0.0166822 0.0159856 0.0204716 0.029225 0.0275761 0.0257572 0.0221582 0.0189661 0.0187335 0.0184609 0.0211833 0.0233937 0.0245068 0.0252298 0.0279415 0.0268402 0.0256606 0.0220021 0.0206507 0.0201873 0.0218244 0.0226623 0.0219533 0.015128 0.00721447 0.000252954 
0 0 1.48935e-05 0.00203407 0.00391337 0.00567823 0.00682405 0.0053555 0.0052215 0.00921444 0.0196647 0.0294103 0.0212568 0.0206324 0.0282996 0.021107 0.0198999 0.0122967 0.0170269 0.0206757 0.0261241 0.0244637 0.0243964 0.0277895 0.036148 0.0306494 0.0247027 0.0262117 0.039295 0.0388809 0.0511144 0.058567 0.0344715 0.0204771 0.0167672 0.0182562 0.0234083 0.0242478 0.0198126 0.0261097 0.0247093 0.0195287 0.0216618 0.0170748 0.0167652 0.0253914 0.0262317 0.0263736 0.0242479 0.0215546 0.0161808 0.0156685 0.0150604 0.0232573 0.0231764 0.0243515 0.0279356 0.0252065 0.0273811 0.0202905 0.0187331 0.0215006 0.0264913 0.0358816 0.0363787 0.0188093 0.00786365 0.00241204 4.45553e-05 
0 0 0.000168224 0.00790618 0.014469 0.0205957 0.0177598 0.0132139 0.0163156 0.017559 0.0292923 0.0373421 0.0257347 0.0247977 0.0256171 0.0228504 0.018965 0.0167035 0.0238962 0.0249953 0.0286454 0.028086 0.0238662 0.0246558 0.0262554 0.0291356 0.0222877 0.0284205 0.0409963 0.0302366 0.03466 0.0334661 0.0254419 0.0246846 0.0218302 0.0219058 0.0253027 0.0232961 0.0185667 0.023268 0.0197419 0.0135283 0.0147631 0.0168527 0.0179468 0.0179706 0.0191709 0.0257966 0.021267 0.0174387 0.0112378 0.0168823 0.0198711 0.0177931 0.0177906 0.0186513 0.0230406 0.0223234 0.022274 0.0197303 0.0272158 0.0206184 0.0291772 0.0383681 0.0376101 0.0174644 0.00492977 0.000259299 0 
0 0 0.000337465 0.00553089 0.0138109 0.019243 0.0240674 0.0214653 0.0270968 0.0240524 0.0280439 0.0288444 0.0170308 0.0214523 0.0278261 0.0211193 0.0222896 0.0207496 0.0257167 0.0292495 0.0362189 0.0293536 0.0201784 0.0175749 0.0176395 0.0164702 0.0294713 0.0290491 0.0294334 0.029739 0.0224445 0.0246238 0.0254449 0.0215219 0.0204295 0.0158679 0.0200611 0.0215663 0.0222371 0.0211144 0.0209841 0.0167975 0.0204145 0.0193084 0.0134213 0.0152323 0.0223822 0.0241491 0.0187349 0.0143742 0.0129771 0.013819 0.0220391 0.0182276 0.0214406 0.0191992 0.0159177 0.0169237 0.0214364 0.028345 0.0319326 0.0219968 0.0269856 0.031595 0.0411948 0.0268989 0.00478223 0 0 
0 0 9.70652e-05 0.00305747 0.0137589 0.0128584 0.0193726 0.0176322 0.0338686 0.0259174 0.0261309 0.0258508 0.0195963 0.0196724 0.0266752 0.0197803 0.025219 0.0418666 0.0301851 0.0343188 0.0386166 0.0219473 0.0105289 0.0120517 0.0164882 0.0236273 0.035427 0.0394097 0.0288468 0.0270414 0.0200096 0.0229189 0.0230688 0.0198946 0.0211405 0.0278651 0.0245065 0.0203039 0.0261291 0.0210915 0.0204891 0.0199096 0.0222295 0.016718 0.0126045 0.0224638 0.0213699 0.0215058 0.0171501 0.0161242 0.0169276 0.0239803 0.0236723 0.013227 0.0151391 0.0193042 0.019657 0.0208066 0.0228325 0.0243714 0.0196228 0.0170506 0.0207209 0.0243433 0.0196318 0.0129634 0.00233775 0 0 
0 0 0 0.00164396 0.0102134 0.0163295 0.0211823 0.0250855 0.0199542 0.0243724 0.0271184 0.0239081 0.0247331 0.0170343 0.017869 0.0218029 0.0304009 0.0450737 0.0342752 0.0409032 0.0384174 0.025293 0.0032855 0.00556638 0.0083673 0.0195734 0.0288631 0.032543 0.0195693 0.0174079 0.0204185 0.0260866 0.03141 0.0229989 0.0224589 0.029614 0.0209272 0.0233566 0.0278231 0.0230651 0.0192656 0.0260831 0.0205367 0.0159824 0.0234292 0.0844445 0.0418399 0.0211887 0.022354 0.015528 0.0139572 0.0267913 0.0262971 0.0202399 0.016768 0.0239072 0.0232512 0.0261272 0.0213418 0.0182335 0.0192179 0.022038 0.0204682 0.023048 0.0186545 0.00800947 0.000690388 0 0 
0 0 0 0.000229341 0.00384537 0.0181837 0.0209945 0.0181766 0.0216387 0.0216891 0.0211741 0.0219354 0.0234073 0.016927 0.0149265 0.0225143 0.0208962 0.0341519 0.0365032 0.029593 0.0267241 0.013598 0.00187939 0.00270844 0.0024491 0.00511125 0.013585 0.0226253 0.0140956 0.0178657 0.0185142 0.0267684 0.0254122 0.0263361 0.0396632 0.0316777 0.0218016 0.023551 0.0259684 0.0307907 0.0257499 0.0216118 0.0185473 0.0175265 0.0227234 0.035178 0.0275825 0.0213722 0.01903 0.0162922 0.0137447 0.0291398 0.0384561 0.0289094 0.0203055 0.0194166 0.0221683 0.0347882 0.0355194 0.0198997 0.0136977 0.017298 0.0260277 0.0219185 0.0170289 0.00586435 8.54917e-05 0 0 
0 0 0 0 0.000736623 0.011725 0.0197486 0.0148351 0.017688 0.0183093 0.0190246 0.0183681 0.00906824 0.00937591 0.00655379 0.0077362 0.0169085 0.0209529 0.017152 0.0139451 0.00939176 0.00624719 0.00648833 0.0054617 0.000550398 0.000868164 0.00974601 0.0169882 0.0163015 0.0217151 0.0260559 0.0264002 0.0311775 0.0269014 0.0291344 0.0265909 0.0215292 0.021443 0.0275679 0.0352362 0.0243215 0.0186522 0.0185337 0.019355 0.0218504 0.024255 0.0212283 0.0139173 0.0162855 0.0190715 0.0124679 0.0251371 0.0386084 0.0289117 0.0175233 0.0165763 0.0194891 0.036317 0.0513025 0.0194298 0.0127481 0.0173398 0.021917 0.0142327 0.00872768 0.00232707 0 0 0 
0 0 0 0 0.000124851 0.00575114 0.0215721 0.0253774 0.0213697 0.0194476 0.0164625 0.0157347 0.0115463 0.0183365 0.00496572 0.00113674 0.00201422 0.00235392 0.00181587 0.00817017 0.0158295 0.0131441 0.0132856 0.00636397 0.00416763 0.00101756 0.00594774 0.0159762 0.0288524 0.0298417 0.0339856 0.0273024 0.036761 0.0228578 0.017646 0.0222731 0.0245297 0.0207418 0.0243986 0.0226177 0.0231422 0.0241055 0.0196423 0.0210938 0.0203888 0.0195702 0.0183003 0.0141216 0.0177976 0.0236262 0.0145125 0.021381 0.0246615 0.0202125 0.0173681 0.0210395 0.0165495 0.0145143 0.0238121 0.0169516 0.0179711 0.0209946 0.0128919 0.00490491 0.000645418 3.1388e-05 0 0 0 
0 0 0 0 0 0.00136166 0.0224409 0.036595 0.027451 0.0197712 0.0182692 0.0132471 0.0180341 0.0296875 0.00938507 0.00126003 0.000366167 0.000883564 0.00242713 0.0129023 0.0203936 0.017026 0.0149204 0.0101813 0.0062077 0.00446548 0.00521801 0.0162687 0.034036 0.0407797 0.0392108 0.0348809 0.0330271 0.019072 0.0199558 0.0237564 0.018164 0.0219929 0.022278 0.0268046 0.0231976 0.0249014 0.030229 0.0164552 0.0175778 0.0134813 0.0121804 0.0114551 0.020653 0.0212575 0.0206477 0.0182996 0.0174718 0.0190221 0.0184127 0.0245856 0.0227753 0.0175385 0.0197333 0.0275074 0.0291819 0.0270549 0.011601 0.00181367 0 0 0 0 0 
0 0 0 0 0 0.000161684 0.0100621 0.0250329 0.0204348 0.0145211 0.0160382 0.0152253 0.00897659 0.00599924 0.00947866 0.00520143 0.00401669 0.00367678 0.00613348 0.0140941 0.0199782 0.0176572 0.00902199 0.00940124 0.00993749 0.0121872 0.00785429 0.0110181 0.0243822 0.0327223 0.0344857 0.0286681 0.0267051 0.022257 0.0204559 0.0231951 0.021183 0.0247199 0.0218825 0.0224424 0.021753 0.0206562 0.0212328 0.00728177 0.00907383 0.0108419 0.0192627 0.0196638 0.022293 0.0236799 0.0247867 0.0264531 0.0208973 0.0222381 0.0257957 0.01945 0.022458 0.0212585 0.0144892 0.0242907 0.0333852 0.0290646 0.00963714 0.00080239 0 0 0 0 0 
0 0 0 0 0 0 0.000508952 0.00624078 0.01197 0.00517624 0.0123195 0.0131373 0.00736786 0.00374382 0.0111429 0.00903915 0.0105793 0.0136084 0.0103784 0.014114 0.0226932 0.0184977 0.00918578 0.0126417 0.0199051 0.0313358 0.0233406 0.0185363 0.0176838 0.0193387 0.0277445 0.0370932 0.0316367 0.0249561 0.0182292 0.0242978 0.0230358 0.0279031 0.0233932 0.0260456 0.0208476 0.0214129 0.0244502 0.00936728 0.0114659 0.0213154 0.0194495 0.0166138 0.0207137 0.0193165 0.0227998 0.0223249 0.0202658 0.0206811 0.021581 0.0257586 0.0251265 0.01322 0.00615482 0.0158606 0.0288132 0.0188644 0.00436671 0.000115783 0 0 0 0 0 
0 0 0 0 0 0 0 1.79533e-05 2.98307e-05 9.14891e-05 0.00552553 0.0130933 0.0125317 0.0100819 0.00544589 0.006712 0.0138821 0.0126007 0.0108979 0.00875194 0.0148916 0.014771 0.0173316 0.0224424 0.0315427 0.0281326 0.0278227 0.0239034 0.0224179 0.0214889 0.0210242 0.0256645 0.0285525 0.0223081 0.0146197 0.0173298 0.0225173 0.0256275 0.0218332 0.0215887 0.0164487 0.0204779 0.022389 0.00978695 0.0155022 0.0230887 0.0232544 0.0205535 0.0167505 0.017508 0.0207302 0.013187 0.0146672 0.0172933 0.0180374 0.0154523 0.0115561 0.00300213 0.00306807 0.00597926 0.00886977 0.00557769 0.000349004 0 0 0 0 0 0 
0 0 0 0 0 0 0 0 0 0 0.00086565 0.00730952 0.016589 0.0124853 0.00529742 0.00398215 0.00902468 0.00625743 0.00798616 0.00416313 0.0104758 0.0157324 0.018589 0.0275517 0.0322082 0.0351489 0.0252357 0.0199939 0.0195237 0.022399 0.0234647 0.0226667 0.0229755 0.017447 0.0163193 0.0162205 0.018132 0.023811 0.0215276 0.0209627 0.0261935 0.0185646 0.0166078 0.0200325 0.0156213 0.0179678 0.0204272 0.0208688 0.0196669 0.0122671 0.00743737 0.0061164 0.00583986 0.0130256 0.0129023 0.0114205 0.00856195 0.00198325 0.000574479 0.000976714 0.000417909 0.000118091 1.8009e-06 0 0 0 0 0 0 
0 0 0 0 0 0 0 0 0 0 0.000201957 0.00469929 0.0116697 0.00545566 0.0041646 0.0129726 0.0137362 0.0102381 0.0120144 0.00719624 0.0141216 0.0212473 0.019307 0.0251336 0.0254274 0.0216738 0.0206509 0.0155858 0.0152443 0.023305 0.0236886 0.022455 0.0185636 0.0163551 0.0207439 0.0256404 0.0195581 0.0193843 0.0154594 0.0200027 0.0293119 0.0221797 0.0251019 0.0519798 0.0383087 0.0171866 0.0161706 0.0162509 0.0144029 0.00469546 0.00470768 0.00661806 0.00675734 0.00882488 0.0121223 0.00994613 0.0113637 0.00827501 0.00559945 0.000244101 0 0 0 0 0 0 0 0 0 
0 0 0 0 0 0 0 0 0 0 0.000845068 0.0054828 0.00259496 0.00100524 0.00398255 0.0119679 0.0200353 0.0217981 0.0190711 0.0141915 0.0182942 0.0183345 0.0162127 0.0200146 0.0214712 0.0182014 0.0170811 0.0135332 0.0178864 0.0182064 0.0218995 0.02302 0.0169901 0.0185699 0.0376127 0.053594 0.0280689 0.0193888 0.0112849 0.0142998 0.0192456 0.0145203 0.022506 0.0407265 0.0280132 0.0200072 0.0188123 0.0168368 0.012355 0.00807066 0.00973353 0.0185995 0.0143214 0.016218 0.0230131 0.0210147 0.0126328 0.00638657 0.00475679 0.000115503 0 0 0 0 0 0 0 0 0 
0 0 0 0 0 0 0 0 0 0 1.72142e-05 0.000279212 0.000112884 3.85173e-05 0.00283191 0.00968393 0.0176428 0.0186569 0.0130542 0.0153757 0.0207922 0.0219261 0.0153937 0.0252719 0.0224764 0.0172667 0.0193405 0.01843 0.0244269 0.0194411 0.0178404 0.0239318 0.0238117 0.0260616 0.0320068 0.0391702 0.0227453 0.0114877 0.00226858 0.00518849 0.0156456 0.0132439 0.0073341 0.0124259 0.0243251 0.0317848 0.0346739 0.0233106 0.0143136 0.0154798 0.021049 0.0270635 0.026492 0.0215689 0.0201574 0.0193801 0.00662353 0.00290187 0.000692815 0 0 0 0 0 0 0 0 0 0 
0 0 0 0 0 0 0 0 0 0 0 0 0 1.81301e-05 0.00195047 0.0136314 0.0166868 0.0134949 0.0135999 0.0140277 0.0149873 0.016226 0.0198221 0.0210616 0.0179498 0.0251787 0.0316902 0.0359394 0.0260994 0.0251116 0.0244709 0.0340713 0.0370338 0.0247204 0.0178325 0.0179225 0.0140759 0.00389946 0.000278914 0.00125173 0.0108232 0.0142739 0.00868016 0.0138154 0.0233394 0.0427974 0.0638896 0.0280286 0.0127746 0.0189301 0.0311945 0.0288401 0.0244777 0.0202321 0.0227829 0.0142392 0.00373411 0.000771499 1.46068e-05 0 0 0 0 0 0 0 0 0 0 
0 0 0 0 0 0 0 0 0 0 0 0 0 0 0.000767289 0.0127207 0.0139519 0.0118986 0.0150914 0.0153355 0.0250135 0.0209656 0.0161521 0.0220227 0.0240966 0.0245958 0.0249332 0.0295416 0.0314966 0.0303856 0.0313641 0.0310935 0.0300535 0.0225269 0.0202454 0.0102665 0.0051282 0.000257136 0 0.000562739 0.00505175 0.0100472 0.014742 0.0192702 0.0176241 0.0259331 0.0254336 0.017169 0.0141774 0.0196438 0.0266165 0.0307509 0.0219241 0.0181963 0.0108427 0.00693991 3.59343e-05 2.25487e-05 0 0 0 0 0 0 0 0 0 0 0 
0 0 0 0 0 0 0 0 0 0 0 0 0 0 0 0.00240654 0.00157475 0.00420171 0.0140062 0.0228124 0.0267653 0.0308946 0.0203404 0.0260291 0.0460168 0.0376523 0.0296759 0.0319164 0.0403682 0.0391346 0.030797 0.0270287 0.0185541 0.0175314 0.0145761 0.00453366 0.00314745 0.00321934 0.00211374 0.000635451 0.00320499 0.00783382 0.0160904 0.0197815 0.0179885 0.0196245 0.0220415 0.0214494 0.0108282 0.0202182 0.0248631 0.028268 0.0160752 0.0104951 0.00352124 0.00157269 0 0 0 0 0 0 0 0 0 0 0 0 0 
0 0 0 0 0 0 0 0 0 0 0 0 0 0 0 0 9.47897e-05 0.00180704 0.00799554 0.0168544 0.024253 0.0325383 0.0300765 0.0276444 0.0374142 0.0356739 0.0285045 0.0283498 0.0337963 0.0387101 0.0405078 0.0303758 0.021563 0.0128132 0.00678383 0.00164337 0.00530544 0.0102368 0.0104469 0.00500041 0.00288848 0.0153631 0.0152509 0.0128209 0.0172479 0.0221325 0.0209711 0.0132248 0.00755881 0.0121136 0.0123047 0.0122448 0.00805744 0.00184795 0.00015658 0 0 0 0 0 0 0 0 0 0 0 0 0 0 
0 0 0 0 0 0 0 0 0 0 0 0 0 0 0 0 0 9.93831e-05 0.0026112 0.00848068 0.0139248 0.0200443 0.023806 0.0220637 0.025785 0.0231938 0.0325746 0.0319631 0.0308139 0.0348359 0.0349709 0.0232356 0.0146829 0.00869381 0.00667856 0.00289711 0.00731606 0.0135683 0.0123841 0.00478457 0.00593252 0.0174994 0.0194156 0.0105958 0.0154846 0.0102857 0.00799767 0.00344898 0.00282859 0.0048865 0.00483662 0.000918597 0.000346581 1.84335e-06 0 0 0 0 0 0 0 0 0 0 0 0 0 0 0 
0 0 0 0 0 0 0 0 0 0 0 0 0 0 0 0 0 0 0.000209864 0.00141042 0.00343836 0.0110035 0.00994174 0.0138564 0.0130274 0.0173855 0.0303549 0.0338744 0.0272469 0.0337037 0.0321756 0.0143815 0.00465709 0.00817519 0.0138155 0.0146316 0.0222118 0.0181866 0.0119164 0.00753475 0.0038482 0.00666443 0.0153278 0.0160024 0.0207401 0.00480553 0.000394471 0.000770998 0.000489095 0.000798503 0.000596107 0 0 0 0 0 0 0 0 0 0 0 0 0 0 0 0 0 0 
0 0 0 0 0 0 0 0 0 0 0 0 0 0 0 0 0 0 0 0 9.55029e-05 0.00102601 0.00353839 0.0074669 0.00966489 0.00793041 0.0122893 0.0182382 0.0223654 0.0244471 0.0192675 0.00430538 0.000446893 0.00171606 0.00795381 0.0187645 0.0283054 0.0165532 0.0140652 0.00997381 0.00734761 0.00868181 0.0174554 0.0129773 0.014468 0.00378675 0 0 0 0 0 0 0 0 0 0 0 0 0 0 0 0 0 0 0 0 0 0 0 
0 0 0 0 0 0 0 0 0 0 0 0 0 0 0 0 0 0 0 0 0 0 5.57656e-07 0.000108741 0.000835851 0.00112335 0.00401396 0.00769419 0.00623293 0.00695854 0.0136381 0.00808655 0.000346749 0.0005367 0.00167027 0.00750133 0.0111882 0.00597524 0.00500401 0.00764748 0.0101205 0.0111821 0.0090093 0.00620687 0.00145617 0.000116939 0 0 0 0 0 0 0 0 0 0 0 0 0 0 0 0 0 0 0 0 0 0 0 
0 0 0 0 0 0 0 0 0 0 0 0 0 0 0 0 0 0 0 0 0 0 0 0 0 0 3.37374e-07 0.000156699 0.000143773 0.00160444 0.00913533 0.00529958 0.000334219 0.000165449 0.000289247 0.00033592 0.000351744 0.000359245 9.10665e-05 0.000930248 0.00259454 0.00319053 0.000552325 0.000153337 7.76122e-06 0 0 0 0 0 0 0 0 0 0 0 0 0 0 0 0 0 0 0 0 0 0 0 0 

